Current Evaluation = 10000000(10000060)
Front Size = 32
1 19 13 14 22 1 4 24 11 16 14 2.70999124060388841 6 12 7 16 15 8 8 24 6.96245171630185755 4 26 4 14 6 4 13 25 4 8.19082197546958923 89.0504329004328952 
14 13 7 15 24 13 14 20 2.70999124060388841 2 31 6.96245171630185755 2 1 3 4.94126535182462057 30 5 16 24 12 3 15 11 13 30 9.82524131762891173 1 24 8 7.76559585332870483 101.466293735169245 
3 31 12 17 5 2.70999124060388841 6 26 7 16 15 2 8 30 4 9.25570237641795579 33 3.84646942076222631 2 24 12 1 15 8 4 20 13 14 30 9.82524131762891173 8.82162982225418091 78.2312392426850352 
3 6 1 14 20 2.70999124060388841 17 9 2 12 28 8 14 16 1 14 24 3 13 2 9 14 25 3 15 30 6 16 5 4 8.56553709506988525 85.0722222222222229 
14 24 2 16 30 2 3 14 12 3.36768017929769181 15 1 4 2 1 13 1 6 14 32 2 6 31 4 4 17 12 13 12 13 8.44119596481323242 87.1555555555555657 
2 2 13 4 19 9 9 6 4 6 18 12 3.36768017929769181 1 6.96245171630185755 16 15 6 16 15 2 13 12 10 10 25 2 14 31 12 9.21467387676239014 72.6439040051697731 
14 30 2 12 6 3 10 21 1 6 18 12 3.36768017929769181 1 6.96245171630185755 5 22 8 16 15 2 12 29 7 10 25 2 14 31 12 11.8981679379940033 39.2388000888000903 
16 6 2.70999124060388841 8 14 4 1 24 6 13 18 9 14 5 11 12 30 7 16 28 13 1 16 11 13 30 10 9 1 5 8.80580496788024902 80.914285714285711 
16 2 2 9 4 10 10 21 1 6 18 12 3.36768017929769181 1 6.96245171630185755 5 22 8 16 15 2 12 29 7 10 25 2 14 31 12 14.9292868971824646 29.5820512820512782 
2 2 13 9 14 3 8 30 2 6 18 12 3.36768017929769181 1 6.96245171630185755 15 32 9 16 15 2 1 31 12 10 25 2 14 31 12 9.33285892009735107 69.0573000651292261 
2 2 13 3 25 3 13 26 12 6 18 12 3.36768017929769181 1 6.96245171630185755 14 32 4 16 15 2 12 29 7 10 25 2 14 31 12 9.72103485465049744 55.628654400389479 
2 2 13 4 23 4 10 21 1 6 18 12 3.36768017929769181 1 6.96245171630185755 5 22 8 16 15 2 12 29 7 10 25 2 14 31 12 13.1097279191017151 30.9784361408729474 
2 2 13 4 5 4 9 30 3 6 18 12 3.36768017929769181 1 6.96245171630185755 5 22 8 16 15 2 12 29 7 10 25 2 14 31 12 11.1031897664070129 40.1123726686153219 
15 1 10 1 20 2 6 24 1 14 18 11 14 2 5 2 31 2.70999124060388841 16 12 4 3 13 10 17 6 7 3 30 13 8.05270111560821533 100.441269841269829 
1 26 9 6 5 9 13 24 2 17 6 11 12 16 2.70999124060388841 6 2 6.96245171630185755 12 1 3.84646942076222631 1 20 13 6 15 3 15 12 13 8.30455195903778076 88.8603174603174608 
2 2 13 9 4 10 10 21 1 6 18 12 3.36768017929769181 1 6.96245171630185755 5 22 8 16 15 2 12 29 7 10 25 2 14 31 12 15.115693986415863 29.0215013065994327 
2 2 13 4 6 4 10 21 1 6 18 12 3.36768017929769181 1 6.96245171630185755 5 22 8 16 15 2 12 29 7 10 25 2 14 31 12 12.5445860028266907 31.053713329378116 
2 2 13 10 6 11 4 20 4 6 18 12 3.36768017929769181 1 6.96245171630185755 4 6 6 16 15 2 12 29 7 10 25 2 14 31 12 10.2395848631858826 52.4171995902908847 
2 2 13 4 12 1 1 30 2 6 18 12 3.36768017929769181 1 6.96245171630185755 5 22 8 16 15 2 12 29 7 10 25 2 14 31 12 10.8534448146820068 45.8070320932936994 
12 2 7 14 6 13 10 21 1 6 18 12 3.36768017929769181 1 6.96245171630185755 5 22 8 16 15 2 12 29 7 10 25 2 14 31 12 12.2512748837471008 34.7140849488675514 
1 24 2 3 5 5 14 1 13 6 18 12 3.36768017929769181 1 6.96245171630185755 17 30 13 16 15 2 12 29 7 10 25 2 14 31 12 9.33377671241760254 61.2923885887019182 
2 2 13 12 7 7 15 32 8 6 18 12 3.36768017929769181 1 6.96245171630185755 8 6 4 16 15 2 12 29 7 13 25 1 14 31 12 10.0135858654975891 55.5130258320454431 
2 2 13 9 4 10 10 21 1 6 18 12 3.36768017929769181 1 6.96245171630185755 9 19 9 16 15 2 12 29 7 10 25 2 14 31 12 14.4784509539604187 30.0249201172833722 
2 2 13 12 25 3 14 26 13 6 18 12 3.36768017929769181 1 6.96245171630185755 5 22 8 16 15 2 12 29 7 10 25 2 14 31 12 10.8671997785568237 44.0739506869941593 
2 2 13 9 4 10 10 21 1 6 18 12 3.36768017929769181 1 6.96245171630185755 11 24 4 16 15 2 12 29 7 10 25 2 14 31 12 14.6384690403938293 29.9006576649351601 
14 3 2 16 28 6 3 2 1 1 30 7 4 6 2.70999124060388841 9.25570237641795579 26 6 14 20 3 15 24 6 6 5 4 2 30 5 8.73897218704223633 83.9333333333333371 
2 2 13 3.36768017929769181 5 6 1 28 11 6 18 12 3.36768017929769181 1 6.96245171630185755 5 22 8 16 15 2 12 29 7 10 25 2 14 31 12 11.7680417895317078 39.3245944327419963 
2 2 13 9 24 7 10 21 1 6 18 12 3.36768017929769181 1 6.96245171630185755 15 22 9 16 15 2 12 29 7 10 25 2 14 31 12 12.0871639251708984 36.7206358830439754 
2 2 13 9 4 10 10 21 1 6 18 12 3.36768017929769181 1 6.96245171630185755 4 6 9 16 15 2 12 29 7 10 25 2 14 31 12 13.9611010551452637 30.7483122543023555 
14 3 4 16 1 7 12 31 13 8 15 2 1 26 12 15 24 4 12 20 13 4 32 3 12 6 12 12 31 12 8.15870684385299683 99.7619047619047592 
2 2 13 12 6 4 14 11 13 6 18 12 3.36768017929769181 1 6.96245171630185755 5 22 8 16 15 2 9 26 2 10 25 2 14 31 12 10.2783147096633911 46.5455387821702899 
12 24 13 3 31 7 6 32 8 17 15 9 16 25 12 13 2 4 1 25 2 6 6 9 13 9 6 3 18 2 8.16450601816177368 91.9452380952380963 

Current Evaluation = 20000000(20000120)
Front Size = 38
14 13 7 15 24 13 14 20 2.70999124060388841 2 31 6.96245171630185755 2 1 3 4.94126535182462057 30 5 16 24 12 3 15 11 13 30 9.82524131762891173 1 24 8 7.76559585332870483 101.466293735169245 
3 31 12 17 5 2.70999124060388841 6 26 7 16 15 2 8 30 4 9.25570237641795579 33 3.84646942076222631 2 24 12 1 15 8 4 20 13 14 30 9.82524131762891173 8.82162982225418091 78.2312392426850352 
2 2 13 4 19 9 9 6 4 6 18 12 3.36768017929769181 1 6.96245171630185755 16 15 6 16 15 2 13 12 10 10 25 2 14 31 12 9.21467387676239014 72.6439040051697731 
15 1 10 1 20 2 6 24 1 14 18 11 14 2 5 2 31 2.70999124060388841 16 12 4 3 13 10 17 6 7 3 30 13 8.05270111560821533 100.441269841269829 
12 25 2 14 30 3 17 3 9 18 26 1 10 6 1 3.36768017929769181 24 6.96245171630185755 4 31 13 14 30 2 1 1 7 8 24 2 9.09358525276184082 74.5732026143790847 
3 25 4 13 30 11 6 6 9 16 24 2 14 20 4 15 23 4 15 26 8 6 18 7 17 30 4 14 5.34074699537910114 1 7.46097198128700256 105.113538748832866 
17 24 7 14 12 11 13 31 9 12 25 2.70999124060388841 9 6 6.96245171630185755 5 32 8 4.94126535182462057 15 6 8 24 12 17 18 4 15 20 2 8.48300999402999878 79.4989293704058753 
2 2 13 9 26 9 17 20 9 6 18 12 3.36768017929769181 1 6.96245171630185755 5 22 8 16 15 2 3.36768017929769181 6 12 10 25 2 14 31 12 9.95480173826217651 53.2892424727137168 
2 2 13 14 3 3 15 30 7 6 18 12 3.36768017929769181 1 6.96245171630185755 12 6 9 16 15 2 12 29 7 10 25 2 14 31 12 9.65186583995819092 57.2063865680079928 
12 24 11 14 31 6 1 32 7 2 1 2 17 6 10 15 16 4 1 32 2 3 8 2.70999124060388841 15 26 5 14 25 3 8.14182412624359131 88.5619047619047706 
6 6 1 9 7 13 4 15 6 14 25 2.70999124060388841 17 8 7 15 1 6 14 6 9 6 32 12 14 5 11 8 31 4 8.4102129340171814 85.6285714285714192 
16 2 2 10 20 5 12 24 1 6 18 12 3.36768017929769181 1 6.96245171630185755 5 22 8 16 15 2 12 29 7 10 25 2 14 31 12 11.3064047694206238 33.145565750674443 
16 2 2 12 6 9 10 21 1 6 18 12 3.36768017929769181 1 6.96245171630185755 5 22 8 16 15 2 13 32 13 10 25 2 14 31 12 11.4171138405799866 31.7580849859057039 
16 15 11 6 6 4 9 1 6 3 16 9 16 15 4 14 2 2.70999124060388841 9.25570237641795579 8.22565314501180467 7 2 26 2 15 31 13 12 20 4 9.03095686435699463 76.0514492753623159 
16 2 2 15 20 13 15 24 1 6 18 12 3.36768017929769181 1 6.96245171630185755 4 30 4 16 15 2 12 29 7 10 25 2 14 31 12 9.66234272718429565 53.740193802537469 
16 2 2 6 1 9 14 30 8 6 18 12 3.36768017929769181 1 6.96245171630185755 5 22 8 16 15 2 6 20 13 10 25 2 14 31 12 9.296730637550354 58.6752833948262023 
16 2 2 4 20 10 1 12 13 6 18 12 3.36768017929769181 1 6.96245171630185755 5 22 8 16 15 2 12 29 7 10 25 2 14 31 12 10.6544406414031982 34.832909367508762 
16 2 2 13 20 1 4 6 10 6 18 12 3.36768017929769181 1 6.96245171630185755 5 22 8 16 15 2 12 29 7 10 25 2 14 31 12 10.6463437080383301 40.5555371366594315 
16 2 2 4 6 3 10 21 1 6 18 12 3.36768017929769181 1 6.96245171630185755 5 22 8 16 15 2 12 29 7 10 25 2 14 31 12 12.4781789183616638 27.238693985937573 
16 2 2 11 24 9 10 21 1 6 18 12 3.36768017929769181 1 6.96245171630185755 5 22 8 16 15 2 12 29 7 10 25 2 14 31 12 12.9794988036155701 26.129401849235272 
16 2 2 9 6 10 10 21 1 6 18 12 3.36768017929769181 1 6.96245171630185755 5 22 8 16 15 2 12 29 7 10 25 2 14 31 12 12.6242648959159851 26.1372727272727268 
16 2 2 15 32 4 2 26 5 6 18 12 3.36768017929769181 1 6.96245171630185755 13 26 5 16 15 2 12 29 7 10 25 2 14 31 12 9.68847578763961792 53.6993304774588083 
16 2 2 9 26 4 10 21 1 6 18 12 3.36768017929769181 1 6.96245171630185755 5 22 8 16 15 2 9 19 9 10 25 2 14 31 12 12.0378147959709167 29.6049446372112044 
16 2 2 4 6 4 10 21 1 6 18 12 3.36768017929769181 1 6.96245171630185755 5 22 8 16 15 2 12 29 7 10 25 2 14 31 12 12.3581789135932922 28.5581306592830977 
16 2 2 4 32 4 13 30 7 6 18 12 3.36768017929769181 1 6.96245171630185755 4 6 2 16 15 2 12 29 7 10 25 2 14 31 12 9.31047672033309937 58.4545249005031238 
16 2 2 9 4 10 10 21 1 6 18 12 3.36768017929769181 1 6.96245171630185755 5 22 8 16 15 2 4 23 9 10 25 2 14 31 12 14.3789097666740417 25.8212842712842736 
6 20 2.70999124060388841 12 12 11 16 26 9 1 32 9 4 6 6.96245171630185755 4.94126535182462057 31 13 13 1 7 16 23 2 15 15 1 3 6 2 8.13788485527038574 90.6079365079365004 
4 1 10 15 19 8 12 26 2 1 20 11 17 16 12 17 18 2.70999124060388841 6 6 7 14 31 12 1 20 3 14 16 13 8.40413182973861694 88.4079365079365118 
1 26 3 12 31 13 13 24 4 4 5 12 2 30 11 14 32 4 2 15 2.70999124060388841 3 6 3 16 19 10 4 8 2 8.63003084063529968 78.8904761904761926 
16 2 2 4 19 1 14 5.34074699537910114 13 6 18 12 3.36768017929769181 1 6.96245171630185755 5 22 8 16 15 2 12 29 7 10 25 2 14 31 12 11.0807837247848511 33.667939435737523 
16 2 2 9 4 10 10 21 1 6 18 12 3.36768017929769181 1 6.96245171630185755 5 22 8 1 32 13 12 29 7 10 25 2 14 31 12 14.8266999125480652 24.9225186799605396 
16 2 2 12 6 9 8 12 3 6 18 12 3.36768017929769181 1 6.96245171630185755 5 22 8 16 15 2 6 9 10 10 25 2 14 31 12 9.90595364570617676 53.3903810445716687 
16 2 2 13 1 5 1 11 13 6 18 12 3.36768017929769181 1 6.96245171630185755 1 6 13 16 15 2 12 29 7 10 25 2 14 31 12 9.95704877376556396 51.0866198264826252 
16 2 2 2 30 13 1 32 11 6 18 12 3.36768017929769181 1 6.96245171630185755 10 6 5 16 15 2 12 29 7 10 25 2 14 31 12 10.1838667392730713 41.1711822021122416 
16 2 2 4 6 7 10 21 1 6 18 12 3.36768017929769181 1 6.96245171630185755 5 22 8 16 15 2 12 29 7 10 25 2 14 31 12 12.3781788945198059 27.7641721753159629 
16 2 2 3.36768017929769181 1 3 15 6 4 6 18 12 3.36768017929769181 1 6.96245171630185755 5 22 8 16 15 2 12 16.1354543567662532 2 10 25 2 14 31 12 10.140946626663208 50.0585375765789635 
16 2 2 9 4 10 10 21 1 6 18 12 3.36768017929769181 1 6.96245171630185755 5 22 8 16 15 2 12 29 7 10 25 2 14 31 12 14.9292868971824646 23.236485267737482 
16 2 2 3.36768017929769181 20 6 1 8 13 6 18 12 3.36768017929769181 1 6.96245171630185755 5 22 8 16 15 2 12 29 7 10 25 2 14 31 12 11.230532705783844 33.5843477089556615 

Current Evaluation = 30000000(30000040)
Front Size = 24
14 13 7 15 24 13 14 20 2.70999124060388841 2 31 6.96245171630185755 2 1 3 4.94126535182462057 30 5 16 24 12 3 15 11 13 30 9.82524131762891173 1 24 8 7.76559585332870483 101.466293735169245 
3 25 4 13 30 11 6 6 9 16 24 2 14 20 4 15 23 4 15 26 8 6 18 7 17 30 4 14 5.34074699537910114 1 7.46097198128700256 105.113538748832866 
17 24 7 14 12 11 13 31 9 12 25 2.70999124060388841 9 6 6.96245171630185755 5 32 8 4.94126535182462057 15 6 8 24 12 17 18 4 15 20 2 8.48300999402999878 79.4989293704058753 
16 2 2 10 20 5 12 24 1 6 18 12 3.36768017929769181 1 6.96245171630185755 5 22 8 16 15 2 12 29 7 10 25 2 14 31 12 11.3064047694206238 33.145565750674443 
1 26 3 12 31 13 13 24 4 4 5 12 2 30 11 14 32 4 2 15 2.70999124060388841 3 6 3 16 19 10 4 8 2 8.63003084063529968 78.8904761904761926 
16 2 2 9 4 10 10 21 1 6 18 12 3.36768017929769181 1 6.96245171630185755 5 22 8 1 32 13 12 29 7 10 25 2 14 31 12 14.8266999125480652 24.9225186799605396 
16 2 2 2 30 13 1 32 11 6 18 12 3.36768017929769181 1 6.96245171630185755 10 6 5 16 15 2 12 29 7 10 25 2 14 31 12 10.1838667392730713 41.1711822021122416 
16 2 2 9 4 10 10 21 1 6 18 12 3.36768017929769181 1 6.96245171630185755 5 22 8 16 15 2 12 29 7 10 25 2 14 31 12 14.9292868971824646 23.236485267737482 
16 9 2.70999124060388841 15 20 10 4 24 10 14 31 12 17 26 6.96245171630185755 2 32 12 4 24 11 6 5 13 14 32 3 1 18 9 7.88528192043304443 85.8007936507936506 
16 2 2 3 20 9 15 31 4 6 18 12 3.36768017929769181 1 6.96245171630185755 5 22 8 16 15 2 4 26 9 10 25 2 14 31 12 9.51730972528457642 49.9998609938715433 
16 2 2 4 6 9 10 21 1 6 18 12 3.36768017929769181 1 6.96245171630185755 5 22 8 16 15 2 12 29 7 10 25 2 14 31 12 12.3301548957824707 27.4381461739830073 
16 2 2 4 24 10 1 32 8 6 18 12 3.36768017929769181 1 6.96245171630185755 5 22 8 16 15 2 12 29 7 10 25 2 14 31 12 10.6913387179374695 33.4833176709276401 
16 2 2 12 20 4 2 32 11 6 18 12 3.36768017929769181 1 6.96245171630185755 14 31 11 16 15 2 12 29 7 3.36768017929769181 24 11 14 31 12 9.22076588869094849 55.5161726233252324 
16 2 2 4 6 4 10 21 1 6 18 12 3.36768017929769181 1 6.96245171630185755 5 22 8 16 15 2 12 29 7 10 25 2 14 31 12 12.3581789135932922 27.2914929261685728 
16 2 2 9 26 10 10 21 1 6 18 12 3.36768017929769181 1 6.96245171630185755 5 22 8 16 15 2 12 29 7 10 25 2 14 31 12 12.7099838852882385 25.4155341077399868 
9 26 10 2 32 2.70999124060388841 15 20 2 10 24 8 16 30 13 4 6 3 3 25 9 14 26 9 3 16 6.96245171630185755 6 9 2 8.77558490633964539 72.5498412698412665 
3 5 4 17 30 8 14 18 2.70999124060388841 4 26 12 6 6 6.96245171630185755 10 30 8 12 26 8 9 15 4 14 25 7 4.94126535182462057 24 9.82524131762891173 8.25945186614990234 81.0075702075702111 
16 2 2 4 20 7 1 33 8 6 18 12 3.36768017929769181 1 6.96245171630185755 5 22 8 16 15 2 12 29 7 10 25 2 14 31 12 11.4036106467247009 29.6830064369941162 
16 2 2 9 4 10 10 21 1 6 18 12 3.36768017929769181 1 6.96245171630185755 5 22 8 16 15 2 11 6 9 10 25 2 14 31 12 14.421276867389679 25.3625787649043488 
16 2 2 15 1 13 14 30 11 6 18 12 3.36768017929769181 1 6.96245171630185755 5 22 8 16 15 2 3 30 6 4 19 9 14 31 12 9.18999373912811279 66.7142523143403565 
16 2 2 12 26 4 10 5.34074699537910114 13 6 18 12 3.36768017929769181 1 6.96245171630185755 5 22 8 16 15 2 12 29 7 10 25 2 14 31 12 11.4079447388648987 28.5955016932958088 
16 2 2 3.36768017929769181 31 9 14 12 11 6 18 12 3.36768017929769181 1 6.96245171630185755 5 22 8 16 15 2 12 29 7 10 25 2 14 31 12 10.4592996835708618 34.5259503337333484 
16 2 2 9 12 5 1 32 2.70999124060388841 6 18 12 3.36768017929769181 1 6.96245171630185755 6 16.1354543567662532 10 16 15 2 12 29 7 10 25 2 14 31 12 10.0696287155151367 49.5600087854544356 
16 2 2 4 24 9 10 21 1 6 18 12 3.36768017929769181 1 6.96245171630185755 5 22 8 16 15 2 12 29 7 10 25 2 14 31 12 12.371989905834198 25.8266598944272801 

Current Evaluation = 40000000(40000100)
Front Size = 32
14 13 7 15 24 13 14 20 2.70999124060388841 2 31 6.96245171630185755 2 1 3 4.94126535182462057 30 5 16 24 12 3 15 11 13 30 9.82524131762891173 1 24 8 7.76559585332870483 101.466293735169245 
3 25 4 13 30 11 6 6 9 16 24 2 14 20 4 15 23 4 15 26 8 6 18 7 17 30 4 14 5.34074699537910114 1 7.46097198128700256 105.113538748832866 
17 24 7 14 12 11 13 31 9 12 25 2.70999124060388841 9 6 6.96245171630185755 5 32 8 4.94126535182462057 15 6 8 24 12 17 18 4 15 20 2 8.48300999402999878 79.4989293704058753 
1 26 3 12 31 13 13 24 4 4 5 12 2 30 11 14 32 4 2 15 2.70999124060388841 3 6 3 16 19 10 4 8 2 8.63003084063529968 78.8904761904761926 
16 2 2 2 30 13 1 32 11 6 18 12 3.36768017929769181 1 6.96245171630185755 10 6 5 16 15 2 12 29 7 10 25 2 14 31 12 10.1838667392730713 41.1711822021122416 
16 2 2 9 4 10 10 21 1 6 18 12 3.36768017929769181 1 6.96245171630185755 5 22 8 16 15 2 12 29 7 10 25 2 14 31 12 14.9292868971824646 23.236485267737482 
16 9 2.70999124060388841 15 20 10 4 24 10 14 31 12 17 26 6.96245171630185755 2 32 12 4 24 11 6 5 13 14 32 3 1 18 9 7.88528192043304443 85.8007936507936506 
16 2 2 3 20 9 15 31 4 6 18 12 3.36768017929769181 1 6.96245171630185755 5 22 8 16 15 2 4 26 9 10 25 2 14 31 12 9.51730972528457642 49.9998609938715433 
16 2 2 4 6 9 10 21 1 6 18 12 3.36768017929769181 1 6.96245171630185755 5 22 8 16 15 2 12 29 7 10 25 2 14 31 12 12.3301548957824707 27.4381461739830073 
16 2 2 4 24 10 1 32 8 6 18 12 3.36768017929769181 1 6.96245171630185755 5 22 8 16 15 2 12 29 7 10 25 2 14 31 12 10.6913387179374695 33.4833176709276401 
16 2 2 12 20 4 2 32 11 6 18 12 3.36768017929769181 1 6.96245171630185755 14 31 11 16 15 2 12 29 7 3.36768017929769181 24 11 14 31 12 9.22076588869094849 55.5161726233252324 
16 2 2 4 6 4 10 21 1 6 18 12 3.36768017929769181 1 6.96245171630185755 5 22 8 16 15 2 12 29 7 10 25 2 14 31 12 12.3581789135932922 27.2914929261685728 
16 2 2 9 26 10 10 21 1 6 18 12 3.36768017929769181 1 6.96245171630185755 5 22 8 16 15 2 12 29 7 10 25 2 14 31 12 12.7099838852882385 25.4155341077399868 
9 26 10 2 32 2.70999124060388841 15 20 2 10 24 8 16 30 13 4 6 3 3 25 9 14 26 9 3 16 6.96245171630185755 6 9 2 8.77558490633964539 72.5498412698412665 
3 5 4 17 30 8 14 18 2.70999124060388841 4 26 12 6 6 6.96245171630185755 10 30 8 12 26 8 9 15 4 14 25 7 4.94126535182462057 24 9.82524131762891173 8.25945186614990234 81.0075702075702111 
16 2 2 4 20 7 1 33 8 6 18 12 3.36768017929769181 1 6.96245171630185755 5 22 8 16 15 2 12 29 7 10 25 2 14 31 12 11.4036106467247009 29.6830064369941162 
16 2 2 9 4 10 10 21 1 6 18 12 3.36768017929769181 1 6.96245171630185755 5 22 8 16 15 2 11 6 9 10 25 2 14 31 12 14.421276867389679 25.3625787649043488 
16 2 2 15 1 13 14 30 11 6 18 12 3.36768017929769181 1 6.96245171630185755 5 22 8 16 15 2 3 30 6 4 19 9 14 31 12 9.18999373912811279 66.7142523143403565 
16 2 2 12 26 4 10 5.34074699537910114 13 6 18 12 3.36768017929769181 1 6.96245171630185755 5 22 8 16 15 2 12 29 7 10 25 2 14 31 12 11.4079447388648987 28.5955016932958088 
16 2 2 3.36768017929769181 31 9 14 12 11 6 18 12 3.36768017929769181 1 6.96245171630185755 5 22 8 16 15 2 12 29 7 10 25 2 14 31 12 10.4592996835708618 34.5259503337333484 
16 2 2 4 24 9 10 21 1 6 18 12 3.36768017929769181 1 6.96245171630185755 5 22 8 16 15 2 12 29 7 10 25 2 14 31 12 12.371989905834198 25.8266598944272801 
3.36768017929769181 24 3 10 6 4 1 30 6.96245171630185755 13 26 4 1 25 3.84646942076222631 14 5 2 4 1 8 14 32 3 17 1 9 12 26 8 7.88340097665786743 96.9634920634920547 
1 6 2 14 18 7 3.36768017929769181 3 3 4 15 13 6 16 6 16 5 12 14 1 9 2 9 10 15 8 9 9 32 4 8.91439977288246155 71.99444444444444 
16 2 2 13 32 9 14 14 10 6 18 12 3.36768017929769181 1 6.96245171630185755 1 30 4 16 15 2 12 29 7 10 25 2 14 31 12 9.26257377862930298 53.8133027180701689 
14 15 10 12 1 2.70999124060388841 3 5 8 9.25570237641795579 26 12 15 31 4 14 1 8 6 19 5 16 18 2 13 13 13 4 6 12 8.67052984237670898 77.2493506493506459 
16 2 2 15 30 8 2 24 13 6 18 12 3.36768017929769181 1 6.96245171630185755 13 19 7 16 15 2 12 29 7 10 25 2 14 31 12 9.99685472249984741 41.6676308432680926 
16 2 2 3.36768017929769181 20 9 8 9 9 14 32 9 3.36768017929769181 1 6.96245171630185755 14 24 6.96245171630185755 16 15 2 12 29 7 10 25 2 14 31 12 9.16201585531234741 67.7484235042990832 
15 32 11 10 24 1 6 32 11 17 18 2 1 32 7 9 6 3 6 1 10 4 14 3 15 20 5 17 16 2 8.97395783662796021 68.0666666666666771 
12 30 10 14 1 7 16 19 12 10 15 9 3 20 13 4 24 1 3 16 9 6 19 2 15 32 11 2 9 5 9.21063196659088135 66.2523809523809604 
16 2 2 9 4 10 10 21 1 6 18 12 3.36768017929769181 1 6.96245171630185755 5 22 8 1 32 12 12 29 7 10 25 2 14 31 12 14.8266999125480652 24.9023256095469705 
16 2 2 12 5 5 15 32 8 6 18 12 3.36768017929769181 1 6.96245171630185755 5 22 8 16 15 2 12 29 7 10 25 2 14 31 12 10.9968196749687195 33.0246804919509884 
16 2 2 3 6 10 2 13 11 6 18 12 3.36768017929769181 1 6.96245171630185755 5 22 8 16 15 2 12 29 7 10 25 2 14 31 12 11.1869296431541443 31.1473695176750134 

Current Evaluation = 50000000(50000020)
Front Size = 37
14 13 7 15 24 13 14 20 2.70999124060388841 2 31 6.96245171630185755 2 1 3 4.94126535182462057 30 5 16 24 12 3 15 11 13 30 9.82524131762891173 1 24 8 7.76559585332870483 101.466293735169245 
3 25 4 13 30 11 6 6 9 16 24 2 14 20 4 15 23 4 15 26 8 6 18 7 17 30 4 14 5.34074699537910114 1 7.46097198128700256 105.113538748832866 
17 24 7 14 12 11 13 31 9 12 25 2.70999124060388841 9 6 6.96245171630185755 5 32 8 4.94126535182462057 15 6 8 24 12 17 18 4 15 20 2 8.48300999402999878 79.4989293704058753 
1 26 3 12 31 13 13 24 4 4 5 12 2 30 11 14 32 4 2 15 2.70999124060388841 3 6 3 16 19 10 4 8 2 8.63003084063529968 78.8904761904761926 
16 2 2 2 30 13 1 32 11 6 18 12 3.36768017929769181 1 6.96245171630185755 10 6 5 16 15 2 12 29 7 10 25 2 14 31 12 10.1838667392730713 41.1711822021122416 
16 2 2 9 4 10 10 21 1 6 18 12 3.36768017929769181 1 6.96245171630185755 5 22 8 16 15 2 12 29 7 10 25 2 14 31 12 14.9292868971824646 23.236485267737482 
16 9 2.70999124060388841 15 20 10 4 24 10 14 31 12 17 26 6.96245171630185755 2 32 12 4 24 11 6 5 13 14 32 3 1 18 9 7.88528192043304443 85.8007936507936506 
16 2 2 3 20 9 15 31 4 6 18 12 3.36768017929769181 1 6.96245171630185755 5 22 8 16 15 2 4 26 9 10 25 2 14 31 12 9.51730972528457642 49.9998609938715433 
16 2 2 4 6 9 10 21 1 6 18 12 3.36768017929769181 1 6.96245171630185755 5 22 8 16 15 2 12 29 7 10 25 2 14 31 12 12.3301548957824707 27.4381461739830073 
16 2 2 4 24 10 1 32 8 6 18 12 3.36768017929769181 1 6.96245171630185755 5 22 8 16 15 2 12 29 7 10 25 2 14 31 12 10.6913387179374695 33.4833176709276401 
16 2 2 12 20 4 2 32 11 6 18 12 3.36768017929769181 1 6.96245171630185755 14 31 11 16 15 2 12 29 7 3.36768017929769181 24 11 14 31 12 9.22076588869094849 55.5161726233252324 
16 2 2 4 6 4 10 21 1 6 18 12 3.36768017929769181 1 6.96245171630185755 5 22 8 16 15 2 12 29 7 10 25 2 14 31 12 12.3581789135932922 27.2914929261685728 
16 2 2 9 26 10 10 21 1 6 18 12 3.36768017929769181 1 6.96245171630185755 5 22 8 16 15 2 12 29 7 10 25 2 14 31 12 12.7099838852882385 25.4155341077399868 
9 26 10 2 32 2.70999124060388841 15 20 2 10 24 8 16 30 13 4 6 3 3 25 9 14 26 9 3 16 6.96245171630185755 6 9 2 8.77558490633964539 72.5498412698412665 
3 5 4 17 30 8 14 18 2.70999124060388841 4 26 12 6 6 6.96245171630185755 10 30 8 12 26 8 9 15 4 14 25 7 4.94126535182462057 24 9.82524131762891173 8.25945186614990234 81.0075702075702111 
16 2 2 15 1 13 14 30 11 6 18 12 3.36768017929769181 1 6.96245171630185755 5 22 8 16 15 2 3 30 6 4 19 9 14 31 12 9.18999373912811279 66.7142523143403565 
16 2 2 3.36768017929769181 31 9 14 12 11 6 18 12 3.36768017929769181 1 6.96245171630185755 5 22 8 16 15 2 12 29 7 10 25 2 14 31 12 10.4592996835708618 34.5259503337333484 
16 2 2 4 24 9 10 21 1 6 18 12 3.36768017929769181 1 6.96245171630185755 5 22 8 16 15 2 12 29 7 10 25 2 14 31 12 12.371989905834198 25.8266598944272801 
3.36768017929769181 24 3 10 6 4 1 30 6.96245171630185755 13 26 4 1 25 3.84646942076222631 14 5 2 4 1 8 14 32 3 17 1 9 12 26 8 7.88340097665786743 96.9634920634920547 
1 6 2 14 18 7 3.36768017929769181 3 3 4 15 13 6 16 6 16 5 12 14 1 9 2 9 10 15 8 9 9 32 4 8.91439977288246155 71.99444444444444 
16 2 2 13 32 9 14 14 10 6 18 12 3.36768017929769181 1 6.96245171630185755 1 30 4 16 15 2 12 29 7 10 25 2 14 31 12 9.26257377862930298 53.8133027180701689 
14 15 10 12 1 2.70999124060388841 3 5 8 9.25570237641795579 26 12 15 31 4 14 1 8 6 19 5 16 18 2 13 13 13 4 6 12 8.67052984237670898 77.2493506493506459 
16 2 2 15 30 8 2 24 13 6 18 12 3.36768017929769181 1 6.96245171630185755 13 19 7 16 15 2 12 29 7 10 25 2 14 31 12 9.99685472249984741 41.6676308432680926 
16 2 2 3.36768017929769181 20 9 8 9 9 14 32 9 3.36768017929769181 1 6.96245171630185755 14 24 6.96245171630185755 16 15 2 12 29 7 10 25 2 14 31 12 9.16201585531234741 67.7484235042990832 
15 32 11 10 24 1 6 32 11 17 18 2 1 32 7 9 6 3 6 1 10 4 14 3 15 20 5 17 16 2 8.97395783662796021 68.0666666666666771 
12 30 10 14 1 7 16 19 12 10 15 9 3 20 13 4 24 1 3 16 9 6 19 2 15 32 11 2 9 5 9.21063196659088135 66.2523809523809604 
16 2 2 9 4 10 10 21 1 6 18 12 3.36768017929769181 1 6.96245171630185755 5 22 8 1 32 12 12 29 7 10 25 2 14 31 12 14.8266999125480652 24.9023256095469705 
16 2 2 18 19 6 10 21 1 6 18 12 3.36768017929769181 1 6.96245171630185755 5 22 8 16 15 2 12 29 7 10 25 2 14 31 12 13.7173518538475037 25.2413957085077563 
3 26 10 3.36768017929769181 20 11 16 24 2 2 20 12 17 30 3 14 24 11 13 6 6.96245171630185755 15 15 10 13 31 9 14 15 11 7.4509660005569458 106.338528138528133 
16 2 2 1 31 12 2 13 13 6 18 12 3.36768017929769181 1 6.96245171630185755 4 6 9 16 15 2 12 29 7 10 25 2 14 31 12 10.0426638126373291 41.4800378504843437 
16 2 2 14 24 11 10 21 1 6 18 12 3.36768017929769181 1 6.96245171630185755 9 6 4 16 15 2 12 29 7 10 25 2 14 31 12 11.3525769710540771 27.8390781180653271 
16 2 2 9 4 10 10 21 1 6 18 12 3.36768017929769181 1 6.96245171630185755 5 22 8 16 15 2 4 23 9 10 25 2 14 31 12 14.3789097666740417 25.2260702060702044 
16 2 2 12 1 4 14 13 8 6 18 12 3.36768017929769181 1 6.96245171630185755 5 22 8 16 15 2 1 18 4 10 25 2 14 31 12 9.95871478319168091 47.5323337492944589 
16 2 2 9 26 9 1 5.34074699537910114 11 6 18 12 3.36768017929769181 1 6.96245171630185755 5 22 8 16 15 2 12 29 7 10 25 2 14 31 12 10.9562757015228271 29.0182128873605123 
16 2 2 1 31 12 12 26 1 6 18 12 3.36768017929769181 1 6.96245171630185755 8 20 7 16 15 2 1 15 12 10 25 2 14 31 12 9.1245046854019165 67.9439884402869012 
13 33 8 3 20 1 9 24 4 16 30 8 14 6 3 6 24 13 15 26 5 4 20 3 12 9 9 17 15 13 8.72498798370361328 76.9666666666666686 
16 2 2 15 24 11 4 25 6 6 18 12 3.36768017929769181 1 6.96245171630185755 5 22 8 16 15 2 12 29 7 10 25 2 14 31 12 10.8066576719284058 32.4060961005788641 

Current Evaluation = 60000000(60000080)
Front Size = 38
14 13 7 15 24 13 14 20 2.70999124060388841 2 31 6.96245171630185755 2 1 3 4.94126535182462057 30 5 16 24 12 3 15 11 13 30 9.82524131762891173 1 24 8 7.76559585332870483 101.466293735169245 
3 25 4 13 30 11 6 6 9 16 24 2 14 20 4 15 23 4 15 26 8 6 18 7 17 30 4 14 5.34074699537910114 1 7.46097198128700256 105.113538748832866 
16 2 2 2 30 13 1 32 11 6 18 12 3.36768017929769181 1 6.96245171630185755 10 6 5 16 15 2 12 29 7 10 25 2 14 31 12 10.1838667392730713 41.1711822021122416 
16 2 2 9 4 10 10 21 1 6 18 12 3.36768017929769181 1 6.96245171630185755 5 22 8 16 15 2 12 29 7 10 25 2 14 31 12 14.9292868971824646 23.236485267737482 
16 9 2.70999124060388841 15 20 10 4 24 10 14 31 12 17 26 6.96245171630185755 2 32 12 4 24 11 6 5 13 14 32 3 1 18 9 7.88528192043304443 85.8007936507936506 
16 2 2 3 20 9 15 31 4 6 18 12 3.36768017929769181 1 6.96245171630185755 5 22 8 16 15 2 4 26 9 10 25 2 14 31 12 9.51730972528457642 49.9998609938715433 
16 2 2 4 24 10 1 32 8 6 18 12 3.36768017929769181 1 6.96245171630185755 5 22 8 16 15 2 12 29 7 10 25 2 14 31 12 10.6913387179374695 33.4833176709276401 
16 2 2 12 20 4 2 32 11 6 18 12 3.36768017929769181 1 6.96245171630185755 14 31 11 16 15 2 12 29 7 3.36768017929769181 24 11 14 31 12 9.22076588869094849 55.5161726233252324 
16 2 2 9 26 10 10 21 1 6 18 12 3.36768017929769181 1 6.96245171630185755 5 22 8 16 15 2 12 29 7 10 25 2 14 31 12 12.7099838852882385 25.4155341077399868 
9 26 10 2 32 2.70999124060388841 15 20 2 10 24 8 16 30 13 4 6 3 3 25 9 14 26 9 3 16 6.96245171630185755 6 9 2 8.77558490633964539 72.5498412698412665 
3 5 4 17 30 8 14 18 2.70999124060388841 4 26 12 6 6 6.96245171630185755 10 30 8 12 26 8 9 15 4 14 25 7 4.94126535182462057 24 9.82524131762891173 8.25945186614990234 81.0075702075702111 
16 2 2 3.36768017929769181 31 9 14 12 11 6 18 12 3.36768017929769181 1 6.96245171630185755 5 22 8 16 15 2 12 29 7 10 25 2 14 31 12 10.4592996835708618 34.5259503337333484 
16 2 2 4 24 9 10 21 1 6 18 12 3.36768017929769181 1 6.96245171630185755 5 22 8 16 15 2 12 29 7 10 25 2 14 31 12 12.371989905834198 25.8266598944272801 
3.36768017929769181 24 3 10 6 4 1 30 6.96245171630185755 13 26 4 1 25 3.84646942076222631 14 5 2 4 1 8 14 32 3 17 1 9 12 26 8 7.88340097665786743 96.9634920634920547 
1 6 2 14 18 7 3.36768017929769181 3 3 4 15 13 6 16 6 16 5 12 14 1 9 2 9 10 15 8 9 9 32 4 8.91439977288246155 71.99444444444444 
16 2 2 13 32 9 14 14 10 6 18 12 3.36768017929769181 1 6.96245171630185755 1 30 4 16 15 2 12 29 7 10 25 2 14 31 12 9.26257377862930298 53.8133027180701689 
14 15 10 12 1 2.70999124060388841 3 5 8 9.25570237641795579 26 12 15 31 4 14 1 8 6 19 5 16 18 2 13 13 13 4 6 12 8.67052984237670898 77.2493506493506459 
16 2 2 15 30 8 2 24 13 6 18 12 3.36768017929769181 1 6.96245171630185755 13 19 7 16 15 2 12 29 7 10 25 2 14 31 12 9.99685472249984741 41.6676308432680926 
16 2 2 3.36768017929769181 20 9 8 9 9 14 32 9 3.36768017929769181 1 6.96245171630185755 14 24 6.96245171630185755 16 15 2 12 29 7 10 25 2 14 31 12 9.16201585531234741 67.7484235042990832 
15 32 11 10 24 1 6 32 11 17 18 2 1 32 7 9 6 3 6 1 10 4 14 3 15 20 5 17 16 2 8.97395783662796021 68.0666666666666771 
12 30 10 14 1 7 16 19 12 10 15 9 3 20 13 4 24 1 3 16 9 6 19 2 15 32 11 2 9 5 9.21063196659088135 66.2523809523809604 
16 2 2 9 4 10 10 21 1 6 18 12 3.36768017929769181 1 6.96245171630185755 5 22 8 1 32 12 12 29 7 10 25 2 14 31 12 14.8266999125480652 24.9023256095469705 
16 2 2 18 19 6 10 21 1 6 18 12 3.36768017929769181 1 6.96245171630185755 5 22 8 16 15 2 12 29 7 10 25 2 14 31 12 13.7173518538475037 25.2413957085077563 
3 26 10 3.36768017929769181 20 11 16 24 2 2 20 12 17 30 3 14 24 11 13 6 6.96245171630185755 15 15 10 13 31 9 14 15 11 7.4509660005569458 106.338528138528133 
16 2 2 1 31 12 2 13 13 6 18 12 3.36768017929769181 1 6.96245171630185755 4 6 9 16 15 2 12 29 7 10 25 2 14 31 12 10.0426638126373291 41.4800378504843437 
16 2 2 14 24 11 10 21 1 6 18 12 3.36768017929769181 1 6.96245171630185755 9 6 4 16 15 2 12 29 7 10 25 2 14 31 12 11.3525769710540771 27.8390781180653271 
16 2 2 9 4 10 10 21 1 6 18 12 3.36768017929769181 1 6.96245171630185755 5 22 8 16 15 2 4 23 9 10 25 2 14 31 12 14.3789097666740417 25.2260702060702044 
16 2 2 9 26 9 1 5.34074699537910114 11 6 18 12 3.36768017929769181 1 6.96245171630185755 5 22 8 16 15 2 12 29 7 10 25 2 14 31 12 10.9562757015228271 29.0182128873605123 
16 2 2 1 31 12 12 26 1 6 18 12 3.36768017929769181 1 6.96245171630185755 8 20 7 16 15 2 1 15 12 10 25 2 14 31 12 9.1245046854019165 67.9439884402869012 
13 33 8 3 20 1 9 24 4 16 30 8 14 6 3 6 24 13 15 26 5 4 20 3 12 9 9 17 15 13 8.72498798370361328 76.9666666666666686 
10 1 7 11 30 7 3 5.34074699537910114 6.96245171630185755 14 6 12 6 19 12 16 22 1 14 30 13 1 20 13 4.94126535182462057 12 9 12 24 9 8.9603348970413208 71.0197543667598126 
16 2 2 9 6 6 14 20 8 6 18 12 3.36768017929769181 1 6.96245171630185755 5 22 8 16 15 2 12 29 7 10 25 2 14 31 12 10.7121496796607971 30.6649685036125739 
15 6 2.70999124060388841 3 31 3 17 19 10 16 30 8 4 24 1 12 20 1 2 25 12 6 32 5 14 2 11 1 12 4 8.41232210397720337 77.98888888888888 
16 2 2 5 30 11 10 21 1 6 18 12 3.36768017929769181 1 6.96245171630185755 9 19 9 16 15 2 12 29 7 10 25 2 14 31 12 12.3122958540916443 26.4003475474442304 
16 2 2 4 12 4 14 16 13 6 18 12 3.36768017929769181 1 6.96245171630185755 1 31 10 16 15 2 12 29 7 10 25 2 14 31 12 9.72365772724151611 42.8654848123043877 
16 2 2 14 6 7 15 32 12 6 18 12 3.36768017929769181 1 6.96245171630185755 6 15 8 16 15 2 14 18 9 10 25 2 14 31 12 8.36898970603942871 78.591273398102544 
16 2 2 3 6 7 15 32 13 6 18 12 3.36768017929769181 1 6.96245171630185755 5 22 8 16 15 2 12 29 7 10 25 2 14 31 12 10.6792966723442078 34.1596579428738991 
4 26 10 14 24 11 13 20 7 6 18 12 3.36768017929769181 1 6.96245171630185755 2 31 2 16 15 2 12 29 7 10 25 2 14 31 12 9.17295372486114502 66.3422209776022953 

Current Evaluation = 70000000(70000000)
Front Size = 39
14 13 7 15 24 13 14 20 2.70999124060388841 2 31 6.96245171630185755 2 1 3 4.94126535182462057 30 5 16 24 12 3 15 11 13 30 9.82524131762891173 1 24 8 7.76559585332870483 101.466293735169245 
3 25 4 13 30 11 6 6 9 16 24 2 14 20 4 15 23 4 15 26 8 6 18 7 17 30 4 14 5.34074699537910114 1 7.46097198128700256 105.113538748832866 
16 2 2 9 4 10 10 21 1 6 18 12 3.36768017929769181 1 6.96245171630185755 5 22 8 16 15 2 12 29 7 10 25 2 14 31 12 14.9292868971824646 23.236485267737482 
16 9 2.70999124060388841 15 20 10 4 24 10 14 31 12 17 26 6.96245171630185755 2 32 12 4 24 11 6 5 13 14 32 3 1 18 9 7.88528192043304443 85.8007936507936506 
16 2 2 3 20 9 15 31 4 6 18 12 3.36768017929769181 1 6.96245171630185755 5 22 8 16 15 2 4 26 9 10 25 2 14 31 12 9.51730972528457642 49.9998609938715433 
16 2 2 4 24 10 1 32 8 6 18 12 3.36768017929769181 1 6.96245171630185755 5 22 8 16 15 2 12 29 7 10 25 2 14 31 12 10.6913387179374695 33.4833176709276401 
16 2 2 12 20 4 2 32 11 6 18 12 3.36768017929769181 1 6.96245171630185755 14 31 11 16 15 2 12 29 7 3.36768017929769181 24 11 14 31 12 9.22076588869094849 55.5161726233252324 
16 2 2 9 26 10 10 21 1 6 18 12 3.36768017929769181 1 6.96245171630185755 5 22 8 16 15 2 12 29 7 10 25 2 14 31 12 12.7099838852882385 25.4155341077399868 
9 26 10 2 32 2.70999124060388841 15 20 2 10 24 8 16 30 13 4 6 3 3 25 9 14 26 9 3 16 6.96245171630185755 6 9 2 8.77558490633964539 72.5498412698412665 
3 5 4 17 30 8 14 18 2.70999124060388841 4 26 12 6 6 6.96245171630185755 10 30 8 12 26 8 9 15 4 14 25 7 4.94126535182462057 24 9.82524131762891173 8.25945186614990234 81.0075702075702111 
16 2 2 3.36768017929769181 31 9 14 12 11 6 18 12 3.36768017929769181 1 6.96245171630185755 5 22 8 16 15 2 12 29 7 10 25 2 14 31 12 10.4592996835708618 34.5259503337333484 
16 2 2 4 24 9 10 21 1 6 18 12 3.36768017929769181 1 6.96245171630185755 5 22 8 16 15 2 12 29 7 10 25 2 14 31 12 12.371989905834198 25.8266598944272801 
3.36768017929769181 24 3 10 6 4 1 30 6.96245171630185755 13 26 4 1 25 3.84646942076222631 14 5 2 4 1 8 14 32 3 17 1 9 12 26 8 7.88340097665786743 96.9634920634920547 
1 6 2 14 18 7 3.36768017929769181 3 3 4 15 13 6 16 6 16 5 12 14 1 9 2 9 10 15 8 9 9 32 4 8.91439977288246155 71.99444444444444 
16 2 2 13 32 9 14 14 10 6 18 12 3.36768017929769181 1 6.96245171630185755 1 30 4 16 15 2 12 29 7 10 25 2 14 31 12 9.26257377862930298 53.8133027180701689 
14 15 10 12 1 2.70999124060388841 3 5 8 9.25570237641795579 26 12 15 31 4 14 1 8 6 19 5 16 18 2 13 13 13 4 6 12 8.67052984237670898 77.2493506493506459 
16 2 2 15 30 8 2 24 13 6 18 12 3.36768017929769181 1 6.96245171630185755 13 19 7 16 15 2 12 29 7 10 25 2 14 31 12 9.99685472249984741 41.6676308432680926 
16 2 2 3.36768017929769181 20 9 8 9 9 14 32 9 3.36768017929769181 1 6.96245171630185755 14 24 6.96245171630185755 16 15 2 12 29 7 10 25 2 14 31 12 9.16201585531234741 67.7484235042990832 
15 32 11 10 24 1 6 32 11 17 18 2 1 32 7 9 6 3 6 1 10 4 14 3 15 20 5 17 16 2 8.97395783662796021 68.0666666666666771 
12 30 10 14 1 7 16 19 12 10 15 9 3 20 13 4 24 1 3 16 9 6 19 2 15 32 11 2 9 5 9.21063196659088135 66.2523809523809604 
16 2 2 9 4 10 10 21 1 6 18 12 3.36768017929769181 1 6.96245171630185755 5 22 8 1 32 12 12 29 7 10 25 2 14 31 12 14.8266999125480652 24.9023256095469705 
16 2 2 18 19 6 10 21 1 6 18 12 3.36768017929769181 1 6.96245171630185755 5 22 8 16 15 2 12 29 7 10 25 2 14 31 12 13.7173518538475037 25.2413957085077563 
3 26 10 3.36768017929769181 20 11 16 24 2 2 20 12 17 30 3 14 24 11 13 6 6.96245171630185755 15 15 10 13 31 9 14 15 11 7.4509660005569458 106.338528138528133 
16 2 2 1 31 12 2 13 13 6 18 12 3.36768017929769181 1 6.96245171630185755 4 6 9 16 15 2 12 29 7 10 25 2 14 31 12 10.0426638126373291 41.4800378504843437 
16 2 2 14 24 11 10 21 1 6 18 12 3.36768017929769181 1 6.96245171630185755 9 6 4 16 15 2 12 29 7 10 25 2 14 31 12 11.3525769710540771 27.8390781180653271 
16 2 2 9 4 10 10 21 1 6 18 12 3.36768017929769181 1 6.96245171630185755 5 22 8 16 15 2 4 23 9 10 25 2 14 31 12 14.3789097666740417 25.2260702060702044 
16 2 2 9 26 9 1 5.34074699537910114 11 6 18 12 3.36768017929769181 1 6.96245171630185755 5 22 8 16 15 2 12 29 7 10 25 2 14 31 12 10.9562757015228271 29.0182128873605123 
16 2 2 1 31 12 12 26 1 6 18 12 3.36768017929769181 1 6.96245171630185755 8 20 7 16 15 2 1 15 12 10 25 2 14 31 12 9.1245046854019165 67.9439884402869012 
13 33 8 3 20 1 9 24 4 16 30 8 14 6 3 6 24 13 15 26 5 4 20 3 12 9 9 17 15 13 8.72498798370361328 76.9666666666666686 
10 1 7 11 30 7 3 5.34074699537910114 6.96245171630185755 14 6 12 6 19 12 16 22 1 14 30 13 1 20 13 4.94126535182462057 12 9 12 24 9 8.9603348970413208 71.0197543667598126 
16 2 2 9 6 6 14 20 8 6 18 12 3.36768017929769181 1 6.96245171630185755 5 22 8 16 15 2 12 29 7 10 25 2 14 31 12 10.7121496796607971 30.6649685036125739 
15 6 2.70999124060388841 3 31 3 17 19 10 16 30 8 4 24 1 12 20 1 2 25 12 6 32 5 14 2 11 1 12 4 8.41232210397720337 77.98888888888888 
16 2 2 5 30 11 10 21 1 6 18 12 3.36768017929769181 1 6.96245171630185755 9 19 9 16 15 2 12 29 7 10 25 2 14 31 12 12.3122958540916443 26.4003475474442304 
16 2 2 4 12 4 14 16 13 6 18 12 3.36768017929769181 1 6.96245171630185755 1 31 10 16 15 2 12 29 7 10 25 2 14 31 12 9.72365772724151611 42.8654848123043877 
16 2 2 14 6 7 15 32 12 6 18 12 3.36768017929769181 1 6.96245171630185755 6 15 8 16 15 2 14 18 9 10 25 2 14 31 12 8.36898970603942871 78.591273398102544 
16 2 2 3 6 7 15 32 13 6 18 12 3.36768017929769181 1 6.96245171630185755 5 22 8 16 15 2 12 29 7 10 25 2 14 31 12 10.6792966723442078 34.1596579428738991 
4 26 10 14 24 11 13 20 7 6 18 12 3.36768017929769181 1 6.96245171630185755 2 31 2 16 15 2 12 29 7 10 25 2 14 31 12 9.17295372486114502 66.3422209776022953 
16 2 2 15 25 11 3.36768017929769181 6 9 6 18 12 3.36768017929769181 1 6.96245171630185755 5 22 8 16 15 2 14 9 13 10 25 2 14 31 12 9.7141767144203186 44.7163415955177896 
16 2 2 4 5 6 3 26 10 6 18 12 3.36768017929769181 1 6.96245171630185755 5 22 8 16 15 2 2 30 11 10 25 2 14 31 12 10.1584967374801636 38.951549049096883 

Current Evaluation = 80000000(80000060)
Front Size = 41
14 13 7 15 24 13 14 20 2.70999124060388841 2 31 6.96245171630185755 2 1 3 4.94126535182462057 30 5 16 24 12 3 15 11 13 30 9.82524131762891173 1 24 8 7.76559585332870483 101.466293735169245 
3 25 4 13 30 11 6 6 9 16 24 2 14 20 4 15 23 4 15 26 8 6 18 7 17 30 4 14 5.34074699537910114 1 7.46097198128700256 105.113538748832866 
16 2 2 9 4 10 10 21 1 6 18 12 3.36768017929769181 1 6.96245171630185755 5 22 8 16 15 2 12 29 7 10 25 2 14 31 12 14.9292868971824646 23.236485267737482 
16 9 2.70999124060388841 15 20 10 4 24 10 14 31 12 17 26 6.96245171630185755 2 32 12 4 24 11 6 5 13 14 32 3 1 18 9 7.88528192043304443 85.8007936507936506 
16 2 2 3 20 9 15 31 4 6 18 12 3.36768017929769181 1 6.96245171630185755 5 22 8 16 15 2 4 26 9 10 25 2 14 31 12 9.51730972528457642 49.9998609938715433 
16 2 2 4 24 10 1 32 8 6 18 12 3.36768017929769181 1 6.96245171630185755 5 22 8 16 15 2 12 29 7 10 25 2 14 31 12 10.6913387179374695 33.4833176709276401 
16 2 2 12 20 4 2 32 11 6 18 12 3.36768017929769181 1 6.96245171630185755 14 31 11 16 15 2 12 29 7 3.36768017929769181 24 11 14 31 12 9.22076588869094849 55.5161726233252324 
16 2 2 9 26 10 10 21 1 6 18 12 3.36768017929769181 1 6.96245171630185755 5 22 8 16 15 2 12 29 7 10 25 2 14 31 12 12.7099838852882385 25.4155341077399868 
9 26 10 2 32 2.70999124060388841 15 20 2 10 24 8 16 30 13 4 6 3 3 25 9 14 26 9 3 16 6.96245171630185755 6 9 2 8.77558490633964539 72.5498412698412665 
3 5 4 17 30 8 14 18 2.70999124060388841 4 26 12 6 6 6.96245171630185755 10 30 8 12 26 8 9 15 4 14 25 7 4.94126535182462057 24 9.82524131762891173 8.25945186614990234 81.0075702075702111 
16 2 2 3.36768017929769181 31 9 14 12 11 6 18 12 3.36768017929769181 1 6.96245171630185755 5 22 8 16 15 2 12 29 7 10 25 2 14 31 12 10.4592996835708618 34.5259503337333484 
16 2 2 4 24 9 10 21 1 6 18 12 3.36768017929769181 1 6.96245171630185755 5 22 8 16 15 2 12 29 7 10 25 2 14 31 12 12.371989905834198 25.8266598944272801 
3.36768017929769181 24 3 10 6 4 1 30 6.96245171630185755 13 26 4 1 25 3.84646942076222631 14 5 2 4 1 8 14 32 3 17 1 9 12 26 8 7.88340097665786743 96.9634920634920547 
1 6 2 14 18 7 3.36768017929769181 3 3 4 15 13 6 16 6 16 5 12 14 1 9 2 9 10 15 8 9 9 32 4 8.91439977288246155 71.99444444444444 
16 2 2 13 32 9 14 14 10 6 18 12 3.36768017929769181 1 6.96245171630185755 1 30 4 16 15 2 12 29 7 10 25 2 14 31 12 9.26257377862930298 53.8133027180701689 
14 15 10 12 1 2.70999124060388841 3 5 8 9.25570237641795579 26 12 15 31 4 14 1 8 6 19 5 16 18 2 13 13 13 4 6 12 8.67052984237670898 77.2493506493506459 
16 2 2 15 30 8 2 24 13 6 18 12 3.36768017929769181 1 6.96245171630185755 13 19 7 16 15 2 12 29 7 10 25 2 14 31 12 9.99685472249984741 41.6676308432680926 
16 2 2 3.36768017929769181 20 9 8 9 9 14 32 9 3.36768017929769181 1 6.96245171630185755 14 24 6.96245171630185755 16 15 2 12 29 7 10 25 2 14 31 12 9.16201585531234741 67.7484235042990832 
15 32 11 10 24 1 6 32 11 17 18 2 1 32 7 9 6 3 6 1 10 4 14 3 15 20 5 17 16 2 8.97395783662796021 68.0666666666666771 
12 30 10 14 1 7 16 19 12 10 15 9 3 20 13 4 24 1 3 16 9 6 19 2 15 32 11 2 9 5 9.21063196659088135 66.2523809523809604 
16 2 2 9 4 10 10 21 1 6 18 12 3.36768017929769181 1 6.96245171630185755 5 22 8 1 32 12 12 29 7 10 25 2 14 31 12 14.8266999125480652 24.9023256095469705 
16 2 2 18 19 6 10 21 1 6 18 12 3.36768017929769181 1 6.96245171630185755 5 22 8 16 15 2 12 29 7 10 25 2 14 31 12 13.7173518538475037 25.2413957085077563 
3 26 10 3.36768017929769181 20 11 16 24 2 2 20 12 17 30 3 14 24 11 13 6 6.96245171630185755 15 15 10 13 31 9 14 15 11 7.4509660005569458 106.338528138528133 
16 2 2 1 31 12 2 13 13 6 18 12 3.36768017929769181 1 6.96245171630185755 4 6 9 16 15 2 12 29 7 10 25 2 14 31 12 10.0426638126373291 41.4800378504843437 
16 2 2 14 24 11 10 21 1 6 18 12 3.36768017929769181 1 6.96245171630185755 9 6 4 16 15 2 12 29 7 10 25 2 14 31 12 11.3525769710540771 27.8390781180653271 
16 2 2 9 4 10 10 21 1 6 18 12 3.36768017929769181 1 6.96245171630185755 5 22 8 16 15 2 4 23 9 10 25 2 14 31 12 14.3789097666740417 25.2260702060702044 
16 2 2 9 26 9 1 5.34074699537910114 11 6 18 12 3.36768017929769181 1 6.96245171630185755 5 22 8 16 15 2 12 29 7 10 25 2 14 31 12 10.9562757015228271 29.0182128873605123 
16 2 2 1 31 12 12 26 1 6 18 12 3.36768017929769181 1 6.96245171630185755 8 20 7 16 15 2 1 15 12 10 25 2 14 31 12 9.1245046854019165 67.9439884402869012 
13 33 8 3 20 1 9 24 4 16 30 8 14 6 3 6 24 13 15 26 5 4 20 3 12 9 9 17 15 13 8.72498798370361328 76.9666666666666686 
10 1 7 11 30 7 3 5.34074699537910114 6.96245171630185755 14 6 12 6 19 12 16 22 1 14 30 13 1 20 13 4.94126535182462057 12 9 12 24 9 8.9603348970413208 71.0197543667598126 
16 2 2 9 6 6 14 20 8 6 18 12 3.36768017929769181 1 6.96245171630185755 5 22 8 16 15 2 12 29 7 10 25 2 14 31 12 10.7121496796607971 30.6649685036125739 
15 6 2.70999124060388841 3 31 3 17 19 10 16 30 8 4 24 1 12 20 1 2 25 12 6 32 5 14 2 11 1 12 4 8.41232210397720337 77.98888888888888 
16 2 2 5 30 11 10 21 1 6 18 12 3.36768017929769181 1 6.96245171630185755 9 19 9 16 15 2 12 29 7 10 25 2 14 31 12 12.3122958540916443 26.4003475474442304 
16 2 2 4 12 4 14 16 13 6 18 12 3.36768017929769181 1 6.96245171630185755 1 31 10 16 15 2 12 29 7 10 25 2 14 31 12 9.72365772724151611 42.8654848123043877 
16 2 2 14 6 7 15 32 12 6 18 12 3.36768017929769181 1 6.96245171630185755 6 15 8 16 15 2 14 18 9 10 25 2 14 31 12 8.36898970603942871 78.591273398102544 
16 2 2 3 6 7 15 32 13 6 18 12 3.36768017929769181 1 6.96245171630185755 5 22 8 16 15 2 12 29 7 10 25 2 14 31 12 10.6792966723442078 34.1596579428738991 
4 26 10 14 24 11 13 20 7 6 18 12 3.36768017929769181 1 6.96245171630185755 2 31 2 16 15 2 12 29 7 10 25 2 14 31 12 9.17295372486114502 66.3422209776022953 
16 2 2 15 25 11 3.36768017929769181 6 9 6 18 12 3.36768017929769181 1 6.96245171630185755 5 22 8 16 15 2 14 9 13 10 25 2 14 31 12 9.7141767144203186 44.7163415955177896 
16 2 2 4 5 6 3 26 10 6 18 12 3.36768017929769181 1 6.96245171630185755 5 22 8 16 15 2 2 30 11 10 25 2 14 31 12 10.1584967374801636 38.951549049096883 
16 24 8 15 6 12 9 30 9 6 1 3 15 12 9 3.36768017929769181 15 10 13 32 9 4 19 4 15 16 13 2 9 2 8.47475987672805786 77.7476190476190396 
16 2 2 4 6 9 10 21 1 6 18 12 3.36768017929769181 1 6.96245171630185755 5 22 8 16 15 2 12 29 7 10 25 2 14 31 12 12.3301548957824707 26.0413056520199397 

Current Evaluation = 90000000(90000120)
Front Size = 41
14 13 7 15 24 13 14 20 2.70999124060388841 2 31 6.96245171630185755 2 1 3 4.94126535182462057 30 5 16 24 12 3 15 11 13 30 9.82524131762891173 1 24 8 7.76559585332870483 101.466293735169245 
3 25 4 13 30 11 6 6 9 16 24 2 14 20 4 15 23 4 15 26 8 6 18 7 17 30 4 14 5.34074699537910114 1 7.46097198128700256 105.113538748832866 
16 2 2 9 4 10 10 21 1 6 18 12 3.36768017929769181 1 6.96245171630185755 5 22 8 16 15 2 12 29 7 10 25 2 14 31 12 14.9292868971824646 23.236485267737482 
16 9 2.70999124060388841 15 20 10 4 24 10 14 31 12 17 26 6.96245171630185755 2 32 12 4 24 11 6 5 13 14 32 3 1 18 9 7.88528192043304443 85.8007936507936506 
16 2 2 3 20 9 15 31 4 6 18 12 3.36768017929769181 1 6.96245171630185755 5 22 8 16 15 2 4 26 9 10 25 2 14 31 12 9.51730972528457642 49.9998609938715433 
16 2 2 4 24 10 1 32 8 6 18 12 3.36768017929769181 1 6.96245171630185755 5 22 8 16 15 2 12 29 7 10 25 2 14 31 12 10.6913387179374695 33.4833176709276401 
16 2 2 12 20 4 2 32 11 6 18 12 3.36768017929769181 1 6.96245171630185755 14 31 11 16 15 2 12 29 7 3.36768017929769181 24 11 14 31 12 9.22076588869094849 55.5161726233252324 
16 2 2 9 26 10 10 21 1 6 18 12 3.36768017929769181 1 6.96245171630185755 5 22 8 16 15 2 12 29 7 10 25 2 14 31 12 12.7099838852882385 25.4155341077399868 
9 26 10 2 32 2.70999124060388841 15 20 2 10 24 8 16 30 13 4 6 3 3 25 9 14 26 9 3 16 6.96245171630185755 6 9 2 8.77558490633964539 72.5498412698412665 
3 5 4 17 30 8 14 18 2.70999124060388841 4 26 12 6 6 6.96245171630185755 10 30 8 12 26 8 9 15 4 14 25 7 4.94126535182462057 24 9.82524131762891173 8.25945186614990234 81.0075702075702111 
16 2 2 3.36768017929769181 31 9 14 12 11 6 18 12 3.36768017929769181 1 6.96245171630185755 5 22 8 16 15 2 12 29 7 10 25 2 14 31 12 10.4592996835708618 34.5259503337333484 
16 2 2 4 24 9 10 21 1 6 18 12 3.36768017929769181 1 6.96245171630185755 5 22 8 16 15 2 12 29 7 10 25 2 14 31 12 12.371989905834198 25.8266598944272801 
3.36768017929769181 24 3 10 6 4 1 30 6.96245171630185755 13 26 4 1 25 3.84646942076222631 14 5 2 4 1 8 14 32 3 17 1 9 12 26 8 7.88340097665786743 96.9634920634920547 
16 2 2 13 32 9 14 14 10 6 18 12 3.36768017929769181 1 6.96245171630185755 1 30 4 16 15 2 12 29 7 10 25 2 14 31 12 9.26257377862930298 53.8133027180701689 
14 15 10 12 1 2.70999124060388841 3 5 8 9.25570237641795579 26 12 15 31 4 14 1 8 6 19 5 16 18 2 13 13 13 4 6 12 8.67052984237670898 77.2493506493506459 
16 2 2 15 30 8 2 24 13 6 18 12 3.36768017929769181 1 6.96245171630185755 13 19 7 16 15 2 12 29 7 10 25 2 14 31 12 9.99685472249984741 41.6676308432680926 
16 2 2 3.36768017929769181 20 9 8 9 9 14 32 9 3.36768017929769181 1 6.96245171630185755 14 24 6.96245171630185755 16 15 2 12 29 7 10 25 2 14 31 12 9.16201585531234741 67.7484235042990832 
15 32 11 10 24 1 6 32 11 17 18 2 1 32 7 9 6 3 6 1 10 4 14 3 15 20 5 17 16 2 8.97395783662796021 68.0666666666666771 
12 30 10 14 1 7 16 19 12 10 15 9 3 20 13 4 24 1 3 16 9 6 19 2 15 32 11 2 9 5 9.21063196659088135 66.2523809523809604 
16 2 2 18 19 6 10 21 1 6 18 12 3.36768017929769181 1 6.96245171630185755 5 22 8 16 15 2 12 29 7 10 25 2 14 31 12 13.7173518538475037 25.2413957085077563 
3 26 10 3.36768017929769181 20 11 16 24 2 2 20 12 17 30 3 14 24 11 13 6 6.96245171630185755 15 15 10 13 31 9 14 15 11 7.4509660005569458 106.338528138528133 
16 2 2 1 31 12 2 13 13 6 18 12 3.36768017929769181 1 6.96245171630185755 4 6 9 16 15 2 12 29 7 10 25 2 14 31 12 10.0426638126373291 41.4800378504843437 
16 2 2 14 24 11 10 21 1 6 18 12 3.36768017929769181 1 6.96245171630185755 9 6 4 16 15 2 12 29 7 10 25 2 14 31 12 11.3525769710540771 27.8390781180653271 
16 2 2 9 4 10 10 21 1 6 18 12 3.36768017929769181 1 6.96245171630185755 5 22 8 16 15 2 4 23 9 10 25 2 14 31 12 14.3789097666740417 25.2260702060702044 
16 2 2 9 26 9 1 5.34074699537910114 11 6 18 12 3.36768017929769181 1 6.96245171630185755 5 22 8 16 15 2 12 29 7 10 25 2 14 31 12 10.9562757015228271 29.0182128873605123 
16 2 2 1 31 12 12 26 1 6 18 12 3.36768017929769181 1 6.96245171630185755 8 20 7 16 15 2 1 15 12 10 25 2 14 31 12 9.1245046854019165 67.9439884402869012 
13 33 8 3 20 1 9 24 4 16 30 8 14 6 3 6 24 13 15 26 5 4 20 3 12 9 9 17 15 13 8.72498798370361328 76.9666666666666686 
16 2 2 9 6 6 14 20 8 6 18 12 3.36768017929769181 1 6.96245171630185755 5 22 8 16 15 2 12 29 7 10 25 2 14 31 12 10.7121496796607971 30.6649685036125739 
15 6 2.70999124060388841 3 31 3 17 19 10 16 30 8 4 24 1 12 20 1 2 25 12 6 32 5 14 2 11 1 12 4 8.41232210397720337 77.98888888888888 
16 2 2 5 30 11 10 21 1 6 18 12 3.36768017929769181 1 6.96245171630185755 9 19 9 16 15 2 12 29 7 10 25 2 14 31 12 12.3122958540916443 26.4003475474442304 
16 2 2 4 12 4 14 16 13 6 18 12 3.36768017929769181 1 6.96245171630185755 1 31 10 16 15 2 12 29 7 10 25 2 14 31 12 9.72365772724151611 42.8654848123043877 
16 2 2 14 6 7 15 32 12 6 18 12 3.36768017929769181 1 6.96245171630185755 6 15 8 16 15 2 14 18 9 10 25 2 14 31 12 8.36898970603942871 78.591273398102544 
16 2 2 3 6 7 15 32 13 6 18 12 3.36768017929769181 1 6.96245171630185755 5 22 8 16 15 2 12 29 7 10 25 2 14 31 12 10.6792966723442078 34.1596579428738991 
4 26 10 14 24 11 13 20 7 6 18 12 3.36768017929769181 1 6.96245171630185755 2 31 2 16 15 2 12 29 7 10 25 2 14 31 12 9.17295372486114502 66.3422209776022953 
16 2 2 15 25 11 3.36768017929769181 6 9 6 18 12 3.36768017929769181 1 6.96245171630185755 5 22 8 16 15 2 14 9 13 10 25 2 14 31 12 9.7141767144203186 44.7163415955177896 
16 2 2 4 5 6 3 26 10 6 18 12 3.36768017929769181 1 6.96245171630185755 5 22 8 16 15 2 2 30 11 10 25 2 14 31 12 10.1584967374801636 38.951549049096883 
16 24 8 15 6 12 9 30 9 6 1 3 15 12 9 3.36768017929769181 15 10 13 32 9 4 19 4 15 16 13 2 9 2 8.47475987672805786 77.7476190476190396 
16 2 2 4 6 9 10 21 1 6 18 12 3.36768017929769181 1 6.96245171630185755 5 22 8 16 15 2 12 29 7 10 25 2 14 31 12 12.3301548957824707 26.0413056520199397 
16 2 2 9 4 10 10 21 1 1 30 13 3.36768017929769181 1 6.96245171630185755 5 22 8 16 15 2 12 29 7 10 25 2 14 31 12 14.6869859099388123 24.8803550774120374 
3 24 12 13 12 5 14 30 10 4 20 7 8 25 1 15 30 2.70999124060388841 12 1 11 9.25570237641795579 26 9 2 32 13 14 15 5 7.76617494225502014 97.2467679379444121 
15 31 6 12 20 1 4 19 11 17 31 2 14 26 5 3.36768017929769181 16 7 14 32 7 12 11 11 6 6 12 2 18 13 8.83284687995910645 70.4984126984127073 

Current Evaluation = 100000000(100000040)
Front Size = 43
14 13 7 15 24 13 14 20 2.70999124060388841 2 31 6.96245171630185755 2 1 3 4.94126535182462057 30 5 16 24 12 3 15 11 13 30 9.82524131762891173 1 24 8 7.76559585332870483 101.466293735169245 
3 25 4 13 30 11 6 6 9 16 24 2 14 20 4 15 23 4 15 26 8 6 18 7 17 30 4 14 5.34074699537910114 1 7.46097198128700256 105.113538748832866 
16 2 2 9 4 10 10 21 1 6 18 12 3.36768017929769181 1 6.96245171630185755 5 22 8 16 15 2 12 29 7 10 25 2 14 31 12 14.9292868971824646 23.236485267737482 
16 9 2.70999124060388841 15 20 10 4 24 10 14 31 12 17 26 6.96245171630185755 2 32 12 4 24 11 6 5 13 14 32 3 1 18 9 7.88528192043304443 85.8007936507936506 
16 2 2 3 20 9 15 31 4 6 18 12 3.36768017929769181 1 6.96245171630185755 5 22 8 16 15 2 4 26 9 10 25 2 14 31 12 9.51730972528457642 49.9998609938715433 
16 2 2 4 24 10 1 32 8 6 18 12 3.36768017929769181 1 6.96245171630185755 5 22 8 16 15 2 12 29 7 10 25 2 14 31 12 10.6913387179374695 33.4833176709276401 
16 2 2 12 20 4 2 32 11 6 18 12 3.36768017929769181 1 6.96245171630185755 14 31 11 16 15 2 12 29 7 3.36768017929769181 24 11 14 31 12 9.22076588869094849 55.5161726233252324 
16 2 2 9 26 10 10 21 1 6 18 12 3.36768017929769181 1 6.96245171630185755 5 22 8 16 15 2 12 29 7 10 25 2 14 31 12 12.7099838852882385 25.4155341077399868 
9 26 10 2 32 2.70999124060388841 15 20 2 10 24 8 16 30 13 4 6 3 3 25 9 14 26 9 3 16 6.96245171630185755 6 9 2 8.77558490633964539 72.5498412698412665 
3 5 4 17 30 8 14 18 2.70999124060388841 4 26 12 6 6 6.96245171630185755 10 30 8 12 26 8 9 15 4 14 25 7 4.94126535182462057 24 9.82524131762891173 8.25945186614990234 81.0075702075702111 
16 2 2 3.36768017929769181 31 9 14 12 11 6 18 12 3.36768017929769181 1 6.96245171630185755 5 22 8 16 15 2 12 29 7 10 25 2 14 31 12 10.4592996835708618 34.5259503337333484 
16 2 2 4 24 9 10 21 1 6 18 12 3.36768017929769181 1 6.96245171630185755 5 22 8 16 15 2 12 29 7 10 25 2 14 31 12 12.371989905834198 25.8266598944272801 
3.36768017929769181 24 3 10 6 4 1 30 6.96245171630185755 13 26 4 1 25 3.84646942076222631 14 5 2 4 1 8 14 32 3 17 1 9 12 26 8 7.88340097665786743 96.9634920634920547 
16 2 2 13 32 9 14 14 10 6 18 12 3.36768017929769181 1 6.96245171630185755 1 30 4 16 15 2 12 29 7 10 25 2 14 31 12 9.26257377862930298 53.8133027180701689 
14 15 10 12 1 2.70999124060388841 3 5 8 9.25570237641795579 26 12 15 31 4 14 1 8 6 19 5 16 18 2 13 13 13 4 6 12 8.67052984237670898 77.2493506493506459 
16 2 2 15 30 8 2 24 13 6 18 12 3.36768017929769181 1 6.96245171630185755 13 19 7 16 15 2 12 29 7 10 25 2 14 31 12 9.99685472249984741 41.6676308432680926 
16 2 2 3.36768017929769181 20 9 8 9 9 14 32 9 3.36768017929769181 1 6.96245171630185755 14 24 6.96245171630185755 16 15 2 12 29 7 10 25 2 14 31 12 9.16201585531234741 67.7484235042990832 
15 32 11 10 24 1 6 32 11 17 18 2 1 32 7 9 6 3 6 1 10 4 14 3 15 20 5 17 16 2 8.97395783662796021 68.0666666666666771 
16 2 2 18 19 6 10 21 1 6 18 12 3.36768017929769181 1 6.96245171630185755 5 22 8 16 15 2 12 29 7 10 25 2 14 31 12 13.7173518538475037 25.2413957085077563 
3 26 10 3.36768017929769181 20 11 16 24 2 2 20 12 17 30 3 14 24 11 13 6 6.96245171630185755 15 15 10 13 31 9 14 15 11 7.4509660005569458 106.338528138528133 
16 2 2 1 31 12 2 13 13 6 18 12 3.36768017929769181 1 6.96245171630185755 4 6 9 16 15 2 12 29 7 10 25 2 14 31 12 10.0426638126373291 41.4800378504843437 
16 2 2 14 24 11 10 21 1 6 18 12 3.36768017929769181 1 6.96245171630185755 9 6 4 16 15 2 12 29 7 10 25 2 14 31 12 11.3525769710540771 27.8390781180653271 
16 2 2 9 26 9 1 5.34074699537910114 11 6 18 12 3.36768017929769181 1 6.96245171630185755 5 22 8 16 15 2 12 29 7 10 25 2 14 31 12 10.9562757015228271 29.0182128873605123 
16 2 2 1 31 12 12 26 1 6 18 12 3.36768017929769181 1 6.96245171630185755 8 20 7 16 15 2 1 15 12 10 25 2 14 31 12 9.1245046854019165 67.9439884402869012 
13 33 8 3 20 1 9 24 4 16 30 8 14 6 3 6 24 13 15 26 5 4 20 3 12 9 9 17 15 13 8.72498798370361328 76.9666666666666686 
16 2 2 9 6 6 14 20 8 6 18 12 3.36768017929769181 1 6.96245171630185755 5 22 8 16 15 2 12 29 7 10 25 2 14 31 12 10.7121496796607971 30.6649685036125739 
15 6 2.70999124060388841 3 31 3 17 19 10 16 30 8 4 24 1 12 20 1 2 25 12 6 32 5 14 2 11 1 12 4 8.41232210397720337 77.98888888888888 
16 2 2 5 30 11 10 21 1 6 18 12 3.36768017929769181 1 6.96245171630185755 9 19 9 16 15 2 12 29 7 10 25 2 14 31 12 12.3122958540916443 26.4003475474442304 
16 2 2 4 12 4 14 16 13 6 18 12 3.36768017929769181 1 6.96245171630185755 1 31 10 16 15 2 12 29 7 10 25 2 14 31 12 9.72365772724151611 42.8654848123043877 
16 2 2 14 6 7 15 32 12 6 18 12 3.36768017929769181 1 6.96245171630185755 6 15 8 16 15 2 14 18 9 10 25 2 14 31 12 8.36898970603942871 78.591273398102544 
16 2 2 3 6 7 15 32 13 6 18 12 3.36768017929769181 1 6.96245171630185755 5 22 8 16 15 2 12 29 7 10 25 2 14 31 12 10.6792966723442078 34.1596579428738991 
4 26 10 14 24 11 13 20 7 6 18 12 3.36768017929769181 1 6.96245171630185755 2 31 2 16 15 2 12 29 7 10 25 2 14 31 12 9.17295372486114502 66.3422209776022953 
16 2 2 15 25 11 3.36768017929769181 6 9 6 18 12 3.36768017929769181 1 6.96245171630185755 5 22 8 16 15 2 14 9 13 10 25 2 14 31 12 9.7141767144203186 44.7163415955177896 
16 2 2 4 5 6 3 26 10 6 18 12 3.36768017929769181 1 6.96245171630185755 5 22 8 16 15 2 2 30 11 10 25 2 14 31 12 10.1584967374801636 38.951549049096883 
16 24 8 15 6 12 9 30 9 6 1 3 15 12 9 3.36768017929769181 15 10 13 32 9 4 19 4 15 16 13 2 9 2 8.47475987672805786 77.7476190476190396 
16 2 2 4 6 9 10 21 1 6 18 12 3.36768017929769181 1 6.96245171630185755 5 22 8 16 15 2 12 29 7 10 25 2 14 31 12 12.3301548957824707 26.0413056520199397 
3 24 12 13 12 5 14 30 10 4 20 7 8 25 1 15 30 2.70999124060388841 12 1 11 9.25570237641795579 26 9 2 32 13 14 15 5 7.76617494225502014 97.2467679379444121 
15 31 6 12 20 1 4 19 11 17 31 2 14 26 5 3.36768017929769181 16 7 14 32 7 12 11 11 6 6 12 2 18 13 8.83284687995910645 70.4984126984127073 
16 2 2 9 4 10 10 21 1 6 18 12 3.36768017929769181 1 6.96245171630185755 5 22 8 16 15 2 18 6 3 10 25 2 14 31 12 14.8557009100914001 24.8304494241423761 
16 2 2 14 20 7 8 31 13 6 18 12 3.36768017929769181 1 6.96245171630185755 14 6 4 16 15 2 12 29 7 10 25 2 14 31 12 9.2093677818775177 61.2824851173369609 
16 2 2 9 4 10 10 21 1 6 18 12 3.36768017929769181 1 6.96245171630185755 5 22 8 16 15 2 12 6 5 10 25 2 14 31 12 13.9712148904800415 24.8733306704662169 
16 2 2 13 5.34074699537910114 4 4 32 7 6 18 12 3.36768017929769181 1 6.96245171630185755 5 22 8 16 15 2 12 6 5 10 25 2 14 31 12 9.6760326623916626 48.8892142486773693 
12 30 4 1 24 13 3.36768017929769181 5 11 10 31 12 6 32 7 4 30 9 4 24 6.96245171630185755 16 3 2 14 25 7 4.94126535182462057 15 8 8.24071788787841797 85.3242424242424278 

MOEA/D: Multiobjective Evolutionary Algorithm Based on Decomposition
Number of Evaluations = 100000000
Mutation Probability = 0.0500000007450580597
Population Size = 140
Neighborhood size = 42
Seed: 13

Time =  30776.9325180000014

Current Evaluation = 100000040
Front Size = 43
14 13 7 15 24 13 14 20 2.70999124060388841 2 31 6.96245171630185755 2 1 3 4.94126535182462057 30 5 16 24 12 3 15 11 13 30 9.82524131762891173 1 24 8 7.76559585332870483 101.466293735169245 
3 25 4 13 30 11 6 6 9 16 24 2 14 20 4 15 23 4 15 26 8 6 18 7 17 30 4 14 5.34074699537910114 1 7.46097198128700256 105.113538748832866 
16 2 2 9 4 10 10 21 1 6 18 12 3.36768017929769181 1 6.96245171630185755 5 22 8 16 15 2 12 29 7 10 25 2 14 31 12 14.9292868971824646 23.236485267737482 
16 9 2.70999124060388841 15 20 10 4 24 10 14 31 12 17 26 6.96245171630185755 2 32 12 4 24 11 6 5 13 14 32 3 1 18 9 7.88528192043304443 85.8007936507936506 
16 2 2 3 20 9 15 31 4 6 18 12 3.36768017929769181 1 6.96245171630185755 5 22 8 16 15 2 4 26 9 10 25 2 14 31 12 9.51730972528457642 49.9998609938715433 
16 2 2 4 24 10 1 32 8 6 18 12 3.36768017929769181 1 6.96245171630185755 5 22 8 16 15 2 12 29 7 10 25 2 14 31 12 10.6913387179374695 33.4833176709276401 
16 2 2 12 20 4 2 32 11 6 18 12 3.36768017929769181 1 6.96245171630185755 14 31 11 16 15 2 12 29 7 3.36768017929769181 24 11 14 31 12 9.22076588869094849 55.5161726233252324 
16 2 2 9 26 10 10 21 1 6 18 12 3.36768017929769181 1 6.96245171630185755 5 22 8 16 15 2 12 29 7 10 25 2 14 31 12 12.7099838852882385 25.4155341077399868 
9 26 10 2 32 2.70999124060388841 15 20 2 10 24 8 16 30 13 4 6 3 3 25 9 14 26 9 3 16 6.96245171630185755 6 9 2 8.77558490633964539 72.5498412698412665 
3 5 4 17 30 8 14 18 2.70999124060388841 4 26 12 6 6 6.96245171630185755 10 30 8 12 26 8 9 15 4 14 25 7 4.94126535182462057 24 9.82524131762891173 8.25945186614990234 81.0075702075702111 
16 2 2 3.36768017929769181 31 9 14 12 11 6 18 12 3.36768017929769181 1 6.96245171630185755 5 22 8 16 15 2 12 29 7 10 25 2 14 31 12 10.4592996835708618 34.5259503337333484 
16 2 2 4 24 9 10 21 1 6 18 12 3.36768017929769181 1 6.96245171630185755 5 22 8 16 15 2 12 29 7 10 25 2 14 31 12 12.371989905834198 25.8266598944272801 
3.36768017929769181 24 3 10 6 4 1 30 6.96245171630185755 13 26 4 1 25 3.84646942076222631 14 5 2 4 1 8 14 32 3 17 1 9 12 26 8 7.88340097665786743 96.9634920634920547 
16 2 2 13 32 9 14 14 10 6 18 12 3.36768017929769181 1 6.96245171630185755 1 30 4 16 15 2 12 29 7 10 25 2 14 31 12 9.26257377862930298 53.8133027180701689 
14 15 10 12 1 2.70999124060388841 3 5 8 9.25570237641795579 26 12 15 31 4 14 1 8 6 19 5 16 18 2 13 13 13 4 6 12 8.67052984237670898 77.2493506493506459 
16 2 2 15 30 8 2 24 13 6 18 12 3.36768017929769181 1 6.96245171630185755 13 19 7 16 15 2 12 29 7 10 25 2 14 31 12 9.99685472249984741 41.6676308432680926 
16 2 2 3.36768017929769181 20 9 8 9 9 14 32 9 3.36768017929769181 1 6.96245171630185755 14 24 6.96245171630185755 16 15 2 12 29 7 10 25 2 14 31 12 9.16201585531234741 67.7484235042990832 
15 32 11 10 24 1 6 32 11 17 18 2 1 32 7 9 6 3 6 1 10 4 14 3 15 20 5 17 16 2 8.97395783662796021 68.0666666666666771 
16 2 2 18 19 6 10 21 1 6 18 12 3.36768017929769181 1 6.96245171630185755 5 22 8 16 15 2 12 29 7 10 25 2 14 31 12 13.7173518538475037 25.2413957085077563 
3 26 10 3.36768017929769181 20 11 16 24 2 2 20 12 17 30 3 14 24 11 13 6 6.96245171630185755 15 15 10 13 31 9 14 15 11 7.4509660005569458 106.338528138528133 
16 2 2 1 31 12 2 13 13 6 18 12 3.36768017929769181 1 6.96245171630185755 4 6 9 16 15 2 12 29 7 10 25 2 14 31 12 10.0426638126373291 41.4800378504843437 
16 2 2 14 24 11 10 21 1 6 18 12 3.36768017929769181 1 6.96245171630185755 9 6 4 16 15 2 12 29 7 10 25 2 14 31 12 11.3525769710540771 27.8390781180653271 
16 2 2 9 26 9 1 5.34074699537910114 11 6 18 12 3.36768017929769181 1 6.96245171630185755 5 22 8 16 15 2 12 29 7 10 25 2 14 31 12 10.9562757015228271 29.0182128873605123 
16 2 2 1 31 12 12 26 1 6 18 12 3.36768017929769181 1 6.96245171630185755 8 20 7 16 15 2 1 15 12 10 25 2 14 31 12 9.1245046854019165 67.9439884402869012 
13 33 8 3 20 1 9 24 4 16 30 8 14 6 3 6 24 13 15 26 5 4 20 3 12 9 9 17 15 13 8.72498798370361328 76.9666666666666686 
16 2 2 9 6 6 14 20 8 6 18 12 3.36768017929769181 1 6.96245171630185755 5 22 8 16 15 2 12 29 7 10 25 2 14 31 12 10.7121496796607971 30.6649685036125739 
15 6 2.70999124060388841 3 31 3 17 19 10 16 30 8 4 24 1 12 20 1 2 25 12 6 32 5 14 2 11 1 12 4 8.41232210397720337 77.98888888888888 
16 2 2 5 30 11 10 21 1 6 18 12 3.36768017929769181 1 6.96245171630185755 9 19 9 16 15 2 12 29 7 10 25 2 14 31 12 12.3122958540916443 26.4003475474442304 
16 2 2 4 12 4 14 16 13 6 18 12 3.36768017929769181 1 6.96245171630185755 1 31 10 16 15 2 12 29 7 10 25 2 14 31 12 9.72365772724151611 42.8654848123043877 
16 2 2 14 6 7 15 32 12 6 18 12 3.36768017929769181 1 6.96245171630185755 6 15 8 16 15 2 14 18 9 10 25 2 14 31 12 8.36898970603942871 78.591273398102544 
16 2 2 3 6 7 15 32 13 6 18 12 3.36768017929769181 1 6.96245171630185755 5 22 8 16 15 2 12 29 7 10 25 2 14 31 12 10.6792966723442078 34.1596579428738991 
4 26 10 14 24 11 13 20 7 6 18 12 3.36768017929769181 1 6.96245171630185755 2 31 2 16 15 2 12 29 7 10 25 2 14 31 12 9.17295372486114502 66.3422209776022953 
16 2 2 15 25 11 3.36768017929769181 6 9 6 18 12 3.36768017929769181 1 6.96245171630185755 5 22 8 16 15 2 14 9 13 10 25 2 14 31 12 9.7141767144203186 44.7163415955177896 
16 2 2 4 5 6 3 26 10 6 18 12 3.36768017929769181 1 6.96245171630185755 5 22 8 16 15 2 2 30 11 10 25 2 14 31 12 10.1584967374801636 38.951549049096883 
16 24 8 15 6 12 9 30 9 6 1 3 15 12 9 3.36768017929769181 15 10 13 32 9 4 19 4 15 16 13 2 9 2 8.47475987672805786 77.7476190476190396 
16 2 2 4 6 9 10 21 1 6 18 12 3.36768017929769181 1 6.96245171630185755 5 22 8 16 15 2 12 29 7 10 25 2 14 31 12 12.3301548957824707 26.0413056520199397 
3 24 12 13 12 5 14 30 10 4 20 7 8 25 1 15 30 2.70999124060388841 12 1 11 9.25570237641795579 26 9 2 32 13 14 15 5 7.76617494225502014 97.2467679379444121 
15 31 6 12 20 1 4 19 11 17 31 2 14 26 5 3.36768017929769181 16 7 14 32 7 12 11 11 6 6 12 2 18 13 8.83284687995910645 70.4984126984127073 
16 2 2 9 4 10 10 21 1 6 18 12 3.36768017929769181 1 6.96245171630185755 5 22 8 16 15 2 18 6 3 10 25 2 14 31 12 14.8557009100914001 24.8304494241423761 
16 2 2 14 20 7 8 31 13 6 18 12 3.36768017929769181 1 6.96245171630185755 14 6 4 16 15 2 12 29 7 10 25 2 14 31 12 9.2093677818775177 61.2824851173369609 
16 2 2 9 4 10 10 21 1 6 18 12 3.36768017929769181 1 6.96245171630185755 5 22 8 16 15 2 12 6 5 10 25 2 14 31 12 13.9712148904800415 24.8733306704662169 
16 2 2 13 5.34074699537910114 4 4 32 7 6 18 12 3.36768017929769181 1 6.96245171630185755 5 22 8 16 15 2 12 6 5 10 25 2 14 31 12 9.6760326623916626 48.8892142486773693 
12 30 4 1 24 13 3.36768017929769181 5 11 10 31 12 6 32 7 4 30 9 4 24 6.96245171630185755 16 3 2 14 25 7 4.94126535182462057 15 8 8.24071788787841797 85.3242424242424278 

