Current Evaluation = 10000000(10000060)
Front Size = 37
16 5.34074699537910114 2 14 6 10 17 15 1 1 16 8 2 33 5 14 32 6.96245171630185755 15 1 5 10 19 6 9 26 2.70999124060388841 3 13 1 10.4234028160572052 39.901568903046865 
12 20 2 3.36768017929769181 20 6.96245171630185755 4.94126535182462057 25 11 14 2 4 13 24 11 13 24 9.82524131762891173 16 24 13 6 30 9 14 31.8448655754823804 6 1 14 12 7.46986210346221924 133.559107247568789 
1 32 4 16 6 11 17 15 1 1 16 8 2 33 5 14 32 6.96245171630185755 15 1 5 10 19 6 9 26 2.70999124060388841 3 13 1 10.3837728500366211 47.069630008654407 
18 26 13 3 5 2 17 15 1 1 16 8 15 30 10 14 32 6.96245171630185755 15 1 5 14 14 4 9 26 2.70999124060388841 3 13 1 9.86623191833496094 58.4186734064851194 
12 20 2 14 24 7 17 15 1 1 16 8 2 33 5 14 32 6.96245171630185755 15 1 5 4 29 2.70999124060388841 9 26 2.70999124060388841 3 13 1 10.3933387994766235 43.94361974880632 
18 26 13 3 20 2.70999124060388841 17 15 1 1 3 4 2 33 5 14 32 6.96245171630185755 15 1 5 4 29 2.70999124060388841 9 26 2.70999124060388841 3 13 1 11.3895449638366699 26.297985347985346 
12 25 12 13 24 11 17 15 1 1 3 4 2 33 5 14 32 6.96245171630185755 15 1 5 15 6 11 11 31 8 3 13 1 10.0020018815994263 47.7403884216426349 
14 20 12 8 25 7 17 15 1 16 9 2.70999124060388841 4 6 7 14 32 6.96245171630185755 15 1 5 4 29 2.70999124060388841 6 6 12 3 13 1 9.07746690511703491 60.9523654773720907 
14 1 7 4 6 8 17 15 1 1 3 4 2 33 5 14 32 6.96245171630185755 15 1 5 4 29 2.70999124060388841 11 31 8 3 13 1 10.6248397827148438 35.2984422984422963 
4 32 4 17 32 4 14 14 10 15 24 9 4 1 8 15 9 11 14 19 2.70999124060388841 14 6 8 2 24 10 17 25 13 7.72767692804336548 126.657644110275697 
18 26 13 12 12 2.70999124060388841 17 15 1 1 3 4 2 33 5 14 32 6.96245171630185755 15 1 5 4 29 2.70999124060388841 11 31 8 3 13 1 11.8961259126663208 19.8252842159834515 
3 6 7 6 25 6 14 30 5 10 31 8 3 6 1 1 20 2 9 15 13 4 12 6 6 26 10 14 3 13 8.33626890182495117 76.3047619047619037 
18 26 13 3.36768017929769181 12 8 17 15 1 1 3 4 2 33 5 14 32 6.96245171630185755 15 1 5 9 2 13 11 31 8 3 13 1 11.607429027557373 25.284923576500077 
18 26 13 13 30 7 17 15 1 1 3 4 15 1 9 14 32 6.96245171630185755 15 1 5 4 29 2.70999124060388841 6 26 9 3 13 1 9.74921101331710815 59.9459004632110393 
18 26 13 4 30 1 17 15 1 1 3 4 5 26 6 14 32 6.96245171630185755 15 1 5 6 26 7 11 31 8 15 30 2.70999124060388841 9.89624392986297607 55.963672525973621 
18 26 13 4 20 2.70999124060388841 17 15 1 1 3 4 2 33 5 14 32 6.96245171630185755 15 1 5 4 29 2.70999124060388841 11 31 8 3 13 1 11.805540919303894 19.9326330532212914 
16 1 9 12 9 2 1 32 6 14 15 7 16 20 7 6 24 4 4 26 10 3 2 2 3 25 2 15 19 5 8.15367996692657471 89.9444444444444429 
18 26 13 7 2 2 17 15 1 1 3 4 2 33 5 14 32 6.96245171630185755 15 1 5 4 29 2.70999124060388841 12 30 8 3 13 1 12.5716290473937988 18.0326372007039062 
18 26 13 7 2 2 17 15 1 1 3 4 2 33 5 14 32 6.96245171630185755 15 1 5 4 29 2.70999124060388841 11 31 8 3 13 1 13.211993932723999 15.9559580037924746 
4 25 8 3.36768017929769181 6 7 17 15 1 1 3 4 6 24 7 14 32 6.96245171630185755 15 1 5 4 29 2.70999124060388841 11 31 8 3 13 1 9.9012787938117981 49.9970095042088758 
16 26 9 4 30 4 16 1 4 2 13 1 10 25 11 14 9 8 13 6 4 12 6 10 8 24 9 13 32 2 8.2971799373626709 83.9706349206349358 
13 2 10 15 15 4 3.36768017929769181 25 7 14 26 11 14 24 8 4 3 6.96245171630185755 12 30 5 1 24 2 6 9 4 8 26 4 7.89085608720779419 101.518559218559218 
14 20 4 13 30 8 15 1 11 1 25 8 1 25 7 4 30 5 1 1 2.70999124060388841 4 12 9 13 5 12 12 15 11 7.43752977252006531 144.004469507101106 
18 26 13 4 20 11 17 15 1 1 3 4 6 6 3 14 32 6.96245171630185755 15 1 5 4 29 2.70999124060388841 11 31 8 3 13 1 10.8548889756202698 28.9622318490884041 
18 26 13 12 5.34074699537910114 2 17 15 1 1 3 4 2 33 5 14 32 6.96245171630185755 15 1 5 4 29 2.70999124060388841 9 18 13 3 13 1 11.7837260961532593 21.2365811389101893 
18 26 13 3 12 2 17 15 1 1 3 4 2 33 5 14 32 6.96245171630185755 15 1 5 4 29 2.70999124060388841 11 31 8 3 13 1 11.9024989604949951 19.5126955832838185 
12 20 11 17 1 1 13 26 3 3.36768017929769181 31 10 6 18 1 15 26 3 14 24 13 14 6 10 4 26 5 2 32 6.96245171630185755 7.9693630039691925 98.0572871572871634 
12 24 2 14 12 2.70999124060388841 17 24 4 6 1 13 3 18 13 12 30 11 16 11 11 14 31 11 1 24 1 13 32 9 7.8200070858001709 104.172222222222217 
16 1 4 15 12 13 1 32 11 3.36768017929769181 9 4 9 17 2 10 2 4 17 24 2 9 20 5 14 31 5 6 32 12 8.94989210367202759 74.0817460317460359 
4 6 11 9 5.34074699537910114 2 17 15 1 1 3 4 2 33 5 14 32 6.96245171630185755 15 1 5 4 29 2.70999124060388841 11 31 8 3 13 1 11.206254780292511 28.9308442143045426 
18 26 13 4 30 2 17 15 1 1 3 4 2 33 5 14 32 6.96245171630185755 15 1 5 4 29 2.70999124060388841 11 31 8 3 13 1 11.7311239242553711 23.2449219352529468 
18 26 13 3 30 2 17 15 1 1 3 4 2 33 5 14 32 6.96245171630185755 15 1 5 4 24 7 11 31 8 3 13 1 10.7876690030097961 33.8272818826527271 
4 19 2.70999124060388841 9.25570237641795579 14 12 17 15 1 1 3 4 2 33 5 14 32 6.96245171630185755 15 1 5 4 29 2.70999124060388841 11 31 8 3 13 1 11.5950908660888672 25.6291549030679526 
18 26 13 12 25 2.70999124060388841 17 15 1 1 3 4 2 33 5 14 32 6.96245171630185755 15 1 5 4 29 2.70999124060388841 11 31 8 3 13 1 11.9417510032653809 18.0553813322234404 
18 26 13 3 2 2 17 15 1 1 3 4 2 33 5 14 32 6.96245171630185755 15 1 5 12 6 7 11 31 8 3 13 1 11.2123780250549316 28.2715728715728645 
18 26 13 7 2 2 17 15 1 1 3 4 2 33 5 14 32 6.96245171630185755 15 1 5 4 29 2.70999124060388841 9 31 11 3 13 1 12.7419708967208862 17.3095244781843753 
6 18 2.70999124060388841 15 17 11 9.25570237641795579 6 4 12 24 12 4 1 9 4 1 4 17 31 6 2 6 3 3 12 12 14 6 13 8.26640284061431885 86.3617826617826694 

Current Evaluation = 20000000(20000120)
Front Size = 37
16 5.34074699537910114 2 14 6 10 17 15 1 1 16 8 2 33 5 14 32 6.96245171630185755 15 1 5 10 19 6 9 26 2.70999124060388841 3 13 1 10.4234028160572052 39.901568903046865 
12 20 2 14 24 7 17 15 1 1 16 8 2 33 5 14 32 6.96245171630185755 15 1 5 4 29 2.70999124060388841 9 26 2.70999124060388841 3 13 1 10.3933387994766235 43.94361974880632 
12 25 12 13 24 11 17 15 1 1 3 4 2 33 5 14 32 6.96245171630185755 15 1 5 15 6 11 11 31 8 3 13 1 10.0020018815994263 47.7403884216426349 
14 20 12 8 25 7 17 15 1 16 9 2.70999124060388841 4 6 7 14 32 6.96245171630185755 15 1 5 4 29 2.70999124060388841 6 6 12 3 13 1 9.07746690511703491 60.9523654773720907 
14 1 7 4 6 8 17 15 1 1 3 4 2 33 5 14 32 6.96245171630185755 15 1 5 4 29 2.70999124060388841 11 31 8 3 13 1 10.6248397827148438 35.2984422984422963 
4 32 4 17 32 4 14 14 10 15 24 9 4 1 8 15 9 11 14 19 2.70999124060388841 14 6 8 2 24 10 17 25 13 7.72767692804336548 126.657644110275697 
3 6 7 6 25 6 14 30 5 10 31 8 3 6 1 1 20 2 9 15 13 4 12 6 6 26 10 14 3 13 8.33626890182495117 76.3047619047619037 
18 26 13 4 30 1 17 15 1 1 3 4 5 26 6 14 32 6.96245171630185755 15 1 5 6 26 7 11 31 8 15 30 2.70999124060388841 9.89624392986297607 55.963672525973621 
18 26 13 4 20 2.70999124060388841 17 15 1 1 3 4 2 33 5 14 32 6.96245171630185755 15 1 5 4 29 2.70999124060388841 11 31 8 3 13 1 11.805540919303894 19.9326330532212914 
16 1 9 12 9 2 1 32 6 14 15 7 16 20 7 6 24 4 4 26 10 3 2 2 3 25 2 15 19 5 8.15367996692657471 89.9444444444444429 
18 26 13 7 2 2 17 15 1 1 3 4 2 33 5 14 32 6.96245171630185755 15 1 5 4 29 2.70999124060388841 12 30 8 3 13 1 12.5716290473937988 18.0326372007039062 
18 26 13 7 2 2 17 15 1 1 3 4 2 33 5 14 32 6.96245171630185755 15 1 5 4 29 2.70999124060388841 11 31 8 3 13 1 13.211993932723999 15.9559580037924746 
4 25 8 3.36768017929769181 6 7 17 15 1 1 3 4 6 24 7 14 32 6.96245171630185755 15 1 5 4 29 2.70999124060388841 11 31 8 3 13 1 9.9012787938117981 49.9970095042088758 
16 26 9 4 30 4 16 1 4 2 13 1 10 25 11 14 9 8 13 6 4 12 6 10 8 24 9 13 32 2 8.2971799373626709 83.9706349206349358 
18 26 13 4 20 11 17 15 1 1 3 4 6 6 3 14 32 6.96245171630185755 15 1 5 4 29 2.70999124060388841 11 31 8 3 13 1 10.8548889756202698 28.9622318490884041 
18 26 13 12 5.34074699537910114 2 17 15 1 1 3 4 2 33 5 14 32 6.96245171630185755 15 1 5 4 29 2.70999124060388841 9 18 13 3 13 1 11.7837260961532593 21.2365811389101893 
12 24 2 14 12 2.70999124060388841 17 24 4 6 1 13 3 18 13 12 30 11 16 11 11 14 31 11 1 24 1 13 32 9 7.8200070858001709 104.172222222222217 
18 26 13 3 30 2 17 15 1 1 3 4 2 33 5 14 32 6.96245171630185755 15 1 5 4 24 7 11 31 8 3 13 1 10.7876690030097961 33.8272818826527271 
18 26 13 12 25 2.70999124060388841 17 15 1 1 3 4 2 33 5 14 32 6.96245171630185755 15 1 5 4 29 2.70999124060388841 11 31 8 3 13 1 11.9417510032653809 18.0553813322234404 
18 26 13 7 2 2 17 15 1 1 3 4 2 33 5 14 32 6.96245171630185755 15 1 5 4 29 2.70999124060388841 9 31 11 3 13 1 12.7419708967208862 17.3095244781843753 
6 18 2.70999124060388841 15 17 11 9.25570237641795579 6 4 12 24 12 4 1 9 4 1 4 17 31 6 2 6 3 3 12 12 14 6 13 8.26640284061431885 86.3617826617826694 
16 25 2 14 6 2.70999124060388841 9 20 3 3 31 6.96245171630185755 1 30 1 15 15 13 4.94126535182462057 25 2 6 16 9.82524131762891173 17.8244721320812971 32 7.75241283629571765 8 20 11 8.19737383723258972 89.2447850395218865 
15 24 3 1 1 6 14 20 4 14 26 6 17 9 1 14 16 12 15 24 2 16 19 10 13 6 9 2 26 10 7.87131491303443909 97.7095238095238017 
16 15 9 14 20 8 4 25 4 14 9 9 3.36768017929769181 2 2 13 1 4 2 31 5 12 6 11 15 16 11 13 31 12 8.07837486267089844 96.8555555555555543 
18 26 13 4 6 12 17 15 1 1 3 4 2 33 5 14 32 6.96245171630185755 15 1 5 12 26 2 11 31 8 3 13 1 10.9735569357872009 26.2801615283412353 
13 26 13 6 1 10 10 20 2 17 32 2.70999124060388841 9.25570237641795579 31 8 2 15 10 6 30 9 14 24 11 8 6 7 13 14 9 8.14360183477401733 90.6746031746031633 
15 5 2.70999124060388841 14 24 9 3 25 6 13 32 4 14 25 10 12 1 9 1 32 9 14 15 10 15 26 3 15 24 13 7.07281392812728882 129.808225108225116 
4 30 2.70999124060388841 13 14 12 17 15 1 1 3 4 15 26 10 14 32 6.96245171630185755 15 1 5 4 29 2.70999124060388841 11 31 8 3 13 1 10.0846748352050781 46.592981151838643 
4 24 11 13 6 12 3.36768017929769181 30 2 2 16.1354543567662532 6 14 25 11 17 32 6 6 6 3.84646942076222631 3 20 9 1 31 12 6 22 9.82524131762891173 8.07980990409851074 93.9004246808044343 
10 23 11 3 15 2.70999124060388841 6 24 9 1 18 4 13 24 6 4 30 5 14 32 3 9.25570237641795579 15 4 14 25 9 17 30 1 8.26343995332717896 87.2995238095238051 
16 25 2 14 31 4 4 6 11 1 32 9 3.36768017929769181 19 2 4 31 8 16 26 2 12 11 12 4 8 2 1 16.1354543567662532 9 8.84715482592582703 69.2950617283950692 
18 26 13 4 25 12 17 15 1 1 3 4 2 33 5 14 32 6.96245171630185755 15 1 5 12 26 12 11 31 8 3 13 1 11.1353698968887329 25.7236220555708357 
18 26 13 7 2 2 17 15 1 1 3 4 2 33 5 14 32 6.96245171630185755 15 1 5 12 19 2 11 31 8 3 13 1 12.6046088933944702 17.5327723320403166 
18 26 13 14 20 2.70999124060388841 17 15 1 1 3 4 4 30 5 14 32 6.96245171630185755 15 1 5 6 25 10 11 31 8 3 13 1 9.59111303091049194 57.2523554364701681 
18 26 13 3 20 2 17 15 1 1 3 4 2 33 5 14 32 6.96245171630185755 15 1 5 4 29 2.70999124060388841 11 31 8 3 13 1 11.879336953163147 19.4546142413712921 
18 26 13 3.36768017929769181 12 12 17 15 1 1 3 4 2 33 5 14 32 6.96245171630185755 15 1 5 4 6 9 11 31 8 3 13 1 10.8493750095367432 33.1824115530582446 
18 26 13 12 12 2 17 15 1 1 3 4 2 33 5 14 32 6.96245171630185755 15 1 5 9 19 11 11 31 8 3 13 1 11.4539898633956909 22.1532906334840405 

Current Evaluation = 30000000(30000040)
Front Size = 40
16 5.34074699537910114 2 14 6 10 17 15 1 1 16 8 2 33 5 14 32 6.96245171630185755 15 1 5 10 19 6 9 26 2.70999124060388841 3 13 1 10.4234028160572052 39.901568903046865 
12 25 12 13 24 11 17 15 1 1 3 4 2 33 5 14 32 6.96245171630185755 15 1 5 15 6 11 11 31 8 3 13 1 10.0020018815994263 47.7403884216426349 
14 20 12 8 25 7 17 15 1 16 9 2.70999124060388841 4 6 7 14 32 6.96245171630185755 15 1 5 4 29 2.70999124060388841 6 6 12 3 13 1 9.07746690511703491 60.9523654773720907 
14 1 7 4 6 8 17 15 1 1 3 4 2 33 5 14 32 6.96245171630185755 15 1 5 4 29 2.70999124060388841 11 31 8 3 13 1 10.6248397827148438 35.2984422984422963 
3 6 7 6 25 6 14 30 5 10 31 8 3 6 1 1 20 2 9 15 13 4 12 6 6 26 10 14 3 13 8.33626890182495117 76.3047619047619037 
18 26 13 4 30 1 17 15 1 1 3 4 5 26 6 14 32 6.96245171630185755 15 1 5 6 26 7 11 31 8 15 30 2.70999124060388841 9.89624392986297607 55.963672525973621 
18 26 13 4 20 2.70999124060388841 17 15 1 1 3 4 2 33 5 14 32 6.96245171630185755 15 1 5 4 29 2.70999124060388841 11 31 8 3 13 1 11.805540919303894 19.9326330532212914 
16 1 9 12 9 2 1 32 6 14 15 7 16 20 7 6 24 4 4 26 10 3 2 2 3 25 2 15 19 5 8.15367996692657471 89.9444444444444429 
18 26 13 7 2 2 17 15 1 1 3 4 2 33 5 14 32 6.96245171630185755 15 1 5 4 29 2.70999124060388841 12 30 8 3 13 1 12.5716290473937988 18.0326372007039062 
18 26 13 7 2 2 17 15 1 1 3 4 2 33 5 14 32 6.96245171630185755 15 1 5 4 29 2.70999124060388841 11 31 8 3 13 1 13.211993932723999 15.9559580037924746 
4 25 8 3.36768017929769181 6 7 17 15 1 1 3 4 6 24 7 14 32 6.96245171630185755 15 1 5 4 29 2.70999124060388841 11 31 8 3 13 1 9.9012787938117981 49.9970095042088758 
16 26 9 4 30 4 16 1 4 2 13 1 10 25 11 14 9 8 13 6 4 12 6 10 8 24 9 13 32 2 8.2971799373626709 83.9706349206349358 
18 26 13 12 5.34074699537910114 2 17 15 1 1 3 4 2 33 5 14 32 6.96245171630185755 15 1 5 4 29 2.70999124060388841 9 18 13 3 13 1 11.7837260961532593 21.2365811389101893 
12 24 2 14 12 2.70999124060388841 17 24 4 6 1 13 3 18 13 12 30 11 16 11 11 14 31 11 1 24 1 13 32 9 7.8200070858001709 104.172222222222217 
18 26 13 3 30 2 17 15 1 1 3 4 2 33 5 14 32 6.96245171630185755 15 1 5 4 24 7 11 31 8 3 13 1 10.7876690030097961 33.8272818826527271 
18 26 13 12 25 2.70999124060388841 17 15 1 1 3 4 2 33 5 14 32 6.96245171630185755 15 1 5 4 29 2.70999124060388841 11 31 8 3 13 1 11.9417510032653809 18.0553813322234404 
18 26 13 7 2 2 17 15 1 1 3 4 2 33 5 14 32 6.96245171630185755 15 1 5 4 29 2.70999124060388841 9 31 11 3 13 1 12.7419708967208862 17.3095244781843753 
6 18 2.70999124060388841 15 17 11 9.25570237641795579 6 4 12 24 12 4 1 9 4 1 4 17 31 6 2 6 3 3 12 12 14 6 13 8.26640284061431885 86.3617826617826694 
16 25 2 14 6 2.70999124060388841 9 20 3 3 31 6.96245171630185755 1 30 1 15 15 13 4.94126535182462057 25 2 6 16 9.82524131762891173 17.8244721320812971 32 7.75241283629571765 8 20 11 8.19737383723258972 89.2447850395218865 
15 24 3 1 1 6 14 20 4 14 26 6 17 9 1 14 16 12 15 24 2 16 19 10 13 6 9 2 26 10 7.87131491303443909 97.7095238095238017 
18 26 13 4 6 12 17 15 1 1 3 4 2 33 5 14 32 6.96245171630185755 15 1 5 12 26 2 11 31 8 3 13 1 10.9735569357872009 26.2801615283412353 
13 26 13 6 1 10 10 20 2 17 32 2.70999124060388841 9.25570237641795579 31 8 2 15 10 6 30 9 14 24 11 8 6 7 13 14 9 8.14360183477401733 90.6746031746031633 
15 5 2.70999124060388841 14 24 9 3 25 6 13 32 4 14 25 10 12 1 9 1 32 9 14 15 10 15 26 3 15 24 13 7.07281392812728882 129.808225108225116 
4 30 2.70999124060388841 13 14 12 17 15 1 1 3 4 15 26 10 14 32 6.96245171630185755 15 1 5 4 29 2.70999124060388841 11 31 8 3 13 1 10.0846748352050781 46.592981151838643 
10 23 11 3 15 2.70999124060388841 6 24 9 1 18 4 13 24 6 4 30 5 14 32 3 9.25570237641795579 15 4 14 25 9 17 30 1 8.26343995332717896 87.2995238095238051 
16 25 2 14 31 4 4 6 11 1 32 9 3.36768017929769181 19 2 4 31 8 16 26 2 12 11 12 4 8 2 1 16.1354543567662532 9 8.84715482592582703 69.2950617283950692 
18 26 13 4 25 12 17 15 1 1 3 4 2 33 5 14 32 6.96245171630185755 15 1 5 12 26 12 11 31 8 3 13 1 11.1353698968887329 25.7236220555708357 
18 26 13 7 2 2 17 15 1 1 3 4 2 33 5 14 32 6.96245171630185755 15 1 5 12 19 2 11 31 8 3 13 1 12.6046088933944702 17.5327723320403166 
18 26 13 14 20 2.70999124060388841 17 15 1 1 3 4 4 30 5 14 32 6.96245171630185755 15 1 5 6 25 10 11 31 8 3 13 1 9.59111303091049194 57.2523554364701681 
18 26 13 3 20 2 17 15 1 1 3 4 2 33 5 14 32 6.96245171630185755 15 1 5 4 29 2.70999124060388841 11 31 8 3 13 1 11.879336953163147 19.4546142413712921 
18 26 13 12 12 2 17 15 1 1 3 4 2 33 5 14 32 6.96245171630185755 15 1 5 9 19 11 11 31 8 3 13 1 11.4539898633956909 22.1532906334840405 
12 5 9 15 6 2.70999124060388841 2 25 11 6 25 5 3 24 3 14 18 12 1 26 4 13 20 8 4 24 2 1 26 4 7.77696788311004639 114.653968253968245 
1 26 2.70999124060388841 16 24 5 13 16 4 5 6 3 3 31 8 13 30 9 14 32 1 1 25 13 16 26 1 6 1 5 8.22972774505615234 88.6324175824175882 
18 26 13 14 20 3 17 15 1 1 3 4 6 24 2 14 32 6.96245171630185755 15 1 5 4 28 4 11 31 8 3 13 1 10.205842137336731 40.1736364608611254 
18 26 13 3.36768017929769181 12 2 17 15 1 1 3 4 2 33 5 14 32 6.96245171630185755 15 1 5 4 26 8 11 31 8 3 13 1 11.0833319425582886 26.1234644582470636 
18 26 13 4 30 2 17 15 1 1 3 4 2 33 5 14 32 6.96245171630185755 15 1 5 12 6 2.70999124060388841 11 31 8 3 13 1 10.798474907875061 26.6980679647664623 
1 1 1 14 24 2 17 20 13 3 32 7 3 19 4 14 6 5 10 1 10 12 18 6 14 32 2.70999124060388841 4 6 4 7.92699003219604492 93.5412698412698376 
18 26 13 3 12 2.70999124060388841 17 15 1 1 3 4 2 33 5 14 32 6.96245171630185755 15 1 5 4 29 2.70999124060388841 11 31 8 3 13 1 11.9024989604949951 18.8984496576675127 
6 12 12 14 16 2 16 18 2.70999124060388841 1 1 7 9.25570237641795579 24 11 6 26 13 4.94126535182462057 25 5 13.2195649013323386 3 8 10 20 9 14 31.8448655754823804 11 8.50046777725219727 73.3144297525422814 
4 5.34074699537910114 10 14 1 6 16 24 1 14 24 4 15 26 10 15 5 9 6 12 6.96245171630185755 13 25 10 3 26 12 14 9 3 7.66392996907234192 118.633333333333326 

Current Evaluation = 40000000(40000100)
Front Size = 38
16 5.34074699537910114 2 14 6 10 17 15 1 1 16 8 2 33 5 14 32 6.96245171630185755 15 1 5 10 19 6 9 26 2.70999124060388841 3 13 1 10.4234028160572052 39.901568903046865 
12 25 12 13 24 11 17 15 1 1 3 4 2 33 5 14 32 6.96245171630185755 15 1 5 15 6 11 11 31 8 3 13 1 10.0020018815994263 47.7403884216426349 
14 20 12 8 25 7 17 15 1 16 9 2.70999124060388841 4 6 7 14 32 6.96245171630185755 15 1 5 4 29 2.70999124060388841 6 6 12 3 13 1 9.07746690511703491 60.9523654773720907 
14 1 7 4 6 8 17 15 1 1 3 4 2 33 5 14 32 6.96245171630185755 15 1 5 4 29 2.70999124060388841 11 31 8 3 13 1 10.6248397827148438 35.2984422984422963 
3 6 7 6 25 6 14 30 5 10 31 8 3 6 1 1 20 2 9 15 13 4 12 6 6 26 10 14 3 13 8.33626890182495117 76.3047619047619037 
18 26 13 4 30 1 17 15 1 1 3 4 5 26 6 14 32 6.96245171630185755 15 1 5 6 26 7 11 31 8 15 30 2.70999124060388841 9.89624392986297607 55.963672525973621 
18 26 13 4 20 2.70999124060388841 17 15 1 1 3 4 2 33 5 14 32 6.96245171630185755 15 1 5 4 29 2.70999124060388841 11 31 8 3 13 1 11.805540919303894 19.9326330532212914 
18 26 13 7 2 2 17 15 1 1 3 4 2 33 5 14 32 6.96245171630185755 15 1 5 4 29 2.70999124060388841 12 30 8 3 13 1 12.5716290473937988 18.0326372007039062 
18 26 13 7 2 2 17 15 1 1 3 4 2 33 5 14 32 6.96245171630185755 15 1 5 4 29 2.70999124060388841 11 31 8 3 13 1 13.211993932723999 15.9559580037924746 
4 25 8 3.36768017929769181 6 7 17 15 1 1 3 4 6 24 7 14 32 6.96245171630185755 15 1 5 4 29 2.70999124060388841 11 31 8 3 13 1 9.9012787938117981 49.9970095042088758 
18 26 13 12 5.34074699537910114 2 17 15 1 1 3 4 2 33 5 14 32 6.96245171630185755 15 1 5 4 29 2.70999124060388841 9 18 13 3 13 1 11.7837260961532593 21.2365811389101893 
12 24 2 14 12 2.70999124060388841 17 24 4 6 1 13 3 18 13 12 30 11 16 11 11 14 31 11 1 24 1 13 32 9 7.8200070858001709 104.172222222222217 
18 26 13 3 30 2 17 15 1 1 3 4 2 33 5 14 32 6.96245171630185755 15 1 5 4 24 7 11 31 8 3 13 1 10.7876690030097961 33.8272818826527271 
18 26 13 12 25 2.70999124060388841 17 15 1 1 3 4 2 33 5 14 32 6.96245171630185755 15 1 5 4 29 2.70999124060388841 11 31 8 3 13 1 11.9417510032653809 18.0553813322234404 
18 26 13 7 2 2 17 15 1 1 3 4 2 33 5 14 32 6.96245171630185755 15 1 5 4 29 2.70999124060388841 9 31 11 3 13 1 12.7419708967208862 17.3095244781843753 
15 24 3 1 1 6 14 20 4 14 26 6 17 9 1 14 16 12 15 24 2 16 19 10 13 6 9 2 26 10 7.87131491303443909 97.7095238095238017 
18 26 13 4 6 12 17 15 1 1 3 4 2 33 5 14 32 6.96245171630185755 15 1 5 12 26 2 11 31 8 3 13 1 10.9735569357872009 26.2801615283412353 
15 5 2.70999124060388841 14 24 9 3 25 6 13 32 4 14 25 10 12 1 9 1 32 9 14 15 10 15 26 3 15 24 13 7.07281392812728882 129.808225108225116 
4 30 2.70999124060388841 13 14 12 17 15 1 1 3 4 15 26 10 14 32 6.96245171630185755 15 1 5 4 29 2.70999124060388841 11 31 8 3 13 1 10.0846748352050781 46.592981151838643 
16 25 2 14 31 4 4 6 11 1 32 9 3.36768017929769181 19 2 4 31 8 16 26 2 12 11 12 4 8 2 1 16.1354543567662532 9 8.84715482592582703 69.2950617283950692 
18 26 13 4 25 12 17 15 1 1 3 4 2 33 5 14 32 6.96245171630185755 15 1 5 12 26 12 11 31 8 3 13 1 11.1353698968887329 25.7236220555708357 
18 26 13 7 2 2 17 15 1 1 3 4 2 33 5 14 32 6.96245171630185755 15 1 5 12 19 2 11 31 8 3 13 1 12.6046088933944702 17.5327723320403166 
18 26 13 14 20 2.70999124060388841 17 15 1 1 3 4 4 30 5 14 32 6.96245171630185755 15 1 5 6 25 10 11 31 8 3 13 1 9.59111303091049194 57.2523554364701681 
18 26 13 3 20 2 17 15 1 1 3 4 2 33 5 14 32 6.96245171630185755 15 1 5 4 29 2.70999124060388841 11 31 8 3 13 1 11.879336953163147 19.4546142413712921 
18 26 13 12 12 2 17 15 1 1 3 4 2 33 5 14 32 6.96245171630185755 15 1 5 9 19 11 11 31 8 3 13 1 11.4539898633956909 22.1532906334840405 
18 26 13 14 20 3 17 15 1 1 3 4 6 24 2 14 32 6.96245171630185755 15 1 5 4 28 4 11 31 8 3 13 1 10.205842137336731 40.1736364608611254 
18 26 13 3.36768017929769181 12 2 17 15 1 1 3 4 2 33 5 14 32 6.96245171630185755 15 1 5 4 26 8 11 31 8 3 13 1 11.0833319425582886 26.1234644582470636 
18 26 13 4 30 2 17 15 1 1 3 4 2 33 5 14 32 6.96245171630185755 15 1 5 12 6 2.70999124060388841 11 31 8 3 13 1 10.798474907875061 26.6980679647664623 
1 1 1 14 24 2 17 20 13 3 32 7 3 19 4 14 6 5 10 1 10 12 18 6 14 32 2.70999124060388841 4 6 4 7.92699003219604492 93.5412698412698376 
18 26 13 3 12 2.70999124060388841 17 15 1 1 3 4 2 33 5 14 32 6.96245171630185755 15 1 5 4 29 2.70999124060388841 11 31 8 3 13 1 11.9024989604949951 18.8984496576675127 
6 12 12 14 16 2 16 18 2.70999124060388841 1 1 7 9.25570237641795579 24 11 6 26 13 4.94126535182462057 25 5 13.2195649013323386 3 8 10 20 9 14 31.8448655754823804 11 8.50046777725219727 73.3144297525422814 
18 26 13 9 25 2 17 15 1 1 3 4 2 33 5 14 32 6.96245171630185755 15 1 5 4 29 2.70999124060388841 12 30 11 3 13 1 11.3714489936828613 23.3638008666576233 
14 25 10 6 24 2.70999124060388841 6 31 7 6 1 7 1 19 10 3 18 11 13 30 4 15 2 13 12 24 11 13 20 5 7.6964380145072937 110.722222222222214 
14 32 4 13 15 13 17 9 2 6 24 5 14 30 5 17 14 13 15 26 9 1 33 11 4 30 10 12 25 2 8.05526897311210632 88.0174603174603192 
6 31 11 13 6 5 15 15 13 16 12 8 15 30 5 14 24 2.70999124060388841 16 31 11 14 31 3 9.25570237641795579 18 2 1 32 11 7.56975287199020386 117.720952380952369 
8 3 2.70999124060388841 17 30 8 14 1 6.96245171630185755 12 32 5 9 2 10 14 12 9 3 26 11 2 24 7 13 15 10 15 20 9 8.14672800898551941 83.5476836888601753 
18 26 13 4 11 2 17 15 1 1 3 4 2 33 5 14 32 6.96245171630185755 15 1 5 12 12 2.70999124060388841 11 31 8 3 13 1 11.3513909578323364 25.1085605803658538 
12 6 11 14 12 2.70999124060388841 17 15 1 1 3 4 2 33 5 14 32 6.96245171630185755 15 1 5 4 29 2.70999124060388841 11 31 8 3 13 1 10.6705438494682312 34.6588405452258783 

Current Evaluation = 50000000(50000020)
Front Size = 43
16 5.34074699537910114 2 14 6 10 17 15 1 1 16 8 2 33 5 14 32 6.96245171630185755 15 1 5 10 19 6 9 26 2.70999124060388841 3 13 1 10.4234028160572052 39.901568903046865 
14 20 12 8 25 7 17 15 1 16 9 2.70999124060388841 4 6 7 14 32 6.96245171630185755 15 1 5 4 29 2.70999124060388841 6 6 12 3 13 1 9.07746690511703491 60.9523654773720907 
14 1 7 4 6 8 17 15 1 1 3 4 2 33 5 14 32 6.96245171630185755 15 1 5 4 29 2.70999124060388841 11 31 8 3 13 1 10.6248397827148438 35.2984422984422963 
3 6 7 6 25 6 14 30 5 10 31 8 3 6 1 1 20 2 9 15 13 4 12 6 6 26 10 14 3 13 8.33626890182495117 76.3047619047619037 
18 26 13 4 20 2.70999124060388841 17 15 1 1 3 4 2 33 5 14 32 6.96245171630185755 15 1 5 4 29 2.70999124060388841 11 31 8 3 13 1 11.805540919303894 19.9326330532212914 
18 26 13 7 2 2 17 15 1 1 3 4 2 33 5 14 32 6.96245171630185755 15 1 5 4 29 2.70999124060388841 12 30 8 3 13 1 12.5716290473937988 18.0326372007039062 
18 26 13 7 2 2 17 15 1 1 3 4 2 33 5 14 32 6.96245171630185755 15 1 5 4 29 2.70999124060388841 11 31 8 3 13 1 13.211993932723999 15.9559580037924746 
4 25 8 3.36768017929769181 6 7 17 15 1 1 3 4 6 24 7 14 32 6.96245171630185755 15 1 5 4 29 2.70999124060388841 11 31 8 3 13 1 9.9012787938117981 49.9970095042088758 
18 26 13 12 5.34074699537910114 2 17 15 1 1 3 4 2 33 5 14 32 6.96245171630185755 15 1 5 4 29 2.70999124060388841 9 18 13 3 13 1 11.7837260961532593 21.2365811389101893 
12 24 2 14 12 2.70999124060388841 17 24 4 6 1 13 3 18 13 12 30 11 16 11 11 14 31 11 1 24 1 13 32 9 7.8200070858001709 104.172222222222217 
18 26 13 12 25 2.70999124060388841 17 15 1 1 3 4 2 33 5 14 32 6.96245171630185755 15 1 5 4 29 2.70999124060388841 11 31 8 3 13 1 11.9417510032653809 18.0553813322234404 
18 26 13 7 2 2 17 15 1 1 3 4 2 33 5 14 32 6.96245171630185755 15 1 5 4 29 2.70999124060388841 9 31 11 3 13 1 12.7419708967208862 17.3095244781843753 
15 24 3 1 1 6 14 20 4 14 26 6 17 9 1 14 16 12 15 24 2 16 19 10 13 6 9 2 26 10 7.87131491303443909 97.7095238095238017 
18 26 13 4 6 12 17 15 1 1 3 4 2 33 5 14 32 6.96245171630185755 15 1 5 12 26 2 11 31 8 3 13 1 10.9735569357872009 26.2801615283412353 
15 5 2.70999124060388841 14 24 9 3 25 6 13 32 4 14 25 10 12 1 9 1 32 9 14 15 10 15 26 3 15 24 13 7.07281392812728882 129.808225108225116 
16 25 2 14 31 4 4 6 11 1 32 9 3.36768017929769181 19 2 4 31 8 16 26 2 12 11 12 4 8 2 1 16.1354543567662532 9 8.84715482592582703 69.2950617283950692 
18 26 13 4 25 12 17 15 1 1 3 4 2 33 5 14 32 6.96245171630185755 15 1 5 12 26 12 11 31 8 3 13 1 11.1353698968887329 25.7236220555708357 
18 26 13 7 2 2 17 15 1 1 3 4 2 33 5 14 32 6.96245171630185755 15 1 5 12 19 2 11 31 8 3 13 1 12.6046088933944702 17.5327723320403166 
18 26 13 14 20 2.70999124060388841 17 15 1 1 3 4 4 30 5 14 32 6.96245171630185755 15 1 5 6 25 10 11 31 8 3 13 1 9.59111303091049194 57.2523554364701681 
18 26 13 3 20 2 17 15 1 1 3 4 2 33 5 14 32 6.96245171630185755 15 1 5 4 29 2.70999124060388841 11 31 8 3 13 1 11.879336953163147 19.4546142413712921 
18 26 13 12 12 2 17 15 1 1 3 4 2 33 5 14 32 6.96245171630185755 15 1 5 9 19 11 11 31 8 3 13 1 11.4539898633956909 22.1532906334840405 
18 26 13 14 20 3 17 15 1 1 3 4 6 24 2 14 32 6.96245171630185755 15 1 5 4 28 4 11 31 8 3 13 1 10.205842137336731 40.1736364608611254 
18 26 13 3.36768017929769181 12 2 17 15 1 1 3 4 2 33 5 14 32 6.96245171630185755 15 1 5 4 26 8 11 31 8 3 13 1 11.0833319425582886 26.1234644582470636 
18 26 13 4 30 2 17 15 1 1 3 4 2 33 5 14 32 6.96245171630185755 15 1 5 12 6 2.70999124060388841 11 31 8 3 13 1 10.798474907875061 26.6980679647664623 
1 1 1 14 24 2 17 20 13 3 32 7 3 19 4 14 6 5 10 1 10 12 18 6 14 32 2.70999124060388841 4 6 4 7.92699003219604492 93.5412698412698376 
18 26 13 3 12 2.70999124060388841 17 15 1 1 3 4 2 33 5 14 32 6.96245171630185755 15 1 5 4 29 2.70999124060388841 11 31 8 3 13 1 11.9024989604949951 18.8984496576675127 
6 12 12 14 16 2 16 18 2.70999124060388841 1 1 7 9.25570237641795579 24 11 6 26 13 4.94126535182462057 25 5 13.2195649013323386 3 8 10 20 9 14 31.8448655754823804 11 8.50046777725219727 73.3144297525422814 
18 26 13 9 25 2 17 15 1 1 3 4 2 33 5 14 32 6.96245171630185755 15 1 5 4 29 2.70999124060388841 12 30 11 3 13 1 11.3714489936828613 23.3638008666576233 
14 25 10 6 24 2.70999124060388841 6 31 7 6 1 7 1 19 10 3 18 11 13 30 4 15 2 13 12 24 11 13 20 5 7.6964380145072937 110.722222222222214 
14 32 4 13 15 13 17 9 2 6 24 5 14 30 5 17 14 13 15 26 9 1 33 11 4 30 10 12 25 2 8.05526897311210632 88.0174603174603192 
6 31 11 13 6 5 15 15 13 16 12 8 15 30 5 14 24 2.70999124060388841 16 31 11 14 31 3 9.25570237641795579 18 2 1 32 11 7.56975287199020386 117.720952380952369 
8 3 2.70999124060388841 17 30 8 14 1 6.96245171630185755 12 32 5 9 2 10 14 12 9 3 26 11 2 24 7 13 15 10 15 20 9 8.14672800898551941 83.5476836888601753 
12 6 11 14 12 2.70999124060388841 17 15 1 1 3 4 2 33 5 14 32 6.96245171630185755 15 1 5 4 29 2.70999124060388841 11 31 8 3 13 1 10.6705438494682312 34.6588405452258783 
13 1 10 15 16 9 1 31 2 4 24 2.70999124060388841 6 26 10 12 6 11 13 12 9 15 24 2 16 7 11 14 31 10 7.83705884218215942 100.147619047619045 
18 26 13 3 16 2 17 15 1 1 3 4 2 33 5 14 32 6.96245171630185755 15 1 5 4 6 2.70999124060388841 11 31 8 3 13 1 11.2427029609680176 23.9438487523155743 
4 12 11 3.36768017929769181 30 13 17 15 1 1 3 4 2 33 5 14 32 6.96245171630185755 15 1 5 9.25570237641795579 1 13 4 8 2 3 13 1 9.99331581592559814 47.5197059808934128 
3.36768017929769181 12 1 9 20 12 17 15 1 1 3 4 14 24 9 14 32 6.96245171630185755 15 1 5 4 29 2.70999124060388841 11 31 8 3 13 1 10.0368878245353699 41.1783768451773895 
4 6 2 12 25 3 17 15 1 1 3 4 2 33 5 14 32 6.96245171630185755 15 1 5 14 26 3 11 31 8 3 13 1 9.84320181608200073 52.8573066042337345 
18 26 13 12 5 2 17 15 1 1 3 4 2 33 5 14 32 6.96245171630185755 15 1 5 2 6 2.70999124060388841 11 31 8 3 13 1 11.2227280139923096 24.9140543461763393 
18 26 13 12 20 2.70999124060388841 17 15 1 1 3 4 2 33 5 14 32 6.96245171630185755 15 1 5 4 29 2.70999124060388841 11 31 8 3 13 1 11.8729640245437622 19.8303876676118485 
14 20 5 12 26 8 17 15 1 1 3 4 2 33 5 14 32 6.96245171630185755 15 1 5 4 29 2.70999124060388841 11 31 8 3 13 1 10.7706868052482605 30.8619489526455411 
18 26 13 14 24 9 17 15 1 1 3 4 12 20 11 14 32 6.96245171630185755 15 1 5 14 19 5 11 31 8 3 13 1 9.73607909679412842 53.9357283355948383 
18 26 13 14 20 9 17 15 1 1 3 4 2 33 5 14 32 6.96245171630185755 15 1 5 3 12 11 11 31 8 4 6 7 10.001689076423645 45.1177674319618021 

Current Evaluation = 60000000(60000080)
Front Size = 43
14 20 12 8 25 7 17 15 1 16 9 2.70999124060388841 4 6 7 14 32 6.96245171630185755 15 1 5 4 29 2.70999124060388841 6 6 12 3 13 1 9.07746690511703491 60.9523654773720907 
14 1 7 4 6 8 17 15 1 1 3 4 2 33 5 14 32 6.96245171630185755 15 1 5 4 29 2.70999124060388841 11 31 8 3 13 1 10.6248397827148438 35.2984422984422963 
3 6 7 6 25 6 14 30 5 10 31 8 3 6 1 1 20 2 9 15 13 4 12 6 6 26 10 14 3 13 8.33626890182495117 76.3047619047619037 
18 26 13 4 20 2.70999124060388841 17 15 1 1 3 4 2 33 5 14 32 6.96245171630185755 15 1 5 4 29 2.70999124060388841 11 31 8 3 13 1 11.805540919303894 19.9326330532212914 
18 26 13 7 2 2 17 15 1 1 3 4 2 33 5 14 32 6.96245171630185755 15 1 5 4 29 2.70999124060388841 12 30 8 3 13 1 12.5716290473937988 18.0326372007039062 
18 26 13 7 2 2 17 15 1 1 3 4 2 33 5 14 32 6.96245171630185755 15 1 5 4 29 2.70999124060388841 11 31 8 3 13 1 13.211993932723999 15.9559580037924746 
4 25 8 3.36768017929769181 6 7 17 15 1 1 3 4 6 24 7 14 32 6.96245171630185755 15 1 5 4 29 2.70999124060388841 11 31 8 3 13 1 9.9012787938117981 49.9970095042088758 
18 26 13 12 5.34074699537910114 2 17 15 1 1 3 4 2 33 5 14 32 6.96245171630185755 15 1 5 4 29 2.70999124060388841 9 18 13 3 13 1 11.7837260961532593 21.2365811389101893 
12 24 2 14 12 2.70999124060388841 17 24 4 6 1 13 3 18 13 12 30 11 16 11 11 14 31 11 1 24 1 13 32 9 7.8200070858001709 104.172222222222217 
18 26 13 12 25 2.70999124060388841 17 15 1 1 3 4 2 33 5 14 32 6.96245171630185755 15 1 5 4 29 2.70999124060388841 11 31 8 3 13 1 11.9417510032653809 18.0553813322234404 
15 24 3 1 1 6 14 20 4 14 26 6 17 9 1 14 16 12 15 24 2 16 19 10 13 6 9 2 26 10 7.87131491303443909 97.7095238095238017 
18 26 13 4 6 12 17 15 1 1 3 4 2 33 5 14 32 6.96245171630185755 15 1 5 12 26 2 11 31 8 3 13 1 10.9735569357872009 26.2801615283412353 
15 5 2.70999124060388841 14 24 9 3 25 6 13 32 4 14 25 10 12 1 9 1 32 9 14 15 10 15 26 3 15 24 13 7.07281392812728882 129.808225108225116 
16 25 2 14 31 4 4 6 11 1 32 9 3.36768017929769181 19 2 4 31 8 16 26 2 12 11 12 4 8 2 1 16.1354543567662532 9 8.84715482592582703 69.2950617283950692 
18 26 13 4 25 12 17 15 1 1 3 4 2 33 5 14 32 6.96245171630185755 15 1 5 12 26 12 11 31 8 3 13 1 11.1353698968887329 25.7236220555708357 
18 26 13 7 2 2 17 15 1 1 3 4 2 33 5 14 32 6.96245171630185755 15 1 5 12 19 2 11 31 8 3 13 1 12.6046088933944702 17.5327723320403166 
18 26 13 14 20 2.70999124060388841 17 15 1 1 3 4 4 30 5 14 32 6.96245171630185755 15 1 5 6 25 10 11 31 8 3 13 1 9.59111303091049194 57.2523554364701681 
18 26 13 12 12 2 17 15 1 1 3 4 2 33 5 14 32 6.96245171630185755 15 1 5 9 19 11 11 31 8 3 13 1 11.4539898633956909 22.1532906334840405 
18 26 13 14 20 3 17 15 1 1 3 4 6 24 2 14 32 6.96245171630185755 15 1 5 4 28 4 11 31 8 3 13 1 10.205842137336731 40.1736364608611254 
18 26 13 3.36768017929769181 12 2 17 15 1 1 3 4 2 33 5 14 32 6.96245171630185755 15 1 5 4 26 8 11 31 8 3 13 1 11.0833319425582886 26.1234644582470636 
18 26 13 4 30 2 17 15 1 1 3 4 2 33 5 14 32 6.96245171630185755 15 1 5 12 6 2.70999124060388841 11 31 8 3 13 1 10.798474907875061 26.6980679647664623 
1 1 1 14 24 2 17 20 13 3 32 7 3 19 4 14 6 5 10 1 10 12 18 6 14 32 2.70999124060388841 4 6 4 7.92699003219604492 93.5412698412698376 
18 26 13 3 12 2.70999124060388841 17 15 1 1 3 4 2 33 5 14 32 6.96245171630185755 15 1 5 4 29 2.70999124060388841 11 31 8 3 13 1 11.9024989604949951 18.8984496576675127 
6 12 12 14 16 2 16 18 2.70999124060388841 1 1 7 9.25570237641795579 24 11 6 26 13 4.94126535182462057 25 5 13.2195649013323386 3 8 10 20 9 14 31.8448655754823804 11 8.50046777725219727 73.3144297525422814 
18 26 13 9 25 2 17 15 1 1 3 4 2 33 5 14 32 6.96245171630185755 15 1 5 4 29 2.70999124060388841 12 30 11 3 13 1 11.3714489936828613 23.3638008666576233 
14 32 4 13 15 13 17 9 2 6 24 5 14 30 5 17 14 13 15 26 9 1 33 11 4 30 10 12 25 2 8.05526897311210632 88.0174603174603192 
6 31 11 13 6 5 15 15 13 16 12 8 15 30 5 14 24 2.70999124060388841 16 31 11 14 31 3 9.25570237641795579 18 2 1 32 11 7.56975287199020386 117.720952380952369 
8 3 2.70999124060388841 17 30 8 14 1 6.96245171630185755 12 32 5 9 2 10 14 12 9 3 26 11 2 24 7 13 15 10 15 20 9 8.14672800898551941 83.5476836888601753 
12 6 11 14 12 2.70999124060388841 17 15 1 1 3 4 2 33 5 14 32 6.96245171630185755 15 1 5 4 29 2.70999124060388841 11 31 8 3 13 1 10.6705438494682312 34.6588405452258783 
13 1 10 15 16 9 1 31 2 4 24 2.70999124060388841 6 26 10 12 6 11 13 12 9 15 24 2 16 7 11 14 31 10 7.83705884218215942 100.147619047619045 
18 26 13 3 16 2 17 15 1 1 3 4 2 33 5 14 32 6.96245171630185755 15 1 5 4 6 2.70999124060388841 11 31 8 3 13 1 11.2427029609680176 23.9438487523155743 
4 12 11 3.36768017929769181 30 13 17 15 1 1 3 4 2 33 5 14 32 6.96245171630185755 15 1 5 9.25570237641795579 1 13 4 8 2 3 13 1 9.99331581592559814 47.5197059808934128 
3.36768017929769181 12 1 9 20 12 17 15 1 1 3 4 14 24 9 14 32 6.96245171630185755 15 1 5 4 29 2.70999124060388841 11 31 8 3 13 1 10.0368878245353699 41.1783768451773895 
4 6 2 12 25 3 17 15 1 1 3 4 2 33 5 14 32 6.96245171630185755 15 1 5 14 26 3 11 31 8 3 13 1 9.84320181608200073 52.8573066042337345 
18 26 13 12 5 2 17 15 1 1 3 4 2 33 5 14 32 6.96245171630185755 15 1 5 2 6 2.70999124060388841 11 31 8 3 13 1 11.2227280139923096 24.9140543461763393 
14 20 5 12 26 8 17 15 1 1 3 4 2 33 5 14 32 6.96245171630185755 15 1 5 4 29 2.70999124060388841 11 31 8 3 13 1 10.7706868052482605 30.8619489526455411 
18 26 13 14 24 9 17 15 1 1 3 4 12 20 11 14 32 6.96245171630185755 15 1 5 14 19 5 11 31 8 3 13 1 9.73607909679412842 53.9357283355948383 
18 26 13 14 20 9 17 15 1 1 3 4 2 33 5 14 32 6.96245171630185755 15 1 5 3 12 11 11 31 8 4 6 7 10.001689076423645 45.1177674319618021 
18 26 13 12 20 2 17 15 1 1 3 4 2 33 5 14 32 6.96245171630185755 15 1 5 4 29 2.70999124060388841 11 31 8 3 13 1 11.8729640245437622 18.90641844585301 
4 30 3 1 6 4 14 26 2 1 31 10 2 26 9 1 3 4 17 18 7 15 12 6 3 31 11 4 25 11 7.67719095945358276 107.927777777777777 
18 26 13 4 12 2 17 15 1 1 3 4 2 33 5 14 32 6.96245171630185755 15 1 5 4 29 2.70999124060388841 11 31 8 3 13 1 11.8287029266357422 19.5964370726697972 
4 12 13 6 2 2.70999124060388841 17 15 1 1 3 4 2 33 5 14 32 6.96245171630185755 15 1 5 4 24 6.96245171630185755 11 31 8 3 13 1 10.2386819124221802 37.1990709290709347 
18 26 13 7 2 2 17 15 1 1 3 4 6 28 9 14 32 6.96245171630185755 15 1 5 4 29 2.70999124060388841 11 31 8 3 13 1 12.7340759038925171 17.191814068104911 

Current Evaluation = 70000000(70000000)
Front Size = 42
14 20 12 8 25 7 17 15 1 16 9 2.70999124060388841 4 6 7 14 32 6.96245171630185755 15 1 5 4 29 2.70999124060388841 6 6 12 3 13 1 9.07746690511703491 60.9523654773720907 
14 1 7 4 6 8 17 15 1 1 3 4 2 33 5 14 32 6.96245171630185755 15 1 5 4 29 2.70999124060388841 11 31 8 3 13 1 10.6248397827148438 35.2984422984422963 
3 6 7 6 25 6 14 30 5 10 31 8 3 6 1 1 20 2 9 15 13 4 12 6 6 26 10 14 3 13 8.33626890182495117 76.3047619047619037 
18 26 13 4 20 2.70999124060388841 17 15 1 1 3 4 2 33 5 14 32 6.96245171630185755 15 1 5 4 29 2.70999124060388841 11 31 8 3 13 1 11.805540919303894 19.9326330532212914 
18 26 13 7 2 2 17 15 1 1 3 4 2 33 5 14 32 6.96245171630185755 15 1 5 4 29 2.70999124060388841 12 30 8 3 13 1 12.5716290473937988 18.0326372007039062 
18 26 13 7 2 2 17 15 1 1 3 4 2 33 5 14 32 6.96245171630185755 15 1 5 4 29 2.70999124060388841 11 31 8 3 13 1 13.211993932723999 15.9559580037924746 
4 25 8 3.36768017929769181 6 7 17 15 1 1 3 4 6 24 7 14 32 6.96245171630185755 15 1 5 4 29 2.70999124060388841 11 31 8 3 13 1 9.9012787938117981 49.9970095042088758 
18 26 13 12 5.34074699537910114 2 17 15 1 1 3 4 2 33 5 14 32 6.96245171630185755 15 1 5 4 29 2.70999124060388841 9 18 13 3 13 1 11.7837260961532593 21.2365811389101893 
12 24 2 14 12 2.70999124060388841 17 24 4 6 1 13 3 18 13 12 30 11 16 11 11 14 31 11 1 24 1 13 32 9 7.8200070858001709 104.172222222222217 
18 26 13 12 25 2.70999124060388841 17 15 1 1 3 4 2 33 5 14 32 6.96245171630185755 15 1 5 4 29 2.70999124060388841 11 31 8 3 13 1 11.9417510032653809 18.0553813322234404 
15 24 3 1 1 6 14 20 4 14 26 6 17 9 1 14 16 12 15 24 2 16 19 10 13 6 9 2 26 10 7.87131491303443909 97.7095238095238017 
18 26 13 4 6 12 17 15 1 1 3 4 2 33 5 14 32 6.96245171630185755 15 1 5 12 26 2 11 31 8 3 13 1 10.9735569357872009 26.2801615283412353 
15 5 2.70999124060388841 14 24 9 3 25 6 13 32 4 14 25 10 12 1 9 1 32 9 14 15 10 15 26 3 15 24 13 7.07281392812728882 129.808225108225116 
16 25 2 14 31 4 4 6 11 1 32 9 3.36768017929769181 19 2 4 31 8 16 26 2 12 11 12 4 8 2 1 16.1354543567662532 9 8.84715482592582703 69.2950617283950692 
18 26 13 7 2 2 17 15 1 1 3 4 2 33 5 14 32 6.96245171630185755 15 1 5 12 19 2 11 31 8 3 13 1 12.6046088933944702 17.5327723320403166 
18 26 13 14 20 2.70999124060388841 17 15 1 1 3 4 4 30 5 14 32 6.96245171630185755 15 1 5 6 25 10 11 31 8 3 13 1 9.59111303091049194 57.2523554364701681 
18 26 13 12 12 2 17 15 1 1 3 4 2 33 5 14 32 6.96245171630185755 15 1 5 9 19 11 11 31 8 3 13 1 11.4539898633956909 22.1532906334840405 
18 26 13 14 20 3 17 15 1 1 3 4 6 24 2 14 32 6.96245171630185755 15 1 5 4 28 4 11 31 8 3 13 1 10.205842137336731 40.1736364608611254 
18 26 13 3.36768017929769181 12 2 17 15 1 1 3 4 2 33 5 14 32 6.96245171630185755 15 1 5 4 26 8 11 31 8 3 13 1 11.0833319425582886 26.1234644582470636 
18 26 13 4 30 2 17 15 1 1 3 4 2 33 5 14 32 6.96245171630185755 15 1 5 12 6 2.70999124060388841 11 31 8 3 13 1 10.798474907875061 26.6980679647664623 
1 1 1 14 24 2 17 20 13 3 32 7 3 19 4 14 6 5 10 1 10 12 18 6 14 32 2.70999124060388841 4 6 4 7.92699003219604492 93.5412698412698376 
18 26 13 3 12 2.70999124060388841 17 15 1 1 3 4 2 33 5 14 32 6.96245171630185755 15 1 5 4 29 2.70999124060388841 11 31 8 3 13 1 11.9024989604949951 18.8984496576675127 
6 12 12 14 16 2 16 18 2.70999124060388841 1 1 7 9.25570237641795579 24 11 6 26 13 4.94126535182462057 25 5 13.2195649013323386 3 8 10 20 9 14 31.8448655754823804 11 8.50046777725219727 73.3144297525422814 
18 26 13 9 25 2 17 15 1 1 3 4 2 33 5 14 32 6.96245171630185755 15 1 5 4 29 2.70999124060388841 12 30 11 3 13 1 11.3714489936828613 23.3638008666576233 
14 32 4 13 15 13 17 9 2 6 24 5 14 30 5 17 14 13 15 26 9 1 33 11 4 30 10 12 25 2 8.05526897311210632 88.0174603174603192 
6 31 11 13 6 5 15 15 13 16 12 8 15 30 5 14 24 2.70999124060388841 16 31 11 14 31 3 9.25570237641795579 18 2 1 32 11 7.56975287199020386 117.720952380952369 
8 3 2.70999124060388841 17 30 8 14 1 6.96245171630185755 12 32 5 9 2 10 14 12 9 3 26 11 2 24 7 13 15 10 15 20 9 8.14672800898551941 83.5476836888601753 
12 6 11 14 12 2.70999124060388841 17 15 1 1 3 4 2 33 5 14 32 6.96245171630185755 15 1 5 4 29 2.70999124060388841 11 31 8 3 13 1 10.6705438494682312 34.6588405452258783 
13 1 10 15 16 9 1 31 2 4 24 2.70999124060388841 6 26 10 12 6 11 13 12 9 15 24 2 16 7 11 14 31 10 7.83705884218215942 100.147619047619045 
18 26 13 3 16 2 17 15 1 1 3 4 2 33 5 14 32 6.96245171630185755 15 1 5 4 6 2.70999124060388841 11 31 8 3 13 1 11.2427029609680176 23.9438487523155743 
4 12 11 3.36768017929769181 30 13 17 15 1 1 3 4 2 33 5 14 32 6.96245171630185755 15 1 5 9.25570237641795579 1 13 4 8 2 3 13 1 9.99331581592559814 47.5197059808934128 
14 20 5 12 26 8 17 15 1 1 3 4 2 33 5 14 32 6.96245171630185755 15 1 5 4 29 2.70999124060388841 11 31 8 3 13 1 10.7706868052482605 30.8619489526455411 
18 26 13 14 20 9 17 15 1 1 3 4 2 33 5 14 32 6.96245171630185755 15 1 5 3 12 11 11 31 8 4 6 7 10.001689076423645 45.1177674319618021 
18 26 13 12 20 2 17 15 1 1 3 4 2 33 5 14 32 6.96245171630185755 15 1 5 4 29 2.70999124060388841 11 31 8 3 13 1 11.8729640245437622 18.90641844585301 
18 26 13 4 12 2 17 15 1 1 3 4 2 33 5 14 32 6.96245171630185755 15 1 5 4 29 2.70999124060388841 11 31 8 3 13 1 11.8287029266357422 19.5964370726697972 
4 12 13 6 2 2.70999124060388841 17 15 1 1 3 4 2 33 5 14 32 6.96245171630185755 15 1 5 4 24 6.96245171630185755 11 31 8 3 13 1 10.2386819124221802 37.1990709290709347 
18 26 13 7 2 2 17 15 1 1 3 4 6 28 9 14 32 6.96245171630185755 15 1 5 4 29 2.70999124060388841 11 31 8 3 13 1 12.7340759038925171 17.191814068104911 
14 3 4 15 5.34074699537910114 6.96245171630185755 16 26 11 4 15 3.84646942076222631 15 12 4 4 14 2 14 8 9.82524131762891173 1 24 7 14 6 10 3 31 11 7.95605406165122986 92.1616501968181012 
6 26 5 4 25 13 17 15 1 1 3 4 15 24 13 14 32 6.96245171630185755 15 1 5 4 29 2.70999124060388841 11 31 8 3 13 1 10.0250197649002075 40.2693870799924198 
3 32 5 13 12 9 1 20 11 15 6 9 6 15 6 14 20 2 13 31 10 13 26 2.70999124060388841 12 18 13 4 2 12 7.64658892154693604 107.911904761904765 
18 26 13 3 6 2.70999124060388841 17 15 1 1 3 4 2 33 5 14 32 6.96245171630185755 15 1 5 9 24 13 11 31 8 3 13 1 11.1281319856643677 24.3621471693620997 
4 6 2.70999124060388841 14 12 12 17 15 1 1 3 4 2 33 5 14 32 6.96245171630185755 15 1 5 1 25 2 11 31 8 3 13 1 9.67109686136245728 52.6540795805501745 

Current Evaluation = 80000000(80000060)
Front Size = 46
14 20 12 8 25 7 17 15 1 16 9 2.70999124060388841 4 6 7 14 32 6.96245171630185755 15 1 5 4 29 2.70999124060388841 6 6 12 3 13 1 9.07746690511703491 60.9523654773720907 
14 1 7 4 6 8 17 15 1 1 3 4 2 33 5 14 32 6.96245171630185755 15 1 5 4 29 2.70999124060388841 11 31 8 3 13 1 10.6248397827148438 35.2984422984422963 
3 6 7 6 25 6 14 30 5 10 31 8 3 6 1 1 20 2 9 15 13 4 12 6 6 26 10 14 3 13 8.33626890182495117 76.3047619047619037 
18 26 13 4 20 2.70999124060388841 17 15 1 1 3 4 2 33 5 14 32 6.96245171630185755 15 1 5 4 29 2.70999124060388841 11 31 8 3 13 1 11.805540919303894 19.9326330532212914 
18 26 13 7 2 2 17 15 1 1 3 4 2 33 5 14 32 6.96245171630185755 15 1 5 4 29 2.70999124060388841 12 30 8 3 13 1 12.5716290473937988 18.0326372007039062 
18 26 13 7 2 2 17 15 1 1 3 4 2 33 5 14 32 6.96245171630185755 15 1 5 4 29 2.70999124060388841 11 31 8 3 13 1 13.211993932723999 15.9559580037924746 
4 25 8 3.36768017929769181 6 7 17 15 1 1 3 4 6 24 7 14 32 6.96245171630185755 15 1 5 4 29 2.70999124060388841 11 31 8 3 13 1 9.9012787938117981 49.9970095042088758 
18 26 13 12 5.34074699537910114 2 17 15 1 1 3 4 2 33 5 14 32 6.96245171630185755 15 1 5 4 29 2.70999124060388841 9 18 13 3 13 1 11.7837260961532593 21.2365811389101893 
18 26 13 12 25 2.70999124060388841 17 15 1 1 3 4 2 33 5 14 32 6.96245171630185755 15 1 5 4 29 2.70999124060388841 11 31 8 3 13 1 11.9417510032653809 18.0553813322234404 
15 24 3 1 1 6 14 20 4 14 26 6 17 9 1 14 16 12 15 24 2 16 19 10 13 6 9 2 26 10 7.87131491303443909 97.7095238095238017 
18 26 13 4 6 12 17 15 1 1 3 4 2 33 5 14 32 6.96245171630185755 15 1 5 12 26 2 11 31 8 3 13 1 10.9735569357872009 26.2801615283412353 
15 5 2.70999124060388841 14 24 9 3 25 6 13 32 4 14 25 10 12 1 9 1 32 9 14 15 10 15 26 3 15 24 13 7.07281392812728882 129.808225108225116 
16 25 2 14 31 4 4 6 11 1 32 9 3.36768017929769181 19 2 4 31 8 16 26 2 12 11 12 4 8 2 1 16.1354543567662532 9 8.84715482592582703 69.2950617283950692 
18 26 13 7 2 2 17 15 1 1 3 4 2 33 5 14 32 6.96245171630185755 15 1 5 12 19 2 11 31 8 3 13 1 12.6046088933944702 17.5327723320403166 
18 26 13 14 20 2.70999124060388841 17 15 1 1 3 4 4 30 5 14 32 6.96245171630185755 15 1 5 6 25 10 11 31 8 3 13 1 9.59111303091049194 57.2523554364701681 
18 26 13 12 12 2 17 15 1 1 3 4 2 33 5 14 32 6.96245171630185755 15 1 5 9 19 11 11 31 8 3 13 1 11.4539898633956909 22.1532906334840405 
18 26 13 14 20 3 17 15 1 1 3 4 6 24 2 14 32 6.96245171630185755 15 1 5 4 28 4 11 31 8 3 13 1 10.205842137336731 40.1736364608611254 
18 26 13 3.36768017929769181 12 2 17 15 1 1 3 4 2 33 5 14 32 6.96245171630185755 15 1 5 4 26 8 11 31 8 3 13 1 11.0833319425582886 26.1234644582470636 
18 26 13 4 30 2 17 15 1 1 3 4 2 33 5 14 32 6.96245171630185755 15 1 5 12 6 2.70999124060388841 11 31 8 3 13 1 10.798474907875061 26.6980679647664623 
1 1 1 14 24 2 17 20 13 3 32 7 3 19 4 14 6 5 10 1 10 12 18 6 14 32 2.70999124060388841 4 6 4 7.92699003219604492 93.5412698412698376 
18 26 13 3 12 2.70999124060388841 17 15 1 1 3 4 2 33 5 14 32 6.96245171630185755 15 1 5 4 29 2.70999124060388841 11 31 8 3 13 1 11.9024989604949951 18.8984496576675127 
6 12 12 14 16 2 16 18 2.70999124060388841 1 1 7 9.25570237641795579 24 11 6 26 13 4.94126535182462057 25 5 13.2195649013323386 3 8 10 20 9 14 31.8448655754823804 11 8.50046777725219727 73.3144297525422814 
14 32 4 13 15 13 17 9 2 6 24 5 14 30 5 17 14 13 15 26 9 1 33 11 4 30 10 12 25 2 8.05526897311210632 88.0174603174603192 
6 31 11 13 6 5 15 15 13 16 12 8 15 30 5 14 24 2.70999124060388841 16 31 11 14 31 3 9.25570237641795579 18 2 1 32 11 7.56975287199020386 117.720952380952369 
8 3 2.70999124060388841 17 30 8 14 1 6.96245171630185755 12 32 5 9 2 10 14 12 9 3 26 11 2 24 7 13 15 10 15 20 9 8.14672800898551941 83.5476836888601753 
12 6 11 14 12 2.70999124060388841 17 15 1 1 3 4 2 33 5 14 32 6.96245171630185755 15 1 5 4 29 2.70999124060388841 11 31 8 3 13 1 10.6705438494682312 34.6588405452258783 
13 1 10 15 16 9 1 31 2 4 24 2.70999124060388841 6 26 10 12 6 11 13 12 9 15 24 2 16 7 11 14 31 10 7.83705884218215942 100.147619047619045 
18 26 13 3 16 2 17 15 1 1 3 4 2 33 5 14 32 6.96245171630185755 15 1 5 4 6 2.70999124060388841 11 31 8 3 13 1 11.2427029609680176 23.9438487523155743 
4 12 11 3.36768017929769181 30 13 17 15 1 1 3 4 2 33 5 14 32 6.96245171630185755 15 1 5 9.25570237641795579 1 13 4 8 2 3 13 1 9.99331581592559814 47.5197059808934128 
14 20 5 12 26 8 17 15 1 1 3 4 2 33 5 14 32 6.96245171630185755 15 1 5 4 29 2.70999124060388841 11 31 8 3 13 1 10.7706868052482605 30.8619489526455411 
18 26 13 14 20 9 17 15 1 1 3 4 2 33 5 14 32 6.96245171630185755 15 1 5 3 12 11 11 31 8 4 6 7 10.001689076423645 45.1177674319618021 
18 26 13 12 20 2 17 15 1 1 3 4 2 33 5 14 32 6.96245171630185755 15 1 5 4 29 2.70999124060388841 11 31 8 3 13 1 11.8729640245437622 18.90641844585301 
18 26 13 4 12 2 17 15 1 1 3 4 2 33 5 14 32 6.96245171630185755 15 1 5 4 29 2.70999124060388841 11 31 8 3 13 1 11.8287029266357422 19.5964370726697972 
4 12 13 6 2 2.70999124060388841 17 15 1 1 3 4 2 33 5 14 32 6.96245171630185755 15 1 5 4 24 6.96245171630185755 11 31 8 3 13 1 10.2386819124221802 37.1990709290709347 
18 26 13 7 2 2 17 15 1 1 3 4 6 28 9 14 32 6.96245171630185755 15 1 5 4 29 2.70999124060388841 11 31 8 3 13 1 12.7340759038925171 17.191814068104911 
14 3 4 15 5.34074699537910114 6.96245171630185755 16 26 11 4 15 3.84646942076222631 15 12 4 4 14 2 14 8 9.82524131762891173 1 24 7 14 6 10 3 31 11 7.95605406165122986 92.1616501968181012 
6 26 5 4 25 13 17 15 1 1 3 4 15 24 13 14 32 6.96245171630185755 15 1 5 4 29 2.70999124060388841 11 31 8 3 13 1 10.0250197649002075 40.2693870799924198 
3 32 5 13 12 9 1 20 11 15 6 9 6 15 6 14 20 2 13 31 10 13 26 2.70999124060388841 12 18 13 4 2 12 7.64658892154693604 107.911904761904765 
18 26 13 3 6 2.70999124060388841 17 15 1 1 3 4 2 33 5 14 32 6.96245171630185755 15 1 5 9 24 13 11 31 8 3 13 1 11.1281319856643677 24.3621471693620997 
4 6 2.70999124060388841 14 12 12 17 15 1 1 3 4 2 33 5 14 32 6.96245171630185755 15 1 5 1 25 2 11 31 8 3 13 1 9.67109686136245728 52.6540795805501745 
15 11 11 17 24 2.70999124060388841 16 6 2 13 15 10 2 22 4 14 16.1354543567662532 4 1 17 1 14 20 8 6 26 11 9 30 12 8.93873792886734009 66.7706349206349046 
18 26 13 4 7 2.70999124060388841 17 15 1 1 3 4 2 33 5 14 32 6.96245171630185755 15 1 5 4 6 13 11 31 8 3 13 1 11.3421309590339661 23.730687953705857 
1 31 3 3.36768017929769181 24 12 15 25 6 4 26 4 17 6 6 14 24 11 14 25 13 17 1 6 14 6 13 15 18 1 7.60582983493804932 117.628571428571433 
2 6 7 12 25 13 17 30 2 16 18 1 15 20 10 13 15 8 6 16 3 3 5.34074699537910114 11 10 26 6.96245171630185755 14 1 4 9.02670276165008545 62.1568865916692062 
18 26 13 4 17 2 17 15 1 1 3 4 2 33 5 14 32 6.96245171630185755 15 1 5 12 20 11 11 31 8 3 13 1 11.3485790491104126 23.3075750126547412 
13 18 2.70999124060388841 17 6 8 6 16.1354543567662532 7 6 30 7 4.94126535182462057 15 9.82524131762891173 3 6 13.151007650947605 14 32 9 6 24 7.75241283629571765 13 1 9 10 25 3 7.70128989219665527 100.98981450609935 

Current Evaluation = 90000000(90000120)
Front Size = 46
14 20 12 8 25 7 17 15 1 16 9 2.70999124060388841 4 6 7 14 32 6.96245171630185755 15 1 5 4 29 2.70999124060388841 6 6 12 3 13 1 9.07746690511703491 60.9523654773720907 
14 1 7 4 6 8 17 15 1 1 3 4 2 33 5 14 32 6.96245171630185755 15 1 5 4 29 2.70999124060388841 11 31 8 3 13 1 10.6248397827148438 35.2984422984422963 
3 6 7 6 25 6 14 30 5 10 31 8 3 6 1 1 20 2 9 15 13 4 12 6 6 26 10 14 3 13 8.33626890182495117 76.3047619047619037 
18 26 13 4 20 2.70999124060388841 17 15 1 1 3 4 2 33 5 14 32 6.96245171630185755 15 1 5 4 29 2.70999124060388841 11 31 8 3 13 1 11.805540919303894 19.9326330532212914 
18 26 13 7 2 2 17 15 1 1 3 4 2 33 5 14 32 6.96245171630185755 15 1 5 4 29 2.70999124060388841 12 30 8 3 13 1 12.5716290473937988 18.0326372007039062 
18 26 13 7 2 2 17 15 1 1 3 4 2 33 5 14 32 6.96245171630185755 15 1 5 4 29 2.70999124060388841 11 31 8 3 13 1 13.211993932723999 15.9559580037924746 
18 26 13 12 5.34074699537910114 2 17 15 1 1 3 4 2 33 5 14 32 6.96245171630185755 15 1 5 4 29 2.70999124060388841 9 18 13 3 13 1 11.7837260961532593 21.2365811389101893 
18 26 13 12 25 2.70999124060388841 17 15 1 1 3 4 2 33 5 14 32 6.96245171630185755 15 1 5 4 29 2.70999124060388841 11 31 8 3 13 1 11.9417510032653809 18.0553813322234404 
15 24 3 1 1 6 14 20 4 14 26 6 17 9 1 14 16 12 15 24 2 16 19 10 13 6 9 2 26 10 7.87131491303443909 97.7095238095238017 
18 26 13 4 6 12 17 15 1 1 3 4 2 33 5 14 32 6.96245171630185755 15 1 5 12 26 2 11 31 8 3 13 1 10.9735569357872009 26.2801615283412353 
15 5 2.70999124060388841 14 24 9 3 25 6 13 32 4 14 25 10 12 1 9 1 32 9 14 15 10 15 26 3 15 24 13 7.07281392812728882 129.808225108225116 
16 25 2 14 31 4 4 6 11 1 32 9 3.36768017929769181 19 2 4 31 8 16 26 2 12 11 12 4 8 2 1 16.1354543567662532 9 8.84715482592582703 69.2950617283950692 
18 26 13 7 2 2 17 15 1 1 3 4 2 33 5 14 32 6.96245171630185755 15 1 5 12 19 2 11 31 8 3 13 1 12.6046088933944702 17.5327723320403166 
18 26 13 12 12 2 17 15 1 1 3 4 2 33 5 14 32 6.96245171630185755 15 1 5 9 19 11 11 31 8 3 13 1 11.4539898633956909 22.1532906334840405 
18 26 13 14 20 3 17 15 1 1 3 4 6 24 2 14 32 6.96245171630185755 15 1 5 4 28 4 11 31 8 3 13 1 10.205842137336731 40.1736364608611254 
18 26 13 3.36768017929769181 12 2 17 15 1 1 3 4 2 33 5 14 32 6.96245171630185755 15 1 5 4 26 8 11 31 8 3 13 1 11.0833319425582886 26.1234644582470636 
18 26 13 4 30 2 17 15 1 1 3 4 2 33 5 14 32 6.96245171630185755 15 1 5 12 6 2.70999124060388841 11 31 8 3 13 1 10.798474907875061 26.6980679647664623 
1 1 1 14 24 2 17 20 13 3 32 7 3 19 4 14 6 5 10 1 10 12 18 6 14 32 2.70999124060388841 4 6 4 7.92699003219604492 93.5412698412698376 
18 26 13 3 12 2.70999124060388841 17 15 1 1 3 4 2 33 5 14 32 6.96245171630185755 15 1 5 4 29 2.70999124060388841 11 31 8 3 13 1 11.9024989604949951 18.8984496576675127 
6 12 12 14 16 2 16 18 2.70999124060388841 1 1 7 9.25570237641795579 24 11 6 26 13 4.94126535182462057 25 5 13.2195649013323386 3 8 10 20 9 14 31.8448655754823804 11 8.50046777725219727 73.3144297525422814 
6 31 11 13 6 5 15 15 13 16 12 8 15 30 5 14 24 2.70999124060388841 16 31 11 14 31 3 9.25570237641795579 18 2 1 32 11 7.56975287199020386 117.720952380952369 
8 3 2.70999124060388841 17 30 8 14 1 6.96245171630185755 12 32 5 9 2 10 14 12 9 3 26 11 2 24 7 13 15 10 15 20 9 8.14672800898551941 83.5476836888601753 
12 6 11 14 12 2.70999124060388841 17 15 1 1 3 4 2 33 5 14 32 6.96245171630185755 15 1 5 4 29 2.70999124060388841 11 31 8 3 13 1 10.6705438494682312 34.6588405452258783 
13 1 10 15 16 9 1 31 2 4 24 2.70999124060388841 6 26 10 12 6 11 13 12 9 15 24 2 16 7 11 14 31 10 7.83705884218215942 100.147619047619045 
18 26 13 3 16 2 17 15 1 1 3 4 2 33 5 14 32 6.96245171630185755 15 1 5 4 6 2.70999124060388841 11 31 8 3 13 1 11.2427029609680176 23.9438487523155743 
14 20 5 12 26 8 17 15 1 1 3 4 2 33 5 14 32 6.96245171630185755 15 1 5 4 29 2.70999124060388841 11 31 8 3 13 1 10.7706868052482605 30.8619489526455411 
18 26 13 12 20 2 17 15 1 1 3 4 2 33 5 14 32 6.96245171630185755 15 1 5 4 29 2.70999124060388841 11 31 8 3 13 1 11.8729640245437622 18.90641844585301 
18 26 13 4 12 2 17 15 1 1 3 4 2 33 5 14 32 6.96245171630185755 15 1 5 4 29 2.70999124060388841 11 31 8 3 13 1 11.8287029266357422 19.5964370726697972 
4 12 13 6 2 2.70999124060388841 17 15 1 1 3 4 2 33 5 14 32 6.96245171630185755 15 1 5 4 24 6.96245171630185755 11 31 8 3 13 1 10.2386819124221802 37.1990709290709347 
18 26 13 7 2 2 17 15 1 1 3 4 6 28 9 14 32 6.96245171630185755 15 1 5 4 29 2.70999124060388841 11 31 8 3 13 1 12.7340759038925171 17.191814068104911 
14 3 4 15 5.34074699537910114 6.96245171630185755 16 26 11 4 15 3.84646942076222631 15 12 4 4 14 2 14 8 9.82524131762891173 1 24 7 14 6 10 3 31 11 7.95605406165122986 92.1616501968181012 
6 26 5 4 25 13 17 15 1 1 3 4 15 24 13 14 32 6.96245171630185755 15 1 5 4 29 2.70999124060388841 11 31 8 3 13 1 10.0250197649002075 40.2693870799924198 
3 32 5 13 12 9 1 20 11 15 6 9 6 15 6 14 20 2 13 31 10 13 26 2.70999124060388841 12 18 13 4 2 12 7.64658892154693604 107.911904761904765 
18 26 13 3 6 2.70999124060388841 17 15 1 1 3 4 2 33 5 14 32 6.96245171630185755 15 1 5 9 24 13 11 31 8 3 13 1 11.1281319856643677 24.3621471693620997 
4 6 2.70999124060388841 14 12 12 17 15 1 1 3 4 2 33 5 14 32 6.96245171630185755 15 1 5 1 25 2 11 31 8 3 13 1 9.67109686136245728 52.6540795805501745 
15 11 11 17 24 2.70999124060388841 16 6 2 13 15 10 2 22 4 14 16.1354543567662532 4 1 17 1 14 20 8 6 26 11 9 30 12 8.93873792886734009 66.7706349206349046 
18 26 13 4 7 2.70999124060388841 17 15 1 1 3 4 2 33 5 14 32 6.96245171630185755 15 1 5 4 6 13 11 31 8 3 13 1 11.3421309590339661 23.730687953705857 
1 31 3 3.36768017929769181 24 12 15 25 6 4 26 4 17 6 6 14 24 11 14 25 13 17 1 6 14 6 13 15 18 1 7.60582983493804932 117.628571428571433 
2 6 7 12 25 13 17 30 2 16 18 1 15 20 10 13 15 8 6 16 3 3 5.34074699537910114 11 10 26 6.96245171630185755 14 1 4 9.02670276165008545 62.1568865916692062 
18 26 13 4 17 2 17 15 1 1 3 4 2 33 5 14 32 6.96245171630185755 15 1 5 12 20 11 11 31 8 3 13 1 11.3485790491104126 23.3075750126547412 
13 18 2.70999124060388841 17 6 8 6 16.1354543567662532 7 6 30 7 4.94126535182462057 15 9.82524131762891173 3 6 13.151007650947605 14 32 9 6 24 7.75241283629571765 13 1 9 10 25 3 7.70128989219665527 100.98981450609935 
4 30 3 12 18 12 1 2 2.70999124060388841 13 16 12 14 6 8 16 25 4 9 20 7 14 1 4 17 31 2 13 6 6.96245171630185755 7.99004989862442017 83.6595238095238045 
17 30 6 6 26 2.70999124060388841 4 12 1 9 8 9 15 2 8 10 24 1 6 6 9 9.25570237641795579 32 13 1 1 5 14 31 9 8.83892780542373657 70.2445378151260371 
14 6 9 4 30 11 17 15 1 1 3 4 2 33 5 14 32 6.96245171630185755 15 1 5 4 29 2.70999124060388841 11 31 8 3 13 1 10.398503839969635 35.7921588198583578 
4 24 2.70999124060388841 8 12 7 17 15 1 1 3 4 2 33 5 14 32 6.96245171630185755 15 1 5 14 26 7 11 31 8 3 13 1 9.71671393513679504 44.6775067570199411 
4 20 2 14 26 11 17 15 1 1 3 4 2 33 5 14 32 6.96245171630185755 15 1 5 4 30 4 11 31 8 3 13 1 9.55121481418609619 56.0194878764646162 

Current Evaluation = 100000000(100000040)
Front Size = 41
14 20 12 8 25 7 17 15 1 16 9 2.70999124060388841 4 6 7 14 32 6.96245171630185755 15 1 5 4 29 2.70999124060388841 6 6 12 3 13 1 9.07746690511703491 60.9523654773720907 
14 1 7 4 6 8 17 15 1 1 3 4 2 33 5 14 32 6.96245171630185755 15 1 5 4 29 2.70999124060388841 11 31 8 3 13 1 10.6248397827148438 35.2984422984422963 
3 6 7 6 25 6 14 30 5 10 31 8 3 6 1 1 20 2 9 15 13 4 12 6 6 26 10 14 3 13 8.33626890182495117 76.3047619047619037 
18 26 13 4 20 2.70999124060388841 17 15 1 1 3 4 2 33 5 14 32 6.96245171630185755 15 1 5 4 29 2.70999124060388841 11 31 8 3 13 1 11.805540919303894 19.9326330532212914 
18 26 13 7 2 2 17 15 1 1 3 4 2 33 5 14 32 6.96245171630185755 15 1 5 4 29 2.70999124060388841 12 30 8 3 13 1 12.5716290473937988 18.0326372007039062 
18 26 13 7 2 2 17 15 1 1 3 4 2 33 5 14 32 6.96245171630185755 15 1 5 4 29 2.70999124060388841 11 31 8 3 13 1 13.211993932723999 15.9559580037924746 
18 26 13 12 5.34074699537910114 2 17 15 1 1 3 4 2 33 5 14 32 6.96245171630185755 15 1 5 4 29 2.70999124060388841 9 18 13 3 13 1 11.7837260961532593 21.2365811389101893 
18 26 13 12 25 2.70999124060388841 17 15 1 1 3 4 2 33 5 14 32 6.96245171630185755 15 1 5 4 29 2.70999124060388841 11 31 8 3 13 1 11.9417510032653809 18.0553813322234404 
15 24 3 1 1 6 14 20 4 14 26 6 17 9 1 14 16 12 15 24 2 16 19 10 13 6 9 2 26 10 7.87131491303443909 97.7095238095238017 
18 26 13 4 6 12 17 15 1 1 3 4 2 33 5 14 32 6.96245171630185755 15 1 5 12 26 2 11 31 8 3 13 1 10.9735569357872009 26.2801615283412353 
15 5 2.70999124060388841 14 24 9 3 25 6 13 32 4 14 25 10 12 1 9 1 32 9 14 15 10 15 26 3 15 24 13 7.07281392812728882 129.808225108225116 
16 25 2 14 31 4 4 6 11 1 32 9 3.36768017929769181 19 2 4 31 8 16 26 2 12 11 12 4 8 2 1 16.1354543567662532 9 8.84715482592582703 69.2950617283950692 
18 26 13 7 2 2 17 15 1 1 3 4 2 33 5 14 32 6.96245171630185755 15 1 5 12 19 2 11 31 8 3 13 1 12.6046088933944702 17.5327723320403166 
18 26 13 14 20 3 17 15 1 1 3 4 6 24 2 14 32 6.96245171630185755 15 1 5 4 28 4 11 31 8 3 13 1 10.205842137336731 40.1736364608611254 
18 26 13 4 30 2 17 15 1 1 3 4 2 33 5 14 32 6.96245171630185755 15 1 5 12 6 2.70999124060388841 11 31 8 3 13 1 10.798474907875061 26.6980679647664623 
1 1 1 14 24 2 17 20 13 3 32 7 3 19 4 14 6 5 10 1 10 12 18 6 14 32 2.70999124060388841 4 6 4 7.92699003219604492 93.5412698412698376 
18 26 13 3 12 2.70999124060388841 17 15 1 1 3 4 2 33 5 14 32 6.96245171630185755 15 1 5 4 29 2.70999124060388841 11 31 8 3 13 1 11.9024989604949951 18.8984496576675127 
6 12 12 14 16 2 16 18 2.70999124060388841 1 1 7 9.25570237641795579 24 11 6 26 13 4.94126535182462057 25 5 13.2195649013323386 3 8 10 20 9 14 31.8448655754823804 11 8.50046777725219727 73.3144297525422814 
12 6 11 14 12 2.70999124060388841 17 15 1 1 3 4 2 33 5 14 32 6.96245171630185755 15 1 5 4 29 2.70999124060388841 11 31 8 3 13 1 10.6705438494682312 34.6588405452258783 
13 1 10 15 16 9 1 31 2 4 24 2.70999124060388841 6 26 10 12 6 11 13 12 9 15 24 2 16 7 11 14 31 10 7.83705884218215942 100.147619047619045 
14 20 5 12 26 8 17 15 1 1 3 4 2 33 5 14 32 6.96245171630185755 15 1 5 4 29 2.70999124060388841 11 31 8 3 13 1 10.7706868052482605 30.8619489526455411 
18 26 13 12 20 2 17 15 1 1 3 4 2 33 5 14 32 6.96245171630185755 15 1 5 4 29 2.70999124060388841 11 31 8 3 13 1 11.8729640245437622 18.90641844585301 
18 26 13 4 12 2 17 15 1 1 3 4 2 33 5 14 32 6.96245171630185755 15 1 5 4 29 2.70999124060388841 11 31 8 3 13 1 11.8287029266357422 19.5964370726697972 
4 12 13 6 2 2.70999124060388841 17 15 1 1 3 4 2 33 5 14 32 6.96245171630185755 15 1 5 4 24 6.96245171630185755 11 31 8 3 13 1 10.2386819124221802 37.1990709290709347 
18 26 13 7 2 2 17 15 1 1 3 4 6 28 9 14 32 6.96245171630185755 15 1 5 4 29 2.70999124060388841 11 31 8 3 13 1 12.7340759038925171 17.191814068104911 
14 3 4 15 5.34074699537910114 6.96245171630185755 16 26 11 4 15 3.84646942076222631 15 12 4 4 14 2 14 8 9.82524131762891173 1 24 7 14 6 10 3 31 11 7.95605406165122986 92.1616501968181012 
6 26 5 4 25 13 17 15 1 1 3 4 15 24 13 14 32 6.96245171630185755 15 1 5 4 29 2.70999124060388841 11 31 8 3 13 1 10.0250197649002075 40.2693870799924198 
4 6 2.70999124060388841 14 12 12 17 15 1 1 3 4 2 33 5 14 32 6.96245171630185755 15 1 5 1 25 2 11 31 8 3 13 1 9.67109686136245728 52.6540795805501745 
15 11 11 17 24 2.70999124060388841 16 6 2 13 15 10 2 22 4 14 16.1354543567662532 4 1 17 1 14 20 8 6 26 11 9 30 12 8.93873792886734009 66.7706349206349046 
2 6 7 12 25 13 17 30 2 16 18 1 15 20 10 13 15 8 6 16 3 3 5.34074699537910114 11 10 26 6.96245171630185755 14 1 4 9.02670276165008545 62.1568865916692062 
13 18 2.70999124060388841 17 6 8 6 16.1354543567662532 7 6 30 7 4.94126535182462057 15 9.82524131762891173 3 6 13.151007650947605 14 32 9 6 24 7.75241283629571765 13 1 9 10 25 3 7.70128989219665527 100.98981450609935 
4 30 3 12 18 12 1 2 2.70999124060388841 13 16 12 14 6 8 16 25 4 9 20 7 14 1 4 17 31 2 13 6 6.96245171630185755 7.99004989862442017 83.6595238095238045 
17 30 6 6 26 2.70999124060388841 4 12 1 9 8 9 15 2 8 10 24 1 6 6 9 9.25570237641795579 32 13 1 1 5 14 31 9 8.83892780542373657 70.2445378151260371 
14 6 9 4 30 11 17 15 1 1 3 4 2 33 5 14 32 6.96245171630185755 15 1 5 4 29 2.70999124060388841 11 31 8 3 13 1 10.398503839969635 35.7921588198583578 
4 24 2.70999124060388841 8 12 7 17 15 1 1 3 4 2 33 5 14 32 6.96245171630185755 15 1 5 14 26 7 11 31 8 3 13 1 9.71671393513679504 44.6775067570199411 
4 20 2 14 26 11 17 15 1 1 3 4 2 33 5 14 32 6.96245171630185755 15 1 5 4 30 4 11 31 8 3 13 1 9.55121481418609619 56.0194878764646162 
18 26 13 3.36768017929769181 12 2 17 15 1 1 3 4 2 33 5 14 32 6.96245171630185755 15 1 5 12 6 13 11 31 8 3 13 1 11.0238359570503235 21.5721523885766473 
4 12 4 2 15 2 3 25 9 14 15 1 15 6 11 9 32 4 12 1 5 6 24 1 4 6 1 16 18 11 8.32091695070266724 78.8166666666666771 
2 17 9 15 1 6 12 6 5 3.36768017929769181 24 2 6 15 4 12 26 3 14 30 12 1 32 10 6 9 11 17 26 11 8.11974185705184937 82.8031746031745968 
14 32 2 15 9 2 14 24 12 14 15 2.70999124060388841 12 1 6.96245171630185755 8 6 6 12 24 10 2 20 9 17 26 9 1 32 11 7.4982759952545166 104.287301587301585 
12 24 8 4 26 2.70999124060388841 17 15 1 1 3 4 2 33 5 14 32 6.96245171630185755 15 1 5 4 29 2.70999124060388841 11 31 8 3 13 1 11.0230498313903809 26.2764767490573945 

MOEA/D: Multiobjective Evolutionary Algorithm Based on Decomposition
Number of Evaluations = 100000000
Mutation Probability = 0.0500000007450580597
Population Size = 140
Neighborhood size = 42
Seed: 13

Time =  30826.203848000001

Current Evaluation = 100000040
Front Size = 41
14 20 12 8 25 7 17 15 1 16 9 2.70999124060388841 4 6 7 14 32 6.96245171630185755 15 1 5 4 29 2.70999124060388841 6 6 12 3 13 1 9.07746690511703491 60.9523654773720907 
14 1 7 4 6 8 17 15 1 1 3 4 2 33 5 14 32 6.96245171630185755 15 1 5 4 29 2.70999124060388841 11 31 8 3 13 1 10.6248397827148438 35.2984422984422963 
3 6 7 6 25 6 14 30 5 10 31 8 3 6 1 1 20 2 9 15 13 4 12 6 6 26 10 14 3 13 8.33626890182495117 76.3047619047619037 
18 26 13 4 20 2.70999124060388841 17 15 1 1 3 4 2 33 5 14 32 6.96245171630185755 15 1 5 4 29 2.70999124060388841 11 31 8 3 13 1 11.805540919303894 19.9326330532212914 
18 26 13 7 2 2 17 15 1 1 3 4 2 33 5 14 32 6.96245171630185755 15 1 5 4 29 2.70999124060388841 12 30 8 3 13 1 12.5716290473937988 18.0326372007039062 
18 26 13 7 2 2 17 15 1 1 3 4 2 33 5 14 32 6.96245171630185755 15 1 5 4 29 2.70999124060388841 11 31 8 3 13 1 13.211993932723999 15.9559580037924746 
18 26 13 12 5.34074699537910114 2 17 15 1 1 3 4 2 33 5 14 32 6.96245171630185755 15 1 5 4 29 2.70999124060388841 9 18 13 3 13 1 11.7837260961532593 21.2365811389101893 
18 26 13 12 25 2.70999124060388841 17 15 1 1 3 4 2 33 5 14 32 6.96245171630185755 15 1 5 4 29 2.70999124060388841 11 31 8 3 13 1 11.9417510032653809 18.0553813322234404 
15 24 3 1 1 6 14 20 4 14 26 6 17 9 1 14 16 12 15 24 2 16 19 10 13 6 9 2 26 10 7.87131491303443909 97.7095238095238017 
18 26 13 4 6 12 17 15 1 1 3 4 2 33 5 14 32 6.96245171630185755 15 1 5 12 26 2 11 31 8 3 13 1 10.9735569357872009 26.2801615283412353 
15 5 2.70999124060388841 14 24 9 3 25 6 13 32 4 14 25 10 12 1 9 1 32 9 14 15 10 15 26 3 15 24 13 7.07281392812728882 129.808225108225116 
16 25 2 14 31 4 4 6 11 1 32 9 3.36768017929769181 19 2 4 31 8 16 26 2 12 11 12 4 8 2 1 16.1354543567662532 9 8.84715482592582703 69.2950617283950692 
18 26 13 7 2 2 17 15 1 1 3 4 2 33 5 14 32 6.96245171630185755 15 1 5 12 19 2 11 31 8 3 13 1 12.6046088933944702 17.5327723320403166 
18 26 13 14 20 3 17 15 1 1 3 4 6 24 2 14 32 6.96245171630185755 15 1 5 4 28 4 11 31 8 3 13 1 10.205842137336731 40.1736364608611254 
18 26 13 4 30 2 17 15 1 1 3 4 2 33 5 14 32 6.96245171630185755 15 1 5 12 6 2.70999124060388841 11 31 8 3 13 1 10.798474907875061 26.6980679647664623 
1 1 1 14 24 2 17 20 13 3 32 7 3 19 4 14 6 5 10 1 10 12 18 6 14 32 2.70999124060388841 4 6 4 7.92699003219604492 93.5412698412698376 
18 26 13 3 12 2.70999124060388841 17 15 1 1 3 4 2 33 5 14 32 6.96245171630185755 15 1 5 4 29 2.70999124060388841 11 31 8 3 13 1 11.9024989604949951 18.8984496576675127 
6 12 12 14 16 2 16 18 2.70999124060388841 1 1 7 9.25570237641795579 24 11 6 26 13 4.94126535182462057 25 5 13.2195649013323386 3 8 10 20 9 14 31.8448655754823804 11 8.50046777725219727 73.3144297525422814 
12 6 11 14 12 2.70999124060388841 17 15 1 1 3 4 2 33 5 14 32 6.96245171630185755 15 1 5 4 29 2.70999124060388841 11 31 8 3 13 1 10.6705438494682312 34.6588405452258783 
13 1 10 15 16 9 1 31 2 4 24 2.70999124060388841 6 26 10 12 6 11 13 12 9 15 24 2 16 7 11 14 31 10 7.83705884218215942 100.147619047619045 
14 20 5 12 26 8 17 15 1 1 3 4 2 33 5 14 32 6.96245171630185755 15 1 5 4 29 2.70999124060388841 11 31 8 3 13 1 10.7706868052482605 30.8619489526455411 
18 26 13 12 20 2 17 15 1 1 3 4 2 33 5 14 32 6.96245171630185755 15 1 5 4 29 2.70999124060388841 11 31 8 3 13 1 11.8729640245437622 18.90641844585301 
18 26 13 4 12 2 17 15 1 1 3 4 2 33 5 14 32 6.96245171630185755 15 1 5 4 29 2.70999124060388841 11 31 8 3 13 1 11.8287029266357422 19.5964370726697972 
4 12 13 6 2 2.70999124060388841 17 15 1 1 3 4 2 33 5 14 32 6.96245171630185755 15 1 5 4 24 6.96245171630185755 11 31 8 3 13 1 10.2386819124221802 37.1990709290709347 
18 26 13 7 2 2 17 15 1 1 3 4 6 28 9 14 32 6.96245171630185755 15 1 5 4 29 2.70999124060388841 11 31 8 3 13 1 12.7340759038925171 17.191814068104911 
14 3 4 15 5.34074699537910114 6.96245171630185755 16 26 11 4 15 3.84646942076222631 15 12 4 4 14 2 14 8 9.82524131762891173 1 24 7 14 6 10 3 31 11 7.95605406165122986 92.1616501968181012 
6 26 5 4 25 13 17 15 1 1 3 4 15 24 13 14 32 6.96245171630185755 15 1 5 4 29 2.70999124060388841 11 31 8 3 13 1 10.0250197649002075 40.2693870799924198 
4 6 2.70999124060388841 14 12 12 17 15 1 1 3 4 2 33 5 14 32 6.96245171630185755 15 1 5 1 25 2 11 31 8 3 13 1 9.67109686136245728 52.6540795805501745 
15 11 11 17 24 2.70999124060388841 16 6 2 13 15 10 2 22 4 14 16.1354543567662532 4 1 17 1 14 20 8 6 26 11 9 30 12 8.93873792886734009 66.7706349206349046 
2 6 7 12 25 13 17 30 2 16 18 1 15 20 10 13 15 8 6 16 3 3 5.34074699537910114 11 10 26 6.96245171630185755 14 1 4 9.02670276165008545 62.1568865916692062 
13 18 2.70999124060388841 17 6 8 6 16.1354543567662532 7 6 30 7 4.94126535182462057 15 9.82524131762891173 3 6 13.151007650947605 14 32 9 6 24 7.75241283629571765 13 1 9 10 25 3 7.70128989219665527 100.98981450609935 
4 30 3 12 18 12 1 2 2.70999124060388841 13 16 12 14 6 8 16 25 4 9 20 7 14 1 4 17 31 2 13 6 6.96245171630185755 7.99004989862442017 83.6595238095238045 
17 30 6 6 26 2.70999124060388841 4 12 1 9 8 9 15 2 8 10 24 1 6 6 9 9.25570237641795579 32 13 1 1 5 14 31 9 8.83892780542373657 70.2445378151260371 
14 6 9 4 30 11 17 15 1 1 3 4 2 33 5 14 32 6.96245171630185755 15 1 5 4 29 2.70999124060388841 11 31 8 3 13 1 10.398503839969635 35.7921588198583578 
4 24 2.70999124060388841 8 12 7 17 15 1 1 3 4 2 33 5 14 32 6.96245171630185755 15 1 5 14 26 7 11 31 8 3 13 1 9.71671393513679504 44.6775067570199411 
4 20 2 14 26 11 17 15 1 1 3 4 2 33 5 14 32 6.96245171630185755 15 1 5 4 30 4 11 31 8 3 13 1 9.55121481418609619 56.0194878764646162 
18 26 13 3.36768017929769181 12 2 17 15 1 1 3 4 2 33 5 14 32 6.96245171630185755 15 1 5 12 6 13 11 31 8 3 13 1 11.0238359570503235 21.5721523885766473 
4 12 4 2 15 2 3 25 9 14 15 1 15 6 11 9 32 4 12 1 5 6 24 1 4 6 1 16 18 11 8.32091695070266724 78.8166666666666771 
2 17 9 15 1 6 12 6 5 3.36768017929769181 24 2 6 15 4 12 26 3 14 30 12 1 32 10 6 9 11 17 26 11 8.11974185705184937 82.8031746031745968 
14 32 2 15 9 2 14 24 12 14 15 2.70999124060388841 12 1 6.96245171630185755 8 6 6 12 24 10 2 20 9 17 26 9 1 32 11 7.4982759952545166 104.287301587301585 
12 24 8 4 26 2.70999124060388841 17 15 1 1 3 4 2 33 5 14 32 6.96245171630185755 15 1 5 4 29 2.70999124060388841 11 31 8 3 13 1 11.0230498313903809 26.2764767490573945 

