Current Evaluation = 10000000(10000060)
Front Size = 40
14 28 6 4 24 1 12 15 1 15 30 11 16 6 2 17 26 7 13 15 3 1 1 13 5 31 9 1 32 1 8.89969289302825928 72.9523809523809632 
18 24 6 17 3 8 2 18 8 4 20 2 3.36768017929769181 33 12 12 28 2 9 26 3 6 32 7 1 31 11 14 17 3 11.1482248902320862 42.9092104257134892 
18 24 6 15 8 1 6 22 13 4 20 2 17 30 8 12 28 2 9 26 3 18 19 1 5 32 5 14 17 3 12.3874399662017822 29.2901088961595448 
18 24 6 15 8 1 6 22 13 4 20 2 3.36768017929769181 33 12 12 28 2 9 26 3 17 15 7 5 32 5 14 17 3 12.0081520080566406 32.2781909166348555 
1 26 9 8 2 5 6 22 13 4 20 2 3.36768017929769181 33 12 12 28 2 9 26 3 17 24 1 5 32 5 14 17 3 10.889971911907196 48.3122500241113428 
18 24 6 15 8 1 6 22 13 4 20 2 3.36768017929769181 33 12 17 15 2 9 26 3 15 30 7 5 32 5 14 17 3 11.2420259714126587 40.181279949024848 
18 24 6 17 15 1 6 22 13 16 2 2.70999124060388841 3.36768017929769181 33 12 12 28 2 9 26 3 18 19 1 5 32 5 14 17 3 13.2662720084190369 25.2133732602851914 
3.36768017929769181 1 2 9 26 6.96245171630185755 6 14 1 1 12 12 14 6 9 17 30 1 4 9 3.84646942076222631 10 19 13 14 30 8 13 25 7 8.64805471897125244 74.8038625976706584 
12 6 2.70999124060388841 9.25570237641795579 20 9 4.94126535182462057 26 1 15 22 11 12 23 7 6 18 13 16 30 9.82524131762891173 14 15 4 16 25 2 9 16 1 9.29361587762832642 71.1111859838274967 
18 24 6 1 12 2 6 22 13 16 2 2.70999124060388841 3.36768017929769181 33 12 4 30 1 9 26 3 4 30 8 5 32 5 14 17 3 11.0841417908668518 44.6681746289669874 
18 24 6 15 8 1 6 22 13 16 2 2.70999124060388841 3.36768017929769181 33 12 12 28 2 9 26 3 1 31 9 5 32 5 14 17 3 12.1806550025939941 29.6705870961292995 
18 24 6 17 25 1 6 22 13 16 2 2.70999124060388841 3.36768017929769181 33 12 12 28 2 9 26 3 18 19 1 5 32 5 14 17 3 13.2313589453697205 25.9796973688278037 
18 24 6 15 8 1 6 22 13 16 2 2.70999124060388841 4 31 11 12 28 2 9 26 3 1 6 12 5 32 5 14 26 1 11.1759289503097534 42.2069090970438339 
18 24 6 15 8 1 6 22 13 16 2 2.70999124060388841 3.36768017929769181 33 12 12 28 2 9 26 3 18 19 1 5 32 5 14 17 3 13.6311290264129639 23.9318248152866069 
3.36768017929769181 14 9 15 8 1 6 22 13 16 2 2.70999124060388841 3.36768017929769181 33 12 12 28 2 9 26 3 1 30 10 5 32 5 14 17 3 11.4432958960533142 39.4210733487016682 
10 24 2 3.36768017929769181 1 6 17 31 13 14 24 9 4 30 12 12 1 6 15 26 7 16 22 2 12 31 1 2 1 3 8.88023978471755981 74.7943977591036457 
18 24 6 17 12 4 6 22 13 16 2 2.70999124060388841 3.36768017929769181 33 12 12 28 2 9 26 3 2 31 4 5 32 5 14 17 3 11.7496429681777954 35.0109197557092173 
18 24 6 15 8 1 6 22 13 16 2 2.70999124060388841 4 6 3 12 28 2 9 26 3 17 15 12 5 32 5 14 17 3 11.5506470799446106 38.8552099185727471 
18 24 6 15 8 1 6 22 13 16 2 2.70999124060388841 3.36768017929769181 33 12 12 28 2 9 26 3 1 30 7 5 32 5 14 17 3 12.1284000277519226 32.1301706026361842 
18 24 6 15 8 1 6 22 13 16 2 2.70999124060388841 3.36768017929769181 33 12 12 28 2 9 26 3 18 19 1 5 32 5 14 12 9 13.1102060377597809 26.3767171966022005 
18 24 6 6 5 10 1 13 5 16 2 2.70999124060388841 3.36768017929769181 33 12 12 28 2 17 31 11 4 24 13 5 32 5 14 17 3 11.5531520247459412 37.3573700641038329 
9 24 4 16 14 12 3.36768017929769181 6 11 1 1 10 4 32 9 17 18 4 6 22 6 1 14 9 9.25570237641795579 15 3.84646942076222631 10 5 11 9.50408309698104858 70.7544695071010921 
6 18 7 10 26 13 3.36768017929769181 1 6 12 5 1 14 9 6.96245171630185755 1 2 3.84646942076222631 13 32 12 17 24 2 9 22 13 4 6 11 9.6412920355796814 66.518462823725983 
6 31 9 1 25 5 6 22 13 16 2 2.70999124060388841 3.36768017929769181 33 12 12 28 2 9 26 3 3.36768017929769181 30 11 5 32 5 14 17 3 10.6443549394607544 50.0139002944967217 
14 13 12 17 24 6 6 22 13 16 2 2.70999124060388841 3.36768017929769181 33 12 12 28 2 9 26 3 14 25 1 5 32 5 14 17 3 10.9431449770927429 45.2593759987983475 
18 24 6 15 8 1 6 22 13 16 2 2.70999124060388841 1 30 8 12 28 2 9 26 3 3 19 7 5 32 5 14 17 3 11.6706920862197876 37.0341166690779744 
18 24 6 15 8 1 6 22 13 16 2 2.70999124060388841 3.36768017929769181 33 12 12 28 2 9 26 3 14 30 9 5 32 5 14 17 3 11.9010010361671448 33.8145218392695739 
18 24 6 17 20 1 6 22 13 16 2 2.70999124060388841 3.36768017929769181 33 12 12 28 2 9 26 3 18 19 1 5 32 5 14 17 3 13.1625719666481018 26.0277210867938606 
17 30 1 14 24 6 6 15 8 3.36768017929769181 19 2 16 1 4 15 30 6.96245171630185755 2 24 4 15 26 3.84646942076222631 14 12 12 4 18 9.82524131762891173 7.86818301677703857 87.4163789102385635 
18 24 6 17 5.34074699537910114 1 6 22 13 16 2 2.70999124060388841 3.36768017929769181 33 12 12 28 2 9 26 3 18 19 1 5 32 5 14 17 3 13.3642280101776123 24.9708337959365458 
1 24 7 13 32 1 10 25 9 14 15 2 1 6 11 14 20 2.70999124060388841 15 25 4 12 30 9 15 24 13 12 16.1354543567662532 3.84646942076222631 7.83945083618164062 101.458333333333343 
4 6 11 1 16 2 14 20 2.70999124060388841 4 15 1 13 25 4 17 32 2 16 32 10 13 1 12 1 5 7 14 31 9 7.50439977645874023 104.649206349206352 
18 24 6 15 8 1 6 22 13 16 2 2.70999124060388841 3.36768017929769181 33 12 12 28 2 9 26 3 14 30 10 5 32 5 14 17 3 12.0030250251293182 33.2306716497385821 
1 5 6 15 8 1 6 22 13 16 2 2.70999124060388841 17 1 3 12 28 2 9 26 3 13 6 9 5 32 5 14 17 3 10.505916953086853 55.6195970130695798 
18 24 6 15 8 1 6 22 13 16 2 2.70999124060388841 3.36768017929769181 33 12 4 25 2 9 26 3 18 19 1 5 32 5 14 30 4 12.4197109639644623 27.1486377170900042 
18 24 6 15 8 1 6 22 13 16 2 2.70999124060388841 3.36768017929769181 33 12 12 28 2 9 26 3 1 6 4 5 32 5 14 17 3 12.1437770128250122 29.860496315992922 
2 5 7 15 1 4 4 18 2 6 30 10 12 19 12 3.36768017929769181 30 11 16 25 12 1 2 1 11 24 11 14 12 4 9.09754979610443115 71.660445468509991 
3.36768017929769181 15 13 4 26 10 8 19 12 15 18 7 6 6 7 1 25 1 14 3 2 16 5 8 9 24 6.96245171630185755 12 30 1 9.02139097452163696 72.7305555555555685 
16 5.34074699537910114 2 3 31 9 4 19 3 10 33 8 6 15 11 14 2 13 15 20 9 8 14 10 12 24 3 17 30 9 9.76104503870010376 56.1369863013698662 
3 12 10 2 26 9 14 30 7 8 1 1 17 31 2 16 6 4 6 8 11 12 16 13 6 6 7 14 20 12 8.05779892206192017 85.8047619047619037 

Current Evaluation = 20000000(20000120)
Front Size = 47
14 28 6 4 24 1 12 15 1 15 30 11 16 6 2 17 26 7 13 15 3 1 1 13 5 31 9 1 32 1 8.89969289302825928 72.9523809523809632 
18 24 6 15 8 1 6 22 13 4 20 2 3.36768017929769181 33 12 12 28 2 9 26 3 17 15 7 5 32 5 14 17 3 12.0081520080566406 32.2781909166348555 
18 24 6 15 8 1 6 22 13 4 20 2 3.36768017929769181 33 12 17 15 2 9 26 3 15 30 7 5 32 5 14 17 3 11.2420259714126587 40.181279949024848 
18 24 6 17 15 1 6 22 13 16 2 2.70999124060388841 3.36768017929769181 33 12 12 28 2 9 26 3 18 19 1 5 32 5 14 17 3 13.2662720084190369 25.2133732602851914 
3.36768017929769181 1 2 9 26 6.96245171630185755 6 14 1 1 12 12 14 6 9 17 30 1 4 9 3.84646942076222631 10 19 13 14 30 8 13 25 7 8.64805471897125244 74.8038625976706584 
12 6 2.70999124060388841 9.25570237641795579 20 9 4.94126535182462057 26 1 15 22 11 12 23 7 6 18 13 16 30 9.82524131762891173 14 15 4 16 25 2 9 16 1 9.29361587762832642 71.1111859838274967 
18 24 6 15 8 1 6 22 13 16 2 2.70999124060388841 3.36768017929769181 33 12 12 28 2 9 26 3 1 31 9 5 32 5 14 17 3 12.1806550025939941 29.6705870961292995 
10 24 2 3.36768017929769181 1 6 17 31 13 14 24 9 4 30 12 12 1 6 15 26 7 16 22 2 12 31 1 2 1 3 8.88023978471755981 74.7943977591036457 
18 24 6 17 12 4 6 22 13 16 2 2.70999124060388841 3.36768017929769181 33 12 12 28 2 9 26 3 2 31 4 5 32 5 14 17 3 11.7496429681777954 35.0109197557092173 
6 31 9 1 25 5 6 22 13 16 2 2.70999124060388841 3.36768017929769181 33 12 12 28 2 9 26 3 3.36768017929769181 30 11 5 32 5 14 17 3 10.6443549394607544 50.0139002944967217 
14 13 12 17 24 6 6 22 13 16 2 2.70999124060388841 3.36768017929769181 33 12 12 28 2 9 26 3 14 25 1 5 32 5 14 17 3 10.9431449770927429 45.2593759987983475 
18 24 6 15 8 1 6 22 13 16 2 2.70999124060388841 3.36768017929769181 33 12 12 28 2 9 26 3 14 30 9 5 32 5 14 17 3 11.9010010361671448 33.8145218392695739 
17 30 1 14 24 6 6 15 8 3.36768017929769181 19 2 16 1 4 15 30 6.96245171630185755 2 24 4 15 26 3.84646942076222631 14 12 12 4 18 9.82524131762891173 7.86818301677703857 87.4163789102385635 
1 24 7 13 32 1 10 25 9 14 15 2 1 6 11 14 20 2.70999124060388841 15 25 4 12 30 9 15 24 13 12 16.1354543567662532 3.84646942076222631 7.83945083618164062 101.458333333333343 
4 6 11 1 16 2 14 20 2.70999124060388841 4 15 1 13 25 4 17 32 2 16 32 10 13 1 12 1 5 7 14 31 9 7.50439977645874023 104.649206349206352 
18 24 6 15 8 1 6 22 13 16 2 2.70999124060388841 3.36768017929769181 33 12 12 28 2 9 26 3 14 30 10 5 32 5 14 17 3 12.0030250251293182 33.2306716497385821 
18 24 6 15 8 1 6 22 13 16 2 2.70999124060388841 3.36768017929769181 33 12 4 25 2 9 26 3 18 19 1 5 32 5 14 30 4 12.4197109639644623 27.1486377170900042 
18 24 6 15 8 1 6 22 13 16 2 2.70999124060388841 3.36768017929769181 33 12 12 28 2 9 26 3 1 6 4 5 32 5 14 17 3 12.1437770128250122 29.860496315992922 
2 5 7 15 1 4 4 18 2 6 30 10 12 19 12 3.36768017929769181 30 11 16 25 12 1 2 1 11 24 11 14 12 4 9.09754979610443115 71.660445468509991 
3.36768017929769181 15 13 4 26 10 8 19 12 15 18 7 6 6 7 1 25 1 14 3 2 16 5 8 9 24 6.96245171630185755 12 30 1 9.02139097452163696 72.7305555555555685 
16 5.34074699537910114 2 3 31 9 4 19 3 10 33 8 6 15 11 14 2 13 15 20 9 8 14 10 12 24 3 17 30 9 9.76104503870010376 56.1369863013698662 
3 12 10 2 26 9 14 30 7 8 1 1 17 31 2 16 6 4 6 8 11 12 16 13 6 6 7 14 20 12 8.05779892206192017 85.8047619047619037 
14 5 2.70999124060388841 14 16.1354543567662532 12 12 8.22565314501180467 9.82524131762891173 15 26 1 4 1 4 16 2 2 16 20 6 2 12 1 17.8244721320812971 18 10 8 24 1 9.3553469181060791 68.9864145163190727 
18 24 6 15 8 1 6 22 13 16 2 2.70999124060388841 3.36768017929769181 33 12 12 28 2 9 26 3 1 30 9 5 32 5 14 17 3 12.0803760290145874 32.0406058409453465 
18 24 6 15 8 1 6 22 13 16 2 2.70999124060388841 3.36768017929769181 33 12 12 28 2 9 26 3 1 30 4 5 32 5 14 17 3 12.1084000468254089 30.4292288545289225 
18 24 6 15 8 1 6 22 13 16 2 2.70999124060388841 10 6 11 12 28 2 9 26 3 3.36768017929769181 18 7 5 32 5 14 17 3 12.091744065284729 31.8071867041214382 
15 32 2.70999124060388841 16 1 4 12 5 1 4 25 5 2 26 11 4 1 9 13 6 1 9.25570237641795579 26 10 1 24 12 2 31 11 8.54954588413238525 80.3761904761904731 
1 24 4 15 8 1 6 22 13 16 2 2.70999124060388841 3.36768017929769181 33 12 12 28 2 9 26 3 14 6 7 5 32 5 14 17 3 10.8973139524459839 46.1622144140111743 
18 24 6 15 8 1 6 22 13 16 2 2.70999124060388841 3.36768017929769181 33 12 12 28 2 9 26 3 3.36768017929769181 20 3 5 32 5 14 30 7 11.8593140840530396 34.5297290085024144 
18 24 6 15 8 1 6 22 13 16 2 2.70999124060388841 3.36768017929769181 33 12 4 7 7 9 26 3 18 19 1 5 32 5 14 31 2.70999124060388841 12.9538789987564087 26.468242317704 
15 1 7 14 9 7 6 22 13 16 2 2.70999124060388841 3.36768017929769181 33 12 12 28 2 9 26 3 1 12 4 5 32 5 14 17 3 10.5431488752365112 51.6572748177723682 
18 24 6 15 8 1 6 22 13 16 2 2.70999124060388841 3.36768017929769181 33 12 12 28 2 9 26 3 18 19 1 5 32 5 14 17 3 13.6311290264129639 23.7211433336368955 
9 23 12 15 20 4 14 31 3 1 1 1 10 15 1 3 6 2.70999124060388841 16 33 12 12 20 2 4 14 6 6 8 7 10.4194470047950745 52.2722222222222257 
1 15 2 17 6 5 6 22 13 16 2 2.70999124060388841 3.36768017929769181 33 12 12 28 2 9 26 3 13 18 7 5 32 5 14 17 3 10.7987468838691711 48.2867519262269767 
6 20 2.70999124060388841 3 16 10 12 24 8 4 30 5 16 32 4 12 24 13 3 26 3 15 6 10 1 15 11 13 3 9 8.21589505672454834 85.0380952380952237 
3 23 2 4 2 2 1 14 9 10 30 7 6 9 4 14 3 11 17 32 9 15 24 6 4 13 8 3.36768017929769181 20 11 9.40163695812225342 64.7873015873015845 
14 6 3 15 8 1 6 22 13 16 2 2.70999124060388841 3.36768017929769181 33 12 12 28 2 9 26 3 6 31 10 5 32 5 14 17 3 11.070673942565918 42.0610625757684602 
18 24 6 15 8 1 6 22 13 16 2 2.70999124060388841 3.36768017929769181 33 12 12 28 2 9 26 3 1 1 4 5 32 5 14 17 3 12.2321120500564575 28.1966767492630161 
3 24 1 4 15 12 14 12 4 1 13 4 1 9 7 2 32 3 13 5 7 16 6 11 17 24 1 9 12 12 8.49006593227386475 80.6730158730158848 
17 15 2 1 6 7 13 9 11 14 5.34074699537910114 6 16 6 13 14 20 6.96245171630185755 6 18 9 9 24 11 3 9 4 1 24 12 7.86185300350189209 99.2240259740259773 
18 24 6 17 20 1 6 22 13 16 2 2.70999124060388841 3.36768017929769181 33 12 12 28 2 9 26 3 18 19 1 5 32 5 14 17 3 13.1625719666481018 25.9191749065263295 
18 24 6 17 30 1 6 22 13 16 2 2.70999124060388841 3.36768017929769181 33 12 12 28 2 9 26 3 18 19 1 5 32 5 14 17 3 13.0881549715995789 26.3588461470926312 
16 16 2.70999124060388841 14 20 11 9 6 8 8 2 6.96245171630185755 13 6 7 6 15 5 12 16 9 14 31 13 17 12 12 4 30 9 8.29930680990219116 83.7226708074533974 
18 24 6 17 5 1 6 22 13 16 2 2.70999124060388841 3.36768017929769181 33 12 12 28 2 9 26 3 18 19 1 5 32 5 14 17 3 13.3642280101776123 23.8867161429789299 
18 24 6 15 8 1 6 22 13 16 2 2.70999124060388841 3.36768017929769181 33 12 12 28 2 9 26 3 6 32 9 15 6 7 14 17 3 11.540926992893219 35.1216197769266785 
18 24 6 14 12 4 6 22 13 16 2 2.70999124060388841 3.36768017929769181 33 12 12 28 2 9 26 3 17 6 7 5 32 5 14 17 3 11.324006974697113 35.6704623663945668 
18 24 6 15 8 1 6 22 13 16 2 2.70999124060388841 4 25 2 12 28 2 9 26 3 1 15 10 5 32 5 14 6 6 11.1012889742851257 40.5406149463667234 

Current Evaluation = 30000000(30000040)
Front Size = 44
14 28 6 4 24 1 12 15 1 15 30 11 16 6 2 17 26 7 13 15 3 1 1 13 5 31 9 1 32 1 8.89969289302825928 72.9523809523809632 
3.36768017929769181 1 2 9 26 6.96245171630185755 6 14 1 1 12 12 14 6 9 17 30 1 4 9 3.84646942076222631 10 19 13 14 30 8 13 25 7 8.64805471897125244 74.8038625976706584 
18 24 6 15 8 1 6 22 13 16 2 2.70999124060388841 3.36768017929769181 33 12 12 28 2 9 26 3 1 31 9 5 32 5 14 17 3 12.1806550025939941 29.6705870961292995 
10 24 2 3.36768017929769181 1 6 17 31 13 14 24 9 4 30 12 12 1 6 15 26 7 16 22 2 12 31 1 2 1 3 8.88023978471755981 74.7943977591036457 
6 31 9 1 25 5 6 22 13 16 2 2.70999124060388841 3.36768017929769181 33 12 12 28 2 9 26 3 3.36768017929769181 30 11 5 32 5 14 17 3 10.6443549394607544 50.0139002944967217 
14 13 12 17 24 6 6 22 13 16 2 2.70999124060388841 3.36768017929769181 33 12 12 28 2 9 26 3 14 25 1 5 32 5 14 17 3 10.9431449770927429 45.2593759987983475 
17 30 1 14 24 6 6 15 8 3.36768017929769181 19 2 16 1 4 15 30 6.96245171630185755 2 24 4 15 26 3.84646942076222631 14 12 12 4 18 9.82524131762891173 7.86818301677703857 87.4163789102385635 
1 24 7 13 32 1 10 25 9 14 15 2 1 6 11 14 20 2.70999124060388841 15 25 4 12 30 9 15 24 13 12 16.1354543567662532 3.84646942076222631 7.83945083618164062 101.458333333333343 
4 6 11 1 16 2 14 20 2.70999124060388841 4 15 1 13 25 4 17 32 2 16 32 10 13 1 12 1 5 7 14 31 9 7.50439977645874023 104.649206349206352 
18 24 6 15 8 1 6 22 13 16 2 2.70999124060388841 3.36768017929769181 33 12 4 25 2 9 26 3 18 19 1 5 32 5 14 30 4 12.4197109639644623 27.1486377170900042 
18 24 6 15 8 1 6 22 13 16 2 2.70999124060388841 3.36768017929769181 33 12 12 28 2 9 26 3 1 6 4 5 32 5 14 17 3 12.1437770128250122 29.860496315992922 
16 5.34074699537910114 2 3 31 9 4 19 3 10 33 8 6 15 11 14 2 13 15 20 9 8 14 10 12 24 3 17 30 9 9.76104503870010376 56.1369863013698662 
3 12 10 2 26 9 14 30 7 8 1 1 17 31 2 16 6 4 6 8 11 12 16 13 6 6 7 14 20 12 8.05779892206192017 85.8047619047619037 
18 24 6 15 8 1 6 22 13 16 2 2.70999124060388841 3.36768017929769181 33 12 12 28 2 9 26 3 1 30 4 5 32 5 14 17 3 12.1084000468254089 30.4292288545289225 
18 24 6 15 8 1 6 22 13 16 2 2.70999124060388841 10 6 11 12 28 2 9 26 3 3.36768017929769181 18 7 5 32 5 14 17 3 12.091744065284729 31.8071867041214382 
1 24 4 15 8 1 6 22 13 16 2 2.70999124060388841 3.36768017929769181 33 12 12 28 2 9 26 3 14 6 7 5 32 5 14 17 3 10.8973139524459839 46.1622144140111743 
15 1 7 14 9 7 6 22 13 16 2 2.70999124060388841 3.36768017929769181 33 12 12 28 2 9 26 3 1 12 4 5 32 5 14 17 3 10.5431488752365112 51.6572748177723682 
18 24 6 15 8 1 6 22 13 16 2 2.70999124060388841 3.36768017929769181 33 12 12 28 2 9 26 3 18 19 1 5 32 5 14 17 3 13.6311290264129639 23.7211433336368955 
9 23 12 15 20 4 14 31 3 1 1 1 10 15 1 3 6 2.70999124060388841 16 33 12 12 20 2 4 14 6 6 8 7 10.4194470047950745 52.2722222222222257 
1 15 2 17 6 5 6 22 13 16 2 2.70999124060388841 3.36768017929769181 33 12 12 28 2 9 26 3 13 18 7 5 32 5 14 17 3 10.7987468838691711 48.2867519262269767 
6 20 2.70999124060388841 3 16 10 12 24 8 4 30 5 16 32 4 12 24 13 3 26 3 15 6 10 1 15 11 13 3 9 8.21589505672454834 85.0380952380952237 
3 23 2 4 2 2 1 14 9 10 30 7 6 9 4 14 3 11 17 32 9 15 24 6 4 13 8 3.36768017929769181 20 11 9.40163695812225342 64.7873015873015845 
14 6 3 15 8 1 6 22 13 16 2 2.70999124060388841 3.36768017929769181 33 12 12 28 2 9 26 3 6 31 10 5 32 5 14 17 3 11.070673942565918 42.0610625757684602 
18 24 6 15 8 1 6 22 13 16 2 2.70999124060388841 3.36768017929769181 33 12 12 28 2 9 26 3 1 1 4 5 32 5 14 17 3 12.2321120500564575 28.1966767492630161 
17 15 2 1 6 7 13 9 11 14 5.34074699537910114 6 16 6 13 14 20 6.96245171630185755 6 18 9 9 24 11 3 9 4 1 24 12 7.86185300350189209 99.2240259740259773 
16 16 2.70999124060388841 14 20 11 9 6 8 8 2 6.96245171630185755 13 6 7 6 15 5 12 16 9 14 31 13 17 12 12 4 30 9 8.29930680990219116 83.7226708074533974 
18 24 6 17 5 1 6 22 13 16 2 2.70999124060388841 3.36768017929769181 33 12 12 28 2 9 26 3 18 19 1 5 32 5 14 17 3 13.3642280101776123 23.8867161429789299 
18 24 6 15 8 1 6 22 13 16 2 2.70999124060388841 3.36768017929769181 33 12 12 28 2 9 26 3 6 32 9 15 6 7 14 17 3 11.540926992893219 35.1216197769266785 
18 24 6 14 12 4 6 22 13 16 2 2.70999124060388841 3.36768017929769181 33 12 12 28 2 9 26 3 17 6 7 5 32 5 14 17 3 11.324006974697113 35.6704623663945668 
18 24 6 15 12 8 6 22 13 16 2 2.70999124060388841 3.36768017929769181 33 12 12 28 2 9 26 3 17 6 4 5 32 5 14 17 3 11.708778977394104 34.2221447928765059 
18 24 6 15 8 1 6 25 11 16 2 2.70999124060388841 3.36768017929769181 33 12 12 28 2 9 26 3 6 6 1 5 32 5 14 17 3 11.9842650294303894 31.9078720322965843 
3.36768017929769181 18 2 6 32 4 10 15 12 16 26 13 3 31 8 2 22 10 12 9 9 6 17 7 4 12 6 6 6 9 9.3459438681602478 68.9190476190476176 
18 24 6 15 8 1 6 22 13 16 2 2.70999124060388841 3.36768017929769181 33 12 12 28 2 9 26 3 14 31 7 5 32 5 15 20 9 11.735791027545929 33.1186328945280408 
18 24 6 14 9 1 6 22 13 16 2 2.70999124060388841 3.36768017929769181 33 12 12 28 2 9 26 3 17 31 6 5 32 5 14 17 3 11.8923379778862 33.0666274225645793 
14 1 2 14 15 3 16 1 2.70999124060388841 15 31 13 10 30 4 13 32 4 6 24 7 14 5 6 15 30 11 4 31 5 7.3731158971786499 119.805555555555571 
18 24 6 15 8 1 6 22 13 16 2 2.70999124060388841 3.36768017929769181 12 8 12 28 2 9 26 3 18 19 1 5 32 5 2 30 6.96245171630185755 12.8406150341033936 26.2309015336726539 
1 1 7 15 8 1 6 22 13 16 2 2.70999124060388841 3.36768017929769181 33 12 12 28 2 9 26 3 4 6 4 5 32 5 14 17 3 11.1763679981231689 38.6128567752021254 
18 24 6 17 20 1 6 22 13 16 2 2.70999124060388841 3.36768017929769181 33 12 12 28 2 9 26 3 18 19 1 5 32 5 14 17 3 13.1625719666481018 24.8584601251436368 
18 24 6 15 8 1 6 22 13 16 2 2.70999124060388841 9 15 1 12 28 2 9 26 3 15 30 4 5 32 5 14 17 3 11.678455114364624 34.9930193940209548 
14 6 9 15 8 1 6 22 13 16 2 2.70999124060388841 3.36768017929769181 33 12 12 28 2 9 26 3 3.36768017929769181 15 4 5 32 5 14 17 3 11.0771699547767639 39.9282774003808143 
14 6 6 15 8 1 6 22 13 16 2 2.70999124060388841 16 20 13 12 28 2 9 26 3 6 31 4 5 32 5 14 17 3 10.1735050082206726 54.1284358738904245 
14 19 9 3.36768017929769181 20 4 6 15 1 9.25570237641795579 12 2 4.94126535182462057 26 13 15 9 7 17 18 10 10 2 12 6 32 10 15 25 4 8.95562297105789185 70.6684491978609515 
9 28 9 4 15 4 10 24 2.70999124060388841 14 18 5 12 15 8 6 3 12 14 14 8 3 31 4 9.25570237641795579 6 10 17 30 3.84646942076222631 9.3317718505859375 69.1797619047619037 
2 5 9 1 9 6 14 16 2.70999124060388841 4 24 2 16 26 12 1 20 2 9.25570237641795579 12 13 15 15 13 4.94126535182462057 6 8 17 31 9.82524131762891173 8.47497683763504028 78.4634920634920547 

Current Evaluation = 40000000(40000100)
Front Size = 46
14 28 6 4 24 1 12 15 1 15 30 11 16 6 2 17 26 7 13 15 3 1 1 13 5 31 9 1 32 1 8.89969289302825928 72.9523809523809632 
3.36768017929769181 1 2 9 26 6.96245171630185755 6 14 1 1 12 12 14 6 9 17 30 1 4 9 3.84646942076222631 10 19 13 14 30 8 13 25 7 8.64805471897125244 74.8038625976706584 
18 24 6 15 8 1 6 22 13 16 2 2.70999124060388841 3.36768017929769181 33 12 12 28 2 9 26 3 1 31 9 5 32 5 14 17 3 12.1806550025939941 29.6705870961292995 
6 31 9 1 25 5 6 22 13 16 2 2.70999124060388841 3.36768017929769181 33 12 12 28 2 9 26 3 3.36768017929769181 30 11 5 32 5 14 17 3 10.6443549394607544 50.0139002944967217 
14 13 12 17 24 6 6 22 13 16 2 2.70999124060388841 3.36768017929769181 33 12 12 28 2 9 26 3 14 25 1 5 32 5 14 17 3 10.9431449770927429 45.2593759987983475 
17 30 1 14 24 6 6 15 8 3.36768017929769181 19 2 16 1 4 15 30 6.96245171630185755 2 24 4 15 26 3.84646942076222631 14 12 12 4 18 9.82524131762891173 7.86818301677703857 87.4163789102385635 
1 24 7 13 32 1 10 25 9 14 15 2 1 6 11 14 20 2.70999124060388841 15 25 4 12 30 9 15 24 13 12 16.1354543567662532 3.84646942076222631 7.83945083618164062 101.458333333333343 
4 6 11 1 16 2 14 20 2.70999124060388841 4 15 1 13 25 4 17 32 2 16 32 10 13 1 12 1 5 7 14 31 9 7.50439977645874023 104.649206349206352 
18 24 6 15 8 1 6 22 13 16 2 2.70999124060388841 3.36768017929769181 33 12 4 25 2 9 26 3 18 19 1 5 32 5 14 30 4 12.4197109639644623 27.1486377170900042 
18 24 6 15 8 1 6 22 13 16 2 2.70999124060388841 3.36768017929769181 33 12 12 28 2 9 26 3 1 6 4 5 32 5 14 17 3 12.1437770128250122 29.860496315992922 
16 5.34074699537910114 2 3 31 9 4 19 3 10 33 8 6 15 11 14 2 13 15 20 9 8 14 10 12 24 3 17 30 9 9.76104503870010376 56.1369863013698662 
3 12 10 2 26 9 14 30 7 8 1 1 17 31 2 16 6 4 6 8 11 12 16 13 6 6 7 14 20 12 8.05779892206192017 85.8047619047619037 
15 1 7 14 9 7 6 22 13 16 2 2.70999124060388841 3.36768017929769181 33 12 12 28 2 9 26 3 1 12 4 5 32 5 14 17 3 10.5431488752365112 51.6572748177723682 
18 24 6 15 8 1 6 22 13 16 2 2.70999124060388841 3.36768017929769181 33 12 12 28 2 9 26 3 18 19 1 5 32 5 14 17 3 13.6311290264129639 23.7211433336368955 
9 23 12 15 20 4 14 31 3 1 1 1 10 15 1 3 6 2.70999124060388841 16 33 12 12 20 2 4 14 6 6 8 7 10.4194470047950745 52.2722222222222257 
1 15 2 17 6 5 6 22 13 16 2 2.70999124060388841 3.36768017929769181 33 12 12 28 2 9 26 3 13 18 7 5 32 5 14 17 3 10.7987468838691711 48.2867519262269767 
6 20 2.70999124060388841 3 16 10 12 24 8 4 30 5 16 32 4 12 24 13 3 26 3 15 6 10 1 15 11 13 3 9 8.21589505672454834 85.0380952380952237 
3 23 2 4 2 2 1 14 9 10 30 7 6 9 4 14 3 11 17 32 9 15 24 6 4 13 8 3.36768017929769181 20 11 9.40163695812225342 64.7873015873015845 
14 6 3 15 8 1 6 22 13 16 2 2.70999124060388841 3.36768017929769181 33 12 12 28 2 9 26 3 6 31 10 5 32 5 14 17 3 11.070673942565918 42.0610625757684602 
18 24 6 15 8 1 6 22 13 16 2 2.70999124060388841 3.36768017929769181 33 12 12 28 2 9 26 3 1 1 4 5 32 5 14 17 3 12.2321120500564575 28.1966767492630161 
17 15 2 1 6 7 13 9 11 14 5.34074699537910114 6 16 6 13 14 20 6.96245171630185755 6 18 9 9 24 11 3 9 4 1 24 12 7.86185300350189209 99.2240259740259773 
16 16 2.70999124060388841 14 20 11 9 6 8 8 2 6.96245171630185755 13 6 7 6 15 5 12 16 9 14 31 13 17 12 12 4 30 9 8.29930680990219116 83.7226708074533974 
18 24 6 17 5 1 6 22 13 16 2 2.70999124060388841 3.36768017929769181 33 12 12 28 2 9 26 3 18 19 1 5 32 5 14 17 3 13.3642280101776123 23.8867161429789299 
18 24 6 15 8 1 6 22 13 16 2 2.70999124060388841 3.36768017929769181 33 12 12 28 2 9 26 3 6 32 9 15 6 7 14 17 3 11.540926992893219 35.1216197769266785 
18 24 6 14 12 4 6 22 13 16 2 2.70999124060388841 3.36768017929769181 33 12 12 28 2 9 26 3 17 6 7 5 32 5 14 17 3 11.324006974697113 35.6704623663945668 
18 24 6 15 8 1 6 25 11 16 2 2.70999124060388841 3.36768017929769181 33 12 12 28 2 9 26 3 6 6 1 5 32 5 14 17 3 11.9842650294303894 31.9078720322965843 
3.36768017929769181 18 2 6 32 4 10 15 12 16 26 13 3 31 8 2 22 10 12 9 9 6 17 7 4 12 6 6 6 9 9.3459438681602478 68.9190476190476176 
14 1 2 14 15 3 16 1 2.70999124060388841 15 31 13 10 30 4 13 32 4 6 24 7 14 5 6 15 30 11 4 31 5 7.3731158971786499 119.805555555555571 
18 24 6 15 8 1 6 22 13 16 2 2.70999124060388841 3.36768017929769181 12 8 12 28 2 9 26 3 18 19 1 5 32 5 2 30 6.96245171630185755 12.8406150341033936 26.2309015336726539 
1 1 7 15 8 1 6 22 13 16 2 2.70999124060388841 3.36768017929769181 33 12 12 28 2 9 26 3 4 6 4 5 32 5 14 17 3 11.1763679981231689 38.6128567752021254 
18 24 6 17 20 1 6 22 13 16 2 2.70999124060388841 3.36768017929769181 33 12 12 28 2 9 26 3 18 19 1 5 32 5 14 17 3 13.1625719666481018 24.8584601251436368 
14 6 9 15 8 1 6 22 13 16 2 2.70999124060388841 3.36768017929769181 33 12 12 28 2 9 26 3 3.36768017929769181 15 4 5 32 5 14 17 3 11.0771699547767639 39.9282774003808143 
14 6 6 15 8 1 6 22 13 16 2 2.70999124060388841 16 20 13 12 28 2 9 26 3 6 31 4 5 32 5 14 17 3 10.1735050082206726 54.1284358738904245 
14 19 9 3.36768017929769181 20 4 6 15 1 9.25570237641795579 12 2 4.94126535182462057 26 13 15 9 7 17 18 10 10 2 12 6 32 10 15 25 4 8.95562297105789185 70.6684491978609515 
9 28 9 4 15 4 10 24 2.70999124060388841 14 18 5 12 15 8 6 3 12 14 14 8 3 31 4 9.25570237641795579 6 10 17 30 3.84646942076222631 9.3317718505859375 69.1797619047619037 
2 5 9 1 9 6 14 16 2.70999124060388841 4 24 2 16 26 12 1 20 2 9.25570237641795579 12 13 15 15 13 4.94126535182462057 6 8 17 31 9.82524131762891173 8.47497683763504028 78.4634920634920547 
14 31 7 15 8 1 6 22 13 16 2 2.70999124060388841 3.36768017929769181 33 12 12 28 2 9 26 3 1 20 4 5 32 5 14 17 3 10.9594209790229797 42.5013754062738514 
18 24 6 15 8 1 6 22 13 16 2 2.70999124060388841 3.36768017929769181 33 12 12 28 2 9 26 3 1 30 4 5 32 5 14 17 3 12.1084000468254089 30.0789307419078753 
6 6 13 14 30 9 3.36768017929769181 15 1 10 20 6.96245171630185755 14 18 10 3 1 7 4.94126535182462057 3 6 13 26 8 12 24 5 15 25 13 8.38527393341064453 80.0505135387488309 
14 5.34074699537910114 7 15 8 1 6 22 13 16 2 2.70999124060388841 3.36768017929769181 33 12 12 28 2 9 26 3 4 30 7 5 32 5 14 17 3 11.133976936340332 39.6935637413408671 
18 24 6 17 25 1 6 22 13 16 2 2.70999124060388841 3.36768017929769181 33 12 12 28 2 9 26 3 18 19 1 5 32 5 14 17 3 13.2313589453697205 24.8543089912685957 
16 20 2.70999124060388841 15 8 1 6 22 13 14 1 6 3.36768017929769181 33 12 12 28 2 9 26 3 4 24 7 5 32 5 14 17 3 10.8541240096092224 46.3581030459601919 
18 24 6 15 8 1 6 22 13 16 2 2.70999124060388841 3.36768017929769181 33 12 4 31 2.70999124060388841 9 26 3 12 30 7 5 32 5 14 17 3 11.5851369500160217 33.014679091664533 
18 24 6 15 8 1 6 22 13 16 2 2.70999124060388841 3.36768017929769181 33 12 12 28 2 9 26 3 1 30 9 5 32 5 14 17 3 12.0803760290145874 31.1362041963023692 
18 24 6 1 12 2 6 22 13 16 2 2.70999124060388841 3.36768017929769181 33 12 4 6 9 9 26 3 1 1 11 5 32 5 14 17 3 10.892427921295166 45.7549913641345896 
15 18 2 4 6 13 6 11 6 14 8 5 3 32 10 6 22 3 1 1 3 16 24 13 17 30 11 1 20 12 8.78254801034927368 74.5746031746031832 

Current Evaluation = 50000000(50000020)
Front Size = 47
14 28 6 4 24 1 12 15 1 15 30 11 16 6 2 17 26 7 13 15 3 1 1 13 5 31 9 1 32 1 8.89969289302825928 72.9523809523809632 
3.36768017929769181 1 2 9 26 6.96245171630185755 6 14 1 1 12 12 14 6 9 17 30 1 4 9 3.84646942076222631 10 19 13 14 30 8 13 25 7 8.64805471897125244 74.8038625976706584 
18 24 6 15 8 1 6 22 13 16 2 2.70999124060388841 3.36768017929769181 33 12 12 28 2 9 26 3 1 31 9 5 32 5 14 17 3 12.1806550025939941 29.6705870961292995 
6 31 9 1 25 5 6 22 13 16 2 2.70999124060388841 3.36768017929769181 33 12 12 28 2 9 26 3 3.36768017929769181 30 11 5 32 5 14 17 3 10.6443549394607544 50.0139002944967217 
17 30 1 14 24 6 6 15 8 3.36768017929769181 19 2 16 1 4 15 30 6.96245171630185755 2 24 4 15 26 3.84646942076222631 14 12 12 4 18 9.82524131762891173 7.86818301677703857 87.4163789102385635 
1 24 7 13 32 1 10 25 9 14 15 2 1 6 11 14 20 2.70999124060388841 15 25 4 12 30 9 15 24 13 12 16.1354543567662532 3.84646942076222631 7.83945083618164062 101.458333333333343 
4 6 11 1 16 2 14 20 2.70999124060388841 4 15 1 13 25 4 17 32 2 16 32 10 13 1 12 1 5 7 14 31 9 7.50439977645874023 104.649206349206352 
18 24 6 15 8 1 6 22 13 16 2 2.70999124060388841 3.36768017929769181 33 12 4 25 2 9 26 3 18 19 1 5 32 5 14 30 4 12.4197109639644623 27.1486377170900042 
18 24 6 15 8 1 6 22 13 16 2 2.70999124060388841 3.36768017929769181 33 12 12 28 2 9 26 3 1 6 4 5 32 5 14 17 3 12.1437770128250122 29.860496315992922 
16 5.34074699537910114 2 3 31 9 4 19 3 10 33 8 6 15 11 14 2 13 15 20 9 8 14 10 12 24 3 17 30 9 9.76104503870010376 56.1369863013698662 
3 12 10 2 26 9 14 30 7 8 1 1 17 31 2 16 6 4 6 8 11 12 16 13 6 6 7 14 20 12 8.05779892206192017 85.8047619047619037 
15 1 7 14 9 7 6 22 13 16 2 2.70999124060388841 3.36768017929769181 33 12 12 28 2 9 26 3 1 12 4 5 32 5 14 17 3 10.5431488752365112 51.6572748177723682 
18 24 6 15 8 1 6 22 13 16 2 2.70999124060388841 3.36768017929769181 33 12 12 28 2 9 26 3 18 19 1 5 32 5 14 17 3 13.6311290264129639 23.7211433336368955 
9 23 12 15 20 4 14 31 3 1 1 1 10 15 1 3 6 2.70999124060388841 16 33 12 12 20 2 4 14 6 6 8 7 10.4194470047950745 52.2722222222222257 
1 15 2 17 6 5 6 22 13 16 2 2.70999124060388841 3.36768017929769181 33 12 12 28 2 9 26 3 13 18 7 5 32 5 14 17 3 10.7987468838691711 48.2867519262269767 
6 20 2.70999124060388841 3 16 10 12 24 8 4 30 5 16 32 4 12 24 13 3 26 3 15 6 10 1 15 11 13 3 9 8.21589505672454834 85.0380952380952237 
3 23 2 4 2 2 1 14 9 10 30 7 6 9 4 14 3 11 17 32 9 15 24 6 4 13 8 3.36768017929769181 20 11 9.40163695812225342 64.7873015873015845 
14 6 3 15 8 1 6 22 13 16 2 2.70999124060388841 3.36768017929769181 33 12 12 28 2 9 26 3 6 31 10 5 32 5 14 17 3 11.070673942565918 42.0610625757684602 
18 24 6 15 8 1 6 22 13 16 2 2.70999124060388841 3.36768017929769181 33 12 12 28 2 9 26 3 1 1 4 5 32 5 14 17 3 12.2321120500564575 28.1966767492630161 
17 15 2 1 6 7 13 9 11 14 5.34074699537910114 6 16 6 13 14 20 6.96245171630185755 6 18 9 9 24 11 3 9 4 1 24 12 7.86185300350189209 99.2240259740259773 
16 16 2.70999124060388841 14 20 11 9 6 8 8 2 6.96245171630185755 13 6 7 6 15 5 12 16 9 14 31 13 17 12 12 4 30 9 8.29930680990219116 83.7226708074533974 
18 24 6 17 5 1 6 22 13 16 2 2.70999124060388841 3.36768017929769181 33 12 12 28 2 9 26 3 18 19 1 5 32 5 14 17 3 13.3642280101776123 23.8867161429789299 
18 24 6 15 8 1 6 22 13 16 2 2.70999124060388841 3.36768017929769181 33 12 12 28 2 9 26 3 6 32 9 15 6 7 14 17 3 11.540926992893219 35.1216197769266785 
18 24 6 14 12 4 6 22 13 16 2 2.70999124060388841 3.36768017929769181 33 12 12 28 2 9 26 3 17 6 7 5 32 5 14 17 3 11.324006974697113 35.6704623663945668 
18 24 6 15 8 1 6 25 11 16 2 2.70999124060388841 3.36768017929769181 33 12 12 28 2 9 26 3 6 6 1 5 32 5 14 17 3 11.9842650294303894 31.9078720322965843 
14 1 2 14 15 3 16 1 2.70999124060388841 15 31 13 10 30 4 13 32 4 6 24 7 14 5 6 15 30 11 4 31 5 7.3731158971786499 119.805555555555571 
18 24 6 15 8 1 6 22 13 16 2 2.70999124060388841 3.36768017929769181 12 8 12 28 2 9 26 3 18 19 1 5 32 5 2 30 6.96245171630185755 12.8406150341033936 26.2309015336726539 
1 1 7 15 8 1 6 22 13 16 2 2.70999124060388841 3.36768017929769181 33 12 12 28 2 9 26 3 4 6 4 5 32 5 14 17 3 11.1763679981231689 38.6128567752021254 
18 24 6 17 20 1 6 22 13 16 2 2.70999124060388841 3.36768017929769181 33 12 12 28 2 9 26 3 18 19 1 5 32 5 14 17 3 13.1625719666481018 24.8584601251436368 
14 6 9 15 8 1 6 22 13 16 2 2.70999124060388841 3.36768017929769181 33 12 12 28 2 9 26 3 3.36768017929769181 15 4 5 32 5 14 17 3 11.0771699547767639 39.9282774003808143 
14 6 6 15 8 1 6 22 13 16 2 2.70999124060388841 16 20 13 12 28 2 9 26 3 6 31 4 5 32 5 14 17 3 10.1735050082206726 54.1284358738904245 
2 5 9 1 9 6 14 16 2.70999124060388841 4 24 2 16 26 12 1 20 2 9.25570237641795579 12 13 15 15 13 4.94126535182462057 6 8 17 31 9.82524131762891173 8.47497683763504028 78.4634920634920547 
14 31 7 15 8 1 6 22 13 16 2 2.70999124060388841 3.36768017929769181 33 12 12 28 2 9 26 3 1 20 4 5 32 5 14 17 3 10.9594209790229797 42.5013754062738514 
18 24 6 15 8 1 6 22 13 16 2 2.70999124060388841 3.36768017929769181 33 12 12 28 2 9 26 3 1 30 4 5 32 5 14 17 3 12.1084000468254089 30.0789307419078753 
6 6 13 14 30 9 3.36768017929769181 15 1 10 20 6.96245171630185755 14 18 10 3 1 7 4.94126535182462057 3 6 13 26 8 12 24 5 15 25 13 8.38527393341064453 80.0505135387488309 
14 5.34074699537910114 7 15 8 1 6 22 13 16 2 2.70999124060388841 3.36768017929769181 33 12 12 28 2 9 26 3 4 30 7 5 32 5 14 17 3 11.133976936340332 39.6935637413408671 
18 24 6 17 25 1 6 22 13 16 2 2.70999124060388841 3.36768017929769181 33 12 12 28 2 9 26 3 18 19 1 5 32 5 14 17 3 13.2313589453697205 24.8543089912685957 
18 24 6 15 8 1 6 22 13 16 2 2.70999124060388841 3.36768017929769181 33 12 4 31 2.70999124060388841 9 26 3 12 30 7 5 32 5 14 17 3 11.5851369500160217 33.014679091664533 
18 24 6 15 8 1 6 22 13 16 2 2.70999124060388841 3.36768017929769181 33 12 12 28 2 9 26 3 1 30 9 5 32 5 14 17 3 12.0803760290145874 31.1362041963023692 
15 18 2 4 6 13 6 11 6 14 8 5 3 32 10 6 22 3 1 1 3 16 24 13 17 30 11 1 20 12 8.78254801034927368 74.5746031746031832 
18 24 6 15 8 1 6 22 13 16 2 2.70999124060388841 3.36768017929769181 33 12 12 28 2 9 26 3 15 15 10 5 32 5 14 20 9 11.8676289916038513 32.7751866654826358 
1 30 13 3 23 2.70999124060388841 8 32 13 9 2 4 6 20 13 14 5 4 17 16.1354543567662532 10 3 1 3 14 26 1 4.94126535182462057 6 2 8.91554880142211914 70.3723809523809507 
15 23 1 6 1 3 12 31 11 16 33 2 14 26 10 15 12 4 8 6 12 3.36768017929769181 25 3 4 15 8 13 24 5 9.25340300798416138 68.4193798449612416 
18 24 6 17 30 1 6 22 13 16 2 2.70999124060388841 3.36768017929769181 33 12 12 28 2 9 26 3 18 19 1 5 32 5 14 17 3 13.0881549715995789 25.1608056373383953 
18 24 6 15 8 1 6 22 13 16 2 2.70999124060388841 3.36768017929769181 33 12 12 28 2 9 26 3 4 6 4 5 32 5 14 17 3 12.1969560384750366 29.6147779678635921 
14 6 4 15 8 1 6 22 13 16 2 2.70999124060388841 3.36768017929769181 33 12 12 28 2 9 26 3 6 31 9 5 32 5 14 17 3 10.8486499488353729 42.8719151587848302 
14 14 1 3 26 3 12 18 12 14 3 2.70999124060388841 10 16 1 17 32 12 14 11 9 2 15 6.96245171630185755 6 24 8 4 6 13 9.55405604839324951 64.5042328042327995 

Current Evaluation = 60000000(60000080)
Front Size = 45
3.36768017929769181 1 2 9 26 6.96245171630185755 6 14 1 1 12 12 14 6 9 17 30 1 4 9 3.84646942076222631 10 19 13 14 30 8 13 25 7 8.64805471897125244 74.8038625976706584 
17 30 1 14 24 6 6 15 8 3.36768017929769181 19 2 16 1 4 15 30 6.96245171630185755 2 24 4 15 26 3.84646942076222631 14 12 12 4 18 9.82524131762891173 7.86818301677703857 87.4163789102385635 
1 24 7 13 32 1 10 25 9 14 15 2 1 6 11 14 20 2.70999124060388841 15 25 4 12 30 9 15 24 13 12 16.1354543567662532 3.84646942076222631 7.83945083618164062 101.458333333333343 
4 6 11 1 16 2 14 20 2.70999124060388841 4 15 1 13 25 4 17 32 2 16 32 10 13 1 12 1 5 7 14 31 9 7.50439977645874023 104.649206349206352 
18 24 6 15 8 1 6 22 13 16 2 2.70999124060388841 3.36768017929769181 33 12 4 25 2 9 26 3 18 19 1 5 32 5 14 30 4 12.4197109639644623 27.1486377170900042 
16 5.34074699537910114 2 3 31 9 4 19 3 10 33 8 6 15 11 14 2 13 15 20 9 8 14 10 12 24 3 17 30 9 9.76104503870010376 56.1369863013698662 
3 12 10 2 26 9 14 30 7 8 1 1 17 31 2 16 6 4 6 8 11 12 16 13 6 6 7 14 20 12 8.05779892206192017 85.8047619047619037 
9 23 12 15 20 4 14 31 3 1 1 1 10 15 1 3 6 2.70999124060388841 16 33 12 12 20 2 4 14 6 6 8 7 10.4194470047950745 52.2722222222222257 
6 20 2.70999124060388841 3 16 10 12 24 8 4 30 5 16 32 4 12 24 13 3 26 3 15 6 10 1 15 11 13 3 9 8.21589505672454834 85.0380952380952237 
3 23 2 4 2 2 1 14 9 10 30 7 6 9 4 14 3 11 17 32 9 15 24 6 4 13 8 3.36768017929769181 20 11 9.40163695812225342 64.7873015873015845 
18 24 6 15 8 1 6 22 13 16 2 2.70999124060388841 3.36768017929769181 33 12 12 28 2 9 26 3 1 1 4 5 32 5 14 17 3 12.2321120500564575 28.1966767492630161 
17 15 2 1 6 7 13 9 11 14 5.34074699537910114 6 16 6 13 14 20 6.96245171630185755 6 18 9 9 24 11 3 9 4 1 24 12 7.86185300350189209 99.2240259740259773 
16 16 2.70999124060388841 14 20 11 9 6 8 8 2 6.96245171630185755 13 6 7 6 15 5 12 16 9 14 31 13 17 12 12 4 30 9 8.29930680990219116 83.7226708074533974 
18 24 6 14 12 4 6 22 13 16 2 2.70999124060388841 3.36768017929769181 33 12 12 28 2 9 26 3 17 6 7 5 32 5 14 17 3 11.324006974697113 35.6704623663945668 
14 1 2 14 15 3 16 1 2.70999124060388841 15 31 13 10 30 4 13 32 4 6 24 7 14 5 6 15 30 11 4 31 5 7.3731158971786499 119.805555555555571 
1 1 7 15 8 1 6 22 13 16 2 2.70999124060388841 3.36768017929769181 33 12 12 28 2 9 26 3 4 6 4 5 32 5 14 17 3 11.1763679981231689 38.6128567752021254 
14 6 9 15 8 1 6 22 13 16 2 2.70999124060388841 3.36768017929769181 33 12 12 28 2 9 26 3 3.36768017929769181 15 4 5 32 5 14 17 3 11.0771699547767639 39.9282774003808143 
14 6 6 15 8 1 6 22 13 16 2 2.70999124060388841 16 20 13 12 28 2 9 26 3 6 31 4 5 32 5 14 17 3 10.1735050082206726 54.1284358738904245 
2 5 9 1 9 6 14 16 2.70999124060388841 4 24 2 16 26 12 1 20 2 9.25570237641795579 12 13 15 15 13 4.94126535182462057 6 8 17 31 9.82524131762891173 8.47497683763504028 78.4634920634920547 
14 31 7 15 8 1 6 22 13 16 2 2.70999124060388841 3.36768017929769181 33 12 12 28 2 9 26 3 1 20 4 5 32 5 14 17 3 10.9594209790229797 42.5013754062738514 
6 6 13 14 30 9 3.36768017929769181 15 1 10 20 6.96245171630185755 14 18 10 3 1 7 4.94126535182462057 3 6 13 26 8 12 24 5 15 25 13 8.38527393341064453 80.0505135387488309 
14 5.34074699537910114 7 15 8 1 6 22 13 16 2 2.70999124060388841 3.36768017929769181 33 12 12 28 2 9 26 3 4 30 7 5 32 5 14 17 3 11.133976936340332 39.6935637413408671 
18 24 6 15 8 1 6 22 13 16 2 2.70999124060388841 3.36768017929769181 33 12 4 31 2.70999124060388841 9 26 3 12 30 7 5 32 5 14 17 3 11.5851369500160217 33.014679091664533 
15 18 2 4 6 13 6 11 6 14 8 5 3 32 10 6 22 3 1 1 3 16 24 13 17 30 11 1 20 12 8.78254801034927368 74.5746031746031832 
1 30 13 3 23 2.70999124060388841 8 32 13 9 2 4 6 20 13 14 5 4 17 16.1354543567662532 10 3 1 3 14 26 1 4.94126535182462057 6 2 8.91554880142211914 70.3723809523809507 
15 23 1 6 1 3 12 31 11 16 33 2 14 26 10 15 12 4 8 6 12 3.36768017929769181 25 3 4 15 8 13 24 5 9.25340300798416138 68.4193798449612416 
14 6 4 15 8 1 6 22 13 16 2 2.70999124060388841 3.36768017929769181 33 12 12 28 2 9 26 3 6 31 9 5 32 5 14 17 3 10.8486499488353729 42.8719151587848302 
14 14 1 3 26 3 12 18 12 14 3 2.70999124060388841 10 16 1 17 32 12 14 11 9 2 15 6.96245171630185755 6 24 8 4 6 13 9.55405604839324951 64.5042328042327995 
6 18 13 13 6 9 3 2 2 14 1 12 3.36768017929769181 18 5 4 24 10 3 30 13 2 6 4 15 30 4 14 15 11 7.74376004934310913 102.905555555555551 
18 24 6 2 31 4 6 22 13 16 2 2.70999124060388841 3 15 1 12 28 2 9 26 3 6 30 2.70999124060388841 5 32 5 14 17 3 11.0658409595489502 40.1918318746956587 
14 25 9 15 8 1 6 22 13 16 2 2.70999124060388841 3.36768017929769181 33 12 12 28 2 9 26 3 12 15 1 1 12 9 14 17 3 10.7503808736801147 44.4048838752574895 
4 5 13 2 6 6 4 15 2.70999124060388841 14 18 6.96245171630185755 10 1 3.84646942076222631 1 16 4 3 32 5 14 20 8 6 26 2 1 15 11 8.79615509510040283 72.845238095238102 
18 24 6 15 8 1 6 22 13 16 2 2.70999124060388841 3.36768017929769181 33 12 4 5.34074699537910114 13 9 26 3 18 19 1 5 32 5 6 31 2 12.9415270090103149 25.1565012132889905 
12 25 13 4 12 11 14 3 1 6 2 2 2 24 7 10 16 4 5 6 3 9 31 6 15 1 9 3 26 7 9.74421495199203491 63.8999999999999915 
18 24 6 1 30 1 6 22 13 16 2 2.70999124060388841 3.36768017929769181 33 12 12 28 2 9 26 3 17 31 1 5 32 5 14 17 3 11.880704939365387 28.7234893275843746 
9 31 7 3.36768017929769181 15 3 6 26 11 16 16.1354543567662532 2 14 6 12 8 19 5 6 15 3.84646942076222631 4 9 7 14 16 8 16 20 11 8.89314079284667969 72.4753501400560225 
18 24 6 17 20 1 6 22 13 16 2 2.70999124060388841 3.36768017929769181 33 12 12 28 2 9 26 3 18 19 1 5 32 5 14 17 3 13.1625719666481018 22.4056937543969354 
18 24 6 17 20 1 6 22 13 16 2 2.70999124060388841 3.36768017929769181 33 12 12 28 2 9 26 3 14 30 9 5 32 5 14 17 3 11.4324439764022827 34.8509323676286371 
14 29 9 17 20 1 6 22 13 16 2 2.70999124060388841 3.36768017929769181 33 12 12 28 2 9 26 3 18 19 1 5 32 5 14 17 3 12.8263217806816101 25.2525400534045374 
18 24 6 17 20 1 6 22 13 16 2 2.70999124060388841 3.36768017929769181 33 12 12 28 2 9 26 3 6 24 9 5 32 5 14 17 3 11.6653239727020264 30.872397764364635 
18 24 6 17 20 1 6 22 13 16 2 2.70999124060388841 3.36768017929769181 33 12 12 28 2 9 26 3 14 15 9 5 32 5 14 17 3 11.6105609536170959 32.9803389399973881 
18 24 6 17 20 1 6 22 13 16 2 2.70999124060388841 14 15 7 12 28 2 9 26 3 15 1 5 2 32 13 14 17 3 10.4880129098892212 49.3610650133432429 
18 24 6 17 20 1 6 22 13 16 2 2.70999124060388841 3.36768017929769181 33 12 12 28 2 9 26 3 15 6 5 5 32 5 14 17 3 11.7884169220924377 30.3098348135754172 
18 24 6 17 20 1 6 22 13 16 2 2.70999124060388841 3.36768017929769181 33 12 12 28 2 9 26 3 18 19 1 5 32 5 14 12 10 12.7436729669570923 26.4912917773262357 
18 24 6 17 20 1 6 22 13 16 2 2.70999124060388841 3.36768017929769181 33 12 12 28 2 9 26 3 13 6 2.70999124060388841 1 12 12 14 17 3 11.2441198825836182 37.7356919507288708 

Current Evaluation = 70000000(70000000)
Front Size = 48
3.36768017929769181 1 2 9 26 6.96245171630185755 6 14 1 1 12 12 14 6 9 17 30 1 4 9 3.84646942076222631 10 19 13 14 30 8 13 25 7 8.64805471897125244 74.8038625976706584 
17 30 1 14 24 6 6 15 8 3.36768017929769181 19 2 16 1 4 15 30 6.96245171630185755 2 24 4 15 26 3.84646942076222631 14 12 12 4 18 9.82524131762891173 7.86818301677703857 87.4163789102385635 
1 24 7 13 32 1 10 25 9 14 15 2 1 6 11 14 20 2.70999124060388841 15 25 4 12 30 9 15 24 13 12 16.1354543567662532 3.84646942076222631 7.83945083618164062 101.458333333333343 
4 6 11 1 16 2 14 20 2.70999124060388841 4 15 1 13 25 4 17 32 2 16 32 10 13 1 12 1 5 7 14 31 9 7.50439977645874023 104.649206349206352 
16 5.34074699537910114 2 3 31 9 4 19 3 10 33 8 6 15 11 14 2 13 15 20 9 8 14 10 12 24 3 17 30 9 9.76104503870010376 56.1369863013698662 
3 23 2 4 2 2 1 14 9 10 30 7 6 9 4 14 3 11 17 32 9 15 24 6 4 13 8 3.36768017929769181 20 11 9.40163695812225342 64.7873015873015845 
17 15 2 1 6 7 13 9 11 14 5.34074699537910114 6 16 6 13 14 20 6.96245171630185755 6 18 9 9 24 11 3 9 4 1 24 12 7.86185300350189209 99.2240259740259773 
14 1 2 14 15 3 16 1 2.70999124060388841 15 31 13 10 30 4 13 32 4 6 24 7 14 5 6 15 30 11 4 31 5 7.3731158971786499 119.805555555555571 
14 6 6 15 8 1 6 22 13 16 2 2.70999124060388841 16 20 13 12 28 2 9 26 3 6 31 4 5 32 5 14 17 3 10.1735050082206726 54.1284358738904245 
2 5 9 1 9 6 14 16 2.70999124060388841 4 24 2 16 26 12 1 20 2 9.25570237641795579 12 13 15 15 13 4.94126535182462057 6 8 17 31 9.82524131762891173 8.47497683763504028 78.4634920634920547 
15 18 2 4 6 13 6 11 6 14 8 5 3 32 10 6 22 3 1 1 3 16 24 13 17 30 11 1 20 12 8.78254801034927368 74.5746031746031832 
1 30 13 3 23 2.70999124060388841 8 32 13 9 2 4 6 20 13 14 5 4 17 16.1354543567662532 10 3 1 3 14 26 1 4.94126535182462057 6 2 8.91554880142211914 70.3723809523809507 
15 23 1 6 1 3 12 31 11 16 33 2 14 26 10 15 12 4 8 6 12 3.36768017929769181 25 3 4 15 8 13 24 5 9.25340300798416138 68.4193798449612416 
14 14 1 3 26 3 12 18 12 14 3 2.70999124060388841 10 16 1 17 32 12 14 11 9 2 15 6.96245171630185755 6 24 8 4 6 13 9.55405604839324951 64.5042328042327995 
6 18 13 13 6 9 3 2 2 14 1 12 3.36768017929769181 18 5 4 24 10 3 30 13 2 6 4 15 30 4 14 15 11 7.74376004934310913 102.905555555555551 
4 5 13 2 6 6 4 15 2.70999124060388841 14 18 6.96245171630185755 10 1 3.84646942076222631 1 16 4 3 32 5 14 20 8 6 26 2 1 15 11 8.79615509510040283 72.845238095238102 
12 25 13 4 12 11 14 3 1 6 2 2 2 24 7 10 16 4 5 6 3 9 31 6 15 1 9 3 26 7 9.74421495199203491 63.8999999999999915 
9 31 7 3.36768017929769181 15 3 6 26 11 16 16.1354543567662532 2 14 6 12 8 19 5 6 15 3.84646942076222631 4 9 7 14 16 8 16 20 11 8.89314079284667969 72.4753501400560225 
18 24 6 17 20 1 6 22 13 16 2 2.70999124060388841 3.36768017929769181 33 12 12 28 2 9 26 3 4 1 6 5 32 5 14 31 4 11.4665349423885345 28.3790454669924195 
18 24 6 17 20 1 6 22 13 16 2 2.70999124060388841 4 6 1 12 28 2 9 26 3 1 12 12 5 32 5 14 17 3 11.0544539093971252 33.9454997909584506 
12 15 1 4 30 13 6 22 13 16 2 2.70999124060388841 3.36768017929769181 33 12 16 13 2.70999124060388841 9 26 3 15 6 4 5 32 5 14 6 6 10.1743667721748352 53.7980036936347545 
18 24 6 17 20 1 6 22 13 16 2 2.70999124060388841 3.36768017929769181 33 12 12 28 2 9 26 3 1 30 4 5 32 5 14 17 3 11.6398429870605469 28.0061731389655435 
18 24 6 17 20 1 6 22 13 16 2 2.70999124060388841 3.36768017929769181 33 12 12 28 2 9 26 3 1 30 9 5 32 5 14 17 3 11.6118189692497253 28.0496255946383783 
18 24 6 17 20 1 6 22 13 16 2 2.70999124060388841 3.36768017929769181 33 12 12 28 2 9 26 3 4 31 1 5 32 5 14 17 3 12.0083009004592896 26.7923452075286086 
15 24 10 14 16 4 4 1 6 3 25 5 12 9 13 6 2 12 16 26 2.70999124060388841 15 18 11 8 3 13 6 14 9 9.14872503280639648 69.8595238095238074 
6 1 10 2 26 4 1 20 5 17 24 2 4 15 13 11 28 8 3.36768017929769181 16 6 9 31 13 14 14 2 16 32 3 9.79671388864517212 55.4160173160173173 
18 24 6 17 20 1 6 22 13 16 2 2.70999124060388841 3.36768017929769181 33 12 12 28 2 9 26 3 4 30 7 5 32 5 14 17 3 11.7130219340324402 27.6000724465589045 
3.36768017929769181 6 5 17 20 1 6 22 13 16 2 2.70999124060388841 3.36768017929769181 33 12 14 24 8 9 26 3 2 1 1 5 32 5 14 17 3 10.4156658053398132 46.0855506152905292 
18 24 6 17 20 1 6 22 13 16 2 2.70999124060388841 3.36768017929769181 33 12 12 28 2 9 26 3 18 19 1 5 32 5 1 5.34074699537910114 4 13.0275419950485229 22.6476976021280336 
18 24 6 17 20 1 6 22 13 16 2 2.70999124060388841 3.36768017929769181 33 12 12 28 2 9 26 3 18 19 1 5 32 5 14 9 6 12.9781020283699036 22.6536581719635706 
6 6 10 17 20 1 12 12 13 16 2 2.70999124060388841 3.36768017929769181 33 12 12 28 2 9 26 3 14 1 12 5 32 5 14 17 3 10.3998287916183472 47.0329522491708332 
14 15 6 17 20 1 6 22 13 16 2 2.70999124060388841 3.36768017929769181 6 12 12 28 2 9 26 3 8 31 3 5 32 5 14 17 3 10.2082959413528442 52.093755925227029 
2 6 9 17 20 1 6 22 13 16 2 2.70999124060388841 3.36768017929769181 33 12 12 28 2 9 26 3 18 19 1 5 32 5 14 17 3 12.2069839239120483 25.4977720738465443 
6 26 5 17 20 1 6 22 13 16 2 2.70999124060388841 3.36768017929769181 33 12 1 1 9 9 26 3 6 16 11 5 32 5 14 17 3 10.3680309057235718 48.9602114682759861 
13 6 4 17 20 1 6 22 13 16 2 2.70999124060388841 3.36768017929769181 33 12 12 28 2 9 26 3 4 30 2 5 32 5 14 17 3 10.6152178645133972 41.3917334127860457 
18 24 6 17 20 1 6 22 13 16 2 2.70999124060388841 3.36768017929769181 33 12 12 28 2 9 26 3 4 31 9 5 32 5 14 17 3 11.7652769088745117 26.8116528559259351 
18 24 6 17 20 1 6 22 13 16 2 2.70999124060388841 3.36768017929769181 33 12 12 28 2 9 26 3 18 19 1 5 32 5 14 17 3 13.1625719666481018 21.1117888676532282 
18 24 6 17 20 1 6 22 13 16 2 2.70999124060388841 3.36768017929769181 24 11 12 28 2 9 26 3 1 1 5 5 32 5 14 17 3 11.0298179984092712 35.5552709995479503 
18 24 6 17 20 1 6 22 13 16 2 2.70999124060388841 3.36768017929769181 33 12 12 28 2 9 26 3 18 19 1 5 32 5 14 30 9 12.5440700054168701 22.7618101167302385 
14 26 7 17 20 1 6 22 13 16 2 2.70999124060388841 3.36768017929769181 33 12 12 28 2 9 26 3 3.36768017929769181 6 1 5 32 5 14 17 3 10.8146158754825592 36.0941258961060925 
18 24 6 17 20 1 6 22 13 16 2 2.70999124060388841 3.36768017929769181 33 12 12 28 2 9 26 3 1 1 4 5 32 5 14 17 3 11.7635549902915955 27.4270622223993144 
18 24 6 17 20 1 6 22 13 16 2 2.70999124060388841 3.36768017929769181 6 11 12 28 2 9 26 3 15 16 6.96245171630185755 5 32 5 14 17 3 11.4313229918479919 31.1002648629989693 
18 24 6 17 20 1 6 22 13 16 2 2.70999124060388841 3.36768017929769181 33 12 12 28 2 9 26 3 6 15 1 5 32 5 14 17 3 12.0092529058456421 25.9719132881003993 
14 3 10 3 31 7 4 12 7 16 2 11 6 16 8 13 31 9 1 15 1 6 25 7 4 32 9 3 30 4 8.00770086050033569 79.961904761904762 
6 6 7 17 20 1 6 22 13 16 2 2.70999124060388841 3.36768017929769181 33 12 12 28 2 9 26 3 1 1 7 5 32 5 14 17 3 10.6509249210357666 40.2438518927880651 
14 5 4 17 20 1 6 22 13 16 2 2.70999124060388841 3.36768017929769181 33 12 12 28 2 9 26 3 1 30 9 5 32 5 14 17 3 10.5442169308662415 41.4544634563657297 
1 1 9 17 20 1 6 22 13 16 2 2.70999124060388841 3.36768017929769181 33 12 4 31 2 9 26 3 18 19 1 5 32 5 14 17 3 11.430094838142395 32.0066499596747818 
18 24 6 17 20 1 6 22 13 16 2 2.70999124060388841 4 6 12 12 28 2 9 26 3 14 30 6 5 32 5 14 17 3 10.7024999856948853 37.5561880953185323 

Current Evaluation = 80000000(80000060)
Front Size = 43
3.36768017929769181 1 2 9 26 6.96245171630185755 6 14 1 1 12 12 14 6 9 17 30 1 4 9 3.84646942076222631 10 19 13 14 30 8 13 25 7 8.64805471897125244 74.8038625976706584 
17 30 1 14 24 6 6 15 8 3.36768017929769181 19 2 16 1 4 15 30 6.96245171630185755 2 24 4 15 26 3.84646942076222631 14 12 12 4 18 9.82524131762891173 7.86818301677703857 87.4163789102385635 
4 6 11 1 16 2 14 20 2.70999124060388841 4 15 1 13 25 4 17 32 2 16 32 10 13 1 12 1 5 7 14 31 9 7.50439977645874023 104.649206349206352 
16 5.34074699537910114 2 3 31 9 4 19 3 10 33 8 6 15 11 14 2 13 15 20 9 8 14 10 12 24 3 17 30 9 9.76104503870010376 56.1369863013698662 
3 23 2 4 2 2 1 14 9 10 30 7 6 9 4 14 3 11 17 32 9 15 24 6 4 13 8 3.36768017929769181 20 11 9.40163695812225342 64.7873015873015845 
14 1 2 14 15 3 16 1 2.70999124060388841 15 31 13 10 30 4 13 32 4 6 24 7 14 5 6 15 30 11 4 31 5 7.3731158971786499 119.805555555555571 
14 6 6 15 8 1 6 22 13 16 2 2.70999124060388841 16 20 13 12 28 2 9 26 3 6 31 4 5 32 5 14 17 3 10.1735050082206726 54.1284358738904245 
2 5 9 1 9 6 14 16 2.70999124060388841 4 24 2 16 26 12 1 20 2 9.25570237641795579 12 13 15 15 13 4.94126535182462057 6 8 17 31 9.82524131762891173 8.47497683763504028 78.4634920634920547 
15 18 2 4 6 13 6 11 6 14 8 5 3 32 10 6 22 3 1 1 3 16 24 13 17 30 11 1 20 12 8.78254801034927368 74.5746031746031832 
1 30 13 3 23 2.70999124060388841 8 32 13 9 2 4 6 20 13 14 5 4 17 16.1354543567662532 10 3 1 3 14 26 1 4.94126535182462057 6 2 8.91554880142211914 70.3723809523809507 
15 23 1 6 1 3 12 31 11 16 33 2 14 26 10 15 12 4 8 6 12 3.36768017929769181 25 3 4 15 8 13 24 5 9.25340300798416138 68.4193798449612416 
14 14 1 3 26 3 12 18 12 14 3 2.70999124060388841 10 16 1 17 32 12 14 11 9 2 15 6.96245171630185755 6 24 8 4 6 13 9.55405604839324951 64.5042328042327995 
6 18 13 13 6 9 3 2 2 14 1 12 3.36768017929769181 18 5 4 24 10 3 30 13 2 6 4 15 30 4 14 15 11 7.74376004934310913 102.905555555555551 
4 5 13 2 6 6 4 15 2.70999124060388841 14 18 6.96245171630185755 10 1 3.84646942076222631 1 16 4 3 32 5 14 20 8 6 26 2 1 15 11 8.79615509510040283 72.845238095238102 
12 25 13 4 12 11 14 3 1 6 2 2 2 24 7 10 16 4 5 6 3 9 31 6 15 1 9 3 26 7 9.74421495199203491 63.8999999999999915 
18 24 6 17 20 1 6 22 13 16 2 2.70999124060388841 3.36768017929769181 33 12 12 28 2 9 26 3 4 1 6 5 32 5 14 31 4 11.4665349423885345 28.3790454669924195 
12 15 1 4 30 13 6 22 13 16 2 2.70999124060388841 3.36768017929769181 33 12 16 13 2.70999124060388841 9 26 3 15 6 4 5 32 5 14 6 6 10.1743667721748352 53.7980036936347545 
18 24 6 17 20 1 6 22 13 16 2 2.70999124060388841 3.36768017929769181 33 12 12 28 2 9 26 3 1 30 4 5 32 5 14 17 3 11.6398429870605469 28.0061731389655435 
18 24 6 17 20 1 6 22 13 16 2 2.70999124060388841 3.36768017929769181 33 12 12 28 2 9 26 3 1 30 9 5 32 5 14 17 3 11.6118189692497253 28.0496255946383783 
15 24 10 14 16 4 4 1 6 3 25 5 12 9 13 6 2 12 16 26 2.70999124060388841 15 18 11 8 3 13 6 14 9 9.14872503280639648 69.8595238095238074 
14 15 6 17 20 1 6 22 13 16 2 2.70999124060388841 3.36768017929769181 6 12 12 28 2 9 26 3 8 31 3 5 32 5 14 17 3 10.2082959413528442 52.093755925227029 
18 24 6 17 20 1 6 22 13 16 2 2.70999124060388841 3.36768017929769181 33 12 12 28 2 9 26 3 18 19 1 5 32 5 14 17 3 13.1625719666481018 21.1117888676532282 
18 24 6 17 20 1 6 22 13 16 2 2.70999124060388841 3.36768017929769181 33 12 12 28 2 9 26 3 18 19 1 5 32 5 14 30 9 12.5440700054168701 22.7618101167302385 
18 24 6 17 20 1 6 22 13 16 2 2.70999124060388841 3.36768017929769181 33 12 12 28 2 9 26 3 6 15 1 5 32 5 14 17 3 12.0092529058456421 25.9719132881003993 
14 3 10 3 31 7 4 12 7 16 2 11 6 16 8 13 31 9 1 15 1 6 25 7 4 32 9 3 30 4 8.00770086050033569 79.961904761904762 
18 24 6 17 20 1 6 22 13 16 2 2.70999124060388841 4 6 12 12 28 2 9 26 3 14 30 6 5 32 5 14 17 3 10.7024999856948853 37.5561880953185323 
1 6 7 17 20 1 6 22 13 16 2 2.70999124060388841 3.36768017929769181 33 12 12 28 2 9 26 3 18 19 1 5 32 5 6 30 10 11.6928388476371765 26.7488178603191287 
1 15 10 17 20 1 6 22 13 16 2 2.70999124060388841 3.36768017929769181 33 12 6 1 13 9 26 3 1 1 7 5 32 5 14 17 3 10.2080398797988892 52.5379045315665039 
18 24 6 17 20 1 6 22 13 16 2 2.70999124060388841 4 6 12 12 28 2 9 26 3 15 1 4 5 32 5 14 17 3 10.9167839288711548 32.8936663613469094 
1 6 5 3 25 2 17 30 2 4 6 11 3 12 11 14 24 9 4 18 12 2 31 5 1 1 13 8 32 10 7.80565780401229858 96.2777777777777715 
18 24 6 17 20 1 6 22 13 16 2 2.70999124060388841 4 6 7 12 28 2 9 26 3 15 20 9 3 31 11 14 17 3 10.3605210185050964 45.3890513345771254 
1 6 4 17 20 1 6 22 13 16 2 2.70999124060388841 3.36768017929769181 33 12 12 28 2 9 26 3 18 19 1 5 32 5 14 17 3 12.0336489081382751 25.4323845102696424 
4 1 9 17 20 1 6 22 13 16 2 2.70999124060388841 3.36768017929769181 33 12 12 28 2 9 26 3 1 24 10 5 32 5 14 17 3 10.7756218314170837 34.4935516504366007 
4 30 13 14 12 4 4 24 2 5 32 4 10 15 9 15 32 6 17 5.34074699537910114 5 1 23 9 3 26 11 6 1 3 8.85253798961639404 70.963492063492069 
14 15 4 17 20 1 6 22 13 16 2 2.70999124060388841 6 32 4 12 28 2 9 26 3 6 5 11 5 32 5 14 17 3 9.79350197315216064 55.1872933304512259 
18 24 6 17 20 1 6 22 13 16 2 2.70999124060388841 3.36768017929769181 33 12 12 28 2 9 26 3 1 31 4 5 32 5 6 5.34074699537910114 1 11.7963850498199463 26.5589159257658309 
1 26 9 17 20 1 6 22 13 16 2 2.70999124060388841 3.36768017929769181 33 12 12 28 2 9 26 3 2 25 9 5 32 5 14 17 3 10.8851538300514221 34.4465208998158516 
18 24 6 17 20 1 6 22 13 16 2 2.70999124060388841 4 15 9 12 28 2 9 26 3 6 6 3 4 25 7 14 17 3 10.3588459491729736 48.916537875171926 
18 24 6 17 20 1 6 22 13 16 2 2.70999124060388841 3.36768017929769181 33 12 12 28 2 9 26 3 18 19 1 5 32 5 14 1 10 12.7698059678077698 22.3838387973746507 
18 24 6 17 20 1 6 22 13 16 2 2.70999124060388841 3.36768017929769181 33 12 12 28 2 9 26 3 1 1 7 5 32 5 14 17 3 11.7835549712181091 26.6010823942872427 
14 1 4 17 20 1 6 22 13 16 2 2.70999124060388841 3.36768017929769181 33 12 12 28 2 9 26 3 15 20 9 5 32 5 14 17 3 10.5174698829650879 37.5634886380337036 
18 24 6 17 20 1 6 22 13 16 2 2.70999124060388841 3.36768017929769181 16.1354543567662532 1 12 28 2 9 26 3 6 30 13 5 32 5 14 17 3 11.4094420075416565 30.4964658113575524 
18 24 6 17 20 1 6 22 13 16 2 2.70999124060388841 3.36768017929769181 33 12 12 28 2 9 26 3 4 18 5 1 24 4 14 17 3 11.3854439854621887 31.3505616423597289 

Current Evaluation = 90000000(90000120)
Front Size = 45
3.36768017929769181 1 2 9 26 6.96245171630185755 6 14 1 1 12 12 14 6 9 17 30 1 4 9 3.84646942076222631 10 19 13 14 30 8 13 25 7 8.64805471897125244 74.8038625976706584 
17 30 1 14 24 6 6 15 8 3.36768017929769181 19 2 16 1 4 15 30 6.96245171630185755 2 24 4 15 26 3.84646942076222631 14 12 12 4 18 9.82524131762891173 7.86818301677703857 87.4163789102385635 
4 6 11 1 16 2 14 20 2.70999124060388841 4 15 1 13 25 4 17 32 2 16 32 10 13 1 12 1 5 7 14 31 9 7.50439977645874023 104.649206349206352 
16 5.34074699537910114 2 3 31 9 4 19 3 10 33 8 6 15 11 14 2 13 15 20 9 8 14 10 12 24 3 17 30 9 9.76104503870010376 56.1369863013698662 
3 23 2 4 2 2 1 14 9 10 30 7 6 9 4 14 3 11 17 32 9 15 24 6 4 13 8 3.36768017929769181 20 11 9.40163695812225342 64.7873015873015845 
14 1 2 14 15 3 16 1 2.70999124060388841 15 31 13 10 30 4 13 32 4 6 24 7 14 5 6 15 30 11 4 31 5 7.3731158971786499 119.805555555555571 
2 5 9 1 9 6 14 16 2.70999124060388841 4 24 2 16 26 12 1 20 2 9.25570237641795579 12 13 15 15 13 4.94126535182462057 6 8 17 31 9.82524131762891173 8.47497683763504028 78.4634920634920547 
15 18 2 4 6 13 6 11 6 14 8 5 3 32 10 6 22 3 1 1 3 16 24 13 17 30 11 1 20 12 8.78254801034927368 74.5746031746031832 
1 30 13 3 23 2.70999124060388841 8 32 13 9 2 4 6 20 13 14 5 4 17 16.1354543567662532 10 3 1 3 14 26 1 4.94126535182462057 6 2 8.91554880142211914 70.3723809523809507 
15 23 1 6 1 3 12 31 11 16 33 2 14 26 10 15 12 4 8 6 12 3.36768017929769181 25 3 4 15 8 13 24 5 9.25340300798416138 68.4193798449612416 
14 14 1 3 26 3 12 18 12 14 3 2.70999124060388841 10 16 1 17 32 12 14 11 9 2 15 6.96245171630185755 6 24 8 4 6 13 9.55405604839324951 64.5042328042327995 
6 18 13 13 6 9 3 2 2 14 1 12 3.36768017929769181 18 5 4 24 10 3 30 13 2 6 4 15 30 4 14 15 11 7.74376004934310913 102.905555555555551 
4 5 13 2 6 6 4 15 2.70999124060388841 14 18 6.96245171630185755 10 1 3.84646942076222631 1 16 4 3 32 5 14 20 8 6 26 2 1 15 11 8.79615509510040283 72.845238095238102 
12 25 13 4 12 11 14 3 1 6 2 2 2 24 7 10 16 4 5 6 3 9 31 6 15 1 9 3 26 7 9.74421495199203491 63.8999999999999915 
18 24 6 17 20 1 6 22 13 16 2 2.70999124060388841 3.36768017929769181 33 12 12 28 2 9 26 3 4 1 6 5 32 5 14 31 4 11.4665349423885345 28.3790454669924195 
15 24 10 14 16 4 4 1 6 3 25 5 12 9 13 6 2 12 16 26 2.70999124060388841 15 18 11 8 3 13 6 14 9 9.14872503280639648 69.8595238095238074 
18 24 6 17 20 1 6 22 13 16 2 2.70999124060388841 3.36768017929769181 33 12 12 28 2 9 26 3 18 19 1 5 32 5 14 17 3 13.1625719666481018 21.1117888676532282 
18 24 6 17 20 1 6 22 13 16 2 2.70999124060388841 3.36768017929769181 33 12 12 28 2 9 26 3 18 19 1 5 32 5 14 30 9 12.5440700054168701 22.7618101167302385 
18 24 6 17 20 1 6 22 13 16 2 2.70999124060388841 3.36768017929769181 33 12 12 28 2 9 26 3 6 15 1 5 32 5 14 17 3 12.0092529058456421 25.9719132881003993 
14 3 10 3 31 7 4 12 7 16 2 11 6 16 8 13 31 9 1 15 1 6 25 7 4 32 9 3 30 4 8.00770086050033569 79.961904761904762 
18 24 6 17 20 1 6 22 13 16 2 2.70999124060388841 4 6 12 12 28 2 9 26 3 14 30 6 5 32 5 14 17 3 10.7024999856948853 37.5561880953185323 
1 6 7 17 20 1 6 22 13 16 2 2.70999124060388841 3.36768017929769181 33 12 12 28 2 9 26 3 18 19 1 5 32 5 6 30 10 11.6928388476371765 26.7488178603191287 
18 24 6 17 20 1 6 22 13 16 2 2.70999124060388841 4 6 12 12 28 2 9 26 3 15 1 4 5 32 5 14 17 3 10.9167839288711548 32.8936663613469094 
1 6 5 3 25 2 17 30 2 4 6 11 3 12 11 14 24 9 4 18 12 2 31 5 1 1 13 8 32 10 7.80565780401229858 96.2777777777777715 
1 6 4 17 20 1 6 22 13 16 2 2.70999124060388841 3.36768017929769181 33 12 12 28 2 9 26 3 18 19 1 5 32 5 14 17 3 12.0336489081382751 25.4323845102696424 
4 1 9 17 20 1 6 22 13 16 2 2.70999124060388841 3.36768017929769181 33 12 12 28 2 9 26 3 1 24 10 5 32 5 14 17 3 10.7756218314170837 34.4935516504366007 
4 30 13 14 12 4 4 24 2 5 32 4 10 15 9 15 32 6 17 5.34074699537910114 5 1 23 9 3 26 11 6 1 3 8.85253798961639404 70.963492063492069 
14 15 4 17 20 1 6 22 13 16 2 2.70999124060388841 6 32 4 12 28 2 9 26 3 6 5 11 5 32 5 14 17 3 9.79350197315216064 55.1872933304512259 
18 24 6 17 20 1 6 22 13 16 2 2.70999124060388841 3.36768017929769181 33 12 12 28 2 9 26 3 1 31 4 5 32 5 6 5.34074699537910114 1 11.7963850498199463 26.5589159257658309 
1 26 9 17 20 1 6 22 13 16 2 2.70999124060388841 3.36768017929769181 33 12 12 28 2 9 26 3 2 25 9 5 32 5 14 17 3 10.8851538300514221 34.4465208998158516 
18 24 6 17 20 1 6 22 13 16 2 2.70999124060388841 3.36768017929769181 33 12 12 28 2 9 26 3 18 19 1 5 32 5 14 1 10 12.7698059678077698 22.3838387973746507 
18 24 6 17 20 1 6 22 13 16 2 2.70999124060388841 3.36768017929769181 33 12 12 28 2 9 26 3 1 1 7 5 32 5 14 17 3 11.7835549712181091 26.6010823942872427 
14 1 4 17 20 1 6 22 13 16 2 2.70999124060388841 3.36768017929769181 33 12 12 28 2 9 26 3 15 20 9 5 32 5 14 17 3 10.5174698829650879 37.5634886380337036 
18 24 6 17 20 1 6 22 13 16 2 2.70999124060388841 3.36768017929769181 16.1354543567662532 1 12 28 2 9 26 3 6 30 13 5 32 5 14 17 3 11.4094420075416565 30.4964658113575524 
6 24 5 17 20 1 6 22 13 16 2 2.70999124060388841 4 16 5 12 28 2 9 26 3 14 31 11 5 32 5 14 17 3 10.0650618672370911 54.8551469098277664 
18 24 6 17 20 1 6 22 13 16 2 2.70999124060388841 4 1 5 12 28 2 9 26 3 18 19 1 1 16 8 14 17 3 12.1811959147453308 24.9458815297724712 
18 24 6 17 20 1 6 22 13 16 2 2.70999124060388841 3.36768017929769181 33 12 12 28 2 9 26 3 18 19 1 5 32 5 14 1 6 12.8358059525489807 22.1872105095382217 
3 1 10 17 20 1 6 22 13 16 2 2.70999124060388841 1 26 2 12 28 2 9 26 3 2 31 9 5 32 5 14 17 3 10.1544297933578491 48.3239163036969543 
18 24 6 17 20 1 6 22 13 16 2 2.70999124060388841 3.36768017929769181 33 12 12 28 2 9 26 3 1 30 9 5 32 5 14 17 3 11.6118189692497253 27.3057384539357137 
14 6 4 17 20 1 6 22 13 16 2 2.70999124060388841 3.36768017929769181 33 12 12 28 2 9 26 3 14 19 4 5 32 5 14 17 3 10.5128109157085419 41.736608761608764 
18 24 6 17 20 1 6 22 13 16 2 2.70999124060388841 3.36768017929769181 33 12 4 6 11 9 26 3 15 18 10 5 32 5 14 17 3 11.3428670167922974 30.7364165034076038 
18 24 6 17 20 1 6 22 13 16 2 2.70999124060388841 3.36768017929769181 33 12 12 28 2 9 26 3 18 19 1 1 6 9 14 17 3 12.4571269750595093 24.5613535816162951 
18 24 6 17 20 1 6 22 13 16 2 2.70999124060388841 3.36768017929769181 33 12 14 6 10 9 26 3 15 30 5 6 9 9 14 17 3 10.2881839573383331 43.4685305257510635 
18 24 6 17 20 1 6 22 13 16 2 2.70999124060388841 3.36768017929769181 33 12 12 28 2 9 26 3 1 6 4 5 32 5 14 20 3 11.2791590094566345 32.7602555107429225 
18 24 6 17 20 1 6 22 13 16 2 2.70999124060388841 3.36768017929769181 33 12 12 28 2 9 26 3 15 31 7 5 32 5 14 17 3 11.8113189339637756 26.2312223894994787 

Current Evaluation = 100000000(100000040)
Front Size = 49
3.36768017929769181 1 2 9 26 6.96245171630185755 6 14 1 1 12 12 14 6 9 17 30 1 4 9 3.84646942076222631 10 19 13 14 30 8 13 25 7 8.64805471897125244 74.8038625976706584 
17 30 1 14 24 6 6 15 8 3.36768017929769181 19 2 16 1 4 15 30 6.96245171630185755 2 24 4 15 26 3.84646942076222631 14 12 12 4 18 9.82524131762891173 7.86818301677703857 87.4163789102385635 
4 6 11 1 16 2 14 20 2.70999124060388841 4 15 1 13 25 4 17 32 2 16 32 10 13 1 12 1 5 7 14 31 9 7.50439977645874023 104.649206349206352 
3 23 2 4 2 2 1 14 9 10 30 7 6 9 4 14 3 11 17 32 9 15 24 6 4 13 8 3.36768017929769181 20 11 9.40163695812225342 64.7873015873015845 
14 1 2 14 15 3 16 1 2.70999124060388841 15 31 13 10 30 4 13 32 4 6 24 7 14 5 6 15 30 11 4 31 5 7.3731158971786499 119.805555555555571 
2 5 9 1 9 6 14 16 2.70999124060388841 4 24 2 16 26 12 1 20 2 9.25570237641795579 12 13 15 15 13 4.94126535182462057 6 8 17 31 9.82524131762891173 8.47497683763504028 78.4634920634920547 
15 18 2 4 6 13 6 11 6 14 8 5 3 32 10 6 22 3 1 1 3 16 24 13 17 30 11 1 20 12 8.78254801034927368 74.5746031746031832 
1 30 13 3 23 2.70999124060388841 8 32 13 9 2 4 6 20 13 14 5 4 17 16.1354543567662532 10 3 1 3 14 26 1 4.94126535182462057 6 2 8.91554880142211914 70.3723809523809507 
15 23 1 6 1 3 12 31 11 16 33 2 14 26 10 15 12 4 8 6 12 3.36768017929769181 25 3 4 15 8 13 24 5 9.25340300798416138 68.4193798449612416 
14 14 1 3 26 3 12 18 12 14 3 2.70999124060388841 10 16 1 17 32 12 14 11 9 2 15 6.96245171630185755 6 24 8 4 6 13 9.55405604839324951 64.5042328042327995 
6 18 13 13 6 9 3 2 2 14 1 12 3.36768017929769181 18 5 4 24 10 3 30 13 2 6 4 15 30 4 14 15 11 7.74376004934310913 102.905555555555551 
4 5 13 2 6 6 4 15 2.70999124060388841 14 18 6.96245171630185755 10 1 3.84646942076222631 1 16 4 3 32 5 14 20 8 6 26 2 1 15 11 8.79615509510040283 72.845238095238102 
18 24 6 17 20 1 6 22 13 16 2 2.70999124060388841 3.36768017929769181 33 12 12 28 2 9 26 3 4 1 6 5 32 5 14 31 4 11.4665349423885345 28.3790454669924195 
18 24 6 17 20 1 6 22 13 16 2 2.70999124060388841 3.36768017929769181 33 12 12 28 2 9 26 3 18 19 1 5 32 5 14 17 3 13.1625719666481018 21.1117888676532282 
18 24 6 17 20 1 6 22 13 16 2 2.70999124060388841 3.36768017929769181 33 12 12 28 2 9 26 3 18 19 1 5 32 5 14 30 9 12.5440700054168701 22.7618101167302385 
18 24 6 17 20 1 6 22 13 16 2 2.70999124060388841 3.36768017929769181 33 12 12 28 2 9 26 3 6 15 1 5 32 5 14 17 3 12.0092529058456421 25.9719132881003993 
14 3 10 3 31 7 4 12 7 16 2 11 6 16 8 13 31 9 1 15 1 6 25 7 4 32 9 3 30 4 8.00770086050033569 79.961904761904762 
18 24 6 17 20 1 6 22 13 16 2 2.70999124060388841 4 6 12 12 28 2 9 26 3 14 30 6 5 32 5 14 17 3 10.7024999856948853 37.5561880953185323 
1 6 7 17 20 1 6 22 13 16 2 2.70999124060388841 3.36768017929769181 33 12 12 28 2 9 26 3 18 19 1 5 32 5 6 30 10 11.6928388476371765 26.7488178603191287 
18 24 6 17 20 1 6 22 13 16 2 2.70999124060388841 4 6 12 12 28 2 9 26 3 15 1 4 5 32 5 14 17 3 10.9167839288711548 32.8936663613469094 
1 6 5 3 25 2 17 30 2 4 6 11 3 12 11 14 24 9 4 18 12 2 31 5 1 1 13 8 32 10 7.80565780401229858 96.2777777777777715 
1 6 4 17 20 1 6 22 13 16 2 2.70999124060388841 3.36768017929769181 33 12 12 28 2 9 26 3 18 19 1 5 32 5 14 17 3 12.0336489081382751 25.4323845102696424 
4 1 9 17 20 1 6 22 13 16 2 2.70999124060388841 3.36768017929769181 33 12 12 28 2 9 26 3 1 24 10 5 32 5 14 17 3 10.7756218314170837 34.4935516504366007 
4 30 13 14 12 4 4 24 2 5 32 4 10 15 9 15 32 6 17 5.34074699537910114 5 1 23 9 3 26 11 6 1 3 8.85253798961639404 70.963492063492069 
18 24 6 17 20 1 6 22 13 16 2 2.70999124060388841 3.36768017929769181 33 12 12 28 2 9 26 3 1 31 4 5 32 5 6 5.34074699537910114 1 11.7963850498199463 26.5589159257658309 
1 26 9 17 20 1 6 22 13 16 2 2.70999124060388841 3.36768017929769181 33 12 12 28 2 9 26 3 2 25 9 5 32 5 14 17 3 10.8851538300514221 34.4465208998158516 
18 24 6 17 20 1 6 22 13 16 2 2.70999124060388841 3.36768017929769181 33 12 12 28 2 9 26 3 18 19 1 5 32 5 14 1 10 12.7698059678077698 22.3838387973746507 
18 24 6 17 20 1 6 22 13 16 2 2.70999124060388841 3.36768017929769181 33 12 12 28 2 9 26 3 1 1 7 5 32 5 14 17 3 11.7835549712181091 26.6010823942872427 
14 1 4 17 20 1 6 22 13 16 2 2.70999124060388841 3.36768017929769181 33 12 12 28 2 9 26 3 15 20 9 5 32 5 14 17 3 10.5174698829650879 37.5634886380337036 
18 24 6 17 20 1 6 22 13 16 2 2.70999124060388841 3.36768017929769181 16.1354543567662532 1 12 28 2 9 26 3 6 30 13 5 32 5 14 17 3 11.4094420075416565 30.4964658113575524 
18 24 6 17 20 1 6 22 13 16 2 2.70999124060388841 4 1 5 12 28 2 9 26 3 18 19 1 1 16 8 14 17 3 12.1811959147453308 24.9458815297724712 
18 24 6 17 20 1 6 22 13 16 2 2.70999124060388841 3.36768017929769181 33 12 12 28 2 9 26 3 18 19 1 5 32 5 14 1 6 12.8358059525489807 22.1872105095382217 
3 1 10 17 20 1 6 22 13 16 2 2.70999124060388841 1 26 2 12 28 2 9 26 3 2 31 9 5 32 5 14 17 3 10.1544297933578491 48.3239163036969543 
18 24 6 17 20 1 6 22 13 16 2 2.70999124060388841 3.36768017929769181 33 12 12 28 2 9 26 3 1 30 9 5 32 5 14 17 3 11.6118189692497253 27.3057384539357137 
14 6 4 17 20 1 6 22 13 16 2 2.70999124060388841 3.36768017929769181 33 12 12 28 2 9 26 3 14 19 4 5 32 5 14 17 3 10.5128109157085419 41.736608761608764 
18 24 6 17 20 1 6 22 13 16 2 2.70999124060388841 3.36768017929769181 33 12 4 6 11 9 26 3 15 18 10 5 32 5 14 17 3 11.3428670167922974 30.7364165034076038 
18 24 6 17 20 1 6 22 13 16 2 2.70999124060388841 3.36768017929769181 33 12 12 28 2 9 26 3 18 19 1 1 6 9 14 17 3 12.4571269750595093 24.5613535816162951 
18 24 6 17 20 1 6 22 13 16 2 2.70999124060388841 3.36768017929769181 33 12 14 6 10 9 26 3 15 30 5 6 9 9 14 17 3 10.2881839573383331 43.4685305257510635 
18 24 6 17 20 1 6 22 13 16 2 2.70999124060388841 3.36768017929769181 33 12 12 28 2 9 26 3 1 6 4 5 32 5 14 20 3 11.2791590094566345 32.7602555107429225 
18 24 6 17 20 1 6 22 13 16 2 2.70999124060388841 3.36768017929769181 33 12 12 28 2 9 26 3 15 31 7 5 32 5 14 17 3 11.8113189339637756 26.2312223894994787 
18 24 6 17 20 1 6 22 13 16 2 2.70999124060388841 13 6 3 12 28 2 9 26 3 14 15 4 8 30 9 14 17 3 10.1036250591278076 51.6015941739213488 
2 30 10 4 25 11 14 24 7 6 19 9 11 16 2 16 28 2.70999124060388841 14 32 5 14 7 1 17 20 6.96245171630185755 1 24 4 9.12080091238021851 69.63333333333334 
18 24 6 17 20 1 6 22 13 16 2 2.70999124060388841 3.36768017929769181 33 12 12 28 2 9 26 3 14 30 4 5 32 5 14 17 3 11.4604679644107819 30.227318182107517 
18 24 6 17 20 1 6 22 13 16 2 2.70999124060388841 3.36768017929769181 33 12 12 28 2 9 26 3 1 30 10 5 32 5 14 17 3 11.7138429284095764 26.6252194577137828 
1 6 3 17 20 1 6 22 13 16 2 2.70999124060388841 3.36768017929769181 33 12 12 28 2 9 26 3 15 30 1 5 32 5 14 17 3 10.8971168994903564 34.0046429139088033 
4 2 4 17 20 1 6 22 13 16 2 2.70999124060388841 1 30 11 12 28 2 9 26 3 3 6 5 13 26 12 14 17 3 9.66567397117614746 54.5332219485786496 
14 30 4 17 20 1 6 22 13 16 2 2.70999124060388841 3.36768017929769181 33 12 12 28 2 9 26 3 13 9 3 5 32 5 1 15 2.70999124060388841 10.5003089010715485 43.2026181445361317 
18 24 6 17 20 1 6 22 13 16 2 2.70999124060388841 14 6 3 12 28 2 9 26 3 3.36768017929769181 31 5 6 6 11 14 17 3 10.2040469646453857 45.5990006952170575 
17 24 3 15 1 2 3.36768017929769181 15 2 10 12 13 1 26 4 10 15 8 1 9 13 6 32 4 12 30 5 16 14 8 9.24984490871429443 69.4666666666666686 

MOEA/D: Multiobjective Evolutionary Algorithm Based on Decomposition
Number of Evaluations = 100000000
Mutation Probability = 0.0500000007450580597
Population Size = 140
Neighborhood size = 42
Seed: 13

Time =  30816.9832239999996

Current Evaluation = 100000040
Front Size = 49
3.36768017929769181 1 2 9 26 6.96245171630185755 6 14 1 1 12 12 14 6 9 17 30 1 4 9 3.84646942076222631 10 19 13 14 30 8 13 25 7 8.64805471897125244 74.8038625976706584 
17 30 1 14 24 6 6 15 8 3.36768017929769181 19 2 16 1 4 15 30 6.96245171630185755 2 24 4 15 26 3.84646942076222631 14 12 12 4 18 9.82524131762891173 7.86818301677703857 87.4163789102385635 
4 6 11 1 16 2 14 20 2.70999124060388841 4 15 1 13 25 4 17 32 2 16 32 10 13 1 12 1 5 7 14 31 9 7.50439977645874023 104.649206349206352 
3 23 2 4 2 2 1 14 9 10 30 7 6 9 4 14 3 11 17 32 9 15 24 6 4 13 8 3.36768017929769181 20 11 9.40163695812225342 64.7873015873015845 
14 1 2 14 15 3 16 1 2.70999124060388841 15 31 13 10 30 4 13 32 4 6 24 7 14 5 6 15 30 11 4 31 5 7.3731158971786499 119.805555555555571 
2 5 9 1 9 6 14 16 2.70999124060388841 4 24 2 16 26 12 1 20 2 9.25570237641795579 12 13 15 15 13 4.94126535182462057 6 8 17 31 9.82524131762891173 8.47497683763504028 78.4634920634920547 
15 18 2 4 6 13 6 11 6 14 8 5 3 32 10 6 22 3 1 1 3 16 24 13 17 30 11 1 20 12 8.78254801034927368 74.5746031746031832 
1 30 13 3 23 2.70999124060388841 8 32 13 9 2 4 6 20 13 14 5 4 17 16.1354543567662532 10 3 1 3 14 26 1 4.94126535182462057 6 2 8.91554880142211914 70.3723809523809507 
15 23 1 6 1 3 12 31 11 16 33 2 14 26 10 15 12 4 8 6 12 3.36768017929769181 25 3 4 15 8 13 24 5 9.25340300798416138 68.4193798449612416 
14 14 1 3 26 3 12 18 12 14 3 2.70999124060388841 10 16 1 17 32 12 14 11 9 2 15 6.96245171630185755 6 24 8 4 6 13 9.55405604839324951 64.5042328042327995 
6 18 13 13 6 9 3 2 2 14 1 12 3.36768017929769181 18 5 4 24 10 3 30 13 2 6 4 15 30 4 14 15 11 7.74376004934310913 102.905555555555551 
4 5 13 2 6 6 4 15 2.70999124060388841 14 18 6.96245171630185755 10 1 3.84646942076222631 1 16 4 3 32 5 14 20 8 6 26 2 1 15 11 8.79615509510040283 72.845238095238102 
18 24 6 17 20 1 6 22 13 16 2 2.70999124060388841 3.36768017929769181 33 12 12 28 2 9 26 3 4 1 6 5 32 5 14 31 4 11.4665349423885345 28.3790454669924195 
18 24 6 17 20 1 6 22 13 16 2 2.70999124060388841 3.36768017929769181 33 12 12 28 2 9 26 3 18 19 1 5 32 5 14 17 3 13.1625719666481018 21.1117888676532282 
18 24 6 17 20 1 6 22 13 16 2 2.70999124060388841 3.36768017929769181 33 12 12 28 2 9 26 3 18 19 1 5 32 5 14 30 9 12.5440700054168701 22.7618101167302385 
18 24 6 17 20 1 6 22 13 16 2 2.70999124060388841 3.36768017929769181 33 12 12 28 2 9 26 3 6 15 1 5 32 5 14 17 3 12.0092529058456421 25.9719132881003993 
14 3 10 3 31 7 4 12 7 16 2 11 6 16 8 13 31 9 1 15 1 6 25 7 4 32 9 3 30 4 8.00770086050033569 79.961904761904762 
18 24 6 17 20 1 6 22 13 16 2 2.70999124060388841 4 6 12 12 28 2 9 26 3 14 30 6 5 32 5 14 17 3 10.7024999856948853 37.5561880953185323 
1 6 7 17 20 1 6 22 13 16 2 2.70999124060388841 3.36768017929769181 33 12 12 28 2 9 26 3 18 19 1 5 32 5 6 30 10 11.6928388476371765 26.7488178603191287 
18 24 6 17 20 1 6 22 13 16 2 2.70999124060388841 4 6 12 12 28 2 9 26 3 15 1 4 5 32 5 14 17 3 10.9167839288711548 32.8936663613469094 
1 6 5 3 25 2 17 30 2 4 6 11 3 12 11 14 24 9 4 18 12 2 31 5 1 1 13 8 32 10 7.80565780401229858 96.2777777777777715 
1 6 4 17 20 1 6 22 13 16 2 2.70999124060388841 3.36768017929769181 33 12 12 28 2 9 26 3 18 19 1 5 32 5 14 17 3 12.0336489081382751 25.4323845102696424 
4 1 9 17 20 1 6 22 13 16 2 2.70999124060388841 3.36768017929769181 33 12 12 28 2 9 26 3 1 24 10 5 32 5 14 17 3 10.7756218314170837 34.4935516504366007 
4 30 13 14 12 4 4 24 2 5 32 4 10 15 9 15 32 6 17 5.34074699537910114 5 1 23 9 3 26 11 6 1 3 8.85253798961639404 70.963492063492069 
18 24 6 17 20 1 6 22 13 16 2 2.70999124060388841 3.36768017929769181 33 12 12 28 2 9 26 3 1 31 4 5 32 5 6 5.34074699537910114 1 11.7963850498199463 26.5589159257658309 
1 26 9 17 20 1 6 22 13 16 2 2.70999124060388841 3.36768017929769181 33 12 12 28 2 9 26 3 2 25 9 5 32 5 14 17 3 10.8851538300514221 34.4465208998158516 
18 24 6 17 20 1 6 22 13 16 2 2.70999124060388841 3.36768017929769181 33 12 12 28 2 9 26 3 18 19 1 5 32 5 14 1 10 12.7698059678077698 22.3838387973746507 
18 24 6 17 20 1 6 22 13 16 2 2.70999124060388841 3.36768017929769181 33 12 12 28 2 9 26 3 1 1 7 5 32 5 14 17 3 11.7835549712181091 26.6010823942872427 
14 1 4 17 20 1 6 22 13 16 2 2.70999124060388841 3.36768017929769181 33 12 12 28 2 9 26 3 15 20 9 5 32 5 14 17 3 10.5174698829650879 37.5634886380337036 
18 24 6 17 20 1 6 22 13 16 2 2.70999124060388841 3.36768017929769181 16.1354543567662532 1 12 28 2 9 26 3 6 30 13 5 32 5 14 17 3 11.4094420075416565 30.4964658113575524 
18 24 6 17 20 1 6 22 13 16 2 2.70999124060388841 4 1 5 12 28 2 9 26 3 18 19 1 1 16 8 14 17 3 12.1811959147453308 24.9458815297724712 
18 24 6 17 20 1 6 22 13 16 2 2.70999124060388841 3.36768017929769181 33 12 12 28 2 9 26 3 18 19 1 5 32 5 14 1 6 12.8358059525489807 22.1872105095382217 
3 1 10 17 20 1 6 22 13 16 2 2.70999124060388841 1 26 2 12 28 2 9 26 3 2 31 9 5 32 5 14 17 3 10.1544297933578491 48.3239163036969543 
18 24 6 17 20 1 6 22 13 16 2 2.70999124060388841 3.36768017929769181 33 12 12 28 2 9 26 3 1 30 9 5 32 5 14 17 3 11.6118189692497253 27.3057384539357137 
14 6 4 17 20 1 6 22 13 16 2 2.70999124060388841 3.36768017929769181 33 12 12 28 2 9 26 3 14 19 4 5 32 5 14 17 3 10.5128109157085419 41.736608761608764 
18 24 6 17 20 1 6 22 13 16 2 2.70999124060388841 3.36768017929769181 33 12 4 6 11 9 26 3 15 18 10 5 32 5 14 17 3 11.3428670167922974 30.7364165034076038 
18 24 6 17 20 1 6 22 13 16 2 2.70999124060388841 3.36768017929769181 33 12 12 28 2 9 26 3 18 19 1 1 6 9 14 17 3 12.4571269750595093 24.5613535816162951 
18 24 6 17 20 1 6 22 13 16 2 2.70999124060388841 3.36768017929769181 33 12 14 6 10 9 26 3 15 30 5 6 9 9 14 17 3 10.2881839573383331 43.4685305257510635 
18 24 6 17 20 1 6 22 13 16 2 2.70999124060388841 3.36768017929769181 33 12 12 28 2 9 26 3 1 6 4 5 32 5 14 20 3 11.2791590094566345 32.7602555107429225 
18 24 6 17 20 1 6 22 13 16 2 2.70999124060388841 3.36768017929769181 33 12 12 28 2 9 26 3 15 31 7 5 32 5 14 17 3 11.8113189339637756 26.2312223894994787 
18 24 6 17 20 1 6 22 13 16 2 2.70999124060388841 13 6 3 12 28 2 9 26 3 14 15 4 8 30 9 14 17 3 10.1036250591278076 51.6015941739213488 
2 30 10 4 25 11 14 24 7 6 19 9 11 16 2 16 28 2.70999124060388841 14 32 5 14 7 1 17 20 6.96245171630185755 1 24 4 9.12080091238021851 69.63333333333334 
18 24 6 17 20 1 6 22 13 16 2 2.70999124060388841 3.36768017929769181 33 12 12 28 2 9 26 3 14 30 4 5 32 5 14 17 3 11.4604679644107819 30.227318182107517 
18 24 6 17 20 1 6 22 13 16 2 2.70999124060388841 3.36768017929769181 33 12 12 28 2 9 26 3 1 30 10 5 32 5 14 17 3 11.7138429284095764 26.6252194577137828 
1 6 3 17 20 1 6 22 13 16 2 2.70999124060388841 3.36768017929769181 33 12 12 28 2 9 26 3 15 30 1 5 32 5 14 17 3 10.8971168994903564 34.0046429139088033 
4 2 4 17 20 1 6 22 13 16 2 2.70999124060388841 1 30 11 12 28 2 9 26 3 3 6 5 13 26 12 14 17 3 9.66567397117614746 54.5332219485786496 
14 30 4 17 20 1 6 22 13 16 2 2.70999124060388841 3.36768017929769181 33 12 12 28 2 9 26 3 13 9 3 5 32 5 1 15 2.70999124060388841 10.5003089010715485 43.2026181445361317 
18 24 6 17 20 1 6 22 13 16 2 2.70999124060388841 14 6 3 12 28 2 9 26 3 3.36768017929769181 31 5 6 6 11 14 17 3 10.2040469646453857 45.5990006952170575 
17 24 3 15 1 2 3.36768017929769181 15 2 10 12 13 1 26 4 10 15 8 1 9 13 6 32 4 12 30 5 16 14 8 9.24984490871429443 69.4666666666666686 

