Current Evaluation = 10000000(10000060)
Front Size = 32
15 22 8 4 30 5 16 7 2 17 19 7 12 1 3 3 31 2 5 28 13 1 15 11 14 16 1 6 25 5 10.3432119488716125 38.137100892660925 
15 22 8 14 32 1 16 7 2 17 19 7 12 1 3 3 31 2 5 28 13 1 15 11 14 16 1 18 13 4 11.5270841121673584 29.6280980981669657 
15 22 8 18 29 5 16 7 2 17 19 7 12 1 3 3 31 2 5 28 13 1 15 11 14 16 1 6 5 12 12.4764388799667358 27.2649331211254768 
14 23 9 10 12 10 4 1 10 13 31 12 3.36768017929769181 15 2 17 2 2 14 6 4 2 26 13 15 12 6.96245171630185755 6 1 10 8.61538884043693542 71.5183900611744434 
15 22 8 14 6 11 16 7 2 17 19 7 12 1 3 3 31 2 5 28 13 1 15 11 14 16 1 18 13 4 11.3765791058540344 32.7408175158175112 
15 22 8 18 29 5 16 7 2 17 19 7 12 1 3 3 31 2 15 32 1 1 15 11 14 16 1 4 12 12 11.3414728045463562 33.3395887522295524 
15 22 8 6 32 13 16 7 2 17 19 7 12 1 3 3 31 2 5 28 13 1 15 11 14 16 1 18 13 4 11.600752055644989 27.8068111790170605 
15 22 8 15 20 11 16 7 2 17 19 7 12 1 3 3 31 2 14 32 10 1 15 11 14 16 1 1 6 1 9.13719695806503296 57.7780294231513736 
4 24 6 14 9 4 2 32 2.70999124060388841 16 24 4 17 15 5 13 32 9 10 5 13 14 30 6.96245171630185755 15 6 7 3 25 1 8.0680961012840271 89.5534632034632097 
15 22 8 4 24 4 16 7 2 17 19 7 12 1 3 3 31 2 5 28 13 1 15 11 14 16 1 1 6 8 10.3865039348602295 37.6234376734376781 
15 22 8 12 15 1 16 7 2 17 19 7 12 1 3 3 31 2 14 32 12 1 15 11 14 16 1 18 13 4 10.5687659978866577 36.8485692780291387 
15 22 8 18 29 5 16 7 2 17 19 7 12 1 3 3 31 2 5 28 13 1 15 11 14 16 1 18 5 10 13.3882339596748352 26.2326045381711417 
15 22 8 6 32 11 16 7 2 17 19 7 12 1 3 3 31 2 5 28 13 1 15 11 14 16 1 18 13 4 11.5873520970344543 29.5810575274971583 
12 20 13 4 32 2.70999124060388841 6 32 12 15 1 11 3 24 9 17 24 5 4 16 2 1 12 7 2 6 4 15 25 4 7.90214478969573975 103.377777777777766 
3 31 11 4 6 3 15 5.34074699537910114 13 14 16 1 16 20 4 16 26 4 12 15 11 15 30 4 1 24 8 1 25 9 8.03958714008331299 92.0218253968253919 
15 22 8 18 24 1 16 7 2 17 19 7 12 1 3 3 31 2 5 28 13 1 15 11 14 16 1 18 13 4 12.6402772068977356 26.337843637843644 
15 22 8 14 25 11 16 7 2 17 19 7 12 1 3 3 31 2 15 5 1 1 15 11 14 16 1 6 24 9 9.30767899751663208 51.3697043549634103 
15 22 8 18 29 5 16 7 2 17 19 7 12 1 3 3 31 2 5 28 13 1 15 11 14 16 1 18 13 4 13.4455140233039856 24.6067403464329715 
4 30 9 6 26 8 5 24 13 15 13 8 14 24 2.70999124060388841 4 15 7 1 6 6.96245171630185755 4.94126535182462057 9 4 2 9 11 14 12 9.82524131762891173 8.28080996870994568 88.9724947963128159 
15 22 8 4 24 5 16 7 2 17 19 7 12 1 3 3 31 2 5 28 13 1 15 11 14 16 1 1 26 2 10.4390369057655334 37.152739631533052 
15 22 8 1 32 1 16 7 2 17 19 7 12 1 3 3 31 2 15 26 13 1 15 11 14 16 1 18 13 4 10.6217150688171387 33.7492694059446094 
15 22 8 1 6 4 16 7 2 17 19 7 12 1 3 3 31 2 2 32 11 1 15 11 14 16 1 6 26 1 9.41570591926574707 47.0839852136459527 
15 22 8 3.36768017929769181 32 4 6 20 8 17 19 7 12 1 3 3 31 2 4 1 6.96245171630185755 1 15 11 14 16 1 4.94126535182462057 26 13 9.0179869532585144 67.9010559272169161 
15 22 8 18 6 1 16 7 2 17 19 7 12 1 3 3 31 2 5 28 13 1 15 11 14 16 1 18 13 4 12.5984421372413635 27.1764727634894321 
1 24 9 6 1 9 15 12 3 15 2 9 2 6 10 3 30 12 3.36768017929769181 9 11 16 26 5 3 3 10 14 25 7 8.03184199333190918 92.8507936507936478 
4 1 7 1 30 1 3.36768017929769181 26 2 4 30 6.96245171630185755 9 31 12 13 6 2 15 1 5 16 30 2 17 6 4 13 26 2 7.51267588138580322 118.400529941706395 
15 22 8 6 20 12 16 7 2 17 19 7 12 1 3 3 31 2 10 26 7 1 15 11 14 16 1 13 20 6 9.70273488759994507 41.5219618360506644 
15 22 8 14 32 11 16 7 2 17 19 7 12 1 3 3 31 2 5 28 13 1 15 11 14 16 1 18 13 4 11.431684136390686 31.1272223807022606 
8 20 6 16 18 2.70999124060388841 6 1 6.96245171630185755 14 24 12 12 32 1 4 30 7 14 12 1 14 19 8 10 24 8 3 26 2 8.5793907642364502 88.2222222222222143 
15 22 8 14 32 13 16 7 2 17 19 7 12 1 3 3 31 2 5 28 13 1 15 11 14 16 1 18 13 4 11.4450840950012207 30.665333024463461 
14 30 1 2 24 6 3.36768017929769181 6 11 1 1 6.96245171630185755 15 31 3.84646942076222631 13 26 4 4 13 9.82524131762891173 14 19 7 14 18 8 17 24 13 7.8923841118812561 106.288136736175943 
15 22 8 1 15 1 16 7 2 17 19 7 12 1 3 3 31 2 5 28 13 1 15 11 14 16 1 6 26 9 10.5090179443359375 36.8623995052566471 

Current Evaluation = 20000000(20000120)
Front Size = 40
15 22 8 4 30 5 16 7 2 17 19 7 12 1 3 3 31 2 5 28 13 1 15 11 14 16 1 6 25 5 10.3432119488716125 38.137100892660925 
15 22 8 14 32 1 16 7 2 17 19 7 12 1 3 3 31 2 5 28 13 1 15 11 14 16 1 18 13 4 11.5270841121673584 29.6280980981669657 
14 23 9 10 12 10 4 1 10 13 31 12 3.36768017929769181 15 2 17 2 2 14 6 4 2 26 13 15 12 6.96245171630185755 6 1 10 8.61538884043693542 71.5183900611744434 
15 22 8 6 32 13 16 7 2 17 19 7 12 1 3 3 31 2 5 28 13 1 15 11 14 16 1 18 13 4 11.600752055644989 27.8068111790170605 
4 24 6 14 9 4 2 32 2.70999124060388841 16 24 4 17 15 5 13 32 9 10 5 13 14 30 6.96245171630185755 15 6 7 3 25 1 8.0680961012840271 89.5534632034632097 
15 22 8 4 24 4 16 7 2 17 19 7 12 1 3 3 31 2 5 28 13 1 15 11 14 16 1 1 6 8 10.3865039348602295 37.6234376734376781 
15 22 8 18 29 5 16 7 2 17 19 7 12 1 3 3 31 2 5 28 13 1 15 11 14 16 1 18 5 10 13.3882339596748352 26.2326045381711417 
15 22 8 6 32 11 16 7 2 17 19 7 12 1 3 3 31 2 5 28 13 1 15 11 14 16 1 18 13 4 11.5873520970344543 29.5810575274971583 
3 31 11 4 6 3 15 5.34074699537910114 13 14 16 1 16 20 4 16 26 4 12 15 11 15 30 4 1 24 8 1 25 9 8.03958714008331299 92.0218253968253919 
15 22 8 18 24 1 16 7 2 17 19 7 12 1 3 3 31 2 5 28 13 1 15 11 14 16 1 18 13 4 12.6402772068977356 26.337843637843644 
15 22 8 14 25 11 16 7 2 17 19 7 12 1 3 3 31 2 15 5 1 1 15 11 14 16 1 6 24 9 9.30767899751663208 51.3697043549634103 
15 22 8 18 29 5 16 7 2 17 19 7 12 1 3 3 31 2 5 28 13 1 15 11 14 16 1 18 13 4 13.4455140233039856 24.6067403464329715 
4 30 9 6 26 8 5 24 13 15 13 8 14 24 2.70999124060388841 4 15 7 1 6 6.96245171630185755 4.94126535182462057 9 4 2 9 11 14 12 9.82524131762891173 8.28080996870994568 88.9724947963128159 
15 22 8 4 24 5 16 7 2 17 19 7 12 1 3 3 31 2 5 28 13 1 15 11 14 16 1 1 26 2 10.4390369057655334 37.152739631533052 
15 22 8 1 32 1 16 7 2 17 19 7 12 1 3 3 31 2 15 26 13 1 15 11 14 16 1 18 13 4 10.6217150688171387 33.7492694059446094 
15 22 8 1 6 4 16 7 2 17 19 7 12 1 3 3 31 2 2 32 11 1 15 11 14 16 1 6 26 1 9.41570591926574707 47.0839852136459527 
15 22 8 3.36768017929769181 32 4 6 20 8 17 19 7 12 1 3 3 31 2 4 1 6.96245171630185755 1 15 11 14 16 1 4.94126535182462057 26 13 9.0179869532585144 67.9010559272169161 
1 24 9 6 1 9 15 12 3 15 2 9 2 6 10 3 30 12 3.36768017929769181 9 11 16 26 5 3 3 10 14 25 7 8.03184199333190918 92.8507936507936478 
4 1 7 1 30 1 3.36768017929769181 26 2 4 30 6.96245171630185755 9 31 12 13 6 2 15 1 5 16 30 2 17 6 4 13 26 2 7.51267588138580322 118.400529941706395 
15 22 8 6 20 12 16 7 2 17 19 7 12 1 3 3 31 2 10 26 7 1 15 11 14 16 1 13 20 6 9.70273488759994507 41.5219618360506644 
15 22 8 1 15 1 16 7 2 17 19 7 12 1 3 3 31 2 5 28 13 1 15 11 14 16 1 6 26 9 10.5090179443359375 36.8623995052566471 
15 22 8 14 15 13 16 7 2 17 19 7 12 1 3 3 31 2 8 32 11 1 15 11 14 16 1 18 13 4 10.5506680607795715 34.3416628978921707 
15 6 12 3 30 4 16 24 13 15 31 7 14 32 2 3.36768017929769181 20 10 17 15 11 14 16 1 8 9 7 11 1 4 8.52522498369216919 79.6690476190476318 
16 24 11 3 15 2 9 26 4 15 16 2 14 30 3 1 1 6 8 32 5 14 26 11 6 1 12 1 30 13 7.94726195931434631 94.3071428571428498 
15 22 8 4 23 7 16 7 2 17 19 7 12 1 3 3 31 2 2 32 12 1 15 11 14 16 1 18 13 4 11.1094789505004883 31.8418255731451794 
15 22 8 14 32 12 16 7 2 17 19 7 12 1 3 3 31 2 5 28 13 1 15 11 14 16 1 18 13 4 11.4450840950012207 29.7358194661263724 
9 30 11 12 15 7 1 24 1 10 32 10 6 30 12 14 6 2 6 20 2.70999124060388841 17 12 3 13 16 6 4 25 6.96245171630185755 8.3761688768863678 85.0666666666666629 
17 6 11 2 1 5 12 25 7 4 16 9 6 25 4 9 26 7 16 19 2 14 22 2.70999124060388841 15 25 4 1 20 12 8.50840878486633301 80.9857142857142804 
15 22 8 18 6 1 16 7 2 17 19 7 12 1 3 3 31 2 5 28 13 1 15 11 14 16 1 18 13 4 12.5984421372413635 26.3588515517736965 
15 22 8 14 15 11 16 7 2 17 19 7 12 1 3 3 31 2 5 28 13 1 15 11 14 16 1 1 6 9 10.1722309589385986 40.5699688395340559 
15 22 8 14 32 11 16 7 2 17 19 7 12 1 3 3 31 2 5 28 13 1 15 11 14 16 1 6 12 10 10.2251149415969849 38.4530312433229966 
15 22 8 14 32 11 16 7 2 17 19 7 12 1 3 3 31 2 5 28 13 1 15 11 14 16 1 18 13 4 11.431684136390686 30.552322612142703 
15 22 8 12 30 2.70999124060388841 16 7 2 17 19 7 12 1 3 3 31 2 6 6 9 1 15 11 14 16 1 1 5 9 9.0878099799156189 53.6543843613611031 
15 22 8 6 26 7 16 7 2 17 19 7 12 1 3 3 31 2 9 30 8 1 15 11 14 16 1 1 1 4 9.31706488132476807 50.1913676699780353 
15 22 8 6 32 1 16 7 2 17 19 7 12 1 3 3 31 2 5 28 13 1 15 11 14 16 1 18 13 4 11.6827520728111267 26.9667586140756725 
15 22 8 18 24 4 16 7 2 17 19 7 12 1 3 3 31 2 5 28 13 1 15 11 14 16 1 18 13 4 12.4252771735191345 26.9400851706944344 
15 22 8 6 32 9 16 7 2 17 19 7 12 1 3 3 31 2 4 18 11 1 15 11 14 16 1 13 24 11 9.30295395851135254 51.3809074530278949 
15 22 8 2 5.34074699537910114 13 16 7 2 17 19 7 12 1 3 3 31 2 12 30 5 1 15 11 14 16 1 6 20 8 9.67444294691085815 45.5421486226583596 
3 31 10 14 1 5 4 6 10 8 1 9 15 24 7 6 8 2.70999124060388841 12 26 1 1 20 8 14 24 9 2 1 5 7.84445899724960327 100.542857142857116 
15 22 8 4 26 9 16 7 2 17 19 7 12 1 3 3 31 2 5 28 13 1 15 11 14 16 1 18 13 4 11.5472280979156494 29.6155313860282874 

Current Evaluation = 30000000(30000040)
Front Size = 47
15 22 8 14 32 1 16 7 2 17 19 7 12 1 3 3 31 2 5 28 13 1 15 11 14 16 1 18 13 4 11.5270841121673584 29.6280980981669657 
14 23 9 10 12 10 4 1 10 13 31 12 3.36768017929769181 15 2 17 2 2 14 6 4 2 26 13 15 12 6.96245171630185755 6 1 10 8.61538884043693542 71.5183900611744434 
15 22 8 6 32 13 16 7 2 17 19 7 12 1 3 3 31 2 5 28 13 1 15 11 14 16 1 18 13 4 11.600752055644989 27.8068111790170605 
4 24 6 14 9 4 2 32 2.70999124060388841 16 24 4 17 15 5 13 32 9 10 5 13 14 30 6.96245171630185755 15 6 7 3 25 1 8.0680961012840271 89.5534632034632097 
15 22 8 4 24 4 16 7 2 17 19 7 12 1 3 3 31 2 5 28 13 1 15 11 14 16 1 1 6 8 10.3865039348602295 37.6234376734376781 
3 31 11 4 6 3 15 5.34074699537910114 13 14 16 1 16 20 4 16 26 4 12 15 11 15 30 4 1 24 8 1 25 9 8.03958714008331299 92.0218253968253919 
15 22 8 18 24 1 16 7 2 17 19 7 12 1 3 3 31 2 5 28 13 1 15 11 14 16 1 18 13 4 12.6402772068977356 26.337843637843644 
15 22 8 14 25 11 16 7 2 17 19 7 12 1 3 3 31 2 15 5 1 1 15 11 14 16 1 6 24 9 9.30767899751663208 51.3697043549634103 
15 22 8 18 29 5 16 7 2 17 19 7 12 1 3 3 31 2 5 28 13 1 15 11 14 16 1 18 13 4 13.4455140233039856 24.6067403464329715 
15 22 8 1 32 1 16 7 2 17 19 7 12 1 3 3 31 2 15 26 13 1 15 11 14 16 1 18 13 4 10.6217150688171387 33.7492694059446094 
15 22 8 1 6 4 16 7 2 17 19 7 12 1 3 3 31 2 2 32 11 1 15 11 14 16 1 6 26 1 9.41570591926574707 47.0839852136459527 
15 22 8 3.36768017929769181 32 4 6 20 8 17 19 7 12 1 3 3 31 2 4 1 6.96245171630185755 1 15 11 14 16 1 4.94126535182462057 26 13 9.0179869532585144 67.9010559272169161 
1 24 9 6 1 9 15 12 3 15 2 9 2 6 10 3 30 12 3.36768017929769181 9 11 16 26 5 3 3 10 14 25 7 8.03184199333190918 92.8507936507936478 
4 1 7 1 30 1 3.36768017929769181 26 2 4 30 6.96245171630185755 9 31 12 13 6 2 15 1 5 16 30 2 17 6 4 13 26 2 7.51267588138580322 118.400529941706395 
15 22 8 6 20 12 16 7 2 17 19 7 12 1 3 3 31 2 10 26 7 1 15 11 14 16 1 13 20 6 9.70273488759994507 41.5219618360506644 
15 22 8 14 15 13 16 7 2 17 19 7 12 1 3 3 31 2 8 32 11 1 15 11 14 16 1 18 13 4 10.5506680607795715 34.3416628978921707 
15 6 12 3 30 4 16 24 13 15 31 7 14 32 2 3.36768017929769181 20 10 17 15 11 14 16 1 8 9 7 11 1 4 8.52522498369216919 79.6690476190476318 
16 24 11 3 15 2 9 26 4 15 16 2 14 30 3 1 1 6 8 32 5 14 26 11 6 1 12 1 30 13 7.94726195931434631 94.3071428571428498 
15 22 8 4 23 7 16 7 2 17 19 7 12 1 3 3 31 2 2 32 12 1 15 11 14 16 1 18 13 4 11.1094789505004883 31.8418255731451794 
15 22 8 14 32 12 16 7 2 17 19 7 12 1 3 3 31 2 5 28 13 1 15 11 14 16 1 18 13 4 11.4450840950012207 29.7358194661263724 
17 6 11 2 1 5 12 25 7 4 16 9 6 25 4 9 26 7 16 19 2 14 22 2.70999124060388841 15 25 4 1 20 12 8.50840878486633301 80.9857142857142804 
15 22 8 18 6 1 16 7 2 17 19 7 12 1 3 3 31 2 5 28 13 1 15 11 14 16 1 18 13 4 12.5984421372413635 26.3588515517736965 
15 22 8 14 15 11 16 7 2 17 19 7 12 1 3 3 31 2 5 28 13 1 15 11 14 16 1 1 6 9 10.1722309589385986 40.5699688395340559 
15 22 8 14 32 11 16 7 2 17 19 7 12 1 3 3 31 2 5 28 13 1 15 11 14 16 1 6 12 10 10.2251149415969849 38.4530312433229966 
15 22 8 12 30 2.70999124060388841 16 7 2 17 19 7 12 1 3 3 31 2 6 6 9 1 15 11 14 16 1 1 5 9 9.0878099799156189 53.6543843613611031 
15 22 8 6 26 7 16 7 2 17 19 7 12 1 3 3 31 2 9 30 8 1 15 11 14 16 1 1 1 4 9.31706488132476807 50.1913676699780353 
15 22 8 6 32 9 16 7 2 17 19 7 12 1 3 3 31 2 4 18 11 1 15 11 14 16 1 13 24 11 9.30295395851135254 51.3809074530278949 
15 22 8 2 5.34074699537910114 13 16 7 2 17 19 7 12 1 3 3 31 2 12 30 5 1 15 11 14 16 1 6 20 8 9.67444294691085815 45.5421486226583596 
15 22 8 4 26 9 16 7 2 17 19 7 12 1 3 3 31 2 5 28 13 1 15 11 14 16 1 18 13 4 11.5472280979156494 29.6155313860282874 
12 24 12 10 20 5 6 12 7 3 6 11 4 25 8 16 1 5 14 15 5 3 9 12 15 31 3 14 20 5 8.19936901330947876 89.3119047619047421 
15 18 13 4 17 2 14 15 13 14 19 10 3.36768017929769181 5 7 1 24 3 9 31 6.96245171630185755 12 6 9 1 1 7 2 32 11 8.60972589254379272 79.2178362573099406 
15 22 8 4 24 9 16 7 2 17 19 7 12 1 3 3 31 2 5 28 13 1 15 11 14 16 1 13 12 10 10.2925869822502136 37.810270089847549 
15 22 8 4 30 5 16 7 2 17 19 7 12 1 3 3 31 2 5 28 13 1 15 11 14 16 1 6 30 2.70999124060388841 10.2170219421386719 39.8991027904299926 
1 32 12 13 30 2 14 15 13 2 20 4 17 26 2.70999124060388841 16 26 10 14 6 8 12 15 7 6 6 13 15 22 6.96245171630185755 7.73468780517578125 97.089682539682542 
15 22 8 9 6 9 16 7 2 17 19 7 12 1 3 3 31 2 5 28 13 1 15 11 14 16 1 2 26 8 10.7958089113235474 32.7977339134055583 
15 22 8 6 32 11 16 7 2 17 19 7 12 1 3 3 31 2 5 28 13 1 15 11 14 16 1 18 13 4 11.5873520970344543 29.1324740355575216 
17 17 11 13 30 9 10 32 4 5 6 7 12 16 13 14 32 10 16 15 2.70999124060388841 9 18 11 4 26 7 14 12 6.96245171630185755 9.08425486087799072 64.8107206518971282 
15 32 1 16 18 6 4 1 4 13 5 3 15 24 13 2 19 11 14 15 1 4 30 2 13 16 5 16 5.34074699537910114 7 8.88353872299194336 70.4333333333333371 
15 6 4 13 18 12 17 20 2.70999124060388841 14 6 12 13 25 11 14 12 11 14 16.1354543567662532 10 14 32 12 1 32 2 4 9 3 7.28113090991973877 124.926984126984124 
15 22 8 1 32 13 16 7 2 17 19 7 12 1 3 3 31 2 5 28 13 1 15 11 14 16 1 6 20 2.70999124060388841 10.3997419476509094 36.0605814988793725 
15 22 8 6 32 1 16 7 2 17 19 7 12 1 3 3 31 2 5 28 13 1 15 11 14 16 1 18 13 4 11.6827520728111267 26.5855823592661267 
3 26 2.70999124060388841 6 32 13 14 12 13 9 14 6.96245171630185755 10 15 6 17 26 7 6 13 12 14 6 4 1 30 13 4.94126535182462057 1 4 8.38926199078559875 82.3738944630248824 
13 14 12 14 15 4 13 30 2 10 24 2 16 15 1 6 1 2.70999124060388841 3 20 13 9 15 1 17 18 7 14 31 7 8.43613290786743164 81.5634920634920491 
15 22 8 18 29 5 16 7 2 4 6 6 12 1 3 3 31 2 5 28 13 1 15 11 14 16 1 18 13 4 13.2513310313224792 25.5634224063760023 
3 25 12 14 3 2.70999124060388841 16 26 6.96245171630185755 14 1 3.84646942076222631 15 23.4025356524426229 5 13 30 10 12 6 2 8 15 8 4 30 5 6 20 12 8.24058365821838379 84.2124125097249419 
15 22 8 18 29 5 16 7 2 17 19 7 12 1 3 3 31 2 5 28 13 1 15 11 14 16 1 2 25 12 12.568635880947113 26.4940407919354577 
15 22 8 14 32 11 16 7 2 17 19 7 12 1 3 3 31 2 5 28 13 1 15 11 14 16 1 18 13 4 11.431684136390686 30.0540165631469982 

Current Evaluation = 40000000(40000100)
Front Size = 43
14 23 9 10 12 10 4 1 10 13 31 12 3.36768017929769181 15 2 17 2 2 14 6 4 2 26 13 15 12 6.96245171630185755 6 1 10 8.61538884043693542 71.5183900611744434 
15 22 8 4 24 4 16 7 2 17 19 7 12 1 3 3 31 2 5 28 13 1 15 11 14 16 1 1 6 8 10.3865039348602295 37.6234376734376781 
15 22 8 18 24 1 16 7 2 17 19 7 12 1 3 3 31 2 5 28 13 1 15 11 14 16 1 18 13 4 12.6402772068977356 26.337843637843644 
15 22 8 14 25 11 16 7 2 17 19 7 12 1 3 3 31 2 15 5 1 1 15 11 14 16 1 6 24 9 9.30767899751663208 51.3697043549634103 
15 22 8 18 29 5 16 7 2 17 19 7 12 1 3 3 31 2 5 28 13 1 15 11 14 16 1 18 13 4 13.4455140233039856 24.6067403464329715 
15 22 8 1 32 1 16 7 2 17 19 7 12 1 3 3 31 2 15 26 13 1 15 11 14 16 1 18 13 4 10.6217150688171387 33.7492694059446094 
15 22 8 1 6 4 16 7 2 17 19 7 12 1 3 3 31 2 2 32 11 1 15 11 14 16 1 6 26 1 9.41570591926574707 47.0839852136459527 
4 1 7 1 30 1 3.36768017929769181 26 2 4 30 6.96245171630185755 9 31 12 13 6 2 15 1 5 16 30 2 17 6 4 13 26 2 7.51267588138580322 118.400529941706395 
15 22 8 6 20 12 16 7 2 17 19 7 12 1 3 3 31 2 10 26 7 1 15 11 14 16 1 13 20 6 9.70273488759994507 41.5219618360506644 
15 22 8 14 15 13 16 7 2 17 19 7 12 1 3 3 31 2 8 32 11 1 15 11 14 16 1 18 13 4 10.5506680607795715 34.3416628978921707 
15 6 12 3 30 4 16 24 13 15 31 7 14 32 2 3.36768017929769181 20 10 17 15 11 14 16 1 8 9 7 11 1 4 8.52522498369216919 79.6690476190476318 
16 24 11 3 15 2 9 26 4 15 16 2 14 30 3 1 1 6 8 32 5 14 26 11 6 1 12 1 30 13 7.94726195931434631 94.3071428571428498 
15 22 8 4 23 7 16 7 2 17 19 7 12 1 3 3 31 2 2 32 12 1 15 11 14 16 1 18 13 4 11.1094789505004883 31.8418255731451794 
15 22 8 14 32 12 16 7 2 17 19 7 12 1 3 3 31 2 5 28 13 1 15 11 14 16 1 18 13 4 11.4450840950012207 29.7358194661263724 
17 6 11 2 1 5 12 25 7 4 16 9 6 25 4 9 26 7 16 19 2 14 22 2.70999124060388841 15 25 4 1 20 12 8.50840878486633301 80.9857142857142804 
15 22 8 18 6 1 16 7 2 17 19 7 12 1 3 3 31 2 5 28 13 1 15 11 14 16 1 18 13 4 12.5984421372413635 26.3588515517736965 
15 22 8 14 32 11 16 7 2 17 19 7 12 1 3 3 31 2 5 28 13 1 15 11 14 16 1 6 12 10 10.2251149415969849 38.4530312433229966 
15 22 8 12 30 2.70999124060388841 16 7 2 17 19 7 12 1 3 3 31 2 6 6 9 1 15 11 14 16 1 1 5 9 9.0878099799156189 53.6543843613611031 
15 22 8 6 26 7 16 7 2 17 19 7 12 1 3 3 31 2 9 30 8 1 15 11 14 16 1 1 1 4 9.31706488132476807 50.1913676699780353 
15 22 8 6 32 9 16 7 2 17 19 7 12 1 3 3 31 2 4 18 11 1 15 11 14 16 1 13 24 11 9.30295395851135254 51.3809074530278949 
15 22 8 2 5.34074699537910114 13 16 7 2 17 19 7 12 1 3 3 31 2 12 30 5 1 15 11 14 16 1 6 20 8 9.67444294691085815 45.5421486226583596 
15 18 13 4 17 2 14 15 13 14 19 10 3.36768017929769181 5 7 1 24 3 9 31 6.96245171630185755 12 6 9 1 1 7 2 32 11 8.60972589254379272 79.2178362573099406 
15 22 8 4 24 9 16 7 2 17 19 7 12 1 3 3 31 2 5 28 13 1 15 11 14 16 1 13 12 10 10.2925869822502136 37.810270089847549 
1 32 12 13 30 2 14 15 13 2 20 4 17 26 2.70999124060388841 16 26 10 14 6 8 12 15 7 6 6 13 15 22 6.96245171630185755 7.73468780517578125 97.089682539682542 
15 22 8 6 32 11 16 7 2 17 19 7 12 1 3 3 31 2 5 28 13 1 15 11 14 16 1 18 13 4 11.5873520970344543 29.1324740355575216 
15 6 4 13 18 12 17 20 2.70999124060388841 14 6 12 13 25 11 14 12 11 14 16.1354543567662532 10 14 32 12 1 32 2 4 9 3 7.28113090991973877 124.926984126984124 
15 22 8 1 32 13 16 7 2 17 19 7 12 1 3 3 31 2 5 28 13 1 15 11 14 16 1 6 20 2.70999124060388841 10.3997419476509094 36.0605814988793725 
15 22 8 6 32 1 16 7 2 17 19 7 12 1 3 3 31 2 5 28 13 1 15 11 14 16 1 18 13 4 11.6827520728111267 26.5855823592661267 
3 26 2.70999124060388841 6 32 13 14 12 13 9 14 6.96245171630185755 10 15 6 17 26 7 6 13 12 14 6 4 1 30 13 4.94126535182462057 1 4 8.38926199078559875 82.3738944630248824 
13 14 12 14 15 4 13 30 2 10 24 2 16 15 1 6 1 2.70999124060388841 3 20 13 9 15 1 17 18 7 14 31 7 8.43613290786743164 81.5634920634920491 
15 22 8 18 29 5 16 7 2 4 6 6 12 1 3 3 31 2 5 28 13 1 15 11 14 16 1 18 13 4 13.2513310313224792 25.5634224063760023 
3 25 12 14 3 2.70999124060388841 16 26 6.96245171630185755 14 1 3.84646942076222631 15 23.4025356524426229 5 13 30 10 12 6 2 8 15 8 4 30 5 6 20 12 8.24058365821838379 84.2124125097249419 
15 22 8 18 29 5 16 7 2 17 19 7 12 1 3 3 31 2 5 28 13 1 15 11 14 16 1 2 25 12 12.568635880947113 26.4940407919354577 
15 22 8 14 32 11 16 7 2 17 19 7 12 1 3 3 31 2 5 28 13 1 15 11 14 16 1 18 13 4 11.431684136390686 30.0540165631469982 
15 22 8 6 20 3 16 7 2 17 19 7 12 1 3 3 31 2 14 25 4 1 15 11 14 16 1 13 6 10 8.87251991033554077 65.2378768621809684 
15 26 7 1 6 8 16 9 13 1 30 9 6 25 3 15 15 1 14 32 5 17 31 6 12 18 8 3 6 2.70999124060388841 7.96419292688369751 85.0857142857143032 
15 22 8 14 32 1 16 7 2 17 19 7 12 1 3 3 31 2 5 28 13 1 15 11 14 16 1 18 13 4 11.5270841121673584 29.4353413834227808 
15 22 8 1 24 9 16 7 2 17 19 7 12 1 3 3 31 2 15 24 2.70999124060388841 1 15 11 14 16 1 6 20 11 9.08341985940933228 56.5247201451981027 
15 22 8 14 32 11 16 7 2 17 19 7 12 1 3 3 31 2 13 24 4 1 15 11 14 16 1 18 12 12 9.91418999433517456 38.4565610820978279 
15 22 8 6 32 1 16 7 2 17 19 7 12 1 3 3 31 2 5 28 13 1 15 11 14 16 1 4 14 4 10.7077349424362183 32.3057192405018512 
6 26 2 1 30 11 14 5.34074699537910114 3 9 25 9 4 1 1 12 18 8 15 15 5 6 32 4 3 26 5 12 12 12 8.22611784934997559 84.9817676486937046 
15 22 8 6 32 12 16 7 2 17 19 7 12 1 3 3 31 2 5 28 13 1 15 11 14 16 1 18 13 4 11.600752055644989 27.1153627133976443 
15 22 8 6 6 7 16 7 2 17 19 7 12 1 3 3 31 2 14 30 8 1 15 11 14 16 1 4 1 8 9.03408491611480713 61.2535789442039444 

Current Evaluation = 50000000(50000020)
Front Size = 45
14 23 9 10 12 10 4 1 10 13 31 12 3.36768017929769181 15 2 17 2 2 14 6 4 2 26 13 15 12 6.96245171630185755 6 1 10 8.61538884043693542 71.5183900611744434 
15 22 8 18 24 1 16 7 2 17 19 7 12 1 3 3 31 2 5 28 13 1 15 11 14 16 1 18 13 4 12.6402772068977356 26.337843637843644 
15 22 8 14 25 11 16 7 2 17 19 7 12 1 3 3 31 2 15 5 1 1 15 11 14 16 1 6 24 9 9.30767899751663208 51.3697043549634103 
15 22 8 1 32 1 16 7 2 17 19 7 12 1 3 3 31 2 15 26 13 1 15 11 14 16 1 18 13 4 10.6217150688171387 33.7492694059446094 
15 22 8 1 6 4 16 7 2 17 19 7 12 1 3 3 31 2 2 32 11 1 15 11 14 16 1 6 26 1 9.41570591926574707 47.0839852136459527 
4 1 7 1 30 1 3.36768017929769181 26 2 4 30 6.96245171630185755 9 31 12 13 6 2 15 1 5 16 30 2 17 6 4 13 26 2 7.51267588138580322 118.400529941706395 
15 22 8 6 20 12 16 7 2 17 19 7 12 1 3 3 31 2 10 26 7 1 15 11 14 16 1 13 20 6 9.70273488759994507 41.5219618360506644 
15 22 8 14 15 13 16 7 2 17 19 7 12 1 3 3 31 2 8 32 11 1 15 11 14 16 1 18 13 4 10.5506680607795715 34.3416628978921707 
15 6 12 3 30 4 16 24 13 15 31 7 14 32 2 3.36768017929769181 20 10 17 15 11 14 16 1 8 9 7 11 1 4 8.52522498369216919 79.6690476190476318 
16 24 11 3 15 2 9 26 4 15 16 2 14 30 3 1 1 6 8 32 5 14 26 11 6 1 12 1 30 13 7.94726195931434631 94.3071428571428498 
15 22 8 4 23 7 16 7 2 17 19 7 12 1 3 3 31 2 2 32 12 1 15 11 14 16 1 18 13 4 11.1094789505004883 31.8418255731451794 
15 22 8 14 32 12 16 7 2 17 19 7 12 1 3 3 31 2 5 28 13 1 15 11 14 16 1 18 13 4 11.4450840950012207 29.7358194661263724 
17 6 11 2 1 5 12 25 7 4 16 9 6 25 4 9 26 7 16 19 2 14 22 2.70999124060388841 15 25 4 1 20 12 8.50840878486633301 80.9857142857142804 
15 22 8 18 6 1 16 7 2 17 19 7 12 1 3 3 31 2 5 28 13 1 15 11 14 16 1 18 13 4 12.5984421372413635 26.3588515517736965 
15 22 8 14 32 11 16 7 2 17 19 7 12 1 3 3 31 2 5 28 13 1 15 11 14 16 1 6 12 10 10.2251149415969849 38.4530312433229966 
15 22 8 12 30 2.70999124060388841 16 7 2 17 19 7 12 1 3 3 31 2 6 6 9 1 15 11 14 16 1 1 5 9 9.0878099799156189 53.6543843613611031 
15 22 8 6 26 7 16 7 2 17 19 7 12 1 3 3 31 2 9 30 8 1 15 11 14 16 1 1 1 4 9.31706488132476807 50.1913676699780353 
15 22 8 6 32 9 16 7 2 17 19 7 12 1 3 3 31 2 4 18 11 1 15 11 14 16 1 13 24 11 9.30295395851135254 51.3809074530278949 
15 18 13 4 17 2 14 15 13 14 19 10 3.36768017929769181 5 7 1 24 3 9 31 6.96245171630185755 12 6 9 1 1 7 2 32 11 8.60972589254379272 79.2178362573099406 
15 22 8 4 24 9 16 7 2 17 19 7 12 1 3 3 31 2 5 28 13 1 15 11 14 16 1 13 12 10 10.2925869822502136 37.810270089847549 
1 32 12 13 30 2 14 15 13 2 20 4 17 26 2.70999124060388841 16 26 10 14 6 8 12 15 7 6 6 13 15 22 6.96245171630185755 7.73468780517578125 97.089682539682542 
15 6 4 13 18 12 17 20 2.70999124060388841 14 6 12 13 25 11 14 12 11 14 16.1354543567662532 10 14 32 12 1 32 2 4 9 3 7.28113090991973877 124.926984126984124 
15 22 8 6 32 1 16 7 2 17 19 7 12 1 3 3 31 2 5 28 13 1 15 11 14 16 1 18 13 4 11.6827520728111267 26.5855823592661267 
3 26 2.70999124060388841 6 32 13 14 12 13 9 14 6.96245171630185755 10 15 6 17 26 7 6 13 12 14 6 4 1 30 13 4.94126535182462057 1 4 8.38926199078559875 82.3738944630248824 
13 14 12 14 15 4 13 30 2 10 24 2 16 15 1 6 1 2.70999124060388841 3 20 13 9 15 1 17 18 7 14 31 7 8.43613290786743164 81.5634920634920491 
15 22 8 18 29 5 16 7 2 4 6 6 12 1 3 3 31 2 5 28 13 1 15 11 14 16 1 18 13 4 13.2513310313224792 25.5634224063760023 
3 25 12 14 3 2.70999124060388841 16 26 6.96245171630185755 14 1 3.84646942076222631 15 23.4025356524426229 5 13 30 10 12 6 2 8 15 8 4 30 5 6 20 12 8.24058365821838379 84.2124125097249419 
15 22 8 18 29 5 16 7 2 17 19 7 12 1 3 3 31 2 5 28 13 1 15 11 14 16 1 2 25 12 12.568635880947113 26.4940407919354577 
15 22 8 14 32 11 16 7 2 17 19 7 12 1 3 3 31 2 5 28 13 1 15 11 14 16 1 18 13 4 11.431684136390686 30.0540165631469982 
15 22 8 6 20 3 16 7 2 17 19 7 12 1 3 3 31 2 14 25 4 1 15 11 14 16 1 13 6 10 8.87251991033554077 65.2378768621809684 
15 26 7 1 6 8 16 9 13 1 30 9 6 25 3 15 15 1 14 32 5 17 31 6 12 18 8 3 6 2.70999124060388841 7.96419292688369751 85.0857142857143032 
15 22 8 14 32 1 16 7 2 17 19 7 12 1 3 3 31 2 5 28 13 1 15 11 14 16 1 18 13 4 11.5270841121673584 29.4353413834227808 
15 22 8 1 24 9 16 7 2 17 19 7 12 1 3 3 31 2 15 24 2.70999124060388841 1 15 11 14 16 1 6 20 11 9.08341985940933228 56.5247201451981027 
15 22 8 14 32 11 16 7 2 17 19 7 12 1 3 3 31 2 13 24 4 1 15 11 14 16 1 18 12 12 9.91418999433517456 38.4565610820978279 
15 22 8 6 32 1 16 7 2 17 19 7 12 1 3 3 31 2 5 28 13 1 15 11 14 16 1 4 14 4 10.7077349424362183 32.3057192405018512 
15 22 8 6 32 12 16 7 2 17 19 7 12 1 3 3 31 2 5 28 13 1 15 11 14 16 1 18 13 4 11.600752055644989 27.1153627133976443 
15 22 8 6 6 7 16 7 2 17 19 7 12 1 3 3 31 2 14 30 8 1 15 11 14 16 1 4 1 8 9.03408491611480713 61.2535789442039444 
15 22 8 14 6 12 16 7 2 17 19 7 12 1 3 3 31 2 5 28 13 1 15 11 14 16 1 18 13 4 11.3899790644645691 31.1063876079474646 
15 22 8 1 32 8 16 7 2 17 19 7 12 1 3 3 31 2 6 33 12 1 15 11 14 16 1 18 13 4 11.244464099407196 31.4410438177961495 
10 5 1 3 30 13 14 1 11 1 24 13 3.36768017929769181 31 6 14 30 5 15 19 5 14 24 7 16 15 1 4 12 9 8.16737794876098633 84.4888888888888943 
15 22 8 4 6 9 16 7 2 17 19 7 12 1 3 3 31 2 5 28 13 1 15 11 14 16 1 18 13 4 11.461509108543396 29.7251113854510507 
15 22 8 1 6 6 10 15 2 17 19 7 12 1 3 3 31 2 9 26 5 1 15 11 14 16 1 15 32 11 9.60850995779037476 44.121968025270192 
15 22 8 18 29 5 16 7 2 17 19 7 12 1 3 3 31 2 5 28 13 1 15 11 14 16 1 18 13 4 13.4455140233039856 24.545182118948258 
15 22 8 3 24 7 16 7 2 17 19 7 12 1 3 3 31 2 5 28 13 1 15 11 14 16 1 6 20 5 10.383432924747467 35.8395446658604584 
15 22 8 6 32 11 16 7 2 17 19 7 12 1 3 3 31 2 5 28 13 1 15 11 14 16 1 18 13 4 11.5873520970344543 28.6466132009817755 

Current Evaluation = 60000000(60000080)
Front Size = 40
14 23 9 10 12 10 4 1 10 13 31 12 3.36768017929769181 15 2 17 2 2 14 6 4 2 26 13 15 12 6.96245171630185755 6 1 10 8.61538884043693542 71.5183900611744434 
15 22 8 14 25 11 16 7 2 17 19 7 12 1 3 3 31 2 15 5 1 1 15 11 14 16 1 6 24 9 9.30767899751663208 51.3697043549634103 
15 22 8 1 32 1 16 7 2 17 19 7 12 1 3 3 31 2 15 26 13 1 15 11 14 16 1 18 13 4 10.6217150688171387 33.7492694059446094 
15 22 8 1 6 4 16 7 2 17 19 7 12 1 3 3 31 2 2 32 11 1 15 11 14 16 1 6 26 1 9.41570591926574707 47.0839852136459527 
4 1 7 1 30 1 3.36768017929769181 26 2 4 30 6.96245171630185755 9 31 12 13 6 2 15 1 5 16 30 2 17 6 4 13 26 2 7.51267588138580322 118.400529941706395 
15 22 8 14 15 13 16 7 2 17 19 7 12 1 3 3 31 2 8 32 11 1 15 11 14 16 1 18 13 4 10.5506680607795715 34.3416628978921707 
15 6 12 3 30 4 16 24 13 15 31 7 14 32 2 3.36768017929769181 20 10 17 15 11 14 16 1 8 9 7 11 1 4 8.52522498369216919 79.6690476190476318 
16 24 11 3 15 2 9 26 4 15 16 2 14 30 3 1 1 6 8 32 5 14 26 11 6 1 12 1 30 13 7.94726195931434631 94.3071428571428498 
15 22 8 14 32 12 16 7 2 17 19 7 12 1 3 3 31 2 5 28 13 1 15 11 14 16 1 18 13 4 11.4450840950012207 29.7358194661263724 
17 6 11 2 1 5 12 25 7 4 16 9 6 25 4 9 26 7 16 19 2 14 22 2.70999124060388841 15 25 4 1 20 12 8.50840878486633301 80.9857142857142804 
15 22 8 14 32 11 16 7 2 17 19 7 12 1 3 3 31 2 5 28 13 1 15 11 14 16 1 6 12 10 10.2251149415969849 38.4530312433229966 
15 22 8 12 30 2.70999124060388841 16 7 2 17 19 7 12 1 3 3 31 2 6 6 9 1 15 11 14 16 1 1 5 9 9.0878099799156189 53.6543843613611031 
15 22 8 6 26 7 16 7 2 17 19 7 12 1 3 3 31 2 9 30 8 1 15 11 14 16 1 1 1 4 9.31706488132476807 50.1913676699780353 
15 22 8 6 32 9 16 7 2 17 19 7 12 1 3 3 31 2 4 18 11 1 15 11 14 16 1 13 24 11 9.30295395851135254 51.3809074530278949 
15 18 13 4 17 2 14 15 13 14 19 10 3.36768017929769181 5 7 1 24 3 9 31 6.96245171630185755 12 6 9 1 1 7 2 32 11 8.60972589254379272 79.2178362573099406 
15 22 8 4 24 9 16 7 2 17 19 7 12 1 3 3 31 2 5 28 13 1 15 11 14 16 1 13 12 10 10.2925869822502136 37.810270089847549 
1 32 12 13 30 2 14 15 13 2 20 4 17 26 2.70999124060388841 16 26 10 14 6 8 12 15 7 6 6 13 15 22 6.96245171630185755 7.73468780517578125 97.089682539682542 
15 6 4 13 18 12 17 20 2.70999124060388841 14 6 12 13 25 11 14 12 11 14 16.1354543567662532 10 14 32 12 1 32 2 4 9 3 7.28113090991973877 124.926984126984124 
15 22 8 6 32 1 16 7 2 17 19 7 12 1 3 3 31 2 5 28 13 1 15 11 14 16 1 18 13 4 11.6827520728111267 26.5855823592661267 
13 14 12 14 15 4 13 30 2 10 24 2 16 15 1 6 1 2.70999124060388841 3 20 13 9 15 1 17 18 7 14 31 7 8.43613290786743164 81.5634920634920491 
15 22 8 18 29 5 16 7 2 4 6 6 12 1 3 3 31 2 5 28 13 1 15 11 14 16 1 18 13 4 13.2513310313224792 25.5634224063760023 
15 22 8 18 29 5 16 7 2 17 19 7 12 1 3 3 31 2 5 28 13 1 15 11 14 16 1 2 25 12 12.568635880947113 26.4940407919354577 
15 22 8 14 32 11 16 7 2 17 19 7 12 1 3 3 31 2 5 28 13 1 15 11 14 16 1 18 13 4 11.431684136390686 30.0540165631469982 
15 22 8 6 20 3 16 7 2 17 19 7 12 1 3 3 31 2 14 25 4 1 15 11 14 16 1 13 6 10 8.87251991033554077 65.2378768621809684 
15 26 7 1 6 8 16 9 13 1 30 9 6 25 3 15 15 1 14 32 5 17 31 6 12 18 8 3 6 2.70999124060388841 7.96419292688369751 85.0857142857143032 
15 22 8 14 32 1 16 7 2 17 19 7 12 1 3 3 31 2 5 28 13 1 15 11 14 16 1 18 13 4 11.5270841121673584 29.4353413834227808 
15 22 8 1 24 9 16 7 2 17 19 7 12 1 3 3 31 2 15 24 2.70999124060388841 1 15 11 14 16 1 6 20 11 9.08341985940933228 56.5247201451981027 
15 22 8 14 32 11 16 7 2 17 19 7 12 1 3 3 31 2 13 24 4 1 15 11 14 16 1 18 12 12 9.91418999433517456 38.4565610820978279 
15 22 8 6 32 1 16 7 2 17 19 7 12 1 3 3 31 2 5 28 13 1 15 11 14 16 1 4 14 4 10.7077349424362183 32.3057192405018512 
15 22 8 6 32 12 16 7 2 17 19 7 12 1 3 3 31 2 5 28 13 1 15 11 14 16 1 18 13 4 11.600752055644989 27.1153627133976443 
15 22 8 6 6 7 16 7 2 17 19 7 12 1 3 3 31 2 14 30 8 1 15 11 14 16 1 4 1 8 9.03408491611480713 61.2535789442039444 
15 22 8 4 6 9 16 7 2 17 19 7 12 1 3 3 31 2 5 28 13 1 15 11 14 16 1 18 13 4 11.461509108543396 29.7251113854510507 
15 22 8 1 6 6 10 15 2 17 19 7 12 1 3 3 31 2 9 26 5 1 15 11 14 16 1 15 32 11 9.60850995779037476 44.121968025270192 
15 22 8 18 29 5 16 7 2 17 19 7 12 1 3 3 31 2 5 28 13 1 15 11 14 16 1 18 13 4 13.4455140233039856 24.545182118948258 
15 22 8 3 24 7 16 7 2 17 19 7 12 1 3 3 31 2 5 28 13 1 15 11 14 16 1 6 20 5 10.383432924747467 35.8395446658604584 
15 22 8 6 32 11 16 7 2 17 19 7 12 1 3 3 31 2 5 28 13 1 15 11 14 16 1 18 13 4 11.5873520970344543 28.6466132009817755 
15 22 8 18 6 1 16 7 2 17 19 7 12 1 3 3 31 2 5 28 13 1 15 11 14 16 1 18 13 4 12.5984421372413635 25.706763973752615 
15 22 8 6 26 12 16 7 2 17 19 7 12 1 3 3 31 2 6 2 12 1 15 11 14 16 1 4 12 3 9.66605991125106812 40.6177919946752581 
4 25 4 14 18 11 3 30 1 9 24 5 1 32 2.70999124060388841 14 16.1354543567662532 13 9 6 7 15 24 11 13 20 2 15 31 10 7.97063696384429932 81.7644257703081365 
15 22 8 2 32 12 16 7 2 17 19 7 12 1 3 3 31 2 5 28 13 1 15 11 14 16 1 6 11 13 11.0713839530944824 30.4823085128629394 

Current Evaluation = 70000000(70000000)
Front Size = 44
14 23 9 10 12 10 4 1 10 13 31 12 3.36768017929769181 15 2 17 2 2 14 6 4 2 26 13 15 12 6.96245171630185755 6 1 10 8.61538884043693542 71.5183900611744434 
15 22 8 14 25 11 16 7 2 17 19 7 12 1 3 3 31 2 15 5 1 1 15 11 14 16 1 6 24 9 9.30767899751663208 51.3697043549634103 
15 22 8 1 32 1 16 7 2 17 19 7 12 1 3 3 31 2 15 26 13 1 15 11 14 16 1 18 13 4 10.6217150688171387 33.7492694059446094 
15 22 8 1 6 4 16 7 2 17 19 7 12 1 3 3 31 2 2 32 11 1 15 11 14 16 1 6 26 1 9.41570591926574707 47.0839852136459527 
4 1 7 1 30 1 3.36768017929769181 26 2 4 30 6.96245171630185755 9 31 12 13 6 2 15 1 5 16 30 2 17 6 4 13 26 2 7.51267588138580322 118.400529941706395 
15 22 8 14 15 13 16 7 2 17 19 7 12 1 3 3 31 2 8 32 11 1 15 11 14 16 1 18 13 4 10.5506680607795715 34.3416628978921707 
15 6 12 3 30 4 16 24 13 15 31 7 14 32 2 3.36768017929769181 20 10 17 15 11 14 16 1 8 9 7 11 1 4 8.52522498369216919 79.6690476190476318 
16 24 11 3 15 2 9 26 4 15 16 2 14 30 3 1 1 6 8 32 5 14 26 11 6 1 12 1 30 13 7.94726195931434631 94.3071428571428498 
17 6 11 2 1 5 12 25 7 4 16 9 6 25 4 9 26 7 16 19 2 14 22 2.70999124060388841 15 25 4 1 20 12 8.50840878486633301 80.9857142857142804 
15 22 8 14 32 11 16 7 2 17 19 7 12 1 3 3 31 2 5 28 13 1 15 11 14 16 1 6 12 10 10.2251149415969849 38.4530312433229966 
15 22 8 12 30 2.70999124060388841 16 7 2 17 19 7 12 1 3 3 31 2 6 6 9 1 15 11 14 16 1 1 5 9 9.0878099799156189 53.6543843613611031 
15 22 8 6 26 7 16 7 2 17 19 7 12 1 3 3 31 2 9 30 8 1 15 11 14 16 1 1 1 4 9.31706488132476807 50.1913676699780353 
15 22 8 6 32 9 16 7 2 17 19 7 12 1 3 3 31 2 4 18 11 1 15 11 14 16 1 13 24 11 9.30295395851135254 51.3809074530278949 
15 18 13 4 17 2 14 15 13 14 19 10 3.36768017929769181 5 7 1 24 3 9 31 6.96245171630185755 12 6 9 1 1 7 2 32 11 8.60972589254379272 79.2178362573099406 
15 22 8 4 24 9 16 7 2 17 19 7 12 1 3 3 31 2 5 28 13 1 15 11 14 16 1 13 12 10 10.2925869822502136 37.810270089847549 
1 32 12 13 30 2 14 15 13 2 20 4 17 26 2.70999124060388841 16 26 10 14 6 8 12 15 7 6 6 13 15 22 6.96245171630185755 7.73468780517578125 97.089682539682542 
15 6 4 13 18 12 17 20 2.70999124060388841 14 6 12 13 25 11 14 12 11 14 16.1354543567662532 10 14 32 12 1 32 2 4 9 3 7.28113090991973877 124.926984126984124 
15 22 8 6 32 1 16 7 2 17 19 7 12 1 3 3 31 2 5 28 13 1 15 11 14 16 1 18 13 4 11.6827520728111267 26.5855823592661267 
13 14 12 14 15 4 13 30 2 10 24 2 16 15 1 6 1 2.70999124060388841 3 20 13 9 15 1 17 18 7 14 31 7 8.43613290786743164 81.5634920634920491 
15 22 8 18 29 5 16 7 2 4 6 6 12 1 3 3 31 2 5 28 13 1 15 11 14 16 1 18 13 4 13.2513310313224792 25.5634224063760023 
15 22 8 18 29 5 16 7 2 17 19 7 12 1 3 3 31 2 5 28 13 1 15 11 14 16 1 2 25 12 12.568635880947113 26.4940407919354577 
15 22 8 14 32 11 16 7 2 17 19 7 12 1 3 3 31 2 5 28 13 1 15 11 14 16 1 18 13 4 11.431684136390686 30.0540165631469982 
15 22 8 6 20 3 16 7 2 17 19 7 12 1 3 3 31 2 14 25 4 1 15 11 14 16 1 13 6 10 8.87251991033554077 65.2378768621809684 
15 26 7 1 6 8 16 9 13 1 30 9 6 25 3 15 15 1 14 32 5 17 31 6 12 18 8 3 6 2.70999124060388841 7.96419292688369751 85.0857142857143032 
15 22 8 1 24 9 16 7 2 17 19 7 12 1 3 3 31 2 15 24 2.70999124060388841 1 15 11 14 16 1 6 20 11 9.08341985940933228 56.5247201451981027 
15 22 8 14 32 11 16 7 2 17 19 7 12 1 3 3 31 2 13 24 4 1 15 11 14 16 1 18 12 12 9.91418999433517456 38.4565610820978279 
15 22 8 6 32 1 16 7 2 17 19 7 12 1 3 3 31 2 5 28 13 1 15 11 14 16 1 4 14 4 10.7077349424362183 32.3057192405018512 
15 22 8 6 32 12 16 7 2 17 19 7 12 1 3 3 31 2 5 28 13 1 15 11 14 16 1 18 13 4 11.600752055644989 27.1153627133976443 
15 22 8 6 6 7 16 7 2 17 19 7 12 1 3 3 31 2 14 30 8 1 15 11 14 16 1 4 1 8 9.03408491611480713 61.2535789442039444 
15 22 8 1 6 6 10 15 2 17 19 7 12 1 3 3 31 2 9 26 5 1 15 11 14 16 1 15 32 11 9.60850995779037476 44.121968025270192 
15 22 8 18 29 5 16 7 2 17 19 7 12 1 3 3 31 2 5 28 13 1 15 11 14 16 1 18 13 4 13.4455140233039856 24.545182118948258 
15 22 8 3 24 7 16 7 2 17 19 7 12 1 3 3 31 2 5 28 13 1 15 11 14 16 1 6 20 5 10.383432924747467 35.8395446658604584 
15 22 8 6 32 11 16 7 2 17 19 7 12 1 3 3 31 2 5 28 13 1 15 11 14 16 1 18 13 4 11.5873520970344543 28.6466132009817755 
15 22 8 18 6 1 16 7 2 17 19 7 12 1 3 3 31 2 5 28 13 1 15 11 14 16 1 18 13 4 12.5984421372413635 25.706763973752615 
15 22 8 6 26 12 16 7 2 17 19 7 12 1 3 3 31 2 6 2 12 1 15 11 14 16 1 4 12 3 9.66605991125106812 40.6177919946752581 
4 25 4 14 18 11 3 30 1 9 24 5 1 32 2.70999124060388841 14 16.1354543567662532 13 9 6 7 15 24 11 13 20 2 15 31 10 7.97063696384429932 81.7644257703081365 
15 22 8 2 32 12 16 7 2 17 19 7 12 1 3 3 31 2 5 28 13 1 15 11 14 16 1 6 11 13 11.0713839530944824 30.4823085128629394 
13 22 2 1 32 6 6 30 12 4 12 11 12 15 7 16 25 4 15 24 5 12 18 9 3 26 2.70999124060388841 14 20 13 7.95777392387390137 89.759523809523813 
15 31 7 15 25 4 16 25 2 17 24 5 3.36768017929769181 5 12 15 24 1 14 30 10 12 30 11 1 15 10 6 32 4 7.55244907736778259 113.093274853801177 
15 22 8 14 32 12 16 7 2 17 19 7 12 1 3 3 31 2 5 28 13 1 15 11 14 16 1 18 13 4 11.4450840950012207 29.1702152314637964 
15 22 8 4 26 3 16 7 2 17 19 7 12 1 3 3 31 2 5 28 13 1 15 11 14 16 1 6 6 13 10.4854809641838074 35.4117418529183254 
15 22 8 6 32 12 16 7 2 17 19 7 12 1 3 3 31 2 5 28 13 1 15 11 14 16 1 6 20 2 10.3760349154472351 36.6252866796160461 
4 16 4 2 6 1 13 30 7 14 12 6 15 32 2 14 6 7 1 32 9 4 31 11 13 16 13 17 24 8 7.64268994331359863 100.761904761904745 
6 28 2.70999124060388841 17 25 11 15 18 11 3 26 7 9.25570237641795579 1 4 4.94126535182462057 6 1 1 20 11 14 9 12 2 17 2 14 30 11 8.91999506950378418 62.6309523809523796 

Current Evaluation = 80000000(80000060)
Front Size = 39
14 23 9 10 12 10 4 1 10 13 31 12 3.36768017929769181 15 2 17 2 2 14 6 4 2 26 13 15 12 6.96245171630185755 6 1 10 8.61538884043693542 71.5183900611744434 
15 22 8 14 25 11 16 7 2 17 19 7 12 1 3 3 31 2 15 5 1 1 15 11 14 16 1 6 24 9 9.30767899751663208 51.3697043549634103 
15 22 8 1 32 1 16 7 2 17 19 7 12 1 3 3 31 2 15 26 13 1 15 11 14 16 1 18 13 4 10.6217150688171387 33.7492694059446094 
15 22 8 1 6 4 16 7 2 17 19 7 12 1 3 3 31 2 2 32 11 1 15 11 14 16 1 6 26 1 9.41570591926574707 47.0839852136459527 
4 1 7 1 30 1 3.36768017929769181 26 2 4 30 6.96245171630185755 9 31 12 13 6 2 15 1 5 16 30 2 17 6 4 13 26 2 7.51267588138580322 118.400529941706395 
15 22 8 14 15 13 16 7 2 17 19 7 12 1 3 3 31 2 8 32 11 1 15 11 14 16 1 18 13 4 10.5506680607795715 34.3416628978921707 
16 24 11 3 15 2 9 26 4 15 16 2 14 30 3 1 1 6 8 32 5 14 26 11 6 1 12 1 30 13 7.94726195931434631 94.3071428571428498 
15 22 8 12 30 2.70999124060388841 16 7 2 17 19 7 12 1 3 3 31 2 6 6 9 1 15 11 14 16 1 1 5 9 9.0878099799156189 53.6543843613611031 
15 22 8 6 26 7 16 7 2 17 19 7 12 1 3 3 31 2 9 30 8 1 15 11 14 16 1 1 1 4 9.31706488132476807 50.1913676699780353 
15 22 8 6 32 9 16 7 2 17 19 7 12 1 3 3 31 2 4 18 11 1 15 11 14 16 1 13 24 11 9.30295395851135254 51.3809074530278949 
1 32 12 13 30 2 14 15 13 2 20 4 17 26 2.70999124060388841 16 26 10 14 6 8 12 15 7 6 6 13 15 22 6.96245171630185755 7.73468780517578125 97.089682539682542 
15 6 4 13 18 12 17 20 2.70999124060388841 14 6 12 13 25 11 14 12 11 14 16.1354543567662532 10 14 32 12 1 32 2 4 9 3 7.28113090991973877 124.926984126984124 
15 22 8 6 32 1 16 7 2 17 19 7 12 1 3 3 31 2 5 28 13 1 15 11 14 16 1 18 13 4 11.6827520728111267 26.5855823592661267 
15 22 8 18 29 5 16 7 2 4 6 6 12 1 3 3 31 2 5 28 13 1 15 11 14 16 1 18 13 4 13.2513310313224792 25.5634224063760023 
15 22 8 18 29 5 16 7 2 17 19 7 12 1 3 3 31 2 5 28 13 1 15 11 14 16 1 2 25 12 12.568635880947113 26.4940407919354577 
15 22 8 14 32 11 16 7 2 17 19 7 12 1 3 3 31 2 5 28 13 1 15 11 14 16 1 18 13 4 11.431684136390686 30.0540165631469982 
15 22 8 6 20 3 16 7 2 17 19 7 12 1 3 3 31 2 14 25 4 1 15 11 14 16 1 13 6 10 8.87251991033554077 65.2378768621809684 
15 26 7 1 6 8 16 9 13 1 30 9 6 25 3 15 15 1 14 32 5 17 31 6 12 18 8 3 6 2.70999124060388841 7.96419292688369751 85.0857142857143032 
15 22 8 1 24 9 16 7 2 17 19 7 12 1 3 3 31 2 15 24 2.70999124060388841 1 15 11 14 16 1 6 20 11 9.08341985940933228 56.5247201451981027 
15 22 8 14 32 11 16 7 2 17 19 7 12 1 3 3 31 2 13 24 4 1 15 11 14 16 1 18 12 12 9.91418999433517456 38.4565610820978279 
15 22 8 6 32 1 16 7 2 17 19 7 12 1 3 3 31 2 5 28 13 1 15 11 14 16 1 4 14 4 10.7077349424362183 32.3057192405018512 
15 22 8 6 32 12 16 7 2 17 19 7 12 1 3 3 31 2 5 28 13 1 15 11 14 16 1 18 13 4 11.600752055644989 27.1153627133976443 
15 22 8 1 6 6 10 15 2 17 19 7 12 1 3 3 31 2 9 26 5 1 15 11 14 16 1 15 32 11 9.60850995779037476 44.121968025270192 
15 22 8 18 29 5 16 7 2 17 19 7 12 1 3 3 31 2 5 28 13 1 15 11 14 16 1 18 13 4 13.4455140233039856 24.545182118948258 
15 22 8 18 6 1 16 7 2 17 19 7 12 1 3 3 31 2 5 28 13 1 15 11 14 16 1 18 13 4 12.5984421372413635 25.706763973752615 
15 22 8 6 26 12 16 7 2 17 19 7 12 1 3 3 31 2 6 2 12 1 15 11 14 16 1 4 12 3 9.66605991125106812 40.6177919946752581 
4 25 4 14 18 11 3 30 1 9 24 5 1 32 2.70999124060388841 14 16.1354543567662532 13 9 6 7 15 24 11 13 20 2 15 31 10 7.97063696384429932 81.7644257703081365 
15 22 8 2 32 12 16 7 2 17 19 7 12 1 3 3 31 2 5 28 13 1 15 11 14 16 1 6 11 13 11.0713839530944824 30.4823085128629394 
13 22 2 1 32 6 6 30 12 4 12 11 12 15 7 16 25 4 15 24 5 12 18 9 3 26 2.70999124060388841 14 20 13 7.95777392387390137 89.759523809523813 
15 31 7 15 25 4 16 25 2 17 24 5 3.36768017929769181 5 12 15 24 1 14 30 10 12 30 11 1 15 10 6 32 4 7.55244907736778259 113.093274853801177 
4 16 4 2 6 1 13 30 7 14 12 6 15 32 2 14 6 7 1 32 9 4 31 11 13 16 13 17 24 8 7.64268994331359863 100.761904761904745 
6 28 2.70999124060388841 17 25 11 15 18 11 3 26 7 9.25570237641795579 1 4 4.94126535182462057 6 1 1 20 11 14 9 12 2 17 2 14 30 11 8.91999506950378418 62.6309523809523796 
15 22 8 9 26 5 16 7 2 17 19 7 12 1 3 3 31 2 14 25 12 1 15 11 14 16 1 15 30 2 9.31189984083175659 50.8383328611535745 
3 16 9 14 32 2.70999124060388841 15 6 9 9.25570237641795579 5 3.84646942076222631 4 9 9 15 30 1 13.2195649013323386 31.8448655754823804 5 6 26 6 8 24 7.75241283629571765 1.62229798836725392 12 7 7.94957280158996582 92.5401237530730185 
15 22 8 14 32 13 16 7 2 17 19 7 12 1 3 3 31 2 5 28 13 1 15 11 14 16 1 18 13 4 11.4450840950012207 28.031467731673704 
15 22 8 13 26 10 16 7 2 17 19 7 12 1 3 3 31 2 15 30 7 1 15 11 14 16 1 14 12 1 9.02810090780258179 60.3848901503841518 
15 22 8 14 28 12 16 7 2 17 19 7 12 1 3 3 31 2 6 26 5 1 15 11 14 16 1 15 31 9 9.58968591690063477 44.1387139510786852 
10 24 2 15 15 11 6 20 12 4 2 2 12 31 2 14 1 7 12 26 13 15 6 4 16 5 8 14 32 2 8.37083780765533447 76.63333333333334 
15 22 8 14 32 11 16 7 2 17 19 7 12 1 3 3 31 2 4 26 6 1 15 11 14 16 1 10 11 8 10.2013030052185059 35.1395210307524408 

Current Evaluation = 90000000(90000120)
Front Size = 36
14 23 9 10 12 10 4 1 10 13 31 12 3.36768017929769181 15 2 17 2 2 14 6 4 2 26 13 15 12 6.96245171630185755 6 1 10 8.61538884043693542 71.5183900611744434 
15 22 8 14 25 11 16 7 2 17 19 7 12 1 3 3 31 2 15 5 1 1 15 11 14 16 1 6 24 9 9.30767899751663208 51.3697043549634103 
15 22 8 1 32 1 16 7 2 17 19 7 12 1 3 3 31 2 15 26 13 1 15 11 14 16 1 18 13 4 10.6217150688171387 33.7492694059446094 
15 22 8 1 6 4 16 7 2 17 19 7 12 1 3 3 31 2 2 32 11 1 15 11 14 16 1 6 26 1 9.41570591926574707 47.0839852136459527 
15 22 8 14 15 13 16 7 2 17 19 7 12 1 3 3 31 2 8 32 11 1 15 11 14 16 1 18 13 4 10.5506680607795715 34.3416628978921707 
15 22 8 12 30 2.70999124060388841 16 7 2 17 19 7 12 1 3 3 31 2 6 6 9 1 15 11 14 16 1 1 5 9 9.0878099799156189 53.6543843613611031 
15 22 8 6 26 7 16 7 2 17 19 7 12 1 3 3 31 2 9 30 8 1 15 11 14 16 1 1 1 4 9.31706488132476807 50.1913676699780353 
15 22 8 6 32 9 16 7 2 17 19 7 12 1 3 3 31 2 4 18 11 1 15 11 14 16 1 13 24 11 9.30295395851135254 51.3809074530278949 
15 6 4 13 18 12 17 20 2.70999124060388841 14 6 12 13 25 11 14 12 11 14 16.1354543567662532 10 14 32 12 1 32 2 4 9 3 7.28113090991973877 124.926984126984124 
15 22 8 6 32 1 16 7 2 17 19 7 12 1 3 3 31 2 5 28 13 1 15 11 14 16 1 18 13 4 11.6827520728111267 26.5855823592661267 
15 22 8 18 29 5 16 7 2 17 19 7 12 1 3 3 31 2 5 28 13 1 15 11 14 16 1 2 25 12 12.568635880947113 26.4940407919354577 
15 22 8 6 20 3 16 7 2 17 19 7 12 1 3 3 31 2 14 25 4 1 15 11 14 16 1 13 6 10 8.87251991033554077 65.2378768621809684 
15 26 7 1 6 8 16 9 13 1 30 9 6 25 3 15 15 1 14 32 5 17 31 6 12 18 8 3 6 2.70999124060388841 7.96419292688369751 85.0857142857143032 
15 22 8 1 24 9 16 7 2 17 19 7 12 1 3 3 31 2 15 24 2.70999124060388841 1 15 11 14 16 1 6 20 11 9.08341985940933228 56.5247201451981027 
15 22 8 14 32 11 16 7 2 17 19 7 12 1 3 3 31 2 13 24 4 1 15 11 14 16 1 18 12 12 9.91418999433517456 38.4565610820978279 
15 22 8 6 32 1 16 7 2 17 19 7 12 1 3 3 31 2 5 28 13 1 15 11 14 16 1 4 14 4 10.7077349424362183 32.3057192405018512 
15 22 8 6 32 12 16 7 2 17 19 7 12 1 3 3 31 2 5 28 13 1 15 11 14 16 1 18 13 4 11.600752055644989 27.1153627133976443 
15 22 8 1 6 6 10 15 2 17 19 7 12 1 3 3 31 2 9 26 5 1 15 11 14 16 1 15 32 11 9.60850995779037476 44.121968025270192 
15 22 8 18 29 5 16 7 2 17 19 7 12 1 3 3 31 2 5 28 13 1 15 11 14 16 1 18 13 4 13.4455140233039856 24.545182118948258 
15 22 8 6 26 12 16 7 2 17 19 7 12 1 3 3 31 2 6 2 12 1 15 11 14 16 1 4 12 3 9.66605991125106812 40.6177919946752581 
4 25 4 14 18 11 3 30 1 9 24 5 1 32 2.70999124060388841 14 16.1354543567662532 13 9 6 7 15 24 11 13 20 2 15 31 10 7.97063696384429932 81.7644257703081365 
15 22 8 2 32 12 16 7 2 17 19 7 12 1 3 3 31 2 5 28 13 1 15 11 14 16 1 6 11 13 11.0713839530944824 30.4823085128629394 
13 22 2 1 32 6 6 30 12 4 12 11 12 15 7 16 25 4 15 24 5 12 18 9 3 26 2.70999124060388841 14 20 13 7.95777392387390137 89.759523809523813 
6 28 2.70999124060388841 17 25 11 15 18 11 3 26 7 9.25570237641795579 1 4 4.94126535182462057 6 1 1 20 11 14 9 12 2 17 2 14 30 11 8.91999506950378418 62.6309523809523796 
15 22 8 9 26 5 16 7 2 17 19 7 12 1 3 3 31 2 14 25 12 1 15 11 14 16 1 15 30 2 9.31189984083175659 50.8383328611535745 
3 16 9 14 32 2.70999124060388841 15 6 9 9.25570237641795579 5 3.84646942076222631 4 9 9 15 30 1 13.2195649013323386 31.8448655754823804 5 6 26 6 8 24 7.75241283629571765 1.62229798836725392 12 7 7.94957280158996582 92.5401237530730185 
15 22 8 14 32 13 16 7 2 17 19 7 12 1 3 3 31 2 5 28 13 1 15 11 14 16 1 18 13 4 11.4450840950012207 28.031467731673704 
15 22 8 13 26 10 16 7 2 17 19 7 12 1 3 3 31 2 15 30 7 1 15 11 14 16 1 14 12 1 9.02810090780258179 60.3848901503841518 
15 22 8 14 28 12 16 7 2 17 19 7 12 1 3 3 31 2 6 26 5 1 15 11 14 16 1 15 31 9 9.58968591690063477 44.1387139510786852 
10 24 2 15 15 11 6 20 12 4 2 2 12 31 2 14 1 7 12 26 13 15 6 4 16 5 8 14 32 2 8.37083780765533447 76.63333333333334 
15 22 8 14 32 11 16 7 2 17 19 7 12 1 3 3 31 2 4 26 6 1 15 11 14 16 1 10 11 8 10.2013030052185059 35.1395210307524408 
15 22 8 10 20 1 16 7 2 17 19 7 12 1 3 3 31 2 2 32 12 1 15 11 14 16 1 18 13 4 11.2601059675216675 29.3997143999717281 
16 2 2 17 30 9 1 15 8 14 24 4 3 26 11 9 20 6 4 30 11 15 16 2 14 19 5 12 13 10 8.6056499183177948 75.1023809523809547 
15 22 8 18 6 1 16 7 2 17 19 7 12 1 3 3 31 2 5 28 13 1 15 11 14 16 1 18 13 4 12.5984421372413635 24.8129176211137192 
15 15 1 8 32 12 1 6 11 13 9 10 16 5.34074699537910114 2 14 30 9 6 26 6 3 24 4 14 31 12 13 15 4 7.57604801654815674 93.9127594627594817 
12 15 4 15 31 9 6 24 12 14 1 2.70999124060388841 4 24 11 12 16.1354543567662532 9 4.94126535182462057 24 2 13 1 4 4 15 4 3 6 7 7.51225095987319946 112.576330532212879 

Current Evaluation = 100000000(100000040)
Front Size = 38
14 23 9 10 12 10 4 1 10 13 31 12 3.36768017929769181 15 2 17 2 2 14 6 4 2 26 13 15 12 6.96245171630185755 6 1 10 8.61538884043693542 71.5183900611744434 
15 22 8 14 25 11 16 7 2 17 19 7 12 1 3 3 31 2 15 5 1 1 15 11 14 16 1 6 24 9 9.30767899751663208 51.3697043549634103 
15 22 8 1 32 1 16 7 2 17 19 7 12 1 3 3 31 2 15 26 13 1 15 11 14 16 1 18 13 4 10.6217150688171387 33.7492694059446094 
15 22 8 1 6 4 16 7 2 17 19 7 12 1 3 3 31 2 2 32 11 1 15 11 14 16 1 6 26 1 9.41570591926574707 47.0839852136459527 
15 22 8 14 15 13 16 7 2 17 19 7 12 1 3 3 31 2 8 32 11 1 15 11 14 16 1 18 13 4 10.5506680607795715 34.3416628978921707 
15 22 8 12 30 2.70999124060388841 16 7 2 17 19 7 12 1 3 3 31 2 6 6 9 1 15 11 14 16 1 1 5 9 9.0878099799156189 53.6543843613611031 
15 22 8 6 26 7 16 7 2 17 19 7 12 1 3 3 31 2 9 30 8 1 15 11 14 16 1 1 1 4 9.31706488132476807 50.1913676699780353 
15 22 8 6 32 9 16 7 2 17 19 7 12 1 3 3 31 2 4 18 11 1 15 11 14 16 1 13 24 11 9.30295395851135254 51.3809074530278949 
15 6 4 13 18 12 17 20 2.70999124060388841 14 6 12 13 25 11 14 12 11 14 16.1354543567662532 10 14 32 12 1 32 2 4 9 3 7.28113090991973877 124.926984126984124 
15 22 8 6 32 1 16 7 2 17 19 7 12 1 3 3 31 2 5 28 13 1 15 11 14 16 1 18 13 4 11.6827520728111267 26.5855823592661267 
15 22 8 18 29 5 16 7 2 17 19 7 12 1 3 3 31 2 5 28 13 1 15 11 14 16 1 2 25 12 12.568635880947113 26.4940407919354577 
15 22 8 6 20 3 16 7 2 17 19 7 12 1 3 3 31 2 14 25 4 1 15 11 14 16 1 13 6 10 8.87251991033554077 65.2378768621809684 
15 26 7 1 6 8 16 9 13 1 30 9 6 25 3 15 15 1 14 32 5 17 31 6 12 18 8 3 6 2.70999124060388841 7.96419292688369751 85.0857142857143032 
15 22 8 1 24 9 16 7 2 17 19 7 12 1 3 3 31 2 15 24 2.70999124060388841 1 15 11 14 16 1 6 20 11 9.08341985940933228 56.5247201451981027 
15 22 8 14 32 11 16 7 2 17 19 7 12 1 3 3 31 2 13 24 4 1 15 11 14 16 1 18 12 12 9.91418999433517456 38.4565610820978279 
15 22 8 6 32 1 16 7 2 17 19 7 12 1 3 3 31 2 5 28 13 1 15 11 14 16 1 4 14 4 10.7077349424362183 32.3057192405018512 
15 22 8 6 32 12 16 7 2 17 19 7 12 1 3 3 31 2 5 28 13 1 15 11 14 16 1 18 13 4 11.600752055644989 27.1153627133976443 
15 22 8 1 6 6 10 15 2 17 19 7 12 1 3 3 31 2 9 26 5 1 15 11 14 16 1 15 32 11 9.60850995779037476 44.121968025270192 
15 22 8 18 29 5 16 7 2 17 19 7 12 1 3 3 31 2 5 28 13 1 15 11 14 16 1 18 13 4 13.4455140233039856 24.545182118948258 
15 22 8 6 26 12 16 7 2 17 19 7 12 1 3 3 31 2 6 2 12 1 15 11 14 16 1 4 12 3 9.66605991125106812 40.6177919946752581 
4 25 4 14 18 11 3 30 1 9 24 5 1 32 2.70999124060388841 14 16.1354543567662532 13 9 6 7 15 24 11 13 20 2 15 31 10 7.97063696384429932 81.7644257703081365 
15 22 8 2 32 12 16 7 2 17 19 7 12 1 3 3 31 2 5 28 13 1 15 11 14 16 1 6 11 13 11.0713839530944824 30.4823085128629394 
13 22 2 1 32 6 6 30 12 4 12 11 12 15 7 16 25 4 15 24 5 12 18 9 3 26 2.70999124060388841 14 20 13 7.95777392387390137 89.759523809523813 
6 28 2.70999124060388841 17 25 11 15 18 11 3 26 7 9.25570237641795579 1 4 4.94126535182462057 6 1 1 20 11 14 9 12 2 17 2 14 30 11 8.91999506950378418 62.6309523809523796 
15 22 8 9 26 5 16 7 2 17 19 7 12 1 3 3 31 2 14 25 12 1 15 11 14 16 1 15 30 2 9.31189984083175659 50.8383328611535745 
3 16 9 14 32 2.70999124060388841 15 6 9 9.25570237641795579 5 3.84646942076222631 4 9 9 15 30 1 13.2195649013323386 31.8448655754823804 5 6 26 6 8 24 7.75241283629571765 1.62229798836725392 12 7 7.94957280158996582 92.5401237530730185 
15 22 8 14 32 13 16 7 2 17 19 7 12 1 3 3 31 2 5 28 13 1 15 11 14 16 1 18 13 4 11.4450840950012207 28.031467731673704 
15 22 8 13 26 10 16 7 2 17 19 7 12 1 3 3 31 2 15 30 7 1 15 11 14 16 1 14 12 1 9.02810090780258179 60.3848901503841518 
15 22 8 14 28 12 16 7 2 17 19 7 12 1 3 3 31 2 6 26 5 1 15 11 14 16 1 15 31 9 9.58968591690063477 44.1387139510786852 
10 24 2 15 15 11 6 20 12 4 2 2 12 31 2 14 1 7 12 26 13 15 6 4 16 5 8 14 32 2 8.37083780765533447 76.63333333333334 
15 22 8 14 32 11 16 7 2 17 19 7 12 1 3 3 31 2 4 26 6 1 15 11 14 16 1 10 11 8 10.2013030052185059 35.1395210307524408 
15 22 8 10 20 1 16 7 2 17 19 7 12 1 3 3 31 2 2 32 12 1 15 11 14 16 1 18 13 4 11.2601059675216675 29.3997143999717281 
16 2 2 17 30 9 1 15 8 14 24 4 3 26 11 9 20 6 4 30 11 15 16 2 14 19 5 12 13 10 8.6056499183177948 75.1023809523809547 
15 22 8 18 6 1 16 7 2 17 19 7 12 1 3 3 31 2 5 28 13 1 15 11 14 16 1 18 13 4 12.5984421372413635 24.8129176211137192 
15 15 1 8 32 12 1 6 11 13 9 10 16 5.34074699537910114 2 14 30 9 6 26 6 3 24 4 14 31 12 13 15 4 7.57604801654815674 93.9127594627594817 
12 15 4 15 31 9 6 24 12 14 1 2.70999124060388841 4 24 11 12 16.1354543567662532 9 4.94126535182462057 24 2 13 1 4 4 15 4 3 6 7 7.51225095987319946 112.576330532212879 
15 22 8 8 1 12 16 7 2 17 19 7 12 1 3 3 31 2 14 5 9 1 15 11 6 25 12 14 30 7 8.79943084716796875 66.4136250026517558 
15 30 10 14 30 2.70999124060388841 17 20 11 12 25 6.96245171630185755 13 24 12 6 15 1 15 26 9 13 31 12 6 5 5 6 31 3.84646942076222631 7.45800498127937317 124.567460317460302 

MOEA/D: Multiobjective Evolutionary Algorithm Based on Decomposition
Number of Evaluations = 100000000
Mutation Probability = 0.0500000007450580597
Population Size = 140
Neighborhood size = 42
Seed: 13

Time =  30820.0205840000017

Current Evaluation = 100000040
Front Size = 38
14 23 9 10 12 10 4 1 10 13 31 12 3.36768017929769181 15 2 17 2 2 14 6 4 2 26 13 15 12 6.96245171630185755 6 1 10 8.61538884043693542 71.5183900611744434 
15 22 8 14 25 11 16 7 2 17 19 7 12 1 3 3 31 2 15 5 1 1 15 11 14 16 1 6 24 9 9.30767899751663208 51.3697043549634103 
15 22 8 1 32 1 16 7 2 17 19 7 12 1 3 3 31 2 15 26 13 1 15 11 14 16 1 18 13 4 10.6217150688171387 33.7492694059446094 
15 22 8 1 6 4 16 7 2 17 19 7 12 1 3 3 31 2 2 32 11 1 15 11 14 16 1 6 26 1 9.41570591926574707 47.0839852136459527 
15 22 8 14 15 13 16 7 2 17 19 7 12 1 3 3 31 2 8 32 11 1 15 11 14 16 1 18 13 4 10.5506680607795715 34.3416628978921707 
15 22 8 12 30 2.70999124060388841 16 7 2 17 19 7 12 1 3 3 31 2 6 6 9 1 15 11 14 16 1 1 5 9 9.0878099799156189 53.6543843613611031 
15 22 8 6 26 7 16 7 2 17 19 7 12 1 3 3 31 2 9 30 8 1 15 11 14 16 1 1 1 4 9.31706488132476807 50.1913676699780353 
15 22 8 6 32 9 16 7 2 17 19 7 12 1 3 3 31 2 4 18 11 1 15 11 14 16 1 13 24 11 9.30295395851135254 51.3809074530278949 
15 6 4 13 18 12 17 20 2.70999124060388841 14 6 12 13 25 11 14 12 11 14 16.1354543567662532 10 14 32 12 1 32 2 4 9 3 7.28113090991973877 124.926984126984124 
15 22 8 6 32 1 16 7 2 17 19 7 12 1 3 3 31 2 5 28 13 1 15 11 14 16 1 18 13 4 11.6827520728111267 26.5855823592661267 
15 22 8 18 29 5 16 7 2 17 19 7 12 1 3 3 31 2 5 28 13 1 15 11 14 16 1 2 25 12 12.568635880947113 26.4940407919354577 
15 22 8 6 20 3 16 7 2 17 19 7 12 1 3 3 31 2 14 25 4 1 15 11 14 16 1 13 6 10 8.87251991033554077 65.2378768621809684 
15 26 7 1 6 8 16 9 13 1 30 9 6 25 3 15 15 1 14 32 5 17 31 6 12 18 8 3 6 2.70999124060388841 7.96419292688369751 85.0857142857143032 
15 22 8 1 24 9 16 7 2 17 19 7 12 1 3 3 31 2 15 24 2.70999124060388841 1 15 11 14 16 1 6 20 11 9.08341985940933228 56.5247201451981027 
15 22 8 14 32 11 16 7 2 17 19 7 12 1 3 3 31 2 13 24 4 1 15 11 14 16 1 18 12 12 9.91418999433517456 38.4565610820978279 
15 22 8 6 32 1 16 7 2 17 19 7 12 1 3 3 31 2 5 28 13 1 15 11 14 16 1 4 14 4 10.7077349424362183 32.3057192405018512 
15 22 8 6 32 12 16 7 2 17 19 7 12 1 3 3 31 2 5 28 13 1 15 11 14 16 1 18 13 4 11.600752055644989 27.1153627133976443 
15 22 8 1 6 6 10 15 2 17 19 7 12 1 3 3 31 2 9 26 5 1 15 11 14 16 1 15 32 11 9.60850995779037476 44.121968025270192 
15 22 8 18 29 5 16 7 2 17 19 7 12 1 3 3 31 2 5 28 13 1 15 11 14 16 1 18 13 4 13.4455140233039856 24.545182118948258 
15 22 8 6 26 12 16 7 2 17 19 7 12 1 3 3 31 2 6 2 12 1 15 11 14 16 1 4 12 3 9.66605991125106812 40.6177919946752581 
4 25 4 14 18 11 3 30 1 9 24 5 1 32 2.70999124060388841 14 16.1354543567662532 13 9 6 7 15 24 11 13 20 2 15 31 10 7.97063696384429932 81.7644257703081365 
15 22 8 2 32 12 16 7 2 17 19 7 12 1 3 3 31 2 5 28 13 1 15 11 14 16 1 6 11 13 11.0713839530944824 30.4823085128629394 
13 22 2 1 32 6 6 30 12 4 12 11 12 15 7 16 25 4 15 24 5 12 18 9 3 26 2.70999124060388841 14 20 13 7.95777392387390137 89.759523809523813 
6 28 2.70999124060388841 17 25 11 15 18 11 3 26 7 9.25570237641795579 1 4 4.94126535182462057 6 1 1 20 11 14 9 12 2 17 2 14 30 11 8.91999506950378418 62.6309523809523796 
15 22 8 9 26 5 16 7 2 17 19 7 12 1 3 3 31 2 14 25 12 1 15 11 14 16 1 15 30 2 9.31189984083175659 50.8383328611535745 
3 16 9 14 32 2.70999124060388841 15 6 9 9.25570237641795579 5 3.84646942076222631 4 9 9 15 30 1 13.2195649013323386 31.8448655754823804 5 6 26 6 8 24 7.75241283629571765 1.62229798836725392 12 7 7.94957280158996582 92.5401237530730185 
15 22 8 14 32 13 16 7 2 17 19 7 12 1 3 3 31 2 5 28 13 1 15 11 14 16 1 18 13 4 11.4450840950012207 28.031467731673704 
15 22 8 13 26 10 16 7 2 17 19 7 12 1 3 3 31 2 15 30 7 1 15 11 14 16 1 14 12 1 9.02810090780258179 60.3848901503841518 
15 22 8 14 28 12 16 7 2 17 19 7 12 1 3 3 31 2 6 26 5 1 15 11 14 16 1 15 31 9 9.58968591690063477 44.1387139510786852 
10 24 2 15 15 11 6 20 12 4 2 2 12 31 2 14 1 7 12 26 13 15 6 4 16 5 8 14 32 2 8.37083780765533447 76.63333333333334 
15 22 8 14 32 11 16 7 2 17 19 7 12 1 3 3 31 2 4 26 6 1 15 11 14 16 1 10 11 8 10.2013030052185059 35.1395210307524408 
15 22 8 10 20 1 16 7 2 17 19 7 12 1 3 3 31 2 2 32 12 1 15 11 14 16 1 18 13 4 11.2601059675216675 29.3997143999717281 
16 2 2 17 30 9 1 15 8 14 24 4 3 26 11 9 20 6 4 30 11 15 16 2 14 19 5 12 13 10 8.6056499183177948 75.1023809523809547 
15 22 8 18 6 1 16 7 2 17 19 7 12 1 3 3 31 2 5 28 13 1 15 11 14 16 1 18 13 4 12.5984421372413635 24.8129176211137192 
15 15 1 8 32 12 1 6 11 13 9 10 16 5.34074699537910114 2 14 30 9 6 26 6 3 24 4 14 31 12 13 15 4 7.57604801654815674 93.9127594627594817 
12 15 4 15 31 9 6 24 12 14 1 2.70999124060388841 4 24 11 12 16.1354543567662532 9 4.94126535182462057 24 2 13 1 4 4 15 4 3 6 7 7.51225095987319946 112.576330532212879 
15 22 8 8 1 12 16 7 2 17 19 7 12 1 3 3 31 2 14 5 9 1 15 11 6 25 12 14 30 7 8.79943084716796875 66.4136250026517558 
15 30 10 14 30 2.70999124060388841 17 20 11 12 25 6.96245171630185755 13 24 12 6 15 1 15 26 9 13 31 12 6 5 5 6 31 3.84646942076222631 7.45800498127937317 124.567460317460302 

