Current Evaluation = 10000000(10000060)
Front Size = 34
9 6 9 1 32 4 4 1 10 17 8 8 14 5 1 6 15 12 8 2 4 13 6 7 12 1 6 3 28 2 9.23573291301727295 56.9999471241654163 
9 6 9 12 24 2.70999124060388841 4 1 10 17 8 8 14 5 1 6 15 12 5 3 7 18 26 2 12 1 6 3 28 2 10.8436267971992493 34.0810797805908408 
9 6 9 15 20 2.70999124060388841 4 1 10 17 8 8 14 5 1 6 15 12 5 3 7 4 30 6.96245171630185755 12 1 6 3 28 2 9.81740766763687134 46.7224228995191382 
9 6 9 14 32 13 4 1 10 17 8 8 14 5 1 6 15 12 3 15 7 13 31 7 12 1 6 3 28 2 8.9823266863822937 70.8601066128719168 
9 6 9 12 26 4 4 1 10 17 8 8 14 5 1 6 15 12 1 25 9 4 24 4 5 6 5 3 28 2 9.28139173984527588 50.2584845704580019 
2 15 9 16 6 3 14 32 12 3 24 9 4 1 4 1 9 1 3.36768017929769181 12 11 14 3 12 15 6 9 15 9 6 7.96694093942642212 90.7507936507936392 
9 6 9 15 24 2.70999124060388841 4 1 10 17 8 8 14 5 1 6 15 12 1 32 9 18 26 2 12 1 6 3 28 2 9.93782275915145874 44.4590323970007404 
9 6 9 15 30 13 4 1 10 17 8 8 14 5 1 6 15 12 5 3 7 18 26 2 12 1 6 4 24 9 9.9506528377532959 41.8971080851515651 
9 6 9 16 31 2.70999124060388841 4 1 10 17 8 8 14 5 1 6 15 12 13 13 4 18 26 2 12 1 6 3 28 2 10.2956308722496033 41.8590812431685606 
9 6 9 6 12 2.70999124060388841 4 1 10 17 8 8 14 5 1 6 15 12 5 3 7 15 30 2 12 1 6 3 28 2 9.70269769430160522 48.4939812048663725 
9 6 9 16 20 2 4 1 10 17 8 8 14 5 1 6 15 12 1 22 9 18 26 2 12 1 6 3 28 2 10.3428958654403687 39.9326236653419997 
9 6 9 10 2 2 4 1 10 17 8 8 14 5 1 6 15 12 5 3 7 18 26 2 12 1 6 3 28 2 11.5798417925834656 26.8795097478725822 
9 6 9 3 24 2.70999124060388841 4 1 10 17 8 8 14 5 1 6 15 12 5 3 7 18 26 2 12 1 6 3 28 2 10.849999725818634 34.0246225333256049 
9 6 9 10 24 2 4 1 10 17 8 8 14 5 1 6 15 12 5 3 7 18 26 2 12 1 6 3 28 2 11.257932722568512 30.1979797979797979 
9 6 9 16 30 2.70999124060388841 4 1 10 10 32 2 14 5 1 6 15 12 5 3 7 18 26 2 12 1 6 3 28 2 10.6689818501472473 36.9022519827792692 
9 6 9 15 32 2 4 1 10 17 8 8 14 5 1 6 15 12 5 3 7 18 26 2 12 1 6 3 28 2 10.7874917387962341 36.3906167842753803 
8 3 5 6 25 11 3 6 13 13 15 4 12 30 10 1 2 2.70999124060388841 4 30 6 15 1 4 16 20 11 4 16 6 8.57885998487472534 82.2226190476190482 
9 6 9 12 19 2 4 1 10 17 8 8 14 5 1 6 15 12 5 3 7 18 26 2 12 1 6 3 28 2 11.1270557045936584 33.6566017316017323 
6 2 3 10 1 5 13 6 11 4 5.34074699537910114 12 16 16 5 3 9 6.96245171630185755 14 20 2 13 32 9 14 12 7 15 6 12 8.45447084307670593 89.1915818959162721 
9 6 9 16 22 2.70999124060388841 4 1 10 17 8 8 14 5 1 6 15 12 2 24 9 1 31 10 12 1 6 3 28 2 9.57413071393966675 50.1339627683933529 
9 6 9 10 26 2.70999124060388841 4 1 10 17 8 8 14 5 1 6 15 12 5 3 7 1 32 6.96245171630185755 12 1 6 3 28 2 10.3851007223129272 38.3044258799876758 
9 6 9 10 30 2 4 1 10 17 8 8 14 5 1 6 15 12 5 3 7 18 26 2 12 1 6 3 28 2 11.1807207465171814 31.5315097867169563 
9 6 9 10 29 2.70999124060388841 4 1 10 17 8 8 14 5 1 6 15 12 5 3 7 18 26 2 12 1 6 3 28 2 12.2161697745323181 26.3412637285891904 
9 6 9 10 29 2.70999124060388841 4 1 10 17 8 8 14 5 1 6 15 12 1 32 11 18 26 2 12 1 6 3 28 2 11.5273948311805725 29.0589895823012796 
9 6 9 15 31 13 4 1 10 17 8 8 14 5 1 6 15 12 15 30 12 13 20 5 12 1 6 3 28 2 9.0979386568069458 58.6928384663154645 
9 6 9 10 29 2.70999124060388841 4 1 10 17 8 8 14 5 1 6 15 12 14 32 5 16 6 2.70999124060388841 12 1 6 3 28 2 10.3265507221221924 41.2301712798335487 
2 6 6 17 30 11 6 24 11 14 25 10 6 15 4 3 25 9 4 32 1 8 31 13 8 32 7 6 24 4 7.67859804630279541 108.839682539682542 
9 6 9 15 30 13 4 1 10 17 8 8 14 5 1 6 15 12 10 24 7 15 1 2.70999124060388841 12 1 6 14 1 11 8.75221067667007446 74.7643824495508795 
6 32 11 17 26 12 16 24 11 12 9 13 1 26 3 4 12 6 12 20 7 2 6 2.70999124060388841 3 15 10 15 2 9 8.51286798715591431 87.3325396825396894 
14 15 2.70999124060388841 1 19 2 17 31 11 13 6 9 14 24 11 17 16.1354543567662532 6 4.94126535182462057 28 10 3 5 9.82524131762891173 17.8244721320812971 30 11 6 14 10 8.51432603597640991 83.5396825396825449 
9 6 9 10 29 2.70999124060388841 4 1 10 17 8 8 14 5 1 6 15 12 2 30 8 4 19 10 16 24 4 3 28 2 10.7953296899795532 34.3746330839230509 
3 20 13 17 30 2 8 6 11 17 24 2.70999124060388841 14 24 12 12 26 4 6 16.1354543567662532 12 4 20 12 1 32 9 13 15 7 7.70059794187545776 92.2908844995661752 
9 6 9 10 29 2.70999124060388841 4 1 10 17 8 8 14 5 1 6 15 12 13 32 1 18 26 2 12 1 6 10 24 9 11.2762857675552368 29.6455657642498736 
9 6 9 3.36768017929769181 19 2 4 1 10 17 8 8 14 5 1 6 15 12 5 3 7 18 26 2 12 1 6 3 28 2 11.1334287524223328 33.5257479061602766 

Current Evaluation = 20000000(20000120)
Front Size = 30
9 6 9 1 32 4 4 1 10 17 8 8 14 5 1 6 15 12 8 2 4 13 6 7 12 1 6 3 28 2 9.23573291301727295 56.9999471241654163 
9 6 9 15 20 2.70999124060388841 4 1 10 17 8 8 14 5 1 6 15 12 5 3 7 4 30 6.96245171630185755 12 1 6 3 28 2 9.81740766763687134 46.7224228995191382 
9 6 9 12 26 4 4 1 10 17 8 8 14 5 1 6 15 12 1 25 9 4 24 4 5 6 5 3 28 2 9.28139173984527588 50.2584845704580019 
9 6 9 15 24 2.70999124060388841 4 1 10 17 8 8 14 5 1 6 15 12 1 32 9 18 26 2 12 1 6 3 28 2 9.93782275915145874 44.4590323970007404 
9 6 9 15 30 13 4 1 10 17 8 8 14 5 1 6 15 12 5 3 7 18 26 2 12 1 6 4 24 9 9.9506528377532959 41.8971080851515651 
9 6 9 10 2 2 4 1 10 17 8 8 14 5 1 6 15 12 5 3 7 18 26 2 12 1 6 3 28 2 11.5798417925834656 26.8795097478725822 
9 6 9 10 24 2 4 1 10 17 8 8 14 5 1 6 15 12 5 3 7 18 26 2 12 1 6 3 28 2 11.257932722568512 30.1979797979797979 
9 6 9 10 30 2 4 1 10 17 8 8 14 5 1 6 15 12 5 3 7 18 26 2 12 1 6 3 28 2 11.1807207465171814 31.5315097867169563 
9 6 9 10 29 2.70999124060388841 4 1 10 17 8 8 14 5 1 6 15 12 5 3 7 18 26 2 12 1 6 3 28 2 12.2161697745323181 26.3412637285891904 
9 6 9 10 29 2.70999124060388841 4 1 10 17 8 8 14 5 1 6 15 12 1 32 11 18 26 2 12 1 6 3 28 2 11.5273948311805725 29.0589895823012796 
9 6 9 15 31 13 4 1 10 17 8 8 14 5 1 6 15 12 15 30 12 13 20 5 12 1 6 3 28 2 9.0979386568069458 58.6928384663154645 
2 6 6 17 30 11 6 24 11 14 25 10 6 15 4 3 25 9 4 32 1 8 31 13 8 32 7 6 24 4 7.67859804630279541 108.839682539682542 
3 20 13 17 30 2 8 6 11 17 24 2.70999124060388841 14 24 12 12 26 4 6 16.1354543567662532 12 4 20 12 1 32 9 13 15 7 7.70059794187545776 92.2908844995661752 
9 6 9 10 29 2.70999124060388841 4 1 10 17 8 8 14 5 1 6 15 12 13 32 1 18 26 2 12 1 6 10 24 9 11.2762857675552368 29.6455657642498736 
9 6 9 10 30 1 4 1 10 17 8 8 14 5 1 6 15 12 1 26 2 14 6 1 12 1 6 3 28 2 9.54176372289657593 48.0269802413009188 
9 6 9 14 16 4 4 1 10 16 32 2 14 5 1 6 15 12 13 12 11 4 26 2.70999124060388841 12 1 6 3 28 2 8.71005785465240479 67.0713782100922771 
9 6 9 1 20 9 4 1 10 17 8 8 14 5 1 6 15 12 1 3 4 15 30 1 12 1 6 3 28 2 9.15187478065490723 58.3057913551948062 
9 6 9 15 25 13 4 1 10 17 8 8 14 5 1 6 15 12 13 32 9 13 5 3 12 1 6 6 30 2.70999124060388841 8.40348273515701294 75.261007543517195 
9 6 9 6 14 2.70999124060388841 4 1 10 17 8 8 14 5 1 6 15 12 5 3 7 1 6 2 12 1 6 3 28 2 9.91554361581802368 45.2513691812474903 
9 6 9 1 32 2 4 1 10 17 8 8 14 5 1 6 15 12 5 3 7 18 26 2 12 1 6 3 28 2 10.7362948060035706 33.4449990734980531 
13 19 2.70999124060388841 14 25 6.96245171630185755 15 17 3.84646942076222631 17 1 5 9 25 2 14 6 13 14 24 9.82524131762891173 13 24 7 14 32 6 15 6 13 7.43229973316192627 125.104948646125109 
9 6 9 6 25 2 4 1 10 17 8 8 14 5 1 6 15 12 13 24 5 18 26 2 12 1 6 3 28 2 9.97776979207992554 41.6090999820925731 
9 6 9 3.36768017929769181 15 2 4 1 10 17 8 8 14 5 1 6 15 12 1 32 4 18 26 2 12 1 6 3 28 2 10.1425298452377319 41.0005687670458556 
15 5.34074699537910114 6.96245171630185755 4.94126535182462057 24 9 13.2195649013323386 19 5 14 1 4 15 18 9 3 15 9 4 32 9 4 30 2 2 20 13.151007650947605 16 20 7 7.67585986852645874 116.652701383583718 
9 6 9 16 31 2.70999124060388841 4 1 10 17 8 8 14 5 1 6 15 12 2 32 11 18 26 2 12 1 6 3 28 2 10.3276138305664062 38.1947814966228449 
9 6 9 3 2 10 4 1 10 17 8 8 14 5 1 6 15 12 1 6 1 18 26 2 12 1 6 3 28 2 10.5184148550033569 36.398494181049962 
13 1 6 4 6 2.70999124060388841 12 24 2 1 3 7 6 6 4 14 15 6.96245171630185755 15 8 12 4 24 8 14 25 4 4.94126535182462057 9 2 7.93479102849960327 86.8238095238095156 
9 6 9 10 31 12 4 1 10 17 8 8 14 5 1 6 15 12 5 3 7 4 24 3 12 1 6 1 15 11 9.83318579196929932 45.5485831973267992 
9 6 9 13 23 4 4 1 10 17 8 8 14 5 1 6 15 12 15 31 11 3 24 9 12 1 6 3 28 2 9.54060667753219604 48.8005661143446545 
9 6 9 14 32 1 4 1 10 17 8 8 14 5 1 6 15 12 5 3 7 18 26 2 12 1 6 3 28 2 10.6929057836532593 35.8025810393562622 

Current Evaluation = 30000000(30000040)
Front Size = 31
9 6 9 12 26 4 4 1 10 17 8 8 14 5 1 6 15 12 1 25 9 4 24 4 5 6 5 3 28 2 9.28139173984527588 50.2584845704580019 
9 6 9 15 30 13 4 1 10 17 8 8 14 5 1 6 15 12 5 3 7 18 26 2 12 1 6 4 24 9 9.9506528377532959 41.8971080851515651 
9 6 9 10 2 2 4 1 10 17 8 8 14 5 1 6 15 12 5 3 7 18 26 2 12 1 6 3 28 2 11.5798417925834656 26.8795097478725822 
9 6 9 10 24 2 4 1 10 17 8 8 14 5 1 6 15 12 5 3 7 18 26 2 12 1 6 3 28 2 11.257932722568512 30.1979797979797979 
2 6 6 17 30 11 6 24 11 14 25 10 6 15 4 3 25 9 4 32 1 8 31 13 8 32 7 6 24 4 7.67859804630279541 108.839682539682542 
3 20 13 17 30 2 8 6 11 17 24 2.70999124060388841 14 24 12 12 26 4 6 16.1354543567662532 12 4 20 12 1 32 9 13 15 7 7.70059794187545776 92.2908844995661752 
9 6 9 10 29 2.70999124060388841 4 1 10 17 8 8 14 5 1 6 15 12 13 32 1 18 26 2 12 1 6 10 24 9 11.2762857675552368 29.6455657642498736 
9 6 9 10 30 1 4 1 10 17 8 8 14 5 1 6 15 12 1 26 2 14 6 1 12 1 6 3 28 2 9.54176372289657593 48.0269802413009188 
9 6 9 15 25 13 4 1 10 17 8 8 14 5 1 6 15 12 13 32 9 13 5 3 12 1 6 6 30 2.70999124060388841 8.40348273515701294 75.261007543517195 
9 6 9 1 32 2 4 1 10 17 8 8 14 5 1 6 15 12 5 3 7 18 26 2 12 1 6 3 28 2 10.7362948060035706 33.4449990734980531 
13 19 2.70999124060388841 14 25 6.96245171630185755 15 17 3.84646942076222631 17 1 5 9 25 2 14 6 13 14 24 9.82524131762891173 13 24 7 14 32 6 15 6 13 7.43229973316192627 125.104948646125109 
9 6 9 6 25 2 4 1 10 17 8 8 14 5 1 6 15 12 13 24 5 18 26 2 12 1 6 3 28 2 9.97776979207992554 41.6090999820925731 
9 6 9 3.36768017929769181 15 2 4 1 10 17 8 8 14 5 1 6 15 12 1 32 4 18 26 2 12 1 6 3 28 2 10.1425298452377319 41.0005687670458556 
15 5.34074699537910114 6.96245171630185755 4.94126535182462057 24 9 13.2195649013323386 19 5 14 1 4 15 18 9 3 15 9 4 32 9 4 30 2 2 20 13.151007650947605 16 20 7 7.67585986852645874 116.652701383583718 
9 6 9 16 31 2.70999124060388841 4 1 10 17 8 8 14 5 1 6 15 12 2 32 11 18 26 2 12 1 6 3 28 2 10.3276138305664062 38.1947814966228449 
9 6 9 3 2 10 4 1 10 17 8 8 14 5 1 6 15 12 1 6 1 18 26 2 12 1 6 3 28 2 10.5184148550033569 36.398494181049962 
13 1 6 4 6 2.70999124060388841 12 24 2 1 3 7 6 6 4 14 15 6.96245171630185755 15 8 12 4 24 8 14 25 4 4.94126535182462057 9 2 7.93479102849960327 86.8238095238095156 
9 6 9 14 32 1 4 1 10 17 8 8 14 5 1 6 15 12 5 3 7 18 26 2 12 1 6 3 28 2 10.6929057836532593 35.8025810393562622 
9 6 9 16 12 13 4 1 10 1 31 8 14 5 1 6 15 12 14 32 11 18 26 2 12 1 6 3 28 2 9.5224718451499939 48.6323251117869404 
9 6 9 13 24 4 4 1 10 17 8 8 14 5 1 6 15 12 17 6 4 2 26 2.70999124060388841 12 1 6 3 28 2 9.04900479316711426 57.8057644110275746 
9 6 9 10 29 2.70999124060388841 4 1 10 17 8 8 14 5 1 6 15 12 5 3 7 18 26 2 12 1 6 3 28 2 12.2161697745323181 26.3364519766471226 
9 6 9 13 30 13 4 1 10 17 8 8 14 5 1 6 15 12 1 6 11 2 24 4 12 1 6 3 28 2 9.05939674377441406 56.0993452664228371 
9 6 9 16 31 2.70999124060388841 4 1 10 1 30 6 14 5 1 6 15 12 2 32 11 18 26 2 12 1 6 3 28 2 9.7174409031867981 43.6904619146962645 
9 6 9 1 32 9 4 1 10 17 8 8 14 5 1 6 15 12 9 26 5 1 6 9 12 1 6 3 28 2 9.01891571283340454 58.2619618398367152 
9 6 9 16 30 2.70999124060388841 4 1 10 17 8 8 14 5 1 6 15 12 5 19 1 18 26 2 12 1 6 3 28 2 10.951850950717926 31.6604586101606209 
9 6 9 12 25 7 4 1 10 17 8 8 14 5 1 6 15 12 2 26 7 6 6 2.70999124060388841 12 1 6 3 28 2 9.23768877983093262 54.2976931976053265 
9 6 9 10 29 2.70999124060388841 4 1 10 17 8 8 14 5 1 6 15 12 5 3 7 18 26 2 12 1 6 3.36768017929769181 30 9 11.4124108552932739 28.8970361180038573 
9 6 9 3.36768017929769181 24 9 4 1 10 17 8 8 14 5 1 6 15 12 13 6 4 14 24 4 12 1 6 3 28 2 8.60222575068473816 60.3883011136541299 
9 6 9 10 29 2.70999124060388841 4 1 10 17 8 8 14 5 1 6 15 12 15 32 11 18 26 2 12 1 6 3 28 2 11.5785918235778809 28.4488011988011991 
9 6 9 10 30 2.70999124060388841 4 1 10 17 8 8 14 5 1 6 15 12 5 3 7 18 26 2 12 1 6 3 28 2 11.1807207465171814 31.1421356421356421 
3.36768017929769181 14 9 1 13 13 16 1 5 4 24 7 14 16.1354543567662532 11 15 9 13 3 25 11 13 6 12 6 12 4 4 15 9 8.38721007108688354 83.5070048309178787 

Current Evaluation = 40000000(40000100)
Front Size = 34
9 6 9 12 26 4 4 1 10 17 8 8 14 5 1 6 15 12 1 25 9 4 24 4 5 6 5 3 28 2 9.28139173984527588 50.2584845704580019 
9 6 9 15 30 13 4 1 10 17 8 8 14 5 1 6 15 12 5 3 7 18 26 2 12 1 6 4 24 9 9.9506528377532959 41.8971080851515651 
9 6 9 10 2 2 4 1 10 17 8 8 14 5 1 6 15 12 5 3 7 18 26 2 12 1 6 3 28 2 11.5798417925834656 26.8795097478725822 
2 6 6 17 30 11 6 24 11 14 25 10 6 15 4 3 25 9 4 32 1 8 31 13 8 32 7 6 24 4 7.67859804630279541 108.839682539682542 
3 20 13 17 30 2 8 6 11 17 24 2.70999124060388841 14 24 12 12 26 4 6 16.1354543567662532 12 4 20 12 1 32 9 13 15 7 7.70059794187545776 92.2908844995661752 
9 6 9 10 29 2.70999124060388841 4 1 10 17 8 8 14 5 1 6 15 12 13 32 1 18 26 2 12 1 6 10 24 9 11.2762857675552368 29.6455657642498736 
9 6 9 10 30 1 4 1 10 17 8 8 14 5 1 6 15 12 1 26 2 14 6 1 12 1 6 3 28 2 9.54176372289657593 48.0269802413009188 
9 6 9 15 25 13 4 1 10 17 8 8 14 5 1 6 15 12 13 32 9 13 5 3 12 1 6 6 30 2.70999124060388841 8.40348273515701294 75.261007543517195 
9 6 9 1 32 2 4 1 10 17 8 8 14 5 1 6 15 12 5 3 7 18 26 2 12 1 6 3 28 2 10.7362948060035706 33.4449990734980531 
13 19 2.70999124060388841 14 25 6.96245171630185755 15 17 3.84646942076222631 17 1 5 9 25 2 14 6 13 14 24 9.82524131762891173 13 24 7 14 32 6 15 6 13 7.43229973316192627 125.104948646125109 
9 6 9 3.36768017929769181 15 2 4 1 10 17 8 8 14 5 1 6 15 12 1 32 4 18 26 2 12 1 6 3 28 2 10.1425298452377319 41.0005687670458556 
15 5.34074699537910114 6.96245171630185755 4.94126535182462057 24 9 13.2195649013323386 19 5 14 1 4 15 18 9 3 15 9 4 32 9 4 30 2 2 20 13.151007650947605 16 20 7 7.67585986852645874 116.652701383583718 
9 6 9 16 31 2.70999124060388841 4 1 10 17 8 8 14 5 1 6 15 12 2 32 11 18 26 2 12 1 6 3 28 2 10.3276138305664062 38.1947814966228449 
9 6 9 3 2 10 4 1 10 17 8 8 14 5 1 6 15 12 1 6 1 18 26 2 12 1 6 3 28 2 10.5184148550033569 36.398494181049962 
13 1 6 4 6 2.70999124060388841 12 24 2 1 3 7 6 6 4 14 15 6.96245171630185755 15 8 12 4 24 8 14 25 4 4.94126535182462057 9 2 7.93479102849960327 86.8238095238095156 
9 6 9 14 32 1 4 1 10 17 8 8 14 5 1 6 15 12 5 3 7 18 26 2 12 1 6 3 28 2 10.6929057836532593 35.8025810393562622 
9 6 9 16 12 13 4 1 10 1 31 8 14 5 1 6 15 12 14 32 11 18 26 2 12 1 6 3 28 2 9.5224718451499939 48.6323251117869404 
9 6 9 13 24 4 4 1 10 17 8 8 14 5 1 6 15 12 17 6 4 2 26 2.70999124060388841 12 1 6 3 28 2 9.04900479316711426 57.8057644110275746 
9 6 9 13 30 13 4 1 10 17 8 8 14 5 1 6 15 12 1 6 11 2 24 4 12 1 6 3 28 2 9.05939674377441406 56.0993452664228371 
9 6 9 16 31 2.70999124060388841 4 1 10 1 30 6 14 5 1 6 15 12 2 32 11 18 26 2 12 1 6 3 28 2 9.7174409031867981 43.6904619146962645 
9 6 9 1 32 9 4 1 10 17 8 8 14 5 1 6 15 12 9 26 5 1 6 9 12 1 6 3 28 2 9.01891571283340454 58.2619618398367152 
9 6 9 16 30 2.70999124060388841 4 1 10 17 8 8 14 5 1 6 15 12 5 19 1 18 26 2 12 1 6 3 28 2 10.951850950717926 31.6604586101606209 
9 6 9 12 25 7 4 1 10 17 8 8 14 5 1 6 15 12 2 26 7 6 6 2.70999124060388841 12 1 6 3 28 2 9.23768877983093262 54.2976931976053265 
9 6 9 10 29 2.70999124060388841 4 1 10 17 8 8 14 5 1 6 15 12 5 3 7 18 26 2 12 1 6 3.36768017929769181 30 9 11.4124108552932739 28.8970361180038573 
9 6 9 3.36768017929769181 24 9 4 1 10 17 8 8 14 5 1 6 15 12 13 6 4 14 24 4 12 1 6 3 28 2 8.60222575068473816 60.3883011136541299 
9 6 9 10 29 2.70999124060388841 4 1 10 17 8 8 14 5 1 6 15 12 15 32 11 18 26 2 12 1 6 3 28 2 11.5785918235778809 28.4488011988011991 
3.36768017929769181 14 9 1 13 13 16 1 5 4 24 7 14 16.1354543567662532 11 15 9 13 3 25 11 13 6 12 6 12 4 4 15 9 8.38721007108688354 83.5070048309178787 
9 6 9 10 29 2.70999124060388841 4 1 10 17 8 8 14 5 1 6 15 12 5 3 7 18 26 2 12 1 6 3 28 2 12.2161697745323181 26.1519418920225348 
9 6 9 10 29 2.70999124060388841 4 1 10 17 8 8 14 5 1 6 15 12 5 3 7 18 26 2 12 1 6 3.36768017929769181 30 5 11.5024348497390747 28.8747784497784465 
9 6 9 10 30 2.70999124060388841 4 1 10 17 8 8 14 5 1 6 15 12 5 3 7 18 26 2 12 1 6 3 28 2 11.1807207465171814 29.9909588159588125 
9 6 9 15 25 2 4 1 10 17 8 8 14 5 1 6 15 12 3 24 10 18 26 2 12 1 6 3 28 2 10.2195437550544739 40.5773611403797858 
9 6 9 14 32 2.70999124060388841 4 1 10 17 8 8 14 5 1 6 15 12 13 3 7 18 26 2 12 1 6 3 28 2 9.96870881319046021 41.1629611129611206 
9 6 9 15 32 2.70999124060388841 4 1 10 17 8 8 14 5 1 6 15 12 5 3 7 1 24 9 12 1 6 3 28 2 9.68948167562484741 47.6480539584254714 
9 6 9 14 30 2 4 1 10 17 8 8 14 5 1 6 15 12 1 19 10 4 18 4 12 1 6 3 28 2 9.17421075701713562 54.6423911785613967 

Current Evaluation = 50000000(50000020)
Front Size = 36
9 6 9 12 26 4 4 1 10 17 8 8 14 5 1 6 15 12 1 25 9 4 24 4 5 6 5 3 28 2 9.28139173984527588 50.2584845704580019 
9 6 9 15 30 13 4 1 10 17 8 8 14 5 1 6 15 12 5 3 7 18 26 2 12 1 6 4 24 9 9.9506528377532959 41.8971080851515651 
9 6 9 10 2 2 4 1 10 17 8 8 14 5 1 6 15 12 5 3 7 18 26 2 12 1 6 3 28 2 11.5798417925834656 26.8795097478725822 
2 6 6 17 30 11 6 24 11 14 25 10 6 15 4 3 25 9 4 32 1 8 31 13 8 32 7 6 24 4 7.67859804630279541 108.839682539682542 
3 20 13 17 30 2 8 6 11 17 24 2.70999124060388841 14 24 12 12 26 4 6 16.1354543567662532 12 4 20 12 1 32 9 13 15 7 7.70059794187545776 92.2908844995661752 
9 6 9 10 29 2.70999124060388841 4 1 10 17 8 8 14 5 1 6 15 12 13 32 1 18 26 2 12 1 6 10 24 9 11.2762857675552368 29.6455657642498736 
9 6 9 15 25 13 4 1 10 17 8 8 14 5 1 6 15 12 13 32 9 13 5 3 12 1 6 6 30 2.70999124060388841 8.40348273515701294 75.261007543517195 
9 6 9 1 32 2 4 1 10 17 8 8 14 5 1 6 15 12 5 3 7 18 26 2 12 1 6 3 28 2 10.7362948060035706 33.4449990734980531 
13 19 2.70999124060388841 14 25 6.96245171630185755 15 17 3.84646942076222631 17 1 5 9 25 2 14 6 13 14 24 9.82524131762891173 13 24 7 14 32 6 15 6 13 7.43229973316192627 125.104948646125109 
15 5.34074699537910114 6.96245171630185755 4.94126535182462057 24 9 13.2195649013323386 19 5 14 1 4 15 18 9 3 15 9 4 32 9 4 30 2 2 20 13.151007650947605 16 20 7 7.67585986852645874 116.652701383583718 
9 6 9 3 2 10 4 1 10 17 8 8 14 5 1 6 15 12 1 6 1 18 26 2 12 1 6 3 28 2 10.5184148550033569 36.398494181049962 
13 1 6 4 6 2.70999124060388841 12 24 2 1 3 7 6 6 4 14 15 6.96245171630185755 15 8 12 4 24 8 14 25 4 4.94126535182462057 9 2 7.93479102849960327 86.8238095238095156 
9 6 9 14 32 1 4 1 10 17 8 8 14 5 1 6 15 12 5 3 7 18 26 2 12 1 6 3 28 2 10.6929057836532593 35.8025810393562622 
9 6 9 13 24 4 4 1 10 17 8 8 14 5 1 6 15 12 17 6 4 2 26 2.70999124060388841 12 1 6 3 28 2 9.04900479316711426 57.8057644110275746 
9 6 9 13 30 13 4 1 10 17 8 8 14 5 1 6 15 12 1 6 11 2 24 4 12 1 6 3 28 2 9.05939674377441406 56.0993452664228371 
9 6 9 1 32 9 4 1 10 17 8 8 14 5 1 6 15 12 9 26 5 1 6 9 12 1 6 3 28 2 9.01891571283340454 58.2619618398367152 
9 6 9 12 25 7 4 1 10 17 8 8 14 5 1 6 15 12 2 26 7 6 6 2.70999124060388841 12 1 6 3 28 2 9.23768877983093262 54.2976931976053265 
9 6 9 10 29 2.70999124060388841 4 1 10 17 8 8 14 5 1 6 15 12 5 3 7 18 26 2 12 1 6 3.36768017929769181 30 9 11.4124108552932739 28.8970361180038573 
9 6 9 3.36768017929769181 24 9 4 1 10 17 8 8 14 5 1 6 15 12 13 6 4 14 24 4 12 1 6 3 28 2 8.60222575068473816 60.3883011136541299 
9 6 9 10 29 2.70999124060388841 4 1 10 17 8 8 14 5 1 6 15 12 15 32 11 18 26 2 12 1 6 3 28 2 11.5785918235778809 28.4488011988011991 
3.36768017929769181 14 9 1 13 13 16 1 5 4 24 7 14 16.1354543567662532 11 15 9 13 3 25 11 13 6 12 6 12 4 4 15 9 8.38721007108688354 83.5070048309178787 
9 6 9 10 29 2.70999124060388841 4 1 10 17 8 8 14 5 1 6 15 12 5 3 7 18 26 2 12 1 6 3 28 2 12.2161697745323181 26.1519418920225348 
9 6 9 10 29 2.70999124060388841 4 1 10 17 8 8 14 5 1 6 15 12 5 3 7 18 26 2 12 1 6 3.36768017929769181 30 5 11.5024348497390747 28.8747784497784465 
9 6 9 10 30 2.70999124060388841 4 1 10 17 8 8 14 5 1 6 15 12 5 3 7 18 26 2 12 1 6 3 28 2 11.1807207465171814 29.9909588159588125 
9 6 9 14 32 2.70999124060388841 4 1 10 17 8 8 14 5 1 6 15 12 13 3 7 18 26 2 12 1 6 3 28 2 9.96870881319046021 41.1629611129611206 
9 6 9 14 30 2 4 1 10 17 8 8 14 5 1 6 15 12 1 19 10 4 18 4 12 1 6 3 28 2 9.17421075701713562 54.6423911785613967 
9 6 9 10 29 2.70999124060388841 4 1 10 17 8 8 14 5 1 6 15 12 1 9 11 18 26 2 12 1 6 16 30 10 10.9431488513946533 31.130435895597568 
9 6 9 10 33 2 4 1 10 17 8 8 14 5 1 6 15 12 5 3 7 18 26 2 12 1 6 3 28 2 12.0402697920799255 26.2165060384735824 
9 6 9 16 30 2 4 1 10 17 8 8 14 5 1 6 15 12 1 24 3 18 26 2 12 1 6 3 28 2 10.0131058096885681 40.1688266839235766 
9 6 9 3.36768017929769181 24 4 4 1 10 17 8 8 14 5 1 6 15 12 2 30 1 18 26 2 12 1 6 3 28 2 10.2884877920150757 36.4035742035742089 
14 32 6 15 30 9 3 16 2 9 26 2.70999124060388841 4 15 2 15 18 5 4 24 11 2 31 4 15 26 11 4 1 13 8.38735693693161011 81.3000000000000114 
9 6 9 3 24 2 4 1 10 17 8 8 14 5 1 6 15 12 5 3 7 18 26 2 12 1 6 3 28 2 10.849999725818634 33.2922196377420221 
9 6 9 1 14 2 4 1 10 17 8 8 14 5 1 6 15 12 2 26 3 14 24 13 12 1 6 3 28 2 9.39929473400115967 46.0001235535889137 
9 6 9 15 32 2.70999124060388841 4 1 10 17 8 8 14 5 1 6 15 12 3 24 13 18 26 2 12 1 6 3 28 2 10.2258217334747314 38.0563909419410393 
9 6 9 14 32 2 4 1 10 17 8 8 14 5 1 6 15 12 16 24 2.70999124060388841 11 31 7 12 1 6 3 28 2 9.51699572801589966 42.5560907929037313 
9 6 9 2 26 9 4 1 10 17 8 8 14 5 1 6 15 12 15 30 6 13 25 5 12 1 6 13 26 2.70999124060388841 8.45318573713302612 71.9368253072925512 

Current Evaluation = 60000000(60000080)
Front Size = 33
9 6 9 12 26 4 4 1 10 17 8 8 14 5 1 6 15 12 1 25 9 4 24 4 5 6 5 3 28 2 9.28139173984527588 50.2584845704580019 
9 6 9 15 30 13 4 1 10 17 8 8 14 5 1 6 15 12 5 3 7 18 26 2 12 1 6 4 24 9 9.9506528377532959 41.8971080851515651 
9 6 9 10 2 2 4 1 10 17 8 8 14 5 1 6 15 12 5 3 7 18 26 2 12 1 6 3 28 2 11.5798417925834656 26.8795097478725822 
2 6 6 17 30 11 6 24 11 14 25 10 6 15 4 3 25 9 4 32 1 8 31 13 8 32 7 6 24 4 7.67859804630279541 108.839682539682542 
3 20 13 17 30 2 8 6 11 17 24 2.70999124060388841 14 24 12 12 26 4 6 16.1354543567662532 12 4 20 12 1 32 9 13 15 7 7.70059794187545776 92.2908844995661752 
9 6 9 15 25 13 4 1 10 17 8 8 14 5 1 6 15 12 13 32 9 13 5 3 12 1 6 6 30 2.70999124060388841 8.40348273515701294 75.261007543517195 
9 6 9 1 32 2 4 1 10 17 8 8 14 5 1 6 15 12 5 3 7 18 26 2 12 1 6 3 28 2 10.7362948060035706 33.4449990734980531 
13 19 2.70999124060388841 14 25 6.96245171630185755 15 17 3.84646942076222631 17 1 5 9 25 2 14 6 13 14 24 9.82524131762891173 13 24 7 14 32 6 15 6 13 7.43229973316192627 125.104948646125109 
15 5.34074699537910114 6.96245171630185755 4.94126535182462057 24 9 13.2195649013323386 19 5 14 1 4 15 18 9 3 15 9 4 32 9 4 30 2 2 20 13.151007650947605 16 20 7 7.67585986852645874 116.652701383583718 
9 6 9 3 2 10 4 1 10 17 8 8 14 5 1 6 15 12 1 6 1 18 26 2 12 1 6 3 28 2 10.5184148550033569 36.398494181049962 
13 1 6 4 6 2.70999124060388841 12 24 2 1 3 7 6 6 4 14 15 6.96245171630185755 15 8 12 4 24 8 14 25 4 4.94126535182462057 9 2 7.93479102849960327 86.8238095238095156 
9 6 9 14 32 1 4 1 10 17 8 8 14 5 1 6 15 12 5 3 7 18 26 2 12 1 6 3 28 2 10.6929057836532593 35.8025810393562622 
9 6 9 13 24 4 4 1 10 17 8 8 14 5 1 6 15 12 17 6 4 2 26 2.70999124060388841 12 1 6 3 28 2 9.04900479316711426 57.8057644110275746 
9 6 9 13 30 13 4 1 10 17 8 8 14 5 1 6 15 12 1 6 11 2 24 4 12 1 6 3 28 2 9.05939674377441406 56.0993452664228371 
9 6 9 1 32 9 4 1 10 17 8 8 14 5 1 6 15 12 9 26 5 1 6 9 12 1 6 3 28 2 9.01891571283340454 58.2619618398367152 
9 6 9 12 25 7 4 1 10 17 8 8 14 5 1 6 15 12 2 26 7 6 6 2.70999124060388841 12 1 6 3 28 2 9.23768877983093262 54.2976931976053265 
9 6 9 3.36768017929769181 24 9 4 1 10 17 8 8 14 5 1 6 15 12 13 6 4 14 24 4 12 1 6 3 28 2 8.60222575068473816 60.3883011136541299 
3.36768017929769181 14 9 1 13 13 16 1 5 4 24 7 14 16.1354543567662532 11 15 9 13 3 25 11 13 6 12 6 12 4 4 15 9 8.38721007108688354 83.5070048309178787 
9 6 9 10 29 2.70999124060388841 4 1 10 17 8 8 14 5 1 6 15 12 5 3 7 18 26 2 12 1 6 3 28 2 12.2161697745323181 26.1519418920225348 
9 6 9 14 32 2.70999124060388841 4 1 10 17 8 8 14 5 1 6 15 12 13 3 7 18 26 2 12 1 6 3 28 2 9.96870881319046021 41.1629611129611206 
9 6 9 14 30 2 4 1 10 17 8 8 14 5 1 6 15 12 1 19 10 4 18 4 12 1 6 3 28 2 9.17421075701713562 54.6423911785613967 
9 6 9 10 29 2.70999124060388841 4 1 10 17 8 8 14 5 1 6 15 12 1 9 11 18 26 2 12 1 6 16 30 10 10.9431488513946533 31.130435895597568 
9 6 9 10 33 2 4 1 10 17 8 8 14 5 1 6 15 12 5 3 7 18 26 2 12 1 6 3 28 2 12.0402697920799255 26.2165060384735824 
9 6 9 16 30 2 4 1 10 17 8 8 14 5 1 6 15 12 1 24 3 18 26 2 12 1 6 3 28 2 10.0131058096885681 40.1688266839235766 
9 6 9 3.36768017929769181 24 4 4 1 10 17 8 8 14 5 1 6 15 12 2 30 1 18 26 2 12 1 6 3 28 2 10.2884877920150757 36.4035742035742089 
14 32 6 15 30 9 3 16 2 9 26 2.70999124060388841 4 15 2 15 18 5 4 24 11 2 31 4 15 26 11 4 1 13 8.38735693693161011 81.3000000000000114 
9 6 9 3 24 2 4 1 10 17 8 8 14 5 1 6 15 12 5 3 7 18 26 2 12 1 6 3 28 2 10.849999725818634 33.2922196377420221 
9 6 9 1 14 2 4 1 10 17 8 8 14 5 1 6 15 12 2 26 3 14 24 13 12 1 6 3 28 2 9.39929473400115967 46.0001235535889137 
9 6 9 15 32 2.70999124060388841 4 1 10 17 8 8 14 5 1 6 15 12 3 24 13 18 26 2 12 1 6 3 28 2 10.2258217334747314 38.0563909419410393 
9 6 9 14 32 2 4 1 10 17 8 8 14 5 1 6 15 12 16 24 2.70999124060388841 11 31 7 12 1 6 3 28 2 9.51699572801589966 42.5560907929037313 
9 6 9 2 26 9 4 1 10 17 8 8 14 5 1 6 15 12 15 30 6 13 25 5 12 1 6 13 26 2.70999124060388841 8.45318573713302612 71.9368253072925512 
9 6 9 10 29 2.70999124060388841 4 1 10 17 8 8 14 5 1 6 15 12 2 32 1 18 26 2 12 1 6 16 30 4 10.9903819561004639 27.3952788788877371 
9 6 9 6 32 13 4 1 10 17 8 8 14 5 1 6 15 12 15 24 11 18 26 2 12 1 6 3 28 2 10.1157257556915283 39.4731061659165405 

Current Evaluation = 70000000(70000000)
Front Size = 34
9 6 9 12 26 4 4 1 10 17 8 8 14 5 1 6 15 12 1 25 9 4 24 4 5 6 5 3 28 2 9.28139173984527588 50.2584845704580019 
9 6 9 15 30 13 4 1 10 17 8 8 14 5 1 6 15 12 5 3 7 18 26 2 12 1 6 4 24 9 9.9506528377532959 41.8971080851515651 
2 6 6 17 30 11 6 24 11 14 25 10 6 15 4 3 25 9 4 32 1 8 31 13 8 32 7 6 24 4 7.67859804630279541 108.839682539682542 
3 20 13 17 30 2 8 6 11 17 24 2.70999124060388841 14 24 12 12 26 4 6 16.1354543567662532 12 4 20 12 1 32 9 13 15 7 7.70059794187545776 92.2908844995661752 
9 6 9 15 25 13 4 1 10 17 8 8 14 5 1 6 15 12 13 32 9 13 5 3 12 1 6 6 30 2.70999124060388841 8.40348273515701294 75.261007543517195 
9 6 9 1 32 2 4 1 10 17 8 8 14 5 1 6 15 12 5 3 7 18 26 2 12 1 6 3 28 2 10.7362948060035706 33.4449990734980531 
13 19 2.70999124060388841 14 25 6.96245171630185755 15 17 3.84646942076222631 17 1 5 9 25 2 14 6 13 14 24 9.82524131762891173 13 24 7 14 32 6 15 6 13 7.43229973316192627 125.104948646125109 
15 5.34074699537910114 6.96245171630185755 4.94126535182462057 24 9 13.2195649013323386 19 5 14 1 4 15 18 9 3 15 9 4 32 9 4 30 2 2 20 13.151007650947605 16 20 7 7.67585986852645874 116.652701383583718 
9 6 9 3 2 10 4 1 10 17 8 8 14 5 1 6 15 12 1 6 1 18 26 2 12 1 6 3 28 2 10.5184148550033569 36.398494181049962 
13 1 6 4 6 2.70999124060388841 12 24 2 1 3 7 6 6 4 14 15 6.96245171630185755 15 8 12 4 24 8 14 25 4 4.94126535182462057 9 2 7.93479102849960327 86.8238095238095156 
9 6 9 14 32 1 4 1 10 17 8 8 14 5 1 6 15 12 5 3 7 18 26 2 12 1 6 3 28 2 10.6929057836532593 35.8025810393562622 
9 6 9 12 25 7 4 1 10 17 8 8 14 5 1 6 15 12 2 26 7 6 6 2.70999124060388841 12 1 6 3 28 2 9.23768877983093262 54.2976931976053265 
9 6 9 3.36768017929769181 24 9 4 1 10 17 8 8 14 5 1 6 15 12 13 6 4 14 24 4 12 1 6 3 28 2 8.60222575068473816 60.3883011136541299 
3.36768017929769181 14 9 1 13 13 16 1 5 4 24 7 14 16.1354543567662532 11 15 9 13 3 25 11 13 6 12 6 12 4 4 15 9 8.38721007108688354 83.5070048309178787 
9 6 9 10 29 2.70999124060388841 4 1 10 17 8 8 14 5 1 6 15 12 5 3 7 18 26 2 12 1 6 3 28 2 12.2161697745323181 26.1519418920225348 
9 6 9 14 32 2.70999124060388841 4 1 10 17 8 8 14 5 1 6 15 12 13 3 7 18 26 2 12 1 6 3 28 2 9.96870881319046021 41.1629611129611206 
9 6 9 14 30 2 4 1 10 17 8 8 14 5 1 6 15 12 1 19 10 4 18 4 12 1 6 3 28 2 9.17421075701713562 54.6423911785613967 
9 6 9 10 29 2.70999124060388841 4 1 10 17 8 8 14 5 1 6 15 12 1 9 11 18 26 2 12 1 6 16 30 10 10.9431488513946533 31.130435895597568 
9 6 9 10 33 2 4 1 10 17 8 8 14 5 1 6 15 12 5 3 7 18 26 2 12 1 6 3 28 2 12.0402697920799255 26.2165060384735824 
9 6 9 16 30 2 4 1 10 17 8 8 14 5 1 6 15 12 1 24 3 18 26 2 12 1 6 3 28 2 10.0131058096885681 40.1688266839235766 
9 6 9 3.36768017929769181 24 4 4 1 10 17 8 8 14 5 1 6 15 12 2 30 1 18 26 2 12 1 6 3 28 2 10.2884877920150757 36.4035742035742089 
14 32 6 15 30 9 3 16 2 9 26 2.70999124060388841 4 15 2 15 18 5 4 24 11 2 31 4 15 26 11 4 1 13 8.38735693693161011 81.3000000000000114 
9 6 9 3 24 2 4 1 10 17 8 8 14 5 1 6 15 12 5 3 7 18 26 2 12 1 6 3 28 2 10.849999725818634 33.2922196377420221 
9 6 9 1 14 2 4 1 10 17 8 8 14 5 1 6 15 12 2 26 3 14 24 13 12 1 6 3 28 2 9.39929473400115967 46.0001235535889137 
9 6 9 15 32 2.70999124060388841 4 1 10 17 8 8 14 5 1 6 15 12 3 24 13 18 26 2 12 1 6 3 28 2 10.2258217334747314 38.0563909419410393 
9 6 9 14 32 2 4 1 10 17 8 8 14 5 1 6 15 12 16 24 2.70999124060388841 11 31 7 12 1 6 3 28 2 9.51699572801589966 42.5560907929037313 
9 6 9 2 26 9 4 1 10 17 8 8 14 5 1 6 15 12 15 30 6 13 25 5 12 1 6 13 26 2.70999124060388841 8.45318573713302612 71.9368253072925512 
9 6 9 10 29 2.70999124060388841 4 1 10 17 8 8 14 5 1 6 15 12 2 32 1 18 26 2 12 1 6 16 30 4 10.9903819561004639 27.3952788788877371 
9 6 9 6 32 13 4 1 10 17 8 8 14 5 1 6 15 12 15 24 11 18 26 2 12 1 6 3 28 2 10.1157257556915283 39.4731061659165405 
9 6 9 3.36768017929769181 20 10 4 1 10 17 8 8 14 6 12 6 15 12 4 30 6 1 24 1 12 1 6 3 28 2 8.95883071422576904 55.8843461459665249 
9 6 9 10 29 2.70999124060388841 4 1 10 17 8 8 14 5 1 6 15 12 15 32 11 18 26 2 12 1 6 3 28 2 11.5785918235778809 26.8635941419410003 
14 6 9 14 31 3 9 6 8 6 24 1 2 24 2.70999124060388841 8 5 11 3 1 12 16 24 5 14 12 10 15 30 4 7.5595589280128479 119.226190476190467 
9 6 9 1 25 2 4 1 10 17 8 8 14 5 1 6 15 12 17 30 11 18 26 2 12 1 6 3 28 2 10.0518578290939331 40.0933432065011033 
6 12 12 9 18 2.70999124060388841 1 6 6.96245171630185755 9 30 10 6 17 4 4.94126535182462057 15 2 12 24 13 16 25 11 3 32 12 14 30 11 8.38304984569549561 84.5240165631470006 

Current Evaluation = 80000000(80000060)
Front Size = 37
9 6 9 12 26 4 4 1 10 17 8 8 14 5 1 6 15 12 1 25 9 4 24 4 5 6 5 3 28 2 9.28139173984527588 50.2584845704580019 
2 6 6 17 30 11 6 24 11 14 25 10 6 15 4 3 25 9 4 32 1 8 31 13 8 32 7 6 24 4 7.67859804630279541 108.839682539682542 
3 20 13 17 30 2 8 6 11 17 24 2.70999124060388841 14 24 12 12 26 4 6 16.1354543567662532 12 4 20 12 1 32 9 13 15 7 7.70059794187545776 92.2908844995661752 
9 6 9 15 25 13 4 1 10 17 8 8 14 5 1 6 15 12 13 32 9 13 5 3 12 1 6 6 30 2.70999124060388841 8.40348273515701294 75.261007543517195 
9 6 9 1 32 2 4 1 10 17 8 8 14 5 1 6 15 12 5 3 7 18 26 2 12 1 6 3 28 2 10.7362948060035706 33.4449990734980531 
13 19 2.70999124060388841 14 25 6.96245171630185755 15 17 3.84646942076222631 17 1 5 9 25 2 14 6 13 14 24 9.82524131762891173 13 24 7 14 32 6 15 6 13 7.43229973316192627 125.104948646125109 
15 5.34074699537910114 6.96245171630185755 4.94126535182462057 24 9 13.2195649013323386 19 5 14 1 4 15 18 9 3 15 9 4 32 9 4 30 2 2 20 13.151007650947605 16 20 7 7.67585986852645874 116.652701383583718 
9 6 9 3 2 10 4 1 10 17 8 8 14 5 1 6 15 12 1 6 1 18 26 2 12 1 6 3 28 2 10.5184148550033569 36.398494181049962 
13 1 6 4 6 2.70999124060388841 12 24 2 1 3 7 6 6 4 14 15 6.96245171630185755 15 8 12 4 24 8 14 25 4 4.94126535182462057 9 2 7.93479102849960327 86.8238095238095156 
9 6 9 14 32 1 4 1 10 17 8 8 14 5 1 6 15 12 5 3 7 18 26 2 12 1 6 3 28 2 10.6929057836532593 35.8025810393562622 
9 6 9 12 25 7 4 1 10 17 8 8 14 5 1 6 15 12 2 26 7 6 6 2.70999124060388841 12 1 6 3 28 2 9.23768877983093262 54.2976931976053265 
9 6 9 3.36768017929769181 24 9 4 1 10 17 8 8 14 5 1 6 15 12 13 6 4 14 24 4 12 1 6 3 28 2 8.60222575068473816 60.3883011136541299 
3.36768017929769181 14 9 1 13 13 16 1 5 4 24 7 14 16.1354543567662532 11 15 9 13 3 25 11 13 6 12 6 12 4 4 15 9 8.38721007108688354 83.5070048309178787 
9 6 9 10 29 2.70999124060388841 4 1 10 17 8 8 14 5 1 6 15 12 5 3 7 18 26 2 12 1 6 3 28 2 12.2161697745323181 26.1519418920225348 
9 6 9 14 32 2.70999124060388841 4 1 10 17 8 8 14 5 1 6 15 12 13 3 7 18 26 2 12 1 6 3 28 2 9.96870881319046021 41.1629611129611206 
9 6 9 14 30 2 4 1 10 17 8 8 14 5 1 6 15 12 1 19 10 4 18 4 12 1 6 3 28 2 9.17421075701713562 54.6423911785613967 
9 6 9 10 29 2.70999124060388841 4 1 10 17 8 8 14 5 1 6 15 12 1 9 11 18 26 2 12 1 6 16 30 10 10.9431488513946533 31.130435895597568 
9 6 9 10 33 2 4 1 10 17 8 8 14 5 1 6 15 12 5 3 7 18 26 2 12 1 6 3 28 2 12.0402697920799255 26.2165060384735824 
9 6 9 16 30 2 4 1 10 17 8 8 14 5 1 6 15 12 1 24 3 18 26 2 12 1 6 3 28 2 10.0131058096885681 40.1688266839235766 
9 6 9 3.36768017929769181 24 4 4 1 10 17 8 8 14 5 1 6 15 12 2 30 1 18 26 2 12 1 6 3 28 2 10.2884877920150757 36.4035742035742089 
14 32 6 15 30 9 3 16 2 9 26 2.70999124060388841 4 15 2 15 18 5 4 24 11 2 31 4 15 26 11 4 1 13 8.38735693693161011 81.3000000000000114 
9 6 9 3 24 2 4 1 10 17 8 8 14 5 1 6 15 12 5 3 7 18 26 2 12 1 6 3 28 2 10.849999725818634 33.2922196377420221 
9 6 9 1 14 2 4 1 10 17 8 8 14 5 1 6 15 12 2 26 3 14 24 13 12 1 6 3 28 2 9.39929473400115967 46.0001235535889137 
9 6 9 15 32 2.70999124060388841 4 1 10 17 8 8 14 5 1 6 15 12 3 24 13 18 26 2 12 1 6 3 28 2 10.2258217334747314 38.0563909419410393 
9 6 9 14 32 2 4 1 10 17 8 8 14 5 1 6 15 12 16 24 2.70999124060388841 11 31 7 12 1 6 3 28 2 9.51699572801589966 42.5560907929037313 
9 6 9 2 26 9 4 1 10 17 8 8 14 5 1 6 15 12 15 30 6 13 25 5 12 1 6 13 26 2.70999124060388841 8.45318573713302612 71.9368253072925512 
9 6 9 10 29 2.70999124060388841 4 1 10 17 8 8 14 5 1 6 15 12 2 32 1 18 26 2 12 1 6 16 30 4 10.9903819561004639 27.3952788788877371 
9 6 9 6 32 13 4 1 10 17 8 8 14 5 1 6 15 12 15 24 11 18 26 2 12 1 6 3 28 2 10.1157257556915283 39.4731061659165405 
9 6 9 3.36768017929769181 20 10 4 1 10 17 8 8 14 6 12 6 15 12 4 30 6 1 24 1 12 1 6 3 28 2 8.95883071422576904 55.8843461459665249 
9 6 9 10 29 2.70999124060388841 4 1 10 17 8 8 14 5 1 6 15 12 15 32 11 18 26 2 12 1 6 3 28 2 11.5785918235778809 26.8635941419410003 
9 6 9 1 25 2 4 1 10 17 8 8 14 5 1 6 15 12 17 30 11 18 26 2 12 1 6 3 28 2 10.0518578290939331 40.0933432065011033 
6 12 12 9 18 2.70999124060388841 1 6 6.96245171630185755 9 30 10 6 17 4 4.94126535182462057 15 2 12 24 13 16 25 11 3 32 12 14 30 11 8.38304984569549561 84.5240165631470006 
9 6 9 16 24 3 4 1 10 17 8 8 14 5 1 6 15 12 2 30 12 18 26 2 12 1 6 3 28 2 10.2684507369995117 37.1913613168777601 
9 6 9 3 24 4 4 1 10 17 30 13 14 5 1 6 15 12 14 6 6 18 26 2 12 1 6 3 28 2 9.29305583238601685 48.4442935490012019 
9 6 9 16 2 2 4 1 10 17 8 8 14 5 1 6 15 12 1 24 7 14 33 4 12 1 6 3 28 2 9.84520268440246582 41.1973721842463902 
9 6 9 10 29 2.70999124060388841 4 1 10 17 8 8 14 5 1 6 15 12 1 16 1 18 26 2 12 1 6 3 28 2 11.9701678156852722 26.8104342319466085 
14 20 9 17 31 9 1 30 4 14 5 2.70999124060388841 11 25 6.96245171630185755 16 32 4 13 6 1 4 24 11 6 24 3 14 5 12 7.51700103282928467 118.402380952380938 

Current Evaluation = 90000000(90000120)
Front Size = 38
9 6 9 12 26 4 4 1 10 17 8 8 14 5 1 6 15 12 1 25 9 4 24 4 5 6 5 3 28 2 9.28139173984527588 50.2584845704580019 
2 6 6 17 30 11 6 24 11 14 25 10 6 15 4 3 25 9 4 32 1 8 31 13 8 32 7 6 24 4 7.67859804630279541 108.839682539682542 
3 20 13 17 30 2 8 6 11 17 24 2.70999124060388841 14 24 12 12 26 4 6 16.1354543567662532 12 4 20 12 1 32 9 13 15 7 7.70059794187545776 92.2908844995661752 
9 6 9 15 25 13 4 1 10 17 8 8 14 5 1 6 15 12 13 32 9 13 5 3 12 1 6 6 30 2.70999124060388841 8.40348273515701294 75.261007543517195 
9 6 9 1 32 2 4 1 10 17 8 8 14 5 1 6 15 12 5 3 7 18 26 2 12 1 6 3 28 2 10.7362948060035706 33.4449990734980531 
13 19 2.70999124060388841 14 25 6.96245171630185755 15 17 3.84646942076222631 17 1 5 9 25 2 14 6 13 14 24 9.82524131762891173 13 24 7 14 32 6 15 6 13 7.43229973316192627 125.104948646125109 
15 5.34074699537910114 6.96245171630185755 4.94126535182462057 24 9 13.2195649013323386 19 5 14 1 4 15 18 9 3 15 9 4 32 9 4 30 2 2 20 13.151007650947605 16 20 7 7.67585986852645874 116.652701383583718 
9 6 9 3 2 10 4 1 10 17 8 8 14 5 1 6 15 12 1 6 1 18 26 2 12 1 6 3 28 2 10.5184148550033569 36.398494181049962 
13 1 6 4 6 2.70999124060388841 12 24 2 1 3 7 6 6 4 14 15 6.96245171630185755 15 8 12 4 24 8 14 25 4 4.94126535182462057 9 2 7.93479102849960327 86.8238095238095156 
9 6 9 14 32 1 4 1 10 17 8 8 14 5 1 6 15 12 5 3 7 18 26 2 12 1 6 3 28 2 10.6929057836532593 35.8025810393562622 
9 6 9 12 25 7 4 1 10 17 8 8 14 5 1 6 15 12 2 26 7 6 6 2.70999124060388841 12 1 6 3 28 2 9.23768877983093262 54.2976931976053265 
9 6 9 3.36768017929769181 24 9 4 1 10 17 8 8 14 5 1 6 15 12 13 6 4 14 24 4 12 1 6 3 28 2 8.60222575068473816 60.3883011136541299 
3.36768017929769181 14 9 1 13 13 16 1 5 4 24 7 14 16.1354543567662532 11 15 9 13 3 25 11 13 6 12 6 12 4 4 15 9 8.38721007108688354 83.5070048309178787 
9 6 9 10 29 2.70999124060388841 4 1 10 17 8 8 14 5 1 6 15 12 5 3 7 18 26 2 12 1 6 3 28 2 12.2161697745323181 26.1519418920225348 
9 6 9 14 32 2.70999124060388841 4 1 10 17 8 8 14 5 1 6 15 12 13 3 7 18 26 2 12 1 6 3 28 2 9.96870881319046021 41.1629611129611206 
9 6 9 14 30 2 4 1 10 17 8 8 14 5 1 6 15 12 1 19 10 4 18 4 12 1 6 3 28 2 9.17421075701713562 54.6423911785613967 
9 6 9 10 29 2.70999124060388841 4 1 10 17 8 8 14 5 1 6 15 12 1 9 11 18 26 2 12 1 6 16 30 10 10.9431488513946533 31.130435895597568 
9 6 9 10 33 2 4 1 10 17 8 8 14 5 1 6 15 12 5 3 7 18 26 2 12 1 6 3 28 2 12.0402697920799255 26.2165060384735824 
9 6 9 16 30 2 4 1 10 17 8 8 14 5 1 6 15 12 1 24 3 18 26 2 12 1 6 3 28 2 10.0131058096885681 40.1688266839235766 
9 6 9 3.36768017929769181 24 4 4 1 10 17 8 8 14 5 1 6 15 12 2 30 1 18 26 2 12 1 6 3 28 2 10.2884877920150757 36.4035742035742089 
14 32 6 15 30 9 3 16 2 9 26 2.70999124060388841 4 15 2 15 18 5 4 24 11 2 31 4 15 26 11 4 1 13 8.38735693693161011 81.3000000000000114 
9 6 9 3 24 2 4 1 10 17 8 8 14 5 1 6 15 12 5 3 7 18 26 2 12 1 6 3 28 2 10.849999725818634 33.2922196377420221 
9 6 9 1 14 2 4 1 10 17 8 8 14 5 1 6 15 12 2 26 3 14 24 13 12 1 6 3 28 2 9.39929473400115967 46.0001235535889137 
9 6 9 14 32 2 4 1 10 17 8 8 14 5 1 6 15 12 16 24 2.70999124060388841 11 31 7 12 1 6 3 28 2 9.51699572801589966 42.5560907929037313 
9 6 9 2 26 9 4 1 10 17 8 8 14 5 1 6 15 12 15 30 6 13 25 5 12 1 6 13 26 2.70999124060388841 8.45318573713302612 71.9368253072925512 
9 6 9 10 29 2.70999124060388841 4 1 10 17 8 8 14 5 1 6 15 12 2 32 1 18 26 2 12 1 6 16 30 4 10.9903819561004639 27.3952788788877371 
9 6 9 3.36768017929769181 20 10 4 1 10 17 8 8 14 6 12 6 15 12 4 30 6 1 24 1 12 1 6 3 28 2 8.95883071422576904 55.8843461459665249 
9 6 9 10 29 2.70999124060388841 4 1 10 17 8 8 14 5 1 6 15 12 15 32 11 18 26 2 12 1 6 3 28 2 11.5785918235778809 26.8635941419410003 
9 6 9 1 25 2 4 1 10 17 8 8 14 5 1 6 15 12 17 30 11 18 26 2 12 1 6 3 28 2 10.0518578290939331 40.0933432065011033 
6 12 12 9 18 2.70999124060388841 1 6 6.96245171630185755 9 30 10 6 17 4 4.94126535182462057 15 2 12 24 13 16 25 11 3 32 12 14 30 11 8.38304984569549561 84.5240165631470006 
9 6 9 3 24 4 4 1 10 17 30 13 14 5 1 6 15 12 14 6 6 18 26 2 12 1 6 3 28 2 9.29305583238601685 48.4442935490012019 
9 6 9 16 2 2 4 1 10 17 8 8 14 5 1 6 15 12 1 24 7 14 33 4 12 1 6 3 28 2 9.84520268440246582 41.1973721842463902 
9 6 9 10 29 2.70999124060388841 4 1 10 17 8 8 14 5 1 6 15 12 1 16 1 18 26 2 12 1 6 3 28 2 11.9701678156852722 26.8104342319466085 
14 20 9 17 31 9 1 30 4 14 5 2.70999124060388841 11 25 6.96245171630185755 16 32 4 13 6 1 4 24 11 6 24 3 14 5 12 7.51700103282928467 118.402380952380938 
9 6 9 10 29 2.70999124060388841 4 1 10 17 8 8 14 5 1 6 15 12 1 32 1 18 26 2 12 1 6 3 28 2 11.6227948069572449 26.8440648723257453 
9 6 9 16 20 2.70999124060388841 4 1 10 17 8 8 14 5 1 6 15 12 3 32 4 18 26 2 12 1 6 3 28 2 10.1077678799629211 36.7288820366473914 
9 6 9 2 32 2.70999124060388841 4 1 10 17 8 8 14 5 1 6 15 12 5 3 7 18 26 2 12 1 6 3 28 2 10.9376537203788757 33.0985200841617129 
9 6 9 16 24 2 4 1 10 17 8 8 14 5 1 6 15 12 1 32 3 18 26 2 12 1 6 3 28 2 10.103587806224823 38.4024089514491749 

Current Evaluation = 100000000(100000040)
Front Size = 35
9 6 9 12 26 4 4 1 10 17 8 8 14 5 1 6 15 12 1 25 9 4 24 4 5 6 5 3 28 2 9.28139173984527588 50.2584845704580019 
2 6 6 17 30 11 6 24 11 14 25 10 6 15 4 3 25 9 4 32 1 8 31 13 8 32 7 6 24 4 7.67859804630279541 108.839682539682542 
3 20 13 17 30 2 8 6 11 17 24 2.70999124060388841 14 24 12 12 26 4 6 16.1354543567662532 12 4 20 12 1 32 9 13 15 7 7.70059794187545776 92.2908844995661752 
9 6 9 15 25 13 4 1 10 17 8 8 14 5 1 6 15 12 13 32 9 13 5 3 12 1 6 6 30 2.70999124060388841 8.40348273515701294 75.261007543517195 
13 19 2.70999124060388841 14 25 6.96245171630185755 15 17 3.84646942076222631 17 1 5 9 25 2 14 6 13 14 24 9.82524131762891173 13 24 7 14 32 6 15 6 13 7.43229973316192627 125.104948646125109 
15 5.34074699537910114 6.96245171630185755 4.94126535182462057 24 9 13.2195649013323386 19 5 14 1 4 15 18 9 3 15 9 4 32 9 4 30 2 2 20 13.151007650947605 16 20 7 7.67585986852645874 116.652701383583718 
9 6 9 3 2 10 4 1 10 17 8 8 14 5 1 6 15 12 1 6 1 18 26 2 12 1 6 3 28 2 10.5184148550033569 36.398494181049962 
13 1 6 4 6 2.70999124060388841 12 24 2 1 3 7 6 6 4 14 15 6.96245171630185755 15 8 12 4 24 8 14 25 4 4.94126535182462057 9 2 7.93479102849960327 86.8238095238095156 
9 6 9 12 25 7 4 1 10 17 8 8 14 5 1 6 15 12 2 26 7 6 6 2.70999124060388841 12 1 6 3 28 2 9.23768877983093262 54.2976931976053265 
9 6 9 3.36768017929769181 24 9 4 1 10 17 8 8 14 5 1 6 15 12 13 6 4 14 24 4 12 1 6 3 28 2 8.60222575068473816 60.3883011136541299 
3.36768017929769181 14 9 1 13 13 16 1 5 4 24 7 14 16.1354543567662532 11 15 9 13 3 25 11 13 6 12 6 12 4 4 15 9 8.38721007108688354 83.5070048309178787 
9 6 9 10 29 2.70999124060388841 4 1 10 17 8 8 14 5 1 6 15 12 5 3 7 18 26 2 12 1 6 3 28 2 12.2161697745323181 26.1519418920225348 
9 6 9 14 32 2.70999124060388841 4 1 10 17 8 8 14 5 1 6 15 12 13 3 7 18 26 2 12 1 6 3 28 2 9.96870881319046021 41.1629611129611206 
9 6 9 14 30 2 4 1 10 17 8 8 14 5 1 6 15 12 1 19 10 4 18 4 12 1 6 3 28 2 9.17421075701713562 54.6423911785613967 
9 6 9 10 29 2.70999124060388841 4 1 10 17 8 8 14 5 1 6 15 12 1 9 11 18 26 2 12 1 6 16 30 10 10.9431488513946533 31.130435895597568 
9 6 9 10 33 2 4 1 10 17 8 8 14 5 1 6 15 12 5 3 7 18 26 2 12 1 6 3 28 2 12.0402697920799255 26.2165060384735824 
9 6 9 16 30 2 4 1 10 17 8 8 14 5 1 6 15 12 1 24 3 18 26 2 12 1 6 3 28 2 10.0131058096885681 40.1688266839235766 
9 6 9 3.36768017929769181 24 4 4 1 10 17 8 8 14 5 1 6 15 12 2 30 1 18 26 2 12 1 6 3 28 2 10.2884877920150757 36.4035742035742089 
14 32 6 15 30 9 3 16 2 9 26 2.70999124060388841 4 15 2 15 18 5 4 24 11 2 31 4 15 26 11 4 1 13 8.38735693693161011 81.3000000000000114 
9 6 9 1 14 2 4 1 10 17 8 8 14 5 1 6 15 12 2 26 3 14 24 13 12 1 6 3 28 2 9.39929473400115967 46.0001235535889137 
9 6 9 14 32 2 4 1 10 17 8 8 14 5 1 6 15 12 16 24 2.70999124060388841 11 31 7 12 1 6 3 28 2 9.51699572801589966 42.5560907929037313 
9 6 9 2 26 9 4 1 10 17 8 8 14 5 1 6 15 12 15 30 6 13 25 5 12 1 6 13 26 2.70999124060388841 8.45318573713302612 71.9368253072925512 
9 6 9 10 29 2.70999124060388841 4 1 10 17 8 8 14 5 1 6 15 12 2 32 1 18 26 2 12 1 6 16 30 4 10.9903819561004639 27.3952788788877371 
9 6 9 3.36768017929769181 20 10 4 1 10 17 8 8 14 6 12 6 15 12 4 30 6 1 24 1 12 1 6 3 28 2 8.95883071422576904 55.8843461459665249 
9 6 9 10 29 2.70999124060388841 4 1 10 17 8 8 14 5 1 6 15 12 15 32 11 18 26 2 12 1 6 3 28 2 11.5785918235778809 26.8635941419410003 
9 6 9 1 25 2 4 1 10 17 8 8 14 5 1 6 15 12 17 30 11 18 26 2 12 1 6 3 28 2 10.0518578290939331 40.0933432065011033 
6 12 12 9 18 2.70999124060388841 1 6 6.96245171630185755 9 30 10 6 17 4 4.94126535182462057 15 2 12 24 13 16 25 11 3 32 12 14 30 11 8.38304984569549561 84.5240165631470006 
9 6 9 3 24 4 4 1 10 17 30 13 14 5 1 6 15 12 14 6 6 18 26 2 12 1 6 3 28 2 9.29305583238601685 48.4442935490012019 
9 6 9 16 2 2 4 1 10 17 8 8 14 5 1 6 15 12 1 24 7 14 33 4 12 1 6 3 28 2 9.84520268440246582 41.1973721842463902 
9 6 9 10 29 2.70999124060388841 4 1 10 17 8 8 14 5 1 6 15 12 1 16 1 18 26 2 12 1 6 3 28 2 11.9701678156852722 26.8104342319466085 
14 20 9 17 31 9 1 30 4 14 5 2.70999124060388841 11 25 6.96245171630185755 16 32 4 13 6 1 4 24 11 6 24 3 14 5 12 7.51700103282928467 118.402380952380938 
9 6 9 10 29 2.70999124060388841 4 1 10 17 8 8 14 5 1 6 15 12 1 32 1 18 26 2 12 1 6 3 28 2 11.6227948069572449 26.8440648723257453 
9 6 9 16 20 2.70999124060388841 4 1 10 17 8 8 14 5 1 6 15 12 3 32 4 18 26 2 12 1 6 3 28 2 10.1077678799629211 36.7288820366473914 
9 6 9 16 24 2 4 1 10 17 8 8 14 5 1 6 15 12 1 32 3 18 26 2 12 1 6 3 28 2 10.103587806224823 38.4024089514491749 
9 6 9 16 33 2.70999124060388841 4 1 10 17 8 8 14 5 1 6 15 12 14 32 5 18 26 2 12 1 6 3 28 2 10.6485497951507568 32.1531868226503335 

MOEA/D: Multiobjective Evolutionary Algorithm Based on Decomposition
Number of Evaluations = 100000000
Mutation Probability = 0.0500000007450580597
Population Size = 140
Neighborhood size = 42
Seed: 13

Time =  30722.828501

Current Evaluation = 100000040
Front Size = 35
9 6 9 12 26 4 4 1 10 17 8 8 14 5 1 6 15 12 1 25 9 4 24 4 5 6 5 3 28 2 9.28139173984527588 50.2584845704580019 
2 6 6 17 30 11 6 24 11 14 25 10 6 15 4 3 25 9 4 32 1 8 31 13 8 32 7 6 24 4 7.67859804630279541 108.839682539682542 
3 20 13 17 30 2 8 6 11 17 24 2.70999124060388841 14 24 12 12 26 4 6 16.1354543567662532 12 4 20 12 1 32 9 13 15 7 7.70059794187545776 92.2908844995661752 
9 6 9 15 25 13 4 1 10 17 8 8 14 5 1 6 15 12 13 32 9 13 5 3 12 1 6 6 30 2.70999124060388841 8.40348273515701294 75.261007543517195 
13 19 2.70999124060388841 14 25 6.96245171630185755 15 17 3.84646942076222631 17 1 5 9 25 2 14 6 13 14 24 9.82524131762891173 13 24 7 14 32 6 15 6 13 7.43229973316192627 125.104948646125109 
15 5.34074699537910114 6.96245171630185755 4.94126535182462057 24 9 13.2195649013323386 19 5 14 1 4 15 18 9 3 15 9 4 32 9 4 30 2 2 20 13.151007650947605 16 20 7 7.67585986852645874 116.652701383583718 
9 6 9 3 2 10 4 1 10 17 8 8 14 5 1 6 15 12 1 6 1 18 26 2 12 1 6 3 28 2 10.5184148550033569 36.398494181049962 
13 1 6 4 6 2.70999124060388841 12 24 2 1 3 7 6 6 4 14 15 6.96245171630185755 15 8 12 4 24 8 14 25 4 4.94126535182462057 9 2 7.93479102849960327 86.8238095238095156 
9 6 9 12 25 7 4 1 10 17 8 8 14 5 1 6 15 12 2 26 7 6 6 2.70999124060388841 12 1 6 3 28 2 9.23768877983093262 54.2976931976053265 
9 6 9 3.36768017929769181 24 9 4 1 10 17 8 8 14 5 1 6 15 12 13 6 4 14 24 4 12 1 6 3 28 2 8.60222575068473816 60.3883011136541299 
3.36768017929769181 14 9 1 13 13 16 1 5 4 24 7 14 16.1354543567662532 11 15 9 13 3 25 11 13 6 12 6 12 4 4 15 9 8.38721007108688354 83.5070048309178787 
9 6 9 10 29 2.70999124060388841 4 1 10 17 8 8 14 5 1 6 15 12 5 3 7 18 26 2 12 1 6 3 28 2 12.2161697745323181 26.1519418920225348 
9 6 9 14 32 2.70999124060388841 4 1 10 17 8 8 14 5 1 6 15 12 13 3 7 18 26 2 12 1 6 3 28 2 9.96870881319046021 41.1629611129611206 
9 6 9 14 30 2 4 1 10 17 8 8 14 5 1 6 15 12 1 19 10 4 18 4 12 1 6 3 28 2 9.17421075701713562 54.6423911785613967 
9 6 9 10 29 2.70999124060388841 4 1 10 17 8 8 14 5 1 6 15 12 1 9 11 18 26 2 12 1 6 16 30 10 10.9431488513946533 31.130435895597568 
9 6 9 10 33 2 4 1 10 17 8 8 14 5 1 6 15 12 5 3 7 18 26 2 12 1 6 3 28 2 12.0402697920799255 26.2165060384735824 
9 6 9 16 30 2 4 1 10 17 8 8 14 5 1 6 15 12 1 24 3 18 26 2 12 1 6 3 28 2 10.0131058096885681 40.1688266839235766 
9 6 9 3.36768017929769181 24 4 4 1 10 17 8 8 14 5 1 6 15 12 2 30 1 18 26 2 12 1 6 3 28 2 10.2884877920150757 36.4035742035742089 
14 32 6 15 30 9 3 16 2 9 26 2.70999124060388841 4 15 2 15 18 5 4 24 11 2 31 4 15 26 11 4 1 13 8.38735693693161011 81.3000000000000114 
9 6 9 1 14 2 4 1 10 17 8 8 14 5 1 6 15 12 2 26 3 14 24 13 12 1 6 3 28 2 9.39929473400115967 46.0001235535889137 
9 6 9 14 32 2 4 1 10 17 8 8 14 5 1 6 15 12 16 24 2.70999124060388841 11 31 7 12 1 6 3 28 2 9.51699572801589966 42.5560907929037313 
9 6 9 2 26 9 4 1 10 17 8 8 14 5 1 6 15 12 15 30 6 13 25 5 12 1 6 13 26 2.70999124060388841 8.45318573713302612 71.9368253072925512 
9 6 9 10 29 2.70999124060388841 4 1 10 17 8 8 14 5 1 6 15 12 2 32 1 18 26 2 12 1 6 16 30 4 10.9903819561004639 27.3952788788877371 
9 6 9 3.36768017929769181 20 10 4 1 10 17 8 8 14 6 12 6 15 12 4 30 6 1 24 1 12 1 6 3 28 2 8.95883071422576904 55.8843461459665249 
9 6 9 10 29 2.70999124060388841 4 1 10 17 8 8 14 5 1 6 15 12 15 32 11 18 26 2 12 1 6 3 28 2 11.5785918235778809 26.8635941419410003 
9 6 9 1 25 2 4 1 10 17 8 8 14 5 1 6 15 12 17 30 11 18 26 2 12 1 6 3 28 2 10.0518578290939331 40.0933432065011033 
6 12 12 9 18 2.70999124060388841 1 6 6.96245171630185755 9 30 10 6 17 4 4.94126535182462057 15 2 12 24 13 16 25 11 3 32 12 14 30 11 8.38304984569549561 84.5240165631470006 
9 6 9 3 24 4 4 1 10 17 30 13 14 5 1 6 15 12 14 6 6 18 26 2 12 1 6 3 28 2 9.29305583238601685 48.4442935490012019 
9 6 9 16 2 2 4 1 10 17 8 8 14 5 1 6 15 12 1 24 7 14 33 4 12 1 6 3 28 2 9.84520268440246582 41.1973721842463902 
9 6 9 10 29 2.70999124060388841 4 1 10 17 8 8 14 5 1 6 15 12 1 16 1 18 26 2 12 1 6 3 28 2 11.9701678156852722 26.8104342319466085 
14 20 9 17 31 9 1 30 4 14 5 2.70999124060388841 11 25 6.96245171630185755 16 32 4 13 6 1 4 24 11 6 24 3 14 5 12 7.51700103282928467 118.402380952380938 
9 6 9 10 29 2.70999124060388841 4 1 10 17 8 8 14 5 1 6 15 12 1 32 1 18 26 2 12 1 6 3 28 2 11.6227948069572449 26.8440648723257453 
9 6 9 16 20 2.70999124060388841 4 1 10 17 8 8 14 5 1 6 15 12 3 32 4 18 26 2 12 1 6 3 28 2 10.1077678799629211 36.7288820366473914 
9 6 9 16 24 2 4 1 10 17 8 8 14 5 1 6 15 12 1 32 3 18 26 2 12 1 6 3 28 2 10.103587806224823 38.4024089514491749 
9 6 9 16 33 2.70999124060388841 4 1 10 17 8 8 14 5 1 6 15 12 14 32 5 18 26 2 12 1 6 3 28 2 10.6485497951507568 32.1531868226503335 

