Current Evaluation = 10000000(10000060)
Front Size = 24
6 18 2.70999124060388841 14 1 4 13 24 11 15 30 7 16 15 9 3.41526204347610474 44.9500000000000028 
10 25 12 17 6 2.70999124060388841 1 15 9 15 30 9 14 26 7 3.79305300116539001 33.7222222222222214 
12 15 6 2 6 13 10 8 2 9 5 10 6 23 13 5.95186692476272583 11.6751841174995619 
12 15 6 15 22 11 10 8 2 9 5 10 6 23 13 6.23353683948516846 11.3637449180353833 
12 15 6 3.36768017929769181 12 5 10 8 2 14 19 8 6 23 13 5.62881296873092651 12.1707795816815008 
16 18 2 4 15 4 6 1 1 14 32 12 3 6 13 3.99018490314483643 29.1000000000000014 
14 30 9 16 32 9 4 16 11 15 24 9 14 26 2 3.34621596336364746 46.2999999999999972 
12 15 6 14 22 13 10 8 2 9 5 10 6 23 13 6.01636487245559692 11.5026330532212882 
12 15 6 1 4 11 10 8 2 9 5 10 15 24 13 7.59372681379318237 10.6765643010907212 
6 24 5 13 6 10 17 1 2.70999124060388841 4 25 12 14 32 11 3.49236601591110229 39.1000000000000014 
12 15 6 1 4 11 10 30 2 9 5 10 6 23 13 7.50825488567352295 11.1694101716515988 
12 15 6 14 6 11 10 8 2 9 5 10 6 23 13 5.55773293972015381 12.7294279362880989 
12 15 6 14 1 9 10 8 2 9 5 10 6 23 13 5.49844393134117126 16.0897435897435876 
16 24 2.70999124060388841 1 15 9 15 16.1354543567662532 3 14 1 10 3 18 12 4.21909409761428833 26.0225806451612911 
12 15 6 1 4 11 10 8 2 9 5 10 6 23 13 8.04212987422943115 10.2325396825396826 
16 31 2.70999124060388841 14 6 6.96245171630185755 15 15 4 1 14 10 4.94126535182462057 20 13 3.82485300302505493 29.7693768672641923 
12 15 6 14 26 12 6 24 2.70999124060388841 9 5 10 10 30 7 4.48666995763778687 22.2761504981319263 
12 15 6 1 6 12 10 8 2 4 30 10 6 23 13 5.28234893083572388 16.334906611989414 
10 30 13 3.36768017929769181 25 10 6 32 2 16 24 2 1 6 2 4.1878960132598877 28.5022598870056498 
12 15 6 1 4 11 10 8 2 3 12 5 6 23 13 7.73334592580795288 10.4390245477609724 
12 15 6 15 32 12 10 8 2 9 5 10 6 23 13 5.85680991411209106 11.9336128294816675 
12 15 6 14 32 8 10 8 2 4 6 2.70999124060388841 6 23 13 5.23966991901397705 17.8533172010136489 
12 15 6 16 31 2.70999124060388841 15 32 11 9 5 10 6 23 13 4.9438440203666687 19.7003252454600464 
12 26 7 15 15 1 14 30 2.70999124060388841 16 9 10 4 6 9 3.76559397578239441 34.2000000000000028 

Current Evaluation = 20000000(20000120)
Front Size = 24
6 18 2.70999124060388841 14 1 4 13 24 11 15 30 7 16 15 9 3.41526204347610474 44.9500000000000028 
10 25 12 17 6 2.70999124060388841 1 15 9 15 30 9 14 26 7 3.79305300116539001 33.7222222222222214 
14 30 9 16 32 9 4 16 11 15 24 9 14 26 2 3.34621596336364746 46.2999999999999972 
12 15 6 1 4 11 10 8 2 9 5 10 15 24 13 7.59372681379318237 10.6765643010907212 
6 24 5 13 6 10 17 1 2.70999124060388841 4 25 12 14 32 11 3.49236601591110229 39.1000000000000014 
12 15 6 14 6 11 10 8 2 9 5 10 6 23 13 5.55773293972015381 12.7294279362880989 
12 15 6 14 1 9 10 8 2 9 5 10 6 23 13 5.49844393134117126 16.0897435897435876 
16 24 2.70999124060388841 1 15 9 15 16.1354543567662532 3 14 1 10 3 18 12 4.21909409761428833 26.0225806451612911 
16 31 2.70999124060388841 14 6 6.96245171630185755 15 15 4 1 14 10 4.94126535182462057 20 13 3.82485300302505493 29.7693768672641923 
12 15 6 14 26 12 6 24 2.70999124060388841 9 5 10 10 30 7 4.48666995763778687 22.2761504981319263 
12 15 6 1 6 12 10 8 2 4 30 10 6 23 13 5.28234893083572388 16.334906611989414 
12 15 6 1 4 11 10 8 2 3 12 5 6 23 13 7.73334592580795288 10.4390245477609724 
12 26 7 15 15 1 14 30 2.70999124060388841 16 9 10 4 6 9 3.76559397578239441 34.2000000000000028 
12 15 6 14 32 13 10 8 2 9 5 10 6 23 13 5.62623792886734009 11.5105737277936448 
12 15 6 1 4 11 10 8 2 9 5 10 6 23 13 8.04212987422943115 9.92337553750597223 
3 5 12 16 24 1 15 18 5 6 32 6 14 30 9 3.96624404191970825 26.8000000000000007 
1 6 9 17 32 2 4 26 11 15 25 9 6 30 11 3.46555691957473755 44.5333333333333314 
12 15 6 1 26 8 10 8 2 9 5 10 6 23 13 5.8774268627166748 10.9050122624156955 
12 15 6 15 24 12 10 8 2 9 5 10 6 23 13 5.84353989362716675 11.4386974789915961 
14 1 4 1 20 2.70999124060388841 15 26 6.96245171630185755 1 14 9 13 30 9 3.34282803535461426 53.5555555555555571 
12 15 6 1 32 11 10 8 2 9 5 10 14 6 12 5.071402907371521 17.6249100221483914 
12 15 6 14 20 12 10 8 2 3 24 9 16 12 12 4.78070288896560669 19.5184065765388297 
3.36768017929769181 24 12 16 16.1354543567662532 2 14 31 9 2 1 8 15 20 3.84646942076222631 4.25122392177581787 25.0728295096716138 
14 32 1 4 24 2 2 15 12 17 20 2.70999124060388841 3 1 9 3.95664501190185547 29.6000000000000014 

Current Evaluation = 30000000(30000040)
Front Size = 24
6 18 2.70999124060388841 14 1 4 13 24 11 15 30 7 16 15 9 3.41526204347610474 44.9500000000000028 
14 30 9 16 32 9 4 16 11 15 24 9 14 26 2 3.34621596336364746 46.2999999999999972 
12 15 6 1 4 11 10 8 2 9 5 10 15 24 13 7.59372681379318237 10.6765643010907212 
6 24 5 13 6 10 17 1 2.70999124060388841 4 25 12 14 32 11 3.49236601591110229 39.1000000000000014 
12 15 6 14 6 11 10 8 2 9 5 10 6 23 13 5.55773293972015381 12.7294279362880989 
16 24 2.70999124060388841 1 15 9 15 16.1354543567662532 3 14 1 10 3 18 12 4.21909409761428833 26.0225806451612911 
16 31 2.70999124060388841 14 6 6.96245171630185755 15 15 4 1 14 10 4.94126535182462057 20 13 3.82485300302505493 29.7693768672641923 
12 15 6 14 26 12 6 24 2.70999124060388841 9 5 10 10 30 7 4.48666995763778687 22.2761504981319263 
12 15 6 1 4 11 10 8 2 3 12 5 6 23 13 7.73334592580795288 10.4390245477609724 
12 15 6 14 32 13 10 8 2 9 5 10 6 23 13 5.62623792886734009 11.5105737277936448 
12 15 6 1 4 11 10 8 2 9 5 10 6 23 13 8.04212987422943115 9.92337553750597223 
3 5 12 16 24 1 15 18 5 6 32 6 14 30 9 3.96624404191970825 26.8000000000000007 
1 6 9 17 32 2 4 26 11 15 25 9 6 30 11 3.46555691957473755 44.5333333333333314 
12 15 6 1 26 8 10 8 2 9 5 10 6 23 13 5.8774268627166748 10.9050122624156955 
14 1 4 1 20 2.70999124060388841 15 26 6.96245171630185755 1 14 9 13 30 9 3.34282803535461426 53.5555555555555571 
12 15 6 1 32 11 10 8 2 9 5 10 14 6 12 5.071402907371521 17.6249100221483914 
12 15 6 14 20 12 10 8 2 3 24 9 16 12 12 4.78070288896560669 19.5184065765388297 
3.36768017929769181 24 12 16 16.1354543567662532 2 14 31 9 2 1 8 15 20 3.84646942076222631 4.25122392177581787 25.0728295096716138 
14 32 1 4 24 2 2 15 12 17 20 2.70999124060388841 3 1 9 3.95664501190185547 29.6000000000000014 
12 15 6 14 24 11 10 8 2 9 5 10 6 23 13 5.5995679497718811 12.7166973227059081 
12 15 6 15 32 11 10 8 2 9 5 10 6 23 13 5.8434099555015564 11.3810860484544705 
12 15 6 17 32 12 2 6 11 9 5 10 6 23 13 5.05624997615814209 19.377476339961941 
4 6 4 17 31 2.70999124060388841 14 32 12 15 15 4 13 1 6.96245171630185755 3.50964993238449097 33.6317460317460331 
12 15 6 3.36768017929769181 12 4 10 8 2 14 32 7 6 23 13 5.14245402812957764 15.9029777922400086 

Current Evaluation = 40000000(40000100)
Front Size = 30
6 18 2.70999124060388841 14 1 4 13 24 11 15 30 7 16 15 9 3.41526204347610474 44.9500000000000028 
14 30 9 16 32 9 4 16 11 15 24 9 14 26 2 3.34621596336364746 46.2999999999999972 
12 15 6 1 4 11 10 8 2 9 5 10 15 24 13 7.59372681379318237 10.6765643010907212 
6 24 5 13 6 10 17 1 2.70999124060388841 4 25 12 14 32 11 3.49236601591110229 39.1000000000000014 
12 15 6 14 6 11 10 8 2 9 5 10 6 23 13 5.55773293972015381 12.7294279362880989 
16 24 2.70999124060388841 1 15 9 15 16.1354543567662532 3 14 1 10 3 18 12 4.21909409761428833 26.0225806451612911 
16 31 2.70999124060388841 14 6 6.96245171630185755 15 15 4 1 14 10 4.94126535182462057 20 13 3.82485300302505493 29.7693768672641923 
12 15 6 14 26 12 6 24 2.70999124060388841 9 5 10 10 30 7 4.48666995763778687 22.2761504981319263 
12 15 6 1 4 11 10 8 2 3 12 5 6 23 13 7.73334592580795288 10.4390245477609724 
12 15 6 14 32 13 10 8 2 9 5 10 6 23 13 5.62623792886734009 11.5105737277936448 
3 5 12 16 24 1 15 18 5 6 32 6 14 30 9 3.96624404191970825 26.8000000000000007 
1 6 9 17 32 2 4 26 11 15 25 9 6 30 11 3.46555691957473755 44.5333333333333314 
12 15 6 1 26 8 10 8 2 9 5 10 6 23 13 5.8774268627166748 10.9050122624156955 
14 1 4 1 20 2.70999124060388841 15 26 6.96245171630185755 1 14 9 13 30 9 3.34282803535461426 53.5555555555555571 
12 15 6 1 32 11 10 8 2 9 5 10 14 6 12 5.071402907371521 17.6249100221483914 
12 15 6 14 20 12 10 8 2 3 24 9 16 12 12 4.78070288896560669 19.5184065765388297 
3.36768017929769181 24 12 16 16.1354543567662532 2 14 31 9 2 1 8 15 20 3.84646942076222631 4.25122392177581787 25.0728295096716138 
14 32 1 4 24 2 2 15 12 17 20 2.70999124060388841 3 1 9 3.95664501190185547 29.6000000000000014 
12 15 6 14 24 11 10 8 2 9 5 10 6 23 13 5.5995679497718811 12.7166973227059081 
12 15 6 15 32 11 10 8 2 9 5 10 6 23 13 5.8434099555015564 11.3810860484544705 
4 6 4 17 31 2.70999124060388841 14 32 12 15 15 4 13 1 6.96245171630185755 3.50964993238449097 33.6317460317460331 
12 15 6 3.36768017929769181 12 4 10 8 2 14 32 7 6 23 13 5.14245402812957764 15.9029777922400086 
12 15 6 17 31 1 1 26 12 9 5 10 6 23 13 5.045806884765625 18.0697401113898657 
12 15 6 3 20 9 10 8 2 15 32 12 6 23 13 5.43483996391296387 15.7447355553940618 
17 30 7 14 15 2 13 24 1 12 26 4 3.36768017929769181 25 12 3.73951297998428345 32.3666666666666671 
10 14 2 3.36768017929769181 16.1354543567662532 11 14 9 10 4.94126535182462057 24 8 1 30 9.82524131762891173 4.75226211547851562 21.4853287928496641 
14 25 9 3 15 1 14 20 10 16 26 9 13 24 2 3.40574502944946289 45.2333333333333343 
12 15 6 15 22 13 10 8 2 9 5 10 6 23 13 6.24693691730499268 10.7404875807104112 
12 15 6 1 4 11 10 8 2 9 5 10 6 22 13 7.92221987247467041 10.0264567745845277 
12 15 6 1 4 11 10 8 2 9 5 10 6 23 13 8.04212987422943115 9.84045044280338388 

Current Evaluation = 50000000(50000020)
Front Size = 30
6 18 2.70999124060388841 14 1 4 13 24 11 15 30 7 16 15 9 3.41526204347610474 44.9500000000000028 
14 30 9 16 32 9 4 16 11 15 24 9 14 26 2 3.34621596336364746 46.2999999999999972 
6 24 5 13 6 10 17 1 2.70999124060388841 4 25 12 14 32 11 3.49236601591110229 39.1000000000000014 
12 15 6 14 6 11 10 8 2 9 5 10 6 23 13 5.55773293972015381 12.7294279362880989 
16 24 2.70999124060388841 1 15 9 15 16.1354543567662532 3 14 1 10 3 18 12 4.21909409761428833 26.0225806451612911 
16 31 2.70999124060388841 14 6 6.96245171630185755 15 15 4 1 14 10 4.94126535182462057 20 13 3.82485300302505493 29.7693768672641923 
12 15 6 14 26 12 6 24 2.70999124060388841 9 5 10 10 30 7 4.48666995763778687 22.2761504981319263 
12 15 6 1 4 11 10 8 2 3 12 5 6 23 13 7.73334592580795288 10.4390245477609724 
12 15 6 14 32 13 10 8 2 9 5 10 6 23 13 5.62623792886734009 11.5105737277936448 
3 5 12 16 24 1 15 18 5 6 32 6 14 30 9 3.96624404191970825 26.8000000000000007 
12 15 6 1 26 8 10 8 2 9 5 10 6 23 13 5.8774268627166748 10.9050122624156955 
14 1 4 1 20 2.70999124060388841 15 26 6.96245171630185755 1 14 9 13 30 9 3.34282803535461426 53.5555555555555571 
12 15 6 1 32 11 10 8 2 9 5 10 14 6 12 5.071402907371521 17.6249100221483914 
12 15 6 14 20 12 10 8 2 3 24 9 16 12 12 4.78070288896560669 19.5184065765388297 
3.36768017929769181 24 12 16 16.1354543567662532 2 14 31 9 2 1 8 15 20 3.84646942076222631 4.25122392177581787 25.0728295096716138 
14 32 1 4 24 2 2 15 12 17 20 2.70999124060388841 3 1 9 3.95664501190185547 29.6000000000000014 
12 15 6 14 24 11 10 8 2 9 5 10 6 23 13 5.5995679497718811 12.7166973227059081 
12 15 6 15 32 11 10 8 2 9 5 10 6 23 13 5.8434099555015564 11.3810860484544705 
4 6 4 17 31 2.70999124060388841 14 32 12 15 15 4 13 1 6.96245171630185755 3.50964993238449097 33.6317460317460331 
12 15 6 3.36768017929769181 12 4 10 8 2 14 32 7 6 23 13 5.14245402812957764 15.9029777922400086 
12 15 6 17 31 1 1 26 12 9 5 10 6 23 13 5.045806884765625 18.0697401113898657 
17 30 7 14 15 2 13 24 1 12 26 4 3.36768017929769181 25 12 3.73951297998428345 32.3666666666666671 
10 14 2 3.36768017929769181 16.1354543567662532 11 14 9 10 4.94126535182462057 24 8 1 30 9.82524131762891173 4.75226211547851562 21.4853287928496641 
14 25 9 3 15 1 14 20 10 16 26 9 13 24 2 3.40574502944946289 45.2333333333333343 
12 15 6 15 22 13 10 8 2 9 5 10 6 23 13 6.24693691730499268 10.7404875807104112 
12 15 6 1 4 11 10 8 2 9 5 10 6 22 13 7.92221987247467041 10.0264567745845277 
12 15 6 1 4 11 10 8 2 9 5 10 6 23 13 8.04212987422943115 9.84045044280338388 
14 6 11 12 30 8 14 26 4 13 1 1 16 31 2.70999124060388841 3.46163803339004517 42.3333333333333286 
12 15 6 2 22 8 10 8 2 9 5 10 6 23 13 6.43829882144927979 10.6025492597196092 
12 15 6 14 32 13 10 8 2 3 12 5 6 23 13 5.31745398044586182 14.3729955473355595 

Current Evaluation = 60000000(60000080)
Front Size = 35
6 18 2.70999124060388841 14 1 4 13 24 11 15 30 7 16 15 9 3.41526204347610474 44.9500000000000028 
14 30 9 16 32 9 4 16 11 15 24 9 14 26 2 3.34621596336364746 46.2999999999999972 
12 15 6 14 6 11 10 8 2 9 5 10 6 23 13 5.55773293972015381 12.7294279362880989 
16 24 2.70999124060388841 1 15 9 15 16.1354543567662532 3 14 1 10 3 18 12 4.21909409761428833 26.0225806451612911 
16 31 2.70999124060388841 14 6 6.96245171630185755 15 15 4 1 14 10 4.94126535182462057 20 13 3.82485300302505493 29.7693768672641923 
12 15 6 14 26 12 6 24 2.70999124060388841 9 5 10 10 30 7 4.48666995763778687 22.2761504981319263 
12 15 6 1 4 11 10 8 2 3 12 5 6 23 13 7.73334592580795288 10.4390245477609724 
12 15 6 14 32 13 10 8 2 9 5 10 6 23 13 5.62623792886734009 11.5105737277936448 
3 5 12 16 24 1 15 18 5 6 32 6 14 30 9 3.96624404191970825 26.8000000000000007 
12 15 6 1 26 8 10 8 2 9 5 10 6 23 13 5.8774268627166748 10.9050122624156955 
14 1 4 1 20 2.70999124060388841 15 26 6.96245171630185755 1 14 9 13 30 9 3.34282803535461426 53.5555555555555571 
12 15 6 1 32 11 10 8 2 9 5 10 14 6 12 5.071402907371521 17.6249100221483914 
12 15 6 14 20 12 10 8 2 3 24 9 16 12 12 4.78070288896560669 19.5184065765388297 
3.36768017929769181 24 12 16 16.1354543567662532 2 14 31 9 2 1 8 15 20 3.84646942076222631 4.25122392177581787 25.0728295096716138 
14 32 1 4 24 2 2 15 12 17 20 2.70999124060388841 3 1 9 3.95664501190185547 29.6000000000000014 
12 15 6 14 24 11 10 8 2 9 5 10 6 23 13 5.5995679497718811 12.7166973227059081 
12 15 6 15 32 11 10 8 2 9 5 10 6 23 13 5.8434099555015564 11.3810860484544705 
4 6 4 17 31 2.70999124060388841 14 32 12 15 15 4 13 1 6.96245171630185755 3.50964993238449097 33.6317460317460331 
12 15 6 3.36768017929769181 12 4 10 8 2 14 32 7 6 23 13 5.14245402812957764 15.9029777922400086 
12 15 6 17 31 1 1 26 12 9 5 10 6 23 13 5.045806884765625 18.0697401113898657 
17 30 7 14 15 2 13 24 1 12 26 4 3.36768017929769181 25 12 3.73951297998428345 32.3666666666666671 
10 14 2 3.36768017929769181 16.1354543567662532 11 14 9 10 4.94126535182462057 24 8 1 30 9.82524131762891173 4.75226211547851562 21.4853287928496641 
14 25 9 3 15 1 14 20 10 16 26 9 13 24 2 3.40574502944946289 45.2333333333333343 
12 15 6 15 22 13 10 8 2 9 5 10 6 23 13 6.24693691730499268 10.7404875807104112 
12 15 6 1 4 11 10 8 2 9 5 10 6 22 13 7.92221987247467041 10.0264567745845277 
12 15 6 2 22 8 10 8 2 9 5 10 6 23 13 6.43829882144927979 10.6025492597196092 
12 15 6 14 32 13 10 8 2 3 12 5 6 23 13 5.31745398044586182 14.3729955473355595 
6 24 2.70999124060388841 14 32 9 15 6 9 9.25570237641795579 20 2 3 30 12 3.42328786849975586 35.4666666666666615 
12 15 6 14 32 12 3 2 7 1 26 12 6 23 13 4.68329501152038574 21.8700542931205888 
12 15 6 14 6 13 10 8 2 9 5 10 6 19 12 5.33125483989715576 13.6868637110016422 
12 15 6 17 31 7 10 8 2 14 6 12 6 23 13 5.13817191123962402 17.0635634984768565 
12 15 6 1 4 11 10 8 2 9 5 10 6 23 13 8.04212987422943115 9.79565156343341137 
12 15 6 14 32 11 10 8 2 9 5 10 6 23 13 5.61283797025680542 12.2842932652974977 
15 1 4 16 24 2 6 24 9 14 24 13 13 26 2.70999124060388841 3.31907093524932861 63.1000000000000085 
12 15 6 15 9 2.70999124060388841 4 6 11 9 5 10 14 18 4 4.41553002595901489 24.3493780659788399 

Current Evaluation = 70000000(70000000)
Front Size = 34
14 30 9 16 32 9 4 16 11 15 24 9 14 26 2 3.34621596336364746 46.2999999999999972 
12 15 6 14 6 11 10 8 2 9 5 10 6 23 13 5.55773293972015381 12.7294279362880989 
16 24 2.70999124060388841 1 15 9 15 16.1354543567662532 3 14 1 10 3 18 12 4.21909409761428833 26.0225806451612911 
16 31 2.70999124060388841 14 6 6.96245171630185755 15 15 4 1 14 10 4.94126535182462057 20 13 3.82485300302505493 29.7693768672641923 
12 15 6 14 26 12 6 24 2.70999124060388841 9 5 10 10 30 7 4.48666995763778687 22.2761504981319263 
12 15 6 1 4 11 10 8 2 3 12 5 6 23 13 7.73334592580795288 10.4390245477609724 
12 15 6 14 32 13 10 8 2 9 5 10 6 23 13 5.62623792886734009 11.5105737277936448 
3 5 12 16 24 1 15 18 5 6 32 6 14 30 9 3.96624404191970825 26.8000000000000007 
12 15 6 1 26 8 10 8 2 9 5 10 6 23 13 5.8774268627166748 10.9050122624156955 
12 15 6 1 32 11 10 8 2 9 5 10 14 6 12 5.071402907371521 17.6249100221483914 
12 15 6 14 20 12 10 8 2 3 24 9 16 12 12 4.78070288896560669 19.5184065765388297 
3.36768017929769181 24 12 16 16.1354543567662532 2 14 31 9 2 1 8 15 20 3.84646942076222631 4.25122392177581787 25.0728295096716138 
14 32 1 4 24 2 2 15 12 17 20 2.70999124060388841 3 1 9 3.95664501190185547 29.6000000000000014 
12 15 6 14 24 11 10 8 2 9 5 10 6 23 13 5.5995679497718811 12.7166973227059081 
12 15 6 15 32 11 10 8 2 9 5 10 6 23 13 5.8434099555015564 11.3810860484544705 
4 6 4 17 31 2.70999124060388841 14 32 12 15 15 4 13 1 6.96245171630185755 3.50964993238449097 33.6317460317460331 
12 15 6 3.36768017929769181 12 4 10 8 2 14 32 7 6 23 13 5.14245402812957764 15.9029777922400086 
12 15 6 17 31 1 1 26 12 9 5 10 6 23 13 5.045806884765625 18.0697401113898657 
17 30 7 14 15 2 13 24 1 12 26 4 3.36768017929769181 25 12 3.73951297998428345 32.3666666666666671 
10 14 2 3.36768017929769181 16.1354543567662532 11 14 9 10 4.94126535182462057 24 8 1 30 9.82524131762891173 4.75226211547851562 21.4853287928496641 
12 15 6 15 22 13 10 8 2 9 5 10 6 23 13 6.24693691730499268 10.7404875807104112 
12 15 6 1 4 11 10 8 2 9 5 10 6 22 13 7.92221987247467041 10.0264567745845277 
12 15 6 14 32 13 10 8 2 3 12 5 6 23 13 5.31745398044586182 14.3729955473355595 
6 24 2.70999124060388841 14 32 9 15 6 9 9.25570237641795579 20 2 3 30 12 3.42328786849975586 35.4666666666666615 
12 15 6 14 32 12 3 2 7 1 26 12 6 23 13 4.68329501152038574 21.8700542931205888 
12 15 6 14 6 13 10 8 2 9 5 10 6 19 12 5.33125483989715576 13.6868637110016422 
12 15 6 17 31 7 10 8 2 14 6 12 6 23 13 5.13817191123962402 17.0635634984768565 
12 15 6 1 4 11 10 8 2 9 5 10 6 23 13 8.04212987422943115 9.79565156343341137 
12 15 6 14 32 11 10 8 2 9 5 10 6 23 13 5.61283797025680542 12.2842932652974977 
15 1 4 16 24 2 6 24 9 14 24 13 13 26 2.70999124060388841 3.31907093524932861 63.1000000000000085 
12 15 6 15 9 2.70999124060388841 4 6 11 9 5 10 14 18 4 4.41553002595901489 24.3493780659788399 
13 26 11 14 6 4 15 15 4 13 25 5 4 30 3 3.33906993269920349 51.8666666666666671 
14 26 2.70999124060388841 15 32 11 16 20 2 4 30 4 14 15 3 3.36676901578903198 41.2666666666666657 
12 15 6 2 22 11 10 8 2 9 5 10 6 23 13 6.38369882106781006 10.5071585572212527 

Current Evaluation = 80000000(80000060)
Front Size = 36
14 30 9 16 32 9 4 16 11 15 24 9 14 26 2 3.34621596336364746 46.2999999999999972 
12 15 6 14 6 11 10 8 2 9 5 10 6 23 13 5.55773293972015381 12.7294279362880989 
16 24 2.70999124060388841 1 15 9 15 16.1354543567662532 3 14 1 10 3 18 12 4.21909409761428833 26.0225806451612911 
16 31 2.70999124060388841 14 6 6.96245171630185755 15 15 4 1 14 10 4.94126535182462057 20 13 3.82485300302505493 29.7693768672641923 
12 15 6 14 26 12 6 24 2.70999124060388841 9 5 10 10 30 7 4.48666995763778687 22.2761504981319263 
12 15 6 1 4 11 10 8 2 3 12 5 6 23 13 7.73334592580795288 10.4390245477609724 
12 15 6 14 32 13 10 8 2 9 5 10 6 23 13 5.62623792886734009 11.5105737277936448 
3 5 12 16 24 1 15 18 5 6 32 6 14 30 9 3.96624404191970825 26.8000000000000007 
12 15 6 1 26 8 10 8 2 9 5 10 6 23 13 5.8774268627166748 10.9050122624156955 
12 15 6 1 32 11 10 8 2 9 5 10 14 6 12 5.071402907371521 17.6249100221483914 
12 15 6 14 20 12 10 8 2 3 24 9 16 12 12 4.78070288896560669 19.5184065765388297 
3.36768017929769181 24 12 16 16.1354543567662532 2 14 31 9 2 1 8 15 20 3.84646942076222631 4.25122392177581787 25.0728295096716138 
14 32 1 4 24 2 2 15 12 17 20 2.70999124060388841 3 1 9 3.95664501190185547 29.6000000000000014 
12 15 6 14 24 11 10 8 2 9 5 10 6 23 13 5.5995679497718811 12.7166973227059081 
12 15 6 15 32 11 10 8 2 9 5 10 6 23 13 5.8434099555015564 11.3810860484544705 
12 15 6 3.36768017929769181 12 4 10 8 2 14 32 7 6 23 13 5.14245402812957764 15.9029777922400086 
12 15 6 17 31 1 1 26 12 9 5 10 6 23 13 5.045806884765625 18.0697401113898657 
10 14 2 3.36768017929769181 16.1354543567662532 11 14 9 10 4.94126535182462057 24 8 1 30 9.82524131762891173 4.75226211547851562 21.4853287928496641 
12 15 6 15 22 13 10 8 2 9 5 10 6 23 13 6.24693691730499268 10.7404875807104112 
12 15 6 1 4 11 10 8 2 9 5 10 6 22 13 7.92221987247467041 10.0264567745845277 
12 15 6 14 32 13 10 8 2 3 12 5 6 23 13 5.31745398044586182 14.3729955473355595 
6 24 2.70999124060388841 14 32 9 15 6 9 9.25570237641795579 20 2 3 30 12 3.42328786849975586 35.4666666666666615 
12 15 6 14 32 12 3 2 7 1 26 12 6 23 13 4.68329501152038574 21.8700542931205888 
12 15 6 14 6 13 10 8 2 9 5 10 6 19 12 5.33125483989715576 13.6868637110016422 
12 15 6 17 31 7 10 8 2 14 6 12 6 23 13 5.13817191123962402 17.0635634984768565 
12 15 6 1 4 11 10 8 2 9 5 10 6 23 13 8.04212987422943115 9.79565156343341137 
15 1 4 16 24 2 6 24 9 14 24 13 13 26 2.70999124060388841 3.31907093524932861 63.1000000000000085 
12 15 6 15 9 2.70999124060388841 4 6 11 9 5 10 14 18 4 4.41553002595901489 24.3493780659788399 
13 26 11 14 6 4 15 15 4 13 25 5 4 30 3 3.33906993269920349 51.8666666666666671 
14 26 2.70999124060388841 15 32 11 16 20 2 4 30 4 14 15 3 3.36676901578903198 41.2666666666666657 
12 15 6 2 22 11 10 8 2 9 5 10 6 23 13 6.38369882106781006 10.5071585572212527 
12 15 6 15 24 2.70999124060388841 1 3 8 9 5 10 6 23 13 5.13449788093566895 17.5577539522994073 
12 15 6 4 12 6 10 8 2 14 24 12 6 23 13 5.30838793516159058 14.5601278045834626 
12 15 6 4 5 5 10 8 2 1 32 13 6 23 13 5.60152691602706909 11.5849426536381159 
4 25 12 1 24 4 14 32 7 16 30 2 15 26 13 3.48141199350357056 31.4000000000000021 
12 15 6 15 12 11 10 8 2 14 6 4 6 23 13 5.11117097735404968 17.5960275019098553 

Current Evaluation = 90000000(90000120)
Front Size = 36
14 30 9 16 32 9 4 16 11 15 24 9 14 26 2 3.34621596336364746 46.2999999999999972 
12 15 6 14 6 11 10 8 2 9 5 10 6 23 13 5.55773293972015381 12.7294279362880989 
16 24 2.70999124060388841 1 15 9 15 16.1354543567662532 3 14 1 10 3 18 12 4.21909409761428833 26.0225806451612911 
16 31 2.70999124060388841 14 6 6.96245171630185755 15 15 4 1 14 10 4.94126535182462057 20 13 3.82485300302505493 29.7693768672641923 
12 15 6 14 26 12 6 24 2.70999124060388841 9 5 10 10 30 7 4.48666995763778687 22.2761504981319263 
12 15 6 1 4 11 10 8 2 3 12 5 6 23 13 7.73334592580795288 10.4390245477609724 
12 15 6 14 32 13 10 8 2 9 5 10 6 23 13 5.62623792886734009 11.5105737277936448 
3 5 12 16 24 1 15 18 5 6 32 6 14 30 9 3.96624404191970825 26.8000000000000007 
12 15 6 1 32 11 10 8 2 9 5 10 14 6 12 5.071402907371521 17.6249100221483914 
12 15 6 14 20 12 10 8 2 3 24 9 16 12 12 4.78070288896560669 19.5184065765388297 
3.36768017929769181 24 12 16 16.1354543567662532 2 14 31 9 2 1 8 15 20 3.84646942076222631 4.25122392177581787 25.0728295096716138 
14 32 1 4 24 2 2 15 12 17 20 2.70999124060388841 3 1 9 3.95664501190185547 29.6000000000000014 
12 15 6 14 24 11 10 8 2 9 5 10 6 23 13 5.5995679497718811 12.7166973227059081 
12 15 6 3.36768017929769181 12 4 10 8 2 14 32 7 6 23 13 5.14245402812957764 15.9029777922400086 
12 15 6 17 31 1 1 26 12 9 5 10 6 23 13 5.045806884765625 18.0697401113898657 
10 14 2 3.36768017929769181 16.1354543567662532 11 14 9 10 4.94126535182462057 24 8 1 30 9.82524131762891173 4.75226211547851562 21.4853287928496641 
12 15 6 1 4 11 10 8 2 9 5 10 6 22 13 7.92221987247467041 10.0264567745845277 
12 15 6 14 32 13 10 8 2 3 12 5 6 23 13 5.31745398044586182 14.3729955473355595 
6 24 2.70999124060388841 14 32 9 15 6 9 9.25570237641795579 20 2 3 30 12 3.42328786849975586 35.4666666666666615 
12 15 6 14 32 12 3 2 7 1 26 12 6 23 13 4.68329501152038574 21.8700542931205888 
12 15 6 14 6 13 10 8 2 9 5 10 6 19 12 5.33125483989715576 13.6868637110016422 
12 15 6 17 31 7 10 8 2 14 6 12 6 23 13 5.13817191123962402 17.0635634984768565 
12 15 6 1 4 11 10 8 2 9 5 10 6 23 13 8.04212987422943115 9.79565156343341137 
15 1 4 16 24 2 6 24 9 14 24 13 13 26 2.70999124060388841 3.31907093524932861 63.1000000000000085 
12 15 6 15 9 2.70999124060388841 4 6 11 9 5 10 14 18 4 4.41553002595901489 24.3493780659788399 
13 26 11 14 6 4 15 15 4 13 25 5 4 30 3 3.33906993269920349 51.8666666666666671 
14 26 2.70999124060388841 15 32 11 16 20 2 4 30 4 14 15 3 3.36676901578903198 41.2666666666666657 
12 15 6 2 22 11 10 8 2 9 5 10 6 23 13 6.38369882106781006 10.5071585572212527 
12 15 6 15 24 2.70999124060388841 1 3 8 9 5 10 6 23 13 5.13449788093566895 17.5577539522994073 
12 15 6 4 12 6 10 8 2 14 24 12 6 23 13 5.30838793516159058 14.5601278045834626 
12 15 6 4 5 5 10 8 2 1 32 13 6 23 13 5.60152691602706909 11.5849426536381159 
4 25 12 1 24 4 14 32 7 16 30 2 15 26 13 3.48141199350357056 31.4000000000000021 
12 15 6 15 12 11 10 8 2 14 6 4 6 23 13 5.11117097735404968 17.5960275019098553 
12 15 6 16 18 2.70999124060388841 14 32 12 9 5 10 6 23 13 4.89240092039108276 18.8111163821655296 
12 15 6 17 20 3 14 1 4 3 26 12 6 23 13 4.40091902017593384 24.825826964281422 
12 15 6 3 25 10 10 8 2 1 26 8 6 23 13 5.62626791000366211 10.6561772743523751 

Current Evaluation = 100000000(100000040)
Front Size = 28
14 30 9 16 32 9 4 16 11 15 24 9 14 26 2 3.34621596336364746 46.2999999999999972 
12 15 6 14 6 11 10 8 2 9 5 10 6 23 13 5.55773293972015381 12.7294279362880989 
16 24 2.70999124060388841 1 15 9 15 16.1354543567662532 3 14 1 10 3 18 12 4.21909409761428833 26.0225806451612911 
16 31 2.70999124060388841 14 6 6.96245171630185755 15 15 4 1 14 10 4.94126535182462057 20 13 3.82485300302505493 29.7693768672641923 
12 15 6 14 26 12 6 24 2.70999124060388841 9 5 10 10 30 7 4.48666995763778687 22.2761504981319263 
12 15 6 1 4 11 10 8 2 3 12 5 6 23 13 7.73334592580795288 10.4390245477609724 
12 15 6 14 32 13 10 8 2 9 5 10 6 23 13 5.62623792886734009 11.5105737277936448 
3 5 12 16 24 1 15 18 5 6 32 6 14 30 9 3.96624404191970825 26.8000000000000007 
3.36768017929769181 24 12 16 16.1354543567662532 2 14 31 9 2 1 8 15 20 3.84646942076222631 4.25122392177581787 25.0728295096716138 
14 32 1 4 24 2 2 15 12 17 20 2.70999124060388841 3 1 9 3.95664501190185547 29.6000000000000014 
12 15 6 14 24 11 10 8 2 9 5 10 6 23 13 5.5995679497718811 12.7166973227059081 
12 15 6 1 4 11 10 8 2 9 5 10 6 22 13 7.92221987247467041 10.0264567745845277 
12 15 6 14 32 13 10 8 2 3 12 5 6 23 13 5.31745398044586182 14.3729955473355595 
6 24 2.70999124060388841 14 32 9 15 6 9 9.25570237641795579 20 2 3 30 12 3.42328786849975586 35.4666666666666615 
12 15 6 14 6 13 10 8 2 9 5 10 6 19 12 5.33125483989715576 13.6868637110016422 
12 15 6 1 4 11 10 8 2 9 5 10 6 23 13 8.04212987422943115 9.79565156343341137 
15 1 4 16 24 2 6 24 9 14 24 13 13 26 2.70999124060388841 3.31907093524932861 63.1000000000000085 
12 15 6 15 9 2.70999124060388841 4 6 11 9 5 10 14 18 4 4.41553002595901489 24.3493780659788399 
13 26 11 14 6 4 15 15 4 13 25 5 4 30 3 3.33906993269920349 51.8666666666666671 
14 26 2.70999124060388841 15 32 11 16 20 2 4 30 4 14 15 3 3.36676901578903198 41.2666666666666657 
12 15 6 2 22 11 10 8 2 9 5 10 6 23 13 6.38369882106781006 10.5071585572212527 
12 15 6 4 12 6 10 8 2 14 24 12 6 23 13 5.30838793516159058 14.5601278045834626 
12 15 6 4 5 5 10 8 2 1 32 13 6 23 13 5.60152691602706909 11.5849426536381159 
4 25 12 1 24 4 14 32 7 16 30 2 15 26 13 3.48141199350357056 31.4000000000000021 
12 15 6 17 20 3 14 1 4 3 26 12 6 23 13 4.40091902017593384 24.825826964281422 
12 15 6 3 25 10 10 8 2 1 26 8 6 23 13 5.62626791000366211 10.6561772743523751 
12 15 6 17 25 2 15 1 9 1 26 13 6 23 13 4.50429284572601318 14.713371126856023 
12 15 6 15 31 13 16 26 12 9 5 10 14 24 4 4.22986885905265808 25.482036744047349 

MOEA/D: Multiobjective Evolutionary Algorithm Based on Decomposition
Number of Evaluations = 100000000
Mutation Probability = 0.0500000007450580597
Population Size = 140
Neighborhood size = 42
Seed: 13

Time =  39702.8049969999993

Current Evaluation = 100000040
Front Size = 28
14 30 9 16 32 9 4 16 11 15 24 9 14 26 2 3.34621596336364746 46.2999999999999972 
12 15 6 14 6 11 10 8 2 9 5 10 6 23 13 5.55773293972015381 12.7294279362880989 
16 24 2.70999124060388841 1 15 9 15 16.1354543567662532 3 14 1 10 3 18 12 4.21909409761428833 26.0225806451612911 
16 31 2.70999124060388841 14 6 6.96245171630185755 15 15 4 1 14 10 4.94126535182462057 20 13 3.82485300302505493 29.7693768672641923 
12 15 6 14 26 12 6 24 2.70999124060388841 9 5 10 10 30 7 4.48666995763778687 22.2761504981319263 
12 15 6 1 4 11 10 8 2 3 12 5 6 23 13 7.73334592580795288 10.4390245477609724 
12 15 6 14 32 13 10 8 2 9 5 10 6 23 13 5.62623792886734009 11.5105737277936448 
3 5 12 16 24 1 15 18 5 6 32 6 14 30 9 3.96624404191970825 26.8000000000000007 
3.36768017929769181 24 12 16 16.1354543567662532 2 14 31 9 2 1 8 15 20 3.84646942076222631 4.25122392177581787 25.0728295096716138 
14 32 1 4 24 2 2 15 12 17 20 2.70999124060388841 3 1 9 3.95664501190185547 29.6000000000000014 
12 15 6 14 24 11 10 8 2 9 5 10 6 23 13 5.5995679497718811 12.7166973227059081 
12 15 6 1 4 11 10 8 2 9 5 10 6 22 13 7.92221987247467041 10.0264567745845277 
12 15 6 14 32 13 10 8 2 3 12 5 6 23 13 5.31745398044586182 14.3729955473355595 
6 24 2.70999124060388841 14 32 9 15 6 9 9.25570237641795579 20 2 3 30 12 3.42328786849975586 35.4666666666666615 
12 15 6 14 6 13 10 8 2 9 5 10 6 19 12 5.33125483989715576 13.6868637110016422 
12 15 6 1 4 11 10 8 2 9 5 10 6 23 13 8.04212987422943115 9.79565156343341137 
15 1 4 16 24 2 6 24 9 14 24 13 13 26 2.70999124060388841 3.31907093524932861 63.1000000000000085 
12 15 6 15 9 2.70999124060388841 4 6 11 9 5 10 14 18 4 4.41553002595901489 24.3493780659788399 
13 26 11 14 6 4 15 15 4 13 25 5 4 30 3 3.33906993269920349 51.8666666666666671 
14 26 2.70999124060388841 15 32 11 16 20 2 4 30 4 14 15 3 3.36676901578903198 41.2666666666666657 
12 15 6 2 22 11 10 8 2 9 5 10 6 23 13 6.38369882106781006 10.5071585572212527 
12 15 6 4 12 6 10 8 2 14 24 12 6 23 13 5.30838793516159058 14.5601278045834626 
12 15 6 4 5 5 10 8 2 1 32 13 6 23 13 5.60152691602706909 11.5849426536381159 
4 25 12 1 24 4 14 32 7 16 30 2 15 26 13 3.48141199350357056 31.4000000000000021 
12 15 6 17 20 3 14 1 4 3 26 12 6 23 13 4.40091902017593384 24.825826964281422 
12 15 6 3 25 10 10 8 2 1 26 8 6 23 13 5.62626791000366211 10.6561772743523751 
12 15 6 17 25 2 15 1 9 1 26 13 6 23 13 4.50429284572601318 14.713371126856023 
12 15 6 15 31 13 16 26 12 9 5 10 14 24 4 4.22986885905265808 25.482036744047349 

