Current Evaluation = 10000000(10000060)
Front Size = 33
14 31 11 4 5 2 14 30 10 13 15 4 15 31 5 3.39755794405937195 53.7666666666666657 
6 32 13 10 18 2 9 15 9 4 27 6 2 24 11 6.3456769585609436 9.54983067247218287 
6 32 13 10 18 2 9 15 9 3.36768017929769181 1 4 15 12 12 4.69799089431762695 16.4108280886052214 
3.36768017929769181 30 6.96245171630185755 15 1 7 3 32 7 14 30 2 14 24 11 3.30688199400901794 60.085714285714289 
6 32 13 10 18 2 9 15 9 13 20 7 14 23 11 4.77279382944107056 14.919514819190276 
16 5.34074699537910114 11 4 30 4 3 1 10 6 15 1 15 31 7 4.07382792234420776 28.2917431192660587 
6 32 13 10 18 2 9 15 9 4 27 6 14 23 11 6.48824983835220337 8.4396212600387166 
6 32 13 10 18 2 9 15 9 4 26 4 13 5 2.70999124060388841 4.66699486970901489 16.6113508929042908 
6 32 13 10 18 2 9 15 9 15 6 12 14 12 10 4.37730586528778076 18.1011553559940666 
14 26 13 9 1 6 15 24 12 17 31 2 12 20 4 3.95198184251785278 28.3999999999999986 
6 32 13 10 18 2 12 20 2.70999124060388841 17 24 7 9.25570237641795579 1 5 4.61448997259140015 17.9501958901375112 
6 32 13 10 18 2 9 15 9 3.36768017929769181 1 1 14 23 11 5.17195874452590942 9.72109865584758026 
6 32 13 3.36768017929769181 31 10 9 15 9 15 6 12 16 26 6.96245171630185755 4.13645988702774048 19.1491131747490044 
6 32 13 10 18 2 9 15 9 12 20 4 14 23 11 4.9012908935546875 11.8279801281558505 
13 31 13 17 24 7 14 15 12 4 6 4 15 31 2.70999124060388841 3.4859468936920166 53.0538461538461519 
6 32 13 10 18 2 9 15 9 4 14 5 14 23 11 5.14769583940505981 10.260293040293039 
6 32 13 10 18 2 9 15 9 14 26 10 3 20 3 4.50264096260070801 17.9527196427494857 
6 32 13 10 18 2 9 15 9 4 25 9 14 23 11 4.87463080883026123 12.984832030714383 
14 6 2 1 31 2 4 24 2 17 30 1 14 24 2.70999124060388841 3.24812796711921692 60.0999999999999943 
14 24 9 16 24 4 14 26 8 4 32 1 3 30 1 3.52298498153686523 50.2666666666666657 
6 32 13 10 18 2 9 15 9 12 6 7 14 23 11 4.88225084543228149 12.8712121212121211 
6 32 13 10 18 2 9 15 9 12 6 4 14 23 11 4.86225086450576782 13.4052962470966275 
6 32 13 10 18 2 9 15 9 4 5.34074699537910114 10 14 23 11 5.10952383279800415 10.5705755110015023 
6 32 13 10 18 2 9 15 9 16 20 4 14 23 11 4.84962689876556396 13.5074609600925371 
15 15 12 14 25 3 6 30 10 15 6 12 4 30 2.70999124060388841 3.53866779804229736 48.5205128205128204 
6 32 13 10 18 2 9 15 9 14 24 2 3.36768017929769181 14 7 4.61559885740280151 17.1558992305142475 
6 32 13 10 18 2 9 15 9 12 1 5 14 23 11 5.01258587837219238 10.8328560691174118 
4 6 11 3 1 9 17 15 13 6 20 9 13 24 4 3.54650199413299561 38.06666666666667 
6 32 13 10 18 2 9 15 9 17 12 2 12 6 8 4.7143978476524353 15.2142647856854385 
16 30 2.70999124060388841 13 26 10 15 1 11 4 6 1 1 20 4 3.67810004949569702 30.8222222222222229 
6 32 13 10 18 2 9 15 9 3 20 4 14 23 11 4.90766388177871704 11.1587513935340006 
6 32 13 10 18 2 9 15 9 16 30 4 14 23 11 4.77520990371704102 14.3902543526403868 
1 32 5 4 20 8 15 30 12 3 26 2 14 1 7 3.62036186456680298 34 

Current Evaluation = 20000000(20000120)
Front Size = 20
6 32 13 10 18 2 9 15 9 4 27 6 2 24 11 6.3456769585609436 9.54983067247218287 
3.36768017929769181 30 6.96245171630185755 15 1 7 3 32 7 14 30 2 14 24 11 3.30688199400901794 60.085714285714289 
6 32 13 10 18 2 9 15 9 4 27 6 14 23 11 6.48824983835220337 8.4396212600387166 
6 32 13 10 18 2 9 15 9 15 6 12 14 12 10 4.37730586528778076 18.1011553559940666 
6 32 13 10 18 2 9 15 9 3.36768017929769181 1 1 14 23 11 5.17195874452590942 9.72109865584758026 
6 32 13 3.36768017929769181 31 10 9 15 9 15 6 12 16 26 6.96245171630185755 4.13645988702774048 19.1491131747490044 
14 6 2 1 31 2 4 24 2 17 30 1 14 24 2.70999124060388841 3.24812796711921692 60.0999999999999943 
4 6 11 3 1 9 17 15 13 6 20 9 13 24 4 3.54650199413299561 38.06666666666667 
16 30 2.70999124060388841 13 26 10 15 1 11 4 6 1 1 20 4 3.67810004949569702 30.8222222222222229 
1 32 5 4 20 8 15 30 12 3 26 2 14 1 7 3.62036186456680298 34 
14 1 10 16 20 1 4 18 11 15 24 4 3 30 13 3.89432799816131592 27.2000000000000028 
6 32 13 10 18 2 9 15 9 16 24 4 14 14 10 4.53254795074462891 15.8830855795868118 
6 32 13 10 18 2 9 15 9 4 25 4 14 23 11 4.90265482664108276 10.3095256076321995 
6 32 13 10 18 2 9 15 9 14 25 12 6 1 7 4.38236188888549805 17.4129791905417868 
6 32 13 10 18 2 9 15 9 12 20 1 14 23 11 5.1162908673286438 9.79181447207763078 
6 32 13 10 18 2 9 15 9 3 24 3 14 12 12 4.54091894626617432 12.8411082965094003 
3 15 4 14 30 2.70999124060388841 6 31 2 17 1 5 14 24 1 3.39142897725105286 47.6666666666666643 
6 32 13 10 18 2 9 15 9 12 6 4 14 23 11 4.86225086450576782 12.2520176544766706 
6 32 13 10 18 2 9 15 9 3 6 4 14 23 11 4.86862385272979736 11.2866259102023427 
6 32 13 10 18 2 9 15 9 3.36768017929769181 21 5 14 23 11 6.19269591569900513 9.68756055231384394 

Current Evaluation = 30000000(30000040)
Front Size = 23
6 32 13 10 18 2 9 15 9 15 6 12 14 12 10 4.37730586528778076 18.1011553559940666 
6 32 13 10 18 2 9 15 9 3.36768017929769181 1 1 14 23 11 5.17195874452590942 9.72109865584758026 
6 32 13 3.36768017929769181 31 10 9 15 9 15 6 12 16 26 6.96245171630185755 4.13645988702774048 19.1491131747490044 
14 6 2 1 31 2 4 24 2 17 30 1 14 24 2.70999124060388841 3.24812796711921692 60.0999999999999943 
4 6 11 3 1 9 17 15 13 6 20 9 13 24 4 3.54650199413299561 38.06666666666667 
16 30 2.70999124060388841 13 26 10 15 1 11 4 6 1 1 20 4 3.67810004949569702 30.8222222222222229 
14 1 10 16 20 1 4 18 11 15 24 4 3 30 13 3.89432799816131592 27.2000000000000028 
6 32 13 10 18 2 9 15 9 16 24 4 14 14 10 4.53254795074462891 15.8830855795868118 
6 32 13 10 18 2 9 15 9 4 25 4 14 23 11 4.90265482664108276 10.3095256076321995 
6 32 13 10 18 2 9 15 9 14 25 12 6 1 7 4.38236188888549805 17.4129791905417868 
6 32 13 10 18 2 9 15 9 12 20 1 14 23 11 5.1162908673286438 9.79181447207763078 
6 32 13 10 18 2 9 15 9 3 24 3 14 12 12 4.54091894626617432 12.8411082965094003 
6 32 13 10 18 2 9 15 9 12 6 4 14 23 11 4.86225086450576782 12.2520176544766706 
6 32 13 10 18 2 9 15 9 3 6 4 14 23 11 4.86862385272979736 11.2866259102023427 
14 24 9 13 26 12 16 25 1 6 24 2.70999124060388841 15 30 10 3.4713369607925415 43.3999999999999986 
6 32 13 10 18 2 9 15 9 16 20 4 14 23 11 4.84962689876556396 12.7213446052972525 
6 32 13 10 18 2 9 15 9 4 16 7 14 23 11 5.21730583906173706 9.16291487732614129 
15 26 2 1 25 4 14 30 4 14 1 4 2 31 12 3.28457590937614441 57.2666666666666657 
13 20 5 16 15 4 3 6 9 14 24 12 15 31 8 3.53688287734985352 39 
6 32 13 10 18 2 9 15 9 4 27 6 14 23 11 6.48824983835220337 8.29564877356667552 
16 31 2.70999124060388841 15 6 4 3 24 11 12 1 13 14 25 9 3.66217601299285889 31.9222222222222243 
14 15 2 1 26 12 14 31 2 13 1 9 16 20 2.70999124060388841 3.31239694356918335 47.4333333333333371 
16 30 2.70999124060388841 14 24 3 13 26 7 4 32 1 6 1 12 3.56112098693847656 33.9222222222222243 

Current Evaluation = 40000000(40000100)
Front Size = 26
6 32 13 10 18 2 9 15 9 15 6 12 14 12 10 4.37730586528778076 18.1011553559940666 
6 32 13 3.36768017929769181 31 10 9 15 9 15 6 12 16 26 6.96245171630185755 4.13645988702774048 19.1491131747490044 
14 6 2 1 31 2 4 24 2 17 30 1 14 24 2.70999124060388841 3.24812796711921692 60.0999999999999943 
4 6 11 3 1 9 17 15 13 6 20 9 13 24 4 3.54650199413299561 38.06666666666667 
16 30 2.70999124060388841 13 26 10 15 1 11 4 6 1 1 20 4 3.67810004949569702 30.8222222222222229 
14 1 10 16 20 1 4 18 11 15 24 4 3 30 13 3.89432799816131592 27.2000000000000028 
6 32 13 10 18 2 9 15 9 16 24 4 14 14 10 4.53254795074462891 15.8830855795868118 
6 32 13 10 18 2 9 15 9 4 25 4 14 23 11 4.90265482664108276 10.3095256076321995 
6 32 13 10 18 2 9 15 9 14 25 12 6 1 7 4.38236188888549805 17.4129791905417868 
6 32 13 10 18 2 9 15 9 3 24 3 14 12 12 4.54091894626617432 12.8411082965094003 
6 32 13 10 18 2 9 15 9 12 6 4 14 23 11 4.86225086450576782 12.2520176544766706 
6 32 13 10 18 2 9 15 9 3 6 4 14 23 11 4.86862385272979736 11.2866259102023427 
14 24 9 13 26 12 16 25 1 6 24 2.70999124060388841 15 30 10 3.4713369607925415 43.3999999999999986 
6 32 13 10 18 2 9 15 9 16 20 4 14 23 11 4.84962689876556396 12.7213446052972525 
15 26 2 1 25 4 14 30 4 14 1 4 2 31 12 3.28457590937614441 57.2666666666666657 
13 20 5 16 15 4 3 6 9 14 24 12 15 31 8 3.53688287734985352 39 
16 31 2.70999124060388841 15 6 4 3 24 11 12 1 13 14 25 9 3.66217601299285889 31.9222222222222243 
14 15 2 1 26 12 14 31 2 13 1 9 16 20 2.70999124060388841 3.31239694356918335 47.4333333333333371 
16 30 2.70999124060388841 14 24 3 13 26 7 4 32 1 6 1 12 3.56112098693847656 33.9222222222222243 
6 32 13 10 18 2 9 15 9 4 27 6 14 23 11 6.48824983835220337 8.24561941469836235 
6 32 13 10 18 2 9 15 9 3.36768017929769181 14 4 14 23 11 5.15949183702468872 9.13797161689302229 
6 32 13 10 18 2 9 15 9 14 24 9 6 26 4 4.13272994756698608 25.4147588408399443 
6 32 13 10 18 2 9 15 9 12 1 4 14 23 11 4.95058590173721313 9.96002136752136735 
6 32 13 10 18 2 9 15 9 3 25 3 14 23 11 5.09645086526870728 9.43389425500102163 
6 32 13 10 18 2 9 15 9 12 6 7 14 23 11 4.88225084543228149 10.9716876482393744 
6 32 13 10 18 2 9 15 9 14 30 2.70999124060388841 4 20 3 4.31276294589042664 18.8992706601015215 

Current Evaluation = 50000000(50000020)
Front Size = 29
6 32 13 10 18 2 9 15 9 15 6 12 14 12 10 4.37730586528778076 18.1011553559940666 
6 32 13 3.36768017929769181 31 10 9 15 9 15 6 12 16 26 6.96245171630185755 4.13645988702774048 19.1491131747490044 
14 6 2 1 31 2 4 24 2 17 30 1 14 24 2.70999124060388841 3.24812796711921692 60.0999999999999943 
4 6 11 3 1 9 17 15 13 6 20 9 13 24 4 3.54650199413299561 38.06666666666667 
16 30 2.70999124060388841 13 26 10 15 1 11 4 6 1 1 20 4 3.67810004949569702 30.8222222222222229 
14 1 10 16 20 1 4 18 11 15 24 4 3 30 13 3.89432799816131592 27.2000000000000028 
6 32 13 10 18 2 9 15 9 4 25 4 14 23 11 4.90265482664108276 10.3095256076321995 
6 32 13 10 18 2 9 15 9 3 24 3 14 12 12 4.54091894626617432 12.8411082965094003 
6 32 13 10 18 2 9 15 9 12 6 4 14 23 11 4.86225086450576782 12.2520176544766706 
6 32 13 10 18 2 9 15 9 3 6 4 14 23 11 4.86862385272979736 11.2866259102023427 
14 24 9 13 26 12 16 25 1 6 24 2.70999124060388841 15 30 10 3.4713369607925415 43.3999999999999986 
6 32 13 10 18 2 9 15 9 16 20 4 14 23 11 4.84962689876556396 12.7213446052972525 
15 26 2 1 25 4 14 30 4 14 1 4 2 31 12 3.28457590937614441 57.2666666666666657 
13 20 5 16 15 4 3 6 9 14 24 12 15 31 8 3.53688287734985352 39 
16 31 2.70999124060388841 15 6 4 3 24 11 12 1 13 14 25 9 3.66217601299285889 31.9222222222222243 
14 15 2 1 26 12 14 31 2 13 1 9 16 20 2.70999124060388841 3.31239694356918335 47.4333333333333371 
16 30 2.70999124060388841 14 24 3 13 26 7 4 32 1 6 1 12 3.56112098693847656 33.9222222222222243 
6 32 13 10 18 2 9 15 9 4 27 6 14 23 11 6.48824983835220337 8.24561941469836235 
6 32 13 10 18 2 9 15 9 14 24 9 6 26 4 4.13272994756698608 25.4147588408399443 
6 32 13 10 18 2 9 15 9 12 1 4 14 23 11 4.95058590173721313 9.96002136752136735 
6 32 13 10 18 2 9 15 9 3 25 3 14 23 11 5.09645086526870728 9.43389425500102163 
6 32 13 10 18 2 9 15 9 12 6 7 14 23 11 4.88225084543228149 10.9716876482393744 
6 32 13 10 18 2 9 15 9 14 30 2.70999124060388841 4 20 3 4.31276294589042664 18.8992706601015215 
6 32 13 10 18 2 9 15 9 3.36768017929769181 14 4 14 23 11 5.15949183702468872 8.66525555100901101 
6 32 13 10 18 2 9 15 9 12 25 10 14 23 11 5.04407781362533569 9.91021764032073271 
6 32 13 10 18 2 9 15 9 15 26 12 14 24 3 4.48865795135498047 15.5562895002780586 
4 30 2 1 6 2 15 5 4 17 20 2 14 26 9 3.373544842004776 46.1999999999999957 
14 30 13 13 20 2.70999124060388841 16 25 9 14 32 8 15 15 12 3.40136486291885376 45.6666666666666643 
6 32 13 10 18 2 9 15 9 15 12 12 14 6 2.70999124060388841 4.38231989741325378 16.8084673831312301 

Current Evaluation = 60000000(60000080)
Front Size = 30
6 32 13 3.36768017929769181 31 10 9 15 9 15 6 12 16 26 6.96245171630185755 4.13645988702774048 19.1491131747490044 
14 6 2 1 31 2 4 24 2 17 30 1 14 24 2.70999124060388841 3.24812796711921692 60.0999999999999943 
4 6 11 3 1 9 17 15 13 6 20 9 13 24 4 3.54650199413299561 38.06666666666667 
16 30 2.70999124060388841 13 26 10 15 1 11 4 6 1 1 20 4 3.67810004949569702 30.8222222222222229 
14 1 10 16 20 1 4 18 11 15 24 4 3 30 13 3.89432799816131592 27.2000000000000028 
6 32 13 10 18 2 9 15 9 4 25 4 14 23 11 4.90265482664108276 10.3095256076321995 
6 32 13 10 18 2 9 15 9 3 24 3 14 12 12 4.54091894626617432 12.8411082965094003 
6 32 13 10 18 2 9 15 9 3 6 4 14 23 11 4.86862385272979736 11.2866259102023427 
14 24 9 13 26 12 16 25 1 6 24 2.70999124060388841 15 30 10 3.4713369607925415 43.3999999999999986 
15 26 2 1 25 4 14 30 4 14 1 4 2 31 12 3.28457590937614441 57.2666666666666657 
13 20 5 16 15 4 3 6 9 14 24 12 15 31 8 3.53688287734985352 39 
16 31 2.70999124060388841 15 6 4 3 24 11 12 1 13 14 25 9 3.66217601299285889 31.9222222222222243 
14 15 2 1 26 12 14 31 2 13 1 9 16 20 2.70999124060388841 3.31239694356918335 47.4333333333333371 
16 30 2.70999124060388841 14 24 3 13 26 7 4 32 1 6 1 12 3.56112098693847656 33.9222222222222243 
6 32 13 10 18 2 9 15 9 4 27 6 14 23 11 6.48824983835220337 8.24561941469836235 
6 32 13 10 18 2 9 15 9 12 1 4 14 23 11 4.95058590173721313 9.96002136752136735 
6 32 13 10 18 2 9 15 9 12 6 7 14 23 11 4.88225084543228149 10.9716876482393744 
6 32 13 10 18 2 9 15 9 14 30 2.70999124060388841 4 20 3 4.31276294589042664 18.8992706601015215 
6 32 13 10 18 2 9 15 9 3.36768017929769181 14 4 14 23 11 5.15949183702468872 8.66525555100901101 
6 32 13 10 18 2 9 15 9 15 26 12 14 24 3 4.48865795135498047 15.5562895002780586 
4 30 2 1 6 2 15 5 4 17 20 2 14 26 9 3.373544842004776 46.1999999999999957 
14 30 13 13 20 2.70999124060388841 16 25 9 14 32 8 15 15 12 3.40136486291885376 45.6666666666666643 
6 32 13 10 18 2 9 15 9 15 12 12 14 6 2.70999124060388841 4.38231989741325378 16.8084673831312301 
6 32 13 10 18 2 9 15 9 4 17 7 1 26 8 5.00448077917098999 9.70522791353383418 
6 32 13 3 1 7 9 15 9 17 7 2.70999124060388841 14 23 11 4.77523380517959595 11.9028319968785894 
6 32 13 10 18 2 9 15 9 1 14 13 12 26 9 4.83844691514968872 11.7981304149566792 
6 32 13 10 18 2 9 15 9 12 1 10 14 23 11 5.02458590269088745 9.41045218087234936 
6 32 13 10 18 2 9 15 9 14 20 11 17 6 2 4.33665895462036133 17.4148048341209964 
4 31 4 14 26 2 17 24 12 1 6 6 15 12 2.70999124060388841 3.52013492584228516 40.2666666666666657 
6 32 13 16 15 7 4 1 1 15 24 11 12 26 2 4.11790686845779419 22.7989916352169679 

Current Evaluation = 70000000(70000000)
Front Size = 34
6 32 13 3.36768017929769181 31 10 9 15 9 15 6 12 16 26 6.96245171630185755 4.13645988702774048 19.1491131747490044 
14 6 2 1 31 2 4 24 2 17 30 1 14 24 2.70999124060388841 3.24812796711921692 60.0999999999999943 
4 6 11 3 1 9 17 15 13 6 20 9 13 24 4 3.54650199413299561 38.06666666666667 
16 30 2.70999124060388841 13 26 10 15 1 11 4 6 1 1 20 4 3.67810004949569702 30.8222222222222229 
14 1 10 16 20 1 4 18 11 15 24 4 3 30 13 3.89432799816131592 27.2000000000000028 
6 32 13 10 18 2 9 15 9 4 25 4 14 23 11 4.90265482664108276 10.3095256076321995 
6 32 13 10 18 2 9 15 9 3 24 3 14 12 12 4.54091894626617432 12.8411082965094003 
6 32 13 10 18 2 9 15 9 3 6 4 14 23 11 4.86862385272979736 11.2866259102023427 
14 24 9 13 26 12 16 25 1 6 24 2.70999124060388841 15 30 10 3.4713369607925415 43.3999999999999986 
15 26 2 1 25 4 14 30 4 14 1 4 2 31 12 3.28457590937614441 57.2666666666666657 
13 20 5 16 15 4 3 6 9 14 24 12 15 31 8 3.53688287734985352 39 
16 31 2.70999124060388841 15 6 4 3 24 11 12 1 13 14 25 9 3.66217601299285889 31.9222222222222243 
14 15 2 1 26 12 14 31 2 13 1 9 16 20 2.70999124060388841 3.31239694356918335 47.4333333333333371 
16 30 2.70999124060388841 14 24 3 13 26 7 4 32 1 6 1 12 3.56112098693847656 33.9222222222222243 
6 32 13 10 18 2 9 15 9 4 27 6 14 23 11 6.48824983835220337 8.24561941469836235 
6 32 13 10 18 2 9 15 9 12 1 4 14 23 11 4.95058590173721313 9.96002136752136735 
6 32 13 10 18 2 9 15 9 12 6 7 14 23 11 4.88225084543228149 10.9716876482393744 
6 32 13 10 18 2 9 15 9 14 30 2.70999124060388841 4 20 3 4.31276294589042664 18.8992706601015215 
6 32 13 10 18 2 9 15 9 3.36768017929769181 14 4 14 23 11 5.15949183702468872 8.66525555100901101 
6 32 13 10 18 2 9 15 9 15 26 12 14 24 3 4.48865795135498047 15.5562895002780586 
4 30 2 1 6 2 15 5 4 17 20 2 14 26 9 3.373544842004776 46.1999999999999957 
14 30 13 13 20 2.70999124060388841 16 25 9 14 32 8 15 15 12 3.40136486291885376 45.6666666666666643 
6 32 13 10 18 2 9 15 9 15 12 12 14 6 2.70999124060388841 4.38231989741325378 16.8084673831312301 
6 32 13 10 18 2 9 15 9 4 17 7 1 26 8 5.00448077917098999 9.70522791353383418 
6 32 13 3 1 7 9 15 9 17 7 2.70999124060388841 14 23 11 4.77523380517959595 11.9028319968785894 
6 32 13 10 18 2 9 15 9 1 14 13 12 26 9 4.83844691514968872 11.7981304149566792 
6 32 13 10 18 2 9 15 9 12 1 10 14 23 11 5.02458590269088745 9.41045218087234936 
6 32 13 10 18 2 9 15 9 14 20 11 17 6 2 4.33665895462036133 17.4148048341209964 
4 31 4 14 26 2 17 24 12 1 6 6 15 12 2.70999124060388841 3.52013492584228516 40.2666666666666657 
6 32 13 16 15 7 4 1 1 15 24 11 12 26 2 4.11790686845779419 22.7989916352169679 
6 32 13 10 18 2 9 15 9 12 25 7 14 23 11 4.99007785320281982 9.76784579270494824 
6 32 13 10 18 2 9 15 9 3 1 5 14 23 11 5.01895880699157715 9.70318777075138073 
6 32 13 10 18 2 9 15 9 16 6 4 14 24 11 4.28727996349334717 19.0179487179487161 
14 12 2.70999124060388841 17 1 7 15 15 2 6 26 4 13 25 5 3.45651894807815552 43.7666666666666657 

Current Evaluation = 80000000(80000060)
Front Size = 36
6 32 13 3.36768017929769181 31 10 9 15 9 15 6 12 16 26 6.96245171630185755 4.13645988702774048 19.1491131747490044 
14 6 2 1 31 2 4 24 2 17 30 1 14 24 2.70999124060388841 3.24812796711921692 60.0999999999999943 
4 6 11 3 1 9 17 15 13 6 20 9 13 24 4 3.54650199413299561 38.06666666666667 
16 30 2.70999124060388841 13 26 10 15 1 11 4 6 1 1 20 4 3.67810004949569702 30.8222222222222229 
14 1 10 16 20 1 4 18 11 15 24 4 3 30 13 3.89432799816131592 27.2000000000000028 
6 32 13 10 18 2 9 15 9 4 25 4 14 23 11 4.90265482664108276 10.3095256076321995 
6 32 13 10 18 2 9 15 9 3 6 4 14 23 11 4.86862385272979736 11.2866259102023427 
14 24 9 13 26 12 16 25 1 6 24 2.70999124060388841 15 30 10 3.4713369607925415 43.3999999999999986 
15 26 2 1 25 4 14 30 4 14 1 4 2 31 12 3.28457590937614441 57.2666666666666657 
13 20 5 16 15 4 3 6 9 14 24 12 15 31 8 3.53688287734985352 39 
16 31 2.70999124060388841 15 6 4 3 24 11 12 1 13 14 25 9 3.66217601299285889 31.9222222222222243 
14 15 2 1 26 12 14 31 2 13 1 9 16 20 2.70999124060388841 3.31239694356918335 47.4333333333333371 
16 30 2.70999124060388841 14 24 3 13 26 7 4 32 1 6 1 12 3.56112098693847656 33.9222222222222243 
6 32 13 10 18 2 9 15 9 4 27 6 14 23 11 6.48824983835220337 8.24561941469836235 
6 32 13 10 18 2 9 15 9 12 1 4 14 23 11 4.95058590173721313 9.96002136752136735 
6 32 13 10 18 2 9 15 9 12 6 7 14 23 11 4.88225084543228149 10.9716876482393744 
6 32 13 10 18 2 9 15 9 14 30 2.70999124060388841 4 20 3 4.31276294589042664 18.8992706601015215 
6 32 13 10 18 2 9 15 9 3.36768017929769181 14 4 14 23 11 5.15949183702468872 8.66525555100901101 
6 32 13 10 18 2 9 15 9 15 26 12 14 24 3 4.48865795135498047 15.5562895002780586 
4 30 2 1 6 2 15 5 4 17 20 2 14 26 9 3.373544842004776 46.1999999999999957 
14 30 13 13 20 2.70999124060388841 16 25 9 14 32 8 15 15 12 3.40136486291885376 45.6666666666666643 
6 32 13 10 18 2 9 15 9 15 12 12 14 6 2.70999124060388841 4.38231989741325378 16.8084673831312301 
6 32 13 10 18 2 9 15 9 4 17 7 1 26 8 5.00448077917098999 9.70522791353383418 
6 32 13 3 1 7 9 15 9 17 7 2.70999124060388841 14 23 11 4.77523380517959595 11.9028319968785894 
6 32 13 10 18 2 9 15 9 1 14 13 12 26 9 4.83844691514968872 11.7981304149566792 
6 32 13 10 18 2 9 15 9 12 1 10 14 23 11 5.02458590269088745 9.41045218087234936 
6 32 13 10 18 2 9 15 9 14 20 11 17 6 2 4.33665895462036133 17.4148048341209964 
4 31 4 14 26 2 17 24 12 1 6 6 15 12 2.70999124060388841 3.52013492584228516 40.2666666666666657 
6 32 13 16 15 7 4 1 1 15 24 11 12 26 2 4.11790686845779419 22.7989916352169679 
6 32 13 10 18 2 9 15 9 12 25 7 14 23 11 4.99007785320281982 9.76784579270494824 
6 32 13 10 18 2 9 15 9 3 1 5 14 23 11 5.01895880699157715 9.70318777075138073 
6 32 13 10 18 2 9 15 9 16 6 4 14 24 11 4.28727996349334717 19.0179487179487161 
14 12 2.70999124060388841 17 1 7 15 15 2 6 26 4 13 25 5 3.45651894807815552 43.7666666666666657 
6 32 13 10 18 2 9 15 9 3 1 5 14 26 11 4.53953588008880615 12.1657813657813669 
14 30 7 16 12 4 15 24 2 4 31 12 3 15 7 3.51657986640930176 42.2000000000000028 
14 26 9 12 30 2 13 24 2 15 1 13 14 5 7 3.35671600699424744 46.5999999999999943 

Current Evaluation = 90000000(90000120)
Front Size = 34
6 32 13 3.36768017929769181 31 10 9 15 9 15 6 12 16 26 6.96245171630185755 4.13645988702774048 19.1491131747490044 
14 6 2 1 31 2 4 24 2 17 30 1 14 24 2.70999124060388841 3.24812796711921692 60.0999999999999943 
4 6 11 3 1 9 17 15 13 6 20 9 13 24 4 3.54650199413299561 38.06666666666667 
16 30 2.70999124060388841 13 26 10 15 1 11 4 6 1 1 20 4 3.67810004949569702 30.8222222222222229 
14 1 10 16 20 1 4 18 11 15 24 4 3 30 13 3.89432799816131592 27.2000000000000028 
6 32 13 10 18 2 9 15 9 4 25 4 14 23 11 4.90265482664108276 10.3095256076321995 
6 32 13 10 18 2 9 15 9 3 6 4 14 23 11 4.86862385272979736 11.2866259102023427 
14 24 9 13 26 12 16 25 1 6 24 2.70999124060388841 15 30 10 3.4713369607925415 43.3999999999999986 
15 26 2 1 25 4 14 30 4 14 1 4 2 31 12 3.28457590937614441 57.2666666666666657 
13 20 5 16 15 4 3 6 9 14 24 12 15 31 8 3.53688287734985352 39 
16 31 2.70999124060388841 15 6 4 3 24 11 12 1 13 14 25 9 3.66217601299285889 31.9222222222222243 
14 15 2 1 26 12 14 31 2 13 1 9 16 20 2.70999124060388841 3.31239694356918335 47.4333333333333371 
16 30 2.70999124060388841 14 24 3 13 26 7 4 32 1 6 1 12 3.56112098693847656 33.9222222222222243 
6 32 13 10 18 2 9 15 9 4 27 6 14 23 11 6.48824983835220337 8.24561941469836235 
6 32 13 10 18 2 9 15 9 12 6 7 14 23 11 4.88225084543228149 10.9716876482393744 
6 32 13 10 18 2 9 15 9 3.36768017929769181 14 4 14 23 11 5.15949183702468872 8.66525555100901101 
6 32 13 10 18 2 9 15 9 15 26 12 14 24 3 4.48865795135498047 15.5562895002780586 
4 30 2 1 6 2 15 5 4 17 20 2 14 26 9 3.373544842004776 46.1999999999999957 
14 30 13 13 20 2.70999124060388841 16 25 9 14 32 8 15 15 12 3.40136486291885376 45.6666666666666643 
6 32 13 10 18 2 9 15 9 4 17 7 1 26 8 5.00448077917098999 9.70522791353383418 
6 32 13 3 1 7 9 15 9 17 7 2.70999124060388841 14 23 11 4.77523380517959595 11.9028319968785894 
6 32 13 10 18 2 9 15 9 1 14 13 12 26 9 4.83844691514968872 11.7981304149566792 
6 32 13 10 18 2 9 15 9 12 1 10 14 23 11 5.02458590269088745 9.41045218087234936 
4 31 4 14 26 2 17 24 12 1 6 6 15 12 2.70999124060388841 3.52013492584228516 40.2666666666666657 
6 32 13 16 15 7 4 1 1 15 24 11 12 26 2 4.11790686845779419 22.7989916352169679 
6 32 13 10 18 2 9 15 9 12 25 7 14 23 11 4.99007785320281982 9.76784579270494824 
6 32 13 10 18 2 9 15 9 3 1 5 14 23 11 5.01895880699157715 9.70318777075138073 
14 12 2.70999124060388841 17 1 7 15 15 2 6 26 4 13 25 5 3.45651894807815552 43.7666666666666657 
6 32 13 10 18 2 9 15 9 3 1 5 14 26 11 4.53953588008880615 12.1657813657813669 
14 30 7 16 12 4 15 24 2 4 31 12 3 15 7 3.51657986640930176 42.2000000000000028 
14 26 9 12 30 2 13 24 2 15 1 13 14 5 7 3.35671600699424744 46.5999999999999943 
6 32 13 10 18 2 9 15 9 12 20 7 14 23 11 4.92129087448120117 9.87302024772613152 
6 32 13 10 18 2 9 15 9 14 24 5 17 6 2.70999124060388841 4.28185391426086426 16.5481674484124177 
6 32 13 10 18 2 9 15 9 4 14 5 14 23 11 5.14769583940505981 9.07476106823932938 

Current Evaluation = 100000000(100000040)
Front Size = 35
6 32 13 3.36768017929769181 31 10 9 15 9 15 6 12 16 26 6.96245171630185755 4.13645988702774048 19.1491131747490044 
14 6 2 1 31 2 4 24 2 17 30 1 14 24 2.70999124060388841 3.24812796711921692 60.0999999999999943 
4 6 11 3 1 9 17 15 13 6 20 9 13 24 4 3.54650199413299561 38.06666666666667 
16 30 2.70999124060388841 13 26 10 15 1 11 4 6 1 1 20 4 3.67810004949569702 30.8222222222222229 
14 1 10 16 20 1 4 18 11 15 24 4 3 30 13 3.89432799816131592 27.2000000000000028 
6 32 13 10 18 2 9 15 9 4 25 4 14 23 11 4.90265482664108276 10.3095256076321995 
6 32 13 10 18 2 9 15 9 3 6 4 14 23 11 4.86862385272979736 11.2866259102023427 
14 24 9 13 26 12 16 25 1 6 24 2.70999124060388841 15 30 10 3.4713369607925415 43.3999999999999986 
15 26 2 1 25 4 14 30 4 14 1 4 2 31 12 3.28457590937614441 57.2666666666666657 
13 20 5 16 15 4 3 6 9 14 24 12 15 31 8 3.53688287734985352 39 
16 31 2.70999124060388841 15 6 4 3 24 11 12 1 13 14 25 9 3.66217601299285889 31.9222222222222243 
16 30 2.70999124060388841 14 24 3 13 26 7 4 32 1 6 1 12 3.56112098693847656 33.9222222222222243 
6 32 13 10 18 2 9 15 9 4 27 6 14 23 11 6.48824983835220337 8.24561941469836235 
6 32 13 10 18 2 9 15 9 12 6 7 14 23 11 4.88225084543228149 10.9716876482393744 
6 32 13 10 18 2 9 15 9 3.36768017929769181 14 4 14 23 11 5.15949183702468872 8.66525555100901101 
6 32 13 10 18 2 9 15 9 15 26 12 14 24 3 4.48865795135498047 15.5562895002780586 
4 30 2 1 6 2 15 5 4 17 20 2 14 26 9 3.373544842004776 46.1999999999999957 
14 30 13 13 20 2.70999124060388841 16 25 9 14 32 8 15 15 12 3.40136486291885376 45.6666666666666643 
6 32 13 10 18 2 9 15 9 4 17 7 1 26 8 5.00448077917098999 9.70522791353383418 
6 32 13 3 1 7 9 15 9 17 7 2.70999124060388841 14 23 11 4.77523380517959595 11.9028319968785894 
6 32 13 10 18 2 9 15 9 1 14 13 12 26 9 4.83844691514968872 11.7981304149566792 
6 32 13 10 18 2 9 15 9 12 1 10 14 23 11 5.02458590269088745 9.41045218087234936 
4 31 4 14 26 2 17 24 12 1 6 6 15 12 2.70999124060388841 3.52013492584228516 40.2666666666666657 
6 32 13 16 15 7 4 1 1 15 24 11 12 26 2 4.11790686845779419 22.7989916352169679 
6 32 13 10 18 2 9 15 9 12 25 7 14 23 11 4.99007785320281982 9.76784579270494824 
6 32 13 10 18 2 9 15 9 3 1 5 14 23 11 5.01895880699157715 9.70318777075138073 
6 32 13 10 18 2 9 15 9 3 1 5 14 26 11 4.53953588008880615 12.1657813657813669 
14 30 7 16 12 4 15 24 2 4 31 12 3 15 7 3.51657986640930176 42.2000000000000028 
6 32 13 10 18 2 9 15 9 12 20 7 14 23 11 4.92129087448120117 9.87302024772613152 
6 32 13 10 18 2 9 15 9 14 24 5 17 6 2.70999124060388841 4.28185391426086426 16.5481674484124177 
6 32 13 10 18 2 9 15 9 4 14 5 14 23 11 5.14769583940505981 9.07476106823932938 
13 32 9 17 25 11 14 1 2 14 6 4 15 18 2.70999124060388841 3.30550190806388855 46.3000000000000043 
12 31 9 4 30 4 15 32 12 1 26 2 16 5 2.70999124060388841 3.83531492948532104 30.0999999999999979 
15 5 4 4 31 2.70999124060388841 14 1 9 3 24 11 16 6 13 3.72762188315391541 30.5 
12 30 9 16 24 13 13 25 11 1 31 2 14 6 2.70999124060388841 3.41141095757484436 43.5 

MOEA/D: Multiobjective Evolutionary Algorithm Based on Decomposition
Number of Evaluations = 100000000
Mutation Probability = 0.0500000007450580597
Population Size = 140
Neighborhood size = 42
Seed: 13

Time =  39899.977810999997

Current Evaluation = 100000040
Front Size = 35
6 32 13 3.36768017929769181 31 10 9 15 9 15 6 12 16 26 6.96245171630185755 4.13645988702774048 19.1491131747490044 
14 6 2 1 31 2 4 24 2 17 30 1 14 24 2.70999124060388841 3.24812796711921692 60.0999999999999943 
4 6 11 3 1 9 17 15 13 6 20 9 13 24 4 3.54650199413299561 38.06666666666667 
16 30 2.70999124060388841 13 26 10 15 1 11 4 6 1 1 20 4 3.67810004949569702 30.8222222222222229 
14 1 10 16 20 1 4 18 11 15 24 4 3 30 13 3.89432799816131592 27.2000000000000028 
6 32 13 10 18 2 9 15 9 4 25 4 14 23 11 4.90265482664108276 10.3095256076321995 
6 32 13 10 18 2 9 15 9 3 6 4 14 23 11 4.86862385272979736 11.2866259102023427 
14 24 9 13 26 12 16 25 1 6 24 2.70999124060388841 15 30 10 3.4713369607925415 43.3999999999999986 
15 26 2 1 25 4 14 30 4 14 1 4 2 31 12 3.28457590937614441 57.2666666666666657 
13 20 5 16 15 4 3 6 9 14 24 12 15 31 8 3.53688287734985352 39 
16 31 2.70999124060388841 15 6 4 3 24 11 12 1 13 14 25 9 3.66217601299285889 31.9222222222222243 
16 30 2.70999124060388841 14 24 3 13 26 7 4 32 1 6 1 12 3.56112098693847656 33.9222222222222243 
6 32 13 10 18 2 9 15 9 4 27 6 14 23 11 6.48824983835220337 8.24561941469836235 
6 32 13 10 18 2 9 15 9 12 6 7 14 23 11 4.88225084543228149 10.9716876482393744 
6 32 13 10 18 2 9 15 9 3.36768017929769181 14 4 14 23 11 5.15949183702468872 8.66525555100901101 
6 32 13 10 18 2 9 15 9 15 26 12 14 24 3 4.48865795135498047 15.5562895002780586 
4 30 2 1 6 2 15 5 4 17 20 2 14 26 9 3.373544842004776 46.1999999999999957 
14 30 13 13 20 2.70999124060388841 16 25 9 14 32 8 15 15 12 3.40136486291885376 45.6666666666666643 
6 32 13 10 18 2 9 15 9 4 17 7 1 26 8 5.00448077917098999 9.70522791353383418 
6 32 13 3 1 7 9 15 9 17 7 2.70999124060388841 14 23 11 4.77523380517959595 11.9028319968785894 
6 32 13 10 18 2 9 15 9 1 14 13 12 26 9 4.83844691514968872 11.7981304149566792 
6 32 13 10 18 2 9 15 9 12 1 10 14 23 11 5.02458590269088745 9.41045218087234936 
4 31 4 14 26 2 17 24 12 1 6 6 15 12 2.70999124060388841 3.52013492584228516 40.2666666666666657 
6 32 13 16 15 7 4 1 1 15 24 11 12 26 2 4.11790686845779419 22.7989916352169679 
6 32 13 10 18 2 9 15 9 12 25 7 14 23 11 4.99007785320281982 9.76784579270494824 
6 32 13 10 18 2 9 15 9 3 1 5 14 23 11 5.01895880699157715 9.70318777075138073 
6 32 13 10 18 2 9 15 9 3 1 5 14 26 11 4.53953588008880615 12.1657813657813669 
14 30 7 16 12 4 15 24 2 4 31 12 3 15 7 3.51657986640930176 42.2000000000000028 
6 32 13 10 18 2 9 15 9 12 20 7 14 23 11 4.92129087448120117 9.87302024772613152 
6 32 13 10 18 2 9 15 9 14 24 5 17 6 2.70999124060388841 4.28185391426086426 16.5481674484124177 
6 32 13 10 18 2 9 15 9 4 14 5 14 23 11 5.14769583940505981 9.07476106823932938 
13 32 9 17 25 11 14 1 2 14 6 4 15 18 2.70999124060388841 3.30550190806388855 46.3000000000000043 
12 31 9 4 30 4 15 32 12 1 26 2 16 5 2.70999124060388841 3.83531492948532104 30.0999999999999979 
15 5 4 4 31 2.70999124060388841 14 1 9 3 24 11 16 6 13 3.72762188315391541 30.5 
12 30 9 16 24 13 13 25 11 1 31 2 14 6 2.70999124060388841 3.41141095757484436 43.5 

