Current Evaluation = 10000000(10000060)
Front Size = 20
3 20 8 4 24 11 15 30 10 14 32 2 17 6 12 3.64184099435806274 35.5 
16 1 4 6 25 13 11 24 1 14 18 8 1 32 11 4.55942708253860474 13.948721209552069 
16 1 9 6 25 13 11 24 1 14 18 8 1 32 11 4.5314030647277832 15.0542373665521581 
4 24 10 6 25 13 16 15 2 14 18 8 1 32 11 3.94433695077896118 24.1934339947891459 
17 24 2 6 25 13 13 15 5 14 18 8 1 32 11 3.82442307472229004 24.4923554706163422 
16 33 4 6 25 13 4 6 1 14 18 8 1 32 11 4.6459200382232666 11.8566066557555914 
16 33 4 6 25 13 4 6 4 14 18 8 1 32 11 4.4309200644493103 15.6619065656565652 
16 33 4 6 25 13 11 24 1 14 18 8 1 32 11 5.29526406526565552 10.3169633527392151 
14 6 13 17 25 9 15 19 9 14 24 2.70999124060388841 13 26 5 3.35261088609695435 47.2792452830188665 
12 30 2 6 25 13 15 32 9 14 18 8 1 32 11 3.72714805603027344 34.6438339438339469 
14 26 11 4 16 9 15 6 7 17 31 2 3.36768017929769181 30 5 3.73173582553863525 33.8705882352941146 
16 33 4 9 25 1 4 24 9 14 18 8 1 32 11 4.79570305347442627 11.5905927051671735 
15 26 9 9 25 1 4 1 2.70999124060388841 14 18 8 1 32 11 4.16502302885055542 22.9634814045577258 
14 30 8 1 1 10 3 5 2 15 26 7 6 32 9 3.59610795974731445 36.1000000000000014 
16 33 4 9 20 1 11 24 1 14 18 8 1 32 11 5.57744896411895752 10.1531731469346127 
3 26 6 9 25 1 16 30 9 14 18 8 1 32 11 4.19383406639099121 16.4261583236049091 
16 1 2 9 25 1 11 24 1 14 18 8 1 32 11 4.98941302299499512 10.6929750426874257 
14 1 2.70999124060388841 4 15 1 14 25 2 6 30 2 16 26 13 3.58129590749740601 42.0666666666666629 
16 33 4 9 25 1 11 24 1 14 18 8 1 32 11 5.64623606204986572 8.776016312892855 
16 33 4 9 25 1 6 24 13 14 18 8 1 32 11 4.87984102964401245 11.3588308168795962 

Current Evaluation = 20000000(20000120)
Front Size = 19
3 20 8 4 24 11 15 30 10 14 32 2 17 6 12 3.64184099435806274 35.5 
16 1 4 6 25 13 11 24 1 14 18 8 1 32 11 4.55942708253860474 13.948721209552069 
16 1 9 6 25 13 11 24 1 14 18 8 1 32 11 4.5314030647277832 15.0542373665521581 
4 24 10 6 25 13 16 15 2 14 18 8 1 32 11 3.94433695077896118 24.1934339947891459 
17 24 2 6 25 13 13 15 5 14 18 8 1 32 11 3.82442307472229004 24.4923554706163422 
16 33 4 6 25 13 4 6 1 14 18 8 1 32 11 4.6459200382232666 11.8566066557555914 
16 33 4 6 25 13 4 6 4 14 18 8 1 32 11 4.4309200644493103 15.6619065656565652 
16 33 4 9 25 1 4 24 9 14 18 8 1 32 11 4.79570305347442627 11.5905927051671735 
14 30 8 1 1 10 3 5 2 15 26 7 6 32 9 3.59610795974731445 36.1000000000000014 
3 26 6 9 25 1 16 30 9 14 18 8 1 32 11 4.19383406639099121 16.4261583236049091 
16 33 4 9 25 1 15 6 13 14 18 8 1 32 11 4.91290998458862305 9.86312751228122409 
1 25 13 14 26 2 13 6 7 15 24 4 4 15 9 3.34656697511672974 41.2999999999999972 
16 33 4 9 25 1 11 24 1 14 18 8 1 32 11 5.64623606204986572 8.50550954742772269 
6 26 13 14 24 9 16 5 2 15 1 5 14 15 11 3.56994295120239258 40.3666666666666671 
4 31 9 9 25 1 17 26 9 14 18 8 1 32 11 4.02545297145843506 22.1793897441720667 
14 26 1 14 26 2.70999124060388841 15 25 7 1 30 13 13 1 7 3.33113890886306763 61.81666666666667 
16 6 9 9 25 1 3 1 2.70999124060388841 14 18 8 1 32 11 4.17084091901779175 22.0176737395362991 
16 33 4 9 25 1 6 24 12 14 18 8 1 32 11 4.87984102964401245 10.2928780284043437 
6 12 10 16 31 11 14 1 1 3 26 2.70999124060388841 1 24 4 3.69078797101974487 32.3327868852458948 

Current Evaluation = 30000000(30000040)
Front Size = 23
3 20 8 4 24 11 15 30 10 14 32 2 17 6 12 3.64184099435806274 35.5 
16 1 4 6 25 13 11 24 1 14 18 8 1 32 11 4.55942708253860474 13.948721209552069 
4 24 10 6 25 13 16 15 2 14 18 8 1 32 11 3.94433695077896118 24.1934339947891459 
17 24 2 6 25 13 13 15 5 14 18 8 1 32 11 3.82442307472229004 24.4923554706163422 
16 33 4 6 25 13 4 6 1 14 18 8 1 32 11 4.6459200382232666 11.8566066557555914 
16 33 4 6 25 13 4 6 4 14 18 8 1 32 11 4.4309200644493103 15.6619065656565652 
16 33 4 9 25 1 4 24 9 14 18 8 1 32 11 4.79570305347442627 11.5905927051671735 
14 30 8 1 1 10 3 5 2 15 26 7 6 32 9 3.59610795974731445 36.1000000000000014 
3 26 6 9 25 1 16 30 9 14 18 8 1 32 11 4.19383406639099121 16.4261583236049091 
16 33 4 9 25 1 15 6 13 14 18 8 1 32 11 4.91290998458862305 9.86312751228122409 
1 25 13 14 26 2 13 6 7 15 24 4 4 15 9 3.34656697511672974 41.2999999999999972 
16 33 4 9 25 1 11 24 1 14 18 8 1 32 11 5.64623606204986572 8.50550954742772269 
6 26 13 14 24 9 16 5 2 15 1 5 14 15 11 3.56994295120239258 40.3666666666666671 
4 31 9 9 25 1 17 26 9 14 18 8 1 32 11 4.02545297145843506 22.1793897441720667 
14 26 1 14 26 2.70999124060388841 15 25 7 1 30 13 13 1 7 3.33113890886306763 61.81666666666667 
16 6 9 9 25 1 3 1 2.70999124060388841 14 18 8 1 32 11 4.17084091901779175 22.0176737395362991 
16 33 4 9 25 1 6 24 12 14 18 8 1 32 11 4.87984102964401245 10.2928780284043437 
6 12 10 16 31 11 14 1 1 3 26 2.70999124060388841 1 24 4 3.69078797101974487 32.3327868852458948 
16 33 4 3.36768017929769181 26 1 11 24 1 14 18 8 1 32 11 5.50583803653717041 9.71902088947964948 
16 26 7 9 25 1 13 16 13 14 18 8 1 32 11 4.51784300804138184 14.3723830375690333 
8 30 7 4 31 9 14 30 9 15 15 4 3 24 2 3.33891892433166504 53.6333333333333329 
16 28 5 9 25 1 11 24 1 14 18 8 1 32 11 5.54540801048278809 9.01156301782900115 
14 26 2.70999124060388841 9 25 1 13 30 9 14 18 8 1 32 11 3.72966498136520386 29.933394823727177 

Current Evaluation = 40000000(40000100)
Front Size = 24
16 1 4 6 25 13 11 24 1 14 18 8 1 32 11 4.55942708253860474 13.948721209552069 
4 24 10 6 25 13 16 15 2 14 18 8 1 32 11 3.94433695077896118 24.1934339947891459 
17 24 2 6 25 13 13 15 5 14 18 8 1 32 11 3.82442307472229004 24.4923554706163422 
16 33 4 6 25 13 4 6 1 14 18 8 1 32 11 4.6459200382232666 11.8566066557555914 
16 33 4 6 25 13 4 6 4 14 18 8 1 32 11 4.4309200644493103 15.6619065656565652 
16 33 4 9 25 1 4 24 9 14 18 8 1 32 11 4.79570305347442627 11.5905927051671735 
14 30 8 1 1 10 3 5 2 15 26 7 6 32 9 3.59610795974731445 36.1000000000000014 
3 26 6 9 25 1 16 30 9 14 18 8 1 32 11 4.19383406639099121 16.4261583236049091 
16 33 4 9 25 1 15 6 13 14 18 8 1 32 11 4.91290998458862305 9.86312751228122409 
1 25 13 14 26 2 13 6 7 15 24 4 4 15 9 3.34656697511672974 41.2999999999999972 
16 33 4 9 25 1 11 24 1 14 18 8 1 32 11 5.64623606204986572 8.50550954742772269 
4 31 9 9 25 1 17 26 9 14 18 8 1 32 11 4.02545297145843506 22.1793897441720667 
16 6 9 9 25 1 3 1 2.70999124060388841 14 18 8 1 32 11 4.17084091901779175 22.0176737395362991 
16 33 4 9 25 1 6 24 12 14 18 8 1 32 11 4.87984102964401245 10.2928780284043437 
16 33 4 3.36768017929769181 26 1 11 24 1 14 18 8 1 32 11 5.50583803653717041 9.71902088947964948 
16 26 7 9 25 1 13 16 13 14 18 8 1 32 11 4.51784300804138184 14.3723830375690333 
16 28 5 9 25 1 11 24 1 14 18 8 1 32 11 5.54540801048278809 9.01156301782900115 
14 26 2.70999124060388841 9 25 1 13 30 9 14 18 8 1 32 11 3.72966498136520386 29.933394823727177 
16 20 7 9 25 1 15 24 13 14 18 8 1 32 11 4.1896129846572876 20.8801713819519854 
16 33 4 3 12 1 11 24 1 14 18 8 1 32 11 5.48232108354568481 9.81706195829765704 
1 15 4 15 6 9 17 20 11 4 26 1 14 30 2.70999124060388841 3.45216098427772522 37.924096385542164 
6 26 5 13 20 9 3.36768017929769181 31 11 16 15 2 4 30 12 3.72745388746261597 31.4720720720720735 
1 24 5 16 31 13 14 15 9 3 25 2 15 6 10 3.61237883567810059 31.6999999999999993 
14 15 2.70999124060388841 6 26 9 13 24 4 14 20 2 15 25 10 3.12936002016067505 53.5333333333333314 

Current Evaluation = 50000000(50000020)
Front Size = 22
16 1 4 6 25 13 11 24 1 14 18 8 1 32 11 4.55942708253860474 13.948721209552069 
4 24 10 6 25 13 16 15 2 14 18 8 1 32 11 3.94433695077896118 24.1934339947891459 
17 24 2 6 25 13 13 15 5 14 18 8 1 32 11 3.82442307472229004 24.4923554706163422 
16 33 4 6 25 13 4 6 1 14 18 8 1 32 11 4.6459200382232666 11.8566066557555914 
16 33 4 9 25 1 4 24 9 14 18 8 1 32 11 4.79570305347442627 11.5905927051671735 
14 30 8 1 1 10 3 5 2 15 26 7 6 32 9 3.59610795974731445 36.1000000000000014 
16 33 4 9 25 1 15 6 13 14 18 8 1 32 11 4.91290998458862305 9.86312751228122409 
1 25 13 14 26 2 13 6 7 15 24 4 4 15 9 3.34656697511672974 41.2999999999999972 
4 31 9 9 25 1 17 26 9 14 18 8 1 32 11 4.02545297145843506 22.1793897441720667 
16 26 7 9 25 1 13 16 13 14 18 8 1 32 11 4.51784300804138184 14.3723830375690333 
14 26 2.70999124060388841 9 25 1 13 30 9 14 18 8 1 32 11 3.72966498136520386 29.933394823727177 
1 15 4 15 6 9 17 20 11 4 26 1 14 30 2.70999124060388841 3.45216098427772522 37.924096385542164 
6 26 5 13 20 9 3.36768017929769181 31 11 16 15 2 4 30 12 3.72745388746261597 31.4720720720720735 
1 24 5 16 31 13 14 15 9 3 25 2 15 6 10 3.61237883567810059 31.6999999999999993 
14 15 2.70999124060388841 6 26 9 13 24 4 14 20 2 15 25 10 3.12936002016067505 53.5333333333333314 
12 6 2 9 25 1 15 30 4 14 18 8 1 32 11 4.05103898048400879 15.3813034222461322 
16 6 6 9 25 1 3 1 5 14 18 8 1 32 11 4.32185095548629761 14.7393459469606469 
16 33 4 9 25 1 6 24 12 14 18 8 1 32 11 4.87984102964401245 10.2357368557368567 
16 2 2 9 25 1 18 1 9 14 18 8 1 32 11 5.35469794273376465 7.38334862385321067 
16 28 2.70999124060388841 9 25 1 18 1 9 14 18 8 1 32 11 5.6522979736328125 5.19881308622727367 
16 28 2.70999124060388841 9 25 1 4 6 10 14 18 8 1 32 11 4.77207803726196289 11.6023821989935776 
16 28 2.70999124060388841 9 25 1 6 26 12 14 18 8 1 32 11 4.83991098403930664 10.771029651352233 

Current Evaluation = 60000000(60000080)
Front Size = 22
4 24 10 6 25 13 16 15 2 14 18 8 1 32 11 3.94433695077896118 24.1934339947891459 
17 24 2 6 25 13 13 15 5 14 18 8 1 32 11 3.82442307472229004 24.4923554706163422 
14 30 8 1 1 10 3 5 2 15 26 7 6 32 9 3.59610795974731445 36.1000000000000014 
1 25 13 14 26 2 13 6 7 15 24 4 4 15 9 3.34656697511672974 41.2999999999999972 
4 31 9 9 25 1 17 26 9 14 18 8 1 32 11 4.02545297145843506 22.1793897441720667 
14 26 2.70999124060388841 9 25 1 13 30 9 14 18 8 1 32 11 3.72966498136520386 29.933394823727177 
1 15 4 15 6 9 17 20 11 4 26 1 14 30 2.70999124060388841 3.45216098427772522 37.924096385542164 
6 26 5 13 20 9 3.36768017929769181 31 11 16 15 2 4 30 12 3.72745388746261597 31.4720720720720735 
1 24 5 16 31 13 14 15 9 3 25 2 15 6 10 3.61237883567810059 31.6999999999999993 
14 15 2.70999124060388841 6 26 9 13 24 4 14 20 2 15 25 10 3.12936002016067505 53.5333333333333314 
12 6 2 9 25 1 15 30 4 14 18 8 1 32 11 4.05103898048400879 15.3813034222461322 
16 6 6 9 25 1 3 1 5 14 18 8 1 32 11 4.32185095548629761 14.7393459469606469 
16 2 2 9 25 1 18 1 9 14 18 8 1 32 11 5.35469794273376465 7.38334862385321067 
16 28 2.70999124060388841 9 25 1 12 6 7 14 18 8 1 32 11 4.78550100326538086 7.69479479479479433 
16 28 2.70999124060388841 9 25 1 6 6 5 14 18 8 1 32 11 4.68319201469421387 11.0662581862581852 
16 28 2.70999124060388841 9 25 1 18 6 9 14 18 8 1 32 11 5.56396293640136719 6.80959852208464866 
16 28 2.70999124060388841 3.36768017929769181 25 1 18 1 9 14 18 8 1 32 11 5.53400802612304688 7.31601953601953614 
16 28 2.70999124060388841 9 25 1 6 26 10 14 18 8 1 32 11 4.78091096878051758 9.90351942270100771 
16 28 2.70999124060388841 9 25 1 4 24 4 14 18 8 1 32 11 4.73991304636001587 10.0976952184382522 
16 28 2.70999124060388841 9 25 1 18 1 9 14 18 8 1 32 11 5.6522979736328125 4.42776487788097661 
16 28 2.70999124060388841 9 25 1 6 6 7 14 18 8 1 32 11 4.64119201898574829 11.6954279054279056 
16 28 2.70999124060388841 3.36768017929769181 24 4 6 15 9 14 18 8 1 32 11 4.33662599325180054 12.3497258662619167 

Current Evaluation = 70000000(70000000)
Front Size = 23
4 24 10 6 25 13 16 15 2 14 18 8 1 32 11 3.94433695077896118 24.1934339947891459 
17 24 2 6 25 13 13 15 5 14 18 8 1 32 11 3.82442307472229004 24.4923554706163422 
14 30 8 1 1 10 3 5 2 15 26 7 6 32 9 3.59610795974731445 36.1000000000000014 
1 25 13 14 26 2 13 6 7 15 24 4 4 15 9 3.34656697511672974 41.2999999999999972 
4 31 9 9 25 1 17 26 9 14 18 8 1 32 11 4.02545297145843506 22.1793897441720667 
14 26 2.70999124060388841 9 25 1 13 30 9 14 18 8 1 32 11 3.72966498136520386 29.933394823727177 
1 15 4 15 6 9 17 20 11 4 26 1 14 30 2.70999124060388841 3.45216098427772522 37.924096385542164 
6 26 5 13 20 9 3.36768017929769181 31 11 16 15 2 4 30 12 3.72745388746261597 31.4720720720720735 
1 24 5 16 31 13 14 15 9 3 25 2 15 6 10 3.61237883567810059 31.6999999999999993 
14 15 2.70999124060388841 6 26 9 13 24 4 14 20 2 15 25 10 3.12936002016067505 53.5333333333333314 
12 6 2 9 25 1 15 30 4 14 18 8 1 32 11 4.05103898048400879 15.3813034222461322 
16 6 6 9 25 1 3 1 5 14 18 8 1 32 11 4.32185095548629761 14.7393459469606469 
16 2 2 9 25 1 18 1 9 14 18 8 1 32 11 5.35469794273376465 7.38334862385321067 
16 28 2.70999124060388841 9 25 1 12 6 7 14 18 8 1 32 11 4.78550100326538086 7.69479479479479433 
16 28 2.70999124060388841 9 25 1 18 1 9 14 18 8 1 32 11 5.6522979736328125 4.42776487788097661 
16 28 2.70999124060388841 3.36768017929769181 24 4 6 15 9 14 18 8 1 32 11 4.33662599325180054 12.3497258662619167 
16 28 2.70999124060388841 9 25 1 18 1 9 14 9 12 1 32 11 5.61109799146652222 5.71208180708180713 
16 28 2.70999124060388841 4 12 1 18 1 9 14 18 8 1 32 11 5.41458696126937866 6.7503731194082075 
16 28 2.70999124060388841 12 20 1 18 1 9 14 18 8 1 32 11 5.45884799957275391 6.68545098667236104 
16 28 2.70999124060388841 9 25 1 6 6 7 14 18 8 1 32 11 4.64119201898574829 11.3053346229816825 
16 28 2.70999124060388841 9 25 1 4 6 9 14 18 8 1 32 11 4.67005401849746704 8.79569453603839868 
16 28 2.70999124060388841 9 25 1 6 6 4 14 18 8 1 32 11 4.62119203805923462 11.6279227372460454 
16 28 2.70999124060388841 4 15 9 3.36768017929769181 26 4 14 18 8 1 32 11 4.45739609003067017 11.6965159626004933 

Current Evaluation = 80000000(80000060)
Front Size = 26
4 24 10 6 25 13 16 15 2 14 18 8 1 32 11 3.94433695077896118 24.1934339947891459 
17 24 2 6 25 13 13 15 5 14 18 8 1 32 11 3.82442307472229004 24.4923554706163422 
14 30 8 1 1 10 3 5 2 15 26 7 6 32 9 3.59610795974731445 36.1000000000000014 
1 25 13 14 26 2 13 6 7 15 24 4 4 15 9 3.34656697511672974 41.2999999999999972 
4 31 9 9 25 1 17 26 9 14 18 8 1 32 11 4.02545297145843506 22.1793897441720667 
14 26 2.70999124060388841 9 25 1 13 30 9 14 18 8 1 32 11 3.72966498136520386 29.933394823727177 
1 15 4 15 6 9 17 20 11 4 26 1 14 30 2.70999124060388841 3.45216098427772522 37.924096385542164 
6 26 5 13 20 9 3.36768017929769181 31 11 16 15 2 4 30 12 3.72745388746261597 31.4720720720720735 
1 24 5 16 31 13 14 15 9 3 25 2 15 6 10 3.61237883567810059 31.6999999999999993 
14 15 2.70999124060388841 6 26 9 13 24 4 14 20 2 15 25 10 3.12936002016067505 53.5333333333333314 
12 6 2 9 25 1 15 30 4 14 18 8 1 32 11 4.05103898048400879 15.3813034222461322 
16 6 6 9 25 1 3 1 5 14 18 8 1 32 11 4.32185095548629761 14.7393459469606469 
16 2 2 9 25 1 18 1 9 14 18 8 1 32 11 5.35469794273376465 7.38334862385321067 
16 28 2.70999124060388841 9 25 1 12 6 7 14 18 8 1 32 11 4.78550100326538086 7.69479479479479433 
16 28 2.70999124060388841 9 25 1 18 1 9 14 18 8 1 32 11 5.6522979736328125 4.42776487788097661 
16 28 2.70999124060388841 3.36768017929769181 24 4 6 15 9 14 18 8 1 32 11 4.33662599325180054 12.3497258662619167 
16 28 2.70999124060388841 4 12 1 18 1 9 14 18 8 1 32 11 5.41458696126937866 6.7503731194082075 
16 28 2.70999124060388841 12 20 1 18 1 9 14 18 8 1 32 11 5.45884799957275391 6.68545098667236104 
16 28 2.70999124060388841 9 25 1 4 6 9 14 18 8 1 32 11 4.67005401849746704 8.79569453603839868 
16 28 2.70999124060388841 4 15 9 3.36768017929769181 26 4 14 18 8 1 32 11 4.45739609003067017 11.6965159626004933 
16 28 2.70999124060388841 9 25 1 4 24 1 14 30 10 1 32 11 4.58870503306388855 11.3345367435173578 
16 28 2.70999124060388841 4 6 10 3 31 4 14 18 8 1 32 11 4.39586305618286133 11.8540252815452583 
16 28 2.70999124060388841 4 20 1 18 1 9 14 18 8 1 32 11 5.39142495393753052 6.8032034849427454 
16 28 2.70999124060388841 12 12 1 18 1 9 14 18 8 1 32 11 5.48200994729995728 5.03595942205387459 
12 15 7 9 25 1 16 2 2.70999124060388841 14 18 8 1 32 11 4.63064098358154297 11.2808741475866228 
16 28 2.70999124060388841 9 25 1 12 6 4 14 18 8 1 32 11 4.76550102233886719 8.75920377867746325 

Current Evaluation = 90000000(90000120)
Front Size = 29
4 24 10 6 25 13 16 15 2 14 18 8 1 32 11 3.94433695077896118 24.1934339947891459 
17 24 2 6 25 13 13 15 5 14 18 8 1 32 11 3.82442307472229004 24.4923554706163422 
14 30 8 1 1 10 3 5 2 15 26 7 6 32 9 3.59610795974731445 36.1000000000000014 
1 25 13 14 26 2 13 6 7 15 24 4 4 15 9 3.34656697511672974 41.2999999999999972 
4 31 9 9 25 1 17 26 9 14 18 8 1 32 11 4.02545297145843506 22.1793897441720667 
14 26 2.70999124060388841 9 25 1 13 30 9 14 18 8 1 32 11 3.72966498136520386 29.933394823727177 
1 15 4 15 6 9 17 20 11 4 26 1 14 30 2.70999124060388841 3.45216098427772522 37.924096385542164 
6 26 5 13 20 9 3.36768017929769181 31 11 16 15 2 4 30 12 3.72745388746261597 31.4720720720720735 
1 24 5 16 31 13 14 15 9 3 25 2 15 6 10 3.61237883567810059 31.6999999999999993 
14 15 2.70999124060388841 6 26 9 13 24 4 14 20 2 15 25 10 3.12936002016067505 53.5333333333333314 
12 6 2 9 25 1 15 30 4 14 18 8 1 32 11 4.05103898048400879 15.3813034222461322 
16 6 6 9 25 1 3 1 5 14 18 8 1 32 11 4.32185095548629761 14.7393459469606469 
16 2 2 9 25 1 18 1 9 14 18 8 1 32 11 5.35469794273376465 7.38334862385321067 
16 28 2.70999124060388841 9 25 1 12 6 7 14 18 8 1 32 11 4.78550100326538086 7.69479479479479433 
16 28 2.70999124060388841 9 25 1 18 1 9 14 18 8 1 32 11 5.6522979736328125 4.42776487788097661 
16 28 2.70999124060388841 3.36768017929769181 24 4 6 15 9 14 18 8 1 32 11 4.33662599325180054 12.3497258662619167 
16 28 2.70999124060388841 4 12 1 18 1 9 14 18 8 1 32 11 5.41458696126937866 6.7503731194082075 
16 28 2.70999124060388841 12 20 1 18 1 9 14 18 8 1 32 11 5.45884799957275391 6.68545098667236104 
16 28 2.70999124060388841 9 25 1 4 6 9 14 18 8 1 32 11 4.67005401849746704 8.79569453603839868 
16 28 2.70999124060388841 4 15 9 3.36768017929769181 26 4 14 18 8 1 32 11 4.45739609003067017 11.6965159626004933 
16 28 2.70999124060388841 9 25 1 4 24 1 14 30 10 1 32 11 4.58870503306388855 11.3345367435173578 
16 28 2.70999124060388841 4 6 10 3 31 4 14 18 8 1 32 11 4.39586305618286133 11.8540252815452583 
16 28 2.70999124060388841 4 20 1 18 1 9 14 18 8 1 32 11 5.39142495393753052 6.8032034849427454 
16 28 2.70999124060388841 12 12 1 18 1 9 14 18 8 1 32 11 5.48200994729995728 5.03595942205387459 
12 15 7 9 25 1 16 2 2.70999124060388841 14 18 8 1 32 11 4.63064098358154297 11.2808741475866228 
16 28 2.70999124060388841 9 25 1 12 6 4 14 18 8 1 32 11 4.76550102233886719 8.75920377867746325 
16 28 2.70999124060388841 9 25 1 6 30 9 14 18 8 1 32 11 4.55779099464416504 11.4819419149028086 
16 28 2.70999124060388841 9 25 1 6 24 4 14 18 8 1 32 11 4.66302704811096191 10.1853030627009069 
16 30 4 9 25 1 13 26 7 14 18 8 1 32 11 3.94698804616928101 22.8145552560646863 

Current Evaluation = 100000000(100000040)
Front Size = 33
4 24 10 6 25 13 16 15 2 14 18 8 1 32 11 3.94433695077896118 24.1934339947891459 
17 24 2 6 25 13 13 15 5 14 18 8 1 32 11 3.82442307472229004 24.4923554706163422 
14 30 8 1 1 10 3 5 2 15 26 7 6 32 9 3.59610795974731445 36.1000000000000014 
1 25 13 14 26 2 13 6 7 15 24 4 4 15 9 3.34656697511672974 41.2999999999999972 
4 31 9 9 25 1 17 26 9 14 18 8 1 32 11 4.02545297145843506 22.1793897441720667 
14 26 2.70999124060388841 9 25 1 13 30 9 14 18 8 1 32 11 3.72966498136520386 29.933394823727177 
1 15 4 15 6 9 17 20 11 4 26 1 14 30 2.70999124060388841 3.45216098427772522 37.924096385542164 
6 26 5 13 20 9 3.36768017929769181 31 11 16 15 2 4 30 12 3.72745388746261597 31.4720720720720735 
1 24 5 16 31 13 14 15 9 3 25 2 15 6 10 3.61237883567810059 31.6999999999999993 
14 15 2.70999124060388841 6 26 9 13 24 4 14 20 2 15 25 10 3.12936002016067505 53.5333333333333314 
12 6 2 9 25 1 15 30 4 14 18 8 1 32 11 4.05103898048400879 15.3813034222461322 
16 6 6 9 25 1 3 1 5 14 18 8 1 32 11 4.32185095548629761 14.7393459469606469 
16 2 2 9 25 1 18 1 9 14 18 8 1 32 11 5.35469794273376465 7.38334862385321067 
16 28 2.70999124060388841 9 25 1 12 6 7 14 18 8 1 32 11 4.78550100326538086 7.69479479479479433 
16 28 2.70999124060388841 9 25 1 18 1 9 14 18 8 1 32 11 5.6522979736328125 4.42776487788097661 
16 28 2.70999124060388841 3.36768017929769181 24 4 6 15 9 14 18 8 1 32 11 4.33662599325180054 12.3497258662619167 
16 28 2.70999124060388841 4 12 1 18 1 9 14 18 8 1 32 11 5.41458696126937866 6.7503731194082075 
16 28 2.70999124060388841 12 20 1 18 1 9 14 18 8 1 32 11 5.45884799957275391 6.68545098667236104 
16 28 2.70999124060388841 9 25 1 4 6 9 14 18 8 1 32 11 4.67005401849746704 8.79569453603839868 
16 28 2.70999124060388841 4 15 9 3.36768017929769181 26 4 14 18 8 1 32 11 4.45739609003067017 11.6965159626004933 
16 28 2.70999124060388841 9 25 1 4 24 1 14 30 10 1 32 11 4.58870503306388855 11.3345367435173578 
16 28 2.70999124060388841 4 6 10 3 31 4 14 18 8 1 32 11 4.39586305618286133 11.8540252815452583 
16 28 2.70999124060388841 4 20 1 18 1 9 14 18 8 1 32 11 5.39142495393753052 6.8032034849427454 
16 28 2.70999124060388841 12 12 1 18 1 9 14 18 8 1 32 11 5.48200994729995728 5.03595942205387459 
12 15 7 9 25 1 16 2 2.70999124060388841 14 18 8 1 32 11 4.63064098358154297 11.2808741475866228 
16 28 2.70999124060388841 9 25 1 12 6 4 14 18 8 1 32 11 4.76550102233886719 8.75920377867746325 
16 28 2.70999124060388841 9 25 1 6 30 9 14 18 8 1 32 11 4.55779099464416504 11.4819419149028086 
16 28 2.70999124060388841 9 25 1 6 24 4 14 18 8 1 32 11 4.66302704811096191 10.1853030627009069 
16 30 4 9 25 1 13 26 7 14 18 8 1 32 11 3.94698804616928101 22.8145552560646863 
16 28 2.70999124060388841 9 25 1 14 24 5 6 18 4 1 32 11 4.5508270263671875 11.5946829903848414 
15 26 2 14 1 13 17 31 9 2 24 2 14 30 9 3.28364801406860352 49.2000000000000028 
16 28 2.70999124060388841 12 6 4 4 25 9 14 18 8 1 32 11 4.33039098978042603 14.3941313607110963 
16 28 2.70999124060388841 9 25 1 6 6 7 14 18 8 1 32 11 4.64119201898574829 10.9875983436852991 

MOEA/D: Multiobjective Evolutionary Algorithm Based on Decomposition
Number of Evaluations = 100000000
Mutation Probability = 0.0500000007450580597
Population Size = 140
Neighborhood size = 42
Seed: 13

Time =  39696.0619189999998

Current Evaluation = 100000040
Front Size = 33
4 24 10 6 25 13 16 15 2 14 18 8 1 32 11 3.94433695077896118 24.1934339947891459 
17 24 2 6 25 13 13 15 5 14 18 8 1 32 11 3.82442307472229004 24.4923554706163422 
14 30 8 1 1 10 3 5 2 15 26 7 6 32 9 3.59610795974731445 36.1000000000000014 
1 25 13 14 26 2 13 6 7 15 24 4 4 15 9 3.34656697511672974 41.2999999999999972 
4 31 9 9 25 1 17 26 9 14 18 8 1 32 11 4.02545297145843506 22.1793897441720667 
14 26 2.70999124060388841 9 25 1 13 30 9 14 18 8 1 32 11 3.72966498136520386 29.933394823727177 
1 15 4 15 6 9 17 20 11 4 26 1 14 30 2.70999124060388841 3.45216098427772522 37.924096385542164 
6 26 5 13 20 9 3.36768017929769181 31 11 16 15 2 4 30 12 3.72745388746261597 31.4720720720720735 
1 24 5 16 31 13 14 15 9 3 25 2 15 6 10 3.61237883567810059 31.6999999999999993 
14 15 2.70999124060388841 6 26 9 13 24 4 14 20 2 15 25 10 3.12936002016067505 53.5333333333333314 
12 6 2 9 25 1 15 30 4 14 18 8 1 32 11 4.05103898048400879 15.3813034222461322 
16 6 6 9 25 1 3 1 5 14 18 8 1 32 11 4.32185095548629761 14.7393459469606469 
16 2 2 9 25 1 18 1 9 14 18 8 1 32 11 5.35469794273376465 7.38334862385321067 
16 28 2.70999124060388841 9 25 1 12 6 7 14 18 8 1 32 11 4.78550100326538086 7.69479479479479433 
16 28 2.70999124060388841 9 25 1 18 1 9 14 18 8 1 32 11 5.6522979736328125 4.42776487788097661 
16 28 2.70999124060388841 3.36768017929769181 24 4 6 15 9 14 18 8 1 32 11 4.33662599325180054 12.3497258662619167 
16 28 2.70999124060388841 4 12 1 18 1 9 14 18 8 1 32 11 5.41458696126937866 6.7503731194082075 
16 28 2.70999124060388841 12 20 1 18 1 9 14 18 8 1 32 11 5.45884799957275391 6.68545098667236104 
16 28 2.70999124060388841 9 25 1 4 6 9 14 18 8 1 32 11 4.67005401849746704 8.79569453603839868 
16 28 2.70999124060388841 4 15 9 3.36768017929769181 26 4 14 18 8 1 32 11 4.45739609003067017 11.6965159626004933 
16 28 2.70999124060388841 9 25 1 4 24 1 14 30 10 1 32 11 4.58870503306388855 11.3345367435173578 
16 28 2.70999124060388841 4 6 10 3 31 4 14 18 8 1 32 11 4.39586305618286133 11.8540252815452583 
16 28 2.70999124060388841 4 20 1 18 1 9 14 18 8 1 32 11 5.39142495393753052 6.8032034849427454 
16 28 2.70999124060388841 12 12 1 18 1 9 14 18 8 1 32 11 5.48200994729995728 5.03595942205387459 
12 15 7 9 25 1 16 2 2.70999124060388841 14 18 8 1 32 11 4.63064098358154297 11.2808741475866228 
16 28 2.70999124060388841 9 25 1 12 6 4 14 18 8 1 32 11 4.76550102233886719 8.75920377867746325 
16 28 2.70999124060388841 9 25 1 6 30 9 14 18 8 1 32 11 4.55779099464416504 11.4819419149028086 
16 28 2.70999124060388841 9 25 1 6 24 4 14 18 8 1 32 11 4.66302704811096191 10.1853030627009069 
16 30 4 9 25 1 13 26 7 14 18 8 1 32 11 3.94698804616928101 22.8145552560646863 
16 28 2.70999124060388841 9 25 1 14 24 5 6 18 4 1 32 11 4.5508270263671875 11.5946829903848414 
15 26 2 14 1 13 17 31 9 2 24 2 14 30 9 3.28364801406860352 49.2000000000000028 
16 28 2.70999124060388841 12 6 4 4 25 9 14 18 8 1 32 11 4.33039098978042603 14.3941313607110963 
16 28 2.70999124060388841 9 25 1 6 6 7 14 18 8 1 32 11 4.64119201898574829 10.9875983436852991 

