Current Evaluation = 10000000(10000060)
Front Size = 24
3.36768017929769181 16.1354543567662532 10 17 31 12 6 6 2.70999124060388841 11 14 9 14 32 2 4.64438587427139282 13.9059440559440546 
3.36768017929769181 16.1354543567662532 10 4 5.34074699537910114 6.96245171630185755 6 6 2.70999124060388841 15 24 13 14 32 2 4.14076095819473267 19.0884757676655568 
3.36768017929769181 16.1354543567662532 10 18 26 8 1 30 2.70999124060388841 4 20 9 14 32 2 4.74038606882095337 13.7127919446132829 
3.36768017929769181 16.1354543567662532 10 14 24 11 1 30 2.70999124060388841 6 15 9 14 32 2 3.54225301742553711 27.1954360020397772 
3.36768017929769181 16.1354543567662532 10 18 26 8 1 30 2.70999124060388841 11 14 9 14 32 2 5.59972298145294189 9.36781144781144803 
3.36768017929769181 16.1354543567662532 10 10 15 3 1 30 2.70999124060388841 17 24 13 14 32 2 4.4837651252746582 14.9229509789052415 
3.36768017929769181 16.1354543567662532 10 18 26 8 1 30 2.70999124060388841 4 14 4 14 32 2 5.02023810148239136 11.0219526367352465 
3.36768017929769181 16.1354543567662532 10 18 26 8 1 30 2.70999124060388841 4 1 9 14 32 2 4.789681077003479 12.4609230242315263 
3.36768017929769181 16.1354543567662532 10 18 26 8 1 30 2.70999124060388841 10 15 4 14 32 2 5.35383915901184082 10.8849510830241059 
3.36768017929769181 16.1354543567662532 10 18 26 8 1 30 2.70999124060388841 12 20 6 14 32 2 4.97583311796188354 11.6690581202794945 
3.36768017929769181 16.1354543567662532 10 18 26 8 1 30 2.70999124060388841 4 33 7 14 32 2 5.57354211807250977 10.7072688263347899 
16 9 2 14 24 4 13 15 7 14 1 11 3 30 12 3.49639591574668884 39.0666666666666629 
3.36768017929769181 16.1354543567662532 10 12 6 5 1 30 2.70999124060388841 15 20 11 14 32 2 3.86162304878234863 21.9972440783795662 
3.36768017929769181 16.1354543567662532 10 4 1 6 1 30 2.70999124060388841 16 19 12 14 32 2 4.27790004014968872 15.6472026340361037 
1 30 2 14 6 2.70999124060388841 14 15 11 15 24 10 4 26 9 3.17149701714515686 50.2000000000000028 
3.36768017929769181 16.1354543567662532 10 18 26 8 1 30 2.70999124060388841 9 20 7 14 32 2 4.98049604892730713 11.3434038965073434 
3.36768017929769181 16.1354543567662532 10 18 26 8 1 30 2.70999124060388841 12 15 4 14 32 2 4.93953311443328857 11.8930830280830282 
3.36768017929769181 16.1354543567662532 10 18 26 8 1 30 2.70999124060388841 4 20 4 14 32 2 4.7684100866317749 12.9359974210889543 
3.36768017929769181 16.1354543567662532 10 18 26 8 1 30 2.70999124060388841 4 12 9 14 32 2 4.76354807615280151 13.2658119658119666 
3.36768017929769181 16.1354543567662532 10 18 26 8 1 30 2.70999124060388841 4 12 4 14 32 2 4.79157209396362305 12.0721124796950736 
3.36768017929769181 16.1354543567662532 10 12 12 4 1 30 2.70999124060388841 15 30 11 14 32 2 3.78740805387496948 25.6895047311869362 
3.36768017929769181 16.1354543567662532 10 18 26 8 1 30 2.70999124060388841 4 25 6 14 32 2 4.97719705104827881 11.5573229291716686 
13 30 2.70999124060388841 14 24 6.96245171630185755 16 15 7 1 6 3.84646942076222631 15 31 9.82524131762891173 3.32530492544174194 46.6154021417179294 
3.36768017929769181 16.1354543567662532 10 4 7 9 1 30 2.70999124060388841 15 31 11 14 32 2 4.25175398588180542 17.4326303483750316 

Current Evaluation = 20000000(20000120)
Front Size = 29
3.36768017929769181 16.1354543567662532 10 17 31 12 6 6 2.70999124060388841 11 14 9 14 32 2 4.64438587427139282 13.9059440559440546 
3.36768017929769181 16.1354543567662532 10 4 5.34074699537910114 6.96245171630185755 6 6 2.70999124060388841 15 24 13 14 32 2 4.14076095819473267 19.0884757676655568 
3.36768017929769181 16.1354543567662532 10 18 26 8 1 30 2.70999124060388841 4 20 9 14 32 2 4.74038606882095337 13.7127919446132829 
3.36768017929769181 16.1354543567662532 10 14 24 11 1 30 2.70999124060388841 6 15 9 14 32 2 3.54225301742553711 27.1954360020397772 
3.36768017929769181 16.1354543567662532 10 18 26 8 1 30 2.70999124060388841 11 14 9 14 32 2 5.59972298145294189 9.36781144781144803 
3.36768017929769181 16.1354543567662532 10 18 26 8 1 30 2.70999124060388841 4 14 4 14 32 2 5.02023810148239136 11.0219526367352465 
3.36768017929769181 16.1354543567662532 10 18 26 8 1 30 2.70999124060388841 10 15 4 14 32 2 5.35383915901184082 10.8849510830241059 
3.36768017929769181 16.1354543567662532 10 18 26 8 1 30 2.70999124060388841 12 20 6 14 32 2 4.97583311796188354 11.6690581202794945 
3.36768017929769181 16.1354543567662532 10 12 6 5 1 30 2.70999124060388841 15 20 11 14 32 2 3.86162304878234863 21.9972440783795662 
3.36768017929769181 16.1354543567662532 10 4 1 6 1 30 2.70999124060388841 16 19 12 14 32 2 4.27790004014968872 15.6472026340361037 
1 30 2 14 6 2.70999124060388841 14 15 11 15 24 10 4 26 9 3.17149701714515686 50.2000000000000028 
3.36768017929769181 16.1354543567662532 10 18 26 8 1 30 2.70999124060388841 9 20 7 14 32 2 4.98049604892730713 11.3434038965073434 
3.36768017929769181 16.1354543567662532 10 18 26 8 1 30 2.70999124060388841 4 12 9 14 32 2 4.76354807615280151 13.2658119658119666 
3.36768017929769181 16.1354543567662532 10 18 26 8 1 30 2.70999124060388841 4 12 4 14 32 2 4.79157209396362305 12.0721124796950736 
3.36768017929769181 16.1354543567662532 10 18 26 8 1 30 2.70999124060388841 4 25 6 14 32 2 4.97719705104827881 11.5573229291716686 
13 30 2.70999124060388841 14 24 6.96245171630185755 16 15 7 1 6 3.84646942076222631 15 31 9.82524131762891173 3.32530492544174194 46.6154021417179294 
3.36768017929769181 16.1354543567662532 10 4 7 9 1 30 2.70999124060388841 15 31 11 14 32 2 4.25175398588180542 17.4326303483750316 
3.36768017929769181 16.1354543567662532 10 18 26 8 1 30 2.70999124060388841 4 25 4 14 32 2 4.83719706535339355 11.7426351752822349 
3.36768017929769181 16.1354543567662532 10 17 20 12 1 30 2.70999124060388841 8 6 10 14 32 2 3.95522600412368774 20.911010096937769 
3.36768017929769181 16.1354543567662532 10 15 20 12 1 30 2.70999124060388841 12 6 9 14 32 2 3.78499901294708252 24.9091702120789087 
3.36768017929769181 16.1354543567662532 10 18 26 8 1 30 2.70999124060388841 4 20 4 14 32 2 4.7684100866317749 12.6555608718766628 
3.36768017929769181 16.1354543567662532 10 14 1 5 1 30 2.70999124060388841 15 6 4 14 32 2 3.49134105443954468 38.0620332741351461 
3.36768017929769181 16.1354543567662532 10 18 26 8 1 30 2.70999124060388841 10 25 11 14 32 2 5.43852603435516357 10.0856535599363113 
3.36768017929769181 16.1354543567662532 10 15 7 12 1 30 2.70999124060388841 4 1 9 14 32 2 4.28858709335327148 14.8325520150097567 
3.36768017929769181 16.1354543567662532 10 18 26 8 1 30 2.70999124060388841 6 12 4 14 32 2 4.71468609571456909 13.8484507607088254 
3.36768017929769181 16.1354543567662532 10 4 12 11 1 30 2.70999124060388841 2 1 3 14 32 2 4.11385899782180786 20.5355836608224642 
3.36768017929769181 16.1354543567662532 10 17 6 11 1 30 2.70999124060388841 11 14 9 14 32 2 4.55441397428512573 14.2505390415275421 
3.36768017929769181 16.1354543567662532 10 15 6 2 1 30 2.70999124060388841 12 25 12 14 32 2 3.96082401275634766 20.7145470949594639 
3.36768017929769181 16.1354543567662532 10 18 26 8 1 30 2.70999124060388841 4 20 7 14 32 2 4.78841006755828857 12.4254311522604208 

Current Evaluation = 30000000(30000040)
Front Size = 33
3.36768017929769181 16.1354543567662532 10 17 31 12 6 6 2.70999124060388841 11 14 9 14 32 2 4.64438587427139282 13.9059440559440546 
3.36768017929769181 16.1354543567662532 10 14 24 11 1 30 2.70999124060388841 6 15 9 14 32 2 3.54225301742553711 27.1954360020397772 
3.36768017929769181 16.1354543567662532 10 18 26 8 1 30 2.70999124060388841 11 14 9 14 32 2 5.59972298145294189 9.36781144781144803 
3.36768017929769181 16.1354543567662532 10 18 26 8 1 30 2.70999124060388841 4 14 4 14 32 2 5.02023810148239136 11.0219526367352465 
3.36768017929769181 16.1354543567662532 10 18 26 8 1 30 2.70999124060388841 10 15 4 14 32 2 5.35383915901184082 10.8849510830241059 
3.36768017929769181 16.1354543567662532 10 12 6 5 1 30 2.70999124060388841 15 20 11 14 32 2 3.86162304878234863 21.9972440783795662 
3.36768017929769181 16.1354543567662532 10 4 1 6 1 30 2.70999124060388841 16 19 12 14 32 2 4.27790004014968872 15.6472026340361037 
1 30 2 14 6 2.70999124060388841 14 15 11 15 24 10 4 26 9 3.17149701714515686 50.2000000000000028 
3.36768017929769181 16.1354543567662532 10 18 26 8 1 30 2.70999124060388841 9 20 7 14 32 2 4.98049604892730713 11.3434038965073434 
3.36768017929769181 16.1354543567662532 10 18 26 8 1 30 2.70999124060388841 4 12 9 14 32 2 4.76354807615280151 13.2658119658119666 
3.36768017929769181 16.1354543567662532 10 18 26 8 1 30 2.70999124060388841 4 12 4 14 32 2 4.79157209396362305 12.0721124796950736 
3.36768017929769181 16.1354543567662532 10 18 26 8 1 30 2.70999124060388841 4 25 6 14 32 2 4.97719705104827881 11.5573229291716686 
13 30 2.70999124060388841 14 24 6.96245171630185755 16 15 7 1 6 3.84646942076222631 15 31 9.82524131762891173 3.32530492544174194 46.6154021417179294 
3.36768017929769181 16.1354543567662532 10 4 7 9 1 30 2.70999124060388841 15 31 11 14 32 2 4.25175398588180542 17.4326303483750316 
3.36768017929769181 16.1354543567662532 10 18 26 8 1 30 2.70999124060388841 4 25 4 14 32 2 4.83719706535339355 11.7426351752822349 
3.36768017929769181 16.1354543567662532 10 17 20 12 1 30 2.70999124060388841 8 6 10 14 32 2 3.95522600412368774 20.911010096937769 
3.36768017929769181 16.1354543567662532 10 15 20 12 1 30 2.70999124060388841 12 6 9 14 32 2 3.78499901294708252 24.9091702120789087 
3.36768017929769181 16.1354543567662532 10 18 26 8 1 30 2.70999124060388841 4 20 4 14 32 2 4.7684100866317749 12.6555608718766628 
3.36768017929769181 16.1354543567662532 10 14 1 5 1 30 2.70999124060388841 15 6 4 14 32 2 3.49134105443954468 38.0620332741351461 
3.36768017929769181 16.1354543567662532 10 18 26 8 1 30 2.70999124060388841 10 25 11 14 32 2 5.43852603435516357 10.0856535599363113 
3.36768017929769181 16.1354543567662532 10 15 7 12 1 30 2.70999124060388841 4 1 9 14 32 2 4.28858709335327148 14.8325520150097567 
3.36768017929769181 16.1354543567662532 10 18 26 8 1 30 2.70999124060388841 6 12 4 14 32 2 4.71468609571456909 13.8484507607088254 
3.36768017929769181 16.1354543567662532 10 17 6 11 1 30 2.70999124060388841 11 14 9 14 32 2 4.55441397428512573 14.2505390415275421 
3.36768017929769181 16.1354543567662532 10 15 6 2 1 30 2.70999124060388841 12 25 12 14 32 2 3.96082401275634766 20.7145470949594639 
3.36768017929769181 16.1354543567662532 10 18 26 8 1 30 2.70999124060388841 4 20 7 14 32 2 4.78841006755828857 12.4254311522604208 
3.36768017929769181 16.1354543567662532 10 18 26 8 1 30 2.70999124060388841 4 20 9 14 32 2 4.74038606882095337 13.5429790324617905 
3.36768017929769181 16.1354543567662532 10 14 31 7 1 30 2.70999124060388841 1 20 11 14 32 2 3.53335106372833252 32.1178526907019091 
3.36768017929769181 16.1354543567662532 10 10 12 12 1 30 2.70999124060388841 3 26 5 14 32 2 4.4739881157875061 14.6822226179821129 
3.36768017929769181 16.1354543567662532 10 18 26 8 1 30 2.70999124060388841 12 1 10 14 32 2 4.95912814140319824 11.5973271092669457 
3.36768017929769181 16.1354543567662532 10 12 28 5 1 30 2.70999124060388841 6 18 12 14 32 2 4.65305411815643311 13.8537335590674218 
3.36768017929769181 16.1354543567662532 10 18 26 8 1 30 2.70999124060388841 12 15 5 14 32 2 5.00153309106826782 11.169993168674841 
15 24 4 14 25 4 17 20 11 3 15 10 13 26 9 3.46308696269989014 43.8999999999999915 
3.36768017929769181 16.1354543567662532 10 17 24 5 1 30 2.70999124060388841 12 25 12 14 32 2 3.97654604911804199 18.3866911550352512 

Current Evaluation = 40000000(40000100)
Front Size = 34
3.36768017929769181 16.1354543567662532 10 17 31 12 6 6 2.70999124060388841 11 14 9 14 32 2 4.64438587427139282 13.9059440559440546 
3.36768017929769181 16.1354543567662532 10 14 24 11 1 30 2.70999124060388841 6 15 9 14 32 2 3.54225301742553711 27.1954360020397772 
3.36768017929769181 16.1354543567662532 10 18 26 8 1 30 2.70999124060388841 11 14 9 14 32 2 5.59972298145294189 9.36781144781144803 
3.36768017929769181 16.1354543567662532 10 12 6 5 1 30 2.70999124060388841 15 20 11 14 32 2 3.86162304878234863 21.9972440783795662 
3.36768017929769181 16.1354543567662532 10 4 1 6 1 30 2.70999124060388841 16 19 12 14 32 2 4.27790004014968872 15.6472026340361037 
1 30 2 14 6 2.70999124060388841 14 15 11 15 24 10 4 26 9 3.17149701714515686 50.2000000000000028 
3.36768017929769181 16.1354543567662532 10 18 26 8 1 30 2.70999124060388841 4 12 9 14 32 2 4.76354807615280151 13.2658119658119666 
13 30 2.70999124060388841 14 24 6.96245171630185755 16 15 7 1 6 3.84646942076222631 15 31 9.82524131762891173 3.32530492544174194 46.6154021417179294 
3.36768017929769181 16.1354543567662532 10 4 7 9 1 30 2.70999124060388841 15 31 11 14 32 2 4.25175398588180542 17.4326303483750316 
3.36768017929769181 16.1354543567662532 10 15 20 12 1 30 2.70999124060388841 12 6 9 14 32 2 3.78499901294708252 24.9091702120789087 
3.36768017929769181 16.1354543567662532 10 18 26 8 1 30 2.70999124060388841 4 20 4 14 32 2 4.7684100866317749 12.6555608718766628 
3.36768017929769181 16.1354543567662532 10 14 1 5 1 30 2.70999124060388841 15 6 4 14 32 2 3.49134105443954468 38.0620332741351461 
3.36768017929769181 16.1354543567662532 10 15 7 12 1 30 2.70999124060388841 4 1 9 14 32 2 4.28858709335327148 14.8325520150097567 
3.36768017929769181 16.1354543567662532 10 18 26 8 1 30 2.70999124060388841 6 12 4 14 32 2 4.71468609571456909 13.8484507607088254 
3.36768017929769181 16.1354543567662532 10 17 6 11 1 30 2.70999124060388841 11 14 9 14 32 2 4.55441397428512573 14.2505390415275421 
3.36768017929769181 16.1354543567662532 10 18 26 8 1 30 2.70999124060388841 4 20 7 14 32 2 4.78841006755828857 12.4254311522604208 
3.36768017929769181 16.1354543567662532 10 18 26 8 1 30 2.70999124060388841 4 20 9 14 32 2 4.74038606882095337 13.5429790324617905 
3.36768017929769181 16.1354543567662532 10 14 31 7 1 30 2.70999124060388841 1 20 11 14 32 2 3.53335106372833252 32.1178526907019091 
3.36768017929769181 16.1354543567662532 10 10 12 12 1 30 2.70999124060388841 3 26 5 14 32 2 4.4739881157875061 14.6822226179821129 
3.36768017929769181 16.1354543567662532 10 12 28 5 1 30 2.70999124060388841 6 18 12 14 32 2 4.65305411815643311 13.8537335590674218 
3.36768017929769181 16.1354543567662532 10 18 26 8 1 30 2.70999124060388841 12 15 5 14 32 2 5.00153309106826782 11.169993168674841 
15 24 4 14 25 4 17 20 11 3 15 10 13 26 9 3.46308696269989014 43.8999999999999915 
3.36768017929769181 16.1354543567662532 10 17 24 5 1 30 2.70999124060388841 12 25 12 14 32 2 3.97654604911804199 18.3866911550352512 
3.36768017929769181 16.1354543567662532 10 18 26 8 1 30 2.70999124060388841 12 12 9 14 32 2 4.83097106218338013 11.4106103627495141 
14 6 9 4 32 11 6 24 7 3 26 13 15 1 4 3.41118896007537842 46.1999999999999957 
3.36768017929769181 16.1354543567662532 10 16 6 2.70999124060388841 1 30 2.70999124060388841 15 24 12 14 32 2 3.84316796064376831 22.7288777740652783 
3.36768017929769181 16.1354543567662532 10 18 26 8 1 30 2.70999124060388841 4 12 4 14 32 2 4.79157209396362305 11.5709296786121243 
3.36768017929769181 16.1354543567662532 10 18 26 8 1 30 2.70999124060388841 9 5.34074699537910114 5 14 32 2 5.22415196895599365 9.99019301439700769 
3.36768017929769181 16.1354543567662532 10 18 26 8 1 30 2.70999124060388841 12 5.34074699537910114 9 14 32 2 5.00946509838104248 11.0170634920634924 
3.36768017929769181 16.1354543567662532 10 18 26 8 1 30 2.70999124060388841 4 17 9 14 32 2 5.13644707202911377 10.5443381568701273 
3.36768017929769181 16.1354543567662532 10 13 24 11 1 30 2.70999124060388841 17 20 5 14 32 2 3.74586206674575806 26.7127120985694049 
3.36768017929769181 16.1354543567662532 10 18 26 8 1 30 2.70999124060388841 12 1 4 14 32 2 4.88512814044952393 11.2280482487525184 
3.36768017929769181 16.1354543567662532 10 4 26 12 1 30 2.70999124060388841 6 15 10 14 32 2 3.93411499261856079 21.4697407890109417 
3.36768017929769181 16.1354543567662532 10 4 24 5 1 30 2.70999124060388841 17 31 1 14 32 2 3.94819802045822144 19.5872337976760242 

Current Evaluation = 50000000(50000020)
Front Size = 29
3.36768017929769181 16.1354543567662532 10 14 24 11 1 30 2.70999124060388841 6 15 9 14 32 2 3.54225301742553711 27.1954360020397772 
3.36768017929769181 16.1354543567662532 10 18 26 8 1 30 2.70999124060388841 11 14 9 14 32 2 5.59972298145294189 9.36781144781144803 
3.36768017929769181 16.1354543567662532 10 12 6 5 1 30 2.70999124060388841 15 20 11 14 32 2 3.86162304878234863 21.9972440783795662 
3.36768017929769181 16.1354543567662532 10 4 1 6 1 30 2.70999124060388841 16 19 12 14 32 2 4.27790004014968872 15.6472026340361037 
1 30 2 14 6 2.70999124060388841 14 15 11 15 24 10 4 26 9 3.17149701714515686 50.2000000000000028 
13 30 2.70999124060388841 14 24 6.96245171630185755 16 15 7 1 6 3.84646942076222631 15 31 9.82524131762891173 3.32530492544174194 46.6154021417179294 
3.36768017929769181 16.1354543567662532 10 4 7 9 1 30 2.70999124060388841 15 31 11 14 32 2 4.25175398588180542 17.4326303483750316 
3.36768017929769181 16.1354543567662532 10 15 20 12 1 30 2.70999124060388841 12 6 9 14 32 2 3.78499901294708252 24.9091702120789087 
3.36768017929769181 16.1354543567662532 10 14 1 5 1 30 2.70999124060388841 15 6 4 14 32 2 3.49134105443954468 38.0620332741351461 
3.36768017929769181 16.1354543567662532 10 15 7 12 1 30 2.70999124060388841 4 1 9 14 32 2 4.28858709335327148 14.8325520150097567 
3.36768017929769181 16.1354543567662532 10 18 26 8 1 30 2.70999124060388841 4 20 7 14 32 2 4.78841006755828857 12.4254311522604208 
3.36768017929769181 16.1354543567662532 10 14 31 7 1 30 2.70999124060388841 1 20 11 14 32 2 3.53335106372833252 32.1178526907019091 
3.36768017929769181 16.1354543567662532 10 10 12 12 1 30 2.70999124060388841 3 26 5 14 32 2 4.4739881157875061 14.6822226179821129 
3.36768017929769181 16.1354543567662532 10 18 26 8 1 30 2.70999124060388841 12 15 5 14 32 2 5.00153309106826782 11.169993168674841 
3.36768017929769181 16.1354543567662532 10 17 24 5 1 30 2.70999124060388841 12 25 12 14 32 2 3.97654604911804199 18.3866911550352512 
3.36768017929769181 16.1354543567662532 10 18 26 8 1 30 2.70999124060388841 12 12 9 14 32 2 4.83097106218338013 11.4106103627495141 
14 6 9 4 32 11 6 24 7 3 26 13 15 1 4 3.41118896007537842 46.1999999999999957 
3.36768017929769181 16.1354543567662532 10 16 6 2.70999124060388841 1 30 2.70999124060388841 15 24 12 14 32 2 3.84316796064376831 22.7288777740652783 
3.36768017929769181 16.1354543567662532 10 18 26 8 1 30 2.70999124060388841 4 12 4 14 32 2 4.79157209396362305 11.5709296786121243 
3.36768017929769181 16.1354543567662532 10 18 26 8 1 30 2.70999124060388841 9 5.34074699537910114 5 14 32 2 5.22415196895599365 9.99019301439700769 
3.36768017929769181 16.1354543567662532 10 18 26 8 1 30 2.70999124060388841 12 5.34074699537910114 9 14 32 2 5.00946509838104248 11.0170634920634924 
3.36768017929769181 16.1354543567662532 10 13 24 11 1 30 2.70999124060388841 17 20 5 14 32 2 3.74586206674575806 26.7127120985694049 
3.36768017929769181 16.1354543567662532 10 4 26 12 1 30 2.70999124060388841 6 15 10 14 32 2 3.93411499261856079 21.4697407890109417 
3.36768017929769181 16.1354543567662532 10 4 24 5 1 30 2.70999124060388841 17 31 1 14 32 2 3.94819802045822144 19.5872337976760242 
3.36768017929769181 16.1354543567662532 10 10 6 13 1 30 2.70999124060388841 12 5.34074699537910114 7 14 32 2 4.51839011907577515 12.5041158306068088 
3.36768017929769181 16.1354543567662532 10 4 5 5 1 30 2.70999124060388841 6 19 12 14 32 2 4.25961595773696899 16.0839631133418948 
14 26 2 4 12 2.70999124060388841 3 1 11 14 6 9 15 32 6.96245171630185755 3.42091590166091919 42.6044025157232653 
3.36768017929769181 16.1354543567662532 10 18 26 8 1 30 2.70999124060388841 12 20 4 14 32 2 4.83583313226699829 11.2235353535353539 
3.36768017929769181 16.1354543567662532 10 18 26 8 1 30 2.70999124060388841 9 1 4 14 32 2 5.00979107618331909 10.3965330333904742 

Current Evaluation = 60000000(60000080)
Front Size = 32
3.36768017929769181 16.1354543567662532 10 14 24 11 1 30 2.70999124060388841 6 15 9 14 32 2 3.54225301742553711 27.1954360020397772 
3.36768017929769181 16.1354543567662532 10 18 26 8 1 30 2.70999124060388841 11 14 9 14 32 2 5.59972298145294189 9.36781144781144803 
3.36768017929769181 16.1354543567662532 10 12 6 5 1 30 2.70999124060388841 15 20 11 14 32 2 3.86162304878234863 21.9972440783795662 
3.36768017929769181 16.1354543567662532 10 4 1 6 1 30 2.70999124060388841 16 19 12 14 32 2 4.27790004014968872 15.6472026340361037 
1 30 2 14 6 2.70999124060388841 14 15 11 15 24 10 4 26 9 3.17149701714515686 50.2000000000000028 
13 30 2.70999124060388841 14 24 6.96245171630185755 16 15 7 1 6 3.84646942076222631 15 31 9.82524131762891173 3.32530492544174194 46.6154021417179294 
3.36768017929769181 16.1354543567662532 10 14 1 5 1 30 2.70999124060388841 15 6 4 14 32 2 3.49134105443954468 38.0620332741351461 
3.36768017929769181 16.1354543567662532 10 15 7 12 1 30 2.70999124060388841 4 1 9 14 32 2 4.28858709335327148 14.8325520150097567 
3.36768017929769181 16.1354543567662532 10 14 31 7 1 30 2.70999124060388841 1 20 11 14 32 2 3.53335106372833252 32.1178526907019091 
3.36768017929769181 16.1354543567662532 10 10 12 12 1 30 2.70999124060388841 3 26 5 14 32 2 4.4739881157875061 14.6822226179821129 
3.36768017929769181 16.1354543567662532 10 18 26 8 1 30 2.70999124060388841 12 15 5 14 32 2 5.00153309106826782 11.169993168674841 
3.36768017929769181 16.1354543567662532 10 17 24 5 1 30 2.70999124060388841 12 25 12 14 32 2 3.97654604911804199 18.3866911550352512 
3.36768017929769181 16.1354543567662532 10 18 26 8 1 30 2.70999124060388841 12 12 9 14 32 2 4.83097106218338013 11.4106103627495141 
14 6 9 4 32 11 6 24 7 3 26 13 15 1 4 3.41118896007537842 46.1999999999999957 
3.36768017929769181 16.1354543567662532 10 16 6 2.70999124060388841 1 30 2.70999124060388841 15 24 12 14 32 2 3.84316796064376831 22.7288777740652783 
3.36768017929769181 16.1354543567662532 10 18 26 8 1 30 2.70999124060388841 4 12 4 14 32 2 4.79157209396362305 11.5709296786121243 
3.36768017929769181 16.1354543567662532 10 18 26 8 1 30 2.70999124060388841 9 5.34074699537910114 5 14 32 2 5.22415196895599365 9.99019301439700769 
3.36768017929769181 16.1354543567662532 10 18 26 8 1 30 2.70999124060388841 12 5.34074699537910114 9 14 32 2 5.00946509838104248 11.0170634920634924 
3.36768017929769181 16.1354543567662532 10 13 24 11 1 30 2.70999124060388841 17 20 5 14 32 2 3.74586206674575806 26.7127120985694049 
3.36768017929769181 16.1354543567662532 10 4 26 12 1 30 2.70999124060388841 6 15 10 14 32 2 3.93411499261856079 21.4697407890109417 
3.36768017929769181 16.1354543567662532 10 4 24 5 1 30 2.70999124060388841 17 31 1 14 32 2 3.94819802045822144 19.5872337976760242 
3.36768017929769181 16.1354543567662532 10 10 6 13 1 30 2.70999124060388841 12 5.34074699537910114 7 14 32 2 4.51839011907577515 12.5041158306068088 
3.36768017929769181 16.1354543567662532 10 4 5 5 1 30 2.70999124060388841 6 19 12 14 32 2 4.25961595773696899 16.0839631133418948 
14 26 2 4 12 2.70999124060388841 3 1 11 14 6 9 15 32 6.96245171630185755 3.42091590166091919 42.6044025157232653 
3.36768017929769181 16.1354543567662532 10 18 26 8 1 30 2.70999124060388841 12 20 4 14 32 2 4.83583313226699829 11.2235353535353539 
3.36768017929769181 16.1354543567662532 10 18 26 8 1 30 2.70999124060388841 9 1 4 14 32 2 5.00979107618331909 10.3965330333904742 
3.36768017929769181 16.1354543567662532 10 18 26 8 1 30 2.70999124060388841 4 20 4 14 32 2 4.7684100866317749 12.0078804501487024 
3.36768017929769181 16.1354543567662532 10 15 24 2.70999124060388841 1 30 2.70999124060388841 12 1 9 14 32 2 3.82214301824569702 24.3944421170227628 
14 12 9 14 26 1 16 9 2.70999124060388841 4 1 9 15 24 7 3.44860187172889709 41.5166666666666657 
3.36768017929769181 16.1354543567662532 10 12 26 9 1 30 2.70999124060388841 16 5 12 14 32 2 4.0901150107383728 16.3935491748394995 
3.36768017929769181 16.1354543567662532 10 15 12 2.70999124060388841 1 30 2.70999124060388841 12 6 9 14 32 2 3.75417500734329224 24.9056676790670437 
3.36768017929769181 16.1354543567662532 10 12 1 9 1 30 2.70999124060388841 6 25 11 14 32 2 3.85381710529327393 22.424416286546041 

Current Evaluation = 70000000(70000000)
Front Size = 30
3.36768017929769181 16.1354543567662532 10 14 24 11 1 30 2.70999124060388841 6 15 9 14 32 2 3.54225301742553711 27.1954360020397772 
3.36768017929769181 16.1354543567662532 10 18 26 8 1 30 2.70999124060388841 11 14 9 14 32 2 5.59972298145294189 9.36781144781144803 
3.36768017929769181 16.1354543567662532 10 4 1 6 1 30 2.70999124060388841 16 19 12 14 32 2 4.27790004014968872 15.6472026340361037 
1 30 2 14 6 2.70999124060388841 14 15 11 15 24 10 4 26 9 3.17149701714515686 50.2000000000000028 
13 30 2.70999124060388841 14 24 6.96245171630185755 16 15 7 1 6 3.84646942076222631 15 31 9.82524131762891173 3.32530492544174194 46.6154021417179294 
3.36768017929769181 16.1354543567662532 10 14 1 5 1 30 2.70999124060388841 15 6 4 14 32 2 3.49134105443954468 38.0620332741351461 
3.36768017929769181 16.1354543567662532 10 15 7 12 1 30 2.70999124060388841 4 1 9 14 32 2 4.28858709335327148 14.8325520150097567 
3.36768017929769181 16.1354543567662532 10 14 31 7 1 30 2.70999124060388841 1 20 11 14 32 2 3.53335106372833252 32.1178526907019091 
3.36768017929769181 16.1354543567662532 10 10 12 12 1 30 2.70999124060388841 3 26 5 14 32 2 4.4739881157875061 14.6822226179821129 
3.36768017929769181 16.1354543567662532 10 18 26 8 1 30 2.70999124060388841 12 12 9 14 32 2 4.83097106218338013 11.4106103627495141 
14 6 9 4 32 11 6 24 7 3 26 13 15 1 4 3.41118896007537842 46.1999999999999957 
3.36768017929769181 16.1354543567662532 10 18 26 8 1 30 2.70999124060388841 4 12 4 14 32 2 4.79157209396362305 11.5709296786121243 
3.36768017929769181 16.1354543567662532 10 18 26 8 1 30 2.70999124060388841 9 5.34074699537910114 5 14 32 2 5.22415196895599365 9.99019301439700769 
3.36768017929769181 16.1354543567662532 10 13 24 11 1 30 2.70999124060388841 17 20 5 14 32 2 3.74586206674575806 26.7127120985694049 
3.36768017929769181 16.1354543567662532 10 4 26 12 1 30 2.70999124060388841 6 15 10 14 32 2 3.93411499261856079 21.4697407890109417 
3.36768017929769181 16.1354543567662532 10 4 24 5 1 30 2.70999124060388841 17 31 1 14 32 2 3.94819802045822144 19.5872337976760242 
3.36768017929769181 16.1354543567662532 10 10 6 13 1 30 2.70999124060388841 12 5.34074699537910114 7 14 32 2 4.51839011907577515 12.5041158306068088 
3.36768017929769181 16.1354543567662532 10 4 5 5 1 30 2.70999124060388841 6 19 12 14 32 2 4.25961595773696899 16.0839631133418948 
14 26 2 4 12 2.70999124060388841 3 1 11 14 6 9 15 32 6.96245171630185755 3.42091590166091919 42.6044025157232653 
3.36768017929769181 16.1354543567662532 10 18 26 8 1 30 2.70999124060388841 12 20 4 14 32 2 4.83583313226699829 11.2235353535353539 
3.36768017929769181 16.1354543567662532 10 18 26 8 1 30 2.70999124060388841 9 1 4 14 32 2 5.00979107618331909 10.3965330333904742 
3.36768017929769181 16.1354543567662532 10 18 26 8 1 30 2.70999124060388841 4 20 4 14 32 2 4.7684100866317749 12.0078804501487024 
14 12 9 14 26 1 16 9 2.70999124060388841 4 1 9 15 24 7 3.44860187172889709 41.5166666666666657 
3.36768017929769181 16.1354543567662532 10 12 26 9 1 30 2.70999124060388841 16 5 12 14 32 2 4.0901150107383728 16.3935491748394995 
3.36768017929769181 16.1354543567662532 10 15 12 2.70999124060388841 1 30 2.70999124060388841 12 6 9 14 32 2 3.75417500734329224 24.9056676790670437 
3.36768017929769181 16.1354543567662532 10 18 26 8 1 30 2.70999124060388841 9 12 4 14 32 2 4.9836580753326416 10.6657037086839193 
3.36768017929769181 16.1354543567662532 10 16 5 11 1 30 2.70999124060388841 4 24 9 14 32 2 3.9654080867767334 18.1971560206763776 
3.36768017929769181 16.1354543567662532 10 12 1 7 1 30 2.70999124060388841 15 6 5 14 32 2 3.811318039894104 21.866174685529522 
3.36768017929769181 16.1354543567662532 10 4 24 4 1 30 2.70999124060388841 15 20 11 14 32 2 3.77403509616851807 22.1791415650685728 
3.36768017929769181 16.1354543567662532 10 18 26 8 1 30 2.70999124060388841 4 12 10 14 32 2 4.86557209491729736 11.2201087703486024 

Current Evaluation = 80000000(80000060)
Front Size = 35
3.36768017929769181 16.1354543567662532 10 14 24 11 1 30 2.70999124060388841 6 15 9 14 32 2 3.54225301742553711 27.1954360020397772 
3.36768017929769181 16.1354543567662532 10 18 26 8 1 30 2.70999124060388841 11 14 9 14 32 2 5.59972298145294189 9.36781144781144803 
3.36768017929769181 16.1354543567662532 10 4 1 6 1 30 2.70999124060388841 16 19 12 14 32 2 4.27790004014968872 15.6472026340361037 
1 30 2 14 6 2.70999124060388841 14 15 11 15 24 10 4 26 9 3.17149701714515686 50.2000000000000028 
13 30 2.70999124060388841 14 24 6.96245171630185755 16 15 7 1 6 3.84646942076222631 15 31 9.82524131762891173 3.32530492544174194 46.6154021417179294 
3.36768017929769181 16.1354543567662532 10 14 1 5 1 30 2.70999124060388841 15 6 4 14 32 2 3.49134105443954468 38.0620332741351461 
3.36768017929769181 16.1354543567662532 10 15 7 12 1 30 2.70999124060388841 4 1 9 14 32 2 4.28858709335327148 14.8325520150097567 
3.36768017929769181 16.1354543567662532 10 14 31 7 1 30 2.70999124060388841 1 20 11 14 32 2 3.53335106372833252 32.1178526907019091 
3.36768017929769181 16.1354543567662532 10 10 12 12 1 30 2.70999124060388841 3 26 5 14 32 2 4.4739881157875061 14.6822226179821129 
3.36768017929769181 16.1354543567662532 10 18 26 8 1 30 2.70999124060388841 12 12 9 14 32 2 4.83097106218338013 11.4106103627495141 
14 6 9 4 32 11 6 24 7 3 26 13 15 1 4 3.41118896007537842 46.1999999999999957 
3.36768017929769181 16.1354543567662532 10 18 26 8 1 30 2.70999124060388841 4 12 4 14 32 2 4.79157209396362305 11.5709296786121243 
3.36768017929769181 16.1354543567662532 10 18 26 8 1 30 2.70999124060388841 9 5.34074699537910114 5 14 32 2 5.22415196895599365 9.99019301439700769 
3.36768017929769181 16.1354543567662532 10 13 24 11 1 30 2.70999124060388841 17 20 5 14 32 2 3.74586206674575806 26.7127120985694049 
3.36768017929769181 16.1354543567662532 10 4 26 12 1 30 2.70999124060388841 6 15 10 14 32 2 3.93411499261856079 21.4697407890109417 
3.36768017929769181 16.1354543567662532 10 4 24 5 1 30 2.70999124060388841 17 31 1 14 32 2 3.94819802045822144 19.5872337976760242 
3.36768017929769181 16.1354543567662532 10 10 6 13 1 30 2.70999124060388841 12 5.34074699537910114 7 14 32 2 4.51839011907577515 12.5041158306068088 
3.36768017929769181 16.1354543567662532 10 4 5 5 1 30 2.70999124060388841 6 19 12 14 32 2 4.25961595773696899 16.0839631133418948 
14 26 2 4 12 2.70999124060388841 3 1 11 14 6 9 15 32 6.96245171630185755 3.42091590166091919 42.6044025157232653 
3.36768017929769181 16.1354543567662532 10 18 26 8 1 30 2.70999124060388841 12 20 4 14 32 2 4.83583313226699829 11.2235353535353539 
3.36768017929769181 16.1354543567662532 10 18 26 8 1 30 2.70999124060388841 9 1 4 14 32 2 5.00979107618331909 10.3965330333904742 
14 12 9 14 26 1 16 9 2.70999124060388841 4 1 9 15 24 7 3.44860187172889709 41.5166666666666657 
3.36768017929769181 16.1354543567662532 10 12 26 9 1 30 2.70999124060388841 16 5 12 14 32 2 4.0901150107383728 16.3935491748394995 
3.36768017929769181 16.1354543567662532 10 15 12 2.70999124060388841 1 30 2.70999124060388841 12 6 9 14 32 2 3.75417500734329224 24.9056676790670437 
3.36768017929769181 16.1354543567662532 10 18 26 8 1 30 2.70999124060388841 9 12 4 14 32 2 4.9836580753326416 10.6657037086839193 
3.36768017929769181 16.1354543567662532 10 16 5 11 1 30 2.70999124060388841 4 24 9 14 32 2 3.9654080867767334 18.1971560206763776 
3.36768017929769181 16.1354543567662532 10 12 1 7 1 30 2.70999124060388841 15 6 5 14 32 2 3.811318039894104 21.866174685529522 
3.36768017929769181 16.1354543567662532 10 4 24 4 1 30 2.70999124060388841 15 20 11 14 32 2 3.77403509616851807 22.1791415650685728 
3.36768017929769181 16.1354543567662532 10 18 26 8 1 30 2.70999124060388841 4 12 10 14 32 2 4.86557209491729736 11.2201087703486024 
3.36768017929769181 16.1354543567662532 10 18 26 8 1 30 2.70999124060388841 4 12 9 14 32 2 4.76354807615280151 11.6410540184453239 
3.36768017929769181 16.1354543567662532 10 18 26 8 1 30 2.70999124060388841 4 20 9 14 32 2 4.74038606882095337 12.4823798643600625 
3.36768017929769181 16.1354543567662532 10 17 24 11 1 30 2.70999124060388841 6 20 5 14 32 2 3.75005006790161133 25.7123791798959189 
13 25 9 15 1 11 1 30 2.70999124060388841 16 5 7 14 32 2 3.50640493631362915 36.1875942859667106 
3.36768017929769181 16.1354543567662532 10 18 26 8 1 30 2.70999124060388841 4 15 7 14 32 2 4.89211010932922363 11.1788892948483749 
17 30 2.70999124060388841 4 15 11 14 30 9 14 25 4 15 14 4 3.29634499549865723 46.9666666666666686 

Current Evaluation = 90000000(90000120)
Front Size = 36
3.36768017929769181 16.1354543567662532 10 14 24 11 1 30 2.70999124060388841 6 15 9 14 32 2 3.54225301742553711 27.1954360020397772 
3.36768017929769181 16.1354543567662532 10 18 26 8 1 30 2.70999124060388841 11 14 9 14 32 2 5.59972298145294189 9.36781144781144803 
3.36768017929769181 16.1354543567662532 10 4 1 6 1 30 2.70999124060388841 16 19 12 14 32 2 4.27790004014968872 15.6472026340361037 
1 30 2 14 6 2.70999124060388841 14 15 11 15 24 10 4 26 9 3.17149701714515686 50.2000000000000028 
13 30 2.70999124060388841 14 24 6.96245171630185755 16 15 7 1 6 3.84646942076222631 15 31 9.82524131762891173 3.32530492544174194 46.6154021417179294 
3.36768017929769181 16.1354543567662532 10 14 1 5 1 30 2.70999124060388841 15 6 4 14 32 2 3.49134105443954468 38.0620332741351461 
3.36768017929769181 16.1354543567662532 10 15 7 12 1 30 2.70999124060388841 4 1 9 14 32 2 4.28858709335327148 14.8325520150097567 
3.36768017929769181 16.1354543567662532 10 14 31 7 1 30 2.70999124060388841 1 20 11 14 32 2 3.53335106372833252 32.1178526907019091 
3.36768017929769181 16.1354543567662532 10 10 12 12 1 30 2.70999124060388841 3 26 5 14 32 2 4.4739881157875061 14.6822226179821129 
3.36768017929769181 16.1354543567662532 10 18 26 8 1 30 2.70999124060388841 12 12 9 14 32 2 4.83097106218338013 11.4106103627495141 
3.36768017929769181 16.1354543567662532 10 18 26 8 1 30 2.70999124060388841 4 12 4 14 32 2 4.79157209396362305 11.5709296786121243 
3.36768017929769181 16.1354543567662532 10 4 24 5 1 30 2.70999124060388841 17 31 1 14 32 2 3.94819802045822144 19.5872337976760242 
3.36768017929769181 16.1354543567662532 10 10 6 13 1 30 2.70999124060388841 12 5.34074699537910114 7 14 32 2 4.51839011907577515 12.5041158306068088 
3.36768017929769181 16.1354543567662532 10 4 5 5 1 30 2.70999124060388841 6 19 12 14 32 2 4.25961595773696899 16.0839631133418948 
14 26 2 4 12 2.70999124060388841 3 1 11 14 6 9 15 32 6.96245171630185755 3.42091590166091919 42.6044025157232653 
3.36768017929769181 16.1354543567662532 10 18 26 8 1 30 2.70999124060388841 12 20 4 14 32 2 4.83583313226699829 11.2235353535353539 
3.36768017929769181 16.1354543567662532 10 18 26 8 1 30 2.70999124060388841 9 1 4 14 32 2 5.00979107618331909 10.3965330333904742 
14 12 9 14 26 1 16 9 2.70999124060388841 4 1 9 15 24 7 3.44860187172889709 41.5166666666666657 
3.36768017929769181 16.1354543567662532 10 12 26 9 1 30 2.70999124060388841 16 5 12 14 32 2 4.0901150107383728 16.3935491748394995 
3.36768017929769181 16.1354543567662532 10 15 12 2.70999124060388841 1 30 2.70999124060388841 12 6 9 14 32 2 3.75417500734329224 24.9056676790670437 
3.36768017929769181 16.1354543567662532 10 18 26 8 1 30 2.70999124060388841 9 12 4 14 32 2 4.9836580753326416 10.6657037086839193 
3.36768017929769181 16.1354543567662532 10 16 5 11 1 30 2.70999124060388841 4 24 9 14 32 2 3.9654080867767334 18.1971560206763776 
3.36768017929769181 16.1354543567662532 10 12 1 7 1 30 2.70999124060388841 15 6 5 14 32 2 3.811318039894104 21.866174685529522 
3.36768017929769181 16.1354543567662532 10 4 24 4 1 30 2.70999124060388841 15 20 11 14 32 2 3.77403509616851807 22.1791415650685728 
3.36768017929769181 16.1354543567662532 10 18 26 8 1 30 2.70999124060388841 4 12 10 14 32 2 4.86557209491729736 11.2201087703486024 
3.36768017929769181 16.1354543567662532 10 18 26 8 1 30 2.70999124060388841 4 12 9 14 32 2 4.76354807615280151 11.6410540184453239 
3.36768017929769181 16.1354543567662532 10 18 26 8 1 30 2.70999124060388841 4 20 9 14 32 2 4.74038606882095337 12.4823798643600625 
3.36768017929769181 16.1354543567662532 10 17 24 11 1 30 2.70999124060388841 6 20 5 14 32 2 3.75005006790161133 25.7123791798959189 
13 25 9 15 1 11 1 30 2.70999124060388841 16 5 7 14 32 2 3.50640493631362915 36.1875942859667106 
3.36768017929769181 16.1354543567662532 10 18 26 8 1 30 2.70999124060388841 4 15 7 14 32 2 4.89211010932922363 11.1788892948483749 
17 30 2.70999124060388841 4 15 11 14 30 9 14 25 4 15 14 4 3.29634499549865723 46.9666666666666686 
3.36768017929769181 16.1354543567662532 10 18 26 8 1 30 2.70999124060388841 9 14 9 14 32 2 5.18430006504058838 9.82793111028405164 
6 15 5 15 24 4 1 30 2.70999124060388841 4 5 11 14 32 2 3.55327093601226807 26.2743684609126404 
3.36768017929769181 16.1354543567662532 10 12 25 1 1 30 2.70999124060388841 16 6 2 14 32 2 4.06056499481201172 17.6811765731026433 
4 31 4 15 25 2.70999124060388841 14 6 4 6 24 11 16 6 6.96245171630185755 3.3907599151134491 45.0676470588235247 
3.36768017929769181 16.1354543567662532 10 15 25 8 1 30 2.70999124060388841 17 24 7 14 32 2 3.90634101629257202 20.6585304444316691 

Current Evaluation = 100000000(100000040)
Front Size = 29
3.36768017929769181 16.1354543567662532 10 14 24 11 1 30 2.70999124060388841 6 15 9 14 32 2 3.54225301742553711 27.1954360020397772 
3.36768017929769181 16.1354543567662532 10 18 26 8 1 30 2.70999124060388841 11 14 9 14 32 2 5.59972298145294189 9.36781144781144803 
3.36768017929769181 16.1354543567662532 10 4 1 6 1 30 2.70999124060388841 16 19 12 14 32 2 4.27790004014968872 15.6472026340361037 
1 30 2 14 6 2.70999124060388841 14 15 11 15 24 10 4 26 9 3.17149701714515686 50.2000000000000028 
13 30 2.70999124060388841 14 24 6.96245171630185755 16 15 7 1 6 3.84646942076222631 15 31 9.82524131762891173 3.32530492544174194 46.6154021417179294 
3.36768017929769181 16.1354543567662532 10 15 7 12 1 30 2.70999124060388841 4 1 9 14 32 2 4.28858709335327148 14.8325520150097567 
3.36768017929769181 16.1354543567662532 10 14 31 7 1 30 2.70999124060388841 1 20 11 14 32 2 3.53335106372833252 32.1178526907019091 
3.36768017929769181 16.1354543567662532 10 4 5 5 1 30 2.70999124060388841 6 19 12 14 32 2 4.25961595773696899 16.0839631133418948 
14 26 2 4 12 2.70999124060388841 3 1 11 14 6 9 15 32 6.96245171630185755 3.42091590166091919 42.6044025157232653 
3.36768017929769181 16.1354543567662532 10 18 26 8 1 30 2.70999124060388841 9 1 4 14 32 2 5.00979107618331909 10.3965330333904742 
14 12 9 14 26 1 16 9 2.70999124060388841 4 1 9 15 24 7 3.44860187172889709 41.5166666666666657 
3.36768017929769181 16.1354543567662532 10 12 26 9 1 30 2.70999124060388841 16 5 12 14 32 2 4.0901150107383728 16.3935491748394995 
3.36768017929769181 16.1354543567662532 10 18 26 8 1 30 2.70999124060388841 9 12 4 14 32 2 4.9836580753326416 10.6657037086839193 
3.36768017929769181 16.1354543567662532 10 16 5 11 1 30 2.70999124060388841 4 24 9 14 32 2 3.9654080867767334 18.1971560206763776 
3.36768017929769181 16.1354543567662532 10 12 1 7 1 30 2.70999124060388841 15 6 5 14 32 2 3.811318039894104 21.866174685529522 
3.36768017929769181 16.1354543567662532 10 4 24 4 1 30 2.70999124060388841 15 20 11 14 32 2 3.77403509616851807 22.1791415650685728 
17 30 2.70999124060388841 4 15 11 14 30 9 14 25 4 15 14 4 3.29634499549865723 46.9666666666666686 
3.36768017929769181 16.1354543567662532 10 18 26 8 1 30 2.70999124060388841 9 14 9 14 32 2 5.18430006504058838 9.82793111028405164 
6 15 5 15 24 4 1 30 2.70999124060388841 4 5 11 14 32 2 3.55327093601226807 26.2743684609126404 
3.36768017929769181 16.1354543567662532 10 12 25 1 1 30 2.70999124060388841 16 6 2 14 32 2 4.06056499481201172 17.6811765731026433 
4 31 4 15 25 2.70999124060388841 14 6 4 6 24 11 16 6 6.96245171630185755 3.3907599151134491 45.0676470588235247 
3.36768017929769181 16.1354543567662532 10 15 25 8 1 30 2.70999124060388841 17 24 7 14 32 2 3.90634101629257202 20.6585304444316691 
3 6 7 16 26 1 1 30 2.70999124060388841 15 31 9 14 32 2 3.47043794393539429 32.3840036504185136 
3.36768017929769181 16.1354543567662532 10 13 20 11 1 30 2.70999124060388841 4 24 7 14 32 2 3.7149430513381958 22.7514648684738816 
3.36768017929769181 16.1354543567662532 10 18 26 8 1 30 2.70999124060388841 4 20 6 14 32 2 4.90841007232666016 11.1335468090691982 
3.36768017929769181 16.1354543567662532 10 10 24 13 1 30 2.70999124060388841 12 20 9 14 32 2 4.31054508686065674 11.3214651920918872 
3.36768017929769181 16.1354543567662532 10 4 25 5 1 30 2.70999124060388841 15 24 12 14 32 2 3.91822195053100586 18.4211827442673552 
3.36768017929769181 16.1354543567662532 10 14 20 5 1 30 2.70999124060388841 15 24 9 14 32 2 3.4558570384979248 38.4951822043371408 
3.36768017929769181 16.1354543567662532 10 18 26 8 1 30 2.70999124060388841 12 20 9 14 32 2 4.80780911445617676 11.1602098888296801 

MOEA/D: Multiobjective Evolutionary Algorithm Based on Decomposition
Number of Evaluations = 100000000
Mutation Probability = 0.0500000007450580597
Population Size = 140
Neighborhood size = 42
Seed: 13

Time =  39723.6656529999964

Current Evaluation = 100000040
Front Size = 29
3.36768017929769181 16.1354543567662532 10 14 24 11 1 30 2.70999124060388841 6 15 9 14 32 2 3.54225301742553711 27.1954360020397772 
3.36768017929769181 16.1354543567662532 10 18 26 8 1 30 2.70999124060388841 11 14 9 14 32 2 5.59972298145294189 9.36781144781144803 
3.36768017929769181 16.1354543567662532 10 4 1 6 1 30 2.70999124060388841 16 19 12 14 32 2 4.27790004014968872 15.6472026340361037 
1 30 2 14 6 2.70999124060388841 14 15 11 15 24 10 4 26 9 3.17149701714515686 50.2000000000000028 
13 30 2.70999124060388841 14 24 6.96245171630185755 16 15 7 1 6 3.84646942076222631 15 31 9.82524131762891173 3.32530492544174194 46.6154021417179294 
3.36768017929769181 16.1354543567662532 10 15 7 12 1 30 2.70999124060388841 4 1 9 14 32 2 4.28858709335327148 14.8325520150097567 
3.36768017929769181 16.1354543567662532 10 14 31 7 1 30 2.70999124060388841 1 20 11 14 32 2 3.53335106372833252 32.1178526907019091 
3.36768017929769181 16.1354543567662532 10 4 5 5 1 30 2.70999124060388841 6 19 12 14 32 2 4.25961595773696899 16.0839631133418948 
14 26 2 4 12 2.70999124060388841 3 1 11 14 6 9 15 32 6.96245171630185755 3.42091590166091919 42.6044025157232653 
3.36768017929769181 16.1354543567662532 10 18 26 8 1 30 2.70999124060388841 9 1 4 14 32 2 5.00979107618331909 10.3965330333904742 
14 12 9 14 26 1 16 9 2.70999124060388841 4 1 9 15 24 7 3.44860187172889709 41.5166666666666657 
3.36768017929769181 16.1354543567662532 10 12 26 9 1 30 2.70999124060388841 16 5 12 14 32 2 4.0901150107383728 16.3935491748394995 
3.36768017929769181 16.1354543567662532 10 18 26 8 1 30 2.70999124060388841 9 12 4 14 32 2 4.9836580753326416 10.6657037086839193 
3.36768017929769181 16.1354543567662532 10 16 5 11 1 30 2.70999124060388841 4 24 9 14 32 2 3.9654080867767334 18.1971560206763776 
3.36768017929769181 16.1354543567662532 10 12 1 7 1 30 2.70999124060388841 15 6 5 14 32 2 3.811318039894104 21.866174685529522 
3.36768017929769181 16.1354543567662532 10 4 24 4 1 30 2.70999124060388841 15 20 11 14 32 2 3.77403509616851807 22.1791415650685728 
17 30 2.70999124060388841 4 15 11 14 30 9 14 25 4 15 14 4 3.29634499549865723 46.9666666666666686 
3.36768017929769181 16.1354543567662532 10 18 26 8 1 30 2.70999124060388841 9 14 9 14 32 2 5.18430006504058838 9.82793111028405164 
6 15 5 15 24 4 1 30 2.70999124060388841 4 5 11 14 32 2 3.55327093601226807 26.2743684609126404 
3.36768017929769181 16.1354543567662532 10 12 25 1 1 30 2.70999124060388841 16 6 2 14 32 2 4.06056499481201172 17.6811765731026433 
4 31 4 15 25 2.70999124060388841 14 6 4 6 24 11 16 6 6.96245171630185755 3.3907599151134491 45.0676470588235247 
3.36768017929769181 16.1354543567662532 10 15 25 8 1 30 2.70999124060388841 17 24 7 14 32 2 3.90634101629257202 20.6585304444316691 
3 6 7 16 26 1 1 30 2.70999124060388841 15 31 9 14 32 2 3.47043794393539429 32.3840036504185136 
3.36768017929769181 16.1354543567662532 10 13 20 11 1 30 2.70999124060388841 4 24 7 14 32 2 3.7149430513381958 22.7514648684738816 
3.36768017929769181 16.1354543567662532 10 18 26 8 1 30 2.70999124060388841 4 20 6 14 32 2 4.90841007232666016 11.1335468090691982 
3.36768017929769181 16.1354543567662532 10 10 24 13 1 30 2.70999124060388841 12 20 9 14 32 2 4.31054508686065674 11.3214651920918872 
3.36768017929769181 16.1354543567662532 10 4 25 5 1 30 2.70999124060388841 15 24 12 14 32 2 3.91822195053100586 18.4211827442673552 
3.36768017929769181 16.1354543567662532 10 14 20 5 1 30 2.70999124060388841 15 24 9 14 32 2 3.4558570384979248 38.4951822043371408 
3.36768017929769181 16.1354543567662532 10 18 26 8 1 30 2.70999124060388841 12 20 9 14 32 2 4.80780911445617676 11.1602098888296801 

