Current Evaluation = 10000000(10000060)
Front Size = 20
15 32 7 1 30 9 4 6 2 14 5.34074699537910114 2 9 26 13 3.66676294803619385 29.9096673071089114 
15 32 7 1 30 9 18 15 12 11 14 2.70999124060388841 9 26 13 5.64763295650482178 10.0659742351046706 
15 32 7 1 30 9 18 15 12 4 20 2.70999124060388841 9 26 13 4.78829598426818848 12.7852687580260493 
15 25 13 3 6 7 17 24 2.70999124060388841 14 31 11 4 32 9 3.55468297004699707 36.62222222222222 
14 12 2.70999124060388841 12 24 11 4 25 2 14 1 7 15 24 9 3.34521585702896118 48.2666666666666657 
15 32 7 1 30 9 10 13 2 3 24 13 9 26 13 4.68194299936294556 13.5968262052213333 
15 32 7 1 30 9 3 24 11 17 31 2 9 26 13 3.86865895986557007 24.9281385545865035 
15 32 7 1 30 9 18 15 12 12 2 2 9 26 13 5.18042302131652832 11.3420424020424022 
15 32 7 1 30 9 14 15 4 11 14 2.70999124060388841 9 26 13 4.38816994428634644 16.2924996443306327 
15 32 7 1 30 9 18 15 12 16 12 2.70999124060388841 9 26 13 4.8272169828414917 11.9078136539021937 
15 32 7 1 30 9 16 15 11 13 25 5 9 26 13 3.86744499206542969 27.4322247707501177 
15 32 7 1 30 9 14 24 6 11 14 2.70999124060388841 3 6 12 4.22325587272644043 16.9279873829873857 
15 32 7 1 30 9 3.36768017929769181 6 11 11 14 2.70999124060388841 9 26 13 4.67137992382049561 15.3295301448458652 
15 32 7 1 30 9 17 15 12 14 31 2.70999124060388841 9 26 13 3.67661398649215698 28.088938795529053 
17 31 5 15 6 12 13 26 2.70999124060388841 1 1 9 14 25 12 3.47914785146713257 38.8888888888888857 
15 32 7 1 30 9 18 15 12 10 12 2 9 26 13 5.29318702220916748 10.5936051743532058 
15 32 7 1 30 9 14 24 4 2 31 11 9 26 13 3.64255598187446594 33.4138615397294032 
16 26 2 6 31 11 14 30 9 15 15 11 6 24 5 3.41270500421524048 42.7333333333333343 
15 32 7 1 30 9 16 15 2 3 25 9 9 26 13 3.8917049765586853 21.7376774388402332 
15 32 7 1 30 9 16 25 4 3 15 13 9 26 13 3.97371500730514526 20.6592179268274876 

Current Evaluation = 20000000(20000120)
Front Size = 24
15 32 7 1 30 9 4 6 2 14 5.34074699537910114 2 9 26 13 3.66676294803619385 29.9096673071089114 
15 32 7 1 30 9 18 15 12 4 20 2.70999124060388841 9 26 13 4.78829598426818848 12.7852687580260493 
15 32 7 1 30 9 10 13 2 3 24 13 9 26 13 4.68194299936294556 13.5968262052213333 
15 32 7 1 30 9 3 24 11 17 31 2 9 26 13 3.86865895986557007 24.9281385545865035 
15 32 7 1 30 9 18 15 12 12 2 2 9 26 13 5.18042302131652832 11.3420424020424022 
15 32 7 1 30 9 14 15 4 11 14 2.70999124060388841 9 26 13 4.38816994428634644 16.2924996443306327 
15 32 7 1 30 9 18 15 12 16 12 2.70999124060388841 9 26 13 4.8272169828414917 11.9078136539021937 
15 32 7 1 30 9 16 15 11 13 25 5 9 26 13 3.86744499206542969 27.4322247707501177 
15 32 7 1 30 9 14 24 6 11 14 2.70999124060388841 3 6 12 4.22325587272644043 16.9279873829873857 
15 32 7 1 30 9 3.36768017929769181 6 11 11 14 2.70999124060388841 9 26 13 4.67137992382049561 15.3295301448458652 
15 32 7 1 30 9 17 15 12 14 31 2.70999124060388841 9 26 13 3.67661398649215698 28.088938795529053 
17 31 5 15 6 12 13 26 2.70999124060388841 1 1 9 14 25 12 3.47914785146713257 38.8888888888888857 
15 32 7 1 30 9 16 15 2 3 25 9 9 26 13 3.8917049765586853 21.7376774388402332 
15 32 7 1 30 9 16 25 4 3 15 13 9 26 13 3.97371500730514526 20.6592179268274876 
15 32 7 1 30 9 3 1 2 14 24 5 9 26 13 3.61301892995834351 32.0442939687952517 
15 32 7 1 30 9 14 16 2 4 20 2 9 26 13 3.8675849437713623 27.2951183976153331 
15 32 7 1 30 9 18 15 12 16 7 2.70999124060388841 9 26 13 5.28673100471496582 9.61369400512776195 
15 30 4 6 26 12 16 1 2.70999124060388841 14 30 6.96245171630185755 13 24 5 3.31565701961517334 48.9507936507936492 
3 18 1 1 26 4 14 1 9 17 24 2 14 32 9 3.41726401448249817 39.4333333333333371 
14 31 2 1 30 2 17 31 11 15 31 9 13 32 2 3.29642689228057861 71.8666666666666742 
4 6 2.70999124060388841 15 18 4 16 25 5 14 24 11 1 30 7 3.48681902885437012 36.5487581699346435 
14 32 11 13 26 9 15 30 2.70999124060388841 1 6 3 4 25 3 3.38831996917724609 42.4952380952381006 
13 30 9 3.36768017929769181 24 11 13 1 2 15 30 2 14 5 4 3.36007297039031982 47.1261904761904731 
17 30 2 1 20 11 4 30 11 3 24 4 14 20 5 3.33960199356079102 47.9666666666666686 

Current Evaluation = 30000000(30000040)
Front Size = 27
15 32 7 1 30 9 4 6 2 14 5.34074699537910114 2 9 26 13 3.66676294803619385 29.9096673071089114 
15 32 7 1 30 9 18 15 12 4 20 2.70999124060388841 9 26 13 4.78829598426818848 12.7852687580260493 
15 32 7 1 30 9 10 13 2 3 24 13 9 26 13 4.68194299936294556 13.5968262052213333 
15 32 7 1 30 9 3 24 11 17 31 2 9 26 13 3.86865895986557007 24.9281385545865035 
15 32 7 1 30 9 18 15 12 12 2 2 9 26 13 5.18042302131652832 11.3420424020424022 
15 32 7 1 30 9 14 15 4 11 14 2.70999124060388841 9 26 13 4.38816994428634644 16.2924996443306327 
15 32 7 1 30 9 18 15 12 16 12 2.70999124060388841 9 26 13 4.8272169828414917 11.9078136539021937 
15 32 7 1 30 9 16 15 11 13 25 5 9 26 13 3.86744499206542969 27.4322247707501177 
15 32 7 1 30 9 14 24 6 11 14 2.70999124060388841 3 6 12 4.22325587272644043 16.9279873829873857 
15 32 7 1 30 9 3.36768017929769181 6 11 11 14 2.70999124060388841 9 26 13 4.67137992382049561 15.3295301448458652 
15 32 7 1 30 9 17 15 12 14 31 2.70999124060388841 9 26 13 3.67661398649215698 28.088938795529053 
17 31 5 15 6 12 13 26 2.70999124060388841 1 1 9 14 25 12 3.47914785146713257 38.8888888888888857 
15 32 7 1 30 9 16 15 2 3 25 9 9 26 13 3.8917049765586853 21.7376774388402332 
15 32 7 1 30 9 16 25 4 3 15 13 9 26 13 3.97371500730514526 20.6592179268274876 
15 32 7 1 30 9 3 1 2 14 24 5 9 26 13 3.61301892995834351 32.0442939687952517 
15 32 7 1 30 9 14 16 2 4 20 2 9 26 13 3.8675849437713623 27.2951183976153331 
15 32 7 1 30 9 18 15 12 16 7 2.70999124060388841 9 26 13 5.28673100471496582 9.61369400512776195 
15 30 4 6 26 12 16 1 2.70999124060388841 14 30 6.96245171630185755 13 24 5 3.31565701961517334 48.9507936507936492 
3 18 1 1 26 4 14 1 9 17 24 2 14 32 9 3.41726401448249817 39.4333333333333371 
14 31 2 1 30 2 17 31 11 15 31 9 13 32 2 3.29642689228057861 71.8666666666666742 
4 6 2.70999124060388841 15 18 4 16 25 5 14 24 11 1 30 7 3.48681902885437012 36.5487581699346435 
14 32 11 13 26 9 15 30 2.70999124060388841 1 6 3 4 25 3 3.38831996917724609 42.4952380952381006 
13 30 9 3.36768017929769181 24 11 13 1 2 15 30 2 14 5 4 3.36007297039031982 47.1261904761904731 
17 30 2 1 20 11 4 30 11 3 24 4 14 20 5 3.33960199356079102 47.9666666666666686 
9 15 1 12 26 2.70999124060388841 15 24 7 14 30 4 6 1 6.96245171630185755 3.85859796404838562 27.8660089383590517 
15 15 9 17 25 4 13 24 7 4 32 12 14 30 11 3.36325997114181519 44.6000000000000014 
13 30 9 14 15 2.70999124060388841 14 25 2 17 25 2 15 30 6.96245171630185755 3.21065789461135864 80.2333333333333343 

Current Evaluation = 40000000(40000100)
Front Size = 29
15 32 7 1 30 9 4 6 2 14 5.34074699537910114 2 9 26 13 3.66676294803619385 29.9096673071089114 
15 32 7 1 30 9 18 15 12 4 20 2.70999124060388841 9 26 13 4.78829598426818848 12.7852687580260493 
15 32 7 1 30 9 10 13 2 3 24 13 9 26 13 4.68194299936294556 13.5968262052213333 
15 32 7 1 30 9 3 24 11 17 31 2 9 26 13 3.86865895986557007 24.9281385545865035 
15 32 7 1 30 9 18 15 12 12 2 2 9 26 13 5.18042302131652832 11.3420424020424022 
15 32 7 1 30 9 14 15 4 11 14 2.70999124060388841 9 26 13 4.38816994428634644 16.2924996443306327 
15 32 7 1 30 9 18 15 12 16 12 2.70999124060388841 9 26 13 4.8272169828414917 11.9078136539021937 
15 32 7 1 30 9 16 15 11 13 25 5 9 26 13 3.86744499206542969 27.4322247707501177 
15 32 7 1 30 9 14 24 6 11 14 2.70999124060388841 3 6 12 4.22325587272644043 16.9279873829873857 
15 32 7 1 30 9 3.36768017929769181 6 11 11 14 2.70999124060388841 9 26 13 4.67137992382049561 15.3295301448458652 
15 32 7 1 30 9 17 15 12 14 31 2.70999124060388841 9 26 13 3.67661398649215698 28.088938795529053 
15 32 7 1 30 9 16 15 2 3 25 9 9 26 13 3.8917049765586853 21.7376774388402332 
15 32 7 1 30 9 16 25 4 3 15 13 9 26 13 3.97371500730514526 20.6592179268274876 
15 32 7 1 30 9 3 1 2 14 24 5 9 26 13 3.61301892995834351 32.0442939687952517 
15 32 7 1 30 9 14 16 2 4 20 2 9 26 13 3.8675849437713623 27.2951183976153331 
15 32 7 1 30 9 18 15 12 16 7 2.70999124060388841 9 26 13 5.28673100471496582 9.61369400512776195 
15 30 4 6 26 12 16 1 2.70999124060388841 14 30 6.96245171630185755 13 24 5 3.31565701961517334 48.9507936507936492 
3 18 1 1 26 4 14 1 9 17 24 2 14 32 9 3.41726401448249817 39.4333333333333371 
14 32 11 13 26 9 15 30 2.70999124060388841 1 6 3 4 25 3 3.38831996917724609 42.4952380952381006 
13 30 9 3.36768017929769181 24 11 13 1 2 15 30 2 14 5 4 3.36007297039031982 47.1261904761904731 
17 30 2 1 20 11 4 30 11 3 24 4 14 20 5 3.33960199356079102 47.9666666666666686 
9 15 1 12 26 2.70999124060388841 15 24 7 14 30 4 6 1 6.96245171630185755 3.85859796404838562 27.8660089383590517 
15 15 9 17 25 4 13 24 7 4 32 12 14 30 11 3.36325997114181519 44.6000000000000014 
15 26 9 15 30 11 14 6 4 1 25 7 4 24 7 3.17512801289558411 52.7999999999999972 
4 15 12 17 31 2 3 26 3 14 1 7 1 6 4 3.64393693208694458 30.3999999999999986 
16 24 9 14 30 13 14 24 2 15 24 2 13 6 11 3.07357192039489746 68.4000000000000057 
15 1 2 16 5 2.70999124060388841 1 24 10 14 6 7 4 30 11 3.5684058666229248 34.0999999999999943 
15 24 4 16 5 11 14 6 9 4 9 2.70999124060388841 14 1 9 3.42597696185112 35.7809523809523853 
14 12 11 4 31 4 15 15 11 16 30 11 14 24 9 3.28899198770523071 50 

Current Evaluation = 50000000(50000020)
Front Size = 27
15 32 7 1 30 9 4 6 2 14 5.34074699537910114 2 9 26 13 3.66676294803619385 29.9096673071089114 
15 32 7 1 30 9 18 15 12 4 20 2.70999124060388841 9 26 13 4.78829598426818848 12.7852687580260493 
15 32 7 1 30 9 10 13 2 3 24 13 9 26 13 4.68194299936294556 13.5968262052213333 
15 32 7 1 30 9 3 24 11 17 31 2 9 26 13 3.86865895986557007 24.9281385545865035 
15 32 7 1 30 9 18 15 12 12 2 2 9 26 13 5.18042302131652832 11.3420424020424022 
15 32 7 1 30 9 14 15 4 11 14 2.70999124060388841 9 26 13 4.38816994428634644 16.2924996443306327 
15 32 7 1 30 9 18 15 12 16 12 2.70999124060388841 9 26 13 4.8272169828414917 11.9078136539021937 
15 32 7 1 30 9 16 15 11 13 25 5 9 26 13 3.86744499206542969 27.4322247707501177 
15 32 7 1 30 9 14 24 6 11 14 2.70999124060388841 3 6 12 4.22325587272644043 16.9279873829873857 
15 32 7 1 30 9 3.36768017929769181 6 11 11 14 2.70999124060388841 9 26 13 4.67137992382049561 15.3295301448458652 
15 32 7 1 30 9 17 15 12 14 31 2.70999124060388841 9 26 13 3.67661398649215698 28.088938795529053 
15 32 7 1 30 9 16 15 2 3 25 9 9 26 13 3.8917049765586853 21.7376774388402332 
15 32 7 1 30 9 16 25 4 3 15 13 9 26 13 3.97371500730514526 20.6592179268274876 
15 32 7 1 30 9 14 16 2 4 20 2 9 26 13 3.8675849437713623 27.2951183976153331 
15 32 7 1 30 9 18 15 12 16 7 2.70999124060388841 9 26 13 5.28673100471496582 9.61369400512776195 
3 18 1 1 26 4 14 1 9 17 24 2 14 32 9 3.41726401448249817 39.4333333333333371 
9 15 1 12 26 2.70999124060388841 15 24 7 14 30 4 6 1 6.96245171630185755 3.85859796404838562 27.8660089383590517 
15 26 9 15 30 11 14 6 4 1 25 7 4 24 7 3.17512801289558411 52.7999999999999972 
4 15 12 17 31 2 3 26 3 14 1 7 1 6 4 3.64393693208694458 30.3999999999999986 
16 24 9 14 30 13 14 24 2 15 24 2 13 6 11 3.07357192039489746 68.4000000000000057 
15 1 2 16 5 2.70999124060388841 1 24 10 14 6 7 4 30 11 3.5684058666229248 34.0999999999999943 
15 24 4 16 5 11 14 6 9 4 9 2.70999124060388841 14 1 9 3.42597696185112 35.7809523809523853 
3 9 9 14 20 13 4 30 7 15 15 4 6 24 2 3.51847797632217407 34.4222222222222243 
14 26 12 15 6 2 3 1 1 6 31 9 14 30 9 3.23760992288589478 50 
15 30 9 6 15 7 14 24 7 16 30 2 3 26 11 3.32150804996490479 42.2333333333333343 
6 1 2.70999124060388841 3 24 13 15 32 9 13 20 9 14 1 7 3.30316084623336792 47.8857142857142861 
4 15 1 1 6 2 14 32 9 17 24 2.70999124060388841 3 1 7 3.60324597358703613 32 

Current Evaluation = 60000000(60000080)
Front Size = 30
15 32 7 1 30 9 4 6 2 14 5.34074699537910114 2 9 26 13 3.66676294803619385 29.9096673071089114 
15 32 7 1 30 9 18 15 12 4 20 2.70999124060388841 9 26 13 4.78829598426818848 12.7852687580260493 
15 32 7 1 30 9 10 13 2 3 24 13 9 26 13 4.68194299936294556 13.5968262052213333 
15 32 7 1 30 9 3 24 11 17 31 2 9 26 13 3.86865895986557007 24.9281385545865035 
15 32 7 1 30 9 18 15 12 12 2 2 9 26 13 5.18042302131652832 11.3420424020424022 
15 32 7 1 30 9 14 15 4 11 14 2.70999124060388841 9 26 13 4.38816994428634644 16.2924996443306327 
15 32 7 1 30 9 18 15 12 16 12 2.70999124060388841 9 26 13 4.8272169828414917 11.9078136539021937 
15 32 7 1 30 9 16 15 11 13 25 5 9 26 13 3.86744499206542969 27.4322247707501177 
15 32 7 1 30 9 14 24 6 11 14 2.70999124060388841 3 6 12 4.22325587272644043 16.9279873829873857 
15 32 7 1 30 9 3.36768017929769181 6 11 11 14 2.70999124060388841 9 26 13 4.67137992382049561 15.3295301448458652 
15 32 7 1 30 9 17 15 12 14 31 2.70999124060388841 9 26 13 3.67661398649215698 28.088938795529053 
15 32 7 1 30 9 16 15 2 3 25 9 9 26 13 3.8917049765586853 21.7376774388402332 
15 32 7 1 30 9 16 25 4 3 15 13 9 26 13 3.97371500730514526 20.6592179268274876 
15 32 7 1 30 9 14 16 2 4 20 2 9 26 13 3.8675849437713623 27.2951183976153331 
15 32 7 1 30 9 18 15 12 16 7 2.70999124060388841 9 26 13 5.28673100471496582 9.61369400512776195 
9 15 1 12 26 2.70999124060388841 15 24 7 14 30 4 6 1 6.96245171630185755 3.85859796404838562 27.8660089383590517 
15 26 9 15 30 11 14 6 4 1 25 7 4 24 7 3.17512801289558411 52.7999999999999972 
4 15 12 17 31 2 3 26 3 14 1 7 1 6 4 3.64393693208694458 30.3999999999999986 
16 24 9 14 30 13 14 24 2 15 24 2 13 6 11 3.07357192039489746 68.4000000000000057 
15 1 2 16 5 2.70999124060388841 1 24 10 14 6 7 4 30 11 3.5684058666229248 34.0999999999999943 
15 24 4 16 5 11 14 6 9 4 9 2.70999124060388841 14 1 9 3.42597696185112 35.7809523809523853 
3 9 9 14 20 13 4 30 7 15 15 4 6 24 2 3.51847797632217407 34.4222222222222243 
14 26 12 15 6 2 3 1 1 6 31 9 14 30 9 3.23760992288589478 50 
15 30 9 6 15 7 14 24 7 16 30 2 3 26 11 3.32150804996490479 42.2333333333333343 
15 1 11 4 30 2.70999124060388841 17 12 11 1 24 10 14 32 6.96245171630185755 3.57876288890838623 31.8574151377722785 
3 30 10 1 15 2 14 20 1 15 6 2.70999124060388841 17 26 9 3.55937099456787109 34.1999999999999957 
1 32 9 4 20 13 15 26 4 14 30 4 2 24 11 3.40460804104804993 39.6000000000000014 
1 24 9 14 6 5 16 25 4 4 12 2 15 26 12 3.4048619270324707 38.4430769230769158 
3 6 2 14 25 9 6 20 7 15 24 2 13 1 7 3.26158589124679565 44.9333333333333371 
13 26 6 15 6 4 1 32 2.70999124060388841 6 25 9 14 1 11 3.33514600992202759 40.2467857195155858 

Current Evaluation = 70000000(70000000)
Front Size = 28
15 32 7 1 30 9 4 6 2 14 5.34074699537910114 2 9 26 13 3.66676294803619385 29.9096673071089114 
15 32 7 1 30 9 18 15 12 4 20 2.70999124060388841 9 26 13 4.78829598426818848 12.7852687580260493 
15 32 7 1 30 9 10 13 2 3 24 13 9 26 13 4.68194299936294556 13.5968262052213333 
15 32 7 1 30 9 3 24 11 17 31 2 9 26 13 3.86865895986557007 24.9281385545865035 
15 32 7 1 30 9 18 15 12 12 2 2 9 26 13 5.18042302131652832 11.3420424020424022 
15 32 7 1 30 9 14 15 4 11 14 2.70999124060388841 9 26 13 4.38816994428634644 16.2924996443306327 
15 32 7 1 30 9 18 15 12 16 12 2.70999124060388841 9 26 13 4.8272169828414917 11.9078136539021937 
15 32 7 1 30 9 16 15 11 13 25 5 9 26 13 3.86744499206542969 27.4322247707501177 
15 32 7 1 30 9 14 24 6 11 14 2.70999124060388841 3 6 12 4.22325587272644043 16.9279873829873857 
15 32 7 1 30 9 3.36768017929769181 6 11 11 14 2.70999124060388841 9 26 13 4.67137992382049561 15.3295301448458652 
15 32 7 1 30 9 17 15 12 14 31 2.70999124060388841 9 26 13 3.67661398649215698 28.088938795529053 
15 32 7 1 30 9 16 15 2 3 25 9 9 26 13 3.8917049765586853 21.7376774388402332 
15 32 7 1 30 9 16 25 4 3 15 13 9 26 13 3.97371500730514526 20.6592179268274876 
15 32 7 1 30 9 14 16 2 4 20 2 9 26 13 3.8675849437713623 27.2951183976153331 
15 32 7 1 30 9 18 15 12 16 7 2.70999124060388841 9 26 13 5.28673100471496582 9.61369400512776195 
15 26 9 15 30 11 14 6 4 1 25 7 4 24 7 3.17512801289558411 52.7999999999999972 
4 15 12 17 31 2 3 26 3 14 1 7 1 6 4 3.64393693208694458 30.3999999999999986 
16 24 9 14 30 13 14 24 2 15 24 2 13 6 11 3.07357192039489746 68.4000000000000057 
15 24 4 16 5 11 14 6 9 4 9 2.70999124060388841 14 1 9 3.42597696185112 35.7809523809523853 
14 26 12 15 6 2 3 1 1 6 31 9 14 30 9 3.23760992288589478 50 
15 30 9 6 15 7 14 24 7 16 30 2 3 26 11 3.32150804996490479 42.2333333333333343 
15 1 11 4 30 2.70999124060388841 17 12 11 1 24 10 14 32 6.96245171630185755 3.57876288890838623 31.8574151377722785 
1 32 9 4 20 13 15 26 4 14 30 4 2 24 11 3.40460804104804993 39.6000000000000014 
1 24 9 14 6 5 16 25 4 4 12 2 15 26 12 3.4048619270324707 38.4430769230769158 
3 6 2 14 25 9 6 20 7 15 24 2 13 1 7 3.26158589124679565 44.9333333333333371 
13 26 6 15 6 4 1 32 2.70999124060388841 6 25 9 14 1 11 3.33514600992202759 40.2467857195155858 
6 6 7 16 20 2.70999124060388841 15 30 6.96245171630185755 4.94126535182462057 15 12 13 9 5 3.80011004209518433 27.6506595056595046 
6 32 7 4 1 4 14 9 9 3 20 11 15 6 2.70999124060388841 3.49932003021240234 33.2240818321463536 

Current Evaluation = 80000000(80000060)
Front Size = 29
15 32 7 1 30 9 4 6 2 14 5.34074699537910114 2 9 26 13 3.66676294803619385 29.9096673071089114 
15 32 7 1 30 9 18 15 12 4 20 2.70999124060388841 9 26 13 4.78829598426818848 12.7852687580260493 
15 32 7 1 30 9 10 13 2 3 24 13 9 26 13 4.68194299936294556 13.5968262052213333 
15 32 7 1 30 9 3 24 11 17 31 2 9 26 13 3.86865895986557007 24.9281385545865035 
15 32 7 1 30 9 18 15 12 12 2 2 9 26 13 5.18042302131652832 11.3420424020424022 
15 32 7 1 30 9 14 15 4 11 14 2.70999124060388841 9 26 13 4.38816994428634644 16.2924996443306327 
15 32 7 1 30 9 18 15 12 16 12 2.70999124060388841 9 26 13 4.8272169828414917 11.9078136539021937 
15 32 7 1 30 9 16 15 11 13 25 5 9 26 13 3.86744499206542969 27.4322247707501177 
15 32 7 1 30 9 14 24 6 11 14 2.70999124060388841 3 6 12 4.22325587272644043 16.9279873829873857 
15 32 7 1 30 9 3.36768017929769181 6 11 11 14 2.70999124060388841 9 26 13 4.67137992382049561 15.3295301448458652 
15 32 7 1 30 9 17 15 12 14 31 2.70999124060388841 9 26 13 3.67661398649215698 28.088938795529053 
15 32 7 1 30 9 16 15 2 3 25 9 9 26 13 3.8917049765586853 21.7376774388402332 
15 32 7 1 30 9 16 25 4 3 15 13 9 26 13 3.97371500730514526 20.6592179268274876 
15 32 7 1 30 9 14 16 2 4 20 2 9 26 13 3.8675849437713623 27.2951183976153331 
15 32 7 1 30 9 18 15 12 16 7 2.70999124060388841 9 26 13 5.28673100471496582 9.61369400512776195 
15 26 9 15 30 11 14 6 4 1 25 7 4 24 7 3.17512801289558411 52.7999999999999972 
4 15 12 17 31 2 3 26 3 14 1 7 1 6 4 3.64393693208694458 30.3999999999999986 
16 24 9 14 30 13 14 24 2 15 24 2 13 6 11 3.07357192039489746 68.4000000000000057 
15 24 4 16 5 11 14 6 9 4 9 2.70999124060388841 14 1 9 3.42597696185112 35.7809523809523853 
14 26 12 15 6 2 3 1 1 6 31 9 14 30 9 3.23760992288589478 50 
15 30 9 6 15 7 14 24 7 16 30 2 3 26 11 3.32150804996490479 42.2333333333333343 
15 1 11 4 30 2.70999124060388841 17 12 11 1 24 10 14 32 6.96245171630185755 3.57876288890838623 31.8574151377722785 
1 24 9 14 6 5 16 25 4 4 12 2 15 26 12 3.4048619270324707 38.4430769230769158 
13 26 6 15 6 4 1 32 2.70999124060388841 6 25 9 14 1 11 3.33514600992202759 40.2467857195155858 
6 6 7 16 20 2.70999124060388841 15 30 6.96245171630185755 4.94126535182462057 15 12 13 9 5 3.80011004209518433 27.6506595056595046 
6 32 7 4 1 4 14 9 9 3 20 11 15 6 2.70999124060388841 3.49932003021240234 33.2240818321463536 
17 6 12 14 24 7 13 26 3 15 20 2.70999124060388841 4 32 9 3.35224294662475586 38.9888888888888872 
4 26 12 3.36768017929769181 6 13 6 24 6.96245171630185755 15 20 9 14 15 7 3.60292893648147583 31.7369532428355932 
15 26 2.70999124060388841 14 25 2 4 15 4 14 6 3 1 24 9 3.24110090732574463 42.9665264928511306 

Current Evaluation = 90000000(90000120)
Front Size = 29
15 32 7 1 30 9 4 6 2 14 5.34074699537910114 2 9 26 13 3.66676294803619385 29.9096673071089114 
15 32 7 1 30 9 18 15 12 4 20 2.70999124060388841 9 26 13 4.78829598426818848 12.7852687580260493 
15 32 7 1 30 9 10 13 2 3 24 13 9 26 13 4.68194299936294556 13.5968262052213333 
15 32 7 1 30 9 3 24 11 17 31 2 9 26 13 3.86865895986557007 24.9281385545865035 
15 32 7 1 30 9 18 15 12 12 2 2 9 26 13 5.18042302131652832 11.3420424020424022 
15 32 7 1 30 9 14 15 4 11 14 2.70999124060388841 9 26 13 4.38816994428634644 16.2924996443306327 
15 32 7 1 30 9 18 15 12 16 12 2.70999124060388841 9 26 13 4.8272169828414917 11.9078136539021937 
15 32 7 1 30 9 16 15 11 13 25 5 9 26 13 3.86744499206542969 27.4322247707501177 
15 32 7 1 30 9 14 24 6 11 14 2.70999124060388841 3 6 12 4.22325587272644043 16.9279873829873857 
15 32 7 1 30 9 3.36768017929769181 6 11 11 14 2.70999124060388841 9 26 13 4.67137992382049561 15.3295301448458652 
15 32 7 1 30 9 17 15 12 14 31 2.70999124060388841 9 26 13 3.67661398649215698 28.088938795529053 
15 32 7 1 30 9 16 15 2 3 25 9 9 26 13 3.8917049765586853 21.7376774388402332 
15 32 7 1 30 9 16 25 4 3 15 13 9 26 13 3.97371500730514526 20.6592179268274876 
15 32 7 1 30 9 14 16 2 4 20 2 9 26 13 3.8675849437713623 27.2951183976153331 
15 32 7 1 30 9 18 15 12 16 7 2.70999124060388841 9 26 13 5.28673100471496582 9.61369400512776195 
4 15 12 17 31 2 3 26 3 14 1 7 1 6 4 3.64393693208694458 30.3999999999999986 
16 24 9 14 30 13 14 24 2 15 24 2 13 6 11 3.07357192039489746 68.4000000000000057 
15 24 4 16 5 11 14 6 9 4 9 2.70999124060388841 14 1 9 3.42597696185112 35.7809523809523853 
15 30 9 6 15 7 14 24 7 16 30 2 3 26 11 3.32150804996490479 42.2333333333333343 
15 1 11 4 30 2.70999124060388841 17 12 11 1 24 10 14 32 6.96245171630185755 3.57876288890838623 31.8574151377722785 
1 24 9 14 6 5 16 25 4 4 12 2 15 26 12 3.4048619270324707 38.4430769230769158 
13 26 6 15 6 4 1 32 2.70999124060388841 6 25 9 14 1 11 3.33514600992202759 40.2467857195155858 
6 6 7 16 20 2.70999124060388841 15 30 6.96245171630185755 4.94126535182462057 15 12 13 9 5 3.80011004209518433 27.6506595056595046 
6 32 7 4 1 4 14 9 9 3 20 11 15 6 2.70999124060388841 3.49932003021240234 33.2240818321463536 
17 6 12 14 24 7 13 26 3 15 20 2.70999124060388841 4 32 9 3.35224294662475586 38.9888888888888872 
4 26 12 3.36768017929769181 6 13 6 24 6.96245171630185755 15 20 9 14 15 7 3.60292893648147583 31.7369532428355932 
15 26 2.70999124060388841 14 25 2 4 15 4 14 6 3 1 24 9 3.24110090732574463 42.9665264928511306 
4 24 11 17 20 11 1 30 2.70999124060388841 14 1 9 15 6 1 3.47347202897071838 34.5670163170163107 
15 24 2 4 30 11 14 31 7 17 1 2.70999124060388841 14 26 9 3.17009195685386658 48.2333333333333343 

Current Evaluation = 100000000(100000040)
Front Size = 30
15 32 7 1 30 9 4 6 2 14 5.34074699537910114 2 9 26 13 3.66676294803619385 29.9096673071089114 
15 32 7 1 30 9 18 15 12 4 20 2.70999124060388841 9 26 13 4.78829598426818848 12.7852687580260493 
15 32 7 1 30 9 10 13 2 3 24 13 9 26 13 4.68194299936294556 13.5968262052213333 
15 32 7 1 30 9 3 24 11 17 31 2 9 26 13 3.86865895986557007 24.9281385545865035 
15 32 7 1 30 9 18 15 12 12 2 2 9 26 13 5.18042302131652832 11.3420424020424022 
15 32 7 1 30 9 14 15 4 11 14 2.70999124060388841 9 26 13 4.38816994428634644 16.2924996443306327 
15 32 7 1 30 9 18 15 12 16 12 2.70999124060388841 9 26 13 4.8272169828414917 11.9078136539021937 
15 32 7 1 30 9 16 15 11 13 25 5 9 26 13 3.86744499206542969 27.4322247707501177 
15 32 7 1 30 9 14 24 6 11 14 2.70999124060388841 3 6 12 4.22325587272644043 16.9279873829873857 
15 32 7 1 30 9 3.36768017929769181 6 11 11 14 2.70999124060388841 9 26 13 4.67137992382049561 15.3295301448458652 
15 32 7 1 30 9 17 15 12 14 31 2.70999124060388841 9 26 13 3.67661398649215698 28.088938795529053 
15 32 7 1 30 9 16 15 2 3 25 9 9 26 13 3.8917049765586853 21.7376774388402332 
15 32 7 1 30 9 16 25 4 3 15 13 9 26 13 3.97371500730514526 20.6592179268274876 
15 32 7 1 30 9 14 16 2 4 20 2 9 26 13 3.8675849437713623 27.2951183976153331 
15 32 7 1 30 9 18 15 12 16 7 2.70999124060388841 9 26 13 5.28673100471496582 9.61369400512776195 
4 15 12 17 31 2 3 26 3 14 1 7 1 6 4 3.64393693208694458 30.3999999999999986 
16 24 9 14 30 13 14 24 2 15 24 2 13 6 11 3.07357192039489746 68.4000000000000057 
15 24 4 16 5 11 14 6 9 4 9 2.70999124060388841 14 1 9 3.42597696185112 35.7809523809523853 
15 30 9 6 15 7 14 24 7 16 30 2 3 26 11 3.32150804996490479 42.2333333333333343 
15 1 11 4 30 2.70999124060388841 17 12 11 1 24 10 14 32 6.96245171630185755 3.57876288890838623 31.8574151377722785 
1 24 9 14 6 5 16 25 4 4 12 2 15 26 12 3.4048619270324707 38.4430769230769158 
13 26 6 15 6 4 1 32 2.70999124060388841 6 25 9 14 1 11 3.33514600992202759 40.2467857195155858 
6 6 7 16 20 2.70999124060388841 15 30 6.96245171630185755 4.94126535182462057 15 12 13 9 5 3.80011004209518433 27.6506595056595046 
6 32 7 4 1 4 14 9 9 3 20 11 15 6 2.70999124060388841 3.49932003021240234 33.2240818321463536 
17 6 12 14 24 7 13 26 3 15 20 2.70999124060388841 4 32 9 3.35224294662475586 38.9888888888888872 
4 26 12 3.36768017929769181 6 13 6 24 6.96245171630185755 15 20 9 14 15 7 3.60292893648147583 31.7369532428355932 
15 26 2.70999124060388841 14 25 2 4 15 4 14 6 3 1 24 9 3.24110090732574463 42.9665264928511306 
4 24 11 17 20 11 1 30 2.70999124060388841 14 1 9 15 6 1 3.47347202897071838 34.5670163170163107 
15 24 2 4 30 11 14 31 7 17 1 2.70999124060388841 14 26 9 3.17009195685386658 48.2333333333333343 
4 30 13 15 32 2.70999124060388841 14 1 12 13 5 4 14 6 7 3.29885387420654297 42.7999999999999972 

MOEA/D: Multiobjective Evolutionary Algorithm Based on Decomposition
Number of Evaluations = 100000000
Mutation Probability = 0.0500000007450580597
Population Size = 140
Neighborhood size = 42
Seed: 13

Time =  40622.7764830000015

Current Evaluation = 100000040
Front Size = 30
15 32 7 1 30 9 4 6 2 14 5.34074699537910114 2 9 26 13 3.66676294803619385 29.9096673071089114 
15 32 7 1 30 9 18 15 12 4 20 2.70999124060388841 9 26 13 4.78829598426818848 12.7852687580260493 
15 32 7 1 30 9 10 13 2 3 24 13 9 26 13 4.68194299936294556 13.5968262052213333 
15 32 7 1 30 9 3 24 11 17 31 2 9 26 13 3.86865895986557007 24.9281385545865035 
15 32 7 1 30 9 18 15 12 12 2 2 9 26 13 5.18042302131652832 11.3420424020424022 
15 32 7 1 30 9 14 15 4 11 14 2.70999124060388841 9 26 13 4.38816994428634644 16.2924996443306327 
15 32 7 1 30 9 18 15 12 16 12 2.70999124060388841 9 26 13 4.8272169828414917 11.9078136539021937 
15 32 7 1 30 9 16 15 11 13 25 5 9 26 13 3.86744499206542969 27.4322247707501177 
15 32 7 1 30 9 14 24 6 11 14 2.70999124060388841 3 6 12 4.22325587272644043 16.9279873829873857 
15 32 7 1 30 9 3.36768017929769181 6 11 11 14 2.70999124060388841 9 26 13 4.67137992382049561 15.3295301448458652 
15 32 7 1 30 9 17 15 12 14 31 2.70999124060388841 9 26 13 3.67661398649215698 28.088938795529053 
15 32 7 1 30 9 16 15 2 3 25 9 9 26 13 3.8917049765586853 21.7376774388402332 
15 32 7 1 30 9 16 25 4 3 15 13 9 26 13 3.97371500730514526 20.6592179268274876 
15 32 7 1 30 9 14 16 2 4 20 2 9 26 13 3.8675849437713623 27.2951183976153331 
15 32 7 1 30 9 18 15 12 16 7 2.70999124060388841 9 26 13 5.28673100471496582 9.61369400512776195 
4 15 12 17 31 2 3 26 3 14 1 7 1 6 4 3.64393693208694458 30.3999999999999986 
16 24 9 14 30 13 14 24 2 15 24 2 13 6 11 3.07357192039489746 68.4000000000000057 
15 24 4 16 5 11 14 6 9 4 9 2.70999124060388841 14 1 9 3.42597696185112 35.7809523809523853 
15 30 9 6 15 7 14 24 7 16 30 2 3 26 11 3.32150804996490479 42.2333333333333343 
15 1 11 4 30 2.70999124060388841 17 12 11 1 24 10 14 32 6.96245171630185755 3.57876288890838623 31.8574151377722785 
1 24 9 14 6 5 16 25 4 4 12 2 15 26 12 3.4048619270324707 38.4430769230769158 
13 26 6 15 6 4 1 32 2.70999124060388841 6 25 9 14 1 11 3.33514600992202759 40.2467857195155858 
6 6 7 16 20 2.70999124060388841 15 30 6.96245171630185755 4.94126535182462057 15 12 13 9 5 3.80011004209518433 27.6506595056595046 
6 32 7 4 1 4 14 9 9 3 20 11 15 6 2.70999124060388841 3.49932003021240234 33.2240818321463536 
17 6 12 14 24 7 13 26 3 15 20 2.70999124060388841 4 32 9 3.35224294662475586 38.9888888888888872 
4 26 12 3.36768017929769181 6 13 6 24 6.96245171630185755 15 20 9 14 15 7 3.60292893648147583 31.7369532428355932 
15 26 2.70999124060388841 14 25 2 4 15 4 14 6 3 1 24 9 3.24110090732574463 42.9665264928511306 
4 24 11 17 20 11 1 30 2.70999124060388841 14 1 9 15 6 1 3.47347202897071838 34.5670163170163107 
15 24 2 4 30 11 14 31 7 17 1 2.70999124060388841 14 26 9 3.17009195685386658 48.2333333333333343 
4 30 13 15 32 2.70999124060388841 14 1 12 13 5 4 14 6 7 3.29885387420654297 42.7999999999999972 

