Current Evaluation = 10000000(10000060)
Front Size = 29
3.36768017929769181 20 3 6 16 2.70999124060388841 14 6 12 1 8 1 9.25570237641795579 26 10 4.68325698375701904 19.230952380952381 
16 12 2.70999124060388841 6 16 2.70999124060388841 14 6 12 12 30 4 11 33 4 5.05899876356124878 17.4296730137131739 
18 26 11 6 16 2.70999124060388841 14 6 12 12 30 3 3.36768017929769181 12 5 4.88756901025772095 17.7281480211073337 
13 15 4 12 24 9 15 30 11 14 24 4 4 26 9 3.22536203265190125 49.1666666666666714 
3 6 13 14 26 4 17 30 2 9 15 13 15 1 7 3.79994088411331177 32.2666666666666657 
3 1 10 6 16 2.70999124060388841 14 6 12 1 8 1 11 33 4 5.76642775535583496 14.8887997067986078 
16 25 2 6 16 2.70999124060388841 14 6 12 15 26 9 1 32 3 3.81853598356246948 28.8214088288668719 
14 1 11 1 20 8 13 32 11 16 26 2 15 30 10 3.57945096492767334 38.6666666666666714 
12 7 7 6 16 2.70999124060388841 14 6 12 1 8 1 11 33 4 6.13943576812744141 14.6263624175388873 
14 32 9 15 30 10 4 20 1 15 6 11 15 24 2.70999124060388841 3.45493793487548828 47.2538461538461547 
12 1 3 6 16 2.70999124060388841 14 6 12 1 8 1 11 33 4 5.80605483055114746 14.680229763121897 
12 18 9 6 16 2.70999124060388841 14 6 12 1 8 1 9 1 7 4.6690669059753418 19.7716632339831158 
8 30 13 17 15 11 14 6 12 2 26 7 15 20 2.70999124060388841 3.89726895093917847 27.5005298914227367 
17 30 11 6 16 2.70999124060388841 14 6 12 3.36768017929769181 13 10 11 33 4 5.46289187669754028 15.3670883925051029 
6 1 6 4 16 11 15 25 5 16 24 2 3 30 13 4.28264391422271729 26.7000000000000028 
3.36768017929769181 11 4 6 16 2.70999124060388841 14 6 12 1 8 1 4 26 4 4.71346795558929443 18.3064055272430366 
13 25 3 17 30 11 13 15 2 14 26 11 15 6 10 3.53860288858413696 43.7333333333333343 
12 25 10 6 16 2.70999124060388841 14 6 12 1 8 1 11 33 4 5.77954673767089844 14.7199703074703088 
17 2 2 4 20 9 14 6 12 1 8 1 2 24 2 4.40573197603225708 22.6854754370384626 
9 17 7 6 16 2.70999124060388841 14 6 12 1 8 1 11 33 4 6.17748379707336426 14.5803332615097325 
17 17 9 6 16 2.70999124060388841 14 6 12 3.36768017929769181 1 7 11 33 4 5.44810473918914795 16.1300499796531192 
3 21 4 6 16 2.70999124060388841 14 6 12 1 8 1 4 1 4 5.52281898260116577 15.0293763112721699 
4 1 3 6 16 2.70999124060388841 14 6 12 1 8 1 16 15 9 4.43742591142654419 20.3839399727595776 
3 21 4 6 16 2.70999124060388841 14 6 12 1 8 1 11 33 4 6.86616480350494385 13.6221721449205919 
4 25 7 6 16 2.70999124060388841 14 6 12 1 8 1 6 1 10 4.31189191341400146 23.5109103171670739 
17 12 9 6 16 2.70999124060388841 14 6 12 2 32 11 11 33 4 5.21595978736877441 16.9770892156246553 
4 12 2.70999124060388841 15 6 4 2 15 9 17 1 12 14 24 11 3.67450994253158569 33.2052631578947341 
12 30 9 17 26 9 14 24 2.70999124060388841 15 24 1 1 15 11 3.5361899733543396 46.0818181818181785 
3.36768017929769181 20 5 6 16 2.70999124060388841 14 6 12 1 8 1 11 30 4 4.84558397531509399 17.8023292204871169 

Current Evaluation = 20000000(20000120)
Front Size = 22
13 15 4 12 24 9 15 30 11 14 24 4 4 26 9 3.22536203265190125 49.1666666666666714 
14 32 9 15 30 10 4 20 1 15 6 11 15 24 2.70999124060388841 3.45493793487548828 47.2538461538461547 
13 25 3 17 30 11 13 15 2 14 26 11 15 6 10 3.53860288858413696 43.7333333333333343 
12 30 9 17 26 9 14 24 2.70999124060388841 15 24 1 1 15 11 3.5361899733543396 46.0818181818181785 
6 25 13 16 15 4 14 20 5 15 32 11 3 30 7 3.55531305074691772 38.6000000000000014 
15 24 2.70999124060388841 6 16 2.70999124060388841 14 6 12 12 1 9 16 30 9 3.6372559666633606 33.1968226217329487 
14 26 12 13 15 11 14 9 3 17 31 4 1 20 2.70999124060388841 3.53744912147521973 44.8205128205128176 
2 30 7 6 16 2.70999124060388841 14 6 12 12 1 9 1 31 2.70999124060388841 3.78957098722457886 28.1214908607790406 
3.36768017929769181 17 6.96245171630185755 6 16 2.70999124060388841 14 6 12 12 1 9 10 18 11 5.04688793420791626 12.6388585500590693 
3.36768017929769181 12 3 6 16 2.70999124060388841 14 6 12 12 1 9 10 18 11 4.65398901700973511 13.3419291819291814 
10 31 10 6 16 2.70999124060388841 14 6 12 12 1 9 3 12 2.70999124060388841 4.40167397260665894 17.398649491386454 
17 31 2.70999124060388841 6 16 2.70999124060388841 14 6 12 12 1 9 8 15 4 3.98633092641830444 19.8445080797780911 
4 12 9 6 16 2.70999124060388841 14 6 12 12 1 9 10 18 11 4.43216896057128906 16.3174825174825173 
3 21 4 6 16 2.70999124060388841 14 6 12 12 1 9 10 18 11 5.73385900259017944 11.6285987030871958 
3 18 10 6 16 2.70999124060388841 14 6 12 12 1 9 15 32 8 4.17178100347518921 19.1222257234341129 
17 31 2 6 16 2.70999124060388841 14 6 12 12 1 9 13 5 7 3.87848788499832153 22.5255825334564435 
3 20 11 6 16 2.70999124060388841 14 6 12 12 1 9 1 30 4 3.709911048412323 31.2000527502038096 
4 20 4 6 16 2.70999124060388841 14 6 12 12 1 9 10 18 11 4.43703097105026245 13.9693588125453321 
15 32 9 6 16 2.70999124060388841 14 6 12 12 1 9 15 25 2.70999124060388841 3.77598893642425537 30.2969947735191667 
14 15 9 6 16 2.70999124060388841 14 6 12 12 1 9 4 9 12 3.81182396411895752 26.1138538880474371 
13 26 2 6 16 2.70999124060388841 14 6 12 12 1 9 13 6 7 3.58861595392227173 36.6896770662287892 
4 17 4 6 16 2.70999124060388841 14 6 12 12 1 9 10 18 11 4.83309191465377808 13.2834663375839863 

Current Evaluation = 30000000(30000040)
Front Size = 21
13 15 4 12 24 9 15 30 11 14 24 4 4 26 9 3.22536203265190125 49.1666666666666714 
15 24 2.70999124060388841 6 16 2.70999124060388841 14 6 12 12 1 9 16 30 9 3.6372559666633606 33.1968226217329487 
17 31 2.70999124060388841 6 16 2.70999124060388841 14 6 12 12 1 9 8 15 4 3.98633092641830444 19.8445080797780911 
3 18 10 6 16 2.70999124060388841 14 6 12 12 1 9 15 32 8 4.17178100347518921 19.1222257234341129 
17 31 2 6 16 2.70999124060388841 14 6 12 12 1 9 13 5 7 3.87848788499832153 22.5255825334564435 
4 20 4 6 16 2.70999124060388841 14 6 12 12 1 9 10 18 11 4.43703097105026245 13.9693588125453321 
17 20 11 6 16 2.70999124060388841 14 6 12 12 1 9 1 28 7 4.34175503253936768 16.5846194931936317 
16 20 11 1 16 9 14 6 12 12 1 9 3 30 2.70999124060388841 3.77453196048736572 27.8394350931532735 
9 25 7 6 16 2.70999124060388841 14 6 12 12 1 9 10 18 11 4.71790391206741333 12.4583823304276642 
4 20 9 6 16 2.70999124060388841 14 6 12 12 1 9 10 18 11 4.40900695323944092 15.545232519237203 
15 32 2.70999124060388841 6 24 9 14 6 12 12 1 9 4 32 6.96245171630185755 3.42559194564819336 33.6250957854406138 
4 6 9 14 31 12 14 30 8 15 24 13 16 15 2.70999124060388841 3.3872038722038269 39.8538461538461561 
15 26 13 6 16 2.70999124060388841 14 6 12 12 1 9 6 31 7 3.79078400135040283 25.2079426127340298 
3.36768017929769181 12 10 6 16 2.70999124060388841 14 6 12 12 1 9 10 18 11 4.60798901319503784 13.0117676486937182 
4 12 7 6 16 2.70999124060388841 14 6 12 12 1 9 10 18 11 4.48019295930862427 13.9489007919883505 
4 12 10 6 16 2.70999124060388841 14 6 12 12 1 9 10 18 11 4.53419297933578491 13.9425781310943151 
1 30 2 6 16 2.70999124060388841 14 6 12 12 1 9 3 24 4 3.67212003469467163 28.3188563867423255 
1 7 2.70999124060388841 6 16 2.70999124060388841 9.25570237641795579 26 7 12 1 9 10 18 11 5.34290093183517456 11.8874235207687988 
3 21 4 16 15 2.70999124060388841 14 6 12 12 1 9 10 18 11 5.56676596403121948 11.8159195758452107 
3 21 4 6 16 2.70999124060388841 14 6 12 12 1 9 10 18 11 5.73385900259017944 11.6170096943729479 
3 20 5 6 16 2.70999124060388841 14 6 12 12 1 9 10 18 11 4.57282698154449463 13.4013711626570711 

Current Evaluation = 40000000(40000100)
Front Size = 23
13 15 4 12 24 9 15 30 11 14 24 4 4 26 9 3.22536203265190125 49.1666666666666714 
15 24 2.70999124060388841 6 16 2.70999124060388841 14 6 12 12 1 9 16 30 9 3.6372559666633606 33.1968226217329487 
17 31 2.70999124060388841 6 16 2.70999124060388841 14 6 12 12 1 9 8 15 4 3.98633092641830444 19.8445080797780911 
17 31 2 6 16 2.70999124060388841 14 6 12 12 1 9 13 5 7 3.87848788499832153 22.5255825334564435 
4 20 4 6 16 2.70999124060388841 14 6 12 12 1 9 10 18 11 4.43703097105026245 13.9693588125453321 
16 20 11 1 16 9 14 6 12 12 1 9 3 30 2.70999124060388841 3.77453196048736572 27.8394350931532735 
15 32 2.70999124060388841 6 24 9 14 6 12 12 1 9 4 32 6.96245171630185755 3.42559194564819336 33.6250957854406138 
4 6 9 14 31 12 14 30 8 15 24 13 16 15 2.70999124060388841 3.3872038722038269 39.8538461538461561 
15 26 13 6 16 2.70999124060388841 14 6 12 12 1 9 6 31 7 3.79078400135040283 25.2079426127340298 
3.36768017929769181 12 10 6 16 2.70999124060388841 14 6 12 12 1 9 10 18 11 4.60798901319503784 13.0117676486937182 
4 12 7 6 16 2.70999124060388841 14 6 12 12 1 9 10 18 11 4.48019295930862427 13.9489007919883505 
4 12 10 6 16 2.70999124060388841 14 6 12 12 1 9 10 18 11 4.53419297933578491 13.9425781310943151 
1 30 2 6 16 2.70999124060388841 14 6 12 12 1 9 3 24 4 3.67212003469467163 28.3188563867423255 
6 9 13 16 2 1 14 6 12 12 1 9 3 30 10 4.15509206056594849 16.0070239988965852 
13 20 7 16 2 1 14 6 12 12 1 9 10 18 11 4.56585401296615601 13.36173903704438 
6 31 2.70999124060388841 16 2 1 14 6 12 12 1 9 4 25 4 3.93078500032424927 20.9612146792479095 
1 32 4 13 12 1 17 30 2.70999124060388841 4 15 11 6 26 7 3.65502798557281494 33.125 
13 18 7 16 2 1 14 6 12 12 1 9 3 20 4 4.03832107782363892 18.2489251610131475 
3 20 5 16 2 1 14 6 12 12 1 9 4 9 4 4.16139507293701172 14.3960748139137209 
3 21 4 16 2 1 14 6 12 12 1 9 10 18 11 5.92375606298446655 8.71827842423750354 
3 20 4 16 2 1 14 6 12 12 1 9 10 18 11 4.70072406530380249 9.16122602035645528 
4 20 4 16 2 1 14 6 12 12 1 9 10 18 11 4.62692803144454956 10.5453170496514144 
1 15 12 16 2 1 14 6 12 12 1 9 3 31 4 4.1171870231628418 18.0348597115522367 

Current Evaluation = 50000000(50000020)
Front Size = 21
13 15 4 12 24 9 15 30 11 14 24 4 4 26 9 3.22536203265190125 49.1666666666666714 
17 31 2 6 16 2.70999124060388841 14 6 12 12 1 9 13 5 7 3.87848788499832153 22.5255825334564435 
4 20 4 6 16 2.70999124060388841 14 6 12 12 1 9 10 18 11 4.43703097105026245 13.9693588125453321 
15 32 2.70999124060388841 6 24 9 14 6 12 12 1 9 4 32 6.96245171630185755 3.42559194564819336 33.6250957854406138 
4 6 9 14 31 12 14 30 8 15 24 13 16 15 2.70999124060388841 3.3872038722038269 39.8538461538461561 
15 26 13 6 16 2.70999124060388841 14 6 12 12 1 9 6 31 7 3.79078400135040283 25.2079426127340298 
4 12 7 6 16 2.70999124060388841 14 6 12 12 1 9 10 18 11 4.48019295930862427 13.9489007919883505 
4 12 10 6 16 2.70999124060388841 14 6 12 12 1 9 10 18 11 4.53419297933578491 13.9425781310943151 
1 30 2 6 16 2.70999124060388841 14 6 12 12 1 9 3 24 4 3.67212003469467163 28.3188563867423255 
6 31 2.70999124060388841 16 2 1 14 6 12 12 1 9 4 25 4 3.93078500032424927 20.9612146792479095 
3 20 5 16 2 1 14 6 12 12 1 9 4 9 4 4.16139507293701172 14.3960748139137209 
3 20 4 16 2 1 14 6 12 12 1 9 10 18 11 4.70072406530380249 9.16122602035645528 
4 20 4 16 2 1 14 6 12 12 1 9 10 18 11 4.62692803144454956 10.5453170496514144 
3 21 4 16 2 1 14 6 12 12 1 9 10 18 11 5.92375606298446655 8.34578668101837984 
6 20 4 16 2 1 14 6 12 12 1 9 10 18 11 4.55004203319549561 13.0718103924820355 
6 32 9 16 2 1 14 6 12 12 1 9 10 18 11 4.53808301687240601 13.6623277468670477 
14 26 10 15 1 9 6 20 12 17 15 1 4 30 2.70999124060388841 3.60418885946273804 31.2740740740740755 
15 25 1 16 2 1 14 6 12 12 1 9 4 30 4 4.04139602184295654 15.3789101310517644 
4 20 9 16 2 1 14 6 12 12 1 9 10 18 11 4.59890401363372803 12.2566650838873059 
1 30 11 15 24 11 14 6 12 12 1 9 4 5 3 3.71261799335479736 25.7339400291821931 
15 31 7 16 2 1 14 6 12 12 1 9 4 20 2.70999124060388841 3.95690196752548218 17.6766847440829231 

Current Evaluation = 60000000(60000080)
Front Size = 24
13 15 4 12 24 9 15 30 11 14 24 4 4 26 9 3.22536203265190125 49.1666666666666714 
17 31 2 6 16 2.70999124060388841 14 6 12 12 1 9 13 5 7 3.87848788499832153 22.5255825334564435 
4 20 4 6 16 2.70999124060388841 14 6 12 12 1 9 10 18 11 4.43703097105026245 13.9693588125453321 
15 32 2.70999124060388841 6 24 9 14 6 12 12 1 9 4 32 6.96245171630185755 3.42559194564819336 33.6250957854406138 
4 6 9 14 31 12 14 30 8 15 24 13 16 15 2.70999124060388841 3.3872038722038269 39.8538461538461561 
15 26 13 6 16 2.70999124060388841 14 6 12 12 1 9 6 31 7 3.79078400135040283 25.2079426127340298 
4 12 7 6 16 2.70999124060388841 14 6 12 12 1 9 10 18 11 4.48019295930862427 13.9489007919883505 
4 12 10 6 16 2.70999124060388841 14 6 12 12 1 9 10 18 11 4.53419297933578491 13.9425781310943151 
1 30 2 6 16 2.70999124060388841 14 6 12 12 1 9 3 24 4 3.67212003469467163 28.3188563867423255 
6 31 2.70999124060388841 16 2 1 14 6 12 12 1 9 4 25 4 3.93078500032424927 20.9612146792479095 
3 20 5 16 2 1 14 6 12 12 1 9 4 9 4 4.16139507293701172 14.3960748139137209 
3 20 4 16 2 1 14 6 12 12 1 9 10 18 11 4.70072406530380249 9.16122602035645528 
4 20 4 16 2 1 14 6 12 12 1 9 10 18 11 4.62692803144454956 10.5453170496514144 
3 21 4 16 2 1 14 6 12 12 1 9 10 18 11 5.92375606298446655 8.34578668101837984 
6 20 4 16 2 1 14 6 12 12 1 9 10 18 11 4.55004203319549561 13.0718103924820355 
6 32 9 16 2 1 14 6 12 12 1 9 10 18 11 4.53808301687240601 13.6623277468670477 
14 26 10 15 1 9 6 20 12 17 15 1 4 30 2.70999124060388841 3.60418885946273804 31.2740740740740755 
15 25 1 16 2 1 14 6 12 12 1 9 4 30 4 4.04139602184295654 15.3789101310517644 
4 20 9 16 2 1 14 6 12 12 1 9 10 18 11 4.59890401363372803 12.2566650838873059 
1 30 11 15 24 11 14 6 12 12 1 9 4 5 3 3.71261799335479736 25.7339400291821931 
15 31 7 16 2 1 14 6 12 12 1 9 4 20 2.70999124060388841 3.95690196752548218 17.6766847440829231 
1 26 4 16 2 1 14 6 12 12 1 9 10 30 8 4.40902000665664673 14.1368283465709332 
4 12 9 16 2 1 14 6 12 12 1 9 10 18 11 4.62206602096557617 11.8661281609107707 
4 13 4 16 2 1 14 6 12 12 1 9 10 18 11 4.95986407995223999 8.97593285332949442 

Current Evaluation = 70000000(70000000)
Front Size = 22
13 15 4 12 24 9 15 30 11 14 24 4 4 26 9 3.22536203265190125 49.1666666666666714 
17 31 2 6 16 2.70999124060388841 14 6 12 12 1 9 13 5 7 3.87848788499832153 22.5255825334564435 
15 32 2.70999124060388841 6 24 9 14 6 12 12 1 9 4 32 6.96245171630185755 3.42559194564819336 33.6250957854406138 
4 6 9 14 31 12 14 30 8 15 24 13 16 15 2.70999124060388841 3.3872038722038269 39.8538461538461561 
15 26 13 6 16 2.70999124060388841 14 6 12 12 1 9 6 31 7 3.79078400135040283 25.2079426127340298 
1 30 2 6 16 2.70999124060388841 14 6 12 12 1 9 3 24 4 3.67212003469467163 28.3188563867423255 
6 31 2.70999124060388841 16 2 1 14 6 12 12 1 9 4 25 4 3.93078500032424927 20.9612146792479095 
3 20 5 16 2 1 14 6 12 12 1 9 4 9 4 4.16139507293701172 14.3960748139137209 
3 20 4 16 2 1 14 6 12 12 1 9 10 18 11 4.70072406530380249 9.16122602035645528 
4 20 4 16 2 1 14 6 12 12 1 9 10 18 11 4.62692803144454956 10.5453170496514144 
14 26 10 15 1 9 6 20 12 17 15 1 4 30 2.70999124060388841 3.60418885946273804 31.2740740740740755 
4 20 9 16 2 1 14 6 12 12 1 9 10 18 11 4.59890401363372803 12.2566650838873059 
1 30 11 15 24 11 14 6 12 12 1 9 4 5 3 3.71261799335479736 25.7339400291821931 
15 31 7 16 2 1 14 6 12 12 1 9 4 20 2.70999124060388841 3.95690196752548218 17.6766847440829231 
4 12 9 16 2 1 14 6 12 12 1 9 10 18 11 4.62206602096557617 11.8661281609107707 
4 13 4 16 2 1 14 6 12 12 1 9 10 18 11 4.95986407995223999 8.97593285332949442 
4 30 4 16 2 1 14 6 12 12 1 9 3 5 9 4.00701904296875 14.8877828705315807 
6 12 7 16 2 1 14 6 12 12 1 9 10 18 11 4.59320402145385742 12.9597179079532019 
4 9 4 16 2 1 14 6 12 12 1 9 2 32 2 4.26885801553726196 13.8069481922113493 
2 25 13 16 2 1 14 6 12 12 1 9 3.36768017929769181 18 5 4.51136207580566406 12.9622987501486939 
4 24 13 17 30 4 13 32 11 14 26 11 1 6 2 3.35385292768478394 39.8999999999999986 
3 21 4 16 2 1 14 6 12 12 1 9 10 18 11 5.92375606298446655 8.29316526610644189 

Current Evaluation = 80000000(80000060)
Front Size = 25
13 15 4 12 24 9 15 30 11 14 24 4 4 26 9 3.22536203265190125 49.1666666666666714 
17 31 2 6 16 2.70999124060388841 14 6 12 12 1 9 13 5 7 3.87848788499832153 22.5255825334564435 
15 32 2.70999124060388841 6 24 9 14 6 12 12 1 9 4 32 6.96245171630185755 3.42559194564819336 33.6250957854406138 
4 6 9 14 31 12 14 30 8 15 24 13 16 15 2.70999124060388841 3.3872038722038269 39.8538461538461561 
15 26 13 6 16 2.70999124060388841 14 6 12 12 1 9 6 31 7 3.79078400135040283 25.2079426127340298 
1 30 2 6 16 2.70999124060388841 14 6 12 12 1 9 3 24 4 3.67212003469467163 28.3188563867423255 
6 31 2.70999124060388841 16 2 1 14 6 12 12 1 9 4 25 4 3.93078500032424927 20.9612146792479095 
3 20 5 16 2 1 14 6 12 12 1 9 4 9 4 4.16139507293701172 14.3960748139137209 
3 20 4 16 2 1 14 6 12 12 1 9 10 18 11 4.70072406530380249 9.16122602035645528 
4 20 4 16 2 1 14 6 12 12 1 9 10 18 11 4.62692803144454956 10.5453170496514144 
14 26 10 15 1 9 6 20 12 17 15 1 4 30 2.70999124060388841 3.60418885946273804 31.2740740740740755 
4 20 9 16 2 1 14 6 12 12 1 9 10 18 11 4.59890401363372803 12.2566650838873059 
1 30 11 15 24 11 14 6 12 12 1 9 4 5 3 3.71261799335479736 25.7339400291821931 
15 31 7 16 2 1 14 6 12 12 1 9 4 20 2.70999124060388841 3.95690196752548218 17.6766847440829231 
4 12 9 16 2 1 14 6 12 12 1 9 10 18 11 4.62206602096557617 11.8661281609107707 
4 13 4 16 2 1 14 6 12 12 1 9 10 18 11 4.95986407995223999 8.97593285332949442 
4 30 4 16 2 1 14 6 12 12 1 9 3 5 9 4.00701904296875 14.8877828705315807 
6 12 7 16 2 1 14 6 12 12 1 9 10 18 11 4.59320402145385742 12.9597179079532019 
4 9 4 16 2 1 14 6 12 12 1 9 2 32 2 4.26885801553726196 13.8069481922113493 
2 25 13 16 2 1 14 6 12 12 1 9 3.36768017929769181 18 5 4.51136207580566406 12.9622987501486939 
4 24 13 17 30 4 13 32 11 14 26 11 1 6 2 3.35385292768478394 39.8999999999999986 
3 21 4 16 2 1 14 6 12 12 1 9 10 18 11 5.92375606298446655 8.0636423359249445 
15 6 4 14 26 9 14 15 3 4 31 2 13 25 2 3.23627278208732605 47.2999999999999972 
15 24 8 16 2 1 4 13 4 12 1 9 10 18 11 5.27347105741500854 8.68814898961957738 
3.36768017929769181 25 12 4 30 8 14 6 12 12 1 9 15 24 4 3.6547238826751709 31.265531505965658 

Current Evaluation = 90000000(90000120)
Front Size = 29
13 15 4 12 24 9 15 30 11 14 24 4 4 26 9 3.22536203265190125 49.1666666666666714 
17 31 2 6 16 2.70999124060388841 14 6 12 12 1 9 13 5 7 3.87848788499832153 22.5255825334564435 
15 32 2.70999124060388841 6 24 9 14 6 12 12 1 9 4 32 6.96245171630185755 3.42559194564819336 33.6250957854406138 
4 6 9 14 31 12 14 30 8 15 24 13 16 15 2.70999124060388841 3.3872038722038269 39.8538461538461561 
15 26 13 6 16 2.70999124060388841 14 6 12 12 1 9 6 31 7 3.79078400135040283 25.2079426127340298 
1 30 2 6 16 2.70999124060388841 14 6 12 12 1 9 3 24 4 3.67212003469467163 28.3188563867423255 
6 31 2.70999124060388841 16 2 1 14 6 12 12 1 9 4 25 4 3.93078500032424927 20.9612146792479095 
3 20 4 16 2 1 14 6 12 12 1 9 10 18 11 4.70072406530380249 9.16122602035645528 
4 20 4 16 2 1 14 6 12 12 1 9 10 18 11 4.62692803144454956 10.5453170496514144 
14 26 10 15 1 9 6 20 12 17 15 1 4 30 2.70999124060388841 3.60418885946273804 31.2740740740740755 
1 30 11 15 24 11 14 6 12 12 1 9 4 5 3 3.71261799335479736 25.7339400291821931 
15 31 7 16 2 1 14 6 12 12 1 9 4 20 2.70999124060388841 3.95690196752548218 17.6766847440829231 
4 13 4 16 2 1 14 6 12 12 1 9 10 18 11 4.95986407995223999 8.97593285332949442 
4 30 4 16 2 1 14 6 12 12 1 9 3 5 9 4.00701904296875 14.8877828705315807 
4 9 4 16 2 1 14 6 12 12 1 9 2 32 2 4.26885801553726196 13.8069481922113493 
2 25 13 16 2 1 14 6 12 12 1 9 3.36768017929769181 18 5 4.51136207580566406 12.9622987501486939 
4 24 13 17 30 4 13 32 11 14 26 11 1 6 2 3.35385292768478394 39.8999999999999986 
3 21 4 16 2 1 14 6 12 12 1 9 10 18 11 5.92375606298446655 8.0636423359249445 
15 6 4 14 26 9 14 15 3 4 31 2 13 25 2 3.23627278208732605 47.2999999999999972 
15 24 8 16 2 1 4 13 4 12 1 9 10 18 11 5.27347105741500854 8.68814898961957738 
3.36768017929769181 25 12 4 30 8 14 6 12 12 1 9 15 24 4 3.6547238826751709 31.265531505965658 
14 26 12 16 2 1 14 6 12 12 1 9 3 30 5 3.84251207113265991 25.1119255449042704 
15 12 11 16 2 1 14 6 12 12 1 9 11 31 9 4.58013498783111572 12.7725322938177897 
15 20 12 16 2 1 14 6 12 12 1 9 4 9 9 4.12859302759170532 14.2736907059487699 
4 12 9 16 2 1 14 6 12 12 1 9 10 18 11 4.62206602096557617 10.5995788720825441 
3 30 13 16 2 1 14 6 12 12 1 9 14 32 11 3.86949807405471802 23.9621714817996931 
15 32 13 16 2 1 14 6 12 12 1 9 3 12 9 4.05002504587173462 14.6234774527785731 
4 20 9 16 2 1 14 6 12 12 1 9 10 18 11 4.59890401363372803 11.47879538418238 
9 25 4 16 2 1 14 6 12 12 1 9 10 18 11 4.88780099153518677 9.13378951700637209 

Current Evaluation = 100000000(100000040)
Front Size = 29
13 15 4 12 24 9 15 30 11 14 24 4 4 26 9 3.22536203265190125 49.1666666666666714 
17 31 2 6 16 2.70999124060388841 14 6 12 12 1 9 13 5 7 3.87848788499832153 22.5255825334564435 
15 32 2.70999124060388841 6 24 9 14 6 12 12 1 9 4 32 6.96245171630185755 3.42559194564819336 33.6250957854406138 
4 6 9 14 31 12 14 30 8 15 24 13 16 15 2.70999124060388841 3.3872038722038269 39.8538461538461561 
15 26 13 6 16 2.70999124060388841 14 6 12 12 1 9 6 31 7 3.79078400135040283 25.2079426127340298 
1 30 2 6 16 2.70999124060388841 14 6 12 12 1 9 3 24 4 3.67212003469467163 28.3188563867423255 
6 31 2.70999124060388841 16 2 1 14 6 12 12 1 9 4 25 4 3.93078500032424927 20.9612146792479095 
3 20 4 16 2 1 14 6 12 12 1 9 10 18 11 4.70072406530380249 9.16122602035645528 
4 20 4 16 2 1 14 6 12 12 1 9 10 18 11 4.62692803144454956 10.5453170496514144 
14 26 10 15 1 9 6 20 12 17 15 1 4 30 2.70999124060388841 3.60418885946273804 31.2740740740740755 
1 30 11 15 24 11 14 6 12 12 1 9 4 5 3 3.71261799335479736 25.7339400291821931 
15 31 7 16 2 1 14 6 12 12 1 9 4 20 2.70999124060388841 3.95690196752548218 17.6766847440829231 
4 13 4 16 2 1 14 6 12 12 1 9 10 18 11 4.95986407995223999 8.97593285332949442 
4 30 4 16 2 1 14 6 12 12 1 9 3 5 9 4.00701904296875 14.8877828705315807 
4 24 13 17 30 4 13 32 11 14 26 11 1 6 2 3.35385292768478394 39.8999999999999986 
3 21 4 16 2 1 14 6 12 12 1 9 10 18 11 5.92375606298446655 8.0636423359249445 
15 6 4 14 26 9 14 15 3 4 31 2 13 25 2 3.23627278208732605 47.2999999999999972 
15 24 8 16 2 1 4 13 4 12 1 9 10 18 11 5.27347105741500854 8.68814898961957738 
3.36768017929769181 25 12 4 30 8 14 6 12 12 1 9 15 24 4 3.6547238826751709 31.265531505965658 
14 26 12 16 2 1 14 6 12 12 1 9 3 30 5 3.84251207113265991 25.1119255449042704 
15 20 12 16 2 1 14 6 12 12 1 9 4 9 9 4.12859302759170532 14.2736907059487699 
4 12 9 16 2 1 14 6 12 12 1 9 10 18 11 4.62206602096557617 10.5995788720825441 
3 30 13 16 2 1 14 6 12 12 1 9 14 32 11 3.86949807405471802 23.9621714817996931 
15 32 13 16 2 1 14 6 12 12 1 9 3 12 9 4.05002504587173462 14.6234774527785731 
9 25 4 16 2 1 14 6 12 12 1 9 10 18 11 4.88780099153518677 9.13378951700637209 
15 32 11 16 2 1 14 6 12 12 1 9 3 31 6 4.20734906196594238 13.5329711515905942 
3 30 4 16 2 1 14 6 12 12 1 9 15 20 11 3.95100510120391846 20.5240346729708421 
10 25 11 16 2 1 14 6 12 12 1 9 13 24 4 4.42584502696990967 11.2903946188970536 
1 26 4 15 24 8 14 6 12 12 1 9 13 31 11 3.51144587993621826 32.6340505806167087 

MOEA/D: Multiobjective Evolutionary Algorithm Based on Decomposition
Number of Evaluations = 100000000
Mutation Probability = 0.0500000007450580597
Population Size = 140
Neighborhood size = 42
Seed: 13

Time =  39950.3343460000033

Current Evaluation = 100000040
Front Size = 29
13 15 4 12 24 9 15 30 11 14 24 4 4 26 9 3.22536203265190125 49.1666666666666714 
17 31 2 6 16 2.70999124060388841 14 6 12 12 1 9 13 5 7 3.87848788499832153 22.5255825334564435 
15 32 2.70999124060388841 6 24 9 14 6 12 12 1 9 4 32 6.96245171630185755 3.42559194564819336 33.6250957854406138 
4 6 9 14 31 12 14 30 8 15 24 13 16 15 2.70999124060388841 3.3872038722038269 39.8538461538461561 
15 26 13 6 16 2.70999124060388841 14 6 12 12 1 9 6 31 7 3.79078400135040283 25.2079426127340298 
1 30 2 6 16 2.70999124060388841 14 6 12 12 1 9 3 24 4 3.67212003469467163 28.3188563867423255 
6 31 2.70999124060388841 16 2 1 14 6 12 12 1 9 4 25 4 3.93078500032424927 20.9612146792479095 
3 20 4 16 2 1 14 6 12 12 1 9 10 18 11 4.70072406530380249 9.16122602035645528 
4 20 4 16 2 1 14 6 12 12 1 9 10 18 11 4.62692803144454956 10.5453170496514144 
14 26 10 15 1 9 6 20 12 17 15 1 4 30 2.70999124060388841 3.60418885946273804 31.2740740740740755 
1 30 11 15 24 11 14 6 12 12 1 9 4 5 3 3.71261799335479736 25.7339400291821931 
15 31 7 16 2 1 14 6 12 12 1 9 4 20 2.70999124060388841 3.95690196752548218 17.6766847440829231 
4 13 4 16 2 1 14 6 12 12 1 9 10 18 11 4.95986407995223999 8.97593285332949442 
4 30 4 16 2 1 14 6 12 12 1 9 3 5 9 4.00701904296875 14.8877828705315807 
4 24 13 17 30 4 13 32 11 14 26 11 1 6 2 3.35385292768478394 39.8999999999999986 
3 21 4 16 2 1 14 6 12 12 1 9 10 18 11 5.92375606298446655 8.0636423359249445 
15 6 4 14 26 9 14 15 3 4 31 2 13 25 2 3.23627278208732605 47.2999999999999972 
15 24 8 16 2 1 4 13 4 12 1 9 10 18 11 5.27347105741500854 8.68814898961957738 
3.36768017929769181 25 12 4 30 8 14 6 12 12 1 9 15 24 4 3.6547238826751709 31.265531505965658 
14 26 12 16 2 1 14 6 12 12 1 9 3 30 5 3.84251207113265991 25.1119255449042704 
15 20 12 16 2 1 14 6 12 12 1 9 4 9 9 4.12859302759170532 14.2736907059487699 
4 12 9 16 2 1 14 6 12 12 1 9 10 18 11 4.62206602096557617 10.5995788720825441 
3 30 13 16 2 1 14 6 12 12 1 9 14 32 11 3.86949807405471802 23.9621714817996931 
15 32 13 16 2 1 14 6 12 12 1 9 3 12 9 4.05002504587173462 14.6234774527785731 
9 25 4 16 2 1 14 6 12 12 1 9 10 18 11 4.88780099153518677 9.13378951700637209 
15 32 11 16 2 1 14 6 12 12 1 9 3 31 6 4.20734906196594238 13.5329711515905942 
3 30 4 16 2 1 14 6 12 12 1 9 15 20 11 3.95100510120391846 20.5240346729708421 
10 25 11 16 2 1 14 6 12 12 1 9 13 24 4 4.42584502696990967 11.2903946188970536 
1 26 4 15 24 8 14 6 12 12 1 9 13 31 11 3.51144587993621826 32.6340505806167087 

