Current Evaluation = 10000000(10000000)
Front Size = 29
17 24 6 14 22 6 4 15 7 5 18 11 11 9 13 3 26 7 1 5 13 4 28 3 12 18 11 3 24 7 16 1 3 14 9 6 2 12 9 4 20 7 17 18 1 16 26 11 13 9 2.70999124060388841 8 31 10 14 6 3 13 1 5 18.6104229092597961 195.425366173405422 
5 1 10 10 8 2 16 24 2.70999124060388841 3.36768017929769181 16 1 1 13 6 11 11 11 2 32 5 15 22 7 14 30 10 6 15 7 10 19 1 9 6 13 16 2 2.70999124060388841 12 12 8 3 5 12 1 3 2 5 22 3 17 15 10 14 18 7 15 26 5 21.6590298712253571 76.1624155542721013 
5 1 10 10 8 2 16 24 2.70999124060388841 3.36768017929769181 16 1 18 4 8 11 11 11 2 32 5 15 22 7 14 30 10 6 15 7 10 19 1 9 6 13 16 2 2.70999124060388841 12 12 8 3 5 12 1 3 2 5 22 3 17 15 10 10 9 2 18 16 1 26.7123109996318817 53.8542100165291728 
6 1 12 16 20 6 14 31 2.70999124060388841 13 16 7 9.25570237641795579 20 2 6 8 6 3 16 11 13 9 1 4.94126535182462057 12 12 17 15 4 16 18 3 14 26 5 13.2195649013323386 31 12 13 2 6 14 32 8 12 24 12 5 22 2 3 18 1 9 31 7 14 30 9 17.8759424686431885 211.273323735088439 
2 6 4 10 8 2 16 24 2.70999124060388841 3.36768017929769181 16 1 14 24 4 11 11 11 2 32 5 15 22 7 14 30 10 6 15 7 10 19 1 9 6 13 16 2 2.70999124060388841 12 12 8 3 5 12 1 3 2 5 22 3 17 15 10 3 26 12 3.36768017929769181 25 5 20.860545814037323 108.089814460115207 
5 1 10 10 8 2 16 24 2.70999124060388841 3.36768017929769181 16 1 6 18 10 11 11 11 2 32 5 15 22 7 14 30 10 6 15 7 10 19 1 9 6 13 16 2 2.70999124060388841 12 12 8 3 5 12 1 3 2 14 1 4 17 15 10 10 6 11 3 31 2.70999124060388841 20.8666166961193085 94.0203460218124718 
5 1 10 10 8 2 16 24 2.70999124060388841 3.36768017929769181 16 1 4 15 12 11 11 11 2 32 5 15 22 7 14 30 10 6 15 7 10 19 1 9 6 13 16 2 2.70999124060388841 12 12 8 3 5 12 1 3 2 5 22 3 17 15 10 10 19 7 18 6 5 23.0950607359409332 63.8916846777515985 
5 1 10 9 16 2 16 24 2.70999124060388841 3.36768017929769181 16 1 14 31 12 11 11 11 2 32 5 15 22 7 14 30 10 6 15 7 3 24 2 9 6 13 16 2 2.70999124060388841 12 12 8 3 5 12 1 3 2 5 22 3 17 15 10 14 19 12 4 2 12 20.5112096965312958 119.658869057264781 
13 5.34074699537910114 7 6 24 10 12 26 1 14 16.1354543567662532 1 2 1 7 12 18 5 10 25 13 17 20 2 4 19 11 2 32 9 13 24 6 12 22 8 14 19 4 1 24 9 5 15 8 14 32 1 2 11 8 8 32 12 15 23 11 1 1 10 19.1758887767791748 186.431332556332535 
5 1 10 10 8 2 16 24 2.70999124060388841 3.36768017929769181 16 1 12 26 12 11 11 11 2 32 5 15 22 7 14 30 10 6 15 7 10 19 1 9 6 13 16 2 2.70999124060388841 12 12 8 3 5 12 1 3 2 14 33 4 17 15 10 15 30 8 18 16 1 22.4900377094745636 75.7067677933217311 
6 25 3 16 20 5 9 24 10 6 18 11 8 14 8 14 8 6 1 30 5 4 5 12 14 32 5 6 25 8 14 24 7 16 18 10 15 5 8 14 16 6 1 20 13 17 15 3 3.36768017929769181 20 1 9.25570237641795579 1 2 15 20 11 10 17 4 17.83834308385849 250.853163503163501 
2 9 12 14 32 8 18 25 1 16 15 4 11 2 1 1 32 11 3 26 2.70999124060388841 13 15 8 4 13 9 6 25 6.96245171630185755 2 1 8 4 5 10 4.94126535182462057 9 6 14 3 1 4 26 11 17 24 13 1 2 1 3 25 3 6 18 10 12 6 11 19.6865250468254089 173.879804435497022 
5 1 10 10 8 2 16 24 2.70999124060388841 3.36768017929769181 16 1 18 4 8 11 11 11 2 32 5 15 22 7 14 30 10 6 1 4 10 19 1 9 6 13 16 2 2.70999124060388841 12 12 8 3 5 12 1 3 2 5 22 3 17 15 10 2 33 4 18 16 1 26.8188841044902802 53.6052334594600595 
5 1 10 10 8 2 16 24 2.70999124060388841 3.36768017929769181 16 1 18 4 8 11 11 11 2 32 5 15 22 7 14 30 10 6 1 4 10 19 1 9 6 13 16 2 2.70999124060388841 12 12 8 3 5 12 1 3 2 5 22 3 17 15 10 10 4 7 18 16 1 28.6532829701900482 50.6051083983951528 
5 1 10 10 8 2 16 24 2.70999124060388841 3.36768017929769181 16 1 18 4 8 11 11 11 2 32 5 15 22 7 14 30 10 6 1 4 10 19 1 9 6 13 16 2 2.70999124060388841 12 12 8 3 5 12 1 3 2 5 22 3 17 15 10 10 29 9 18 16 1 27.300309032201767 52.7967646757400502 
5 1 10 10 8 2 16 24 2.70999124060388841 3.36768017929769181 16 1 4 15 11 11 11 11 2 32 5 15 22 7 14 30 10 6 1 4 10 19 1 9 6 13 16 2 2.70999124060388841 12 12 8 3 5 12 1 3 2 5 22 3 17 15 10 10 4 7 18 16 1 25.5424918234348297 55.234846597856837 
5 1 10 10 8 2 16 24 2.70999124060388841 3.36768017929769181 16 1 18 4 8 11 11 11 2 32 5 15 22 7 14 30 10 6 1 4 10 19 1 9 6 13 16 2 2.70999124060388841 12 12 8 3 5 12 1 3 2 5 22 3 17 15 10 10 9 6 18 16 1 26.6988920867443085 53.8674188256120843 
5 1 10 12 23 2 16 24 2.70999124060388841 3.36768017929769181 16 1 1 12 9 11 11 11 2 32 5 15 22 7 14 30 10 6 1 4 10 19 1 9 6 13 16 2 2.70999124060388841 12 12 8 3 5 12 1 3 2 5 22 3 17 15 10 15 9 9 9 17 12 21.5561629235744476 90.2176613190313077 
5 1 10 10 8 2 16 24 2.70999124060388841 3.36768017929769181 16 1 4 25 1 11 11 11 2 32 5 15 22 7 14 30 10 6 1 4 10 19 1 9 6 13 16 2 2.70999124060388841 12 12 8 3 5 12 1 3 2 5 22 3 17 15 10 14 24 5 18 16 1 22.6675088107585907 68.6374924265514892 
5 1 10 10 8 2 16 24 2.70999124060388841 3.36768017929769181 16 1 4 6 12 11 11 11 2 32 5 15 22 7 14 30 10 6 1 4 10 19 1 9 6 13 16 2 2.70999124060388841 12 12 8 3 5 12 1 3 2 5 22 3 17 15 10 10 4 7 18 16 1 25.4131517708301544 57.1554189480669379 
5 1 10 10 8 2 16 24 2.70999124060388841 3.36768017929769181 16 1 12 26 12 11 11 11 2 32 5 15 22 7 14 30 10 6 1 4 10 19 1 9 6 13 16 2 2.70999124060388841 12 12 8 3 5 12 1 3 2 5 22 3 17 15 10 10 4 7 18 16 1 25.5662937462329865 54.5951476906958746 
5 1 10 10 8 2 16 24 2.70999124060388841 3.36768017929769181 16 1 4 23 13 11 11 11 2 32 5 15 22 7 14 30 10 6 1 4 10 19 1 9 6 13 16 2 2.70999124060388841 12 12 8 3 5 12 1 3 2 5 22 3 17 15 10 6 30 2.70999124060388841 18 16 1 23.1382938325405121 60.5082118687580532 
5 1 10 10 8 2 16 24 2.70999124060388841 3.36768017929769181 16 1 18 4 8 11 11 11 2 32 5 15 22 7 14 30 10 6 1 4 10 19 1 9 6 13 16 2 2.70999124060388841 12 12 8 3 5 12 1 3 2 5 22 3 17 15 10 10 26 4 18 16 1 26.413980096578598 53.9323974066360989 
5 1 10 10 8 2 16 24 2.70999124060388841 3.36768017929769181 16 1 3.36768017929769181 25 12 11 11 11 2 32 5 15 22 7 14 30 10 6 1 4 10 19 1 9 6 13 16 2 2.70999124060388841 12 12 8 3 5 12 1 3 2 5 22 3 17 15 10 14 24 5 18 16 1 22.6593048274517059 73.6992965901304302 
5 1 10 10 8 2 16 24 2.70999124060388841 3.36768017929769181 16 1 4 25 12 11 11 11 2 32 5 15 22 7 14 30 10 6 1 4 10 19 1 9 6 13 16 2 2.70999124060388841 12 12 8 3 5 12 1 3 2 5 22 3 17 15 10 15 6 4 18 16 1 22.7122457921504974 68.1398629148629311 
5 1 10 10 8 2 16 24 2.70999124060388841 3.36768017929769181 16 1 18 4 8 11 11 11 2 32 5 15 22 7 14 30 10 6 1 4 10 19 1 9 6 13 16 2 2.70999124060388841 12 12 8 3 5 12 1 3 2 5 22 3 17 15 10 10 24 9 18 16 1 26.3420719802379608 54.0602866176477832 
5 1 10 10 8 2 16 24 2.70999124060388841 3.36768017929769181 16 1 4 12 12 11 11 11 2 32 5 15 22 7 14 30 10 6 1 4 10 19 1 9 6 13 16 2 2.70999124060388841 12 12 8 3 5 12 1 3 2 5 22 3 17 15 10 10 4 7 18 16 1 25.4753537476062775 56.5398945091133456 
5 1 10 10 8 2 16 24 2.70999124060388841 3.36768017929769181 16 1 4 15 12 11 11 11 2 32 5 15 22 7 14 30 10 6 1 4 10 19 1 9 6 13 16 2 2.70999124060388841 12 12 8 3 5 12 1 3 2 5 22 3 17 15 10 10 4 7 18 16 1 25.5558917820453644 54.8611226016527027 
5 1 10 10 8 2 16 24 2.70999124060388841 3.36768017929769181 16 1 18 26 12 11 11 11 2 32 5 15 22 7 14 30 10 6 1 4 10 19 1 9 6 13 16 2 2.70999124060388841 12 12 8 3 5 12 1 3 2 5 22 3 17 15 10 10 4 7 18 16 1 26.3927799165248871 53.999175030030905 

Current Evaluation = 20000000(20000000)
Front Size = 28
17 24 6 14 22 6 4 15 7 5 18 11 11 9 13 3 26 7 1 5 13 4 28 3 12 18 11 3 24 7 16 1 3 14 9 6 2 12 9 4 20 7 17 18 1 16 26 11 13 9 2.70999124060388841 8 31 10 14 6 3 13 1 5 18.6104229092597961 195.425366173405422 
5 1 10 10 8 2 16 24 2.70999124060388841 3.36768017929769181 16 1 1 13 6 11 11 11 2 32 5 15 22 7 14 30 10 6 15 7 10 19 1 9 6 13 16 2 2.70999124060388841 12 12 8 3 5 12 1 3 2 5 22 3 17 15 10 14 18 7 15 26 5 21.6590298712253571 76.1624155542721013 
6 1 12 16 20 6 14 31 2.70999124060388841 13 16 7 9.25570237641795579 20 2 6 8 6 3 16 11 13 9 1 4.94126535182462057 12 12 17 15 4 16 18 3 14 26 5 13.2195649013323386 31 12 13 2 6 14 32 8 12 24 12 5 22 2 3 18 1 9 31 7 14 30 9 17.8759424686431885 211.273323735088439 
2 6 4 10 8 2 16 24 2.70999124060388841 3.36768017929769181 16 1 14 24 4 11 11 11 2 32 5 15 22 7 14 30 10 6 15 7 10 19 1 9 6 13 16 2 2.70999124060388841 12 12 8 3 5 12 1 3 2 5 22 3 17 15 10 3 26 12 3.36768017929769181 25 5 20.860545814037323 108.089814460115207 
5 1 10 10 8 2 16 24 2.70999124060388841 3.36768017929769181 16 1 6 18 10 11 11 11 2 32 5 15 22 7 14 30 10 6 15 7 10 19 1 9 6 13 16 2 2.70999124060388841 12 12 8 3 5 12 1 3 2 14 1 4 17 15 10 10 6 11 3 31 2.70999124060388841 20.8666166961193085 94.0203460218124718 
13 5.34074699537910114 7 6 24 10 12 26 1 14 16.1354543567662532 1 2 1 7 12 18 5 10 25 13 17 20 2 4 19 11 2 32 9 13 24 6 12 22 8 14 19 4 1 24 9 5 15 8 14 32 1 2 11 8 8 32 12 15 23 11 1 1 10 19.1758887767791748 186.431332556332535 
2 9 12 14 32 8 18 25 1 16 15 4 11 2 1 1 32 11 3 26 2.70999124060388841 13 15 8 4 13 9 6 25 6.96245171630185755 2 1 8 4 5 10 4.94126535182462057 9 6 14 3 1 4 26 11 17 24 13 1 2 1 3 25 3 6 18 10 12 6 11 19.6865250468254089 173.879804435497022 
5 1 10 10 8 2 16 24 2.70999124060388841 3.36768017929769181 16 1 4 23 13 11 11 11 2 32 5 15 22 7 14 30 10 6 1 4 10 19 1 9 6 13 16 2 2.70999124060388841 12 12 8 3 5 12 1 3 2 5 22 3 17 15 10 6 30 2.70999124060388841 18 16 1 23.1382938325405121 60.5082118687580532 
5 1 10 10 8 2 16 24 2.70999124060388841 3.36768017929769181 16 1 4 26 2.70999124060388841 11 11 11 2 32 5 15 22 7 14 30 10 6 1 4 10 19 1 9 6 13 16 2 2.70999124060388841 12 12 8 3 5 12 1 3 2 5 22 3 17 15 10 10 4 7 18 16 1 25.4448847472667694 56.7429752474556111 
5 1 10 10 8 2 16 24 2.70999124060388841 3.36768017929769181 16 1 4 6 11 11 11 11 2 32 5 15 22 7 14 30 10 6 1 4 10 19 1 9 6 13 16 2 2.70999124060388841 12 12 8 3 5 12 1 3 2 5 22 3 17 15 10 14 31 7 18 16 1 22.4453488886356354 62.2999277997364231 
15 20 11 3 18 10 15 20 13 3 22 11 17 32 7 6 1 11 1 11 7 13 8 8 3 15 7 14 14 12 9 31 8 12 6 13 17 15 11 6 20 8 1 6 10 17 26 11 12 24 11 10 20 9 15 15 4 3.36768017929769181 24 10 17.7997307181358337 241.795232381997096 
5 1 10 10 8 2 16 24 2.70999124060388841 3.36768017929769181 16 1 18 4 8 11 11 11 2 32 5 15 22 7 14 30 10 6 1 4 10 19 1 9 6 13 16 2 2.70999124060388841 12 12 8 3 5 12 1 3 2 5 22 3 17 15 10 10 4 7 18 16 1 28.6532829701900482 49.8227856369325366 
16 16 9 3.36768017929769181 11 11 12 6 6.96245171630185755 13 12 8 14 32 11 5 9 2 9 15 2 4.94126535182462057 20 2 11 30 9 2 16 7 15 18 5 4 15 1 2 18 13 14 1 11 13.2195649013323386 32 11 4 26 2 2 33 7 6 18 10 16 30 13.151007650947605 6 24 4 19.0326425433158875 195.258470112817974 
5 1 10 10 8 2 16 24 2.70999124060388841 3.36768017929769181 16 1 18 4 8 11 11 11 2 32 5 15 22 7 14 30 10 6 1 4 10 19 1 9 6 13 16 2 2.70999124060388841 12 12 8 3 5 12 1 3 2 5 22 3 17 15 10 10 26 7 18 16 1 26.4339800775051117 51.7787968019609863 
5 1 10 10 8 2 16 24 2.70999124060388841 3.36768017929769181 16 1 4 26 8 11 11 11 2 32 5 15 22 7 14 30 10 6 1 4 10 19 1 9 6 13 16 2 2.70999124060388841 12 12 8 3 5 12 1 3 2 5 22 3 17 15 10 10 29 10 18 16 1 24.2891208827495575 57.8651012312727531 
5 1 10 10 8 2 16 24 2.70999124060388841 3.36768017929769181 16 1 14 19 12 11 11 11 2 32 5 15 22 7 14 30 10 6 1 4 10 19 1 9 6 13 16 2 2.70999124060388841 12 12 8 3 5 12 1 3 2 5 22 3 17 15 10 15 24 11 14 18 10 21.4192539155483246 92.7869269619269801 
12 30 4 10 14 2.70999124060388841 14 30 12 1 31 13 4 17 2 6 7 8 14 29 6.96245171630185755 14 18 7 14 32 3.84646942076222631 15 14 9 8 6 9.82524131762891173 17.8244721320812971 1 2 1 19 10 8 20 11 1 24 10 3 32 11 16 31 12 8 26 9 1 18 5 4 32 1 17.8477959632873535 231.813246443099416 
5 1 10 10 8 2 16 24 2.70999124060388841 3.36768017929769181 16 1 12 15 12 11 11 11 2 32 5 15 22 7 14 30 10 6 1 4 10 19 1 9 6 13 16 2 2.70999124060388841 12 12 8 3 5 12 1 3 2 5 22 3 17 15 10 10 4 7 18 16 1 25.623314768075943 53.3298938452134124 
3 30 12 14 23 2.70999124060388841 15 7 9 14 5 1 16 6 2 12 1 8 4 1 6 16 30 5 9 9 7 8 20 13 12 17 4 9.25570237641795579 23 7 17 31 10 6 15 13 15 13 13 13 19 6 14 6 4 3 20 12 9 28 10 10 24 6 19.3836697041988373 185.936794852893883 
5 1 10 10 8 2 16 24 2.70999124060388841 3.36768017929769181 16 1 4 12 13 11 11 11 2 32 5 15 22 7 14 30 10 6 1 4 10 19 1 9 6 13 16 2 2.70999124060388841 12 12 8 3 5 12 1 3 2 5 22 3 17 15 10 10 4 7 18 16 1 25.4753537476062775 56.1814751451747583 
11 30 11 15 16 12 9 12 4 3.36768017929769181 2 8 13 32 9 14 16.1354543567662532 3.84646942076222631 3 16 13 14 31 11 14 24 13 4 2 9 6 1 8 13 26 12 4 20 2 6 8 7 4 15 11 2 3 7 17 26 6 1 32 1 12 13 1 16 6 4 18.3977559804916382 199.073848010049574 
5 1 10 10 8 2 16 24 2.70999124060388841 3.36768017929769181 16 1 4 26 12 11 11 11 2 32 5 15 22 7 14 30 10 6 1 4 10 19 1 9 6 13 16 2 2.70999124060388841 12 12 8 3 5 12 1 3 2 5 22 3 17 15 10 10 4 7 18 16 1 25.4988707602024078 54.9455142821591522 
5 1 10 10 8 2 16 24 2.70999124060388841 3.36768017929769181 16 1 4 26 13 11 11 11 2 32 5 15 22 7 14 30 10 6 1 4 10 19 1 9 6 13 16 2 2.70999124060388841 12 12 8 3 5 12 1 3 2 5 22 3 17 15 10 4 26 9 3 19 9 21.6094638407230377 79.7843508126511978 
5 1 10 10 8 2 16 24 2.70999124060388841 3.36768017929769181 16 1 4 15 12 11 11 11 2 32 5 15 22 7 14 30 10 6 1 4 10 19 1 9 6 13 16 2 2.70999124060388841 12 12 8 3 5 12 1 3 2 5 22 3 17 15 10 10 4 7 18 16 1 25.5558917820453644 53.6731157042377802 
5 1 10 10 8 2 16 24 2.70999124060388841 3.36768017929769181 16 1 14 2 13 11 11 11 2 32 5 15 22 7 14 30 10 6 1 4 10 19 1 9 6 13 16 2 2.70999124060388841 12 12 8 3 5 12 1 3 2 5 22 3 17 15 10 1 26 8 15 24 7 21.4927968084812164 87.4117639512479911 
5 1 10 10 8 2 16 24 2.70999124060388841 3.36768017929769181 16 1 2 6 5 9 5 9 2 32 5 15 22 7 14 30 10 6 1 4 10 19 1 9 6 13 16 2 2.70999124060388841 12 12 8 3 5 12 1 3 2 8 11 11 17 15 10 3.36768017929769181 26 12 14 31 11 20.2862618267536163 114.57317725720479 
5 1 10 10 8 2 16 24 2.70999124060388841 3.36768017929769181 16 1 12 26 1 11 11 11 2 32 5 15 22 7 14 30 10 6 1 4 10 19 1 9 6 13 16 2 2.70999124060388841 12 12 8 3 5 12 1 3 2 2 22 6 17 15 10 10 4 7 18 16 1 25.3093366920948029 57.0629165894661696 
5 1 10 10 8 2 16 24 2.70999124060388841 3.36768017929769181 16 1 4 14 13 11 11 11 2 32 5 15 22 7 14 30 10 6 1 4 10 19 1 9 6 13 16 2 2.70999124060388841 12 12 8 3 5 12 1 3 2 5 22 3 17 15 10 10 4 7 18 16 1 25.7040197551250458 52.9867485795817004 

Current Evaluation = 30000000(30000000)
Front Size = 28
5 1 10 10 8 2 16 24 2.70999124060388841 3.36768017929769181 16 1 1 13 6 11 11 11 2 32 5 15 22 7 14 30 10 6 15 7 10 19 1 9 6 13 16 2 2.70999124060388841 12 12 8 3 5 12 1 3 2 5 22 3 17 15 10 14 18 7 15 26 5 21.6590298712253571 76.1624155542721013 
6 1 12 16 20 6 14 31 2.70999124060388841 13 16 7 9.25570237641795579 20 2 6 8 6 3 16 11 13 9 1 4.94126535182462057 12 12 17 15 4 16 18 3 14 26 5 13.2195649013323386 31 12 13 2 6 14 32 8 12 24 12 5 22 2 3 18 1 9 31 7 14 30 9 17.8759424686431885 211.273323735088439 
5 1 10 10 8 2 16 24 2.70999124060388841 3.36768017929769181 16 1 6 18 10 11 11 11 2 32 5 15 22 7 14 30 10 6 15 7 10 19 1 9 6 13 16 2 2.70999124060388841 12 12 8 3 5 12 1 3 2 14 1 4 17 15 10 10 6 11 3 31 2.70999124060388841 20.8666166961193085 94.0203460218124718 
5 1 10 10 8 2 16 24 2.70999124060388841 3.36768017929769181 16 1 4 23 13 11 11 11 2 32 5 15 22 7 14 30 10 6 1 4 10 19 1 9 6 13 16 2 2.70999124060388841 12 12 8 3 5 12 1 3 2 5 22 3 17 15 10 6 30 2.70999124060388841 18 16 1 23.1382938325405121 60.5082118687580532 
5 1 10 10 8 2 16 24 2.70999124060388841 3.36768017929769181 16 1 4 6 11 11 11 11 2 32 5 15 22 7 14 30 10 6 1 4 10 19 1 9 6 13 16 2 2.70999124060388841 12 12 8 3 5 12 1 3 2 5 22 3 17 15 10 14 31 7 18 16 1 22.4453488886356354 62.2999277997364231 
15 20 11 3 18 10 15 20 13 3 22 11 17 32 7 6 1 11 1 11 7 13 8 8 3 15 7 14 14 12 9 31 8 12 6 13 17 15 11 6 20 8 1 6 10 17 26 11 12 24 11 10 20 9 15 15 4 3.36768017929769181 24 10 17.7997307181358337 241.795232381997096 
5 1 10 10 8 2 16 24 2.70999124060388841 3.36768017929769181 16 1 18 4 8 11 11 11 2 32 5 15 22 7 14 30 10 6 1 4 10 19 1 9 6 13 16 2 2.70999124060388841 12 12 8 3 5 12 1 3 2 5 22 3 17 15 10 10 4 7 18 16 1 28.6532829701900482 49.8227856369325366 
5 1 10 10 8 2 16 24 2.70999124060388841 3.36768017929769181 16 1 18 4 8 11 11 11 2 32 5 15 22 7 14 30 10 6 1 4 10 19 1 9 6 13 16 2 2.70999124060388841 12 12 8 3 5 12 1 3 2 5 22 3 17 15 10 10 26 7 18 16 1 26.4339800775051117 51.7787968019609863 
5 1 10 10 8 2 16 24 2.70999124060388841 3.36768017929769181 16 1 4 26 8 11 11 11 2 32 5 15 22 7 14 30 10 6 1 4 10 19 1 9 6 13 16 2 2.70999124060388841 12 12 8 3 5 12 1 3 2 5 22 3 17 15 10 10 29 10 18 16 1 24.2891208827495575 57.8651012312727531 
12 30 4 10 14 2.70999124060388841 14 30 12 1 31 13 4 17 2 6 7 8 14 29 6.96245171630185755 14 18 7 14 32 3.84646942076222631 15 14 9 8 6 9.82524131762891173 17.8244721320812971 1 2 1 19 10 8 20 11 1 24 10 3 32 11 16 31 12 8 26 9 1 18 5 4 32 1 17.8477959632873535 231.813246443099416 
5 1 10 10 8 2 16 24 2.70999124060388841 3.36768017929769181 16 1 4 26 13 11 11 11 2 32 5 15 22 7 14 30 10 6 1 4 10 19 1 9 6 13 16 2 2.70999124060388841 12 12 8 3 5 12 1 3 2 5 22 3 17 15 10 4 26 9 3 19 9 21.6094638407230377 79.7843508126511978 
5 1 10 10 8 2 16 24 2.70999124060388841 3.36768017929769181 16 1 4 15 12 11 11 11 2 32 5 15 22 7 14 30 10 6 1 4 10 19 1 9 6 13 16 2 2.70999124060388841 12 12 8 3 5 12 1 3 2 5 22 3 17 15 10 10 4 7 18 16 1 25.5558917820453644 53.6731157042377802 
5 1 10 10 8 2 16 24 2.70999124060388841 3.36768017929769181 16 1 14 2 13 11 11 11 2 32 5 15 22 7 14 30 10 6 1 4 10 19 1 9 6 13 16 2 2.70999124060388841 12 12 8 3 5 12 1 3 2 5 22 3 17 15 10 1 26 8 15 24 7 21.4927968084812164 87.4117639512479911 
5 1 10 10 8 2 16 24 2.70999124060388841 3.36768017929769181 16 1 13 25 4 4 31 11 2 32 5 15 22 7 14 30 10 6 1 4 10 19 1 9 6 13 16 2 2.70999124060388841 12 12 8 3 5 12 1 3 2 5 22 3 17 15 10 1 6 5 18 16 1 21.5110308825969696 85.7603482143649103 
5 1 10 10 8 2 16 24 2.70999124060388841 3.36768017929769181 16 1 12 15 12 11 11 11 2 32 5 15 22 7 14 30 10 6 1 4 10 19 1 9 6 13 16 2 2.70999124060388841 12 12 8 3 5 12 1 3 2 5 22 3 17 15 10 10 4 7 18 16 1 25.623314768075943 52.6638227358752573 
15 3 9 13 30 10 8 19 5 9 1 13 4 23 9 1 18 10 16 15 1 2 9 8 14 32 5 6 5 10 10 24 4 2 30 6 18 6 5 3 32 4 9 30 12 15 12 2.70999124060388841 4 33 11 12 14 9 1 6 5 11 26 12 19.9257457256317139 165.105420396596912 
5 1 10 10 8 2 16 24 2.70999124060388841 3.36768017929769181 16 1 4 20 13 11 11 11 2 32 5 15 22 7 14 30 10 6 1 4 10 19 1 9 6 13 16 2 2.70999124060388841 12 12 8 3 5 12 1 3 2 5 22 3 17 15 10 10 4 7 18 16 1 25.4521917402744293 55.4704174269575034 
5 1 10 10 8 2 16 24 2.70999124060388841 3.36768017929769181 16 1 18 15 13 11 11 11 2 32 5 15 22 7 14 30 10 6 1 4 10 19 1 9 6 13 16 2 2.70999124060388841 12 12 8 3 5 12 1 3 2 5 22 3 17 15 10 2 28 7 18 16 1 24.4725739657878876 56.6979282686461588 
5 1 10 10 8 2 16 24 2.70999124060388841 3.36768017929769181 16 1 3 30 2 11 11 11 2 32 5 15 22 7 14 30 10 6 1 4 10 19 1 9 6 13 16 2 2.70999124060388841 12 12 8 3 5 12 1 3 2 5 22 3 17 15 10 1 1 7 15 31 5 21.2595228254795074 90.0562083089743339 
5 1 10 10 8 2 16 24 2.70999124060388841 3.36768017929769181 16 1 12 20 5 11 11 11 2 32 5 15 22 7 14 30 10 6 1 4 10 19 1 9 6 13 16 2 2.70999124060388841 12 12 8 3 5 12 1 3 2 5 22 3 17 15 10 14 30 5 18 16 1 22.4359329044818878 74.7794858735652923 
5 1 10 10 8 2 16 24 2.70999124060388841 3.36768017929769181 16 1 4 26 13 11 11 11 2 32 5 15 22 7 14 30 10 6 1 4 10 19 1 9 6 13 16 2 2.70999124060388841 12 12 8 3 5 12 1 3 2 5 22 3 17 15 10 10 4 7 18 16 1 25.4988707602024078 54.9275216985882935 
2 5 8 3.36768017929769181 16.1354543567662532 9 16 24 2 2 6 7 1 32 11 3 18 9 12 23 12 11 9 2 5 6 11 2 20 3.84646942076222631 6 16 1 16 8 2 17 1 10 12 32 9.82524131762891173 6 6 13.151007650947605 2 25 7.75241283629571765 15 23 1.44943743604301667 17 32 3 13 9 13 12 30 13 19.9652277231216431 164.491558441558425 
5 1 10 10 8 2 16 24 2.70999124060388841 3.36768017929769181 16 1 4 6 11 11 11 11 2 32 5 15 22 7 14 30 10 6 1 4 10 19 1 9 6 13 16 2 2.70999124060388841 12 12 8 3 5 12 1 3 2 5 22 3 17 15 10 10 4 7 18 16 1 25.3997518122196198 56.4620143563899504 
2 9 2.70999124060388841 9 19 11 16 12 13 4 2 13 15 20 9 14 6 1 6 24 6.96245171630185755 15 13 3.84646942076222631 14 22 9 16 18 7 13 9 10 12 32 3 4 30 7 16 5 13 4 6 2 15 16 10 4 2 2 2 8 7 12 17 11 14 30 9.82524131762891173 18.2022048234939575 197.33491312608956 
1 5 5 6 22 9 16 2 1 17 3 10 3.36768017929769181 17 1 8 32 13 15 6 9 10 26 6 3 32 3 13 31 12 17 16.1354543567662532 11 2 12 13 1 24 7 15 1 10 16 20 3.84646942076222631 10 23 2 13.2195649013323386 1 13 3 9 3 4 1 10 8 15 7 19.5218626260757446 165.261376489839478 
15 1 9 10 8 2 16 24 2.70999124060388841 3.36768017929769181 16 1 9 19 12 11 11 11 2 32 5 15 22 7 14 30 10 6 1 4 10 19 1 9 6 13 16 2 2.70999124060388841 12 12 8 3 5 12 1 3 2 5 22 3 17 15 10 10 4 7 18 16 1 25.3193587362766266 56.6101592285153359 
5 1 10 10 8 2 16 24 2.70999124060388841 3.36768017929769181 16 1 14 17 7 11 11 11 2 32 5 15 22 7 14 30 10 6 1 4 10 19 1 9 6 13 16 2 2.70999124060388841 12 12 8 4 30 10 1 3 2 3 26 9 17 15 10 15 31 9 3.36768017929769181 5 10 20.2582018077373505 103.62165806146389 
4 24 2 1 11 2.70999124060388841 17 32 2 12 26 11 9 9 6 14 25 8 3 16.1354543567662532 7 4.94126535182462057 12 5 12 26 4 10 1 9 1 2 7 15 5 8 17 24 11 9 6 3 14 15 2 9 17 11 16 1 5 6 15 9 13.2195649013323386 24 10 5 26 5 18.2940757274627686 174.40575851164084 

Current Evaluation = 40000000(40000000)
Front Size = 33
5 1 10 10 8 2 16 24 2.70999124060388841 3.36768017929769181 16 1 1 13 6 11 11 11 2 32 5 15 22 7 14 30 10 6 15 7 10 19 1 9 6 13 16 2 2.70999124060388841 12 12 8 3 5 12 1 3 2 5 22 3 17 15 10 14 18 7 15 26 5 21.6590298712253571 76.1624155542721013 
6 1 12 16 20 6 14 31 2.70999124060388841 13 16 7 9.25570237641795579 20 2 6 8 6 3 16 11 13 9 1 4.94126535182462057 12 12 17 15 4 16 18 3 14 26 5 13.2195649013323386 31 12 13 2 6 14 32 8 12 24 12 5 22 2 3 18 1 9 31 7 14 30 9 17.8759424686431885 211.273323735088439 
5 1 10 10 8 2 16 24 2.70999124060388841 3.36768017929769181 16 1 6 18 10 11 11 11 2 32 5 15 22 7 14 30 10 6 15 7 10 19 1 9 6 13 16 2 2.70999124060388841 12 12 8 3 5 12 1 3 2 14 1 4 17 15 10 10 6 11 3 31 2.70999124060388841 20.8666166961193085 94.0203460218124718 
5 1 10 10 8 2 16 24 2.70999124060388841 3.36768017929769181 16 1 4 23 13 11 11 11 2 32 5 15 22 7 14 30 10 6 1 4 10 19 1 9 6 13 16 2 2.70999124060388841 12 12 8 3 5 12 1 3 2 5 22 3 17 15 10 6 30 2.70999124060388841 18 16 1 23.1382938325405121 60.5082118687580532 
5 1 10 10 8 2 16 24 2.70999124060388841 3.36768017929769181 16 1 4 6 11 11 11 11 2 32 5 15 22 7 14 30 10 6 1 4 10 19 1 9 6 13 16 2 2.70999124060388841 12 12 8 3 5 12 1 3 2 5 22 3 17 15 10 14 31 7 18 16 1 22.4453488886356354 62.2999277997364231 
5 1 10 10 8 2 16 24 2.70999124060388841 3.36768017929769181 16 1 18 4 8 11 11 11 2 32 5 15 22 7 14 30 10 6 1 4 10 19 1 9 6 13 16 2 2.70999124060388841 12 12 8 3 5 12 1 3 2 5 22 3 17 15 10 10 4 7 18 16 1 28.6532829701900482 49.8227856369325366 
5 1 10 10 8 2 16 24 2.70999124060388841 3.36768017929769181 16 1 18 4 8 11 11 11 2 32 5 15 22 7 14 30 10 6 1 4 10 19 1 9 6 13 16 2 2.70999124060388841 12 12 8 3 5 12 1 3 2 5 22 3 17 15 10 10 26 7 18 16 1 26.4339800775051117 51.7787968019609863 
5 1 10 10 8 2 16 24 2.70999124060388841 3.36768017929769181 16 1 4 26 8 11 11 11 2 32 5 15 22 7 14 30 10 6 1 4 10 19 1 9 6 13 16 2 2.70999124060388841 12 12 8 3 5 12 1 3 2 5 22 3 17 15 10 10 29 10 18 16 1 24.2891208827495575 57.8651012312727531 
12 30 4 10 14 2.70999124060388841 14 30 12 1 31 13 4 17 2 6 7 8 14 29 6.96245171630185755 14 18 7 14 32 3.84646942076222631 15 14 9 8 6 9.82524131762891173 17.8244721320812971 1 2 1 19 10 8 20 11 1 24 10 3 32 11 16 31 12 8 26 9 1 18 5 4 32 1 17.8477959632873535 231.813246443099416 
5 1 10 10 8 2 16 24 2.70999124060388841 3.36768017929769181 16 1 4 26 13 11 11 11 2 32 5 15 22 7 14 30 10 6 1 4 10 19 1 9 6 13 16 2 2.70999124060388841 12 12 8 3 5 12 1 3 2 5 22 3 17 15 10 4 26 9 3 19 9 21.6094638407230377 79.7843508126511978 
5 1 10 10 8 2 16 24 2.70999124060388841 3.36768017929769181 16 1 4 15 12 11 11 11 2 32 5 15 22 7 14 30 10 6 1 4 10 19 1 9 6 13 16 2 2.70999124060388841 12 12 8 3 5 12 1 3 2 5 22 3 17 15 10 10 4 7 18 16 1 25.5558917820453644 53.6731157042377802 
5 1 10 10 8 2 16 24 2.70999124060388841 3.36768017929769181 16 1 14 2 13 11 11 11 2 32 5 15 22 7 14 30 10 6 1 4 10 19 1 9 6 13 16 2 2.70999124060388841 12 12 8 3 5 12 1 3 2 5 22 3 17 15 10 1 26 8 15 24 7 21.4927968084812164 87.4117639512479911 
5 1 10 10 8 2 16 24 2.70999124060388841 3.36768017929769181 16 1 13 25 4 4 31 11 2 32 5 15 22 7 14 30 10 6 1 4 10 19 1 9 6 13 16 2 2.70999124060388841 12 12 8 3 5 12 1 3 2 5 22 3 17 15 10 1 6 5 18 16 1 21.5110308825969696 85.7603482143649103 
5 1 10 10 8 2 16 24 2.70999124060388841 3.36768017929769181 16 1 12 15 12 11 11 11 2 32 5 15 22 7 14 30 10 6 1 4 10 19 1 9 6 13 16 2 2.70999124060388841 12 12 8 3 5 12 1 3 2 5 22 3 17 15 10 10 4 7 18 16 1 25.623314768075943 52.6638227358752573 
15 3 9 13 30 10 8 19 5 9 1 13 4 23 9 1 18 10 16 15 1 2 9 8 14 32 5 6 5 10 10 24 4 2 30 6 18 6 5 3 32 4 9 30 12 15 12 2.70999124060388841 4 33 11 12 14 9 1 6 5 11 26 12 19.9257457256317139 165.105420396596912 
5 1 10 10 8 2 16 24 2.70999124060388841 3.36768017929769181 16 1 18 15 13 11 11 11 2 32 5 15 22 7 14 30 10 6 1 4 10 19 1 9 6 13 16 2 2.70999124060388841 12 12 8 3 5 12 1 3 2 5 22 3 17 15 10 2 28 7 18 16 1 24.4725739657878876 56.6979282686461588 
5 1 10 10 8 2 16 24 2.70999124060388841 3.36768017929769181 16 1 3 30 2 11 11 11 2 32 5 15 22 7 14 30 10 6 1 4 10 19 1 9 6 13 16 2 2.70999124060388841 12 12 8 3 5 12 1 3 2 5 22 3 17 15 10 1 1 7 15 31 5 21.2595228254795074 90.0562083089743339 
2 5 8 3.36768017929769181 16.1354543567662532 9 16 24 2 2 6 7 1 32 11 3 18 9 12 23 12 11 9 2 5 6 11 2 20 3.84646942076222631 6 16 1 16 8 2 17 1 10 12 32 9.82524131762891173 6 6 13.151007650947605 2 25 7.75241283629571765 15 23 1.44943743604301667 17 32 3 13 9 13 12 30 13 19.9652277231216431 164.491558441558425 
1 5 5 6 22 9 16 2 1 17 3 10 3.36768017929769181 17 1 8 32 13 15 6 9 10 26 6 3 32 3 13 31 12 17 16.1354543567662532 11 2 12 13 1 24 7 15 1 10 16 20 3.84646942076222631 10 23 2 13.2195649013323386 1 13 3 9 3 4 1 10 8 15 7 19.5218626260757446 165.261376489839478 
5 1 10 10 8 2 16 24 2.70999124060388841 3.36768017929769181 16 1 14 17 7 11 11 11 2 32 5 15 22 7 14 30 10 6 1 4 10 19 1 9 6 13 16 2 2.70999124060388841 12 12 8 4 30 10 1 3 2 3 26 9 17 15 10 15 31 9 3.36768017929769181 5 10 20.2582018077373505 103.62165806146389 
4 24 2 1 11 2.70999124060388841 17 32 2 12 26 11 9 9 6 14 25 8 3 16.1354543567662532 7 4.94126535182462057 12 5 12 26 4 10 1 9 1 2 7 15 5 8 17 24 11 9 6 3 14 15 2 9 17 11 16 1 5 6 15 9 13.2195649013323386 24 10 5 26 5 18.2940757274627686 174.40575851164084 
5 1 10 10 8 2 16 24 2.70999124060388841 3.36768017929769181 16 1 4 12 12 11 11 11 2 32 5 15 22 7 14 30 10 6 1 4 10 19 1 9 6 13 16 2 2.70999124060388841 12 12 8 3 5 12 1 3 2 5 22 3 17 15 10 13 31 4 18 16 1 22.6524308025836945 61.7086545964710353 
5 1 10 10 8 2 16 24 2.70999124060388841 3.36768017929769181 16 1 4 20 13 11 11 11 2 32 5 15 22 7 14 30 10 6 1 4 10 19 1 9 6 13 16 2 2.70999124060388841 12 12 8 3 5 12 1 3 2 5 22 3 17 15 10 10 4 7 18 16 1 25.4521917402744293 55.0801725874735553 
5 1 10 10 8 2 16 24 2.70999124060388841 3.36768017929769181 16 1 18 4 8 11 11 11 2 32 5 15 18 6 14 30 10 6 1 4 10 19 1 9 6 13 16 2 2.70999124060388841 12 12 8 3 5 12 1 3 2 5 22 3 17 15 10 10 4 7 18 16 1 28.5586820542812347 51.6438864977759238 
13 24 4 3 15 9 10 30 3 15 33 5 16 25 2 13 26 2.70999124060388841 14 16 6.96245171630185755 2 32 8 10 30 13 12 20 7 14 3 7 13 26 4 16 30 2 5 12 3.84646942076222631 13.2195649013323386 30 5 4 30 11 3 13 13.151007650947605 16 32 2 10.3494946964094545 6 13 14 1 7 17.8852003216743469 189.952143887858142 
15 1 9 10 8 2 16 24 2.70999124060388841 3.36768017929769181 16 1 4 19 8 11 11 11 2 32 5 15 22 7 14 30 10 6 1 4 10 19 1 9 6 13 16 2 2.70999124060388841 12 12 8 3 5 12 1 3 2 5 22 3 17 15 10 10 4 7 18 16 1 25.1684726774692535 56.2866647691332602 
14 3 12 3 12 3 8 5.34074699537910114 8 14 5 4 13 18 7 15 15 10 9.25570237641795579 16 9 6 13 3 12 30 2 4 26 10 17 6 13 17 3 2 4 16 2 4 25 11 1 12 10 4.94126535182462057 1 5 4 20 9.82524131762891173 17 2 13 3 26 2 1 3 12 17.6905608177185059 235.671262466463645 
5 1 10 10 8 2 16 24 2.70999124060388841 3.36768017929769181 16 1 2 6 1 11 11 11 2 32 5 15 22 7 14 30 10 6 1 4 10 19 1 9 6 13 16 2 2.70999124060388841 12 12 8 3 5 12 1 3 2 5 22 3 17 15 10 14 6 2.70999124060388841 6 26 2 21.2595008611679077 91.8708600455249211 
5 1 10 10 8 2 16 24 2.70999124060388841 3.36768017929769181 16 1 18 5 12 11 11 11 2 32 5 15 22 7 14 30 10 6 1 4 10 19 1 9 6 13 16 2 2.70999124060388841 12 12 8 3 5 12 1 3 2 5 22 3 17 15 10 6 2 7 18 16 1 24.0478639900684357 60.0257853245865363 
5 1 10 10 8 2 16 24 2.70999124060388841 3.36768017929769181 16 1 4 15 11 11 11 11 2 32 5 15 22 7 14 30 10 6 1 4 10 19 1 9 6 13 16 2 2.70999124060388841 12 12 8 3 5 12 1 3 2 5 22 3 17 15 10 10 4 7 18 16 1 25.5424918234348297 54.3563262501779008 
5 1 10 10 8 2 16 24 2.70999124060388841 3.36768017929769181 16 1 4 26 12 11 11 11 2 32 5 15 22 7 14 30 10 6 1 4 10 19 1 9 6 13 16 2 2.70999124060388841 12 12 8 3 5 12 1 3 2 5 22 3 17 15 10 10 4 7 18 16 1 25.4988707602024078 54.6909706377736953 
5 1 10 10 8 2 16 24 2.70999124060388841 3.36768017929769181 16 1 12 15 11 11 11 11 2 32 5 15 22 7 14 30 10 6 1 4 10 19 1 9 6 13 16 2 2.70999124060388841 12 12 8 3 5 12 1 3 2 5 22 3 17 15 10 10 23 2.70999124060388841 18 16 1 23.9290488064289093 60.3487042942018093 
5 1 10 10 8 2 16 24 2.70999124060388841 3.36768017929769181 16 1 4 13 12 11 11 11 2 32 5 15 22 7 14 30 10 6 1 4 10 19 1 9 6 13 16 2 2.70999124060388841 12 12 8 3 5 12 1 3 2 5 22 3 17 15 10 4 24 13 10 26 3 22.3292729556560516 66.5005316088977878 

Current Evaluation = 50000000(50000000)
Front Size = 36
5 1 10 10 8 2 16 24 2.70999124060388841 3.36768017929769181 16 1 1 13 6 11 11 11 2 32 5 15 22 7 14 30 10 6 15 7 10 19 1 9 6 13 16 2 2.70999124060388841 12 12 8 3 5 12 1 3 2 5 22 3 17 15 10 14 18 7 15 26 5 21.6590298712253571 76.1624155542721013 
6 1 12 16 20 6 14 31 2.70999124060388841 13 16 7 9.25570237641795579 20 2 6 8 6 3 16 11 13 9 1 4.94126535182462057 12 12 17 15 4 16 18 3 14 26 5 13.2195649013323386 31 12 13 2 6 14 32 8 12 24 12 5 22 2 3 18 1 9 31 7 14 30 9 17.8759424686431885 211.273323735088439 
5 1 10 10 8 2 16 24 2.70999124060388841 3.36768017929769181 16 1 6 18 10 11 11 11 2 32 5 15 22 7 14 30 10 6 15 7 10 19 1 9 6 13 16 2 2.70999124060388841 12 12 8 3 5 12 1 3 2 14 1 4 17 15 10 10 6 11 3 31 2.70999124060388841 20.8666166961193085 94.0203460218124718 
5 1 10 10 8 2 16 24 2.70999124060388841 3.36768017929769181 16 1 4 6 11 11 11 11 2 32 5 15 22 7 14 30 10 6 1 4 10 19 1 9 6 13 16 2 2.70999124060388841 12 12 8 3 5 12 1 3 2 5 22 3 17 15 10 14 31 7 18 16 1 22.4453488886356354 62.2999277997364231 
5 1 10 10 8 2 16 24 2.70999124060388841 3.36768017929769181 16 1 18 4 8 11 11 11 2 32 5 15 22 7 14 30 10 6 1 4 10 19 1 9 6 13 16 2 2.70999124060388841 12 12 8 3 5 12 1 3 2 5 22 3 17 15 10 10 4 7 18 16 1 28.6532829701900482 49.8227856369325366 
5 1 10 10 8 2 16 24 2.70999124060388841 3.36768017929769181 16 1 18 4 8 11 11 11 2 32 5 15 22 7 14 30 10 6 1 4 10 19 1 9 6 13 16 2 2.70999124060388841 12 12 8 3 5 12 1 3 2 5 22 3 17 15 10 10 26 7 18 16 1 26.4339800775051117 51.7787968019609863 
5 1 10 10 8 2 16 24 2.70999124060388841 3.36768017929769181 16 1 4 26 13 11 11 11 2 32 5 15 22 7 14 30 10 6 1 4 10 19 1 9 6 13 16 2 2.70999124060388841 12 12 8 3 5 12 1 3 2 5 22 3 17 15 10 4 26 9 3 19 9 21.6094638407230377 79.7843508126511978 
5 1 10 10 8 2 16 24 2.70999124060388841 3.36768017929769181 16 1 4 15 12 11 11 11 2 32 5 15 22 7 14 30 10 6 1 4 10 19 1 9 6 13 16 2 2.70999124060388841 12 12 8 3 5 12 1 3 2 5 22 3 17 15 10 10 4 7 18 16 1 25.5558917820453644 53.6731157042377802 
5 1 10 10 8 2 16 24 2.70999124060388841 3.36768017929769181 16 1 14 2 13 11 11 11 2 32 5 15 22 7 14 30 10 6 1 4 10 19 1 9 6 13 16 2 2.70999124060388841 12 12 8 3 5 12 1 3 2 5 22 3 17 15 10 1 26 8 15 24 7 21.4927968084812164 87.4117639512479911 
5 1 10 10 8 2 16 24 2.70999124060388841 3.36768017929769181 16 1 13 25 4 4 31 11 2 32 5 15 22 7 14 30 10 6 1 4 10 19 1 9 6 13 16 2 2.70999124060388841 12 12 8 3 5 12 1 3 2 5 22 3 17 15 10 1 6 5 18 16 1 21.5110308825969696 85.7603482143649103 
5 1 10 10 8 2 16 24 2.70999124060388841 3.36768017929769181 16 1 12 15 12 11 11 11 2 32 5 15 22 7 14 30 10 6 1 4 10 19 1 9 6 13 16 2 2.70999124060388841 12 12 8 3 5 12 1 3 2 5 22 3 17 15 10 10 4 7 18 16 1 25.623314768075943 52.6638227358752573 
15 3 9 13 30 10 8 19 5 9 1 13 4 23 9 1 18 10 16 15 1 2 9 8 14 32 5 6 5 10 10 24 4 2 30 6 18 6 5 3 32 4 9 30 12 15 12 2.70999124060388841 4 33 11 12 14 9 1 6 5 11 26 12 19.9257457256317139 165.105420396596912 
2 5 8 3.36768017929769181 16.1354543567662532 9 16 24 2 2 6 7 1 32 11 3 18 9 12 23 12 11 9 2 5 6 11 2 20 3.84646942076222631 6 16 1 16 8 2 17 1 10 12 32 9.82524131762891173 6 6 13.151007650947605 2 25 7.75241283629571765 15 23 1.44943743604301667 17 32 3 13 9 13 12 30 13 19.9652277231216431 164.491558441558425 
1 5 5 6 22 9 16 2 1 17 3 10 3.36768017929769181 17 1 8 32 13 15 6 9 10 26 6 3 32 3 13 31 12 17 16.1354543567662532 11 2 12 13 1 24 7 15 1 10 16 20 3.84646942076222631 10 23 2 13.2195649013323386 1 13 3 9 3 4 1 10 8 15 7 19.5218626260757446 165.261376489839478 
5 1 10 10 8 2 16 24 2.70999124060388841 3.36768017929769181 16 1 14 17 7 11 11 11 2 32 5 15 22 7 14 30 10 6 1 4 10 19 1 9 6 13 16 2 2.70999124060388841 12 12 8 4 30 10 1 3 2 3 26 9 17 15 10 15 31 9 3.36768017929769181 5 10 20.2582018077373505 103.62165806146389 
4 24 2 1 11 2.70999124060388841 17 32 2 12 26 11 9 9 6 14 25 8 3 16.1354543567662532 7 4.94126535182462057 12 5 12 26 4 10 1 9 1 2 7 15 5 8 17 24 11 9 6 3 14 15 2 9 17 11 16 1 5 6 15 9 13.2195649013323386 24 10 5 26 5 18.2940757274627686 174.40575851164084 
5 1 10 10 8 2 16 24 2.70999124060388841 3.36768017929769181 16 1 4 12 12 11 11 11 2 32 5 15 22 7 14 30 10 6 1 4 10 19 1 9 6 13 16 2 2.70999124060388841 12 12 8 3 5 12 1 3 2 5 22 3 17 15 10 13 31 4 18 16 1 22.6524308025836945 61.7086545964710353 
5 1 10 10 8 2 16 24 2.70999124060388841 3.36768017929769181 16 1 4 20 13 11 11 11 2 32 5 15 22 7 14 30 10 6 1 4 10 19 1 9 6 13 16 2 2.70999124060388841 12 12 8 3 5 12 1 3 2 5 22 3 17 15 10 10 4 7 18 16 1 25.4521917402744293 55.0801725874735553 
5 1 10 10 8 2 16 24 2.70999124060388841 3.36768017929769181 16 1 18 4 8 11 11 11 2 32 5 15 18 6 14 30 10 6 1 4 10 19 1 9 6 13 16 2 2.70999124060388841 12 12 8 3 5 12 1 3 2 5 22 3 17 15 10 10 4 7 18 16 1 28.5586820542812347 51.6438864977759238 
13 24 4 3 15 9 10 30 3 15 33 5 16 25 2 13 26 2.70999124060388841 14 16 6.96245171630185755 2 32 8 10 30 13 12 20 7 14 3 7 13 26 4 16 30 2 5 12 3.84646942076222631 13.2195649013323386 30 5 4 30 11 3 13 13.151007650947605 16 32 2 10.3494946964094545 6 13 14 1 7 17.8852003216743469 189.952143887858142 
15 1 9 10 8 2 16 24 2.70999124060388841 3.36768017929769181 16 1 4 19 8 11 11 11 2 32 5 15 22 7 14 30 10 6 1 4 10 19 1 9 6 13 16 2 2.70999124060388841 12 12 8 3 5 12 1 3 2 5 22 3 17 15 10 10 4 7 18 16 1 25.1684726774692535 56.2866647691332602 
14 3 12 3 12 3 8 5.34074699537910114 8 14 5 4 13 18 7 15 15 10 9.25570237641795579 16 9 6 13 3 12 30 2 4 26 10 17 6 13 17 3 2 4 16 2 4 25 11 1 12 10 4.94126535182462057 1 5 4 20 9.82524131762891173 17 2 13 3 26 2 1 3 12 17.6905608177185059 235.671262466463645 
5 1 10 10 8 2 16 24 2.70999124060388841 3.36768017929769181 16 1 4 15 11 11 11 11 2 32 5 15 22 7 14 30 10 6 1 4 10 19 1 9 6 13 16 2 2.70999124060388841 12 12 8 3 5 12 1 3 2 5 22 3 17 15 10 10 4 7 18 16 1 25.5424918234348297 54.3563262501779008 
5 1 10 10 8 2 16 24 2.70999124060388841 3.36768017929769181 16 1 4 26 12 11 11 11 2 32 5 15 22 7 14 30 10 6 1 4 10 19 1 9 6 13 16 2 2.70999124060388841 12 12 8 3 5 12 1 3 2 5 22 3 17 15 10 10 4 7 18 16 1 25.4988707602024078 54.6909706377736953 
5 1 10 10 8 2 16 24 2.70999124060388841 3.36768017929769181 16 1 4 13 12 11 11 11 2 32 5 15 22 7 14 30 10 6 1 4 10 19 1 9 6 13 16 2 2.70999124060388841 12 12 8 3 5 12 1 3 2 5 22 3 17 15 10 4 24 13 10 26 3 22.3292729556560516 66.5005316088977878 
5 1 10 15 30 3 16 24 2.70999124060388841 3.36768017929769181 16 1 10 19 2.70999124060388841 11 11 11 2 32 5 15 22 7 14 30 10 6 1 4 10 19 1 9 6 13 16 2 2.70999124060388841 12 12 8 3 5 12 1 3 2 5 22 3 17 15 10 14 26 2 18 16 1 22.314986914396286 68.7677679187765136 
5 1 10 10 8 2 16 24 2.70999124060388841 3.36768017929769181 16 1 1 7 6 1 31 13 2 32 5 15 22 7 14 30 10 6 1 4 10 19 1 9 6 13 16 2 2.70999124060388841 12 12 8 3 5 12 1 3 2 5 22 3 17 15 10 14 1 2.70999124060388841 1 26 5 20.562162846326828 103.072672468818297 
5 1 10 10 8 2 16 24 2.70999124060388841 3.36768017929769181 16 1 12 5.34074699537910114 13 11 11 11 2 32 5 15 22 7 14 30 10 6 1 4 10 19 1 9 6 13 16 2 2.70999124060388841 12 12 8 3 5 12 1 3 2 15 25 3 17 15 10 2 30 10 18 16 1 22.2547988593578339 75.7530411415434486 
5 1 10 10 8 2 16 24 2.70999124060388841 3.36768017929769181 16 1 12 19 13 11 11 11 2 32 5 15 22 7 14 30 10 6 1 4 10 19 1 9 6 13 16 2 2.70999124060388841 12 12 8 3 5 12 1 3 2 5 22 3 17 15 10 14 26 4 18 16 1 22.852252870798111 56.9364518060592104 
5 1 10 10 8 2 16 24 2.70999124060388841 3.36768017929769181 16 1 8 15 12 6 20 4 2 32 5 15 22 7 14 30 10 6 1 4 10 19 1 9 6 13 16 2 2.70999124060388841 12 12 8 3 5 12 1 3 2 5 22 3 17 15 10 9 15 13 1 6 3 20.696833997964859 100.096252084612843 
11 15 3 15 19 2.70999124060388841 9 5 7 16 26 2 1 30 11 9.25570237641795579 24 6 4 6 8 16 17 8 4.94126535182462057 2 13 15 26 11 13.2195649013323386 24 7 8 9 4 17 24 7 17 16 1 3 12 7 13 20 4 4 9 4 13 24 7 15 30 1 14 20 10 17.7398560643196106 222.795271833429666 
5 1 10 10 8 2 16 24 2.70999124060388841 3.36768017929769181 16 1 4 6 13 11 11 11 2 32 5 15 22 7 14 30 10 6 1 4 10 19 1 9 6 13 16 2 2.70999124060388841 12 12 8 3 5 12 1 3 2 5 22 3 17 15 10 10 4 7 18 16 1 25.4131517708301544 55.623224163755566 
5 1 10 10 8 2 16 24 2.70999124060388841 3.36768017929769181 16 1 4 24 12 11 11 11 2 32 5 15 22 7 14 30 10 6 1 4 10 19 1 9 6 13 16 2 2.70999124060388841 12 12 8 3 5 12 1 3 2 5 22 3 17 15 10 6 26 2.70999124060388841 9.25570237641795579 12 2 21.5579977929592133 81.0485123483074403 
5 1 10 10 8 2 16 24 2.70999124060388841 3.36768017929769181 16 1 13 25 9 11 11 11 2 32 5 15 22 7 14 30 10 6 1 4 10 19 1 9 6 13 16 2 2.70999124060388841 12 12 8 3 5 12 12 18 2.70999124060388841 5 22 3 17 15 10 6 3 2 14 20 3 21.2405897676944733 93.3617433227949078 
5 1 10 10 8 2 16 24 2.70999124060388841 3.36768017929769181 16 1 4 23 12 11 11 11 2 32 5 15 22 7 14 30 10 6 1 4 10 19 1 9 6 13 16 2 2.70999124060388841 12 12 8 3 5 12 1 3 2 5 22 3 17 15 10 15 19 7 18 16 1 23.5148248374462128 56.3123939444003909 
5 1 10 10 8 2 16 24 2.70999124060388841 3.36768017929769181 16 1 6 24 12 11 11 11 2 32 5 15 22 7 14 30 10 6 1 4 10 19 1 9 6 13 16 2 2.70999124060388841 12 12 8 3 5 12 1 3 2 5 22 3 17 24 2 15 30 7 3.36768017929769181 9 4 21.251139909029007 88.4294879572031789 

Current Evaluation = 60000000(60000000)
Front Size = 32
5 1 10 10 8 2 16 24 2.70999124060388841 3.36768017929769181 16 1 1 13 6 11 11 11 2 32 5 15 22 7 14 30 10 6 15 7 10 19 1 9 6 13 16 2 2.70999124060388841 12 12 8 3 5 12 1 3 2 5 22 3 17 15 10 14 18 7 15 26 5 21.6590298712253571 76.1624155542721013 
6 1 12 16 20 6 14 31 2.70999124060388841 13 16 7 9.25570237641795579 20 2 6 8 6 3 16 11 13 9 1 4.94126535182462057 12 12 17 15 4 16 18 3 14 26 5 13.2195649013323386 31 12 13 2 6 14 32 8 12 24 12 5 22 2 3 18 1 9 31 7 14 30 9 17.8759424686431885 211.273323735088439 
5 1 10 10 8 2 16 24 2.70999124060388841 3.36768017929769181 16 1 6 18 10 11 11 11 2 32 5 15 22 7 14 30 10 6 15 7 10 19 1 9 6 13 16 2 2.70999124060388841 12 12 8 3 5 12 1 3 2 14 1 4 17 15 10 10 6 11 3 31 2.70999124060388841 20.8666166961193085 94.0203460218124718 
5 1 10 10 8 2 16 24 2.70999124060388841 3.36768017929769181 16 1 4 6 11 11 11 11 2 32 5 15 22 7 14 30 10 6 1 4 10 19 1 9 6 13 16 2 2.70999124060388841 12 12 8 3 5 12 1 3 2 5 22 3 17 15 10 14 31 7 18 16 1 22.4453488886356354 62.2999277997364231 
5 1 10 10 8 2 16 24 2.70999124060388841 3.36768017929769181 16 1 18 4 8 11 11 11 2 32 5 15 22 7 14 30 10 6 1 4 10 19 1 9 6 13 16 2 2.70999124060388841 12 12 8 3 5 12 1 3 2 5 22 3 17 15 10 10 4 7 18 16 1 28.6532829701900482 49.8227856369325366 
5 1 10 10 8 2 16 24 2.70999124060388841 3.36768017929769181 16 1 18 4 8 11 11 11 2 32 5 15 22 7 14 30 10 6 1 4 10 19 1 9 6 13 16 2 2.70999124060388841 12 12 8 3 5 12 1 3 2 5 22 3 17 15 10 10 26 7 18 16 1 26.4339800775051117 51.7787968019609863 
5 1 10 10 8 2 16 24 2.70999124060388841 3.36768017929769181 16 1 4 26 13 11 11 11 2 32 5 15 22 7 14 30 10 6 1 4 10 19 1 9 6 13 16 2 2.70999124060388841 12 12 8 3 5 12 1 3 2 5 22 3 17 15 10 4 26 9 3 19 9 21.6094638407230377 79.7843508126511978 
5 1 10 10 8 2 16 24 2.70999124060388841 3.36768017929769181 16 1 14 2 13 11 11 11 2 32 5 15 22 7 14 30 10 6 1 4 10 19 1 9 6 13 16 2 2.70999124060388841 12 12 8 3 5 12 1 3 2 5 22 3 17 15 10 1 26 8 15 24 7 21.4927968084812164 87.4117639512479911 
5 1 10 10 8 2 16 24 2.70999124060388841 3.36768017929769181 16 1 13 25 4 4 31 11 2 32 5 15 22 7 14 30 10 6 1 4 10 19 1 9 6 13 16 2 2.70999124060388841 12 12 8 3 5 12 1 3 2 5 22 3 17 15 10 1 6 5 18 16 1 21.5110308825969696 85.7603482143649103 
5 1 10 10 8 2 16 24 2.70999124060388841 3.36768017929769181 16 1 12 15 12 11 11 11 2 32 5 15 22 7 14 30 10 6 1 4 10 19 1 9 6 13 16 2 2.70999124060388841 12 12 8 3 5 12 1 3 2 5 22 3 17 15 10 10 4 7 18 16 1 25.623314768075943 52.6638227358752573 
5 1 10 10 8 2 16 24 2.70999124060388841 3.36768017929769181 16 1 14 17 7 11 11 11 2 32 5 15 22 7 14 30 10 6 1 4 10 19 1 9 6 13 16 2 2.70999124060388841 12 12 8 4 30 10 1 3 2 3 26 9 17 15 10 15 31 9 3.36768017929769181 5 10 20.2582018077373505 103.62165806146389 
4 24 2 1 11 2.70999124060388841 17 32 2 12 26 11 9 9 6 14 25 8 3 16.1354543567662532 7 4.94126535182462057 12 5 12 26 4 10 1 9 1 2 7 15 5 8 17 24 11 9 6 3 14 15 2 9 17 11 16 1 5 6 15 9 13.2195649013323386 24 10 5 26 5 18.2940757274627686 174.40575851164084 
5 1 10 10 8 2 16 24 2.70999124060388841 3.36768017929769181 16 1 4 12 12 11 11 11 2 32 5 15 22 7 14 30 10 6 1 4 10 19 1 9 6 13 16 2 2.70999124060388841 12 12 8 3 5 12 1 3 2 5 22 3 17 15 10 13 31 4 18 16 1 22.6524308025836945 61.7086545964710353 
5 1 10 10 8 2 16 24 2.70999124060388841 3.36768017929769181 16 1 18 4 8 11 11 11 2 32 5 15 18 6 14 30 10 6 1 4 10 19 1 9 6 13 16 2 2.70999124060388841 12 12 8 3 5 12 1 3 2 5 22 3 17 15 10 10 4 7 18 16 1 28.5586820542812347 51.6438864977759238 
13 24 4 3 15 9 10 30 3 15 33 5 16 25 2 13 26 2.70999124060388841 14 16 6.96245171630185755 2 32 8 10 30 13 12 20 7 14 3 7 13 26 4 16 30 2 5 12 3.84646942076222631 13.2195649013323386 30 5 4 30 11 3 13 13.151007650947605 16 32 2 10.3494946964094545 6 13 14 1 7 17.8852003216743469 189.952143887858142 
15 1 9 10 8 2 16 24 2.70999124060388841 3.36768017929769181 16 1 4 19 8 11 11 11 2 32 5 15 22 7 14 30 10 6 1 4 10 19 1 9 6 13 16 2 2.70999124060388841 12 12 8 3 5 12 1 3 2 5 22 3 17 15 10 10 4 7 18 16 1 25.1684726774692535 56.2866647691332602 
14 3 12 3 12 3 8 5.34074699537910114 8 14 5 4 13 18 7 15 15 10 9.25570237641795579 16 9 6 13 3 12 30 2 4 26 10 17 6 13 17 3 2 4 16 2 4 25 11 1 12 10 4.94126535182462057 1 5 4 20 9.82524131762891173 17 2 13 3 26 2 1 3 12 17.6905608177185059 235.671262466463645 
5 1 10 10 8 2 16 24 2.70999124060388841 3.36768017929769181 16 1 4 13 12 11 11 11 2 32 5 15 22 7 14 30 10 6 1 4 10 19 1 9 6 13 16 2 2.70999124060388841 12 12 8 3 5 12 1 3 2 5 22 3 17 15 10 4 24 13 10 26 3 22.3292729556560516 66.5005316088977878 
5 1 10 15 30 3 16 24 2.70999124060388841 3.36768017929769181 16 1 10 19 2.70999124060388841 11 11 11 2 32 5 15 22 7 14 30 10 6 1 4 10 19 1 9 6 13 16 2 2.70999124060388841 12 12 8 3 5 12 1 3 2 5 22 3 17 15 10 14 26 2 18 16 1 22.314986914396286 68.7677679187765136 
5 1 10 10 8 2 16 24 2.70999124060388841 3.36768017929769181 16 1 1 7 6 1 31 13 2 32 5 15 22 7 14 30 10 6 1 4 10 19 1 9 6 13 16 2 2.70999124060388841 12 12 8 3 5 12 1 3 2 5 22 3 17 15 10 14 1 2.70999124060388841 1 26 5 20.562162846326828 103.072672468818297 
5 1 10 10 8 2 16 24 2.70999124060388841 3.36768017929769181 16 1 12 5.34074699537910114 13 11 11 11 2 32 5 15 22 7 14 30 10 6 1 4 10 19 1 9 6 13 16 2 2.70999124060388841 12 12 8 3 5 12 1 3 2 15 25 3 17 15 10 2 30 10 18 16 1 22.2547988593578339 75.7530411415434486 
5 1 10 10 8 2 16 24 2.70999124060388841 3.36768017929769181 16 1 12 19 13 11 11 11 2 32 5 15 22 7 14 30 10 6 1 4 10 19 1 9 6 13 16 2 2.70999124060388841 12 12 8 3 5 12 1 3 2 5 22 3 17 15 10 14 26 4 18 16 1 22.852252870798111 56.9364518060592104 
5 1 10 10 8 2 16 24 2.70999124060388841 3.36768017929769181 16 1 8 15 12 6 20 4 2 32 5 15 22 7 14 30 10 6 1 4 10 19 1 9 6 13 16 2 2.70999124060388841 12 12 8 3 5 12 1 3 2 5 22 3 17 15 10 9 15 13 1 6 3 20.696833997964859 100.096252084612843 
11 15 3 15 19 2.70999124060388841 9 5 7 16 26 2 1 30 11 9.25570237641795579 24 6 4 6 8 16 17 8 4.94126535182462057 2 13 15 26 11 13.2195649013323386 24 7 8 9 4 17 24 7 17 16 1 3 12 7 13 20 4 4 9 4 13 24 7 15 30 1 14 20 10 17.7398560643196106 222.795271833429666 
5 1 10 10 8 2 16 24 2.70999124060388841 3.36768017929769181 16 1 4 6 13 11 11 11 2 32 5 15 22 7 14 30 10 6 1 4 10 19 1 9 6 13 16 2 2.70999124060388841 12 12 8 3 5 12 1 3 2 5 22 3 17 15 10 10 4 7 18 16 1 25.4131517708301544 55.623224163755566 
5 1 10 10 8 2 16 24 2.70999124060388841 3.36768017929769181 16 1 4 24 12 11 11 11 2 32 5 15 22 7 14 30 10 6 1 4 10 19 1 9 6 13 16 2 2.70999124060388841 12 12 8 3 5 12 1 3 2 5 22 3 17 15 10 6 26 2.70999124060388841 9.25570237641795579 12 2 21.5579977929592133 81.0485123483074403 
5 1 10 10 8 2 16 24 2.70999124060388841 3.36768017929769181 16 1 13 25 9 11 11 11 2 32 5 15 22 7 14 30 10 6 1 4 10 19 1 9 6 13 16 2 2.70999124060388841 12 12 8 3 5 12 12 18 2.70999124060388841 5 22 3 17 15 10 6 3 2 14 20 3 21.2405897676944733 93.3617433227949078 
5 1 10 10 8 2 16 24 2.70999124060388841 3.36768017929769181 16 1 4 23 12 11 11 11 2 32 5 15 22 7 14 30 10 6 1 4 10 19 1 9 6 13 16 2 2.70999124060388841 12 12 8 3 5 12 1 3 2 5 22 3 17 15 10 15 19 7 18 16 1 23.5148248374462128 56.3123939444003909 
5 1 10 10 8 2 16 24 2.70999124060388841 3.36768017929769181 16 1 6 24 12 11 11 11 2 32 5 15 22 7 14 30 10 6 1 4 10 19 1 9 6 13 16 2 2.70999124060388841 12 12 8 3 5 12 1 3 2 5 22 3 17 24 2 15 30 7 3.36768017929769181 9 4 21.251139909029007 88.4294879572031789 
5 1 10 1 20 10 16 24 2.70999124060388841 3.36768017929769181 16 1 6 14 4 5 20 7 2 32 5 15 22 7 14 30 10 6 1 4 10 19 1 9 6 13 16 2 2.70999124060388841 12 12 8 3 5 12 1 3 2 9 18 13 17 15 10 14 24 7 12 24 4 18.9822340309619904 129.238847737123592 
5 1 10 10 8 2 16 24 2.70999124060388841 3.36768017929769181 16 1 4 20 12 11 11 11 2 32 5 15 22 7 14 30 10 6 1 4 10 19 1 9 6 13 16 2 2.70999124060388841 12 12 8 3 5 12 1 3 2 5 22 3 17 15 10 10 4 7 18 16 1 25.4521917402744293 53.4596956098797236 
14 32 6 4 11 8 9 15 1 17 30 12 16 9 8 14 1 9 12 31 7 3 25 8 15 2 6 13 24 5 12 26 10 8 32 13 6 15 12 17 8 1 3.36768017929769181 16.1354543567662532 2 6 21 3 12 20 9 14 1 8 3 30 6 1 6 3.84646942076222631 18.7178309857845306 168.387038451744331 

Current Evaluation = 70000000(70000000)
Front Size = 36
5 1 10 10 8 2 16 24 2.70999124060388841 3.36768017929769181 16 1 1 13 6 11 11 11 2 32 5 15 22 7 14 30 10 6 15 7 10 19 1 9 6 13 16 2 2.70999124060388841 12 12 8 3 5 12 1 3 2 5 22 3 17 15 10 14 18 7 15 26 5 21.6590298712253571 76.1624155542721013 
6 1 12 16 20 6 14 31 2.70999124060388841 13 16 7 9.25570237641795579 20 2 6 8 6 3 16 11 13 9 1 4.94126535182462057 12 12 17 15 4 16 18 3 14 26 5 13.2195649013323386 31 12 13 2 6 14 32 8 12 24 12 5 22 2 3 18 1 9 31 7 14 30 9 17.8759424686431885 211.273323735088439 
5 1 10 10 8 2 16 24 2.70999124060388841 3.36768017929769181 16 1 6 18 10 11 11 11 2 32 5 15 22 7 14 30 10 6 15 7 10 19 1 9 6 13 16 2 2.70999124060388841 12 12 8 3 5 12 1 3 2 14 1 4 17 15 10 10 6 11 3 31 2.70999124060388841 20.8666166961193085 94.0203460218124718 
5 1 10 10 8 2 16 24 2.70999124060388841 3.36768017929769181 16 1 4 6 11 11 11 11 2 32 5 15 22 7 14 30 10 6 1 4 10 19 1 9 6 13 16 2 2.70999124060388841 12 12 8 3 5 12 1 3 2 5 22 3 17 15 10 14 31 7 18 16 1 22.4453488886356354 62.2999277997364231 
5 1 10 10 8 2 16 24 2.70999124060388841 3.36768017929769181 16 1 18 4 8 11 11 11 2 32 5 15 22 7 14 30 10 6 1 4 10 19 1 9 6 13 16 2 2.70999124060388841 12 12 8 3 5 12 1 3 2 5 22 3 17 15 10 10 4 7 18 16 1 28.6532829701900482 49.8227856369325366 
5 1 10 10 8 2 16 24 2.70999124060388841 3.36768017929769181 16 1 18 4 8 11 11 11 2 32 5 15 22 7 14 30 10 6 1 4 10 19 1 9 6 13 16 2 2.70999124060388841 12 12 8 3 5 12 1 3 2 5 22 3 17 15 10 10 26 7 18 16 1 26.4339800775051117 51.7787968019609863 
5 1 10 10 8 2 16 24 2.70999124060388841 3.36768017929769181 16 1 4 26 13 11 11 11 2 32 5 15 22 7 14 30 10 6 1 4 10 19 1 9 6 13 16 2 2.70999124060388841 12 12 8 3 5 12 1 3 2 5 22 3 17 15 10 4 26 9 3 19 9 21.6094638407230377 79.7843508126511978 
5 1 10 10 8 2 16 24 2.70999124060388841 3.36768017929769181 16 1 14 17 7 11 11 11 2 32 5 15 22 7 14 30 10 6 1 4 10 19 1 9 6 13 16 2 2.70999124060388841 12 12 8 4 30 10 1 3 2 3 26 9 17 15 10 15 31 9 3.36768017929769181 5 10 20.2582018077373505 103.62165806146389 
4 24 2 1 11 2.70999124060388841 17 32 2 12 26 11 9 9 6 14 25 8 3 16.1354543567662532 7 4.94126535182462057 12 5 12 26 4 10 1 9 1 2 7 15 5 8 17 24 11 9 6 3 14 15 2 9 17 11 16 1 5 6 15 9 13.2195649013323386 24 10 5 26 5 18.2940757274627686 174.40575851164084 
5 1 10 10 8 2 16 24 2.70999124060388841 3.36768017929769181 16 1 4 12 12 11 11 11 2 32 5 15 22 7 14 30 10 6 1 4 10 19 1 9 6 13 16 2 2.70999124060388841 12 12 8 3 5 12 1 3 2 5 22 3 17 15 10 13 31 4 18 16 1 22.6524308025836945 61.7086545964710353 
5 1 10 10 8 2 16 24 2.70999124060388841 3.36768017929769181 16 1 18 4 8 11 11 11 2 32 5 15 18 6 14 30 10 6 1 4 10 19 1 9 6 13 16 2 2.70999124060388841 12 12 8 3 5 12 1 3 2 5 22 3 17 15 10 10 4 7 18 16 1 28.5586820542812347 51.6438864977759238 
13 24 4 3 15 9 10 30 3 15 33 5 16 25 2 13 26 2.70999124060388841 14 16 6.96245171630185755 2 32 8 10 30 13 12 20 7 14 3 7 13 26 4 16 30 2 5 12 3.84646942076222631 13.2195649013323386 30 5 4 30 11 3 13 13.151007650947605 16 32 2 10.3494946964094545 6 13 14 1 7 17.8852003216743469 189.952143887858142 
15 1 9 10 8 2 16 24 2.70999124060388841 3.36768017929769181 16 1 4 19 8 11 11 11 2 32 5 15 22 7 14 30 10 6 1 4 10 19 1 9 6 13 16 2 2.70999124060388841 12 12 8 3 5 12 1 3 2 5 22 3 17 15 10 10 4 7 18 16 1 25.1684726774692535 56.2866647691332602 
14 3 12 3 12 3 8 5.34074699537910114 8 14 5 4 13 18 7 15 15 10 9.25570237641795579 16 9 6 13 3 12 30 2 4 26 10 17 6 13 17 3 2 4 16 2 4 25 11 1 12 10 4.94126535182462057 1 5 4 20 9.82524131762891173 17 2 13 3 26 2 1 3 12 17.6905608177185059 235.671262466463645 
5 1 10 10 8 2 16 24 2.70999124060388841 3.36768017929769181 16 1 4 13 12 11 11 11 2 32 5 15 22 7 14 30 10 6 1 4 10 19 1 9 6 13 16 2 2.70999124060388841 12 12 8 3 5 12 1 3 2 5 22 3 17 15 10 4 24 13 10 26 3 22.3292729556560516 66.5005316088977878 
5 1 10 10 8 2 16 24 2.70999124060388841 3.36768017929769181 16 1 1 7 6 1 31 13 2 32 5 15 22 7 14 30 10 6 1 4 10 19 1 9 6 13 16 2 2.70999124060388841 12 12 8 3 5 12 1 3 2 5 22 3 17 15 10 14 1 2.70999124060388841 1 26 5 20.562162846326828 103.072672468818297 
5 1 10 10 8 2 16 24 2.70999124060388841 3.36768017929769181 16 1 12 19 13 11 11 11 2 32 5 15 22 7 14 30 10 6 1 4 10 19 1 9 6 13 16 2 2.70999124060388841 12 12 8 3 5 12 1 3 2 5 22 3 17 15 10 14 26 4 18 16 1 22.852252870798111 56.9364518060592104 
5 1 10 10 8 2 16 24 2.70999124060388841 3.36768017929769181 16 1 8 15 12 6 20 4 2 32 5 15 22 7 14 30 10 6 1 4 10 19 1 9 6 13 16 2 2.70999124060388841 12 12 8 3 5 12 1 3 2 5 22 3 17 15 10 9 15 13 1 6 3 20.696833997964859 100.096252084612843 
11 15 3 15 19 2.70999124060388841 9 5 7 16 26 2 1 30 11 9.25570237641795579 24 6 4 6 8 16 17 8 4.94126535182462057 2 13 15 26 11 13.2195649013323386 24 7 8 9 4 17 24 7 17 16 1 3 12 7 13 20 4 4 9 4 13 24 7 15 30 1 14 20 10 17.7398560643196106 222.795271833429666 
5 1 10 10 8 2 16 24 2.70999124060388841 3.36768017929769181 16 1 4 6 13 11 11 11 2 32 5 15 22 7 14 30 10 6 1 4 10 19 1 9 6 13 16 2 2.70999124060388841 12 12 8 3 5 12 1 3 2 5 22 3 17 15 10 10 4 7 18 16 1 25.4131517708301544 55.623224163755566 
5 1 10 10 8 2 16 24 2.70999124060388841 3.36768017929769181 16 1 4 24 12 11 11 11 2 32 5 15 22 7 14 30 10 6 1 4 10 19 1 9 6 13 16 2 2.70999124060388841 12 12 8 3 5 12 1 3 2 5 22 3 17 15 10 6 26 2.70999124060388841 9.25570237641795579 12 2 21.5579977929592133 81.0485123483074403 
5 1 10 10 8 2 16 24 2.70999124060388841 3.36768017929769181 16 1 4 23 12 11 11 11 2 32 5 15 22 7 14 30 10 6 1 4 10 19 1 9 6 13 16 2 2.70999124060388841 12 12 8 3 5 12 1 3 2 5 22 3 17 15 10 15 19 7 18 16 1 23.5148248374462128 56.3123939444003909 
5 1 10 10 8 2 16 24 2.70999124060388841 3.36768017929769181 16 1 6 24 12 11 11 11 2 32 5 15 22 7 14 30 10 6 1 4 10 19 1 9 6 13 16 2 2.70999124060388841 12 12 8 3 5 12 1 3 2 5 22 3 17 24 2 15 30 7 3.36768017929769181 9 4 21.251139909029007 88.4294879572031789 
5 1 10 1 20 10 16 24 2.70999124060388841 3.36768017929769181 16 1 6 14 4 5 20 7 2 32 5 15 22 7 14 30 10 6 1 4 10 19 1 9 6 13 16 2 2.70999124060388841 12 12 8 3 5 12 1 3 2 9 18 13 17 15 10 14 24 7 12 24 4 18.9822340309619904 129.238847737123592 
5 1 10 10 8 2 16 24 2.70999124060388841 3.36768017929769181 16 1 4 20 12 11 11 11 2 32 5 15 22 7 14 30 10 6 1 4 10 19 1 9 6 13 16 2 2.70999124060388841 12 12 8 3 5 12 1 3 2 5 22 3 17 15 10 10 4 7 18 16 1 25.4521917402744293 53.4596956098797236 
14 32 6 4 11 8 9 15 1 17 30 12 16 9 8 14 1 9 12 31 7 3 25 8 15 2 6 13 24 5 12 26 10 8 32 13 6 15 12 17 8 1 3.36768017929769181 16.1354543567662532 2 6 21 3 12 20 9 14 1 8 3 30 6 1 6 3.84646942076222631 18.7178309857845306 168.387038451744331 
5 1 10 3.36768017929769181 18 8 16 24 2.70999124060388841 3.36768017929769181 16 1 14 6 2 11 11 11 2 32 5 15 22 7 14 30 10 6 1 4 10 19 1 9 6 13 16 2 2.70999124060388841 12 12 8 3 5 12 1 3 2 6 30 9 17 15 10 9 12 12 18 16 1 20.913878858089447 89.0197393363058751 
5 1 10 10 8 2 16 24 2.70999124060388841 3.36768017929769181 16 1 12 20 13 11 11 11 2 32 5 15 22 7 14 30 10 6 1 4 10 19 1 9 6 13 16 2 2.70999124060388841 12 12 8 3 5 12 1 3 2 5 22 3 17 15 10 2 30 7 18 16 1 22.8456668555736542 60.6778358147803587 
5 1 10 10 8 2 16 24 2.70999124060388841 3.36768017929769181 16 1 4 15 13 11 11 11 2 32 5 15 22 7 14 30 10 6 1 4 10 19 1 9 6 13 16 2 2.70999124060388841 12 12 8 3 5 12 1 3 2 5 22 3 17 15 10 10 4 7 18 16 1 25.5558917820453644 52.4499508349035679 
5 1 10 10 8 2 16 24 2.70999124060388841 3.36768017929769181 16 1 18 4 8 11 11 11 2 32 5 15 22 7 14 30 10 6 1 4 10 19 1 9 6 13 16 2 2.70999124060388841 12 12 8 4 25 12 1 3 2 5 22 3 17 15 10 10 4 7 18 16 1 28.4466178715229034 51.7349998588691449 
5 1 10 10 8 2 16 24 2.70999124060388841 3.36768017929769181 16 1 9 15 8 11 11 11 2 32 5 15 22 7 14 30 10 6 1 4 10 19 1 9 6 13 16 2 2.70999124060388841 12 12 8 3 5 12 1 3 2 5 22 3 17 15 10 10 4 7 18 16 1 25.7891777455806732 52.2860371385057832 
5 1 10 10 8 2 16 24 2.70999124060388841 3.36768017929769181 16 1 4 14 2.70999124060388841 11 11 11 2 32 5 15 22 7 14 30 10 6 1 4 10 19 1 9 6 13 16 2 2.70999124060388841 12 12 8 3 5 12 1 3 2 5 22 3 17 15 10 14 24 3 4 25 2 21.448017805814743 81.1693806135289151 
5 1 10 10 8 2 16 24 2.70999124060388841 3.36768017929769181 16 1 12 15 1 11 11 11 2 32 5 15 22 7 14 30 10 6 1 4 10 19 1 9 6 13 16 2 2.70999124060388841 12 12 8 3 5 12 1 3 2 5 22 3 17 15 10 14 31 10 18 16 1 22.8049118220806122 60.7886510542941636 
5 1 10 10 8 2 16 24 2.70999124060388841 3.36768017929769181 16 1 12 25 13 11 11 11 2 32 5 15 22 7 14 30 10 6 1 4 10 19 1 9 6 13 16 2 2.70999124060388841 12 12 8 3 5 12 1 3 2 5 22 3 17 15 10 4 16 13 14 18 1 22.0188188850879669 67.1157598879030388 
5 1 10 10 8 2 16 24 2.70999124060388841 3.36768017929769181 16 1 2 13 10 11 11 11 2 32 5 15 22 7 14 30 10 6 1 4 10 19 1 9 6 13 16 2 2.70999124060388841 12 12 8 3 5 12 1 3 2 5 22 3 17 15 10 15 30 9 14 26 7 21.3639519214630127 87.5845208823969159 
5 1 10 10 8 2 16 24 2.70999124060388841 3.36768017929769181 16 1 12 13 12 11 11 11 2 32 5 15 22 7 14 30 10 6 1 4 10 19 1 9 6 13 16 2 2.70999124060388841 12 12 8 3 5 12 1 3 2 5 22 3 17 15 10 15 30 7 4 26 13 21.7357728779315948 71.3442209206915265 

Current Evaluation = 80000000(80000000)
Front Size = 36
5 1 10 10 8 2 16 24 2.70999124060388841 3.36768017929769181 16 1 1 13 6 11 11 11 2 32 5 15 22 7 14 30 10 6 15 7 10 19 1 9 6 13 16 2 2.70999124060388841 12 12 8 3 5 12 1 3 2 5 22 3 17 15 10 14 18 7 15 26 5 21.6590298712253571 76.1624155542721013 
6 1 12 16 20 6 14 31 2.70999124060388841 13 16 7 9.25570237641795579 20 2 6 8 6 3 16 11 13 9 1 4.94126535182462057 12 12 17 15 4 16 18 3 14 26 5 13.2195649013323386 31 12 13 2 6 14 32 8 12 24 12 5 22 2 3 18 1 9 31 7 14 30 9 17.8759424686431885 211.273323735088439 
5 1 10 10 8 2 16 24 2.70999124060388841 3.36768017929769181 16 1 6 18 10 11 11 11 2 32 5 15 22 7 14 30 10 6 15 7 10 19 1 9 6 13 16 2 2.70999124060388841 12 12 8 3 5 12 1 3 2 14 1 4 17 15 10 10 6 11 3 31 2.70999124060388841 20.8666166961193085 94.0203460218124718 
5 1 10 10 8 2 16 24 2.70999124060388841 3.36768017929769181 16 1 4 6 11 11 11 11 2 32 5 15 22 7 14 30 10 6 1 4 10 19 1 9 6 13 16 2 2.70999124060388841 12 12 8 3 5 12 1 3 2 5 22 3 17 15 10 14 31 7 18 16 1 22.4453488886356354 62.2999277997364231 
5 1 10 10 8 2 16 24 2.70999124060388841 3.36768017929769181 16 1 18 4 8 11 11 11 2 32 5 15 22 7 14 30 10 6 1 4 10 19 1 9 6 13 16 2 2.70999124060388841 12 12 8 3 5 12 1 3 2 5 22 3 17 15 10 10 4 7 18 16 1 28.6532829701900482 49.8227856369325366 
5 1 10 10 8 2 16 24 2.70999124060388841 3.36768017929769181 16 1 18 4 8 11 11 11 2 32 5 15 22 7 14 30 10 6 1 4 10 19 1 9 6 13 16 2 2.70999124060388841 12 12 8 3 5 12 1 3 2 5 22 3 17 15 10 10 26 7 18 16 1 26.4339800775051117 51.7787968019609863 
5 1 10 10 8 2 16 24 2.70999124060388841 3.36768017929769181 16 1 4 26 13 11 11 11 2 32 5 15 22 7 14 30 10 6 1 4 10 19 1 9 6 13 16 2 2.70999124060388841 12 12 8 3 5 12 1 3 2 5 22 3 17 15 10 4 26 9 3 19 9 21.6094638407230377 79.7843508126511978 
5 1 10 10 8 2 16 24 2.70999124060388841 3.36768017929769181 16 1 14 17 7 11 11 11 2 32 5 15 22 7 14 30 10 6 1 4 10 19 1 9 6 13 16 2 2.70999124060388841 12 12 8 4 30 10 1 3 2 3 26 9 17 15 10 15 31 9 3.36768017929769181 5 10 20.2582018077373505 103.62165806146389 
4 24 2 1 11 2.70999124060388841 17 32 2 12 26 11 9 9 6 14 25 8 3 16.1354543567662532 7 4.94126535182462057 12 5 12 26 4 10 1 9 1 2 7 15 5 8 17 24 11 9 6 3 14 15 2 9 17 11 16 1 5 6 15 9 13.2195649013323386 24 10 5 26 5 18.2940757274627686 174.40575851164084 
5 1 10 10 8 2 16 24 2.70999124060388841 3.36768017929769181 16 1 4 12 12 11 11 11 2 32 5 15 22 7 14 30 10 6 1 4 10 19 1 9 6 13 16 2 2.70999124060388841 12 12 8 3 5 12 1 3 2 5 22 3 17 15 10 13 31 4 18 16 1 22.6524308025836945 61.7086545964710353 
5 1 10 10 8 2 16 24 2.70999124060388841 3.36768017929769181 16 1 18 4 8 11 11 11 2 32 5 15 18 6 14 30 10 6 1 4 10 19 1 9 6 13 16 2 2.70999124060388841 12 12 8 3 5 12 1 3 2 5 22 3 17 15 10 10 4 7 18 16 1 28.5586820542812347 51.6438864977759238 
13 24 4 3 15 9 10 30 3 15 33 5 16 25 2 13 26 2.70999124060388841 14 16 6.96245171630185755 2 32 8 10 30 13 12 20 7 14 3 7 13 26 4 16 30 2 5 12 3.84646942076222631 13.2195649013323386 30 5 4 30 11 3 13 13.151007650947605 16 32 2 10.3494946964094545 6 13 14 1 7 17.8852003216743469 189.952143887858142 
15 1 9 10 8 2 16 24 2.70999124060388841 3.36768017929769181 16 1 4 19 8 11 11 11 2 32 5 15 22 7 14 30 10 6 1 4 10 19 1 9 6 13 16 2 2.70999124060388841 12 12 8 3 5 12 1 3 2 5 22 3 17 15 10 10 4 7 18 16 1 25.1684726774692535 56.2866647691332602 
14 3 12 3 12 3 8 5.34074699537910114 8 14 5 4 13 18 7 15 15 10 9.25570237641795579 16 9 6 13 3 12 30 2 4 26 10 17 6 13 17 3 2 4 16 2 4 25 11 1 12 10 4.94126535182462057 1 5 4 20 9.82524131762891173 17 2 13 3 26 2 1 3 12 17.6905608177185059 235.671262466463645 
5 1 10 10 8 2 16 24 2.70999124060388841 3.36768017929769181 16 1 4 13 12 11 11 11 2 32 5 15 22 7 14 30 10 6 1 4 10 19 1 9 6 13 16 2 2.70999124060388841 12 12 8 3 5 12 1 3 2 5 22 3 17 15 10 4 24 13 10 26 3 22.3292729556560516 66.5005316088977878 
5 1 10 10 8 2 16 24 2.70999124060388841 3.36768017929769181 16 1 1 7 6 1 31 13 2 32 5 15 22 7 14 30 10 6 1 4 10 19 1 9 6 13 16 2 2.70999124060388841 12 12 8 3 5 12 1 3 2 5 22 3 17 15 10 14 1 2.70999124060388841 1 26 5 20.562162846326828 103.072672468818297 
5 1 10 10 8 2 16 24 2.70999124060388841 3.36768017929769181 16 1 12 19 13 11 11 11 2 32 5 15 22 7 14 30 10 6 1 4 10 19 1 9 6 13 16 2 2.70999124060388841 12 12 8 3 5 12 1 3 2 5 22 3 17 15 10 14 26 4 18 16 1 22.852252870798111 56.9364518060592104 
5 1 10 10 8 2 16 24 2.70999124060388841 3.36768017929769181 16 1 8 15 12 6 20 4 2 32 5 15 22 7 14 30 10 6 1 4 10 19 1 9 6 13 16 2 2.70999124060388841 12 12 8 3 5 12 1 3 2 5 22 3 17 15 10 9 15 13 1 6 3 20.696833997964859 100.096252084612843 
11 15 3 15 19 2.70999124060388841 9 5 7 16 26 2 1 30 11 9.25570237641795579 24 6 4 6 8 16 17 8 4.94126535182462057 2 13 15 26 11 13.2195649013323386 24 7 8 9 4 17 24 7 17 16 1 3 12 7 13 20 4 4 9 4 13 24 7 15 30 1 14 20 10 17.7398560643196106 222.795271833429666 
5 1 10 10 8 2 16 24 2.70999124060388841 3.36768017929769181 16 1 4 6 13 11 11 11 2 32 5 15 22 7 14 30 10 6 1 4 10 19 1 9 6 13 16 2 2.70999124060388841 12 12 8 3 5 12 1 3 2 5 22 3 17 15 10 10 4 7 18 16 1 25.4131517708301544 55.623224163755566 
5 1 10 10 8 2 16 24 2.70999124060388841 3.36768017929769181 16 1 4 24 12 11 11 11 2 32 5 15 22 7 14 30 10 6 1 4 10 19 1 9 6 13 16 2 2.70999124060388841 12 12 8 3 5 12 1 3 2 5 22 3 17 15 10 6 26 2.70999124060388841 9.25570237641795579 12 2 21.5579977929592133 81.0485123483074403 
5 1 10 10 8 2 16 24 2.70999124060388841 3.36768017929769181 16 1 4 23 12 11 11 11 2 32 5 15 22 7 14 30 10 6 1 4 10 19 1 9 6 13 16 2 2.70999124060388841 12 12 8 3 5 12 1 3 2 5 22 3 17 15 10 15 19 7 18 16 1 23.5148248374462128 56.3123939444003909 
5 1 10 1 20 10 16 24 2.70999124060388841 3.36768017929769181 16 1 6 14 4 5 20 7 2 32 5 15 22 7 14 30 10 6 1 4 10 19 1 9 6 13 16 2 2.70999124060388841 12 12 8 3 5 12 1 3 2 9 18 13 17 15 10 14 24 7 12 24 4 18.9822340309619904 129.238847737123592 
5 1 10 10 8 2 16 24 2.70999124060388841 3.36768017929769181 16 1 4 20 12 11 11 11 2 32 5 15 22 7 14 30 10 6 1 4 10 19 1 9 6 13 16 2 2.70999124060388841 12 12 8 3 5 12 1 3 2 5 22 3 17 15 10 10 4 7 18 16 1 25.4521917402744293 53.4596956098797236 
14 32 6 4 11 8 9 15 1 17 30 12 16 9 8 14 1 9 12 31 7 3 25 8 15 2 6 13 24 5 12 26 10 8 32 13 6 15 12 17 8 1 3.36768017929769181 16.1354543567662532 2 6 21 3 12 20 9 14 1 8 3 30 6 1 6 3.84646942076222631 18.7178309857845306 168.387038451744331 
5 1 10 3.36768017929769181 18 8 16 24 2.70999124060388841 3.36768017929769181 16 1 14 6 2 11 11 11 2 32 5 15 22 7 14 30 10 6 1 4 10 19 1 9 6 13 16 2 2.70999124060388841 12 12 8 3 5 12 1 3 2 6 30 9 17 15 10 9 12 12 18 16 1 20.913878858089447 89.0197393363058751 
5 1 10 10 8 2 16 24 2.70999124060388841 3.36768017929769181 16 1 12 20 13 11 11 11 2 32 5 15 22 7 14 30 10 6 1 4 10 19 1 9 6 13 16 2 2.70999124060388841 12 12 8 3 5 12 1 3 2 5 22 3 17 15 10 2 30 7 18 16 1 22.8456668555736542 60.6778358147803587 
5 1 10 10 8 2 16 24 2.70999124060388841 3.36768017929769181 16 1 4 15 13 11 11 11 2 32 5 15 22 7 14 30 10 6 1 4 10 19 1 9 6 13 16 2 2.70999124060388841 12 12 8 3 5 12 1 3 2 5 22 3 17 15 10 10 4 7 18 16 1 25.5558917820453644 52.4499508349035679 
5 1 10 10 8 2 16 24 2.70999124060388841 3.36768017929769181 16 1 18 4 8 11 11 11 2 32 5 15 22 7 14 30 10 6 1 4 10 19 1 9 6 13 16 2 2.70999124060388841 12 12 8 4 25 12 1 3 2 5 22 3 17 15 10 10 4 7 18 16 1 28.4466178715229034 51.7349998588691449 
5 1 10 10 8 2 16 24 2.70999124060388841 3.36768017929769181 16 1 9 15 8 11 11 11 2 32 5 15 22 7 14 30 10 6 1 4 10 19 1 9 6 13 16 2 2.70999124060388841 12 12 8 3 5 12 1 3 2 5 22 3 17 15 10 10 4 7 18 16 1 25.7891777455806732 52.2860371385057832 
5 1 10 10 8 2 16 24 2.70999124060388841 3.36768017929769181 16 1 4 14 2.70999124060388841 11 11 11 2 32 5 15 22 7 14 30 10 6 1 4 10 19 1 9 6 13 16 2 2.70999124060388841 12 12 8 3 5 12 1 3 2 5 22 3 17 15 10 14 24 3 4 25 2 21.448017805814743 81.1693806135289151 
5 1 10 10 8 2 16 24 2.70999124060388841 3.36768017929769181 16 1 12 15 1 11 11 11 2 32 5 15 22 7 14 30 10 6 1 4 10 19 1 9 6 13 16 2 2.70999124060388841 12 12 8 3 5 12 1 3 2 5 22 3 17 15 10 14 31 10 18 16 1 22.8049118220806122 60.7886510542941636 
5 1 10 10 8 2 16 24 2.70999124060388841 3.36768017929769181 16 1 12 25 13 11 11 11 2 32 5 15 22 7 14 30 10 6 1 4 10 19 1 9 6 13 16 2 2.70999124060388841 12 12 8 3 5 12 1 3 2 5 22 3 17 15 10 4 16 13 14 18 1 22.0188188850879669 67.1157598879030388 
5 1 10 10 8 2 16 24 2.70999124060388841 3.36768017929769181 16 1 12 13 12 11 11 11 2 32 5 15 22 7 14 30 10 6 1 4 10 19 1 9 6 13 16 2 2.70999124060388841 12 12 8 3 5 12 1 3 2 5 22 3 17 15 10 15 30 7 4 26 13 21.7357728779315948 71.3442209206915265 
3 6 10 14 31 1 14 18 9 14 14 11 16 19 1 3.36768017929769181 12 6.96245171630185755 9 31 6 4.94126535182462057 31 4 1 5 2 15 24 9 13.2195649013323386 28 9 4 9 12 17 31 10 14 12 9 16 22 4 4 31 6 2 24 8 6 31 5 14 15 8 11 6 8 17.2399028837680817 247.429131274642117 
5 1 10 10 8 2 16 24 2.70999124060388841 3.36768017929769181 16 1 12 31 5 11 11 11 2 32 5 15 22 7 14 30 10 6 1 4 10 19 1 9 6 13 16 2 2.70999124060388841 12 12 8 3 5 12 1 3 2 5 22 3 17 15 10 14 9 9 1 1 9 21.1335239112377167 83.2753830834023319 

Current Evaluation = 90000000(90000000)
Front Size = 31
5 1 10 10 8 2 16 24 2.70999124060388841 3.36768017929769181 16 1 1 13 6 11 11 11 2 32 5 15 22 7 14 30 10 6 15 7 10 19 1 9 6 13 16 2 2.70999124060388841 12 12 8 3 5 12 1 3 2 5 22 3 17 15 10 14 18 7 15 26 5 21.6590298712253571 76.1624155542721013 
5 1 10 10 8 2 16 24 2.70999124060388841 3.36768017929769181 16 1 6 18 10 11 11 11 2 32 5 15 22 7 14 30 10 6 15 7 10 19 1 9 6 13 16 2 2.70999124060388841 12 12 8 3 5 12 1 3 2 14 1 4 17 15 10 10 6 11 3 31 2.70999124060388841 20.8666166961193085 94.0203460218124718 
5 1 10 10 8 2 16 24 2.70999124060388841 3.36768017929769181 16 1 4 6 11 11 11 11 2 32 5 15 22 7 14 30 10 6 1 4 10 19 1 9 6 13 16 2 2.70999124060388841 12 12 8 3 5 12 1 3 2 5 22 3 17 15 10 14 31 7 18 16 1 22.4453488886356354 62.2999277997364231 
5 1 10 10 8 2 16 24 2.70999124060388841 3.36768017929769181 16 1 4 26 13 11 11 11 2 32 5 15 22 7 14 30 10 6 1 4 10 19 1 9 6 13 16 2 2.70999124060388841 12 12 8 3 5 12 1 3 2 5 22 3 17 15 10 4 26 9 3 19 9 21.6094638407230377 79.7843508126511978 
5 1 10 10 8 2 16 24 2.70999124060388841 3.36768017929769181 16 1 14 17 7 11 11 11 2 32 5 15 22 7 14 30 10 6 1 4 10 19 1 9 6 13 16 2 2.70999124060388841 12 12 8 4 30 10 1 3 2 3 26 9 17 15 10 15 31 9 3.36768017929769181 5 10 20.2582018077373505 103.62165806146389 
4 24 2 1 11 2.70999124060388841 17 32 2 12 26 11 9 9 6 14 25 8 3 16.1354543567662532 7 4.94126535182462057 12 5 12 26 4 10 1 9 1 2 7 15 5 8 17 24 11 9 6 3 14 15 2 9 17 11 16 1 5 6 15 9 13.2195649013323386 24 10 5 26 5 18.2940757274627686 174.40575851164084 
5 1 10 10 8 2 16 24 2.70999124060388841 3.36768017929769181 16 1 4 12 12 11 11 11 2 32 5 15 22 7 14 30 10 6 1 4 10 19 1 9 6 13 16 2 2.70999124060388841 12 12 8 3 5 12 1 3 2 5 22 3 17 15 10 13 31 4 18 16 1 22.6524308025836945 61.7086545964710353 
13 24 4 3 15 9 10 30 3 15 33 5 16 25 2 13 26 2.70999124060388841 14 16 6.96245171630185755 2 32 8 10 30 13 12 20 7 14 3 7 13 26 4 16 30 2 5 12 3.84646942076222631 13.2195649013323386 30 5 4 30 11 3 13 13.151007650947605 16 32 2 10.3494946964094545 6 13 14 1 7 17.8852003216743469 189.952143887858142 
15 1 9 10 8 2 16 24 2.70999124060388841 3.36768017929769181 16 1 4 19 8 11 11 11 2 32 5 15 22 7 14 30 10 6 1 4 10 19 1 9 6 13 16 2 2.70999124060388841 12 12 8 3 5 12 1 3 2 5 22 3 17 15 10 10 4 7 18 16 1 25.1684726774692535 56.2866647691332602 
5 1 10 10 8 2 16 24 2.70999124060388841 3.36768017929769181 16 1 4 13 12 11 11 11 2 32 5 15 22 7 14 30 10 6 1 4 10 19 1 9 6 13 16 2 2.70999124060388841 12 12 8 3 5 12 1 3 2 5 22 3 17 15 10 4 24 13 10 26 3 22.3292729556560516 66.5005316088977878 
5 1 10 10 8 2 16 24 2.70999124060388841 3.36768017929769181 16 1 12 19 13 11 11 11 2 32 5 15 22 7 14 30 10 6 1 4 10 19 1 9 6 13 16 2 2.70999124060388841 12 12 8 3 5 12 1 3 2 5 22 3 17 15 10 14 26 4 18 16 1 22.852252870798111 56.9364518060592104 
5 1 10 10 8 2 16 24 2.70999124060388841 3.36768017929769181 16 1 4 6 13 11 11 11 2 32 5 15 22 7 14 30 10 6 1 4 10 19 1 9 6 13 16 2 2.70999124060388841 12 12 8 3 5 12 1 3 2 5 22 3 17 15 10 10 4 7 18 16 1 25.4131517708301544 55.623224163755566 
5 1 10 10 8 2 16 24 2.70999124060388841 3.36768017929769181 16 1 4 24 12 11 11 11 2 32 5 15 22 7 14 30 10 6 1 4 10 19 1 9 6 13 16 2 2.70999124060388841 12 12 8 3 5 12 1 3 2 5 22 3 17 15 10 6 26 2.70999124060388841 9.25570237641795579 12 2 21.5579977929592133 81.0485123483074403 
5 1 10 10 8 2 16 24 2.70999124060388841 3.36768017929769181 16 1 4 23 12 11 11 11 2 32 5 15 22 7 14 30 10 6 1 4 10 19 1 9 6 13 16 2 2.70999124060388841 12 12 8 3 5 12 1 3 2 5 22 3 17 15 10 15 19 7 18 16 1 23.5148248374462128 56.3123939444003909 
5 1 10 1 20 10 16 24 2.70999124060388841 3.36768017929769181 16 1 6 14 4 5 20 7 2 32 5 15 22 7 14 30 10 6 1 4 10 19 1 9 6 13 16 2 2.70999124060388841 12 12 8 3 5 12 1 3 2 9 18 13 17 15 10 14 24 7 12 24 4 18.9822340309619904 129.238847737123592 
5 1 10 10 8 2 16 24 2.70999124060388841 3.36768017929769181 16 1 4 20 12 11 11 11 2 32 5 15 22 7 14 30 10 6 1 4 10 19 1 9 6 13 16 2 2.70999124060388841 12 12 8 3 5 12 1 3 2 5 22 3 17 15 10 10 4 7 18 16 1 25.4521917402744293 53.4596956098797236 
14 32 6 4 11 8 9 15 1 17 30 12 16 9 8 14 1 9 12 31 7 3 25 8 15 2 6 13 24 5 12 26 10 8 32 13 6 15 12 17 8 1 3.36768017929769181 16.1354543567662532 2 6 21 3 12 20 9 14 1 8 3 30 6 1 6 3.84646942076222631 18.7178309857845306 168.387038451744331 
5 1 10 3.36768017929769181 18 8 16 24 2.70999124060388841 3.36768017929769181 16 1 14 6 2 11 11 11 2 32 5 15 22 7 14 30 10 6 1 4 10 19 1 9 6 13 16 2 2.70999124060388841 12 12 8 3 5 12 1 3 2 6 30 9 17 15 10 9 12 12 18 16 1 20.913878858089447 89.0197393363058751 
5 1 10 10 8 2 16 24 2.70999124060388841 3.36768017929769181 16 1 4 15 13 11 11 11 2 32 5 15 22 7 14 30 10 6 1 4 10 19 1 9 6 13 16 2 2.70999124060388841 12 12 8 3 5 12 1 3 2 5 22 3 17 15 10 10 4 7 18 16 1 25.5558917820453644 52.4499508349035679 
5 1 10 10 8 2 16 24 2.70999124060388841 3.36768017929769181 16 1 4 14 2.70999124060388841 11 11 11 2 32 5 15 22 7 14 30 10 6 1 4 10 19 1 9 6 13 16 2 2.70999124060388841 12 12 8 3 5 12 1 3 2 5 22 3 17 15 10 14 24 3 4 25 2 21.448017805814743 81.1693806135289151 
5 1 10 10 8 2 16 24 2.70999124060388841 3.36768017929769181 16 1 12 15 1 11 11 11 2 32 5 15 22 7 14 30 10 6 1 4 10 19 1 9 6 13 16 2 2.70999124060388841 12 12 8 3 5 12 1 3 2 5 22 3 17 15 10 14 31 10 18 16 1 22.8049118220806122 60.7886510542941636 
5 1 10 10 8 2 16 24 2.70999124060388841 3.36768017929769181 16 1 12 25 13 11 11 11 2 32 5 15 22 7 14 30 10 6 1 4 10 19 1 9 6 13 16 2 2.70999124060388841 12 12 8 3 5 12 1 3 2 5 22 3 17 15 10 4 16 13 14 18 1 22.0188188850879669 67.1157598879030388 
5 1 10 10 8 2 16 24 2.70999124060388841 3.36768017929769181 16 1 12 13 12 11 11 11 2 32 5 15 22 7 14 30 10 6 1 4 10 19 1 9 6 13 16 2 2.70999124060388841 12 12 8 3 5 12 1 3 2 5 22 3 17 15 10 15 30 7 4 26 13 21.7357728779315948 71.3442209206915265 
3 6 10 14 31 1 14 18 9 14 14 11 16 19 1 3.36768017929769181 12 6.96245171630185755 9 31 6 4.94126535182462057 31 4 1 5 2 15 24 9 13.2195649013323386 28 9 4 9 12 17 31 10 14 12 9 16 22 4 4 31 6 2 24 8 6 31 5 14 15 8 11 6 8 17.2399028837680817 247.429131274642117 
5 1 10 10 8 2 16 24 2.70999124060388841 3.36768017929769181 16 1 12 31 5 11 11 11 2 32 5 15 22 7 14 30 10 6 1 4 10 19 1 9 6 13 16 2 2.70999124060388841 12 12 8 3 5 12 1 3 2 5 22 3 17 15 10 14 9 9 1 1 9 21.1335239112377167 83.2753830834023319 
5 1 10 10 8 2 16 24 2.70999124060388841 3.36768017929769181 16 1 9 15 12 11 11 11 2 32 5 15 22 7 14 30 10 6 1 4 10 19 1 9 6 13 16 2 2.70999124060388841 12 12 8 3 5 12 1 3 2 5 22 3 17 15 10 10 4 7 18 16 1 25.7479778230190277 51.5118948481720196 
4 26 11 9 6 5 5 30 2.70999124060388841 10 30 12 14 17 11 9.25570237641795579 30 7 1 3 6 4.94126535182462057 6 10 3 17 5 1 1 10 13.2195649013323386 18 2 6 32 3 14 31 9 3 2 13 17 18 2 1 2 13.151007650947605 2 3 9 14 26 7 6 20 12 8 6 3 17.8255519568920135 204.24532431515351 
5 1 10 10 8 2 16 24 2.70999124060388841 3.36768017929769181 16 1 4 25 13 11 11 11 2 32 5 15 22 7 14 30 10 6 1 4 10 19 1 9 6 13 16 2 2.70999124060388841 12 12 8 3 5 12 1 3 2 5 22 3 17 15 10 1 26 2.70999124060388841 18 16 1 22.8257817327976227 59.9931288597492838 
5 1 10 10 8 2 16 24 2.70999124060388841 3.36768017929769181 16 1 18 4 8 11 11 11 2 32 5 15 22 7 14 30 10 6 1 4 10 19 1 9 6 13 16 2 2.70999124060388841 12 12 8 3 5 12 1 3 2 5 22 3 17 15 10 10 4 7 18 16 1 28.6532829701900482 49.2557301092276987 
5 1 10 10 8 2 16 24 2.70999124060388841 3.36768017929769181 16 1 14 24 4 11 11 11 2 32 5 15 22 7 14 30 10 6 1 4 10 19 1 9 6 13 16 2 2.70999124060388841 12 12 8 3 5 12 1 3 2 1 1 5 17 15 10 15 19 2.70999124060388841 4 12 8 20.4347797632217407 98.5830914183855214 
17 6 12 8 3 6 1 1 11 1 9 4 4 31 2 1 25 3 17 16 2 4 22 8 13 6 7 1 23 3 13 26 4 6 24 9 6 28 2.70999124060388841 3 24 4 17 20 1 12 6 4 15 9 6 4 6 10 13 18 13 1 9 8 17.6422048211097717 219.55575959128592 

Current Evaluation = 100000000(100000000)
Front Size = 33
5 1 10 10 8 2 16 24 2.70999124060388841 3.36768017929769181 16 1 1 13 6 11 11 11 2 32 5 15 22 7 14 30 10 6 15 7 10 19 1 9 6 13 16 2 2.70999124060388841 12 12 8 3 5 12 1 3 2 5 22 3 17 15 10 14 18 7 15 26 5 21.6590298712253571 76.1624155542721013 
5 1 10 10 8 2 16 24 2.70999124060388841 3.36768017929769181 16 1 6 18 10 11 11 11 2 32 5 15 22 7 14 30 10 6 15 7 10 19 1 9 6 13 16 2 2.70999124060388841 12 12 8 3 5 12 1 3 2 14 1 4 17 15 10 10 6 11 3 31 2.70999124060388841 20.8666166961193085 94.0203460218124718 
5 1 10 10 8 2 16 24 2.70999124060388841 3.36768017929769181 16 1 4 6 11 11 11 11 2 32 5 15 22 7 14 30 10 6 1 4 10 19 1 9 6 13 16 2 2.70999124060388841 12 12 8 3 5 12 1 3 2 5 22 3 17 15 10 14 31 7 18 16 1 22.4453488886356354 62.2999277997364231 
5 1 10 10 8 2 16 24 2.70999124060388841 3.36768017929769181 16 1 4 26 13 11 11 11 2 32 5 15 22 7 14 30 10 6 1 4 10 19 1 9 6 13 16 2 2.70999124060388841 12 12 8 3 5 12 1 3 2 5 22 3 17 15 10 4 26 9 3 19 9 21.6094638407230377 79.7843508126511978 
5 1 10 10 8 2 16 24 2.70999124060388841 3.36768017929769181 16 1 14 17 7 11 11 11 2 32 5 15 22 7 14 30 10 6 1 4 10 19 1 9 6 13 16 2 2.70999124060388841 12 12 8 4 30 10 1 3 2 3 26 9 17 15 10 15 31 9 3.36768017929769181 5 10 20.2582018077373505 103.62165806146389 
4 24 2 1 11 2.70999124060388841 17 32 2 12 26 11 9 9 6 14 25 8 3 16.1354543567662532 7 4.94126535182462057 12 5 12 26 4 10 1 9 1 2 7 15 5 8 17 24 11 9 6 3 14 15 2 9 17 11 16 1 5 6 15 9 13.2195649013323386 24 10 5 26 5 18.2940757274627686 174.40575851164084 
5 1 10 10 8 2 16 24 2.70999124060388841 3.36768017929769181 16 1 4 12 12 11 11 11 2 32 5 15 22 7 14 30 10 6 1 4 10 19 1 9 6 13 16 2 2.70999124060388841 12 12 8 3 5 12 1 3 2 5 22 3 17 15 10 13 31 4 18 16 1 22.6524308025836945 61.7086545964710353 
13 24 4 3 15 9 10 30 3 15 33 5 16 25 2 13 26 2.70999124060388841 14 16 6.96245171630185755 2 32 8 10 30 13 12 20 7 14 3 7 13 26 4 16 30 2 5 12 3.84646942076222631 13.2195649013323386 30 5 4 30 11 3 13 13.151007650947605 16 32 2 10.3494946964094545 6 13 14 1 7 17.8852003216743469 189.952143887858142 
15 1 9 10 8 2 16 24 2.70999124060388841 3.36768017929769181 16 1 4 19 8 11 11 11 2 32 5 15 22 7 14 30 10 6 1 4 10 19 1 9 6 13 16 2 2.70999124060388841 12 12 8 3 5 12 1 3 2 5 22 3 17 15 10 10 4 7 18 16 1 25.1684726774692535 56.2866647691332602 
5 1 10 10 8 2 16 24 2.70999124060388841 3.36768017929769181 16 1 4 13 12 11 11 11 2 32 5 15 22 7 14 30 10 6 1 4 10 19 1 9 6 13 16 2 2.70999124060388841 12 12 8 3 5 12 1 3 2 5 22 3 17 15 10 4 24 13 10 26 3 22.3292729556560516 66.5005316088977878 
5 1 10 10 8 2 16 24 2.70999124060388841 3.36768017929769181 16 1 12 19 13 11 11 11 2 32 5 15 22 7 14 30 10 6 1 4 10 19 1 9 6 13 16 2 2.70999124060388841 12 12 8 3 5 12 1 3 2 5 22 3 17 15 10 14 26 4 18 16 1 22.852252870798111 56.9364518060592104 
5 1 10 10 8 2 16 24 2.70999124060388841 3.36768017929769181 16 1 4 6 13 11 11 11 2 32 5 15 22 7 14 30 10 6 1 4 10 19 1 9 6 13 16 2 2.70999124060388841 12 12 8 3 5 12 1 3 2 5 22 3 17 15 10 10 4 7 18 16 1 25.4131517708301544 55.623224163755566 
5 1 10 10 8 2 16 24 2.70999124060388841 3.36768017929769181 16 1 4 24 12 11 11 11 2 32 5 15 22 7 14 30 10 6 1 4 10 19 1 9 6 13 16 2 2.70999124060388841 12 12 8 3 5 12 1 3 2 5 22 3 17 15 10 6 26 2.70999124060388841 9.25570237641795579 12 2 21.5579977929592133 81.0485123483074403 
5 1 10 10 8 2 16 24 2.70999124060388841 3.36768017929769181 16 1 4 23 12 11 11 11 2 32 5 15 22 7 14 30 10 6 1 4 10 19 1 9 6 13 16 2 2.70999124060388841 12 12 8 3 5 12 1 3 2 5 22 3 17 15 10 15 19 7 18 16 1 23.5148248374462128 56.3123939444003909 
5 1 10 1 20 10 16 24 2.70999124060388841 3.36768017929769181 16 1 6 14 4 5 20 7 2 32 5 15 22 7 14 30 10 6 1 4 10 19 1 9 6 13 16 2 2.70999124060388841 12 12 8 3 5 12 1 3 2 9 18 13 17 15 10 14 24 7 12 24 4 18.9822340309619904 129.238847737123592 
5 1 10 10 8 2 16 24 2.70999124060388841 3.36768017929769181 16 1 4 20 12 11 11 11 2 32 5 15 22 7 14 30 10 6 1 4 10 19 1 9 6 13 16 2 2.70999124060388841 12 12 8 3 5 12 1 3 2 5 22 3 17 15 10 10 4 7 18 16 1 25.4521917402744293 53.4596956098797236 
14 32 6 4 11 8 9 15 1 17 30 12 16 9 8 14 1 9 12 31 7 3 25 8 15 2 6 13 24 5 12 26 10 8 32 13 6 15 12 17 8 1 3.36768017929769181 16.1354543567662532 2 6 21 3 12 20 9 14 1 8 3 30 6 1 6 3.84646942076222631 18.7178309857845306 168.387038451744331 
5 1 10 3.36768017929769181 18 8 16 24 2.70999124060388841 3.36768017929769181 16 1 14 6 2 11 11 11 2 32 5 15 22 7 14 30 10 6 1 4 10 19 1 9 6 13 16 2 2.70999124060388841 12 12 8 3 5 12 1 3 2 6 30 9 17 15 10 9 12 12 18 16 1 20.913878858089447 89.0197393363058751 
5 1 10 10 8 2 16 24 2.70999124060388841 3.36768017929769181 16 1 4 15 13 11 11 11 2 32 5 15 22 7 14 30 10 6 1 4 10 19 1 9 6 13 16 2 2.70999124060388841 12 12 8 3 5 12 1 3 2 5 22 3 17 15 10 10 4 7 18 16 1 25.5558917820453644 52.4499508349035679 
5 1 10 10 8 2 16 24 2.70999124060388841 3.36768017929769181 16 1 4 14 2.70999124060388841 11 11 11 2 32 5 15 22 7 14 30 10 6 1 4 10 19 1 9 6 13 16 2 2.70999124060388841 12 12 8 3 5 12 1 3 2 5 22 3 17 15 10 14 24 3 4 25 2 21.448017805814743 81.1693806135289151 
5 1 10 10 8 2 16 24 2.70999124060388841 3.36768017929769181 16 1 12 15 1 11 11 11 2 32 5 15 22 7 14 30 10 6 1 4 10 19 1 9 6 13 16 2 2.70999124060388841 12 12 8 3 5 12 1 3 2 5 22 3 17 15 10 14 31 10 18 16 1 22.8049118220806122 60.7886510542941636 
5 1 10 10 8 2 16 24 2.70999124060388841 3.36768017929769181 16 1 12 25 13 11 11 11 2 32 5 15 22 7 14 30 10 6 1 4 10 19 1 9 6 13 16 2 2.70999124060388841 12 12 8 3 5 12 1 3 2 5 22 3 17 15 10 4 16 13 14 18 1 22.0188188850879669 67.1157598879030388 
5 1 10 10 8 2 16 24 2.70999124060388841 3.36768017929769181 16 1 12 13 12 11 11 11 2 32 5 15 22 7 14 30 10 6 1 4 10 19 1 9 6 13 16 2 2.70999124060388841 12 12 8 3 5 12 1 3 2 5 22 3 17 15 10 15 30 7 4 26 13 21.7357728779315948 71.3442209206915265 
3 6 10 14 31 1 14 18 9 14 14 11 16 19 1 3.36768017929769181 12 6.96245171630185755 9 31 6 4.94126535182462057 31 4 1 5 2 15 24 9 13.2195649013323386 28 9 4 9 12 17 31 10 14 12 9 16 22 4 4 31 6 2 24 8 6 31 5 14 15 8 11 6 8 17.2399028837680817 247.429131274642117 
5 1 10 10 8 2 16 24 2.70999124060388841 3.36768017929769181 16 1 12 31 5 11 11 11 2 32 5 15 22 7 14 30 10 6 1 4 10 19 1 9 6 13 16 2 2.70999124060388841 12 12 8 3 5 12 1 3 2 5 22 3 17 15 10 14 9 9 1 1 9 21.1335239112377167 83.2753830834023319 
5 1 10 10 8 2 16 24 2.70999124060388841 3.36768017929769181 16 1 9 15 12 11 11 11 2 32 5 15 22 7 14 30 10 6 1 4 10 19 1 9 6 13 16 2 2.70999124060388841 12 12 8 3 5 12 1 3 2 5 22 3 17 15 10 10 4 7 18 16 1 25.7479778230190277 51.5118948481720196 
4 26 11 9 6 5 5 30 2.70999124060388841 10 30 12 14 17 11 9.25570237641795579 30 7 1 3 6 4.94126535182462057 6 10 3 17 5 1 1 10 13.2195649013323386 18 2 6 32 3 14 31 9 3 2 13 17 18 2 1 2 13.151007650947605 2 3 9 14 26 7 6 20 12 8 6 3 17.8255519568920135 204.24532431515351 
5 1 10 10 8 2 16 24 2.70999124060388841 3.36768017929769181 16 1 4 25 13 11 11 11 2 32 5 15 22 7 14 30 10 6 1 4 10 19 1 9 6 13 16 2 2.70999124060388841 12 12 8 3 5 12 1 3 2 5 22 3 17 15 10 1 26 2.70999124060388841 18 16 1 22.8257817327976227 59.9931288597492838 
5 1 10 10 8 2 16 24 2.70999124060388841 3.36768017929769181 16 1 18 4 8 11 11 11 2 32 5 15 22 7 14 30 10 6 1 4 10 19 1 9 6 13 16 2 2.70999124060388841 12 12 8 3 5 12 1 3 2 5 22 3 17 15 10 10 4 7 18 16 1 28.6532829701900482 49.2557301092276987 
5 1 10 10 8 2 16 24 2.70999124060388841 3.36768017929769181 16 1 14 24 4 11 11 11 2 32 5 15 22 7 14 30 10 6 1 4 10 19 1 9 6 13 16 2 2.70999124060388841 12 12 8 3 5 12 1 3 2 1 1 5 17 15 10 15 19 2.70999124060388841 4 12 8 20.4347797632217407 98.5830914183855214 
17 6 12 8 3 6 1 1 11 1 9 4 4 31 2 1 25 3 17 16 2 4 22 8 13 6 7 1 23 3 13 26 4 6 24 9 6 28 2.70999124060388841 3 24 4 17 20 1 12 6 4 15 9 6 4 6 10 13 18 13 1 9 8 17.6422048211097717 219.55575959128592 
5 1 10 10 8 2 16 24 2.70999124060388841 3.36768017929769181 16 1 18 4 8 11 11 11 2 32 5 15 22 7 14 30 10 6 1 4 10 19 1 9 6 13 16 2 2.70999124060388841 12 12 8 3 5 12 1 3 2 5 22 3 17 15 10 10 29 5 18 16 1 27.3903330266475677 50.6147399981945725 
9 25 5 14 31 8 16 20 1 17 13 6 17 32 12 3 2 2.70999124060388841 9.25570237641795579 1 1 14 30 8 4 8 1 12 1 7 8 24 8 17 31 5 2 24 7 12 15 1 15 1 3 9 6 7 14 25 3 1 31 13 14 32 1 14 17 4 17.5669507384300232 226.188636363636419 

MOEA/D: Multiobjective Evolutionary Algorithm Based on Decomposition
Number of Evaluations = 100000000
Mutation Probability = 0.0500000007450580597
Population Size = 250
Neighborhood size = 50
Seed: 13

Time =  17382.0608680000005

Current Evaluation = 100000000
Front Size = 33
5 1 10 10 8 2 16 24 2.70999124060388841 3.36768017929769181 16 1 1 13 6 11 11 11 2 32 5 15 22 7 14 30 10 6 15 7 10 19 1 9 6 13 16 2 2.70999124060388841 12 12 8 3 5 12 1 3 2 5 22 3 17 15 10 14 18 7 15 26 5 21.6590298712253571 76.1624155542721013 
5 1 10 10 8 2 16 24 2.70999124060388841 3.36768017929769181 16 1 6 18 10 11 11 11 2 32 5 15 22 7 14 30 10 6 15 7 10 19 1 9 6 13 16 2 2.70999124060388841 12 12 8 3 5 12 1 3 2 14 1 4 17 15 10 10 6 11 3 31 2.70999124060388841 20.8666166961193085 94.0203460218124718 
5 1 10 10 8 2 16 24 2.70999124060388841 3.36768017929769181 16 1 4 6 11 11 11 11 2 32 5 15 22 7 14 30 10 6 1 4 10 19 1 9 6 13 16 2 2.70999124060388841 12 12 8 3 5 12 1 3 2 5 22 3 17 15 10 14 31 7 18 16 1 22.4453488886356354 62.2999277997364231 
5 1 10 10 8 2 16 24 2.70999124060388841 3.36768017929769181 16 1 4 26 13 11 11 11 2 32 5 15 22 7 14 30 10 6 1 4 10 19 1 9 6 13 16 2 2.70999124060388841 12 12 8 3 5 12 1 3 2 5 22 3 17 15 10 4 26 9 3 19 9 21.6094638407230377 79.7843508126511978 
5 1 10 10 8 2 16 24 2.70999124060388841 3.36768017929769181 16 1 14 17 7 11 11 11 2 32 5 15 22 7 14 30 10 6 1 4 10 19 1 9 6 13 16 2 2.70999124060388841 12 12 8 4 30 10 1 3 2 3 26 9 17 15 10 15 31 9 3.36768017929769181 5 10 20.2582018077373505 103.62165806146389 
4 24 2 1 11 2.70999124060388841 17 32 2 12 26 11 9 9 6 14 25 8 3 16.1354543567662532 7 4.94126535182462057 12 5 12 26 4 10 1 9 1 2 7 15 5 8 17 24 11 9 6 3 14 15 2 9 17 11 16 1 5 6 15 9 13.2195649013323386 24 10 5 26 5 18.2940757274627686 174.40575851164084 
5 1 10 10 8 2 16 24 2.70999124060388841 3.36768017929769181 16 1 4 12 12 11 11 11 2 32 5 15 22 7 14 30 10 6 1 4 10 19 1 9 6 13 16 2 2.70999124060388841 12 12 8 3 5 12 1 3 2 5 22 3 17 15 10 13 31 4 18 16 1 22.6524308025836945 61.7086545964710353 
13 24 4 3 15 9 10 30 3 15 33 5 16 25 2 13 26 2.70999124060388841 14 16 6.96245171630185755 2 32 8 10 30 13 12 20 7 14 3 7 13 26 4 16 30 2 5 12 3.84646942076222631 13.2195649013323386 30 5 4 30 11 3 13 13.151007650947605 16 32 2 10.3494946964094545 6 13 14 1 7 17.8852003216743469 189.952143887858142 
15 1 9 10 8 2 16 24 2.70999124060388841 3.36768017929769181 16 1 4 19 8 11 11 11 2 32 5 15 22 7 14 30 10 6 1 4 10 19 1 9 6 13 16 2 2.70999124060388841 12 12 8 3 5 12 1 3 2 5 22 3 17 15 10 10 4 7 18 16 1 25.1684726774692535 56.2866647691332602 
5 1 10 10 8 2 16 24 2.70999124060388841 3.36768017929769181 16 1 4 13 12 11 11 11 2 32 5 15 22 7 14 30 10 6 1 4 10 19 1 9 6 13 16 2 2.70999124060388841 12 12 8 3 5 12 1 3 2 5 22 3 17 15 10 4 24 13 10 26 3 22.3292729556560516 66.5005316088977878 
5 1 10 10 8 2 16 24 2.70999124060388841 3.36768017929769181 16 1 12 19 13 11 11 11 2 32 5 15 22 7 14 30 10 6 1 4 10 19 1 9 6 13 16 2 2.70999124060388841 12 12 8 3 5 12 1 3 2 5 22 3 17 15 10 14 26 4 18 16 1 22.852252870798111 56.9364518060592104 
5 1 10 10 8 2 16 24 2.70999124060388841 3.36768017929769181 16 1 4 6 13 11 11 11 2 32 5 15 22 7 14 30 10 6 1 4 10 19 1 9 6 13 16 2 2.70999124060388841 12 12 8 3 5 12 1 3 2 5 22 3 17 15 10 10 4 7 18 16 1 25.4131517708301544 55.623224163755566 
5 1 10 10 8 2 16 24 2.70999124060388841 3.36768017929769181 16 1 4 24 12 11 11 11 2 32 5 15 22 7 14 30 10 6 1 4 10 19 1 9 6 13 16 2 2.70999124060388841 12 12 8 3 5 12 1 3 2 5 22 3 17 15 10 6 26 2.70999124060388841 9.25570237641795579 12 2 21.5579977929592133 81.0485123483074403 
5 1 10 10 8 2 16 24 2.70999124060388841 3.36768017929769181 16 1 4 23 12 11 11 11 2 32 5 15 22 7 14 30 10 6 1 4 10 19 1 9 6 13 16 2 2.70999124060388841 12 12 8 3 5 12 1 3 2 5 22 3 17 15 10 15 19 7 18 16 1 23.5148248374462128 56.3123939444003909 
5 1 10 1 20 10 16 24 2.70999124060388841 3.36768017929769181 16 1 6 14 4 5 20 7 2 32 5 15 22 7 14 30 10 6 1 4 10 19 1 9 6 13 16 2 2.70999124060388841 12 12 8 3 5 12 1 3 2 9 18 13 17 15 10 14 24 7 12 24 4 18.9822340309619904 129.238847737123592 
5 1 10 10 8 2 16 24 2.70999124060388841 3.36768017929769181 16 1 4 20 12 11 11 11 2 32 5 15 22 7 14 30 10 6 1 4 10 19 1 9 6 13 16 2 2.70999124060388841 12 12 8 3 5 12 1 3 2 5 22 3 17 15 10 10 4 7 18 16 1 25.4521917402744293 53.4596956098797236 
14 32 6 4 11 8 9 15 1 17 30 12 16 9 8 14 1 9 12 31 7 3 25 8 15 2 6 13 24 5 12 26 10 8 32 13 6 15 12 17 8 1 3.36768017929769181 16.1354543567662532 2 6 21 3 12 20 9 14 1 8 3 30 6 1 6 3.84646942076222631 18.7178309857845306 168.387038451744331 
5 1 10 3.36768017929769181 18 8 16 24 2.70999124060388841 3.36768017929769181 16 1 14 6 2 11 11 11 2 32 5 15 22 7 14 30 10 6 1 4 10 19 1 9 6 13 16 2 2.70999124060388841 12 12 8 3 5 12 1 3 2 6 30 9 17 15 10 9 12 12 18 16 1 20.913878858089447 89.0197393363058751 
5 1 10 10 8 2 16 24 2.70999124060388841 3.36768017929769181 16 1 4 15 13 11 11 11 2 32 5 15 22 7 14 30 10 6 1 4 10 19 1 9 6 13 16 2 2.70999124060388841 12 12 8 3 5 12 1 3 2 5 22 3 17 15 10 10 4 7 18 16 1 25.5558917820453644 52.4499508349035679 
5 1 10 10 8 2 16 24 2.70999124060388841 3.36768017929769181 16 1 4 14 2.70999124060388841 11 11 11 2 32 5 15 22 7 14 30 10 6 1 4 10 19 1 9 6 13 16 2 2.70999124060388841 12 12 8 3 5 12 1 3 2 5 22 3 17 15 10 14 24 3 4 25 2 21.448017805814743 81.1693806135289151 
5 1 10 10 8 2 16 24 2.70999124060388841 3.36768017929769181 16 1 12 15 1 11 11 11 2 32 5 15 22 7 14 30 10 6 1 4 10 19 1 9 6 13 16 2 2.70999124060388841 12 12 8 3 5 12 1 3 2 5 22 3 17 15 10 14 31 10 18 16 1 22.8049118220806122 60.7886510542941636 
5 1 10 10 8 2 16 24 2.70999124060388841 3.36768017929769181 16 1 12 25 13 11 11 11 2 32 5 15 22 7 14 30 10 6 1 4 10 19 1 9 6 13 16 2 2.70999124060388841 12 12 8 3 5 12 1 3 2 5 22 3 17 15 10 4 16 13 14 18 1 22.0188188850879669 67.1157598879030388 
5 1 10 10 8 2 16 24 2.70999124060388841 3.36768017929769181 16 1 12 13 12 11 11 11 2 32 5 15 22 7 14 30 10 6 1 4 10 19 1 9 6 13 16 2 2.70999124060388841 12 12 8 3 5 12 1 3 2 5 22 3 17 15 10 15 30 7 4 26 13 21.7357728779315948 71.3442209206915265 
3 6 10 14 31 1 14 18 9 14 14 11 16 19 1 3.36768017929769181 12 6.96245171630185755 9 31 6 4.94126535182462057 31 4 1 5 2 15 24 9 13.2195649013323386 28 9 4 9 12 17 31 10 14 12 9 16 22 4 4 31 6 2 24 8 6 31 5 14 15 8 11 6 8 17.2399028837680817 247.429131274642117 
5 1 10 10 8 2 16 24 2.70999124060388841 3.36768017929769181 16 1 12 31 5 11 11 11 2 32 5 15 22 7 14 30 10 6 1 4 10 19 1 9 6 13 16 2 2.70999124060388841 12 12 8 3 5 12 1 3 2 5 22 3 17 15 10 14 9 9 1 1 9 21.1335239112377167 83.2753830834023319 
5 1 10 10 8 2 16 24 2.70999124060388841 3.36768017929769181 16 1 9 15 12 11 11 11 2 32 5 15 22 7 14 30 10 6 1 4 10 19 1 9 6 13 16 2 2.70999124060388841 12 12 8 3 5 12 1 3 2 5 22 3 17 15 10 10 4 7 18 16 1 25.7479778230190277 51.5118948481720196 
4 26 11 9 6 5 5 30 2.70999124060388841 10 30 12 14 17 11 9.25570237641795579 30 7 1 3 6 4.94126535182462057 6 10 3 17 5 1 1 10 13.2195649013323386 18 2 6 32 3 14 31 9 3 2 13 17 18 2 1 2 13.151007650947605 2 3 9 14 26 7 6 20 12 8 6 3 17.8255519568920135 204.24532431515351 
5 1 10 10 8 2 16 24 2.70999124060388841 3.36768017929769181 16 1 4 25 13 11 11 11 2 32 5 15 22 7 14 30 10 6 1 4 10 19 1 9 6 13 16 2 2.70999124060388841 12 12 8 3 5 12 1 3 2 5 22 3 17 15 10 1 26 2.70999124060388841 18 16 1 22.8257817327976227 59.9931288597492838 
5 1 10 10 8 2 16 24 2.70999124060388841 3.36768017929769181 16 1 18 4 8 11 11 11 2 32 5 15 22 7 14 30 10 6 1 4 10 19 1 9 6 13 16 2 2.70999124060388841 12 12 8 3 5 12 1 3 2 5 22 3 17 15 10 10 4 7 18 16 1 28.6532829701900482 49.2557301092276987 
5 1 10 10 8 2 16 24 2.70999124060388841 3.36768017929769181 16 1 14 24 4 11 11 11 2 32 5 15 22 7 14 30 10 6 1 4 10 19 1 9 6 13 16 2 2.70999124060388841 12 12 8 3 5 12 1 3 2 1 1 5 17 15 10 15 19 2.70999124060388841 4 12 8 20.4347797632217407 98.5830914183855214 
17 6 12 8 3 6 1 1 11 1 9 4 4 31 2 1 25 3 17 16 2 4 22 8 13 6 7 1 23 3 13 26 4 6 24 9 6 28 2.70999124060388841 3 24 4 17 20 1 12 6 4 15 9 6 4 6 10 13 18 13 1 9 8 17.6422048211097717 219.55575959128592 
5 1 10 10 8 2 16 24 2.70999124060388841 3.36768017929769181 16 1 18 4 8 11 11 11 2 32 5 15 22 7 14 30 10 6 1 4 10 19 1 9 6 13 16 2 2.70999124060388841 12 12 8 3 5 12 1 3 2 5 22 3 17 15 10 10 29 5 18 16 1 27.3903330266475677 50.6147399981945725 
9 25 5 14 31 8 16 20 1 17 13 6 17 32 12 3 2 2.70999124060388841 9.25570237641795579 1 1 14 30 8 4 8 1 12 1 7 8 24 8 17 31 5 2 24 7 12 15 1 15 1 3 9 6 7 14 25 3 1 31 13 14 32 1 14 17 4 17.5669507384300232 226.188636363636419 

