Current Evaluation = 10000000(10000000)
Front Size = 38
3 26 5 3.36768017929769181 28 10 9.25570237641795579 17 12 6 19 1 17 19 9 14 25 10 2 8.22565314501180467 4 15 30 1 4 31 5 3 16 13 12 2 13 16 6 5 2 11 4 13.2195649013323386 24 10 17 9 3 15 32 6 17.8244721320812971 19 11 14 1 7 3 15 2 8 24 1 19.4026780724525452 179.193993016252449 
14 6 13 9 26 10 2 20 4 6 15 2.70999124060388841 3 23 9 17 8 2 6 32 10 6 25 12 2 24 5 9.25570237641795579 25 12 15 33 10 13 6 3.84646942076222631 9 25 11 14 19 6 13.2195649013323386 15 1 16 20 11 2 31 4 6 7 3 4 15 11 14 26 11 18.2471725344657898 217.46385836385835 
14 32 2.70999124060388841 17 16 1 18 6 10 10 28 12 3.36768017929769181 26 6 4 1 9 12 14 3 5 31 1 1 3 2 15 10 2.70999124060388841 16 24 13 18 4 11 3 20 4 9 16 1 17 8 9 10 15 1 6 32 4 2 29 11 15 5 8 12 19 2 27.8766160607337952 53.1883574574548419 
14 32 2.70999124060388841 17 16 1 18 6 10 10 28 12 12 30 7 4 1 9 12 14 3 5 31 1 1 3 2 13 14 13 16 24 13 14 32 7 3 20 4 9 16 1 17 8 9 10 15 1 6 32 4 3 31 4 15 5 8 3.36768017929769181 15 6 20.4551780819892883 134.025555521937093 
14 32 2.70999124060388841 17 16 1 18 6 10 10 28 12 11 12 8 4 1 9 12 14 3 5 31 1 1 3 2 18 19 1 16 24 13 14 32 8 3 20 4 9 16 1 17 8 9 10 15 1 6 32 4 2 29 11 15 5 8 12 19 2 23.7369409203529358 70.0074560559875323 
12 24 13 4 3 10 10 20 3 15 30 12 3.36768017929769181 6 6.96245171630185755 9 1 5 14 26 6 4 2 11 3 9 4 4.94126535182462057 14 9 1 24 1 17 5 9.82524131762891173 15 17 13.151007650947605 12 18.140740276750666 9 17 28 13 16 1 2 6 1 1 15 9 7 1.62229798836725392 3 4 14 24 13 18.3239399790763855 211.295626115315031 
14 32 2.70999124060388841 17 16 1 18 6 10 10 28 12 4 15 8 4 1 9 12 14 3 5 31 1 1 3 2 14 6 2 16 24 13 12 26 2 3 20 4 9 16 1 17 8 9 10 15 1 6 32 4 2 29 11 15 5 8 12 19 2 21.8576618731021881 86.120569727687851 
14 32 2.70999124060388841 17 16 1 18 6 10 15 30 3 11 12 8 4 1 9 12 14 3 5 31 1 1 3 2 4 17 4 16 24 13 6 9 13 3 20 4 9 16 1 17 8 9 10 15 1 6 32 4 1 15 13 15 5 8 12 19 2 20.7891397476196289 125.050985516045515 
14 32 2.70999124060388841 17 16 1 18 6 10 10 28 12 11 12 8 4 1 9 12 14 3 5 31 1 1 3 2 14 24 2 16 24 13 15 6 9 3 20 4 9 16 1 17 8 9 10 15 1 6 32 4 2 29 11 15 5 8 12 19 2 22.1643058657646179 79.2430629551103181 
14 32 2.70999124060388841 17 16 1 18 6 10 10 28 12 11 12 8 4 1 9 12 14 3 5 31 1 1 3 2 14 32 11 16 24 13 12 6 3 3 20 4 9 16 1 17 8 9 10 15 1 6 32 4 2 29 11 15 5 8 12 19 2 22.4355909824371338 78.4201104451104527 
14 32 2.70999124060388841 17 16 1 14 24 7 6 26 3 8 7 8 4 1 9 12 14 3 5 31 1 1 3 2 6 16 2.70999124060388841 16 24 13 15 2 12 3 20 4 9 16 1 17 8 9 10 15 1 6 32 4 2 29 11 15 5 8 12 19 2 20.9162468314170837 107.933971436444921 
14 32 2.70999124060388841 17 16 1 18 6 10 13 14 4 11 12 8 4 1 9 12 14 3 5 31 1 1 3 2 9 31 6 16 24 13 14 20 10 3 20 4 9 16 1 17 8 9 10 15 1 6 32 4 14 25 2 15 5 8 12 19 2 20.2036467790603638 145.286806892916104 
14 32 2.70999124060388841 17 16 1 18 6 10 10 28 12 11 12 8 4 1 9 12 14 3 5 31 1 1 3 2 15 10 2.70999124060388841 16 24 13 14 26 11 3 20 4 9 16 1 17 8 9 10 15 1 6 32 4 14 23 5 15 5 8 12 19 2 24.2019817233085632 67.7274814485756309 
14 32 2.70999124060388841 17 16 1 18 6 10 10 28 12 11 12 8 4 1 9 12 14 3 5 31 1 1 3 2 15 10 2.70999124060388841 16 24 13 18 4 11 3 20 4 9 16 1 17 8 9 10 15 1 6 32 4 2 29 11 15 5 8 12 19 2 28.4210119843482971 51.5354172819339382 
14 32 2.70999124060388841 17 16 1 18 6 10 10 28 12 11 12 8 4 1 9 12 14 3 5 31 1 1 3 2 15 10 2.70999124060388841 16 24 13 12 23 11 3 20 4 9 16 1 17 8 9 10 15 1 6 32 4 2 6 13 15 5 8 12 19 2 24.867973804473877 60.8497824821856668 
14 32 2.70999124060388841 17 16 1 18 6 10 10 28 12 11 26 7 4 1 9 12 14 3 5 31 1 1 3 2 15 10 2.70999124060388841 16 24 13 18 4 11 3 20 4 9 16 1 17 8 9 10 15 1 6 32 4 2 29 11 15 5 8 12 19 2 28.2903290390968323 53.1262825171596234 
14 32 2.70999124060388841 17 16 1 18 6 10 10 28 12 11 12 8 4 1 9 12 14 3 5 31 1 1 3 2 6 31 4 16 24 13 14 26 9 3 20 4 9 16 1 17 8 9 10 15 1 6 32 4 2 29 11 15 5 8 12 19 2 22.1191739737987518 85.7132075550865125 
14 32 2.70999124060388841 17 16 1 18 6 10 10 28 12 11 12 8 4 1 9 12 14 3 5 31 1 1 3 2 14 26 11 16 24 13 18 4 11 3 20 4 9 16 1 17 8 9 10 15 1 6 32 4 8 24 12 15 5 8 12 19 2 24.6490211486816406 67.3728416705734645 
14 32 2.70999124060388841 17 16 1 18 6 10 10 28 12 11 12 8 4 1 9 12 14 3 5 31 1 1 3 2 14 32 9 16 24 13 1 6 2 3 20 4 9 16 1 17 8 9 10 15 1 6 32 4 2 29 11 15 5 8 12 19 2 22.1263788938522339 84.8689537071116007 
6 15 10 3.36768017929769181 16.1354543567662532 3 12 31 12 10 15 9 15 8.22565314501180467 10 14 24 4 16 26 9.82524131762891173 11 6 2 12 13 8 13 1 2 6 19 9 1 18 9 16 16 4 3 6 5 13 5 11 16 20 11 6 25 10 17.8244721320812971 32 4 15 19 8 11 6 9 18.573893815279007 185.200035584130916 
14 32 2.70999124060388841 17 16 1 18 6 10 10 28 12 11 12 8 4 1 9 12 14 3 5 31 1 1 3 2 15 26 2 16 24 13 6 18 2.70999124060388841 3 20 4 9 16 1 17 8 9 10 15 1 6 32 4 2 29 11 15 5 8 12 19 2 22.701526939868927 71.8773290180117925 
14 32 2.70999124060388841 17 16 1 18 6 10 10 28 12 11 12 8 4 1 9 12 14 3 5 31 1 1 3 2 14 32 2.70999124060388841 16 24 13 18 4 11 3 20 4 9 16 1 17 8 9 10 15 1 6 32 4 2 29 11 15 5 8 12 19 2 25.5261130928993225 57.7211764237843781 
14 32 2.70999124060388841 17 16 1 18 6 10 10 28 12 11 12 8 4 1 9 12 14 3 5 31 1 1 3 2 15 10 2.70999124060388841 16 24 13 4 26 13 3 20 4 9 16 1 17 8 9 10 15 1 6 32 4 2 29 11 15 5 8 12 19 2 25.3211997747421265 59.9250165696062993 
14 32 2.70999124060388841 17 16 1 18 6 10 10 28 12 11 12 8 4 1 9 12 14 3 5 31 1 1 3 2 6 32 2 16 24 13 4 18 1 3 20 4 9 16 1 17 8 9 10 15 1 6 32 4 2 29 11 15 5 8 12 19 2 22.8088808655738831 70.3991354352502157 
14 32 2.70999124060388841 17 16 1 18 6 10 3.36768017929769181 25 7 11 12 8 4 1 9 12 14 3 5 31 1 1 3 2 14 6 12 16 24 13 2 6 11 3 20 4 9 16 1 17 8 9 10 15 1 6 32 4 2 29 11 15 5 8 12 19 2 21.3997927904129028 89.7897231423547169 
14 32 2.70999124060388841 17 16 1 18 6 10 10 28 12 11 12 8 4 1 9 12 14 3 5 31 1 1 3 2 6 2 2 16 24 13 18 4 11 3 20 4 9 16 1 17 8 9 10 15 1 6 32 4 2 29 11 15 5 8 12 19 2 25.9904201626777649 55.7394859701745276 
14 32 2.70999124060388841 17 16 1 18 6 10 10 28 12 11 12 8 4 1 9 12 14 3 5 31 1 1 3 2 10 2 2 16 24 13 18 4 11 3 20 4 9 16 1 17 8 9 10 15 1 6 32 4 2 29 11 15 5 8 12 19 2 26.5490351319313049 53.2433834141307827 
14 32 2.70999124060388841 17 16 1 18 6 10 10 28 12 11 12 8 4 1 9 12 14 3 5 31 1 1 3 2 15 10 2.70999124060388841 16 24 13 18 6 11 3 20 4 9 16 1 17 8 9 10 15 1 6 32 4 2 29 11 15 5 8 12 19 2 26.1159897446632385 55.3396218081050861 
14 32 2.70999124060388841 17 16 1 18 6 10 10 28 12 11 12 8 4 1 9 12 14 3 5 31 1 1 3 2 6 6 2 16 24 13 18 4 11 3 20 4 9 16 1 17 8 9 10 15 1 6 32 4 2 29 11 15 5 8 12 19 2 25.6266761422157288 56.5854518167511458 
14 32 2.70999124060388841 17 16 1 18 6 10 10 28 12 11 12 8 4 1 9 12 14 3 5 31 1 1 3 2 14 32 11 16 24 13 4 15 10 3 20 4 9 16 1 17 8 9 10 15 1 6 32 4 2 29 11 15 5 8 12 19 2 22.4649080038070679 78.3099089101117443 
13 14 9 3.36768017929769181 17 7 12 32 5 16 31 2 14 6 11 2 16.1354543567662532 4 1 8 3 17 9 3.84646942076222631 2 1 7 13.2195649013323386 20 5 8 26 8 12 20 1 13 14 2 14 25 9 12 6 11 1 6 5 9 18 5 13 24 6 12 17 2 15 16 2 17.91143798828125 224.262796376488069 
14 31 10 14 5.34074699537910114 3 13 33 2 12 16 6.96245171630185755 16 20 3 4 31 1 13 12 13 14 32 7 14 1 5 15 31 8 12 26 12 2 12 10 12 3 12 1 33 4 4 19 4 4 3 3.84646942076222631 2 24 4 6 9 6 1 25 9 16 30 9.82524131762891173 17.5820379853248596 238.286450548598907 
14 32 2.70999124060388841 17 16 1 18 6 10 4 24 3 11 12 8 4 1 9 12 14 3 5 31 1 1 3 2 3 25 10 16 24 13 12 24 1 3 20 4 9 16 1 17 8 9 10 15 1 6 32 4 13 1 1 15 5 8 12 19 2 20.7260687947273254 128.775199636964317 
14 32 2.70999124060388841 17 16 1 18 6 10 10 28 12 11 12 8 4 1 9 12 14 3 5 31 1 1 3 2 6 19 11 16 24 13 14 2 13 3 20 4 9 16 1 17 8 9 10 15 1 6 32 4 5 6 12 15 5 8 12 19 2 22.3104699850082397 78.4231854142812921 
14 32 2.70999124060388841 17 16 1 18 6 10 10 28 12 11 12 8 4 1 9 12 14 3 5 31 1 1 3 2 1 6 12 16 24 13 4 26 2.70999124060388841 3 20 4 9 16 1 17 8 9 10 15 1 6 32 4 2 29 11 15 5 8 12 19 2 22.5505708456039429 74.1063593091359962 
14 32 2.70999124060388841 17 16 1 18 6 10 10 28 12 11 12 8 4 1 9 12 14 3 5 31 1 1 3 2 15 10 2.70999124060388841 16 24 13 18 4 11 3 20 4 9 16 1 17 8 9 10 15 1 6 32 4 2 29 11 15 5 8 4 2 2 28.3920690417289734 52.9945467756259561 
1 15 9 3 7 11 15 30 4 2 1 2 3.36768017929769181 31 11 16 2 8 4 18 5 1 30 10 17 25 3 13 16 10 6 1 8 16 20 7 3 7 13 13 23 2 10 30 6.96245171630185755 9 32 3.84646942076222631 6 2 6 13 12 7 4 32 6 15 24 7 18.4785537719726562 207.571728108492806 
14 32 2.70999124060388841 17 16 1 18 6 10 1 31 12 11 12 8 4 1 9 12 14 3 5 31 1 1 3 2 5 32 7 16 24 13 14 22 2.70999124060388841 3 20 4 9 16 1 17 8 9 10 15 1 6 32 4 2 31 13 15 5 8 12 19 2 21.1268306970596313 97.5571545616234772 

Current Evaluation = 20000000(20000000)
Front Size = 40
3 26 5 3.36768017929769181 28 10 9.25570237641795579 17 12 6 19 1 17 19 9 14 25 10 2 8.22565314501180467 4 15 30 1 4 31 5 3 16 13 12 2 13 16 6 5 2 11 4 13.2195649013323386 24 10 17 9 3 15 32 6 17.8244721320812971 19 11 14 1 7 3 15 2 8 24 1 19.4026780724525452 179.193993016252449 
14 6 13 9 26 10 2 20 4 6 15 2.70999124060388841 3 23 9 17 8 2 6 32 10 6 25 12 2 24 5 9.25570237641795579 25 12 15 33 10 13 6 3.84646942076222631 9 25 11 14 19 6 13.2195649013323386 15 1 16 20 11 2 31 4 6 7 3 4 15 11 14 26 11 18.2471725344657898 217.46385836385835 
14 32 2.70999124060388841 17 16 1 18 6 10 10 28 12 3.36768017929769181 26 6 4 1 9 12 14 3 5 31 1 1 3 2 15 10 2.70999124060388841 16 24 13 18 4 11 3 20 4 9 16 1 17 8 9 10 15 1 6 32 4 2 29 11 15 5 8 12 19 2 27.8766160607337952 53.1883574574548419 
12 24 13 4 3 10 10 20 3 15 30 12 3.36768017929769181 6 6.96245171630185755 9 1 5 14 26 6 4 2 11 3 9 4 4.94126535182462057 14 9 1 24 1 17 5 9.82524131762891173 15 17 13.151007650947605 12 18.140740276750666 9 17 28 13 16 1 2 6 1 1 15 9 7 1.62229798836725392 3 4 14 24 13 18.3239399790763855 211.295626115315031 
14 32 2.70999124060388841 17 16 1 18 6 10 10 28 12 4 15 8 4 1 9 12 14 3 5 31 1 1 3 2 14 6 2 16 24 13 12 26 2 3 20 4 9 16 1 17 8 9 10 15 1 6 32 4 2 29 11 15 5 8 12 19 2 21.8576618731021881 86.120569727687851 
14 32 2.70999124060388841 17 16 1 18 6 10 10 28 12 11 12 8 4 1 9 12 14 3 5 31 1 1 3 2 14 24 2 16 24 13 15 6 9 3 20 4 9 16 1 17 8 9 10 15 1 6 32 4 2 29 11 15 5 8 12 19 2 22.1643058657646179 79.2430629551103181 
14 32 2.70999124060388841 17 16 1 14 24 7 6 26 3 8 7 8 4 1 9 12 14 3 5 31 1 1 3 2 6 16 2.70999124060388841 16 24 13 15 2 12 3 20 4 9 16 1 17 8 9 10 15 1 6 32 4 2 29 11 15 5 8 12 19 2 20.9162468314170837 107.933971436444921 
14 32 2.70999124060388841 17 16 1 18 6 10 13 14 4 11 12 8 4 1 9 12 14 3 5 31 1 1 3 2 9 31 6 16 24 13 14 20 10 3 20 4 9 16 1 17 8 9 10 15 1 6 32 4 14 25 2 15 5 8 12 19 2 20.2036467790603638 145.286806892916104 
14 32 2.70999124060388841 17 16 1 18 6 10 10 28 12 11 12 8 4 1 9 12 14 3 5 31 1 1 3 2 15 10 2.70999124060388841 16 24 13 12 23 11 3 20 4 9 16 1 17 8 9 10 15 1 6 32 4 2 6 13 15 5 8 12 19 2 24.867973804473877 60.8497824821856668 
14 32 2.70999124060388841 17 16 1 18 6 10 10 28 12 11 26 7 4 1 9 12 14 3 5 31 1 1 3 2 15 10 2.70999124060388841 16 24 13 18 4 11 3 20 4 9 16 1 17 8 9 10 15 1 6 32 4 2 29 11 15 5 8 12 19 2 28.2903290390968323 53.1262825171596234 
6 15 10 3.36768017929769181 16.1354543567662532 3 12 31 12 10 15 9 15 8.22565314501180467 10 14 24 4 16 26 9.82524131762891173 11 6 2 12 13 8 13 1 2 6 19 9 1 18 9 16 16 4 3 6 5 13 5 11 16 20 11 6 25 10 17.8244721320812971 32 4 15 19 8 11 6 9 18.573893815279007 185.200035584130916 
14 32 2.70999124060388841 17 16 1 18 6 10 10 28 12 11 12 8 4 1 9 12 14 3 5 31 1 1 3 2 14 32 2.70999124060388841 16 24 13 18 4 11 3 20 4 9 16 1 17 8 9 10 15 1 6 32 4 2 29 11 15 5 8 12 19 2 25.5261130928993225 57.7211764237843781 
14 32 2.70999124060388841 17 16 1 18 6 10 10 28 12 11 12 8 4 1 9 12 14 3 5 31 1 1 3 2 15 10 2.70999124060388841 16 24 13 4 26 13 3 20 4 9 16 1 17 8 9 10 15 1 6 32 4 2 29 11 15 5 8 12 19 2 25.3211997747421265 59.9250165696062993 
14 32 2.70999124060388841 17 16 1 18 6 10 3.36768017929769181 25 7 11 12 8 4 1 9 12 14 3 5 31 1 1 3 2 14 6 12 16 24 13 2 6 11 3 20 4 9 16 1 17 8 9 10 15 1 6 32 4 2 29 11 15 5 8 12 19 2 21.3997927904129028 89.7897231423547169 
14 32 2.70999124060388841 17 16 1 18 6 10 10 28 12 11 12 8 4 1 9 12 14 3 5 31 1 1 3 2 10 2 2 16 24 13 18 4 11 3 20 4 9 16 1 17 8 9 10 15 1 6 32 4 2 29 11 15 5 8 12 19 2 26.5490351319313049 53.2433834141307827 
14 32 2.70999124060388841 17 16 1 18 6 10 10 28 12 11 12 8 4 1 9 12 14 3 5 31 1 1 3 2 6 6 2 16 24 13 18 4 11 3 20 4 9 16 1 17 8 9 10 15 1 6 32 4 2 29 11 15 5 8 12 19 2 25.6266761422157288 56.5854518167511458 
13 14 9 3.36768017929769181 17 7 12 32 5 16 31 2 14 6 11 2 16.1354543567662532 4 1 8 3 17 9 3.84646942076222631 2 1 7 13.2195649013323386 20 5 8 26 8 12 20 1 13 14 2 14 25 9 12 6 11 1 6 5 9 18 5 13 24 6 12 17 2 15 16 2 17.91143798828125 224.262796376488069 
14 31 10 14 5.34074699537910114 3 13 33 2 12 16 6.96245171630185755 16 20 3 4 31 1 13 12 13 14 32 7 14 1 5 15 31 8 12 26 12 2 12 10 12 3 12 1 33 4 4 19 4 4 3 3.84646942076222631 2 24 4 6 9 6 1 25 9 16 30 9.82524131762891173 17.5820379853248596 238.286450548598907 
14 32 2.70999124060388841 17 16 1 18 6 10 10 28 12 11 12 8 4 1 9 12 14 3 5 31 1 1 3 2 6 19 11 16 24 13 14 2 13 3 20 4 9 16 1 17 8 9 10 15 1 6 32 4 5 6 12 15 5 8 12 19 2 22.3104699850082397 78.4231854142812921 
14 32 2.70999124060388841 17 16 1 18 6 10 10 28 12 11 12 8 4 1 9 12 14 3 5 31 1 1 3 2 15 10 2.70999124060388841 16 24 13 18 4 11 3 20 4 9 16 1 17 8 9 10 15 1 6 32 4 2 29 11 15 5 8 4 2 2 28.3920690417289734 52.9945467756259561 
1 15 9 3 7 11 15 30 4 2 1 2 3.36768017929769181 31 11 16 2 8 4 18 5 1 30 10 17 25 3 13 16 10 6 1 8 16 20 7 3 7 13 13 23 2 10 30 6.96245171630185755 9 32 3.84646942076222631 6 2 6 13 12 7 4 32 6 15 24 7 18.4785537719726562 207.571728108492806 
14 32 2.70999124060388841 17 16 1 18 6 10 1 31 12 11 12 8 4 1 9 12 14 3 5 31 1 1 3 2 5 32 7 16 24 13 14 22 2.70999124060388841 3 20 4 9 16 1 17 8 9 10 15 1 6 32 4 2 31 13 15 5 8 12 19 2 21.1268306970596313 97.5571545616234772 
14 32 2.70999124060388841 17 16 1 6 3 8 10 28 12 11 12 8 4 1 9 12 14 3 5 31 1 1 3 2 15 2 7 16 24 13 14 32 12 3 20 4 9 16 1 17 8 9 10 15 1 6 32 4 2 29 11 15 5 8 12 19 2 22.055898904800415 83.6194165266781937 
14 32 2.70999124060388841 17 16 1 18 6 10 10 28 12 11 12 8 4 1 9 12 14 3 5 31 1 1 3 2 14 6 12 16 24 13 18 4 11 3 20 4 9 18 3 17 8 9 10 15 1 6 32 4 2 29 11 15 5 8 12 19 2 25.2581470608711243 60.3624016635628706 
14 32 2.70999124060388841 17 16 1 18 6 10 10 28 12 11 12 8 4 1 9 12 14 3 5 31 1 1 3 2 15 10 2.70999124060388841 16 24 13 12 26 11 3 20 4 9 16 1 17 8 9 10 15 1 6 32 4 2 29 11 15 5 8 12 19 2 25.3752228021621704 59.3242695739350694 
14 32 2.70999124060388841 17 16 1 1 20 7 10 28 12 11 12 8 4 1 9 12 14 3 5 31 1 1 3 2 9 6 2 16 24 13 14 30 5 3 20 4 9 16 1 17 8 9 14 1 7 6 32 4 2 29 11 15 5 8 12 19 2 20.4454497694969177 115.605302105302087 
14 18 13 16 5 12 2 6 2 5 32 7 3.36768017929769181 14 2 2 6 4 4 16.1354543567662532 9 4 1 11 13 9 12 15 1 4 1 30 2 1 5 1 6 6 7 16 15 8 2 5 3.84646942076222631 12 1 9.82524131762891173 15 30 2 18 30 7 14 17 12 6 5 5 18.1930468082427979 218.106246677299339 
14 32 2.70999124060388841 17 16 1 18 6 10 10 28 12 11 12 8 4 1 9 12 14 3 5 31 1 1 3 2 6 26 2 16 24 13 18 4 11 3 20 4 9 16 1 17 8 9 10 15 1 6 32 4 2 29 11 15 5 8 12 19 2 25.7123951315879822 55.5750099961145665 
14 32 2.70999124060388841 17 16 1 18 6 10 10 28 12 11 12 8 4 1 9 12 14 3 5 31 1 1 3 2 14 6 2.70999124060388841 16 24 13 13 6 2 3 20 4 9 16 1 17 8 9 10 15 1 6 32 4 2 29 11 15 5 8 12 19 2 22.1504168808460236 82.5079143079142909 
14 32 2.70999124060388841 17 16 1 18 6 10 10 28 12 11 12 8 4 1 9 12 14 3 5 31 1 1 3 2 14 22 8 16 24 13 4 29 12 3 20 4 9 16 1 17 8 9 10 15 1 6 32 4 2 29 11 15 5 8 12 19 2 23.8259668946266174 64.3939736565806697 
14 32 2.70999124060388841 17 16 1 18 6 10 10 28 12 11 12 8 4 1 9 12 14 3 5 31 1 1 3 2 14 26 2.70999124060388841 16 24 13 18 4 11 3 20 4 9 16 1 17 8 9 10 15 1 6 32 4 2 29 11 15 5 8 12 19 2 25.5567271113395691 56.8593556834402705 
14 32 2.70999124060388841 17 16 1 18 6 10 10 28 12 11 12 8 4 1 9 12 14 3 5 31 1 1 3 2 15 10 2.70999124060388841 16 24 13 18 4 11 3 20 4 9 16 1 17 8 9 10 15 1 6 32 4 2 29 11 15 5 8 12 19 2 28.4210119843482971 51.1256969350900121 
6 22 12 12 1 5 14 28 12 16 19 12 12 23 2 9 18 6 4 31 3 16 6 7 3.36768017929769181 30 9 17 31 11 10 19 8 8 20 13 1 6 10 14 24 1 10 31 6.96245171630185755 4.94126535182462057 12 6 14 24 11 12 26 9.82524131762891173 9 31 2 9 16 12 19.3161277770996094 184.823719254601571 
14 32 2.70999124060388841 17 16 1 18 6 10 10 28 12 11 12 8 4 1 9 12 14 3 5 31 1 1 3 2 14 26 2 16 24 13 4 12 13 3 20 4 9 16 1 17 8 9 10 15 1 6 32 4 2 29 11 15 5 8 12 19 2 22.4333978891372681 69.1579806158168964 
14 32 2.70999124060388841 17 16 1 3.36768017929769181 6 10 10 28 12 11 12 8 4 1 9 12 14 3 5 31 1 1 3 2 6 30 8 16 24 13 14 32 1 3 20 4 9 16 1 17 8 9 10 15 1 6 32 4 2 29 11 15 5 8 12 19 2 21.5853918790817261 88.9296398046398053 
14 32 2.70999124060388841 17 16 1 18 6 10 10 28 12 3.36768017929769181 19 6.96245171630185755 4 1 9 12 14 3 5 31 1 1 3 2 6 22 12 16 24 13 18 4 11 3 20 4 9 16 1 17 8 9 10 15 1 6 32 4 2 29 11 15 5 8 12 19 2 25.8210431933403015 53.7198869774192502 
14 32 2.70999124060388841 17 16 1 18 6 10 13 2 5 11 12 8 4 1 9 12 14 3 5 31 1 1 3 2 12 26 4 16 24 13 15 26 11 3 20 4 9 16 1 17 8 9 10 15 1 6 32 4 13 31 6 15 5 8 12 19 2 20.5870688557624817 114.603495450247621 
14 32 2.70999124060388841 17 16 1 18 6 10 10 28 12 11 12 8 4 1 9 12 14 3 5 31 1 1 3 2 15 10 2.70999124060388841 16 24 13 18 4 11 3 20 4 9 16 1 17 8 9 10 15 1 6 32 4 2 22 11 15 5 8 12 19 2 27.8661718964576721 53.2346947213870436 
14 32 2.70999124060388841 17 16 1 3 6 10 10 28 12 11 12 8 4 1 9 12 14 3 5 31 1 1 3 2 2 26 7 16 24 13 12 19 9 3 20 4 9 16 1 17 8 9 10 15 1 6 32 4 2 29 11 15 5 8 12 19 2 22.1044658422470093 83.0616635802884673 
14 32 2.70999124060388841 17 16 1 18 6 10 10 28 12 11 12 8 4 1 9 12 14 3 5 31 1 1 3 2 14 31 2.70999124060388841 16 24 13 15 26 11 3 20 4 9 16 1 17 8 9 10 15 1 6 32 4 2 29 11 15 5 8 12 19 2 22.4207159280776978 76.0105514919175818 

Current Evaluation = 30000000(30000000)
Front Size = 41
3 26 5 3.36768017929769181 28 10 9.25570237641795579 17 12 6 19 1 17 19 9 14 25 10 2 8.22565314501180467 4 15 30 1 4 31 5 3 16 13 12 2 13 16 6 5 2 11 4 13.2195649013323386 24 10 17 9 3 15 32 6 17.8244721320812971 19 11 14 1 7 3 15 2 8 24 1 19.4026780724525452 179.193993016252449 
14 6 13 9 26 10 2 20 4 6 15 2.70999124060388841 3 23 9 17 8 2 6 32 10 6 25 12 2 24 5 9.25570237641795579 25 12 15 33 10 13 6 3.84646942076222631 9 25 11 14 19 6 13.2195649013323386 15 1 16 20 11 2 31 4 6 7 3 4 15 11 14 26 11 18.2471725344657898 217.46385836385835 
12 24 13 4 3 10 10 20 3 15 30 12 3.36768017929769181 6 6.96245171630185755 9 1 5 14 26 6 4 2 11 3 9 4 4.94126535182462057 14 9 1 24 1 17 5 9.82524131762891173 15 17 13.151007650947605 12 18.140740276750666 9 17 28 13 16 1 2 6 1 1 15 9 7 1.62229798836725392 3 4 14 24 13 18.3239399790763855 211.295626115315031 
14 32 2.70999124060388841 17 16 1 18 6 10 10 28 12 11 12 8 4 1 9 12 14 3 5 31 1 1 3 2 14 24 2 16 24 13 15 6 9 3 20 4 9 16 1 17 8 9 10 15 1 6 32 4 2 29 11 15 5 8 12 19 2 22.1643058657646179 79.2430629551103181 
14 32 2.70999124060388841 17 16 1 18 6 10 10 28 12 11 12 8 4 1 9 12 14 3 5 31 1 1 3 2 15 10 2.70999124060388841 16 24 13 12 23 11 3 20 4 9 16 1 17 8 9 10 15 1 6 32 4 2 6 13 15 5 8 12 19 2 24.867973804473877 60.8497824821856668 
6 15 10 3.36768017929769181 16.1354543567662532 3 12 31 12 10 15 9 15 8.22565314501180467 10 14 24 4 16 26 9.82524131762891173 11 6 2 12 13 8 13 1 2 6 19 9 1 18 9 16 16 4 3 6 5 13 5 11 16 20 11 6 25 10 17.8244721320812971 32 4 15 19 8 11 6 9 18.573893815279007 185.200035584130916 
14 32 2.70999124060388841 17 16 1 18 6 10 10 28 12 11 12 8 4 1 9 12 14 3 5 31 1 1 3 2 14 32 2.70999124060388841 16 24 13 18 4 11 3 20 4 9 16 1 17 8 9 10 15 1 6 32 4 2 29 11 15 5 8 12 19 2 25.5261130928993225 57.7211764237843781 
14 32 2.70999124060388841 17 16 1 18 6 10 10 28 12 11 12 8 4 1 9 12 14 3 5 31 1 1 3 2 10 2 2 16 24 13 18 4 11 3 20 4 9 16 1 17 8 9 10 15 1 6 32 4 2 29 11 15 5 8 12 19 2 26.5490351319313049 53.2433834141307827 
14 32 2.70999124060388841 17 16 1 18 6 10 10 28 12 11 12 8 4 1 9 12 14 3 5 31 1 1 3 2 6 6 2 16 24 13 18 4 11 3 20 4 9 16 1 17 8 9 10 15 1 6 32 4 2 29 11 15 5 8 12 19 2 25.6266761422157288 56.5854518167511458 
13 14 9 3.36768017929769181 17 7 12 32 5 16 31 2 14 6 11 2 16.1354543567662532 4 1 8 3 17 9 3.84646942076222631 2 1 7 13.2195649013323386 20 5 8 26 8 12 20 1 13 14 2 14 25 9 12 6 11 1 6 5 9 18 5 13 24 6 12 17 2 15 16 2 17.91143798828125 224.262796376488069 
14 31 10 14 5.34074699537910114 3 13 33 2 12 16 6.96245171630185755 16 20 3 4 31 1 13 12 13 14 32 7 14 1 5 15 31 8 12 26 12 2 12 10 12 3 12 1 33 4 4 19 4 4 3 3.84646942076222631 2 24 4 6 9 6 1 25 9 16 30 9.82524131762891173 17.5820379853248596 238.286450548598907 
14 32 2.70999124060388841 17 16 1 18 6 10 10 28 12 11 12 8 4 1 9 12 14 3 5 31 1 1 3 2 6 19 11 16 24 13 14 2 13 3 20 4 9 16 1 17 8 9 10 15 1 6 32 4 5 6 12 15 5 8 12 19 2 22.3104699850082397 78.4231854142812921 
1 15 9 3 7 11 15 30 4 2 1 2 3.36768017929769181 31 11 16 2 8 4 18 5 1 30 10 17 25 3 13 16 10 6 1 8 16 20 7 3 7 13 13 23 2 10 30 6.96245171630185755 9 32 3.84646942076222631 6 2 6 13 12 7 4 32 6 15 24 7 18.4785537719726562 207.571728108492806 
14 32 2.70999124060388841 17 16 1 6 3 8 10 28 12 11 12 8 4 1 9 12 14 3 5 31 1 1 3 2 15 2 7 16 24 13 14 32 12 3 20 4 9 16 1 17 8 9 10 15 1 6 32 4 2 29 11 15 5 8 12 19 2 22.055898904800415 83.6194165266781937 
14 32 2.70999124060388841 17 16 1 18 6 10 10 28 12 11 12 8 4 1 9 12 14 3 5 31 1 1 3 2 14 6 12 16 24 13 18 4 11 3 20 4 9 18 3 17 8 9 10 15 1 6 32 4 2 29 11 15 5 8 12 19 2 25.2581470608711243 60.3624016635628706 
14 32 2.70999124060388841 17 16 1 18 6 10 10 28 12 11 12 8 4 1 9 12 14 3 5 31 1 1 3 2 15 10 2.70999124060388841 16 24 13 12 26 11 3 20 4 9 16 1 17 8 9 10 15 1 6 32 4 2 29 11 15 5 8 12 19 2 25.3752228021621704 59.3242695739350694 
14 18 13 16 5 12 2 6 2 5 32 7 3.36768017929769181 14 2 2 6 4 4 16.1354543567662532 9 4 1 11 13 9 12 15 1 4 1 30 2 1 5 1 6 6 7 16 15 8 2 5 3.84646942076222631 12 1 9.82524131762891173 15 30 2 18 30 7 14 17 12 6 5 5 18.1930468082427979 218.106246677299339 
14 32 2.70999124060388841 17 16 1 18 6 10 10 28 12 11 12 8 4 1 9 12 14 3 5 31 1 1 3 2 6 26 2 16 24 13 18 4 11 3 20 4 9 16 1 17 8 9 10 15 1 6 32 4 2 29 11 15 5 8 12 19 2 25.7123951315879822 55.5750099961145665 
14 32 2.70999124060388841 17 16 1 18 6 10 10 28 12 11 12 8 4 1 9 12 14 3 5 31 1 1 3 2 14 6 2.70999124060388841 16 24 13 13 6 2 3 20 4 9 16 1 17 8 9 10 15 1 6 32 4 2 29 11 15 5 8 12 19 2 22.1504168808460236 82.5079143079142909 
14 32 2.70999124060388841 17 16 1 18 6 10 10 28 12 11 12 8 4 1 9 12 14 3 5 31 1 1 3 2 14 22 8 16 24 13 4 29 12 3 20 4 9 16 1 17 8 9 10 15 1 6 32 4 2 29 11 15 5 8 12 19 2 23.8259668946266174 64.3939736565806697 
14 32 2.70999124060388841 17 16 1 18 6 10 10 28 12 11 12 8 4 1 9 12 14 3 5 31 1 1 3 2 14 26 2.70999124060388841 16 24 13 18 4 11 3 20 4 9 16 1 17 8 9 10 15 1 6 32 4 2 29 11 15 5 8 12 19 2 25.5567271113395691 56.8593556834402705 
14 32 2.70999124060388841 17 16 1 18 6 10 10 28 12 11 12 8 4 1 9 12 14 3 5 31 1 1 3 2 15 10 2.70999124060388841 16 24 13 18 4 11 3 20 4 9 16 1 17 8 9 10 15 1 6 32 4 2 29 11 15 5 8 12 19 2 28.4210119843482971 51.1256969350900121 
6 22 12 12 1 5 14 28 12 16 19 12 12 23 2 9 18 6 4 31 3 16 6 7 3.36768017929769181 30 9 17 31 11 10 19 8 8 20 13 1 6 10 14 24 1 10 31 6.96245171630185755 4.94126535182462057 12 6 14 24 11 12 26 9.82524131762891173 9 31 2 9 16 12 19.3161277770996094 184.823719254601571 
14 32 2.70999124060388841 17 16 1 18 6 10 10 28 12 11 12 8 4 1 9 12 14 3 5 31 1 1 3 2 14 26 2 16 24 13 4 12 13 3 20 4 9 16 1 17 8 9 10 15 1 6 32 4 2 29 11 15 5 8 12 19 2 22.4333978891372681 69.1579806158168964 
14 32 2.70999124060388841 17 16 1 18 6 10 10 28 12 3.36768017929769181 19 6.96245171630185755 4 1 9 12 14 3 5 31 1 1 3 2 6 22 12 16 24 13 18 4 11 3 20 4 9 16 1 17 8 9 10 15 1 6 32 4 2 29 11 15 5 8 12 19 2 25.8210431933403015 53.7198869774192502 
14 32 2.70999124060388841 17 16 1 18 6 10 10 28 12 11 12 8 4 1 9 12 14 3 5 31 1 1 3 2 15 10 2.70999124060388841 16 24 13 18 4 11 3 20 4 9 16 1 17 8 9 10 15 1 6 32 4 2 22 11 15 5 8 12 19 2 27.8661718964576721 53.2346947213870436 
14 32 2.70999124060388841 17 16 1 3 6 10 10 28 12 11 12 8 4 1 9 12 14 3 5 31 1 1 3 2 2 26 7 16 24 13 12 19 9 3 20 4 9 16 1 17 8 9 10 15 1 6 32 4 2 29 11 15 5 8 12 19 2 22.1044658422470093 83.0616635802884673 
14 32 2.70999124060388841 17 16 1 18 6 10 10 28 12 11 12 8 4 1 9 12 14 3 5 31 1 1 3 2 14 31 2.70999124060388841 16 24 13 15 26 11 3 20 4 9 16 1 17 8 9 10 15 1 6 32 4 2 29 11 15 5 8 12 19 2 22.4207159280776978 76.0105514919175818 
14 32 2.70999124060388841 17 16 1 13 9 9 10 28 12 11 12 8 4 1 9 12 14 3 5 31 1 1 3 2 6 32 11 16 24 13 14 30 7 3 20 4 9 16 1 17 8 9 10 15 1 6 32 4 1 24 5 15 5 8 12 19 2 20.0923329591751099 102.26005320700915 
14 32 2.70999124060388841 17 16 1 18 6 10 10 28 12 11 12 8 4 1 9 12 14 3 5 31 1 1 3 2 14 23 11 16 24 13 9 6 11 3 20 4 9 16 1 17 8 9 10 15 1 6 32 4 2 29 11 15 5 8 12 19 2 23.0698908567428589 69.0914655927452515 
1 28 6 12 12 4 2 5.34074699537910114 9 16 2 4 4 15 1 15 16 11 9 1 5 17 30 1 1 30 13 14 7 8 10 3 4 12 12 7 8 15 13 6 16.1354543567662532 13 16 8.22565314501180467 12 4 30 1 1 32 8 4 25 6 14 9 8 6 17 4 19.6226298809051514 176.701124692301164 
14 32 2.70999124060388841 17 16 1 18 6 10 10 28 12 3.36768017929769181 26 6 4 1 9 12 14 3 5 31 1 1 3 2 15 10 2.70999124060388841 16 24 13 18 4 11 3 20 4 9 16 1 17 8 9 10 15 1 6 32 4 2 29 11 15 5 8 12 19 2 27.8766160607337952 52.679304984233184 
14 32 2.70999124060388841 17 16 1 18 6 10 10 28 12 11 12 8 4 1 9 12 14 3 5 31 1 1 3 2 15 10 2.70999124060388841 16 24 13 4 26 11 3 20 4 9 16 1 17 8 9 10 15 1 6 32 4 2 29 11 15 5 8 12 19 2 25.3077998161315918 59.5631619453357004 
14 32 2.70999124060388841 17 16 1 18 6 10 10 28 12 11 12 8 4 1 9 12 14 3 5 31 1 1 3 2 6 32 2.70999124060388841 16 24 13 18 4 11 3 20 4 9 16 1 17 8 9 10 15 1 6 32 4 2 29 11 15 5 8 12 19 2 25.6817811131477356 55.7033685494131845 
14 32 2.70999124060388841 17 16 1 18 6 10 10 28 12 11 12 8 4 1 9 12 14 3 5 31 1 1 3 2 14 33 2 16 24 13 18 4 11 3 20 4 9 16 1 17 8 9 10 15 1 6 32 4 2 29 11 15 5 8 12 19 2 26.2951800227165222 53.4546179091929901 
14 32 2.70999124060388841 17 16 1 18 6 10 10 28 12 11 12 8 4 1 9 12 14 3 5 31 1 1 3 2 14 1 10 16 24 13 2 26 7 3 20 4 9 16 1 17 8 9 10 15 1 6 32 4 14 6 11 15 5 8 12 19 2 21.1088909506797791 85.3411576774480096 
14 32 2.70999124060388841 17 16 1 18 6 10 10 28 12 11 12 8 4 1 9 12 14 3 5 31 1 1 3 2 15 10 2.70999124060388841 16 24 13 18 4 11 3 20 4 9 16 1 17 8 9 10 15 1 6 32 4 2 29 11 1 5.34074699537910114 8 12 19 2 28.3698150515556335 52.4565933274143816 
14 32 2.70999124060388841 17 16 1 18 6 10 10 28 12 11 12 8 4 1 9 12 14 3 5 31 1 1 3 2 14 6 12 16 24 13 18 4 11 3 20 4 9 16 1 17 8 9 10 15 1 6 32 4 2 29 11 15 5 8 12 19 2 25.5249940752983093 58.7036319404361464 
14 32 2.70999124060388841 17 16 1 18 6 10 1 26 4 11 12 8 4 1 9 12 14 3 5 31 1 1 3 2 6 26 2.70999124060388841 16 24 13 14 20 10 3 20 4 9 16 1 17 8 9 10 15 1 6 32 4 2 29 11 15 5 8 12 19 2 21.0308168530464172 101.386232673205512 
6 26 11 14 16 5 8 1 12 4 18 10 17 5.34074699537910114 11 1 26 9 14 20 7 6 5 7 3 24 11 11 15 12 4 26 2 2 16.1354543567662532 4 12 30 2 11 13 3.84646942076222631 14 12 3 15 12 11 1 5 1 4 18 12 14 22 2 13 31 3 18.2636070251464844 214.231379147168639 
14 32 2.70999124060388841 17 16 1 18 6 10 10 28 12 11 12 8 4 1 9 12 14 3 5 31 1 1 3 2 2 6 8 16 24 13 18 26 8 3 20 4 9 16 1 17 8 9 10 15 1 6 32 4 2 29 11 15 5 8 12 19 2 23.7822249531745911 65.7193345347702547 

Current Evaluation = 40000000(40000000)
Front Size = 36
3 26 5 3.36768017929769181 28 10 9.25570237641795579 17 12 6 19 1 17 19 9 14 25 10 2 8.22565314501180467 4 15 30 1 4 31 5 3 16 13 12 2 13 16 6 5 2 11 4 13.2195649013323386 24 10 17 9 3 15 32 6 17.8244721320812971 19 11 14 1 7 3 15 2 8 24 1 19.4026780724525452 179.193993016252449 
14 32 2.70999124060388841 17 16 1 18 6 10 10 28 12 11 12 8 4 1 9 12 14 3 5 31 1 1 3 2 14 24 2 16 24 13 15 6 9 3 20 4 9 16 1 17 8 9 10 15 1 6 32 4 2 29 11 15 5 8 12 19 2 22.1643058657646179 79.2430629551103181 
14 32 2.70999124060388841 17 16 1 18 6 10 10 28 12 11 12 8 4 1 9 12 14 3 5 31 1 1 3 2 15 10 2.70999124060388841 16 24 13 12 23 11 3 20 4 9 16 1 17 8 9 10 15 1 6 32 4 2 6 13 15 5 8 12 19 2 24.867973804473877 60.8497824821856668 
6 15 10 3.36768017929769181 16.1354543567662532 3 12 31 12 10 15 9 15 8.22565314501180467 10 14 24 4 16 26 9.82524131762891173 11 6 2 12 13 8 13 1 2 6 19 9 1 18 9 16 16 4 3 6 5 13 5 11 16 20 11 6 25 10 17.8244721320812971 32 4 15 19 8 11 6 9 18.573893815279007 185.200035584130916 
14 32 2.70999124060388841 17 16 1 18 6 10 10 28 12 11 12 8 4 1 9 12 14 3 5 31 1 1 3 2 10 2 2 16 24 13 18 4 11 3 20 4 9 16 1 17 8 9 10 15 1 6 32 4 2 29 11 15 5 8 12 19 2 26.5490351319313049 53.2433834141307827 
14 31 10 14 5.34074699537910114 3 13 33 2 12 16 6.96245171630185755 16 20 3 4 31 1 13 12 13 14 32 7 14 1 5 15 31 8 12 26 12 2 12 10 12 3 12 1 33 4 4 19 4 4 3 3.84646942076222631 2 24 4 6 9 6 1 25 9 16 30 9.82524131762891173 17.5820379853248596 238.286450548598907 
1 15 9 3 7 11 15 30 4 2 1 2 3.36768017929769181 31 11 16 2 8 4 18 5 1 30 10 17 25 3 13 16 10 6 1 8 16 20 7 3 7 13 13 23 2 10 30 6.96245171630185755 9 32 3.84646942076222631 6 2 6 13 12 7 4 32 6 15 24 7 18.4785537719726562 207.571728108492806 
14 32 2.70999124060388841 17 16 1 6 3 8 10 28 12 11 12 8 4 1 9 12 14 3 5 31 1 1 3 2 15 2 7 16 24 13 14 32 12 3 20 4 9 16 1 17 8 9 10 15 1 6 32 4 2 29 11 15 5 8 12 19 2 22.055898904800415 83.6194165266781937 
14 32 2.70999124060388841 17 16 1 18 6 10 10 28 12 11 12 8 4 1 9 12 14 3 5 31 1 1 3 2 6 26 2 16 24 13 18 4 11 3 20 4 9 16 1 17 8 9 10 15 1 6 32 4 2 29 11 15 5 8 12 19 2 25.7123951315879822 55.5750099961145665 
14 32 2.70999124060388841 17 16 1 18 6 10 10 28 12 11 12 8 4 1 9 12 14 3 5 31 1 1 3 2 14 6 2.70999124060388841 16 24 13 13 6 2 3 20 4 9 16 1 17 8 9 10 15 1 6 32 4 2 29 11 15 5 8 12 19 2 22.1504168808460236 82.5079143079142909 
14 32 2.70999124060388841 17 16 1 18 6 10 10 28 12 11 12 8 4 1 9 12 14 3 5 31 1 1 3 2 14 22 8 16 24 13 4 29 12 3 20 4 9 16 1 17 8 9 10 15 1 6 32 4 2 29 11 15 5 8 12 19 2 23.8259668946266174 64.3939736565806697 
14 32 2.70999124060388841 17 16 1 18 6 10 10 28 12 11 12 8 4 1 9 12 14 3 5 31 1 1 3 2 15 10 2.70999124060388841 16 24 13 18 4 11 3 20 4 9 16 1 17 8 9 10 15 1 6 32 4 2 29 11 15 5 8 12 19 2 28.4210119843482971 51.1256969350900121 
6 22 12 12 1 5 14 28 12 16 19 12 12 23 2 9 18 6 4 31 3 16 6 7 3.36768017929769181 30 9 17 31 11 10 19 8 8 20 13 1 6 10 14 24 1 10 31 6.96245171630185755 4.94126535182462057 12 6 14 24 11 12 26 9.82524131762891173 9 31 2 9 16 12 19.3161277770996094 184.823719254601571 
14 32 2.70999124060388841 17 16 1 18 6 10 10 28 12 11 12 8 4 1 9 12 14 3 5 31 1 1 3 2 14 26 2 16 24 13 4 12 13 3 20 4 9 16 1 17 8 9 10 15 1 6 32 4 2 29 11 15 5 8 12 19 2 22.4333978891372681 69.1579806158168964 
14 32 2.70999124060388841 17 16 1 18 6 10 10 28 12 3.36768017929769181 19 6.96245171630185755 4 1 9 12 14 3 5 31 1 1 3 2 6 22 12 16 24 13 18 4 11 3 20 4 9 16 1 17 8 9 10 15 1 6 32 4 2 29 11 15 5 8 12 19 2 25.8210431933403015 53.7198869774192502 
14 32 2.70999124060388841 17 16 1 3 6 10 10 28 12 11 12 8 4 1 9 12 14 3 5 31 1 1 3 2 2 26 7 16 24 13 12 19 9 3 20 4 9 16 1 17 8 9 10 15 1 6 32 4 2 29 11 15 5 8 12 19 2 22.1044658422470093 83.0616635802884673 
14 32 2.70999124060388841 17 16 1 13 9 9 10 28 12 11 12 8 4 1 9 12 14 3 5 31 1 1 3 2 6 32 11 16 24 13 14 30 7 3 20 4 9 16 1 17 8 9 10 15 1 6 32 4 1 24 5 15 5 8 12 19 2 20.0923329591751099 102.26005320700915 
14 32 2.70999124060388841 17 16 1 18 6 10 10 28 12 11 12 8 4 1 9 12 14 3 5 31 1 1 3 2 14 23 11 16 24 13 9 6 11 3 20 4 9 16 1 17 8 9 10 15 1 6 32 4 2 29 11 15 5 8 12 19 2 23.0698908567428589 69.0914655927452515 
1 28 6 12 12 4 2 5.34074699537910114 9 16 2 4 4 15 1 15 16 11 9 1 5 17 30 1 1 30 13 14 7 8 10 3 4 12 12 7 8 15 13 6 16.1354543567662532 13 16 8.22565314501180467 12 4 30 1 1 32 8 4 25 6 14 9 8 6 17 4 19.6226298809051514 176.701124692301164 
14 32 2.70999124060388841 17 16 1 18 6 10 10 28 12 11 12 8 4 1 9 12 14 3 5 31 1 1 3 2 6 32 2.70999124060388841 16 24 13 18 4 11 3 20 4 9 16 1 17 8 9 10 15 1 6 32 4 2 29 11 15 5 8 12 19 2 25.6817811131477356 55.7033685494131845 
14 32 2.70999124060388841 17 16 1 18 6 10 10 28 12 11 12 8 4 1 9 12 14 3 5 31 1 1 3 2 14 33 2 16 24 13 18 4 11 3 20 4 9 16 1 17 8 9 10 15 1 6 32 4 2 29 11 15 5 8 12 19 2 26.2951800227165222 53.4546179091929901 
14 32 2.70999124060388841 17 16 1 18 6 10 10 28 12 11 12 8 4 1 9 12 14 3 5 31 1 1 3 2 14 1 10 16 24 13 2 26 7 3 20 4 9 16 1 17 8 9 10 15 1 6 32 4 14 6 11 15 5 8 12 19 2 21.1088909506797791 85.3411576774480096 
14 32 2.70999124060388841 17 16 1 18 6 10 1 26 4 11 12 8 4 1 9 12 14 3 5 31 1 1 3 2 6 26 2.70999124060388841 16 24 13 14 20 10 3 20 4 9 16 1 17 8 9 10 15 1 6 32 4 2 29 11 15 5 8 12 19 2 21.0308168530464172 101.386232673205512 
14 32 2.70999124060388841 17 16 1 18 6 10 10 28 12 11 12 8 4 1 9 12 14 3 5 31 1 1 3 2 2 6 8 16 24 13 18 26 8 3 20 4 9 16 1 17 8 9 10 15 1 6 32 4 2 29 11 15 5 8 12 19 2 23.7822249531745911 65.7193345347702547 
9 28 9 15 24 2.70999124060388841 6 30 4 6 31 6.96245171630185755 4 30 9 1 6 3 13 14 5 6 22 9 16 25 6 14 6 7 15 32 12 17 16 2 3 8.22565314501180467 6 10 32 8 15 22 4 14 20 12 12 14 9 15 18 3 13 24 6 11 24 1 18.2661928534507751 208.500525918869556 
14 32 2.70999124060388841 15 13 11 3.36768017929769181 25 4 10 28 12 17 1 5 4 1 9 12 14 3 5 31 1 1 3 2 3 6 7 16 24 13 14 5 12 3 20 4 9 16 1 17 2 10 15 32 9 6 32 4 2 29 11 15 5 8 12 19 2 20.086108922958374 149.838219109818738 
14 32 2.70999124060388841 17 16 1 18 6 10 10 28 12 11 12 8 4 1 9 12 14 3 5 31 1 1 3 2 15 10 2.70999124060388841 16 24 13 18 4 11 3 20 4 9 16 1 17 8 9 10 15 1 6 32 4 2 29 11 15 5 8 4 2 2 28.3920690417289734 52.0504186138877429 
12 17 13 9 5.34074699537910114 6.96245171630185755 16 11 10 17 15 4 4 1 9 1 12 5 12 22 3.84646942076222631 13 12 9.82524131762891173 1 22 4 17.8244721320812971 12 2 2 32 7 17 31 11 16 6 10 15 31 13 13 15 10 15 6 9 6 30 5 14 8 6 15 31 7.75241283629571765 13 1 8 17.0654289722442627 253.568703263204554 
14 26 6 15 14 12 10 17 6 15 24 2.70999124060388841 1 11 2 3 6 13 17 30 12 6 20 1 1 26 6.96245171630185755 12 5 2 16 1 2 8 6 6 4.94126535182462057 12 9 8 30 3 17 9 10 6 8 4 6 24 13 12 30 9 14 24 2 14 11 3 17.4146347641944885 247.423137618882322 
14 25 10 17 15 9 13 18 12 9 32 2 2 5 5 4 9 4 17 1 7 3 15 3 16 6 4 11 15 11 2 23 12 4 30 4 15 26 8 1 1 12 4 30 12 9 1 7 4 2 6 4 32 9 8 6 8 6 24 13 17.7783356904983521 213.693033273915574 
14 32 2.70999124060388841 17 16 1 18 6 10 10 28 12 11 12 8 4 1 9 12 14 3 5 31 1 1 3 2 15 10 2.70999124060388841 16 24 13 18 4 11 3 20 4 9 16 1 17 8 9 10 15 1 6 32 4 14 2 12 15 5 8 12 19 2 27.4173500537872314 52.087390819633903 
14 32 2.70999124060388841 17 16 1 18 6 10 10 28 12 11 12 8 4 1 9 12 14 3 5 31 1 1 3 2 15 32 2.70999124060388841 16 24 13 18 4 11 3 20 4 9 16 1 17 8 9 10 15 1 6 32 4 2 29 11 15 5 8 12 19 2 25.7566850781440735 55.4049411667849157 
14 32 2.70999124060388841 17 16 1 18 6 10 10 28 12 11 12 8 4 1 9 12 14 3 5 31 1 1 3 2 2 15 1 16 24 13 18 4 11 3 20 4 9 16 1 17 8 9 10 15 1 6 32 4 14 3 12 15 5 8 12 19 2 25.0462262034416199 56.4813347407560329 
14 32 2.70999124060388841 17 16 1 4 19 9 10 28 12 11 12 8 4 1 9 12 14 3 5 31 1 1 3 2 14 32 2 16 24 13 18 4 11 3 20 4 9 16 1 17 8 9 10 15 1 6 32 4 2 29 11 15 5 8 12 19 2 24.855444073677063 62.7604067337163869 
1 26 4 16 20 11 17 24 8 1 3 2 13 9 12 12 5 7 4 25 3 16 6 9 9 13 11 8 31 9 3 23 7 13 16 4 9 32 8 12 15 11 4 1 10 3.36768017929769181 25 5 13 30 6.96245171630185755 14 11 2 10 5 10 6 24 9 18.1415247321128845 211.805314441600331 
14 32 2.70999124060388841 17 16 1 18 6 10 10 28 12 11 12 8 4 1 9 12 14 3 5 31 1 1 3 2 14 32 5 16 24 13 15 6 2.70999124060388841 3 20 4 9 16 1 17 8 9 10 15 1 6 32 4 2 29 11 15 5 8 12 19 2 22.2675999402999878 75.1270049766827981 

Current Evaluation = 50000000(50000000)
Front Size = 36
3 26 5 3.36768017929769181 28 10 9.25570237641795579 17 12 6 19 1 17 19 9 14 25 10 2 8.22565314501180467 4 15 30 1 4 31 5 3 16 13 12 2 13 16 6 5 2 11 4 13.2195649013323386 24 10 17 9 3 15 32 6 17.8244721320812971 19 11 14 1 7 3 15 2 8 24 1 19.4026780724525452 179.193993016252449 
14 32 2.70999124060388841 17 16 1 18 6 10 10 28 12 11 12 8 4 1 9 12 14 3 5 31 1 1 3 2 14 24 2 16 24 13 15 6 9 3 20 4 9 16 1 17 8 9 10 15 1 6 32 4 2 29 11 15 5 8 12 19 2 22.1643058657646179 79.2430629551103181 
14 32 2.70999124060388841 17 16 1 18 6 10 10 28 12 11 12 8 4 1 9 12 14 3 5 31 1 1 3 2 15 10 2.70999124060388841 16 24 13 12 23 11 3 20 4 9 16 1 17 8 9 10 15 1 6 32 4 2 6 13 15 5 8 12 19 2 24.867973804473877 60.8497824821856668 
6 15 10 3.36768017929769181 16.1354543567662532 3 12 31 12 10 15 9 15 8.22565314501180467 10 14 24 4 16 26 9.82524131762891173 11 6 2 12 13 8 13 1 2 6 19 9 1 18 9 16 16 4 3 6 5 13 5 11 16 20 11 6 25 10 17.8244721320812971 32 4 15 19 8 11 6 9 18.573893815279007 185.200035584130916 
14 32 2.70999124060388841 17 16 1 18 6 10 10 28 12 11 12 8 4 1 9 12 14 3 5 31 1 1 3 2 10 2 2 16 24 13 18 4 11 3 20 4 9 16 1 17 8 9 10 15 1 6 32 4 2 29 11 15 5 8 12 19 2 26.5490351319313049 53.2433834141307827 
14 31 10 14 5.34074699537910114 3 13 33 2 12 16 6.96245171630185755 16 20 3 4 31 1 13 12 13 14 32 7 14 1 5 15 31 8 12 26 12 2 12 10 12 3 12 1 33 4 4 19 4 4 3 3.84646942076222631 2 24 4 6 9 6 1 25 9 16 30 9.82524131762891173 17.5820379853248596 238.286450548598907 
14 32 2.70999124060388841 17 16 1 6 3 8 10 28 12 11 12 8 4 1 9 12 14 3 5 31 1 1 3 2 15 2 7 16 24 13 14 32 12 3 20 4 9 16 1 17 8 9 10 15 1 6 32 4 2 29 11 15 5 8 12 19 2 22.055898904800415 83.6194165266781937 
14 32 2.70999124060388841 17 16 1 18 6 10 10 28 12 11 12 8 4 1 9 12 14 3 5 31 1 1 3 2 6 26 2 16 24 13 18 4 11 3 20 4 9 16 1 17 8 9 10 15 1 6 32 4 2 29 11 15 5 8 12 19 2 25.7123951315879822 55.5750099961145665 
14 32 2.70999124060388841 17 16 1 18 6 10 10 28 12 11 12 8 4 1 9 12 14 3 5 31 1 1 3 2 14 6 2.70999124060388841 16 24 13 13 6 2 3 20 4 9 16 1 17 8 9 10 15 1 6 32 4 2 29 11 15 5 8 12 19 2 22.1504168808460236 82.5079143079142909 
14 32 2.70999124060388841 17 16 1 18 6 10 10 28 12 11 12 8 4 1 9 12 14 3 5 31 1 1 3 2 14 22 8 16 24 13 4 29 12 3 20 4 9 16 1 17 8 9 10 15 1 6 32 4 2 29 11 15 5 8 12 19 2 23.8259668946266174 64.3939736565806697 
6 22 12 12 1 5 14 28 12 16 19 12 12 23 2 9 18 6 4 31 3 16 6 7 3.36768017929769181 30 9 17 31 11 10 19 8 8 20 13 1 6 10 14 24 1 10 31 6.96245171630185755 4.94126535182462057 12 6 14 24 11 12 26 9.82524131762891173 9 31 2 9 16 12 19.3161277770996094 184.823719254601571 
14 32 2.70999124060388841 17 16 1 18 6 10 10 28 12 11 12 8 4 1 9 12 14 3 5 31 1 1 3 2 14 26 2 16 24 13 4 12 13 3 20 4 9 16 1 17 8 9 10 15 1 6 32 4 2 29 11 15 5 8 12 19 2 22.4333978891372681 69.1579806158168964 
14 32 2.70999124060388841 17 16 1 18 6 10 10 28 12 3.36768017929769181 19 6.96245171630185755 4 1 9 12 14 3 5 31 1 1 3 2 6 22 12 16 24 13 18 4 11 3 20 4 9 16 1 17 8 9 10 15 1 6 32 4 2 29 11 15 5 8 12 19 2 25.8210431933403015 53.7198869774192502 
14 32 2.70999124060388841 17 16 1 3 6 10 10 28 12 11 12 8 4 1 9 12 14 3 5 31 1 1 3 2 2 26 7 16 24 13 12 19 9 3 20 4 9 16 1 17 8 9 10 15 1 6 32 4 2 29 11 15 5 8 12 19 2 22.1044658422470093 83.0616635802884673 
14 32 2.70999124060388841 17 16 1 13 9 9 10 28 12 11 12 8 4 1 9 12 14 3 5 31 1 1 3 2 6 32 11 16 24 13 14 30 7 3 20 4 9 16 1 17 8 9 10 15 1 6 32 4 1 24 5 15 5 8 12 19 2 20.0923329591751099 102.26005320700915 
14 32 2.70999124060388841 17 16 1 18 6 10 10 28 12 11 12 8 4 1 9 12 14 3 5 31 1 1 3 2 14 23 11 16 24 13 9 6 11 3 20 4 9 16 1 17 8 9 10 15 1 6 32 4 2 29 11 15 5 8 12 19 2 23.0698908567428589 69.0914655927452515 
1 28 6 12 12 4 2 5.34074699537910114 9 16 2 4 4 15 1 15 16 11 9 1 5 17 30 1 1 30 13 14 7 8 10 3 4 12 12 7 8 15 13 6 16.1354543567662532 13 16 8.22565314501180467 12 4 30 1 1 32 8 4 25 6 14 9 8 6 17 4 19.6226298809051514 176.701124692301164 
14 32 2.70999124060388841 17 16 1 18 6 10 10 28 12 11 12 8 4 1 9 12 14 3 5 31 1 1 3 2 6 32 2.70999124060388841 16 24 13 18 4 11 3 20 4 9 16 1 17 8 9 10 15 1 6 32 4 2 29 11 15 5 8 12 19 2 25.6817811131477356 55.7033685494131845 
14 32 2.70999124060388841 17 16 1 18 6 10 10 28 12 11 12 8 4 1 9 12 14 3 5 31 1 1 3 2 14 33 2 16 24 13 18 4 11 3 20 4 9 16 1 17 8 9 10 15 1 6 32 4 2 29 11 15 5 8 12 19 2 26.2951800227165222 53.4546179091929901 
14 32 2.70999124060388841 17 16 1 18 6 10 10 28 12 11 12 8 4 1 9 12 14 3 5 31 1 1 3 2 14 1 10 16 24 13 2 26 7 3 20 4 9 16 1 17 8 9 10 15 1 6 32 4 14 6 11 15 5 8 12 19 2 21.1088909506797791 85.3411576774480096 
14 32 2.70999124060388841 17 16 1 18 6 10 1 26 4 11 12 8 4 1 9 12 14 3 5 31 1 1 3 2 6 26 2.70999124060388841 16 24 13 14 20 10 3 20 4 9 16 1 17 8 9 10 15 1 6 32 4 2 29 11 15 5 8 12 19 2 21.0308168530464172 101.386232673205512 
14 32 2.70999124060388841 17 16 1 18 6 10 10 28 12 11 12 8 4 1 9 12 14 3 5 31 1 1 3 2 2 6 8 16 24 13 18 26 8 3 20 4 9 16 1 17 8 9 10 15 1 6 32 4 2 29 11 15 5 8 12 19 2 23.7822249531745911 65.7193345347702547 
14 32 2.70999124060388841 15 13 11 3.36768017929769181 25 4 10 28 12 17 1 5 4 1 9 12 14 3 5 31 1 1 3 2 3 6 7 16 24 13 14 5 12 3 20 4 9 16 1 17 2 10 15 32 9 6 32 4 2 29 11 15 5 8 12 19 2 20.086108922958374 149.838219109818738 
14 32 2.70999124060388841 17 16 1 18 6 10 10 28 12 11 12 8 4 1 9 12 14 3 5 31 1 1 3 2 15 10 2.70999124060388841 16 24 13 18 4 11 3 20 4 9 16 1 17 8 9 10 15 1 6 32 4 2 29 11 15 5 8 4 2 2 28.3920690417289734 52.0504186138877429 
12 17 13 9 5.34074699537910114 6.96245171630185755 16 11 10 17 15 4 4 1 9 1 12 5 12 22 3.84646942076222631 13 12 9.82524131762891173 1 22 4 17.8244721320812971 12 2 2 32 7 17 31 11 16 6 10 15 31 13 13 15 10 15 6 9 6 30 5 14 8 6 15 31 7.75241283629571765 13 1 8 17.0654289722442627 253.568703263204554 
14 26 6 15 14 12 10 17 6 15 24 2.70999124060388841 1 11 2 3 6 13 17 30 12 6 20 1 1 26 6.96245171630185755 12 5 2 16 1 2 8 6 6 4.94126535182462057 12 9 8 30 3 17 9 10 6 8 4 6 24 13 12 30 9 14 24 2 14 11 3 17.4146347641944885 247.423137618882322 
14 32 2.70999124060388841 17 16 1 18 6 10 10 28 12 11 12 8 4 1 9 12 14 3 5 31 1 1 3 2 15 10 2.70999124060388841 16 24 13 18 4 11 3 20 4 9 16 1 17 8 9 10 15 1 6 32 4 14 2 12 15 5 8 12 19 2 27.4173500537872314 52.087390819633903 
14 32 2.70999124060388841 17 16 1 18 6 10 10 28 12 11 12 8 4 1 9 12 14 3 5 31 1 1 3 2 15 32 2.70999124060388841 16 24 13 18 4 11 3 20 4 9 16 1 17 8 9 10 15 1 6 32 4 2 29 11 15 5 8 12 19 2 25.7566850781440735 55.4049411667849157 
14 32 2.70999124060388841 17 16 1 18 6 10 10 28 12 11 12 8 4 1 9 12 14 3 5 31 1 1 3 2 2 15 1 16 24 13 18 4 11 3 20 4 9 16 1 17 8 9 10 15 1 6 32 4 14 3 12 15 5 8 12 19 2 25.0462262034416199 56.4813347407560329 
14 32 2.70999124060388841 17 16 1 4 19 9 10 28 12 11 12 8 4 1 9 12 14 3 5 31 1 1 3 2 14 32 2 16 24 13 18 4 11 3 20 4 9 16 1 17 8 9 10 15 1 6 32 4 2 29 11 15 5 8 12 19 2 24.855444073677063 62.7604067337163869 
14 32 2.70999124060388841 17 16 1 18 6 10 10 28 12 11 12 8 4 1 9 12 14 3 5 31 1 1 3 2 14 32 5 16 24 13 15 6 2.70999124060388841 3 20 4 9 16 1 17 8 9 10 15 1 6 32 4 2 29 11 15 5 8 12 19 2 22.2675999402999878 75.1270049766827981 
12 13 5 8 6 8 4 12 10 16 31 13 3 15 8 9 30 4 6 14 11 15 19 12 13 31 9 1 3 13 1 18 5 16 5.34074699537910114 5 2 32 9 13 26 12 11 24 2 2 30 12 15 3 6.96245171630185755 1 20 5 14 14 9 9 26 2 18.0603905916213989 199.243051425163287 
14 28 11 16 31 6 15 32 9 17 32 2.70999124060388841 6 30 10 4 26 12 4 13 8 9 19 6 16 25 9 4 9 11 12 9 9 13 16.1354543567662532 2 14 32 1 6 18 3 6 6 11 4.94126535182462057 3 8 10 25 9 13.2195649013323386 5 9 16 6 4 17.8244721320812971 9 7 17.7102035880088806 210.411245917824857 
14 32 2.70999124060388841 17 16 1 18 6 10 10 28 12 11 12 8 4 1 9 12 14 3 5 31 1 1 3 2 14 33 8 16 24 13 11 26 4 3 20 4 9 16 1 17 8 9 10 15 1 6 32 4 2 29 11 15 5 8 12 19 2 23.7650628685951233 68.2013629981159397 
14 32 2.70999124060388841 17 16 1 18 6 10 10 28 12 11 12 8 4 1 9 12 14 3 5 31 1 1 3 2 14 2 2 16 24 13 4 11 8 3 20 4 9 16 1 17 8 9 10 15 1 6 32 4 4 30 7 15 5 8 12 19 2 21.8625289797782898 83.999376934297274 
14 32 2.70999124060388841 17 16 1 18 6 10 10 28 12 11 12 8 4 1 9 12 14 3 5 31 1 1 3 2 15 10 2.70999124060388841 16 24 13 18 4 11 3 20 4 9 16 1 17 8 9 10 15 1 6 32 4 2 29 11 15 5 8 12 19 2 28.4210119843482971 51.049412212399325 

Current Evaluation = 60000000(60000000)
Front Size = 31
3 26 5 3.36768017929769181 28 10 9.25570237641795579 17 12 6 19 1 17 19 9 14 25 10 2 8.22565314501180467 4 15 30 1 4 31 5 3 16 13 12 2 13 16 6 5 2 11 4 13.2195649013323386 24 10 17 9 3 15 32 6 17.8244721320812971 19 11 14 1 7 3 15 2 8 24 1 19.4026780724525452 179.193993016252449 
14 32 2.70999124060388841 17 16 1 18 6 10 10 28 12 11 12 8 4 1 9 12 14 3 5 31 1 1 3 2 10 2 2 16 24 13 18 4 11 3 20 4 9 16 1 17 8 9 10 15 1 6 32 4 2 29 11 15 5 8 12 19 2 26.5490351319313049 53.2433834141307827 
14 31 10 14 5.34074699537910114 3 13 33 2 12 16 6.96245171630185755 16 20 3 4 31 1 13 12 13 14 32 7 14 1 5 15 31 8 12 26 12 2 12 10 12 3 12 1 33 4 4 19 4 4 3 3.84646942076222631 2 24 4 6 9 6 1 25 9 16 30 9.82524131762891173 17.5820379853248596 238.286450548598907 
14 32 2.70999124060388841 17 16 1 18 6 10 10 28 12 11 12 8 4 1 9 12 14 3 5 31 1 1 3 2 6 26 2 16 24 13 18 4 11 3 20 4 9 16 1 17 8 9 10 15 1 6 32 4 2 29 11 15 5 8 12 19 2 25.7123951315879822 55.5750099961145665 
14 32 2.70999124060388841 17 16 1 18 6 10 10 28 12 11 12 8 4 1 9 12 14 3 5 31 1 1 3 2 14 22 8 16 24 13 4 29 12 3 20 4 9 16 1 17 8 9 10 15 1 6 32 4 2 29 11 15 5 8 12 19 2 23.8259668946266174 64.3939736565806697 
14 32 2.70999124060388841 17 16 1 18 6 10 10 28 12 11 12 8 4 1 9 12 14 3 5 31 1 1 3 2 14 26 2 16 24 13 4 12 13 3 20 4 9 16 1 17 8 9 10 15 1 6 32 4 2 29 11 15 5 8 12 19 2 22.4333978891372681 69.1579806158168964 
14 32 2.70999124060388841 17 16 1 18 6 10 10 28 12 3.36768017929769181 19 6.96245171630185755 4 1 9 12 14 3 5 31 1 1 3 2 6 22 12 16 24 13 18 4 11 3 20 4 9 16 1 17 8 9 10 15 1 6 32 4 2 29 11 15 5 8 12 19 2 25.8210431933403015 53.7198869774192502 
14 32 2.70999124060388841 17 16 1 13 9 9 10 28 12 11 12 8 4 1 9 12 14 3 5 31 1 1 3 2 6 32 11 16 24 13 14 30 7 3 20 4 9 16 1 17 8 9 10 15 1 6 32 4 1 24 5 15 5 8 12 19 2 20.0923329591751099 102.26005320700915 
14 32 2.70999124060388841 17 16 1 18 6 10 10 28 12 11 12 8 4 1 9 12 14 3 5 31 1 1 3 2 14 23 11 16 24 13 9 6 11 3 20 4 9 16 1 17 8 9 10 15 1 6 32 4 2 29 11 15 5 8 12 19 2 23.0698908567428589 69.0914655927452515 
1 28 6 12 12 4 2 5.34074699537910114 9 16 2 4 4 15 1 15 16 11 9 1 5 17 30 1 1 30 13 14 7 8 10 3 4 12 12 7 8 15 13 6 16.1354543567662532 13 16 8.22565314501180467 12 4 30 1 1 32 8 4 25 6 14 9 8 6 17 4 19.6226298809051514 176.701124692301164 
14 32 2.70999124060388841 17 16 1 18 6 10 10 28 12 11 12 8 4 1 9 12 14 3 5 31 1 1 3 2 6 32 2.70999124060388841 16 24 13 18 4 11 3 20 4 9 16 1 17 8 9 10 15 1 6 32 4 2 29 11 15 5 8 12 19 2 25.6817811131477356 55.7033685494131845 
14 32 2.70999124060388841 17 16 1 18 6 10 10 28 12 11 12 8 4 1 9 12 14 3 5 31 1 1 3 2 14 33 2 16 24 13 18 4 11 3 20 4 9 16 1 17 8 9 10 15 1 6 32 4 2 29 11 15 5 8 12 19 2 26.2951800227165222 53.4546179091929901 
14 32 2.70999124060388841 17 16 1 18 6 10 10 28 12 11 12 8 4 1 9 12 14 3 5 31 1 1 3 2 14 1 10 16 24 13 2 26 7 3 20 4 9 16 1 17 8 9 10 15 1 6 32 4 14 6 11 15 5 8 12 19 2 21.1088909506797791 85.3411576774480096 
14 32 2.70999124060388841 17 16 1 18 6 10 1 26 4 11 12 8 4 1 9 12 14 3 5 31 1 1 3 2 6 26 2.70999124060388841 16 24 13 14 20 10 3 20 4 9 16 1 17 8 9 10 15 1 6 32 4 2 29 11 15 5 8 12 19 2 21.0308168530464172 101.386232673205512 
14 32 2.70999124060388841 17 16 1 18 6 10 10 28 12 11 12 8 4 1 9 12 14 3 5 31 1 1 3 2 2 6 8 16 24 13 18 26 8 3 20 4 9 16 1 17 8 9 10 15 1 6 32 4 2 29 11 15 5 8 12 19 2 23.7822249531745911 65.7193345347702547 
14 32 2.70999124060388841 15 13 11 3.36768017929769181 25 4 10 28 12 17 1 5 4 1 9 12 14 3 5 31 1 1 3 2 3 6 7 16 24 13 14 5 12 3 20 4 9 16 1 17 2 10 15 32 9 6 32 4 2 29 11 15 5 8 12 19 2 20.086108922958374 149.838219109818738 
12 17 13 9 5.34074699537910114 6.96245171630185755 16 11 10 17 15 4 4 1 9 1 12 5 12 22 3.84646942076222631 13 12 9.82524131762891173 1 22 4 17.8244721320812971 12 2 2 32 7 17 31 11 16 6 10 15 31 13 13 15 10 15 6 9 6 30 5 14 8 6 15 31 7.75241283629571765 13 1 8 17.0654289722442627 253.568703263204554 
14 26 6 15 14 12 10 17 6 15 24 2.70999124060388841 1 11 2 3 6 13 17 30 12 6 20 1 1 26 6.96245171630185755 12 5 2 16 1 2 8 6 6 4.94126535182462057 12 9 8 30 3 17 9 10 6 8 4 6 24 13 12 30 9 14 24 2 14 11 3 17.4146347641944885 247.423137618882322 
14 32 2.70999124060388841 17 16 1 18 6 10 10 28 12 11 12 8 4 1 9 12 14 3 5 31 1 1 3 2 15 10 2.70999124060388841 16 24 13 18 4 11 3 20 4 9 16 1 17 8 9 10 15 1 6 32 4 14 2 12 15 5 8 12 19 2 27.4173500537872314 52.087390819633903 
14 32 2.70999124060388841 17 16 1 18 6 10 10 28 12 11 12 8 4 1 9 12 14 3 5 31 1 1 3 2 15 32 2.70999124060388841 16 24 13 18 4 11 3 20 4 9 16 1 17 8 9 10 15 1 6 32 4 2 29 11 15 5 8 12 19 2 25.7566850781440735 55.4049411667849157 
14 32 2.70999124060388841 17 16 1 18 6 10 10 28 12 11 12 8 4 1 9 12 14 3 5 31 1 1 3 2 2 15 1 16 24 13 18 4 11 3 20 4 9 16 1 17 8 9 10 15 1 6 32 4 14 3 12 15 5 8 12 19 2 25.0462262034416199 56.4813347407560329 
12 13 5 8 6 8 4 12 10 16 31 13 3 15 8 9 30 4 6 14 11 15 19 12 13 31 9 1 3 13 1 18 5 16 5.34074699537910114 5 2 32 9 13 26 12 11 24 2 2 30 12 15 3 6.96245171630185755 1 20 5 14 14 9 9 26 2 18.0603905916213989 199.243051425163287 
14 28 11 16 31 6 15 32 9 17 32 2.70999124060388841 6 30 10 4 26 12 4 13 8 9 19 6 16 25 9 4 9 11 12 9 9 13 16.1354543567662532 2 14 32 1 6 18 3 6 6 11 4.94126535182462057 3 8 10 25 9 13.2195649013323386 5 9 16 6 4 17.8244721320812971 9 7 17.7102035880088806 210.411245917824857 
14 32 2.70999124060388841 17 16 1 18 6 10 10 28 12 11 12 8 4 1 9 12 14 3 5 31 1 1 3 2 14 33 8 16 24 13 11 26 4 3 20 4 9 16 1 17 8 9 10 15 1 6 32 4 2 29 11 15 5 8 12 19 2 23.7650628685951233 68.2013629981159397 
14 32 2.70999124060388841 17 16 1 18 6 10 10 28 12 11 12 8 4 1 9 12 14 3 5 31 1 1 3 2 15 10 2.70999124060388841 16 24 13 18 4 11 3 20 4 9 16 1 17 8 9 10 15 1 6 32 4 2 29 11 15 5 8 12 19 2 28.4210119843482971 51.049412212399325 
14 32 2.70999124060388841 17 16 1 18 6 10 10 28 12 11 12 8 4 1 9 12 14 3 5 31 1 1 3 2 15 29 2 16 24 13 18 26 11 3 20 4 9 16 1 17 8 9 10 15 1 6 32 4 2 29 11 15 5 8 12 19 2 24.4823488593101501 60.237947614916898 
14 32 2.70999124060388841 17 16 1 15 24 5 10 28 12 11 12 8 4 1 9 12 14 3 5 31 1 1 3 2 6 15 11 16 24 13 14 30 2.70999124060388841 3 20 4 9 16 1 17 8 9 10 15 1 6 32 4 2 29 11 15 5 8 12 19 2 21.4364978969097137 82.874642701116926 
14 32 2.70999124060388841 17 16 1 18 6 10 10 28 12 11 12 8 4 1 9 12 14 3 5 31 1 1 3 2 15 10 2.70999124060388841 16 24 13 18 4 11 3 20 4 9 16 1 17 8 9 10 15 1 6 32 4 5 22 11 15 5 8 12 19 2 28.2251289486885071 51.6841980474223419 
14 32 2.70999124060388841 17 16 1 18 6 10 10 28 12 11 12 8 4 1 9 12 14 3 5 31 1 1 3 2 6 26 2 16 24 13 4 23 11 3 20 4 9 16 1 17 8 9 10 15 1 6 32 4 14 30 11 15 5 8 12 19 2 21.6624228954315186 72.6332409082916115 
4 28 12 12 6 11 2 17 6 1 32 9 16 31 10 16 2 3 4 16 12 1 20 2 13 32 7 4 20 11 13 26 9 16 15 8 5 3 7 3 9 4 6 30 11 2 14 7 13 6 9 1 32 2 3.36768017929769181 15 2 9.25570237641795579 12 6 18.1708310842514038 179.282996443738199 
14 32 2.70999124060388841 17 16 1 6 12 2 6 12 3 14 14 4 4 1 9 12 14 3 5 31 1 1 3 2 3 30 5 16 24 13 3 25 5 3 20 4 9 16 1 17 8 9 10 15 1 6 32 4 2 29 11 15 5 8 12 19 2 19.7901257872581482 167.88334929617244 

Current Evaluation = 70000000(70000000)
Front Size = 36
3 26 5 3.36768017929769181 28 10 9.25570237641795579 17 12 6 19 1 17 19 9 14 25 10 2 8.22565314501180467 4 15 30 1 4 31 5 3 16 13 12 2 13 16 6 5 2 11 4 13.2195649013323386 24 10 17 9 3 15 32 6 17.8244721320812971 19 11 14 1 7 3 15 2 8 24 1 19.4026780724525452 179.193993016252449 
14 32 2.70999124060388841 17 16 1 18 6 10 10 28 12 11 12 8 4 1 9 12 14 3 5 31 1 1 3 2 10 2 2 16 24 13 18 4 11 3 20 4 9 16 1 17 8 9 10 15 1 6 32 4 2 29 11 15 5 8 12 19 2 26.5490351319313049 53.2433834141307827 
14 31 10 14 5.34074699537910114 3 13 33 2 12 16 6.96245171630185755 16 20 3 4 31 1 13 12 13 14 32 7 14 1 5 15 31 8 12 26 12 2 12 10 12 3 12 1 33 4 4 19 4 4 3 3.84646942076222631 2 24 4 6 9 6 1 25 9 16 30 9.82524131762891173 17.5820379853248596 238.286450548598907 
14 32 2.70999124060388841 17 16 1 18 6 10 10 28 12 11 12 8 4 1 9 12 14 3 5 31 1 1 3 2 6 26 2 16 24 13 18 4 11 3 20 4 9 16 1 17 8 9 10 15 1 6 32 4 2 29 11 15 5 8 12 19 2 25.7123951315879822 55.5750099961145665 
14 32 2.70999124060388841 17 16 1 18 6 10 10 28 12 11 12 8 4 1 9 12 14 3 5 31 1 1 3 2 14 22 8 16 24 13 4 29 12 3 20 4 9 16 1 17 8 9 10 15 1 6 32 4 2 29 11 15 5 8 12 19 2 23.8259668946266174 64.3939736565806697 
14 32 2.70999124060388841 17 16 1 18 6 10 10 28 12 11 12 8 4 1 9 12 14 3 5 31 1 1 3 2 14 26 2 16 24 13 4 12 13 3 20 4 9 16 1 17 8 9 10 15 1 6 32 4 2 29 11 15 5 8 12 19 2 22.4333978891372681 69.1579806158168964 
14 32 2.70999124060388841 17 16 1 18 6 10 10 28 12 3.36768017929769181 19 6.96245171630185755 4 1 9 12 14 3 5 31 1 1 3 2 6 22 12 16 24 13 18 4 11 3 20 4 9 16 1 17 8 9 10 15 1 6 32 4 2 29 11 15 5 8 12 19 2 25.8210431933403015 53.7198869774192502 
14 32 2.70999124060388841 17 16 1 13 9 9 10 28 12 11 12 8 4 1 9 12 14 3 5 31 1 1 3 2 6 32 11 16 24 13 14 30 7 3 20 4 9 16 1 17 8 9 10 15 1 6 32 4 1 24 5 15 5 8 12 19 2 20.0923329591751099 102.26005320700915 
1 28 6 12 12 4 2 5.34074699537910114 9 16 2 4 4 15 1 15 16 11 9 1 5 17 30 1 1 30 13 14 7 8 10 3 4 12 12 7 8 15 13 6 16.1354543567662532 13 16 8.22565314501180467 12 4 30 1 1 32 8 4 25 6 14 9 8 6 17 4 19.6226298809051514 176.701124692301164 
14 32 2.70999124060388841 17 16 1 18 6 10 10 28 12 11 12 8 4 1 9 12 14 3 5 31 1 1 3 2 6 32 2.70999124060388841 16 24 13 18 4 11 3 20 4 9 16 1 17 8 9 10 15 1 6 32 4 2 29 11 15 5 8 12 19 2 25.6817811131477356 55.7033685494131845 
14 32 2.70999124060388841 17 16 1 18 6 10 10 28 12 11 12 8 4 1 9 12 14 3 5 31 1 1 3 2 14 33 2 16 24 13 18 4 11 3 20 4 9 16 1 17 8 9 10 15 1 6 32 4 2 29 11 15 5 8 12 19 2 26.2951800227165222 53.4546179091929901 
14 32 2.70999124060388841 17 16 1 18 6 10 10 28 12 11 12 8 4 1 9 12 14 3 5 31 1 1 3 2 14 1 10 16 24 13 2 26 7 3 20 4 9 16 1 17 8 9 10 15 1 6 32 4 14 6 11 15 5 8 12 19 2 21.1088909506797791 85.3411576774480096 
14 32 2.70999124060388841 17 16 1 18 6 10 10 28 12 11 12 8 4 1 9 12 14 3 5 31 1 1 3 2 2 6 8 16 24 13 18 26 8 3 20 4 9 16 1 17 8 9 10 15 1 6 32 4 2 29 11 15 5 8 12 19 2 23.7822249531745911 65.7193345347702547 
12 17 13 9 5.34074699537910114 6.96245171630185755 16 11 10 17 15 4 4 1 9 1 12 5 12 22 3.84646942076222631 13 12 9.82524131762891173 1 22 4 17.8244721320812971 12 2 2 32 7 17 31 11 16 6 10 15 31 13 13 15 10 15 6 9 6 30 5 14 8 6 15 31 7.75241283629571765 13 1 8 17.0654289722442627 253.568703263204554 
14 26 6 15 14 12 10 17 6 15 24 2.70999124060388841 1 11 2 3 6 13 17 30 12 6 20 1 1 26 6.96245171630185755 12 5 2 16 1 2 8 6 6 4.94126535182462057 12 9 8 30 3 17 9 10 6 8 4 6 24 13 12 30 9 14 24 2 14 11 3 17.4146347641944885 247.423137618882322 
14 32 2.70999124060388841 17 16 1 18 6 10 10 28 12 11 12 8 4 1 9 12 14 3 5 31 1 1 3 2 15 10 2.70999124060388841 16 24 13 18 4 11 3 20 4 9 16 1 17 8 9 10 15 1 6 32 4 14 2 12 15 5 8 12 19 2 27.4173500537872314 52.087390819633903 
14 32 2.70999124060388841 17 16 1 18 6 10 10 28 12 11 12 8 4 1 9 12 14 3 5 31 1 1 3 2 15 32 2.70999124060388841 16 24 13 18 4 11 3 20 4 9 16 1 17 8 9 10 15 1 6 32 4 2 29 11 15 5 8 12 19 2 25.7566850781440735 55.4049411667849157 
14 32 2.70999124060388841 17 16 1 18 6 10 10 28 12 11 12 8 4 1 9 12 14 3 5 31 1 1 3 2 2 15 1 16 24 13 18 4 11 3 20 4 9 16 1 17 8 9 10 15 1 6 32 4 14 3 12 15 5 8 12 19 2 25.0462262034416199 56.4813347407560329 
12 13 5 8 6 8 4 12 10 16 31 13 3 15 8 9 30 4 6 14 11 15 19 12 13 31 9 1 3 13 1 18 5 16 5.34074699537910114 5 2 32 9 13 26 12 11 24 2 2 30 12 15 3 6.96245171630185755 1 20 5 14 14 9 9 26 2 18.0603905916213989 199.243051425163287 
14 28 11 16 31 6 15 32 9 17 32 2.70999124060388841 6 30 10 4 26 12 4 13 8 9 19 6 16 25 9 4 9 11 12 9 9 13 16.1354543567662532 2 14 32 1 6 18 3 6 6 11 4.94126535182462057 3 8 10 25 9 13.2195649013323386 5 9 16 6 4 17.8244721320812971 9 7 17.7102035880088806 210.411245917824857 
14 32 2.70999124060388841 17 16 1 18 6 10 10 28 12 11 12 8 4 1 9 12 14 3 5 31 1 1 3 2 15 10 2.70999124060388841 16 24 13 18 4 11 3 20 4 9 16 1 17 8 9 10 15 1 6 32 4 2 29 11 15 5 8 12 19 2 28.4210119843482971 51.049412212399325 
14 32 2.70999124060388841 17 16 1 18 6 10 10 28 12 11 12 8 4 1 9 12 14 3 5 31 1 1 3 2 15 29 2 16 24 13 18 26 11 3 20 4 9 16 1 17 8 9 10 15 1 6 32 4 2 29 11 15 5 8 12 19 2 24.4823488593101501 60.237947614916898 
14 32 2.70999124060388841 17 16 1 15 24 5 10 28 12 11 12 8 4 1 9 12 14 3 5 31 1 1 3 2 6 15 11 16 24 13 14 30 2.70999124060388841 3 20 4 9 16 1 17 8 9 10 15 1 6 32 4 2 29 11 15 5 8 12 19 2 21.4364978969097137 82.874642701116926 
14 32 2.70999124060388841 17 16 1 18 6 10 10 28 12 11 12 8 4 1 9 12 14 3 5 31 1 1 3 2 6 26 2 16 24 13 4 23 11 3 20 4 9 16 1 17 8 9 10 15 1 6 32 4 14 30 11 15 5 8 12 19 2 21.6624228954315186 72.6332409082916115 
4 28 12 12 6 11 2 17 6 1 32 9 16 31 10 16 2 3 4 16 12 1 20 2 13 32 7 4 20 11 13 26 9 16 15 8 5 3 7 3 9 4 6 30 11 2 14 7 13 6 9 1 32 2 3.36768017929769181 15 2 9.25570237641795579 12 6 18.1708310842514038 179.282996443738199 
14 32 2.70999124060388841 17 16 1 6 12 2 6 12 3 14 14 4 4 1 9 12 14 3 5 31 1 1 3 2 3 30 5 16 24 13 3 25 5 3 20 4 9 16 1 17 8 9 10 15 1 6 32 4 2 29 11 15 5 8 12 19 2 19.7901257872581482 167.88334929617244 
8 25 2.70999124060388841 9.25570237641795579 19 5 15 9 9 14 6 1 16 19 1 2 8 9 4 8 13 3 24 7 17 30 13 13 26 3 12 2 3.84646942076222631 5 20 2 14 6 5 6 15 7 12 24 2 13 15 12 17 20 9.82524131762891173 6 31 9 12 12 1 13 15 5 17.682773768901825 220.243377812418061 
14 32 2.70999124060388841 17 16 1 18 6 10 10 28 12 11 12 8 4 1 9 12 14 3 5 31 1 1 3 2 15 10 2.70999124060388841 16 24 13 18 4 11 3 20 4 9 16 1 17 8 9 10 15 1 6 32 2.70999124060388841 2 29 11 15 5 8 12 19 2 28.5000259876251221 50.0630314156684051 
14 32 2.70999124060388841 17 16 1 18 6 10 10 28 12 11 12 8 4 1 9 12 14 3 5 31 1 1 3 2 15 10 2.70999124060388841 16 24 13 18 4 11 3 20 4 9 16 1 17 8 9 10 15 1 6 32 2.70999124060388841 14 23 13 15 5 8 12 19 2 27.6977620124816895 51.2846204517453117 
14 32 2.70999124060388841 17 16 1 1 24 2.70999124060388841 10 28 12 14 30 3 4 1 9 12 14 3 5 31 1 1 3 2 6 2 13 16 24 13 14 9 9 3 20 4 9 16 1 17 8 9 10 15 1 6 32 2.70999124060388841 2 29 11 15 5 8 12 19 2 20.8828610479831696 100.780487052981343 
14 32 2.70999124060388841 17 16 1 18 6 10 10 28 12 11 12 8 4 1 9 12 14 3 5 31 1 1 3 2 2 33 2 16 24 13 18 4 11 3 20 4 9 16 1 17 8 9 10 15 1 6 32 2.70999124060388841 2 29 11 15 5 8 12 19 2 26.7549281120300293 52.3204134230600744 
14 32 2.70999124060388841 17 16 1 18 6 10 10 28 12 11 12 8 4 1 9 12 14 3 5 31 1 1 3 2 14 33 2 16 24 13 18 4 11 3 20 4 9 16 1 17 8 9 10 15 1 6 32 2.70999124060388841 2 29 11 15 5 8 12 19 2 26.3741940259933472 53.4000988213264449 
14 32 2.70999124060388841 17 16 1 18 6 10 6 20 7 11 12 8 4 1 9 12 14 3 5 31 1 1 3 2 3 15 5 16 24 13 1 16 9 3 20 4 6 25 13 17 8 9 10 15 1 6 32 2.70999124060388841 3 31 3 15 5 8 12 19 2 20.0361457467079163 140.071824259870311 
14 32 2.70999124060388841 17 16 1 18 6 10 10 28 12 11 12 8 4 1 9 12 14 3 5 31 1 1 3 2 2 26 11 16 24 13 4 6 5 3 20 4 9 16 1 17 8 9 10 15 1 6 32 2.70999124060388841 2 29 11 15 5 8 12 19 2 22.800529956817627 68.5602152942440028 
14 32 2.70999124060388841 17 16 1 18 6 10 10 28 12 11 12 8 4 1 9 12 14 3 5 31 1 1 3 2 6 28 2.70999124060388841 16 24 13 9 26 9 3 20 4 9 16 1 17 8 9 10 15 1 6 32 2.70999124060388841 2 29 11 15 5 8 12 19 2 23.2982838749885559 67.8381107800989724 
14 32 2.70999124060388841 17 16 1 18 6 10 10 28 12 11 12 8 4 1 9 12 14 3 5 31 1 1 3 2 15 26 2 16 24 13 4 25 6 3 20 4 9 16 1 17 8 9 10 15 1 6 32 2.70999124060388841 2 29 11 15 5 8 12 19 2 22.7956088781356812 69.1239698819774588 

Current Evaluation = 80000000(80000000)
Front Size = 36
3 26 5 3.36768017929769181 28 10 9.25570237641795579 17 12 6 19 1 17 19 9 14 25 10 2 8.22565314501180467 4 15 30 1 4 31 5 3 16 13 12 2 13 16 6 5 2 11 4 13.2195649013323386 24 10 17 9 3 15 32 6 17.8244721320812971 19 11 14 1 7 3 15 2 8 24 1 19.4026780724525452 179.193993016252449 
14 32 2.70999124060388841 17 16 1 18 6 10 10 28 12 11 12 8 4 1 9 12 14 3 5 31 1 1 3 2 10 2 2 16 24 13 18 4 11 3 20 4 9 16 1 17 8 9 10 15 1 6 32 4 2 29 11 15 5 8 12 19 2 26.5490351319313049 53.2433834141307827 
14 31 10 14 5.34074699537910114 3 13 33 2 12 16 6.96245171630185755 16 20 3 4 31 1 13 12 13 14 32 7 14 1 5 15 31 8 12 26 12 2 12 10 12 3 12 1 33 4 4 19 4 4 3 3.84646942076222631 2 24 4 6 9 6 1 25 9 16 30 9.82524131762891173 17.5820379853248596 238.286450548598907 
14 32 2.70999124060388841 17 16 1 18 6 10 10 28 12 11 12 8 4 1 9 12 14 3 5 31 1 1 3 2 14 26 2 16 24 13 4 12 13 3 20 4 9 16 1 17 8 9 10 15 1 6 32 4 2 29 11 15 5 8 12 19 2 22.4333978891372681 69.1579806158168964 
14 32 2.70999124060388841 17 16 1 18 6 10 10 28 12 3.36768017929769181 19 6.96245171630185755 4 1 9 12 14 3 5 31 1 1 3 2 6 22 12 16 24 13 18 4 11 3 20 4 9 16 1 17 8 9 10 15 1 6 32 4 2 29 11 15 5 8 12 19 2 25.8210431933403015 53.7198869774192502 
14 32 2.70999124060388841 17 16 1 13 9 9 10 28 12 11 12 8 4 1 9 12 14 3 5 31 1 1 3 2 6 32 11 16 24 13 14 30 7 3 20 4 9 16 1 17 8 9 10 15 1 6 32 4 1 24 5 15 5 8 12 19 2 20.0923329591751099 102.26005320700915 
1 28 6 12 12 4 2 5.34074699537910114 9 16 2 4 4 15 1 15 16 11 9 1 5 17 30 1 1 30 13 14 7 8 10 3 4 12 12 7 8 15 13 6 16.1354543567662532 13 16 8.22565314501180467 12 4 30 1 1 32 8 4 25 6 14 9 8 6 17 4 19.6226298809051514 176.701124692301164 
14 32 2.70999124060388841 17 16 1 18 6 10 10 28 12 11 12 8 4 1 9 12 14 3 5 31 1 1 3 2 14 33 2 16 24 13 18 4 11 3 20 4 9 16 1 17 8 9 10 15 1 6 32 4 2 29 11 15 5 8 12 19 2 26.2951800227165222 53.4546179091929901 
14 32 2.70999124060388841 17 16 1 18 6 10 10 28 12 11 12 8 4 1 9 12 14 3 5 31 1 1 3 2 14 1 10 16 24 13 2 26 7 3 20 4 9 16 1 17 8 9 10 15 1 6 32 4 14 6 11 15 5 8 12 19 2 21.1088909506797791 85.3411576774480096 
12 17 13 9 5.34074699537910114 6.96245171630185755 16 11 10 17 15 4 4 1 9 1 12 5 12 22 3.84646942076222631 13 12 9.82524131762891173 1 22 4 17.8244721320812971 12 2 2 32 7 17 31 11 16 6 10 15 31 13 13 15 10 15 6 9 6 30 5 14 8 6 15 31 7.75241283629571765 13 1 8 17.0654289722442627 253.568703263204554 
14 26 6 15 14 12 10 17 6 15 24 2.70999124060388841 1 11 2 3 6 13 17 30 12 6 20 1 1 26 6.96245171630185755 12 5 2 16 1 2 8 6 6 4.94126535182462057 12 9 8 30 3 17 9 10 6 8 4 6 24 13 12 30 9 14 24 2 14 11 3 17.4146347641944885 247.423137618882322 
14 32 2.70999124060388841 17 16 1 18 6 10 10 28 12 11 12 8 4 1 9 12 14 3 5 31 1 1 3 2 15 10 2.70999124060388841 16 24 13 18 4 11 3 20 4 9 16 1 17 8 9 10 15 1 6 32 4 14 2 12 15 5 8 12 19 2 27.4173500537872314 52.087390819633903 
12 13 5 8 6 8 4 12 10 16 31 13 3 15 8 9 30 4 6 14 11 15 19 12 13 31 9 1 3 13 1 18 5 16 5.34074699537910114 5 2 32 9 13 26 12 11 24 2 2 30 12 15 3 6.96245171630185755 1 20 5 14 14 9 9 26 2 18.0603905916213989 199.243051425163287 
14 28 11 16 31 6 15 32 9 17 32 2.70999124060388841 6 30 10 4 26 12 4 13 8 9 19 6 16 25 9 4 9 11 12 9 9 13 16.1354543567662532 2 14 32 1 6 18 3 6 6 11 4.94126535182462057 3 8 10 25 9 13.2195649013323386 5 9 16 6 4 17.8244721320812971 9 7 17.7102035880088806 210.411245917824857 
14 32 2.70999124060388841 17 16 1 18 6 10 10 28 12 11 12 8 4 1 9 12 14 3 5 31 1 1 3 2 15 10 2.70999124060388841 16 24 13 18 4 11 3 20 4 9 16 1 17 8 9 10 15 1 6 32 4 2 29 11 15 5 8 12 19 2 28.4210119843482971 51.049412212399325 
14 32 2.70999124060388841 17 16 1 18 6 10 10 28 12 11 12 8 4 1 9 12 14 3 5 31 1 1 3 2 15 29 2 16 24 13 18 26 11 3 20 4 9 16 1 17 8 9 10 15 1 6 32 4 2 29 11 15 5 8 12 19 2 24.4823488593101501 60.237947614916898 
14 32 2.70999124060388841 17 16 1 15 24 5 10 28 12 11 12 8 4 1 9 12 14 3 5 31 1 1 3 2 6 15 11 16 24 13 14 30 2.70999124060388841 3 20 4 9 16 1 17 8 9 10 15 1 6 32 4 2 29 11 15 5 8 12 19 2 21.4364978969097137 82.874642701116926 
14 32 2.70999124060388841 17 16 1 18 6 10 10 28 12 11 12 8 4 1 9 12 14 3 5 31 1 1 3 2 6 26 2 16 24 13 4 23 11 3 20 4 9 16 1 17 8 9 10 15 1 6 32 4 14 30 11 15 5 8 12 19 2 21.6624228954315186 72.6332409082916115 
4 28 12 12 6 11 2 17 6 1 32 9 16 31 10 16 2 3 4 16 12 1 20 2 13 32 7 4 20 11 13 26 9 16 15 8 5 3 7 3 9 4 6 30 11 2 14 7 13 6 9 1 32 2 3.36768017929769181 15 2 9.25570237641795579 12 6 18.1708310842514038 179.282996443738199 
14 32 2.70999124060388841 17 16 1 6 12 2 6 12 3 14 14 4 4 1 9 12 14 3 5 31 1 1 3 2 3 30 5 16 24 13 3 25 5 3 20 4 9 16 1 17 8 9 10 15 1 6 32 4 2 29 11 15 5 8 12 19 2 19.7901257872581482 167.88334929617244 
8 25 2.70999124060388841 9.25570237641795579 19 5 15 9 9 14 6 1 16 19 1 2 8 9 4 8 13 3 24 7 17 30 13 13 26 3 12 2 3.84646942076222631 5 20 2 14 6 5 6 15 7 12 24 2 13 15 12 17 20 9.82524131762891173 6 31 9 12 12 1 13 15 5 17.682773768901825 220.243377812418061 
14 32 2.70999124060388841 17 16 1 18 6 10 10 28 12 11 12 8 4 1 9 12 14 3 5 31 1 1 3 2 15 10 2.70999124060388841 16 24 13 18 4 11 3 20 4 9 16 1 17 8 9 10 15 1 6 32 2.70999124060388841 14 23 13 15 5 8 12 19 2 27.6977620124816895 51.2846204517453117 
14 32 2.70999124060388841 17 16 1 1 24 2.70999124060388841 10 28 12 14 30 3 4 1 9 12 14 3 5 31 1 1 3 2 6 2 13 16 24 13 14 9 9 3 20 4 9 16 1 17 8 9 10 15 1 6 32 2.70999124060388841 2 29 11 15 5 8 12 19 2 20.8828610479831696 100.780487052981343 
14 32 2.70999124060388841 17 16 1 18 6 10 10 28 12 11 12 8 4 1 9 12 14 3 5 31 1 1 3 2 2 33 2 16 24 13 18 4 11 3 20 4 9 16 1 17 8 9 10 15 1 6 32 2.70999124060388841 2 29 11 15 5 8 12 19 2 26.7549281120300293 52.3204134230600744 
14 32 2.70999124060388841 17 16 1 18 6 10 10 28 12 11 12 8 4 1 9 12 14 3 5 31 1 1 3 2 14 33 2 16 24 13 18 4 11 3 20 4 9 16 1 17 8 9 10 15 1 6 32 2.70999124060388841 2 29 11 15 5 8 12 19 2 26.3741940259933472 53.4000988213264449 
14 32 2.70999124060388841 17 16 1 18 6 10 6 20 7 11 12 8 4 1 9 12 14 3 5 31 1 1 3 2 3 15 5 16 24 13 1 16 9 3 20 4 6 25 13 17 8 9 10 15 1 6 32 2.70999124060388841 3 31 3 15 5 8 12 19 2 20.0361457467079163 140.071824259870311 
14 32 2.70999124060388841 17 16 1 18 6 10 10 28 12 11 12 8 4 1 9 12 14 3 5 31 1 1 3 2 2 26 11 16 24 13 4 6 5 3 20 4 9 16 1 17 8 9 10 15 1 6 32 2.70999124060388841 2 29 11 15 5 8 12 19 2 22.800529956817627 68.5602152942440028 
14 32 2.70999124060388841 17 16 1 18 6 10 10 28 12 11 12 8 4 1 9 12 14 3 5 31 1 1 3 2 6 28 2.70999124060388841 16 24 13 9 26 9 3 20 4 9 16 1 17 8 9 10 15 1 6 32 2.70999124060388841 2 29 11 15 5 8 12 19 2 23.2982838749885559 67.8381107800989724 
14 32 2.70999124060388841 17 16 1 18 6 10 10 28 12 11 12 8 4 1 9 12 14 3 5 31 1 1 3 2 15 26 2 16 24 13 4 25 6 3 20 4 9 16 1 17 8 9 10 15 1 6 32 2.70999124060388841 2 29 11 15 5 8 12 19 2 22.7956088781356812 69.1239698819774588 
14 32 2.70999124060388841 17 16 1 18 6 10 10 28 12 11 12 8 4 1 9 12 14 3 5 31 1 1 3 2 14 32 2.70999124060388841 16 24 13 18 4 11 3 20 4 9 16 1 17 8 9 10 15 1 6 32 2.70999124060388841 2 29 11 15 5 8 12 19 2 25.6051270961761475 54.2131654470054514 
14 32 2.70999124060388841 17 16 1 18 6 10 10 28 12 11 12 8 4 1 9 12 14 3 5 31 1 1 3 2 15 33 2.70999124060388841 16 24 13 4 6 6.96245171630185755 3 20 4 9 16 1 17 8 9 10 15 1 6 32 2.70999124060388841 2 29 11 15 5 8 12 19 2 23.4262348413467407 64.2745467907002848 
14 32 2.70999124060388841 17 16 1 18 6 10 10 28 12 11 12 8 4 1 9 12 14 3 5 31 1 1 3 2 14 6 2.70999124060388841 16 24 13 18 4 11 3 20 4 9 16 1 17 8 9 10 15 1 6 32 2.70999124060388841 2 22 13 15 5 8 12 19 2 25.0085820853710175 55.781605491165962 
14 32 2.70999124060388841 17 16 1 18 6 10 10 28 12 11 12 8 4 1 9 12 14 3 5 31 1 1 3 2 15 10 2.70999124060388841 16 24 13 18 4 11 3 20 4 9 16 1 17 8 9 10 15 1 6 32 2.70999124060388841 2 29 11 15 5 8 12 19 2 28.5000259876251221 49.9952099528449452 
14 32 2.70999124060388841 17 16 1 18 6 10 10 28 12 11 12 8 4 1 9 12 14 3 5 31 1 1 3 2 15 10 2.70999124060388841 16 24 13 18 4 11 3 20 4 9 16 1 17 8 9 10 15 1 6 32 2.70999124060388841 2 29 11 15 5 8 12 6 12 28.2287480235099792 51.1796736994462833 
14 32 2.70999124060388841 17 16 1 18 6 10 10 28 12 11 12 8 4 1 9 12 14 3 5 31 1 1 3 2 15 10 2.70999124060388841 16 24 13 12 1 6 3 20 4 9 16 1 17 8 9 10 15 1 6 32 2.70999124060388841 14 6 2 15 5 8 12 19 2 24.055860847234726 63.930232474092648 
14 32 2.70999124060388841 17 16 1 18 6 10 10 28 12 3 23 6 4 1 9 12 14 3 5 31 1 1 3 2 15 10 2.70999124060388841 16 24 13 18 4 11 3 20 4 9 16 1 17 8 9 10 15 1 6 32 2.70999124060388841 2 29 11 15 5 8 12 19 2 28.4350529909133911 50.7403459999251112 

Current Evaluation = 90000000(90000000)
Front Size = 37
3 26 5 3.36768017929769181 28 10 9.25570237641795579 17 12 6 19 1 17 19 9 14 25 10 2 8.22565314501180467 4 15 30 1 4 31 5 3 16 13 12 2 13 16 6 5 2 11 4 13.2195649013323386 24 10 17 9 3 15 32 6 17.8244721320812971 19 11 14 1 7 3 15 2 8 24 1 19.4026780724525452 179.193993016252449 
14 32 2.70999124060388841 17 16 1 18 6 10 10 28 12 11 12 8 4 1 9 12 14 3 5 31 1 1 3 2 10 2 2 16 24 13 18 4 11 3 20 4 9 16 1 17 8 9 10 15 1 6 32 4 2 29 11 15 5 8 12 19 2 26.5490351319313049 53.2433834141307827 
14 31 10 14 5.34074699537910114 3 13 33 2 12 16 6.96245171630185755 16 20 3 4 31 1 13 12 13 14 32 7 14 1 5 15 31 8 12 26 12 2 12 10 12 3 12 1 33 4 4 19 4 4 3 3.84646942076222631 2 24 4 6 9 6 1 25 9 16 30 9.82524131762891173 17.5820379853248596 238.286450548598907 
14 32 2.70999124060388841 17 16 1 18 6 10 10 28 12 11 12 8 4 1 9 12 14 3 5 31 1 1 3 2 14 26 2 16 24 13 4 12 13 3 20 4 9 16 1 17 8 9 10 15 1 6 32 4 2 29 11 15 5 8 12 19 2 22.4333978891372681 69.1579806158168964 
14 32 2.70999124060388841 17 16 1 18 6 10 10 28 12 3.36768017929769181 19 6.96245171630185755 4 1 9 12 14 3 5 31 1 1 3 2 6 22 12 16 24 13 18 4 11 3 20 4 9 16 1 17 8 9 10 15 1 6 32 4 2 29 11 15 5 8 12 19 2 25.8210431933403015 53.7198869774192502 
14 32 2.70999124060388841 17 16 1 13 9 9 10 28 12 11 12 8 4 1 9 12 14 3 5 31 1 1 3 2 6 32 11 16 24 13 14 30 7 3 20 4 9 16 1 17 8 9 10 15 1 6 32 4 1 24 5 15 5 8 12 19 2 20.0923329591751099 102.26005320700915 
1 28 6 12 12 4 2 5.34074699537910114 9 16 2 4 4 15 1 15 16 11 9 1 5 17 30 1 1 30 13 14 7 8 10 3 4 12 12 7 8 15 13 6 16.1354543567662532 13 16 8.22565314501180467 12 4 30 1 1 32 8 4 25 6 14 9 8 6 17 4 19.6226298809051514 176.701124692301164 
14 32 2.70999124060388841 17 16 1 18 6 10 10 28 12 11 12 8 4 1 9 12 14 3 5 31 1 1 3 2 14 1 10 16 24 13 2 26 7 3 20 4 9 16 1 17 8 9 10 15 1 6 32 4 14 6 11 15 5 8 12 19 2 21.1088909506797791 85.3411576774480096 
12 17 13 9 5.34074699537910114 6.96245171630185755 16 11 10 17 15 4 4 1 9 1 12 5 12 22 3.84646942076222631 13 12 9.82524131762891173 1 22 4 17.8244721320812971 12 2 2 32 7 17 31 11 16 6 10 15 31 13 13 15 10 15 6 9 6 30 5 14 8 6 15 31 7.75241283629571765 13 1 8 17.0654289722442627 253.568703263204554 
14 26 6 15 14 12 10 17 6 15 24 2.70999124060388841 1 11 2 3 6 13 17 30 12 6 20 1 1 26 6.96245171630185755 12 5 2 16 1 2 8 6 6 4.94126535182462057 12 9 8 30 3 17 9 10 6 8 4 6 24 13 12 30 9 14 24 2 14 11 3 17.4146347641944885 247.423137618882322 
14 32 2.70999124060388841 17 16 1 18 6 10 10 28 12 11 12 8 4 1 9 12 14 3 5 31 1 1 3 2 15 10 2.70999124060388841 16 24 13 18 4 11 3 20 4 9 16 1 17 8 9 10 15 1 6 32 4 14 2 12 15 5 8 12 19 2 27.4173500537872314 52.087390819633903 
12 13 5 8 6 8 4 12 10 16 31 13 3 15 8 9 30 4 6 14 11 15 19 12 13 31 9 1 3 13 1 18 5 16 5.34074699537910114 5 2 32 9 13 26 12 11 24 2 2 30 12 15 3 6.96245171630185755 1 20 5 14 14 9 9 26 2 18.0603905916213989 199.243051425163287 
14 28 11 16 31 6 15 32 9 17 32 2.70999124060388841 6 30 10 4 26 12 4 13 8 9 19 6 16 25 9 4 9 11 12 9 9 13 16.1354543567662532 2 14 32 1 6 18 3 6 6 11 4.94126535182462057 3 8 10 25 9 13.2195649013323386 5 9 16 6 4 17.8244721320812971 9 7 17.7102035880088806 210.411245917824857 
14 32 2.70999124060388841 17 16 1 18 6 10 10 28 12 11 12 8 4 1 9 12 14 3 5 31 1 1 3 2 15 10 2.70999124060388841 16 24 13 18 4 11 3 20 4 9 16 1 17 8 9 10 15 1 6 32 4 2 29 11 15 5 8 12 19 2 28.4210119843482971 51.049412212399325 
14 32 2.70999124060388841 17 16 1 18 6 10 10 28 12 11 12 8 4 1 9 12 14 3 5 31 1 1 3 2 15 29 2 16 24 13 18 26 11 3 20 4 9 16 1 17 8 9 10 15 1 6 32 4 2 29 11 15 5 8 12 19 2 24.4823488593101501 60.237947614916898 
14 32 2.70999124060388841 17 16 1 15 24 5 10 28 12 11 12 8 4 1 9 12 14 3 5 31 1 1 3 2 6 15 11 16 24 13 14 30 2.70999124060388841 3 20 4 9 16 1 17 8 9 10 15 1 6 32 4 2 29 11 15 5 8 12 19 2 21.4364978969097137 82.874642701116926 
14 32 2.70999124060388841 17 16 1 18 6 10 10 28 12 11 12 8 4 1 9 12 14 3 5 31 1 1 3 2 6 26 2 16 24 13 4 23 11 3 20 4 9 16 1 17 8 9 10 15 1 6 32 4 14 30 11 15 5 8 12 19 2 21.6624228954315186 72.6332409082916115 
4 28 12 12 6 11 2 17 6 1 32 9 16 31 10 16 2 3 4 16 12 1 20 2 13 32 7 4 20 11 13 26 9 16 15 8 5 3 7 3 9 4 6 30 11 2 14 7 13 6 9 1 32 2 3.36768017929769181 15 2 9.25570237641795579 12 6 18.1708310842514038 179.282996443738199 
14 32 2.70999124060388841 17 16 1 6 12 2 6 12 3 14 14 4 4 1 9 12 14 3 5 31 1 1 3 2 3 30 5 16 24 13 3 25 5 3 20 4 9 16 1 17 8 9 10 15 1 6 32 4 2 29 11 15 5 8 12 19 2 19.7901257872581482 167.88334929617244 
8 25 2.70999124060388841 9.25570237641795579 19 5 15 9 9 14 6 1 16 19 1 2 8 9 4 8 13 3 24 7 17 30 13 13 26 3 12 2 3.84646942076222631 5 20 2 14 6 5 6 15 7 12 24 2 13 15 12 17 20 9.82524131762891173 6 31 9 12 12 1 13 15 5 17.682773768901825 220.243377812418061 
14 32 2.70999124060388841 17 16 1 18 6 10 10 28 12 11 12 8 4 1 9 12 14 3 5 31 1 1 3 2 15 10 2.70999124060388841 16 24 13 18 4 11 3 20 4 9 16 1 17 8 9 10 15 1 6 32 2.70999124060388841 14 23 13 15 5 8 12 19 2 27.6977620124816895 51.2846204517453117 
14 32 2.70999124060388841 17 16 1 1 24 2.70999124060388841 10 28 12 14 30 3 4 1 9 12 14 3 5 31 1 1 3 2 6 2 13 16 24 13 14 9 9 3 20 4 9 16 1 17 8 9 10 15 1 6 32 2.70999124060388841 2 29 11 15 5 8 12 19 2 20.8828610479831696 100.780487052981343 
14 32 2.70999124060388841 17 16 1 18 6 10 10 28 12 11 12 8 4 1 9 12 14 3 5 31 1 1 3 2 2 33 2 16 24 13 18 4 11 3 20 4 9 16 1 17 8 9 10 15 1 6 32 2.70999124060388841 2 29 11 15 5 8 12 19 2 26.7549281120300293 52.3204134230600744 
14 32 2.70999124060388841 17 16 1 18 6 10 6 20 7 11 12 8 4 1 9 12 14 3 5 31 1 1 3 2 3 15 5 16 24 13 1 16 9 3 20 4 6 25 13 17 8 9 10 15 1 6 32 2.70999124060388841 3 31 3 15 5 8 12 19 2 20.0361457467079163 140.071824259870311 
14 32 2.70999124060388841 17 16 1 18 6 10 10 28 12 11 12 8 4 1 9 12 14 3 5 31 1 1 3 2 2 26 11 16 24 13 4 6 5 3 20 4 9 16 1 17 8 9 10 15 1 6 32 2.70999124060388841 2 29 11 15 5 8 12 19 2 22.800529956817627 68.5602152942440028 
14 32 2.70999124060388841 17 16 1 18 6 10 10 28 12 11 12 8 4 1 9 12 14 3 5 31 1 1 3 2 15 26 2 16 24 13 4 25 6 3 20 4 9 16 1 17 8 9 10 15 1 6 32 2.70999124060388841 2 29 11 15 5 8 12 19 2 22.7956088781356812 69.1239698819774588 
14 32 2.70999124060388841 17 16 1 18 6 10 10 28 12 11 12 8 4 1 9 12 14 3 5 31 1 1 3 2 14 32 2.70999124060388841 16 24 13 18 4 11 3 20 4 9 16 1 17 8 9 10 15 1 6 32 2.70999124060388841 2 29 11 15 5 8 12 19 2 25.6051270961761475 54.2131654470054514 
14 32 2.70999124060388841 17 16 1 18 6 10 10 28 12 11 12 8 4 1 9 12 14 3 5 31 1 1 3 2 15 33 2.70999124060388841 16 24 13 4 6 6.96245171630185755 3 20 4 9 16 1 17 8 9 10 15 1 6 32 2.70999124060388841 2 29 11 15 5 8 12 19 2 23.4262348413467407 64.2745467907002848 
14 32 2.70999124060388841 17 16 1 18 6 10 10 28 12 11 12 8 4 1 9 12 14 3 5 31 1 1 3 2 14 6 2.70999124060388841 16 24 13 18 4 11 3 20 4 9 16 1 17 8 9 10 15 1 6 32 2.70999124060388841 2 22 13 15 5 8 12 19 2 25.0085820853710175 55.781605491165962 
14 32 2.70999124060388841 17 16 1 18 6 10 10 28 12 11 12 8 4 1 9 12 14 3 5 31 1 1 3 2 15 10 2.70999124060388841 16 24 13 18 4 11 3 20 4 9 16 1 17 8 9 10 15 1 6 32 2.70999124060388841 2 29 11 15 5 8 12 6 12 28.2287480235099792 51.1796736994462833 
14 32 2.70999124060388841 17 16 1 18 6 10 10 28 12 11 12 8 4 1 9 12 14 3 5 31 1 1 3 2 15 10 2.70999124060388841 16 24 13 12 1 6 3 20 4 9 16 1 17 8 9 10 15 1 6 32 2.70999124060388841 14 6 2 15 5 8 12 19 2 24.055860847234726 63.930232474092648 
14 32 2.70999124060388841 17 16 1 18 6 10 10 28 12 3 23 6 4 1 9 12 14 3 5 31 1 1 3 2 15 10 2.70999124060388841 16 24 13 18 4 11 3 20 4 9 16 1 17 8 9 10 15 1 6 32 2.70999124060388841 2 29 11 15 5 8 12 19 2 28.4350529909133911 50.7403459999251112 
14 32 2.70999124060388841 17 16 1 18 6 10 10 28 12 11 12 8 4 1 9 12 14 3 5 31 1 1 3 2 15 10 2.70999124060388841 16 24 13 18 4 11 3 20 4 9 16 1 17 8 9 10 15 1 6 32 2.70999124060388841 2 29 11 15 5 8 12 19 2 28.5000259876251221 49.9832945868920504 
14 32 2.70999124060388841 17 16 1 18 6 10 10 28 12 11 12 8 4 1 9 12 14 3 5 31 1 1 3 2 2 22 11 16 24 13 4 6 3 3 20 4 9 16 1 17 8 9 10 15 1 6 32 2.70999124060388841 2 29 11 15 5 8 12 19 2 23.2180428504943848 66.0495478106104912 
14 32 2.70999124060388841 17 16 1 18 6 10 10 28 12 11 12 8 4 1 9 12 14 3 5 31 1 1 3 2 2 2 2 16 24 13 18 4 11 3 20 4 9 16 1 17 8 9 10 15 1 6 32 2.70999124060388841 2 29 11 15 5 8 12 19 2 26.2945001125335693 53.3207736528646805 
14 32 2.70999124060388841 17 16 1 18 6 10 10 28 12 11 12 8 4 1 9 12 14 3 5 31 1 1 3 2 14 22 2 16 24 13 18 4 11 3 20 4 9 16 1 17 8 9 10 15 1 6 32 2.70999124060388841 2 29 11 15 5 8 12 19 2 25.9952540397644043 53.3397352200185679 
14 32 2.70999124060388841 17 16 1 18 6 10 10 28 12 3.36768017929769181 26 5 4 1 9 12 14 3 5 31 1 1 3 2 15 10 2.70999124060388841 16 24 13 18 4 11 3 20 4 9 16 1 17 8 9 10 15 1 6 32 2.70999124060388841 2 29 11 15 5 8 12 19 2 27.8776300549507141 51.1893110777897675 

Current Evaluation = 100000000(100000000)
Front Size = 40
3 26 5 3.36768017929769181 28 10 9.25570237641795579 17 12 6 19 1 17 19 9 14 25 10 2 8.22565314501180467 4 15 30 1 4 31 5 3 16 13 12 2 13 16 6 5 2 11 4 13.2195649013323386 24 10 17 9 3 15 32 6 17.8244721320812971 19 11 14 1 7 3 15 2 8 24 1 19.4026780724525452 179.193993016252449 
14 31 10 14 5.34074699537910114 3 13 33 2 12 16 6.96245171630185755 16 20 3 4 31 1 13 12 13 14 32 7 14 1 5 15 31 8 12 26 12 2 12 10 12 3 12 1 33 4 4 19 4 4 3 3.84646942076222631 2 24 4 6 9 6 1 25 9 16 30 9.82524131762891173 17.5820379853248596 238.286450548598907 
14 32 2.70999124060388841 17 16 1 18 6 10 10 28 12 11 12 8 4 1 9 12 14 3 5 31 1 1 3 2 14 26 2 16 24 13 4 12 13 3 20 4 9 16 1 17 8 9 10 15 1 6 32 4 2 29 11 15 5 8 12 19 2 22.4333978891372681 69.1579806158168964 
14 32 2.70999124060388841 17 16 1 18 6 10 10 28 12 3.36768017929769181 19 6.96245171630185755 4 1 9 12 14 3 5 31 1 1 3 2 6 22 12 16 24 13 18 4 11 3 20 4 9 16 1 17 8 9 10 15 1 6 32 4 2 29 11 15 5 8 12 19 2 25.8210431933403015 53.7198869774192502 
14 32 2.70999124060388841 17 16 1 13 9 9 10 28 12 11 12 8 4 1 9 12 14 3 5 31 1 1 3 2 6 32 11 16 24 13 14 30 7 3 20 4 9 16 1 17 8 9 10 15 1 6 32 4 1 24 5 15 5 8 12 19 2 20.0923329591751099 102.26005320700915 
1 28 6 12 12 4 2 5.34074699537910114 9 16 2 4 4 15 1 15 16 11 9 1 5 17 30 1 1 30 13 14 7 8 10 3 4 12 12 7 8 15 13 6 16.1354543567662532 13 16 8.22565314501180467 12 4 30 1 1 32 8 4 25 6 14 9 8 6 17 4 19.6226298809051514 176.701124692301164 
14 32 2.70999124060388841 17 16 1 18 6 10 10 28 12 11 12 8 4 1 9 12 14 3 5 31 1 1 3 2 14 1 10 16 24 13 2 26 7 3 20 4 9 16 1 17 8 9 10 15 1 6 32 4 14 6 11 15 5 8 12 19 2 21.1088909506797791 85.3411576774480096 
12 17 13 9 5.34074699537910114 6.96245171630185755 16 11 10 17 15 4 4 1 9 1 12 5 12 22 3.84646942076222631 13 12 9.82524131762891173 1 22 4 17.8244721320812971 12 2 2 32 7 17 31 11 16 6 10 15 31 13 13 15 10 15 6 9 6 30 5 14 8 6 15 31 7.75241283629571765 13 1 8 17.0654289722442627 253.568703263204554 
14 26 6 15 14 12 10 17 6 15 24 2.70999124060388841 1 11 2 3 6 13 17 30 12 6 20 1 1 26 6.96245171630185755 12 5 2 16 1 2 8 6 6 4.94126535182462057 12 9 8 30 3 17 9 10 6 8 4 6 24 13 12 30 9 14 24 2 14 11 3 17.4146347641944885 247.423137618882322 
14 32 2.70999124060388841 17 16 1 18 6 10 10 28 12 11 12 8 4 1 9 12 14 3 5 31 1 1 3 2 15 10 2.70999124060388841 16 24 13 18 4 11 3 20 4 9 16 1 17 8 9 10 15 1 6 32 4 14 2 12 15 5 8 12 19 2 27.4173500537872314 52.087390819633903 
12 13 5 8 6 8 4 12 10 16 31 13 3 15 8 9 30 4 6 14 11 15 19 12 13 31 9 1 3 13 1 18 5 16 5.34074699537910114 5 2 32 9 13 26 12 11 24 2 2 30 12 15 3 6.96245171630185755 1 20 5 14 14 9 9 26 2 18.0603905916213989 199.243051425163287 
14 28 11 16 31 6 15 32 9 17 32 2.70999124060388841 6 30 10 4 26 12 4 13 8 9 19 6 16 25 9 4 9 11 12 9 9 13 16.1354543567662532 2 14 32 1 6 18 3 6 6 11 4.94126535182462057 3 8 10 25 9 13.2195649013323386 5 9 16 6 4 17.8244721320812971 9 7 17.7102035880088806 210.411245917824857 
14 32 2.70999124060388841 17 16 1 18 6 10 10 28 12 11 12 8 4 1 9 12 14 3 5 31 1 1 3 2 15 10 2.70999124060388841 16 24 13 18 4 11 3 20 4 9 16 1 17 8 9 10 15 1 6 32 4 2 29 11 15 5 8 12 19 2 28.4210119843482971 51.049412212399325 
14 32 2.70999124060388841 17 16 1 15 24 5 10 28 12 11 12 8 4 1 9 12 14 3 5 31 1 1 3 2 6 15 11 16 24 13 14 30 2.70999124060388841 3 20 4 9 16 1 17 8 9 10 15 1 6 32 4 2 29 11 15 5 8 12 19 2 21.4364978969097137 82.874642701116926 
14 32 2.70999124060388841 17 16 1 18 6 10 10 28 12 11 12 8 4 1 9 12 14 3 5 31 1 1 3 2 6 26 2 16 24 13 4 23 11 3 20 4 9 16 1 17 8 9 10 15 1 6 32 4 14 30 11 15 5 8 12 19 2 21.6624228954315186 72.6332409082916115 
4 28 12 12 6 11 2 17 6 1 32 9 16 31 10 16 2 3 4 16 12 1 20 2 13 32 7 4 20 11 13 26 9 16 15 8 5 3 7 3 9 4 6 30 11 2 14 7 13 6 9 1 32 2 3.36768017929769181 15 2 9.25570237641795579 12 6 18.1708310842514038 179.282996443738199 
14 32 2.70999124060388841 17 16 1 6 12 2 6 12 3 14 14 4 4 1 9 12 14 3 5 31 1 1 3 2 3 30 5 16 24 13 3 25 5 3 20 4 9 16 1 17 8 9 10 15 1 6 32 4 2 29 11 15 5 8 12 19 2 19.7901257872581482 167.88334929617244 
8 25 2.70999124060388841 9.25570237641795579 19 5 15 9 9 14 6 1 16 19 1 2 8 9 4 8 13 3 24 7 17 30 13 13 26 3 12 2 3.84646942076222631 5 20 2 14 6 5 6 15 7 12 24 2 13 15 12 17 20 9.82524131762891173 6 31 9 12 12 1 13 15 5 17.682773768901825 220.243377812418061 
14 32 2.70999124060388841 17 16 1 18 6 10 10 28 12 11 12 8 4 1 9 12 14 3 5 31 1 1 3 2 15 10 2.70999124060388841 16 24 13 18 4 11 3 20 4 9 16 1 17 8 9 10 15 1 6 32 2.70999124060388841 14 23 13 15 5 8 12 19 2 27.6977620124816895 51.2846204517453117 
14 32 2.70999124060388841 17 16 1 1 24 2.70999124060388841 10 28 12 14 30 3 4 1 9 12 14 3 5 31 1 1 3 2 6 2 13 16 24 13 14 9 9 3 20 4 9 16 1 17 8 9 10 15 1 6 32 2.70999124060388841 2 29 11 15 5 8 12 19 2 20.8828610479831696 100.780487052981343 
14 32 2.70999124060388841 17 16 1 18 6 10 10 28 12 11 12 8 4 1 9 12 14 3 5 31 1 1 3 2 2 33 2 16 24 13 18 4 11 3 20 4 9 16 1 17 8 9 10 15 1 6 32 2.70999124060388841 2 29 11 15 5 8 12 19 2 26.7549281120300293 52.3204134230600744 
14 32 2.70999124060388841 17 16 1 18 6 10 6 20 7 11 12 8 4 1 9 12 14 3 5 31 1 1 3 2 3 15 5 16 24 13 1 16 9 3 20 4 6 25 13 17 8 9 10 15 1 6 32 2.70999124060388841 3 31 3 15 5 8 12 19 2 20.0361457467079163 140.071824259870311 
14 32 2.70999124060388841 17 16 1 18 6 10 10 28 12 11 12 8 4 1 9 12 14 3 5 31 1 1 3 2 2 26 11 16 24 13 4 6 5 3 20 4 9 16 1 17 8 9 10 15 1 6 32 2.70999124060388841 2 29 11 15 5 8 12 19 2 22.800529956817627 68.5602152942440028 
14 32 2.70999124060388841 17 16 1 18 6 10 10 28 12 11 12 8 4 1 9 12 14 3 5 31 1 1 3 2 15 26 2 16 24 13 4 25 6 3 20 4 9 16 1 17 8 9 10 15 1 6 32 2.70999124060388841 2 29 11 15 5 8 12 19 2 22.7956088781356812 69.1239698819774588 
14 32 2.70999124060388841 17 16 1 18 6 10 10 28 12 11 12 8 4 1 9 12 14 3 5 31 1 1 3 2 14 32 2.70999124060388841 16 24 13 18 4 11 3 20 4 9 16 1 17 8 9 10 15 1 6 32 2.70999124060388841 2 29 11 15 5 8 12 19 2 25.6051270961761475 54.2131654470054514 
14 32 2.70999124060388841 17 16 1 18 6 10 10 28 12 11 12 8 4 1 9 12 14 3 5 31 1 1 3 2 15 33 2.70999124060388841 16 24 13 4 6 6.96245171630185755 3 20 4 9 16 1 17 8 9 10 15 1 6 32 2.70999124060388841 2 29 11 15 5 8 12 19 2 23.4262348413467407 64.2745467907002848 
14 32 2.70999124060388841 17 16 1 18 6 10 10 28 12 11 12 8 4 1 9 12 14 3 5 31 1 1 3 2 14 6 2.70999124060388841 16 24 13 18 4 11 3 20 4 9 16 1 17 8 9 10 15 1 6 32 2.70999124060388841 2 22 13 15 5 8 12 19 2 25.0085820853710175 55.781605491165962 
14 32 2.70999124060388841 17 16 1 18 6 10 10 28 12 11 12 8 4 1 9 12 14 3 5 31 1 1 3 2 15 10 2.70999124060388841 16 24 13 18 4 11 3 20 4 9 16 1 17 8 9 10 15 1 6 32 2.70999124060388841 2 29 11 15 5 8 12 6 12 28.2287480235099792 51.1796736994462833 
14 32 2.70999124060388841 17 16 1 18 6 10 10 28 12 3 23 6 4 1 9 12 14 3 5 31 1 1 3 2 15 10 2.70999124060388841 16 24 13 18 4 11 3 20 4 9 16 1 17 8 9 10 15 1 6 32 2.70999124060388841 2 29 11 15 5 8 12 19 2 28.4350529909133911 50.7403459999251112 
14 32 2.70999124060388841 17 16 1 18 6 10 10 28 12 11 12 8 4 1 9 12 14 3 5 31 1 1 3 2 15 10 2.70999124060388841 16 24 13 18 4 11 3 20 4 9 16 1 17 8 9 10 15 1 6 32 2.70999124060388841 2 29 11 15 5 8 12 19 2 28.5000259876251221 49.9832945868920504 
14 32 2.70999124060388841 17 16 1 18 6 10 10 28 12 11 12 8 4 1 9 12 14 3 5 31 1 1 3 2 2 22 11 16 24 13 4 6 3 3 20 4 9 16 1 17 8 9 10 15 1 6 32 2.70999124060388841 2 29 11 15 5 8 12 19 2 23.2180428504943848 66.0495478106104912 
14 32 2.70999124060388841 17 16 1 18 6 10 10 28 12 11 12 8 4 1 9 12 14 3 5 31 1 1 3 2 2 2 2 16 24 13 18 4 11 3 20 4 9 16 1 17 8 9 10 15 1 6 32 2.70999124060388841 2 29 11 15 5 8 12 19 2 26.2945001125335693 53.3207736528646805 
14 32 2.70999124060388841 17 16 1 18 6 10 10 28 12 11 12 8 4 1 9 12 14 3 5 31 1 1 3 2 14 22 2 16 24 13 18 4 11 3 20 4 9 16 1 17 8 9 10 15 1 6 32 2.70999124060388841 2 29 11 15 5 8 12 19 2 25.9952540397644043 53.3397352200185679 
14 32 2.70999124060388841 17 16 1 18 6 10 10 28 12 3.36768017929769181 26 5 4 1 9 12 14 3 5 31 1 1 3 2 15 10 2.70999124060388841 16 24 13 18 4 11 3 20 4 9 16 1 17 8 9 10 15 1 6 32 2.70999124060388841 2 29 11 15 5 8 12 19 2 27.8776300549507141 51.1893110777897675 
14 32 2.70999124060388841 17 16 1 18 6 10 10 28 12 11 12 8 4 1 9 12 14 3 5 31 1 1 3 2 6 33 2 16 24 13 18 4 11 3 20 4 9 16 1 17 8 9 10 15 1 6 32 2.70999124060388841 2 29 11 15 5 8 12 19 2 26.5298620462417603 52.9983078882627154 
14 32 2.70999124060388841 17 16 1 18 6 10 10 28 12 11 12 8 4 1 9 12 14 3 5 31 1 1 3 2 15 2 2 16 24 13 18 4 11 3 20 4 9 16 1 17 8 9 10 15 1 6 32 2.70999124060388841 2 29 11 15 5 8 12 19 2 26.1443381309509277 53.3286877532793895 
14 32 2.70999124060388841 17 16 1 18 6 10 10 28 12 11 12 8 4 1 9 12 14 3 5 31 1 1 3 2 2 26 8 16 24 13 14 26 10 3 20 4 9 16 1 17 8 9 3.36768017929769181 18 9 6 32 2.70999124060388841 1 1 6 15 5 8 12 19 2 21.0645328760147095 99.9667643308947618 
14 32 2.70999124060388841 17 16 1 18 6 10 10 28 12 11 12 8 4 1 9 12 14 3 5 31 1 1 3 2 15 22 2.70999124060388841 16 24 13 10 26 12 3 20 4 9 16 1 17 8 9 10 15 1 6 32 2.70999124060388841 2 29 11 15 5 8 12 19 2 23.6077429056167603 60.0905413747758388 
14 32 2.70999124060388841 17 16 1 18 6 10 10 28 12 11 12 8 4 1 9 12 14 3 5 31 1 1 3 2 15 26 2.70999124060388841 16 24 13 12 19 10 3 20 4 9 16 1 17 8 9 10 15 1 6 32 2.70999124060388841 2 29 11 15 5 8 12 19 2 23.0144689083099365 67.2483653459356816 
17 6 11 3.36768017929769181 30 5 9.25570237641795579 15 6 4.94126535182462057 16 7 14 25 9 3 30 6 1 9 1 17 15 5 8 5 13 8 18 13 15 15 13 1 24 10 13.2195649013323386 32 1 17 15 11 17.8244721320812971 13 3 13 26 9 10 6 12 4 30 9 12 19 4 13 9 7.75241283629571765 17.6255700588226318 238.149920844727092 

MOEA/D: Multiobjective Evolutionary Algorithm Based on Decomposition
Number of Evaluations = 100000000
Mutation Probability = 0.0500000007450580597
Population Size = 25
Neighborhood size = 5
Seed: 13

Time =  235998.755345999991

Current Evaluation = 100000000
Front Size = 40
3 26 5 3.36768017929769181 28 10 9.25570237641795579 17 12 6 19 1 17 19 9 14 25 10 2 8.22565314501180467 4 15 30 1 4 31 5 3 16 13 12 2 13 16 6 5 2 11 4 13.2195649013323386 24 10 17 9 3 15 32 6 17.8244721320812971 19 11 14 1 7 3 15 2 8 24 1 19.4026780724525452 179.193993016252449 
14 31 10 14 5.34074699537910114 3 13 33 2 12 16 6.96245171630185755 16 20 3 4 31 1 13 12 13 14 32 7 14 1 5 15 31 8 12 26 12 2 12 10 12 3 12 1 33 4 4 19 4 4 3 3.84646942076222631 2 24 4 6 9 6 1 25 9 16 30 9.82524131762891173 17.5820379853248596 238.286450548598907 
14 32 2.70999124060388841 17 16 1 18 6 10 10 28 12 11 12 8 4 1 9 12 14 3 5 31 1 1 3 2 14 26 2 16 24 13 4 12 13 3 20 4 9 16 1 17 8 9 10 15 1 6 32 4 2 29 11 15 5 8 12 19 2 22.4333978891372681 69.1579806158168964 
14 32 2.70999124060388841 17 16 1 18 6 10 10 28 12 3.36768017929769181 19 6.96245171630185755 4 1 9 12 14 3 5 31 1 1 3 2 6 22 12 16 24 13 18 4 11 3 20 4 9 16 1 17 8 9 10 15 1 6 32 4 2 29 11 15 5 8 12 19 2 25.8210431933403015 53.7198869774192502 
14 32 2.70999124060388841 17 16 1 13 9 9 10 28 12 11 12 8 4 1 9 12 14 3 5 31 1 1 3 2 6 32 11 16 24 13 14 30 7 3 20 4 9 16 1 17 8 9 10 15 1 6 32 4 1 24 5 15 5 8 12 19 2 20.0923329591751099 102.26005320700915 
1 28 6 12 12 4 2 5.34074699537910114 9 16 2 4 4 15 1 15 16 11 9 1 5 17 30 1 1 30 13 14 7 8 10 3 4 12 12 7 8 15 13 6 16.1354543567662532 13 16 8.22565314501180467 12 4 30 1 1 32 8 4 25 6 14 9 8 6 17 4 19.6226298809051514 176.701124692301164 
14 32 2.70999124060388841 17 16 1 18 6 10 10 28 12 11 12 8 4 1 9 12 14 3 5 31 1 1 3 2 14 1 10 16 24 13 2 26 7 3 20 4 9 16 1 17 8 9 10 15 1 6 32 4 14 6 11 15 5 8 12 19 2 21.1088909506797791 85.3411576774480096 
12 17 13 9 5.34074699537910114 6.96245171630185755 16 11 10 17 15 4 4 1 9 1 12 5 12 22 3.84646942076222631 13 12 9.82524131762891173 1 22 4 17.8244721320812971 12 2 2 32 7 17 31 11 16 6 10 15 31 13 13 15 10 15 6 9 6 30 5 14 8 6 15 31 7.75241283629571765 13 1 8 17.0654289722442627 253.568703263204554 
14 26 6 15 14 12 10 17 6 15 24 2.70999124060388841 1 11 2 3 6 13 17 30 12 6 20 1 1 26 6.96245171630185755 12 5 2 16 1 2 8 6 6 4.94126535182462057 12 9 8 30 3 17 9 10 6 8 4 6 24 13 12 30 9 14 24 2 14 11 3 17.4146347641944885 247.423137618882322 
14 32 2.70999124060388841 17 16 1 18 6 10 10 28 12 11 12 8 4 1 9 12 14 3 5 31 1 1 3 2 15 10 2.70999124060388841 16 24 13 18 4 11 3 20 4 9 16 1 17 8 9 10 15 1 6 32 4 14 2 12 15 5 8 12 19 2 27.4173500537872314 52.087390819633903 
12 13 5 8 6 8 4 12 10 16 31 13 3 15 8 9 30 4 6 14 11 15 19 12 13 31 9 1 3 13 1 18 5 16 5.34074699537910114 5 2 32 9 13 26 12 11 24 2 2 30 12 15 3 6.96245171630185755 1 20 5 14 14 9 9 26 2 18.0603905916213989 199.243051425163287 
14 28 11 16 31 6 15 32 9 17 32 2.70999124060388841 6 30 10 4 26 12 4 13 8 9 19 6 16 25 9 4 9 11 12 9 9 13 16.1354543567662532 2 14 32 1 6 18 3 6 6 11 4.94126535182462057 3 8 10 25 9 13.2195649013323386 5 9 16 6 4 17.8244721320812971 9 7 17.7102035880088806 210.411245917824857 
14 32 2.70999124060388841 17 16 1 18 6 10 10 28 12 11 12 8 4 1 9 12 14 3 5 31 1 1 3 2 15 10 2.70999124060388841 16 24 13 18 4 11 3 20 4 9 16 1 17 8 9 10 15 1 6 32 4 2 29 11 15 5 8 12 19 2 28.4210119843482971 51.049412212399325 
14 32 2.70999124060388841 17 16 1 15 24 5 10 28 12 11 12 8 4 1 9 12 14 3 5 31 1 1 3 2 6 15 11 16 24 13 14 30 2.70999124060388841 3 20 4 9 16 1 17 8 9 10 15 1 6 32 4 2 29 11 15 5 8 12 19 2 21.4364978969097137 82.874642701116926 
14 32 2.70999124060388841 17 16 1 18 6 10 10 28 12 11 12 8 4 1 9 12 14 3 5 31 1 1 3 2 6 26 2 16 24 13 4 23 11 3 20 4 9 16 1 17 8 9 10 15 1 6 32 4 14 30 11 15 5 8 12 19 2 21.6624228954315186 72.6332409082916115 
4 28 12 12 6 11 2 17 6 1 32 9 16 31 10 16 2 3 4 16 12 1 20 2 13 32 7 4 20 11 13 26 9 16 15 8 5 3 7 3 9 4 6 30 11 2 14 7 13 6 9 1 32 2 3.36768017929769181 15 2 9.25570237641795579 12 6 18.1708310842514038 179.282996443738199 
14 32 2.70999124060388841 17 16 1 6 12 2 6 12 3 14 14 4 4 1 9 12 14 3 5 31 1 1 3 2 3 30 5 16 24 13 3 25 5 3 20 4 9 16 1 17 8 9 10 15 1 6 32 4 2 29 11 15 5 8 12 19 2 19.7901257872581482 167.88334929617244 
8 25 2.70999124060388841 9.25570237641795579 19 5 15 9 9 14 6 1 16 19 1 2 8 9 4 8 13 3 24 7 17 30 13 13 26 3 12 2 3.84646942076222631 5 20 2 14 6 5 6 15 7 12 24 2 13 15 12 17 20 9.82524131762891173 6 31 9 12 12 1 13 15 5 17.682773768901825 220.243377812418061 
14 32 2.70999124060388841 17 16 1 18 6 10 10 28 12 11 12 8 4 1 9 12 14 3 5 31 1 1 3 2 15 10 2.70999124060388841 16 24 13 18 4 11 3 20 4 9 16 1 17 8 9 10 15 1 6 32 2.70999124060388841 14 23 13 15 5 8 12 19 2 27.6977620124816895 51.2846204517453117 
14 32 2.70999124060388841 17 16 1 1 24 2.70999124060388841 10 28 12 14 30 3 4 1 9 12 14 3 5 31 1 1 3 2 6 2 13 16 24 13 14 9 9 3 20 4 9 16 1 17 8 9 10 15 1 6 32 2.70999124060388841 2 29 11 15 5 8 12 19 2 20.8828610479831696 100.780487052981343 
14 32 2.70999124060388841 17 16 1 18 6 10 10 28 12 11 12 8 4 1 9 12 14 3 5 31 1 1 3 2 2 33 2 16 24 13 18 4 11 3 20 4 9 16 1 17 8 9 10 15 1 6 32 2.70999124060388841 2 29 11 15 5 8 12 19 2 26.7549281120300293 52.3204134230600744 
14 32 2.70999124060388841 17 16 1 18 6 10 6 20 7 11 12 8 4 1 9 12 14 3 5 31 1 1 3 2 3 15 5 16 24 13 1 16 9 3 20 4 6 25 13 17 8 9 10 15 1 6 32 2.70999124060388841 3 31 3 15 5 8 12 19 2 20.0361457467079163 140.071824259870311 
14 32 2.70999124060388841 17 16 1 18 6 10 10 28 12 11 12 8 4 1 9 12 14 3 5 31 1 1 3 2 2 26 11 16 24 13 4 6 5 3 20 4 9 16 1 17 8 9 10 15 1 6 32 2.70999124060388841 2 29 11 15 5 8 12 19 2 22.800529956817627 68.5602152942440028 
14 32 2.70999124060388841 17 16 1 18 6 10 10 28 12 11 12 8 4 1 9 12 14 3 5 31 1 1 3 2 15 26 2 16 24 13 4 25 6 3 20 4 9 16 1 17 8 9 10 15 1 6 32 2.70999124060388841 2 29 11 15 5 8 12 19 2 22.7956088781356812 69.1239698819774588 
14 32 2.70999124060388841 17 16 1 18 6 10 10 28 12 11 12 8 4 1 9 12 14 3 5 31 1 1 3 2 14 32 2.70999124060388841 16 24 13 18 4 11 3 20 4 9 16 1 17 8 9 10 15 1 6 32 2.70999124060388841 2 29 11 15 5 8 12 19 2 25.6051270961761475 54.2131654470054514 
14 32 2.70999124060388841 17 16 1 18 6 10 10 28 12 11 12 8 4 1 9 12 14 3 5 31 1 1 3 2 15 33 2.70999124060388841 16 24 13 4 6 6.96245171630185755 3 20 4 9 16 1 17 8 9 10 15 1 6 32 2.70999124060388841 2 29 11 15 5 8 12 19 2 23.4262348413467407 64.2745467907002848 
14 32 2.70999124060388841 17 16 1 18 6 10 10 28 12 11 12 8 4 1 9 12 14 3 5 31 1 1 3 2 14 6 2.70999124060388841 16 24 13 18 4 11 3 20 4 9 16 1 17 8 9 10 15 1 6 32 2.70999124060388841 2 22 13 15 5 8 12 19 2 25.0085820853710175 55.781605491165962 
14 32 2.70999124060388841 17 16 1 18 6 10 10 28 12 11 12 8 4 1 9 12 14 3 5 31 1 1 3 2 15 10 2.70999124060388841 16 24 13 18 4 11 3 20 4 9 16 1 17 8 9 10 15 1 6 32 2.70999124060388841 2 29 11 15 5 8 12 6 12 28.2287480235099792 51.1796736994462833 
14 32 2.70999124060388841 17 16 1 18 6 10 10 28 12 3 23 6 4 1 9 12 14 3 5 31 1 1 3 2 15 10 2.70999124060388841 16 24 13 18 4 11 3 20 4 9 16 1 17 8 9 10 15 1 6 32 2.70999124060388841 2 29 11 15 5 8 12 19 2 28.4350529909133911 50.7403459999251112 
14 32 2.70999124060388841 17 16 1 18 6 10 10 28 12 11 12 8 4 1 9 12 14 3 5 31 1 1 3 2 15 10 2.70999124060388841 16 24 13 18 4 11 3 20 4 9 16 1 17 8 9 10 15 1 6 32 2.70999124060388841 2 29 11 15 5 8 12 19 2 28.5000259876251221 49.9832945868920504 
14 32 2.70999124060388841 17 16 1 18 6 10 10 28 12 11 12 8 4 1 9 12 14 3 5 31 1 1 3 2 2 22 11 16 24 13 4 6 3 3 20 4 9 16 1 17 8 9 10 15 1 6 32 2.70999124060388841 2 29 11 15 5 8 12 19 2 23.2180428504943848 66.0495478106104912 
14 32 2.70999124060388841 17 16 1 18 6 10 10 28 12 11 12 8 4 1 9 12 14 3 5 31 1 1 3 2 2 2 2 16 24 13 18 4 11 3 20 4 9 16 1 17 8 9 10 15 1 6 32 2.70999124060388841 2 29 11 15 5 8 12 19 2 26.2945001125335693 53.3207736528646805 
14 32 2.70999124060388841 17 16 1 18 6 10 10 28 12 11 12 8 4 1 9 12 14 3 5 31 1 1 3 2 14 22 2 16 24 13 18 4 11 3 20 4 9 16 1 17 8 9 10 15 1 6 32 2.70999124060388841 2 29 11 15 5 8 12 19 2 25.9952540397644043 53.3397352200185679 
14 32 2.70999124060388841 17 16 1 18 6 10 10 28 12 3.36768017929769181 26 5 4 1 9 12 14 3 5 31 1 1 3 2 15 10 2.70999124060388841 16 24 13 18 4 11 3 20 4 9 16 1 17 8 9 10 15 1 6 32 2.70999124060388841 2 29 11 15 5 8 12 19 2 27.8776300549507141 51.1893110777897675 
14 32 2.70999124060388841 17 16 1 18 6 10 10 28 12 11 12 8 4 1 9 12 14 3 5 31 1 1 3 2 6 33 2 16 24 13 18 4 11 3 20 4 9 16 1 17 8 9 10 15 1 6 32 2.70999124060388841 2 29 11 15 5 8 12 19 2 26.5298620462417603 52.9983078882627154 
14 32 2.70999124060388841 17 16 1 18 6 10 10 28 12 11 12 8 4 1 9 12 14 3 5 31 1 1 3 2 15 2 2 16 24 13 18 4 11 3 20 4 9 16 1 17 8 9 10 15 1 6 32 2.70999124060388841 2 29 11 15 5 8 12 19 2 26.1443381309509277 53.3286877532793895 
14 32 2.70999124060388841 17 16 1 18 6 10 10 28 12 11 12 8 4 1 9 12 14 3 5 31 1 1 3 2 2 26 8 16 24 13 14 26 10 3 20 4 9 16 1 17 8 9 3.36768017929769181 18 9 6 32 2.70999124060388841 1 1 6 15 5 8 12 19 2 21.0645328760147095 99.9667643308947618 
14 32 2.70999124060388841 17 16 1 18 6 10 10 28 12 11 12 8 4 1 9 12 14 3 5 31 1 1 3 2 15 22 2.70999124060388841 16 24 13 10 26 12 3 20 4 9 16 1 17 8 9 10 15 1 6 32 2.70999124060388841 2 29 11 15 5 8 12 19 2 23.6077429056167603 60.0905413747758388 
14 32 2.70999124060388841 17 16 1 18 6 10 10 28 12 11 12 8 4 1 9 12 14 3 5 31 1 1 3 2 15 26 2.70999124060388841 16 24 13 12 19 10 3 20 4 9 16 1 17 8 9 10 15 1 6 32 2.70999124060388841 2 29 11 15 5 8 12 19 2 23.0144689083099365 67.2483653459356816 
17 6 11 3.36768017929769181 30 5 9.25570237641795579 15 6 4.94126535182462057 16 7 14 25 9 3 30 6 1 9 1 17 15 5 8 5 13 8 18 13 15 15 13 1 24 10 13.2195649013323386 32 1 17 15 11 17.8244721320812971 13 3 13 26 9 10 6 12 4 30 9 12 19 4 13 9 7.75241283629571765 17.6255700588226318 238.149920844727092 

