Current Evaluation = 10000000(10000060)
Front Size = 36
13 15 12 3 25 2.70999124060388841 17 24 2 15 6 7 3 2 1 10 30 4 14 20 11 13 6 1 4 26 6.96245171630185755 12 31 5 3 20 4 14 7 1 4 15 11 1 9 11 8 7 10 12 3 6 14 23 3.84646942076222631 2 18 4 15 24 1 6 24 6 18.29363614320755 219.104107287621247 
12 14 12 9 9 2.70999124060388841 3 13 8 1 33 7 15 32 11 15 26 9 2 6 10 17 15 2 3 16 12 9 12 8 17 30 2 6 33 3 14 26 3 1 28 2 18 1 5 1 3 4 3 18 12 16 15 2 12 30 2.70999124060388841 15 25 2 20.4412919878959656 122.483566686160074 
17 25 7 12 5 11 6 24 2.70999124060388841 2 15 6.96245171630185755 15 20 1 14 32 13 13 1 3.84646942076222631 15 26 11 1 13 5 13.2195649013323386 16 13 12 31.8448655754823804 3 15 2 10 12 18.140740276750666 2 4 19 2 8 16 10 15 3 2 10 20 11 1.62229798836725392 20 7 12 2 8 14 19 3 18.8408750295639038 196.721018578371542 
12 16 13 17 8 2.70999124060388841 3 13 8 1 33 7 18 19 6 15 26 9 2 6 10 17 15 2 3 16 12 9 12 8 12 28 11 10 7 2 14 26 3 6 24 10 18 1 5 1 3 4 3 18 12 16 15 2 13 23 5 15 25 2 22.6218137741088867 72.7293310240036419 
4 25 11 17 8 2.70999124060388841 3 13 8 1 33 7 18 19 6 15 26 9 2 6 10 17 15 2 3 16 12 9 12 8 12 28 11 6 31 13 14 26 3 14 14 10 18 1 5 1 3 4 3 18 12 16 15 2 1 32 11 15 25 2 20.9537198543548584 97.3271595618817287 
4 20 13 16 6 2.70999124060388841 2 14 7 14 31 3 5 12 11 2 25 5 9.25570237641795579 31 9 15 19 3 14 24 5 6 12 11 4 3 1 4 13 3 15 6 2 8 30 11 15 18 8 13 28 7 12 26 11 16 30 10 9 30 4 14 7 10 18.0128119587898254 241.632930794695511 
15 18 8 6 30 7 8 2 2 14 23 7 14 26 11 1 30 8 17 6 9 3.36768017929769181 12 9 13 1 9 13 24 7 15 30 7 12 13 12 1 17 6.96245171630185755 3 26 5 14 7 9 14 6 11 1 1 9 17 16 7 3 23 12 16 18 12 16.8874312043190002 255.410410934095154 
12 16 13 17 8 2.70999124060388841 3 13 8 1 33 7 18 19 6 15 26 9 2 6 10 17 15 2 3 16 12 9 12 8 12 28 11 10 7 2 14 26 3 1 6 7 18 1 5 1 3 4 3 18 12 16 15 2 14 30 13 15 25 2 21.868686854839325 83.3613371262307368 
2 32 2.70999124060388841 17 24 4 13 32 9 3 13 1 1 33 9 2 5 1 16 30 12 11 25 4 14 16.1354543567662532 4 12 15 2 16 6 3.84646942076222631 17 24 6 10 23.4025356524426229 4 15 32 5 14 12 2 1 9 13 6 22 9 11 15 5 3 31 11 15 7 4 19.7056999802589417 175.796138072453886 
12 16 13 17 8 2.70999124060388841 3 13 8 1 33 7 18 19 6 15 26 9 2 6 10 17 15 2 3 16 12 14 25 11 12 28 11 15 6 3 14 26 3 3 31 7 18 1 5 1 3 4 3 18 12 16 15 2 14 9 5 15 25 2 20.8575159311294556 108.931282394761794 
12 16 13 17 8 2.70999124060388841 3 13 8 1 33 7 18 19 6 15 26 9 2 6 10 17 15 2 3 16 12 9 12 8 12 28 11 10 7 2 14 26 3 5 4 10 18 1 5 1 3 4 3 18 12 16 15 2 4 2 13 15 25 2 25.419700026512146 65.759888886020633 
12 16 13 17 8 2.70999124060388841 3 13 8 1 33 7 6 18 8 15 26 9 2 6 10 17 15 2 3 16 12 9 12 8 14 26 8 11 31 10 14 26 3 14 5.34074699537910114 2 18 1 5 1 3 4 3 18 12 16 15 2 9.25570237641795579 6 5 15 25 2 20.1897608637809753 147.282308443943776 
12 16 13 17 8 2.70999124060388841 3 13 8 1 33 7 18 19 6 15 26 9 2 6 10 17 15 2 3 16 12 9 12 8 12 28 11 10 7 2 14 26 3 6 30 2.70999124060388841 18 1 5 1 3 4 3 18 12 16 15 2 14 26 9 15 25 2 21.8286888897418976 86.9104791636241742 
12 16 13 17 8 2.70999124060388841 3 13 8 1 33 7 18 19 6 15 26 9 2 6 10 17 15 2 3 16 12 9 12 8 12 28 11 10 7 2 14 26 3 5 4 10 18 1 5 1 3 4 3 18 12 16 15 2 11 30 11 15 25 2 25.6146879196166992 65.1762434086272293 
15 1 8 12 25 3 17 3 13 3 18 11 17 31 1 3.36768017929769181 26 6.96245171630185755 6 15 1 1 14 3 16 30 2 14 1 3 13 23 6 3 19 13 1 7 7 14 5 9 2 26 6 6 1 4 10 6 7 9 12 1 5 15 4 12 15 11 19.1207369565963745 186.485973177149674 
12 16 13 17 8 2.70999124060388841 3 13 8 1 33 7 18 19 6 15 26 9 2 6 10 17 15 2 3 16 12 9 12 8 12 28 11 10 7 2 14 26 3 6 32 3 18 1 5 1 3 4 3 18 12 16 15 2 12 30 11 15 25 2 22.2866618633270264 73.9699911839572763 
12 16 13 17 8 2.70999124060388841 3 13 8 1 33 7 18 19 6 15 26 9 2 6 10 17 15 2 3 16 12 9 12 8 12 28 11 10 7 2 14 26 3 6 30 9 18 1 5 1 3 4 3 18 12 16 15 2 6 24 3 15 25 2 21.9814589023590088 77.6174977814492451 
12 16 13 17 8 2.70999124060388841 3 13 8 1 33 7 18 19 6 15 26 9 2 6 10 17 15 2 3 16 12 9 12 8 12 28 11 2 19 2 14 26 3 15 6 4 18 1 5 1 3 4 3 18 12 16 15 2 4 1 9 15 25 2 21.5651248097419739 90.8100264352691653 
12 16 13 17 8 2.70999124060388841 3 13 8 1 33 7 18 19 6 15 26 9 2 6 10 17 15 2 3 16 12 9 12 8 12 28 11 10 7 2 14 26 3 5 4 10 18 1 5 1 3 4 3 18 12 16 15 2 4 30 8 15 25 2 25.0617789030075073 65.9708107446051741 
12 16 13 17 8 2.70999124060388841 3 13 8 1 33 7 18 19 6 6 22 3 2 6 10 17 15 2 3 16 12 9 12 8 12 28 11 10 7 2 14 26 3 2 32 5 18 1 5 1 3 4 3 18 12 16 15 2 4 5.34074699537910114 12 9 14 11 23.5261058807373047 68.303444105941324 
17 5.34074699537910114 7 2 12 6.96245171630185755 5 26 3.84646942076222631 14 6 6 8 31 13 9 5 2 8 26 3 17 31 5 9 32 11 14 26 10 13.2195649013323386 2 6 14 26 12 1 31 5 3 19 7 11 32 12 12 24 13 1 24 9 3 26 11 5 24 5 14 31 9 17.9624558687210083 252.568863066678745 
12 16 13 17 8 2.70999124060388841 3 13 8 1 33 7 18 19 6 6 22 3 2 6 10 17 15 2 3 16 12 9 12 8 12 28 11 10 7 2 14 26 3 15 32 7 18 1 5 1 3 4 3 18 12 16 15 2 11 10 12 9 14 11 26.4201887249946594 60.6744807266884862 
15 15 9 14 6 11 15 5.34074699537910114 13 2 2 13 15 3 4 16 19 5 14 6 8 9 32 7 17 9 6 6 11 1 4 16 2 10 32 6.96245171630185755 1 9 6 3 28 2 14 19 5 14 31 10 2 12 5 15 8 9 1 30 7 6 1 12 18.5631976127624512 200.995088562967823 
12 16 13 17 8 2.70999124060388841 3 13 8 1 33 7 18 19 6 6 22 3 2 6 10 17 15 2 3 16 12 9 12 8 12 28 11 10 7 2 14 26 3 5 4 10 18 1 5 1 3 4 3 18 12 16 15 2 12 31 13 9 14 11 26.0386089682579041 62.7638674146658175 
12 16 13 17 8 2.70999124060388841 3 13 8 1 33 7 14 24 5 6 22 3 2 6 10 17 15 2 3 16 12 9 12 8 12 28 11 10 7 2 14 26 3 5 4 10 18 1 5 1 3 4 3 18 12 16 15 2 12 17 12 9 14 11 24.9209160804748535 67.7093008217316594 
12 16 13 17 8 2.70999124060388841 3 13 8 1 33 7 18 19 6 6 22 3 2 6 10 17 15 2 3 16 12 9 12 8 12 28 11 10 7 2 14 26 3 5 4 10 18 1 5 1 3 4 3 18 12 16 15 2 4 30 8 9 14 11 25.9121069312095642 63.1493545045721376 
12 16 13 17 8 2.70999124060388841 3 13 8 1 33 7 18 19 6 6 22 3 2 6 10 17 15 2 3 16 12 9 12 8 12 28 11 10 7 2 14 26 3 5 4 10 18 1 5 1 3 4 3 18 12 16 15 2 4 30 11 9 14 11 25.8575069904327393 64.4573087460100282 
12 16 13 17 8 2.70999124060388841 3 13 8 1 33 7 18 19 6 6 22 3 2 6 10 17 15 2 3 16 12 9 12 8 12 28 11 10 7 2 14 26 3 6 32 4 18 1 5 1 3 4 3 18 12 16 15 2 11 10 12 9 14 11 26.3252847194671631 62.0200531508096446 
1 5 2 16 24 3 3 18 11 3 7 10 1 19 13 12 15 3 16 16 12 2 24 10 1 18 2.70999124060388841 6 22 10 14 12 13 8 24 4 17 12 12 13 14 9 3 6 6.96245171630185755 14 32 6 8 19 4 17 13 7 2 6 11 4.94126535182462057 6 1 18.3450660109519958 210.760861784025707 
12 16 13 17 8 2.70999124060388841 3 13 8 1 33 7 18 19 6 6 22 3 2 6 10 17 15 2 3 16 12 9 12 8 12 28 11 10 7 2 14 26 3 5 4 10 18 1 5 1 3 4 3 18 12 16 15 2 4 33 8 9 14 11 26.7716559767723083 60.3874570459072828 
12 16 13 17 8 2.70999124060388841 3 13 8 1 33 7 18 19 6 6 22 3 2 6 10 17 15 2 3 16 12 9 12 8 12 28 11 10 7 2 14 26 3 5 4 10 18 1 5 1 3 4 3 18 12 16 15 2 11 10 12 9 14 11 29.2332248091697693 58.1392665198111445 
12 16 13 17 8 2.70999124060388841 3 13 8 1 33 7 18 19 6 6 22 3 2 6 10 17 15 2 3 16 12 9 12 8 12 28 11 10 7 2 14 26 3 5 4 10 18 1 5 1 3 4 3 18 12 16 15 2 4 10 1 9 14 11 28.7077159285545349 60.301581865079811 
12 16 13 17 8 2.70999124060388841 3 13 8 1 33 7 18 19 6 6 22 3 2 6 10 17 15 2 3 16 12 9 12 8 12 28 11 10 7 2 14 26 3 6 6 10 18 1 5 1 3 4 3 18 12 16 15 2 4 31 8 9 14 11 23.1233407855033875 70.558290159342107 
12 16 13 17 8 2.70999124060388841 3 13 8 1 33 7 18 19 6 6 22 3 2 6 10 17 15 2 3 16 12 9 12 8 12 28 11 10 7 2 14 26 3 5 4 10 18 1 5 1 3 4 3 18 12 16 15 2 6 32 1 9 14 11 25.9665029644966125 62.947764887723082 
12 16 13 17 8 2.70999124060388841 3 13 8 1 33 7 18 19 6 6 22 3 2 6 10 17 15 2 4 31 13 9 12 8 12 28 11 10 7 2 14 26 3 5 4 10 18 1 5 1 3 4 3 18 12 16 15 2 11 10 12 9 14 11 28.8218526840209961 59.7242646618531268 
16 22 5 15 8 6 10 33 8 14 28 2.70999124060388841 9.25570237641795579 19 7 1 24 12 4 6 6 8 20 6 9 15 13 1 2 5 17 18 11 13 12 10 15 30 3 14 1 1 4 23 1 6 30 7 14 19 6 4.94126535182462057 6 8 13.2195649013323386 1 2 6 9 12 19.6590629816055298 182.772069880583786 

Current Evaluation = 20000000(20000120)
Front Size = 37
12 14 12 9 9 2.70999124060388841 3 13 8 1 33 7 15 32 11 15 26 9 2 6 10 17 15 2 3 16 12 9 12 8 17 30 2 6 33 3 14 26 3 1 28 2 18 1 5 1 3 4 3 18 12 16 15 2 12 30 2.70999124060388841 15 25 2 20.4412919878959656 122.483566686160074 
17 25 7 12 5 11 6 24 2.70999124060388841 2 15 6.96245171630185755 15 20 1 14 32 13 13 1 3.84646942076222631 15 26 11 1 13 5 13.2195649013323386 16 13 12 31.8448655754823804 3 15 2 10 12 18.140740276750666 2 4 19 2 8 16 10 15 3 2 10 20 11 1.62229798836725392 20 7 12 2 8 14 19 3 18.8408750295639038 196.721018578371542 
12 16 13 17 8 2.70999124060388841 3 13 8 1 33 7 18 19 6 15 26 9 2 6 10 17 15 2 3 16 12 9 12 8 12 28 11 10 7 2 14 26 3 6 24 10 18 1 5 1 3 4 3 18 12 16 15 2 13 23 5 15 25 2 22.6218137741088867 72.7293310240036419 
4 25 11 17 8 2.70999124060388841 3 13 8 1 33 7 18 19 6 15 26 9 2 6 10 17 15 2 3 16 12 9 12 8 12 28 11 6 31 13 14 26 3 14 14 10 18 1 5 1 3 4 3 18 12 16 15 2 1 32 11 15 25 2 20.9537198543548584 97.3271595618817287 
15 18 8 6 30 7 8 2 2 14 23 7 14 26 11 1 30 8 17 6 9 3.36768017929769181 12 9 13 1 9 13 24 7 15 30 7 12 13 12 1 17 6.96245171630185755 3 26 5 14 7 9 14 6 11 1 1 9 17 16 7 3 23 12 16 18 12 16.8874312043190002 255.410410934095154 
12 16 13 17 8 2.70999124060388841 3 13 8 1 33 7 18 19 6 15 26 9 2 6 10 17 15 2 3 16 12 9 12 8 12 28 11 10 7 2 14 26 3 1 6 7 18 1 5 1 3 4 3 18 12 16 15 2 14 30 13 15 25 2 21.868686854839325 83.3613371262307368 
2 32 2.70999124060388841 17 24 4 13 32 9 3 13 1 1 33 9 2 5 1 16 30 12 11 25 4 14 16.1354543567662532 4 12 15 2 16 6 3.84646942076222631 17 24 6 10 23.4025356524426229 4 15 32 5 14 12 2 1 9 13 6 22 9 11 15 5 3 31 11 15 7 4 19.7056999802589417 175.796138072453886 
12 16 13 17 8 2.70999124060388841 3 13 8 1 33 7 18 19 6 15 26 9 2 6 10 17 15 2 3 16 12 14 25 11 12 28 11 15 6 3 14 26 3 3 31 7 18 1 5 1 3 4 3 18 12 16 15 2 14 9 5 15 25 2 20.8575159311294556 108.931282394761794 
12 16 13 17 8 2.70999124060388841 3 13 8 1 33 7 6 18 8 15 26 9 2 6 10 17 15 2 3 16 12 9 12 8 14 26 8 11 31 10 14 26 3 14 5.34074699537910114 2 18 1 5 1 3 4 3 18 12 16 15 2 9.25570237641795579 6 5 15 25 2 20.1897608637809753 147.282308443943776 
12 16 13 17 8 2.70999124060388841 3 13 8 1 33 7 18 19 6 15 26 9 2 6 10 17 15 2 3 16 12 9 12 8 12 28 11 10 7 2 14 26 3 6 30 2.70999124060388841 18 1 5 1 3 4 3 18 12 16 15 2 14 26 9 15 25 2 21.8286888897418976 86.9104791636241742 
15 1 8 12 25 3 17 3 13 3 18 11 17 31 1 3.36768017929769181 26 6.96245171630185755 6 15 1 1 14 3 16 30 2 14 1 3 13 23 6 3 19 13 1 7 7 14 5 9 2 26 6 6 1 4 10 6 7 9 12 1 5 15 4 12 15 11 19.1207369565963745 186.485973177149674 
12 16 13 17 8 2.70999124060388841 3 13 8 1 33 7 18 19 6 15 26 9 2 6 10 17 15 2 3 16 12 9 12 8 12 28 11 10 7 2 14 26 3 6 32 3 18 1 5 1 3 4 3 18 12 16 15 2 12 30 11 15 25 2 22.2866618633270264 73.9699911839572763 
12 16 13 17 8 2.70999124060388841 3 13 8 1 33 7 18 19 6 15 26 9 2 6 10 17 15 2 3 16 12 9 12 8 12 28 11 10 7 2 14 26 3 6 30 9 18 1 5 1 3 4 3 18 12 16 15 2 6 24 3 15 25 2 21.9814589023590088 77.6174977814492451 
12 16 13 17 8 2.70999124060388841 3 13 8 1 33 7 18 19 6 15 26 9 2 6 10 17 15 2 3 16 12 9 12 8 12 28 11 2 19 2 14 26 3 15 6 4 18 1 5 1 3 4 3 18 12 16 15 2 4 1 9 15 25 2 21.5651248097419739 90.8100264352691653 
12 16 13 17 8 2.70999124060388841 3 13 8 1 33 7 18 19 6 15 26 9 2 6 10 17 15 2 3 16 12 9 12 8 12 28 11 10 7 2 14 26 3 5 4 10 18 1 5 1 3 4 3 18 12 16 15 2 4 30 8 15 25 2 25.0617789030075073 65.9708107446051741 
12 16 13 17 8 2.70999124060388841 3 13 8 1 33 7 18 19 6 6 22 3 2 6 10 17 15 2 3 16 12 9 12 8 12 28 11 10 7 2 14 26 3 2 32 5 18 1 5 1 3 4 3 18 12 16 15 2 4 5.34074699537910114 12 9 14 11 23.5261058807373047 68.303444105941324 
12 16 13 17 8 2.70999124060388841 3 13 8 1 33 7 18 19 6 6 22 3 2 6 10 17 15 2 3 16 12 9 12 8 12 28 11 10 7 2 14 26 3 15 32 7 18 1 5 1 3 4 3 18 12 16 15 2 11 10 12 9 14 11 26.4201887249946594 60.6744807266884862 
12 16 13 17 8 2.70999124060388841 3 13 8 1 33 7 18 19 6 6 22 3 2 6 10 17 15 2 3 16 12 9 12 8 12 28 11 10 7 2 14 26 3 5 4 10 18 1 5 1 3 4 3 18 12 16 15 2 4 33 8 9 14 11 26.7716559767723083 60.3874570459072828 
12 16 13 17 8 2.70999124060388841 3 13 8 1 33 7 18 19 6 6 22 3 2 6 10 17 15 2 3 16 12 9 12 8 12 28 11 10 7 2 14 26 3 5 4 10 18 1 5 1 3 4 3 18 12 16 15 2 11 10 12 9 14 11 29.2332248091697693 58.1392665198111445 
12 16 13 17 8 2.70999124060388841 3 13 8 1 33 7 18 19 6 6 22 3 2 6 10 17 15 2 3 16 12 9 12 8 12 28 11 10 7 2 14 26 3 6 6 10 18 1 5 1 3 4 3 18 12 16 15 2 4 31 8 9 14 11 23.1233407855033875 70.558290159342107 
12 16 13 17 8 2.70999124060388841 3 13 8 1 33 7 15 1 6 6 22 3 2 6 10 17 15 2 3 16 12 9 12 8 12 28 11 10 7 2 14 26 3 5 4 10 18 1 5 1 3 4 3 18 12 16 15 2 12 2 13 9 14 11 25.2046310305595398 63.1258622786021988 
12 16 13 16 31 2.70999124060388841 3 13 8 1 33 7 18 19 6 6 22 3 2 6 10 17 15 2 3 16 12 9 12 8 12 28 11 10 7 2 14 26 3 5 4 10 18 1 5 1 3 4 3 18 12 16 15 2 11 10 12 9 14 11 28.8264688849449158 59.4095123633020847 
16 5 13 15 28 4 4 32 4 3 30 1 16 15 5 14 32 9 8 22 1 14 24 12 1 24 11 10 26 9 6 5.34074699537910114 1 6 31 7 4 24 7 3 30 2 14 7 9 14 20 1 6 16 11 12 26 3 13 17 9 9.25570237641795579 15 9 17.5001220703125 209.229713990859494 
12 16 13 17 8 2.70999124060388841 3 13 8 1 33 7 18 19 6 6 22 3 2 6 10 17 15 2 3 16 12 9 12 8 12 28 11 10 7 2 14 26 3 6 32 5 18 1 5 1 3 4 3 18 12 16 15 2 11 8 8 9 14 11 24.2075508236885071 66.8925468412834334 
9 15 4 14 30 8 11 6 10 4 31 2 12 9 7 1 24 13 13 3 4 16 20 2 12 1 11 4 7 5 17 28 2 17 1 2.70999124060388841 14 15 13 17 23 12 4 24 11 3 19 9 1 26 8 14 9 5 1 31 4 8 6 5 17.8677151203155518 196.820951597422209 
12 16 13 17 8 2.70999124060388841 3 13 8 1 33 7 18 19 6 6 22 3 2 6 10 17 15 2 3 16 12 9 12 8 12 28 11 10 7 2 14 26 3 5 4 10 18 1 5 1 3 4 3 18 12 16 15 2 4 30 1 9 14 11 25.9529069662094116 61.39330085734845 
12 16 13 17 8 2.70999124060388841 3 13 8 1 33 7 18 19 6 6 22 3 2 6 10 17 15 2 3 16 12 9 12 8 12 28 11 10 7 2 14 26 3 5 4 10 6 32 6 1 3 4 3 18 12 16 15 2 11 10 12 9 14 11 28.3071998357772827 59.6584813801567719 
12 16 13 17 8 2.70999124060388841 3 13 8 14 20 4 15 15 9 6 22 3 2 6 10 17 15 2 3 16 12 9 12 8 12 28 11 10 7 2 14 26 3 3.36768017929769181 24 8 18 1 5 1 3 4 3 18 12 16 15 2 14 20 6.96245171630185755 9 14 11 20.8924959003925323 100.739686324949886 
12 16 13 17 8 2.70999124060388841 3 13 8 1 33 7 18 19 6 6 22 3 2 6 10 17 15 2 3 16 12 9 12 8 12 28 11 10 7 2 14 26 3 2 32 9 18 1 5 1 3 4 3 18 12 16 15 2 11 10 12 9 14 11 26.5223267078399658 60.531552349507237 
13 3 2.70999124060388841 14 18 13 10 6 1 5 5 1 16 32 5 16 31 13 6 12 12 3 16 1 9.25570237641795579 15 3 2 31 9 12 6 10 4.94126535182462057 1 9.82524131762891173 14 11 10 2 2 1 17.8244721320812971 20 6 3 26 13 16 18 11 5 30 13 1 20 9 9 26 6 19.4330291748046875 182.113784137493269 
12 16 13 17 8 2.70999124060388841 3 13 8 1 33 7 18 19 6 6 22 3 2 6 10 17 15 2 3 16 12 9 12 8 12 28 11 10 7 2 14 26 3 15 31 7 18 1 5 1 3 4 3 18 12 16 15 2 14 28 9 9 14 11 23.3708108067512512 69.677982039514589 
1 33 2.70999124060388841 9.25570237641795579 7 6 17 24 9 4.94126535182462057 26 12 1 16 2 15 3 1 10 30 4 3 31 10 15 19 13 12 1 5 7 5 2 13 26 6 2 3 10 6 24 8 4 32 9.82524131762891173 14 15 7 17.8244721320812971 18 11 6 12 13 4 5 2 13 20 13 19.7318289279937744 161.578707893413792 
12 16 13 17 8 2.70999124060388841 3 13 8 1 33 7 18 19 6 6 22 3 2 6 10 17 15 2 3 16 12 4 30 13 12 28 11 10 7 2 14 26 3 5 4 10 18 1 5 1 3 4 3 18 12 16 15 2 11 10 12 9 14 11 28.9023598432540894 58.5169235969671178 
12 16 13 17 8 2.70999124060388841 3 13 8 1 33 7 18 19 6 6 22 3 2 6 10 17 15 2 3 16 12 9 12 8 12 28 11 10 7 2 14 26 3 6 32 6 18 1 5 1 3 4 3 18 12 16 15 2 12 2 1 9 14 11 23.6515108346939087 67.4655225361729407 
12 16 13 17 8 2.70999124060388841 3 13 8 1 33 7 18 19 6 6 22 3 2 6 10 17 15 2 3 16 12 9 12 8 12 28 11 10 7 2 14 26 3 5 4 10 18 1 5 1 3 4 3 18 12 16 15 2 12 2 13 9 14 11 26.3374510407447815 60.9220717338337039 
12 16 13 17 8 2.70999124060388841 3 13 8 1 33 7 18 19 6 6 22 3 2 6 10 17 15 2 3 16 12 9 12 8 12 28 11 10 7 2 14 26 3 5 4 10 6 24 9 1 3 4 3 18 12 16 15 2 11 9 13 9 14 11 25.6371051073074341 62.9974961730810534 
14 30 2.70999124060388841 15 16.1354543567662532 8 10 26 7 6 5 12 1 22 12 17 8.22565314501180467 5 3 31 5 1 28 2 6 20 9 12 19 8 13 32 2 15 16 2 8 32 9.82524131762891173 12 30 2 6 9 2 13 25 2 17 17 1 14 7 7 2 3 13.151007650947605 17 15 9 19.0364888608455658 195.993295102107936 

Current Evaluation = 30000000(30000040)
Front Size = 37
12 14 12 9 9 2.70999124060388841 3 13 8 1 33 7 15 32 11 15 26 9 2 6 10 17 15 2 3 16 12 9 12 8 17 30 2 6 33 3 14 26 3 1 28 2 18 1 5 1 3 4 3 18 12 16 15 2 12 30 2.70999124060388841 15 25 2 20.4412919878959656 122.483566686160074 
17 25 7 12 5 11 6 24 2.70999124060388841 2 15 6.96245171630185755 15 20 1 14 32 13 13 1 3.84646942076222631 15 26 11 1 13 5 13.2195649013323386 16 13 12 31.8448655754823804 3 15 2 10 12 18.140740276750666 2 4 19 2 8 16 10 15 3 2 10 20 11 1.62229798836725392 20 7 12 2 8 14 19 3 18.8408750295639038 196.721018578371542 
4 25 11 17 8 2.70999124060388841 3 13 8 1 33 7 18 19 6 15 26 9 2 6 10 17 15 2 3 16 12 9 12 8 12 28 11 6 31 13 14 26 3 14 14 10 18 1 5 1 3 4 3 18 12 16 15 2 1 32 11 15 25 2 20.9537198543548584 97.3271595618817287 
15 18 8 6 30 7 8 2 2 14 23 7 14 26 11 1 30 8 17 6 9 3.36768017929769181 12 9 13 1 9 13 24 7 15 30 7 12 13 12 1 17 6.96245171630185755 3 26 5 14 7 9 14 6 11 1 1 9 17 16 7 3 23 12 16 18 12 16.8874312043190002 255.410410934095154 
2 32 2.70999124060388841 17 24 4 13 32 9 3 13 1 1 33 9 2 5 1 16 30 12 11 25 4 14 16.1354543567662532 4 12 15 2 16 6 3.84646942076222631 17 24 6 10 23.4025356524426229 4 15 32 5 14 12 2 1 9 13 6 22 9 11 15 5 3 31 11 15 7 4 19.7056999802589417 175.796138072453886 
12 16 13 17 8 2.70999124060388841 3 13 8 1 33 7 6 18 8 15 26 9 2 6 10 17 15 2 3 16 12 9 12 8 14 26 8 11 31 10 14 26 3 14 5.34074699537910114 2 18 1 5 1 3 4 3 18 12 16 15 2 9.25570237641795579 6 5 15 25 2 20.1897608637809753 147.282308443943776 
15 1 8 12 25 3 17 3 13 3 18 11 17 31 1 3.36768017929769181 26 6.96245171630185755 6 15 1 1 14 3 16 30 2 14 1 3 13 23 6 3 19 13 1 7 7 14 5 9 2 26 6 6 1 4 10 6 7 9 12 1 5 15 4 12 15 11 19.1207369565963745 186.485973177149674 
12 16 13 17 8 2.70999124060388841 3 13 8 1 33 7 18 19 6 15 26 9 2 6 10 17 15 2 3 16 12 9 12 8 12 28 11 10 7 2 14 26 3 6 30 9 18 1 5 1 3 4 3 18 12 16 15 2 6 24 3 15 25 2 21.9814589023590088 77.6174977814492451 
12 16 13 17 8 2.70999124060388841 3 13 8 1 33 7 18 19 6 15 26 9 2 6 10 17 15 2 3 16 12 9 12 8 12 28 11 2 19 2 14 26 3 15 6 4 18 1 5 1 3 4 3 18 12 16 15 2 4 1 9 15 25 2 21.5651248097419739 90.8100264352691653 
16 5 13 15 28 4 4 32 4 3 30 1 16 15 5 14 32 9 8 22 1 14 24 12 1 24 11 10 26 9 6 5.34074699537910114 1 6 31 7 4 24 7 3 30 2 14 7 9 14 20 1 6 16 11 12 26 3 13 17 9 9.25570237641795579 15 9 17.5001220703125 209.229713990859494 
9 15 4 14 30 8 11 6 10 4 31 2 12 9 7 1 24 13 13 3 4 16 20 2 12 1 11 4 7 5 17 28 2 17 1 2.70999124060388841 14 15 13 17 23 12 4 24 11 3 19 9 1 26 8 14 9 5 1 31 4 8 6 5 17.8677151203155518 196.820951597422209 
1 33 2.70999124060388841 9.25570237641795579 7 6 17 24 9 4.94126535182462057 26 12 1 16 2 15 3 1 10 30 4 3 31 10 15 19 13 12 1 5 7 5 2 13 26 6 2 3 10 6 24 8 4 32 9.82524131762891173 14 15 7 17.8244721320812971 18 11 6 12 13 4 5 2 13 20 13 19.7318289279937744 161.578707893413792 
14 30 2.70999124060388841 15 16.1354543567662532 8 10 26 7 6 5 12 1 22 12 17 8.22565314501180467 5 3 31 5 1 28 2 6 20 9 12 19 8 13 32 2 15 16 2 8 32 9.82524131762891173 12 30 2 6 9 2 13 25 2 17 17 1 14 7 7 2 3 13.151007650947605 17 15 9 19.0364888608455658 195.993295102107936 
12 16 13 17 8 2.70999124060388841 3 13 8 1 33 7 15 26 9 6 22 3 2 6 10 17 15 2 3 16 12 9 12 8 12 28 11 10 7 2 14 26 3 6 6 1 18 1 5 1 3 4 3 18 12 16 15 2 4 32 6 9 14 11 21.9168839454650879 80.4883976290923187 
3 18 2 12 32 11 1 25 11 15 30 7 6 15 2 11 1 11 10 6 8 3 8 4 12 13 6 17 26 1 16 2 13 6 18 2.70999124060388841 9 17 9 4 2 7 3 26 6 1 1 5 16 12 3 6 6 1 10 24 10 14 26 4 19.2846539616584778 179.799884755767096 
12 16 13 17 8 2.70999124060388841 3 13 8 1 33 7 18 19 6 6 22 3 2 6 10 17 15 2 3 16 12 4 9 1 12 28 11 10 7 2 14 26 3 6 32 7 18 1 5 1 3 4 3 18 12 16 15 2 11 10 12 9 14 11 26.3624277114868164 56.02703209648854 
12 16 13 17 8 2.70999124060388841 3 13 8 1 33 7 18 19 6 6 22 3 2 6 10 17 15 2 3 16 12 4 9 1 12 28 11 10 7 2 14 26 3 6 32 7 18 1 5 1 3 4 3 18 12 16 15 2 12 25 11 9 14 11 23.1973369121551514 63.0002498495951926 
12 16 13 17 8 2.70999124060388841 3 13 8 1 33 7 14 24 9 6 22 3 2 6 10 17 15 2 3 16 12 4 9 1 12 28 11 10 7 2 14 26 3 6 32 7 18 1 5 1 3 4 4 18 11 16 15 2 11 10 12 9 14 11 24.6973156929016113 59.0380224068647337 
12 16 13 17 8 2.70999124060388841 3 13 8 1 33 7 2 20 9 6 22 3 2 6 10 17 15 2 3 16 12 9 30 4 12 28 11 10 7 2 14 26 3 6 32 7 18 1 5 1 3 4 3 18 12 16 15 2 14 9 4 9 14 11 21.4116650223731995 96.1263844070080324 
12 16 13 17 8 2.70999124060388841 3 13 8 1 33 7 18 19 6 6 22 3 2 6 10 17 15 2 3 16 12 4 9 1 12 28 11 10 7 2 14 26 3 6 32 7 18 1 5 1 3 4 3 18 12 16 15 2 10 2 8 9 14 11 23.9221599102020264 60.6211686137755876 
12 16 13 17 8 2.70999124060388841 3 13 8 1 33 7 18 19 6 6 22 3 2 6 10 17 15 2 3 16 12 4 9 1 12 28 11 10 7 2 14 26 3 6 32 7 15 23 5 1 3 4 3 18 12 16 15 2 11 10 12 9 14 11 25.9433436393737793 58.8213191043842301 
12 16 13 17 8 2.70999124060388841 3 13 8 1 33 7 12 20 12 6 22 3 2 6 10 17 15 2 3 16 12 4 9 1 12 28 11 10 7 2 14 26 3 6 32 7 18 1 5 1 3 4 3 18 12 16 15 2 6 6 4 9 14 11 21.705890953540802 85.6333501756769095 
12 16 13 17 8 2.70999124060388841 2 5 5 14 6 13 6 17 7 6 22 3 2 6 10 17 15 2 3 16 12 4 9 1 12 28 11 10 7 2 14 26 3 6 32 7 18 1 5 1 3 4 3 18 12 16 15 2 1 30 12 9 14 11 20.9063297510147095 97.5346236240753939 
12 16 13 17 8 2.70999124060388841 3 13 8 1 33 7 18 19 6 6 22 3 2 6 10 17 15 2 3 16 12 4 9 1 12 28 11 10 7 2 14 26 3 6 32 7 18 1 5 1 3 4 3 18 12 16 15 2 4 31 11 9 14 11 23.0869888663291931 63.4689984319199993 
12 26 13 17 8 2.70999124060388841 3 13 8 1 33 7 18 19 6 6 22 3 2 6 10 17 15 2 3 16 12 4 9 1 12 28 11 1 6 7 14 26 3 6 32 7 18 1 5 1 3 4 3 18 12 16 15 2 4 31 10 9 14 11 21.608991801738739 85.9927711177711274 
12 16 13 17 8 2.70999124060388841 3 13 8 1 33 7 18 19 6 6 22 3 2 6 10 17 15 2 3 16 12 4 9 1 12 28 11 10 7 2 14 26 3 6 32 7 18 1 5 1 3 4 3 18 12 16 15 2 10 5.34074699537910114 8 9 14 11 23.7991118431091309 61.3164576402126826 
12 16 13 17 8 2.70999124060388841 3 13 8 1 33 7 18 19 6 6 22 3 2 6 10 17 15 2 3 16 12 4 9 1 12 28 11 10 7 2 14 26 3 6 32 7 14 1 5 1 3 4 3 18 12 16 15 2 4 31 1 9 14 11 22.0559259057044983 63.9728878665881524 
12 16 13 17 8 2.70999124060388841 3 13 8 1 33 7 18 19 6 6 22 3 2 6 10 17 15 2 3 16 12 4 9 1 12 28 11 10 7 2 14 26 3 6 32 7 18 1 5 1 3 4 3 18 12 16 15 2 10 31 12 9 14 11 23.5821179151535034 61.9270510965501941 
12 16 13 17 8 2.70999124060388841 3 13 8 1 33 7 10 1 10 6 22 3 2 6 10 17 15 2 3 16 12 4 9 1 14 18 11 10 7 2 14 26 3 6 32 7 18 1 5 1 3 4 3 18 12 16 15 2 15 31 7 9 14 11 21.5396080613136292 94.216705516705531 
12 16 13 17 8 2.70999124060388841 3 13 8 1 33 7 14 6 12 6 22 3 2 6 10 17 15 2 3 16 12 4 9 1 12 28 11 10 7 2 14 26 3 6 32 7 14 7 13 1 3 4 3 18 12 16 15 2 14 31 9 9 14 11 20.6260020136833191 107.670392904997357 
12 16 13 17 8 2.70999124060388841 3 13 8 1 33 7 18 19 6 6 22 3 2 6 10 17 15 2 3 16 12 4 9 1 12 28 11 10 7 2 14 26 3 6 32 7 18 1 5 1 3 4 3 18 12 16 15 2 12 2 12 9 14 11 23.4666539430618286 62.6692894066735704 
12 16 13 16 31 2.70999124060388841 3 13 8 1 33 7 18 19 6 6 22 3 2 6 10 17 15 2 3 16 12 4 9 1 12 28 11 10 7 2 14 26 3 6 32 7 18 1 5 1 3 4 3 18 12 16 15 2 11 10 12 9 14 11 25.9556717872619629 57.7126382100020408 
12 16 13 17 8 2.70999124060388841 3 13 8 1 33 7 2 24 1 6 22 3 2 6 10 17 15 2 3 16 12 4 9 1 12 28 11 10 7 2 14 26 3 6 32 7 6 22 3 1 3 4 3 18 12 16 15 2 1 12 4 9 14 11 21.401453971862793 97.1776712627041661 
12 16 13 17 8 2.70999124060388841 3 13 8 1 33 7 3 24 13 6 22 3 2 6 10 17 15 2 3 16 12 4 9 1 12 28 11 15 15 11 14 26 3 6 32 7 18 1 5 1 3 4 3 18 12 16 15 2 14 32 9 9 14 11 20.7643709182739258 102.809046509046496 
12 16 13 17 8 2.70999124060388841 3 13 8 1 33 7 1 6 9 6 22 3 2 6 10 17 15 2 3 16 12 4 9 1 12 28 11 10 7 2 14 26 3 6 32 7 18 1 5 1 3 4 3 18 12 16 15 2 14 22 2 9 14 11 21.7538028359413147 81.808755133755156 
12 16 13 17 8 2.70999124060388841 3 13 8 1 33 7 15 23 9 6 22 3 2 6 10 17 15 2 3 16 12 4 9 1 3.36768017929769181 12 1 10 7 2 14 26 3 6 32 7 18 1 5 1 3 4 3 18 12 16 15 2 8 20 2 9 14 11 21.843859851360321 80.9230289988650213 
3.36768017929769181 31 6 17 8 2.70999124060388841 3 13 8 1 25 6.96245171630185755 1 6 5 6 22 3 2 6 10 17 15 2 3 16 12 4 9 1 12 28 11 10 7 2 14 26 3 6 32 7 18 1 5 1 3 4 3 18 12 16 15 2 12 30 1 9 14 11 20.8786329030990601 98.1482368232368287 

Current Evaluation = 40000000(40000100)
Front Size = 41
17 25 7 12 5 11 6 24 2.70999124060388841 2 15 6.96245171630185755 15 20 1 14 32 13 13 1 3.84646942076222631 15 26 11 1 13 5 13.2195649013323386 16 13 12 31.8448655754823804 3 15 2 10 12 18.140740276750666 2 4 19 2 8 16 10 15 3 2 10 20 11 1.62229798836725392 20 7 12 2 8 14 19 3 18.8408750295639038 196.721018578371542 
15 18 8 6 30 7 8 2 2 14 23 7 14 26 11 1 30 8 17 6 9 3.36768017929769181 12 9 13 1 9 13 24 7 15 30 7 12 13 12 1 17 6.96245171630185755 3 26 5 14 7 9 14 6 11 1 1 9 17 16 7 3 23 12 16 18 12 16.8874312043190002 255.410410934095154 
2 32 2.70999124060388841 17 24 4 13 32 9 3 13 1 1 33 9 2 5 1 16 30 12 11 25 4 14 16.1354543567662532 4 12 15 2 16 6 3.84646942076222631 17 24 6 10 23.4025356524426229 4 15 32 5 14 12 2 1 9 13 6 22 9 11 15 5 3 31 11 15 7 4 19.7056999802589417 175.796138072453886 
15 1 8 12 25 3 17 3 13 3 18 11 17 31 1 3.36768017929769181 26 6.96245171630185755 6 15 1 1 14 3 16 30 2 14 1 3 13 23 6 3 19 13 1 7 7 14 5 9 2 26 6 6 1 4 10 6 7 9 12 1 5 15 4 12 15 11 19.1207369565963745 186.485973177149674 
16 5 13 15 28 4 4 32 4 3 30 1 16 15 5 14 32 9 8 22 1 14 24 12 1 24 11 10 26 9 6 5.34074699537910114 1 6 31 7 4 24 7 3 30 2 14 7 9 14 20 1 6 16 11 12 26 3 13 17 9 9.25570237641795579 15 9 17.5001220703125 209.229713990859494 
9 15 4 14 30 8 11 6 10 4 31 2 12 9 7 1 24 13 13 3 4 16 20 2 12 1 11 4 7 5 17 28 2 17 1 2.70999124060388841 14 15 13 17 23 12 4 24 11 3 19 9 1 26 8 14 9 5 1 31 4 8 6 5 17.8677151203155518 196.820951597422209 
1 33 2.70999124060388841 9.25570237641795579 7 6 17 24 9 4.94126535182462057 26 12 1 16 2 15 3 1 10 30 4 3 31 10 15 19 13 12 1 5 7 5 2 13 26 6 2 3 10 6 24 8 4 32 9.82524131762891173 14 15 7 17.8244721320812971 18 11 6 12 13 4 5 2 13 20 13 19.7318289279937744 161.578707893413792 
14 30 2.70999124060388841 15 16.1354543567662532 8 10 26 7 6 5 12 1 22 12 17 8.22565314501180467 5 3 31 5 1 28 2 6 20 9 12 19 8 13 32 2 15 16 2 8 32 9.82524131762891173 12 30 2 6 9 2 13 25 2 17 17 1 14 7 7 2 3 13.151007650947605 17 15 9 19.0364888608455658 195.993295102107936 
3 18 2 12 32 11 1 25 11 15 30 7 6 15 2 11 1 11 10 6 8 3 8 4 12 13 6 17 26 1 16 2 13 6 18 2.70999124060388841 9 17 9 4 2 7 3 26 6 1 1 5 16 12 3 6 6 1 10 24 10 14 26 4 19.2846539616584778 179.799884755767096 
12 16 13 17 8 2.70999124060388841 3 13 8 1 33 7 18 19 6 6 22 3 2 6 10 17 15 2 3 16 12 4 9 1 12 28 11 10 7 2 14 26 3 6 32 7 14 1 5 1 3 4 3 18 12 16 15 2 4 31 1 9 14 11 22.0559259057044983 63.9728878665881524 
12 16 13 17 8 2.70999124060388841 3 13 8 1 33 7 14 6 12 6 22 3 2 6 10 17 15 2 3 16 12 4 9 1 12 28 11 10 7 2 14 26 3 6 32 7 14 7 13 1 3 4 3 18 12 16 15 2 14 31 9 9 14 11 20.6260020136833191 107.670392904997357 
12 16 13 16 31 2.70999124060388841 3 13 8 1 33 7 18 19 6 6 22 3 2 6 10 17 15 2 3 16 12 4 9 1 12 28 11 10 7 2 14 26 3 6 32 7 18 1 5 1 3 4 3 18 12 16 15 2 11 10 12 9 14 11 25.9556717872619629 57.7126382100020408 
12 16 13 17 8 2.70999124060388841 3 13 8 1 33 7 15 32 10 6 22 3 2 6 10 17 15 2 3 16 12 4 9 1 12 28 11 10 7 2 14 26 3 6 32 7 14 20 5 1 3 4 3 18 12 16 15 2 9 6 10 9 14 11 20.760765016078949 94.3140981422288007 
12 16 13 17 8 2.70999124060388841 3 13 8 1 33 7 18 19 6 6 22 3 2 6 10 17 15 2 3 16 12 4 9 1 12 28 11 1 20 9 14 26 3 6 32 7 15 5 2 1 3 4 3 18 12 16 15 2 14 26 10 9 14 11 20.9785138964653015 87.1224785090936251 
12 16 13 17 8 2.70999124060388841 3 13 8 1 33 7 18 19 6 6 22 3 2 6 10 17 15 2 3 16 12 4 9 1 12 28 11 10 7 2 14 26 3 6 32 7 18 1 5 1 3 4 15 18 6 16 15 2 11 10 12 9 14 11 26.2936496734619141 56.1048391975889515 
12 16 13 17 8 2.70999124060388841 3 13 8 1 33 7 13 5.34074699537910114 13 6 22 3 2 6 10 17 15 2 3 16 12 4 9 1 12 28 11 4 20 9 14 26 3 6 32 7 18 1 5 1 3 4 3 18 12 16 15 2 14 32 11 9 14 11 20.7066438794136047 101.762299841466969 
12 9 12 17 8 2.70999124060388841 3 13 8 1 33 7 14 32 10 6 22 3 2 6 10 17 15 2 3 16 12 4 9 1 12 28 11 10 7 2 14 26 3 6 32 7 18 1 5 1 3 4 3 18 12 16 15 2 14 25 5 13 2 3 21.0054070353507996 84.6258807920793004 
12 16 13 17 8 2.70999124060388841 3 13 8 1 33 7 18 19 6 6 22 3 2 6 10 17 15 2 3 16 12 4 9 1 12 28 11 10 7 2 14 26 3 6 32 7 18 1 5 1 3 4 3 18 12 16 15 2 12 2 8 9 14 11 23.5078538656234741 58.6948589205773885 
12 16 13 17 8 2.70999124060388841 3 13 8 1 33 7 5 23 9 6 22 3 2 6 10 17 15 2 3 16 12 4 9 1 12 28 11 10 7 2 14 26 3 6 32 7 18 1 5 1 3 4 3 18 12 16 15 2 11 10 12 9 14 11 26.0475096702575684 57.6950563648718031 
12 16 13 17 8 2.70999124060388841 3 13 8 1 33 7 18 19 6 6 22 3 2 6 10 17 15 2 3 16 12 4 9 1 12 28 11 10 7 2 14 26 3 6 32 7 18 1 5 1 3 4 3 18 12 16 15 2 12 30 2 9 14 11 23.0135469436645508 62.2710361502012404 
12 16 13 17 8 2.70999124060388841 3 13 8 1 33 7 14 32 6 6 22 3 2 6 10 17 15 2 3 16 12 4 9 1 12 28 11 10 7 2 14 26 3 6 32 7 18 1 5 1 3 4 3 18 12 16 15 2 12 9 2.70999124060388841 9 14 11 21.8829329013824463 69.9463425463425494 
12 16 13 17 8 2.70999124060388841 15 18 4 6 19 9 5 5 6 6 22 3 2 6 10 17 15 2 3 16 12 4 9 1 12 28 11 10 7 2 14 26 3 6 32 7 15 19 5 1 3 4 3 18 12 16 15 2 12 24 4 9 14 11 20.9194809794425964 89.2502104339195483 
12 16 13 17 8 2.70999124060388841 3 13 8 1 33 7 18 19 6 6 22 3 2 6 10 17 15 2 3 16 12 4 9 1 12 28 11 10 7 2 14 26 3 6 32 7 18 1 5 1 3 4 3 18 12 16 15 2 4 30 11 9 14 11 22.9867098927497864 62.6704940476508057 
12 16 13 17 8 2.70999124060388841 3 13 8 1 33 7 15 19 9 6 22 3 2 6 10 17 15 2 3 16 12 4 9 1 12 28 11 10 7 2 14 26 3 6 32 7 18 1 5 1 3 4 3 18 12 16 15 2 11 10 12 9 14 11 25.2985127568244934 57.8953033814814546 
12 16 13 17 8 2.70999124060388841 3 13 8 1 33 7 18 19 6 6 22 3 2 6 10 17 15 2 3 16 12 4 9 1 12 28 11 10 7 2 14 26 3 6 32 7 18 1 5 1 3 4 3 18 12 16 15 2 4 31 2.70999124060388841 9 14 11 23.0464028120040894 61.9505855058186299 
3.36768017929769181 32 1 9.25570237641795579 31 10 9 9 1 16 26 13 9 30 11 14 33 4 15 20 5 18 6 12 14 13 3.84646942076222631 16 6 12 4 1 2 12 17 10 1 3 9 14 26 9 8 32 6 3 7 1 13.2195649013323386 3 8 10 31.8448655754823804 2 6 24 13 1 30 5 19.4767837822437286 178.248001387169808 
12 16 13 17 8 2.70999124060388841 3 13 8 1 33 7 1 20 9 12 2 8 2 6 10 17 15 2 3 16 12 4 9 1 12 28 11 3.36768017929769181 20 8 14 26 3 6 32 7 1 1 4 1 3 4 3 18 12 16 15 2 13 5 6 9 14 11 20.1132829189300537 119.430440584062296 
12 16 13 17 8 2.70999124060388841 3 13 8 1 33 7 18 19 6 6 22 3 2 6 10 17 15 2 3 16 12 4 9 1 12 28 11 10 7 2 14 26 3 6 32 7 18 1 5 1 3 4 3 18 12 16 15 2 14 12 1 9 14 11 22.9471348524093628 63.5262611900769727 
12 16 13 17 8 2.70999124060388841 3 13 8 1 33 7 14 26 12 6 22 3 2 6 10 17 15 2 3 16 12 4 9 1 12 28 11 10 7 2 14 26 3 6 32 7 15 20 10 1 3 4 3 18 12 16 15 2 14 5 11 9 14 11 20.7240350246429443 100.578440309690308 
12 16 13 17 8 2.70999124060388841 11 25 8 1 33 7 18 19 6 6 22 3 2 6 10 17 15 2 3 16 12 4 9 1 12 28 11 10 7 2 14 26 3 6 32 7 18 1 5 1 3 4 3 18 12 16 15 2 4 10 8 9 14 11 26.0656826496124268 56.3926804416084835 
12 16 13 17 8 2.70999124060388841 3 13 8 1 33 7 18 19 6 6 22 3 2 6 10 17 15 2 3 16 12 4 9 1 12 28 11 10 7 2 14 26 3 6 32 7 18 1 5 1 3 4 3 18 12 16 15 2 12 6 13 9 14 11 23.1029098629951477 60.1407931255372077 
12 16 13 17 8 2.70999124060388841 3 13 8 1 33 7 18 19 6 6 22 3 2 6 10 17 15 2 3 16 12 4 9 1 12 28 11 10 7 2 14 26 3 6 32 7 18 1 5 1 3 4 3 18 12 16 15 2 4 2 8 9 14 11 23.4404308795928955 59.6353465394130282 
12 16 13 17 8 2.70999124060388841 3 13 8 1 33 7 18 19 6 6 22 3 2 6 10 17 15 2 3 16 12 4 9 1 12 28 11 10 7 2 14 26 3 6 32 7 18 1 5 1 3 4 3 18 12 16 15 2 11 2 13 9 14 11 24.0067399740219116 58.4930485250414591 
12 16 13 17 8 2.70999124060388841 3 13 8 1 33 7 18 19 6 6 22 3 2 6 10 17 15 2 3 16 12 4 9 1 12 28 11 10 7 2 14 26 3 6 32 7 18 1 5 1 3 4 3 18 12 16 15 2 11 10 12 9 14 11 26.3624277114868164 55.071449071794909 
12 16 13 17 8 2.70999124060388841 3 13 8 1 33 7 18 19 6 6 22 3 2 6 10 17 15 2 3 16 12 4 9 1 12 28 11 10 7 2 14 26 3 6 32 7 18 1 5 1 3 4 3 18 12 16 15 2 12 2 12 9 14 11 23.4666539430618286 59.2678967095091309 
12 16 13 17 8 2.70999124060388841 3 13 8 1 33 7 18 19 6 6 22 3 2 6 10 17 15 2 3 16 12 4 9 1 12 28 11 10 7 2 14 26 3 6 32 7 14 6 9 1 3 4 3 18 12 16 15 2 4 5 11 9 14 11 21.9579609036445618 69.0712805858081538 
12 16 13 17 8 2.70999124060388841 3 13 8 1 33 7 18 19 6 6 22 3 2 6 10 17 15 2 3 16 12 4 9 1 12 28 11 10 7 2 14 26 3 6 32 7 18 1 5 1 3 4 3 18 12 16 15 2 4 24 13 9 14 11 23.0773218870162964 61.2670382690351687 
12 16 13 17 8 2.70999124060388841 3 13 8 1 33 7 8 26 12 6 22 3 2 6 10 17 15 2 3 16 12 4 9 1 14 18 11 10 7 2 14 26 3 6 32 7 18 1 5 1 3 4 3 18 12 16 15 2 14 24 5 15 30 9 20.3794119954109192 108.605767252994369 
12 16 13 17 8 2.70999124060388841 3 13 8 1 33 7 14 26 6 6 22 3 2 6 10 17 15 2 3 16 12 4 9 1 6 31 7 10 7 2 14 26 3 6 32 7 18 1 5 1 3 4 3 18 12 16 15 2 12 12 7 9 14 11 20.8457528948783875 93.884941096386882 
12 16 13 17 8 2.70999124060388841 3 13 8 1 33 7 14 26 3 6 22 3 2 6 10 17 15 2 3 16 12 4 9 1 12 28 11 10 7 2 14 26 3 6 32 7 18 1 5 1 3 4 3 18 12 16 15 2 14 30 9 9 14 11 21.2205239534378052 71.3484390669529773 
12 16 13 17 8 2.70999124060388841 3 13 8 1 33 7 18 19 6 6 22 3 2 6 10 17 15 2 3 16 12 4 9 1 12 28 11 10 7 2 14 26 3 6 32 7 18 1 5 1 3 4 3 18 12 16 15 2 11 2 1 9 14 11 24.0887398719787598 58.1021534522301693 

Current Evaluation = 50000000(50000020)
Front Size = 41
17 25 7 12 5 11 6 24 2.70999124060388841 2 15 6.96245171630185755 15 20 1 14 32 13 13 1 3.84646942076222631 15 26 11 1 13 5 13.2195649013323386 16 13 12 31.8448655754823804 3 15 2 10 12 18.140740276750666 2 4 19 2 8 16 10 15 3 2 10 20 11 1.62229798836725392 20 7 12 2 8 14 19 3 18.8408750295639038 196.721018578371542 
15 18 8 6 30 7 8 2 2 14 23 7 14 26 11 1 30 8 17 6 9 3.36768017929769181 12 9 13 1 9 13 24 7 15 30 7 12 13 12 1 17 6.96245171630185755 3 26 5 14 7 9 14 6 11 1 1 9 17 16 7 3 23 12 16 18 12 16.8874312043190002 255.410410934095154 
2 32 2.70999124060388841 17 24 4 13 32 9 3 13 1 1 33 9 2 5 1 16 30 12 11 25 4 14 16.1354543567662532 4 12 15 2 16 6 3.84646942076222631 17 24 6 10 23.4025356524426229 4 15 32 5 14 12 2 1 9 13 6 22 9 11 15 5 3 31 11 15 7 4 19.7056999802589417 175.796138072453886 
15 1 8 12 25 3 17 3 13 3 18 11 17 31 1 3.36768017929769181 26 6.96245171630185755 6 15 1 1 14 3 16 30 2 14 1 3 13 23 6 3 19 13 1 7 7 14 5 9 2 26 6 6 1 4 10 6 7 9 12 1 5 15 4 12 15 11 19.1207369565963745 186.485973177149674 
16 5 13 15 28 4 4 32 4 3 30 1 16 15 5 14 32 9 8 22 1 14 24 12 1 24 11 10 26 9 6 5.34074699537910114 1 6 31 7 4 24 7 3 30 2 14 7 9 14 20 1 6 16 11 12 26 3 13 17 9 9.25570237641795579 15 9 17.5001220703125 209.229713990859494 
9 15 4 14 30 8 11 6 10 4 31 2 12 9 7 1 24 13 13 3 4 16 20 2 12 1 11 4 7 5 17 28 2 17 1 2.70999124060388841 14 15 13 17 23 12 4 24 11 3 19 9 1 26 8 14 9 5 1 31 4 8 6 5 17.8677151203155518 196.820951597422209 
1 33 2.70999124060388841 9.25570237641795579 7 6 17 24 9 4.94126535182462057 26 12 1 16 2 15 3 1 10 30 4 3 31 10 15 19 13 12 1 5 7 5 2 13 26 6 2 3 10 6 24 8 4 32 9.82524131762891173 14 15 7 17.8244721320812971 18 11 6 12 13 4 5 2 13 20 13 19.7318289279937744 161.578707893413792 
3 18 2 12 32 11 1 25 11 15 30 7 6 15 2 11 1 11 10 6 8 3 8 4 12 13 6 17 26 1 16 2 13 6 18 2.70999124060388841 9 17 9 4 2 7 3 26 6 1 1 5 16 12 3 6 6 1 10 24 10 14 26 4 19.2846539616584778 179.799884755767096 
12 16 13 17 8 2.70999124060388841 3 13 8 1 33 7 18 19 6 6 22 3 2 6 10 17 15 2 3 16 12 4 9 1 12 28 11 10 7 2 14 26 3 6 32 7 14 1 5 1 3 4 3 18 12 16 15 2 4 31 1 9 14 11 22.0559259057044983 63.9728878665881524 
12 16 13 17 8 2.70999124060388841 3 13 8 1 33 7 15 32 10 6 22 3 2 6 10 17 15 2 3 16 12 4 9 1 12 28 11 10 7 2 14 26 3 6 32 7 14 20 5 1 3 4 3 18 12 16 15 2 9 6 10 9 14 11 20.760765016078949 94.3140981422288007 
12 16 13 17 8 2.70999124060388841 3 13 8 1 33 7 18 19 6 6 22 3 2 6 10 17 15 2 3 16 12 4 9 1 12 28 11 10 7 2 14 26 3 6 32 7 18 1 5 1 3 4 15 18 6 16 15 2 11 10 12 9 14 11 26.2936496734619141 56.1048391975889515 
12 9 12 17 8 2.70999124060388841 3 13 8 1 33 7 14 32 10 6 22 3 2 6 10 17 15 2 3 16 12 4 9 1 12 28 11 10 7 2 14 26 3 6 32 7 18 1 5 1 3 4 3 18 12 16 15 2 14 25 5 13 2 3 21.0054070353507996 84.6258807920793004 
12 16 13 17 8 2.70999124060388841 3 13 8 1 33 7 18 19 6 6 22 3 2 6 10 17 15 2 3 16 12 4 9 1 12 28 11 10 7 2 14 26 3 6 32 7 18 1 5 1 3 4 3 18 12 16 15 2 12 2 8 9 14 11 23.5078538656234741 58.6948589205773885 
12 16 13 17 8 2.70999124060388841 3 13 8 1 33 7 18 19 6 6 22 3 2 6 10 17 15 2 3 16 12 4 9 1 12 28 11 10 7 2 14 26 3 6 32 7 18 1 5 1 3 4 3 18 12 16 15 2 12 30 2 9 14 11 23.0135469436645508 62.2710361502012404 
12 16 13 17 8 2.70999124060388841 3 13 8 1 33 7 14 32 6 6 22 3 2 6 10 17 15 2 3 16 12 4 9 1 12 28 11 10 7 2 14 26 3 6 32 7 18 1 5 1 3 4 3 18 12 16 15 2 12 9 2.70999124060388841 9 14 11 21.8829329013824463 69.9463425463425494 
12 16 13 17 8 2.70999124060388841 3 13 8 1 33 7 18 19 6 6 22 3 2 6 10 17 15 2 3 16 12 4 9 1 12 28 11 10 7 2 14 26 3 6 32 7 18 1 5 1 3 4 3 18 12 16 15 2 4 30 11 9 14 11 22.9867098927497864 62.6704940476508057 
3.36768017929769181 32 1 9.25570237641795579 31 10 9 9 1 16 26 13 9 30 11 14 33 4 15 20 5 18 6 12 14 13 3.84646942076222631 16 6 12 4 1 2 12 17 10 1 3 9 14 26 9 8 32 6 3 7 1 13.2195649013323386 3 8 10 31.8448655754823804 2 6 24 13 1 30 5 19.4767837822437286 178.248001387169808 
12 16 13 17 8 2.70999124060388841 3 13 8 1 33 7 18 19 6 6 22 3 2 6 10 17 15 2 3 16 12 4 9 1 12 28 11 10 7 2 14 26 3 6 32 7 18 1 5 1 3 4 3 18 12 16 15 2 14 12 1 9 14 11 22.9471348524093628 63.5262611900769727 
12 16 13 17 8 2.70999124060388841 11 25 8 1 33 7 18 19 6 6 22 3 2 6 10 17 15 2 3 16 12 4 9 1 12 28 11 10 7 2 14 26 3 6 32 7 18 1 5 1 3 4 3 18 12 16 15 2 4 10 8 9 14 11 26.0656826496124268 56.3926804416084835 
12 16 13 17 8 2.70999124060388841 3 13 8 1 33 7 18 19 6 6 22 3 2 6 10 17 15 2 3 16 12 4 9 1 12 28 11 10 7 2 14 26 3 6 32 7 18 1 5 1 3 4 3 18 12 16 15 2 12 6 13 9 14 11 23.1029098629951477 60.1407931255372077 
12 16 13 17 8 2.70999124060388841 3 13 8 1 33 7 18 19 6 6 22 3 2 6 10 17 15 2 3 16 12 4 9 1 12 28 11 10 7 2 14 26 3 6 32 7 18 1 5 1 3 4 3 18 12 16 15 2 11 10 12 9 14 11 26.3624277114868164 55.071449071794909 
12 16 13 17 8 2.70999124060388841 3 13 8 1 33 7 18 19 6 6 22 3 2 6 10 17 15 2 3 16 12 4 9 1 12 28 11 10 7 2 14 26 3 6 32 7 14 6 9 1 3 4 3 18 12 16 15 2 4 5 11 9 14 11 21.9579609036445618 69.0712805858081538 
12 16 13 17 8 2.70999124060388841 3 13 8 1 33 7 14 26 3 6 22 3 2 6 10 17 15 2 3 16 12 4 9 1 12 28 11 10 7 2 14 26 3 6 32 7 18 1 5 1 3 4 3 18 12 16 15 2 14 30 9 9 14 11 21.2205239534378052 71.3484390669529773 
3.36768017929769181 31 3 13 2 1 4 28 7 2 12 6.96245171630185755 16 20 2 6 12 3 17 15 2 12 1 10 13 26 4 10 24 2 6 20 1 17 12 13 5 2 9 15 20 3.84646942076222631 6 15 2 3 9 10 10 32 9 1 26 12 6 23.4025356524426229 8 16 6 11 18.9645069241523743 191.979158064158014 
8 15 4 17 8 2.70999124060388841 3 13 8 6 6 5 18 19 6 6 22 3 2 6 10 17 15 2 3 16 12 4 9 1 12 28 11 13 20 12 14 26 3 6 32 7 18 1 5 1 3 4 3 18 12 16 15 2 14 30 4 9 14 11 20.5217478573322296 101.210591974495955 
12 16 13 17 8 2.70999124060388841 3 13 8 1 33 7 14 1 7 6 22 3 2 6 10 17 15 2 3 16 12 4 9 1 12 28 11 2 32 3 14 26 3 6 32 7 18 1 5 1 3 4 3 18 12 16 15 2 15 24 13 9 14 11 20.8327738642692566 86.0149759480286065 
12 16 13 17 8 2.70999124060388841 3 13 8 1 33 7 14 12 6 6 22 3 2 6 10 4 24 2 3 16 12 4 9 1 16 25 12 6 24 2 14 26 3 6 32 7 18 1 5 1 3 4 3 18 12 16 15 2 4 16 4 9 14 11 20.1953389048576355 103.29705428300629 
12 16 13 17 8 2.70999124060388841 3 13 8 1 33 7 3 24 10 6 22 3 2 6 10 17 15 2 3 16 12 4 9 1 12 28 11 14 20 9 14 26 3 6 32 7 18 1 5 1 3 4 3 18 12 16 15 2 15 1 10 9 14 11 20.5893009305000305 99.0237552502454292 
12 16 13 17 8 2.70999124060388841 3 13 8 1 33 7 15 24 9 6 22 3 2 6 10 17 15 2 3 16 12 4 9 1 12 28 11 10 7 2 14 26 3 6 32 7 18 1 5 1 3 4 3 18 12 16 15 2 12 9 8 9 14 11 22.0273968577384949 65.7365699315223821 
14 26 5 2 6 4 4 16 6 3 18 8 10 14 13 1 15 8 12 9 2.70999124060388841 16 24 4 14 1 6 9.25570237641795579 25 12 13 2 4 14 17 12 1 20 8 13 28 13 18 24 5 16 31 1 6 3 6 12 23 7 17 14 3.84646942076222631 4 32 7 19.9088319540023804 157.897470842549779 
12 16 13 17 8 2.70999124060388841 3 13 8 1 33 7 18 19 6 6 22 3 2 6 10 17 15 2 3 16 12 4 9 1 12 28 11 10 7 2 14 26 3 6 32 7 18 1 5 1 3 4 3 18 12 16 15 2 4 2 8 9 14 11 23.4404308795928955 59.1601678821279435 
12 16 13 17 8 2.70999124060388841 3 13 8 1 33 7 18 19 6 6 22 3 2 6 10 17 15 2 3 16 12 4 9 1 12 28 11 10 7 2 14 26 3 6 32 7 18 1 5 1 3 4 3 18 12 16 15 2 12 30 11 9 14 11 23.0541329383850098 60.5655577941598935 
12 16 13 17 8 2.70999124060388841 3 13 8 1 33 7 18 19 6 6 22 3 2 6 10 16 30 2.70999124060388841 3 16 12 4 9 1 12 28 11 10 7 2 14 26 3 6 32 7 18 1 5 1 3 4 3 18 12 16 15 2 11 10 12 9 14 11 26.2111507654190063 56.2535260848827789 
12 16 13 17 8 2.70999124060388841 3 13 8 1 33 7 14 32 9 6 22 3 2 6 10 17 15 2 3 16 12 4 9 1 12 28 11 10 7 2 14 26 3 6 32 7 18 1 5 1 3 4 3 18 12 16 15 2 1 2 1 9 14 11 21.8634060025215149 70.8306366148471511 
12 16 13 17 8 2.70999124060388841 3 13 8 1 33 7 18 19 6 6 22 3 2 6 10 17 15 2 3 16 12 4 9 1 12 28 11 10 7 2 14 26 3 6 32 7 18 1 5 1 3 4 3 18 12 16 15 2 10 2 8 9 14 11 23.9221599102020264 58.0291001489435843 
12 16 13 17 8 2.70999124060388841 3 13 8 1 33 7 18 19 6 6 22 3 2 6 10 17 15 2 3 16 12 4 9 1 12 28 11 10 7 2 14 26 3 6 32 7 18 1 5 1 3 4 3 18 12 16 15 2 4 30 8 9 14 11 23.0413098335266113 61.3662581935851463 
12 16 13 17 8 2.70999124060388841 3 13 8 1 33 7 14 26 9 6 22 3 2 6 10 17 15 2 3 16 12 4 9 1 12 28 11 10 7 2 14 26 3 6 32 7 18 1 5 1 3 4 3 18 12 16 15 2 4 13 8 9 14 11 21.9146309196949005 69.4070536174496624 
12 16 13 17 8 2.70999124060388841 3 13 8 1 33 7 18 19 6 6 22 3 2 6 10 17 15 2 3 16 12 4 9 1 12 28 11 10 7 2 14 26 3 6 32 7 18 1 5 1 3 4 3 18 12 16 15 2 10 2 1 9 14 11 23.9629600048065186 56.9294716237988823 
12 16 13 17 8 2.70999124060388841 3 13 8 1 33 7 1 32 2 6 22 3 2 6 10 17 15 2 3 16 12 4 9 1 13 6 2 15 31 4 14 26 3 6 32 7 18 1 5 1 3 4 3 18 12 16 15 2 2 31 11 9 14 11 20.0869699120521545 117.004645107369825 
12 16 13 17 8 2.70999124060388841 3 13 8 1 33 7 14 19 5 6 22 3 2 6 10 17 15 2 3 16 12 4 9 1 12 28 11 10 7 2 14 26 3 6 32 7 18 1 5 1 3 4 3 18 12 16 15 2 15 6 10 9 14 11 21.7700418829917908 71.1029360357718616 
12 16 13 17 8 2.70999124060388841 3 13 8 1 33 7 18 19 6 6 22 3 2 6 10 17 15 2 3 16 12 4 9 1 12 28 11 10 7 2 14 26 3 6 32 7 18 1 5 1 3 4 3 18 12 16 15 2 4 30 13 9 14 11 23.000109851360321 62.5949906729524841 

Current Evaluation = 60000000(60000080)
Front Size = 32
15 18 8 6 30 7 8 2 2 14 23 7 14 26 11 1 30 8 17 6 9 3.36768017929769181 12 9 13 1 9 13 24 7 15 30 7 12 13 12 1 17 6.96245171630185755 3 26 5 14 7 9 14 6 11 1 1 9 17 16 7 3 23 12 16 18 12 16.8874312043190002 255.410410934095154 
2 32 2.70999124060388841 17 24 4 13 32 9 3 13 1 1 33 9 2 5 1 16 30 12 11 25 4 14 16.1354543567662532 4 12 15 2 16 6 3.84646942076222631 17 24 6 10 23.4025356524426229 4 15 32 5 14 12 2 1 9 13 6 22 9 11 15 5 3 31 11 15 7 4 19.7056999802589417 175.796138072453886 
15 1 8 12 25 3 17 3 13 3 18 11 17 31 1 3.36768017929769181 26 6.96245171630185755 6 15 1 1 14 3 16 30 2 14 1 3 13 23 6 3 19 13 1 7 7 14 5 9 2 26 6 6 1 4 10 6 7 9 12 1 5 15 4 12 15 11 19.1207369565963745 186.485973177149674 
16 5 13 15 28 4 4 32 4 3 30 1 16 15 5 14 32 9 8 22 1 14 24 12 1 24 11 10 26 9 6 5.34074699537910114 1 6 31 7 4 24 7 3 30 2 14 7 9 14 20 1 6 16 11 12 26 3 13 17 9 9.25570237641795579 15 9 17.5001220703125 209.229713990859494 
9 15 4 14 30 8 11 6 10 4 31 2 12 9 7 1 24 13 13 3 4 16 20 2 12 1 11 4 7 5 17 28 2 17 1 2.70999124060388841 14 15 13 17 23 12 4 24 11 3 19 9 1 26 8 14 9 5 1 31 4 8 6 5 17.8677151203155518 196.820951597422209 
1 33 2.70999124060388841 9.25570237641795579 7 6 17 24 9 4.94126535182462057 26 12 1 16 2 15 3 1 10 30 4 3 31 10 15 19 13 12 1 5 7 5 2 13 26 6 2 3 10 6 24 8 4 32 9.82524131762891173 14 15 7 17.8244721320812971 18 11 6 12 13 4 5 2 13 20 13 19.7318289279937744 161.578707893413792 
3 18 2 12 32 11 1 25 11 15 30 7 6 15 2 11 1 11 10 6 8 3 8 4 12 13 6 17 26 1 16 2 13 6 18 2.70999124060388841 9 17 9 4 2 7 3 26 6 1 1 5 16 12 3 6 6 1 10 24 10 14 26 4 19.2846539616584778 179.799884755767096 
12 16 13 17 8 2.70999124060388841 3 13 8 1 33 7 18 19 6 6 22 3 2 6 10 17 15 2 3 16 12 4 9 1 12 28 11 10 7 2 14 26 3 6 32 7 14 1 5 1 3 4 3 18 12 16 15 2 4 31 1 9 14 11 22.0559259057044983 63.9728878665881524 
12 16 13 17 8 2.70999124060388841 3 13 8 1 33 7 18 19 6 6 22 3 2 6 10 17 15 2 3 16 12 4 9 1 12 28 11 10 7 2 14 26 3 6 32 7 18 1 5 1 3 4 3 18 12 16 15 2 4 30 11 9 14 11 22.9867098927497864 62.6704940476508057 
3.36768017929769181 32 1 9.25570237641795579 31 10 9 9 1 16 26 13 9 30 11 14 33 4 15 20 5 18 6 12 14 13 3.84646942076222631 16 6 12 4 1 2 12 17 10 1 3 9 14 26 9 8 32 6 3 7 1 13.2195649013323386 3 8 10 31.8448655754823804 2 6 24 13 1 30 5 19.4767837822437286 178.248001387169808 
12 16 13 17 8 2.70999124060388841 3 13 8 1 33 7 18 19 6 6 22 3 2 6 10 17 15 2 3 16 12 4 9 1 12 28 11 10 7 2 14 26 3 6 32 7 18 1 5 1 3 4 3 18 12 16 15 2 14 12 1 9 14 11 22.9471348524093628 63.5262611900769727 
12 16 13 17 8 2.70999124060388841 3 13 8 1 33 7 14 26 3 6 22 3 2 6 10 17 15 2 3 16 12 4 9 1 12 28 11 10 7 2 14 26 3 6 32 7 18 1 5 1 3 4 3 18 12 16 15 2 14 30 9 9 14 11 21.2205239534378052 71.3484390669529773 
12 16 13 17 8 2.70999124060388841 3 13 8 1 33 7 14 12 6 6 22 3 2 6 10 4 24 2 3 16 12 4 9 1 16 25 12 6 24 2 14 26 3 6 32 7 18 1 5 1 3 4 3 18 12 16 15 2 4 16 4 9 14 11 20.1953389048576355 103.29705428300629 
12 16 13 17 8 2.70999124060388841 3 13 8 1 33 7 15 24 9 6 22 3 2 6 10 17 15 2 3 16 12 4 9 1 12 28 11 10 7 2 14 26 3 6 32 7 18 1 5 1 3 4 3 18 12 16 15 2 12 9 8 9 14 11 22.0273968577384949 65.7365699315223821 
14 26 5 2 6 4 4 16 6 3 18 8 10 14 13 1 15 8 12 9 2.70999124060388841 16 24 4 14 1 6 9.25570237641795579 25 12 13 2 4 14 17 12 1 20 8 13 28 13 18 24 5 16 31 1 6 3 6 12 23 7 17 14 3.84646942076222631 4 32 7 19.9088319540023804 157.897470842549779 
12 16 13 17 8 2.70999124060388841 3 13 8 1 33 7 18 19 6 6 22 3 2 6 10 17 15 2 3 16 12 4 9 1 12 28 11 10 7 2 14 26 3 6 32 7 18 1 5 1 3 4 3 18 12 16 15 2 12 30 11 9 14 11 23.0541329383850098 60.5655577941598935 
12 16 13 17 8 2.70999124060388841 3 13 8 1 33 7 1 32 2 6 22 3 2 6 10 17 15 2 3 16 12 4 9 1 13 6 2 15 31 4 14 26 3 6 32 7 18 1 5 1 3 4 3 18 12 16 15 2 2 31 11 9 14 11 20.0869699120521545 117.004645107369825 
15 31 6 1 26 5 10 9 13 9 24 8 16 5.34074699537910114 13 9.25570237641795579 18 11 12 14 7 14 1 3.84646942076222631 1 24 4 17 1 1 6 3 6 3 12 6 6 9 8 15 6 2 13.2195649013323386 31.8448655754823804 4 12 7 12 1 12 7.75241283629571765 2 30 9 9 23 12 14 2.14087964533996544 3 18.6391149163246155 191.297208404859589 
4 12 10 17 8 2.70999124060388841 3 13 8 1 33 7 14 24 4 6 32 4 2 6 10 17 15 2 3 16 12 4 9 1 12 28 11 10 7 2 14 26 3 6 32 7 18 1 5 1 3 4 3 18 12 16 15 2 13 24 6 9 14 11 20.4765299260616302 85.1521700801387453 
12 16 13 17 8 2.70999124060388841 3 13 8 1 33 7 15 24 9 6 22 3 2 6 10 17 15 2 3 16 12 4 9 1 12 28 11 10 7 2 14 26 3 6 32 7 18 1 5 1 3 4 3 18 12 16 15 2 2 20 12 9 14 11 21.8753628730773926 68.2906524433399653 
12 16 13 17 8 2.70999124060388841 3 13 8 1 33 7 18 19 6 6 22 3 2 6 10 17 15 2 3 16 12 4 9 1 12 28 11 10 7 2 14 26 3 6 32 7 18 1 5 1 3 4 3 18 12 16 15 2 4 30 13 9 14 11 23.000109851360321 60.727817174381336 
12 16 13 17 8 2.70999124060388841 3 13 8 1 33 7 14 24 6 6 22 3 2 6 10 17 15 2 3 16 12 4 9 1 12 28 11 10 7 2 14 26 3 6 32 7 18 1 5 1 3 4 3 18 12 16 15 2 13 24 7 9 14 11 21.4733559489250183 68.4733633580581511 
12 16 13 17 8 2.70999124060388841 3 13 8 1 33 7 18 19 6 6 22 3 2 6 10 17 15 2 3 16 12 4 9 1 12 28 11 10 7 2 14 26 3 6 32 7 18 1 5 1 3 4 3 18 12 16 15 2 15 6 9 9 14 11 22.8724808692932129 63.731407624950748 
12 16 13 17 8 2.70999124060388841 3 13 8 15 24 4 14 20 9 6 22 3 2 6 10 17 15 2 3 16 12 4 9 1 12 28 11 10 7 2 14 26 3 6 32 7 18 1 5 1 3 4 3 18 12 16 15 2 15 22 9 9 14 11 20.9858618378639221 74.0466672889785116 
12 16 13 17 8 2.70999124060388841 3 13 8 1 33 7 18 19 6 6 22 3 2 6 10 17 15 2 3 16 12 4 9 1 12 28 11 10 7 2 14 26 3 6 32 7 18 1 5 1 3 4 3 18 12 16 15 2 12 30 13 9 14 11 23.0675328969955444 60.1029041088720746 
12 16 13 17 8 2.70999124060388841 3 13 8 1 33 7 14 12 9 6 22 3 2 6 10 17 15 2 3 16 12 4 9 1 12 28 11 12 31 12 14 26 3 6 32 7 18 1 5 1 3 4 3 18 12 16 15 2 14 32 2.70999124060388841 9 14 11 20.4293688833713531 93.7781472078080895 
12 16 13 17 8 2.70999124060388841 11 20 11 1 33 7 18 19 6 6 22 3 2 6 10 16 2 2.70999124060388841 3 16 12 4 9 1 12 28 11 10 7 2 14 26 3 6 32 7 18 1 5 1 3 4 3 18 12 16 15 2 12 2 8 9 14 11 23.9018747806549072 56.1405022953744179 
12 16 13 17 8 2.70999124060388841 11 20 11 1 33 7 18 19 6 6 22 3 2 6 10 16 2 2.70999124060388841 3 16 12 4 9 1 12 28 11 10 7 2 14 26 3 6 32 7 18 1 5 1 3 4 3 18 12 16 15 2 11 31 8 9 14 11 24.1431187391281128 54.1272940572994159 
12 16 13 17 8 2.70999124060388841 11 20 11 1 33 7 18 19 6 6 22 3 2 6 10 16 2 2.70999124060388841 3 16 12 4 9 1 12 28 11 10 7 2 14 26 3 6 32 7 18 1 5 1 3 4 3 18 12 16 15 2 11 10 12 9 14 11 26.7564486265182495 52.2539034878208284 
12 16 13 17 8 2.70999124060388841 11 20 11 1 33 7 18 19 6 6 22 3 2 6 10 16 2 2.70999124060388841 3 16 12 4 9 1 12 28 11 10 7 2 14 26 3 6 32 7 18 1 5 1 3 4 3 18 12 16 15 2 4 2 12 9 14 11 23.7932518720626831 56.3652250769842524 
12 16 13 17 8 2.70999124060388841 11 20 11 1 33 7 15 24 4 6 22 3 2 6 10 16 2 2.70999124060388841 3 16 12 4 9 1 12 28 11 10 7 2 14 26 3 6 32 7 18 1 5 1 3 4 3 18 12 16 15 2 11 10 12 9 14 11 25.4371286630630493 53.1641900106513035 
12 16 13 17 8 2.70999124060388841 11 20 11 1 33 7 18 19 6 6 22 3 2 6 10 16 2 2.70999124060388841 3 16 12 4 9 1 12 28 11 10 7 2 14 26 3 6 32 7 18 1 5 1 3 4 3 18 12 16 15 2 4 30 2.70999124060388841 9 14 11 23.3401447534561157 57.3396831599158574 

Current Evaluation = 70000000(70000000)
Front Size = 40
15 18 8 6 30 7 8 2 2 14 23 7 14 26 11 1 30 8 17 6 9 3.36768017929769181 12 9 13 1 9 13 24 7 15 30 7 12 13 12 1 17 6.96245171630185755 3 26 5 14 7 9 14 6 11 1 1 9 17 16 7 3 23 12 16 18 12 16.8874312043190002 255.410410934095154 
2 32 2.70999124060388841 17 24 4 13 32 9 3 13 1 1 33 9 2 5 1 16 30 12 11 25 4 14 16.1354543567662532 4 12 15 2 16 6 3.84646942076222631 17 24 6 10 23.4025356524426229 4 15 32 5 14 12 2 1 9 13 6 22 9 11 15 5 3 31 11 15 7 4 19.7056999802589417 175.796138072453886 
16 5 13 15 28 4 4 32 4 3 30 1 16 15 5 14 32 9 8 22 1 14 24 12 1 24 11 10 26 9 6 5.34074699537910114 1 6 31 7 4 24 7 3 30 2 14 7 9 14 20 1 6 16 11 12 26 3 13 17 9 9.25570237641795579 15 9 17.5001220703125 209.229713990859494 
9 15 4 14 30 8 11 6 10 4 31 2 12 9 7 1 24 13 13 3 4 16 20 2 12 1 11 4 7 5 17 28 2 17 1 2.70999124060388841 14 15 13 17 23 12 4 24 11 3 19 9 1 26 8 14 9 5 1 31 4 8 6 5 17.8677151203155518 196.820951597422209 
1 33 2.70999124060388841 9.25570237641795579 7 6 17 24 9 4.94126535182462057 26 12 1 16 2 15 3 1 10 30 4 3 31 10 15 19 13 12 1 5 7 5 2 13 26 6 2 3 10 6 24 8 4 32 9.82524131762891173 14 15 7 17.8244721320812971 18 11 6 12 13 4 5 2 13 20 13 19.7318289279937744 161.578707893413792 
3 18 2 12 32 11 1 25 11 15 30 7 6 15 2 11 1 11 10 6 8 3 8 4 12 13 6 17 26 1 16 2 13 6 18 2.70999124060388841 9 17 9 4 2 7 3 26 6 1 1 5 16 12 3 6 6 1 10 24 10 14 26 4 19.2846539616584778 179.799884755767096 
12 16 13 17 8 2.70999124060388841 3 13 8 1 33 7 18 19 6 6 22 3 2 6 10 17 15 2 3 16 12 4 9 1 12 28 11 10 7 2 14 26 3 6 32 7 14 1 5 1 3 4 3 18 12 16 15 2 4 31 1 9 14 11 22.0559259057044983 63.9728878665881524 
3.36768017929769181 32 1 9.25570237641795579 31 10 9 9 1 16 26 13 9 30 11 14 33 4 15 20 5 18 6 12 14 13 3.84646942076222631 16 6 12 4 1 2 12 17 10 1 3 9 14 26 9 8 32 6 3 7 1 13.2195649013323386 3 8 10 31.8448655754823804 2 6 24 13 1 30 5 19.4767837822437286 178.248001387169808 
12 16 13 17 8 2.70999124060388841 3 13 8 1 33 7 14 26 3 6 22 3 2 6 10 17 15 2 3 16 12 4 9 1 12 28 11 10 7 2 14 26 3 6 32 7 18 1 5 1 3 4 3 18 12 16 15 2 14 30 9 9 14 11 21.2205239534378052 71.3484390669529773 
12 16 13 17 8 2.70999124060388841 3 13 8 1 33 7 14 12 6 6 22 3 2 6 10 4 24 2 3 16 12 4 9 1 16 25 12 6 24 2 14 26 3 6 32 7 18 1 5 1 3 4 3 18 12 16 15 2 4 16 4 9 14 11 20.1953389048576355 103.29705428300629 
12 16 13 17 8 2.70999124060388841 3 13 8 1 33 7 15 24 9 6 22 3 2 6 10 17 15 2 3 16 12 4 9 1 12 28 11 10 7 2 14 26 3 6 32 7 18 1 5 1 3 4 3 18 12 16 15 2 12 9 8 9 14 11 22.0273968577384949 65.7365699315223821 
14 26 5 2 6 4 4 16 6 3 18 8 10 14 13 1 15 8 12 9 2.70999124060388841 16 24 4 14 1 6 9.25570237641795579 25 12 13 2 4 14 17 12 1 20 8 13 28 13 18 24 5 16 31 1 6 3 6 12 23 7 17 14 3.84646942076222631 4 32 7 19.9088319540023804 157.897470842549779 
12 16 13 17 8 2.70999124060388841 3 13 8 1 33 7 18 19 6 6 22 3 2 6 10 17 15 2 3 16 12 4 9 1 12 28 11 10 7 2 14 26 3 6 32 7 18 1 5 1 3 4 3 18 12 16 15 2 12 30 11 9 14 11 23.0541329383850098 60.5655577941598935 
12 16 13 17 8 2.70999124060388841 3 13 8 1 33 7 1 32 2 6 22 3 2 6 10 17 15 2 3 16 12 4 9 1 13 6 2 15 31 4 14 26 3 6 32 7 18 1 5 1 3 4 3 18 12 16 15 2 2 31 11 9 14 11 20.0869699120521545 117.004645107369825 
15 31 6 1 26 5 10 9 13 9 24 8 16 5.34074699537910114 13 9.25570237641795579 18 11 12 14 7 14 1 3.84646942076222631 1 24 4 17 1 1 6 3 6 3 12 6 6 9 8 15 6 2 13.2195649013323386 31.8448655754823804 4 12 7 12 1 12 7.75241283629571765 2 30 9 9 23 12 14 2.14087964533996544 3 18.6391149163246155 191.297208404859589 
4 12 10 17 8 2.70999124060388841 3 13 8 1 33 7 14 24 4 6 32 4 2 6 10 17 15 2 3 16 12 4 9 1 12 28 11 10 7 2 14 26 3 6 32 7 18 1 5 1 3 4 3 18 12 16 15 2 13 24 6 9 14 11 20.4765299260616302 85.1521700801387453 
12 16 13 17 8 2.70999124060388841 3 13 8 1 33 7 15 24 9 6 22 3 2 6 10 17 15 2 3 16 12 4 9 1 12 28 11 10 7 2 14 26 3 6 32 7 18 1 5 1 3 4 3 18 12 16 15 2 2 20 12 9 14 11 21.8753628730773926 68.2906524433399653 
12 16 13 17 8 2.70999124060388841 3 13 8 1 33 7 18 19 6 6 22 3 2 6 10 17 15 2 3 16 12 4 9 1 12 28 11 10 7 2 14 26 3 6 32 7 18 1 5 1 3 4 3 18 12 16 15 2 4 30 13 9 14 11 23.000109851360321 60.727817174381336 
12 16 13 17 8 2.70999124060388841 3 13 8 1 33 7 14 24 6 6 22 3 2 6 10 17 15 2 3 16 12 4 9 1 12 28 11 10 7 2 14 26 3 6 32 7 18 1 5 1 3 4 3 18 12 16 15 2 13 24 7 9 14 11 21.4733559489250183 68.4733633580581511 
12 16 13 17 8 2.70999124060388841 3 13 8 15 24 4 14 20 9 6 22 3 2 6 10 17 15 2 3 16 12 4 9 1 12 28 11 10 7 2 14 26 3 6 32 7 18 1 5 1 3 4 3 18 12 16 15 2 15 22 9 9 14 11 20.9858618378639221 74.0466672889785116 
12 16 13 17 8 2.70999124060388841 3 13 8 1 33 7 18 19 6 6 22 3 2 6 10 17 15 2 3 16 12 4 9 1 12 28 11 10 7 2 14 26 3 6 32 7 18 1 5 1 3 4 3 18 12 16 15 2 12 30 13 9 14 11 23.0675328969955444 60.1029041088720746 
12 16 13 17 8 2.70999124060388841 3 13 8 1 33 7 14 12 9 6 22 3 2 6 10 17 15 2 3 16 12 4 9 1 12 28 11 12 31 12 14 26 3 6 32 7 18 1 5 1 3 4 3 18 12 16 15 2 14 32 2.70999124060388841 9 14 11 20.4293688833713531 93.7781472078080895 
12 16 13 17 8 2.70999124060388841 11 20 11 1 33 7 18 19 6 6 22 3 2 6 10 16 2 2.70999124060388841 3 16 12 4 9 1 12 28 11 10 7 2 14 26 3 6 32 7 18 1 5 1 3 4 3 18 12 16 15 2 11 31 8 9 14 11 24.1431187391281128 54.1272940572994159 
12 16 13 17 8 2.70999124060388841 11 20 11 1 33 7 18 19 6 6 22 3 2 6 10 16 2 2.70999124060388841 3 16 12 4 9 1 12 28 11 10 7 2 14 26 3 6 32 7 18 1 5 1 3 4 3 18 12 16 15 2 4 30 2.70999124060388841 9 14 11 23.3401447534561157 57.3396831599158574 
4 17 12 2 26 9 6 19 2.70999124060388841 8 18 8 14 28 7 2 16 6.96245171630185755 6 25 1 18 26 2 4 18 13 8 24 9 15 3 5 13 26 7 2 30 12 12 1 3.84646942076222631 4 6 9.82524131762891173 17 32 4 6 14 2 12 15 8 16 26 5 14 20 13 18.8358129262924194 181.489191672524953 
4 32 12 14 13 3 15 19 12 14 6 11 1 18 4 14 25 11 1 32 11 3 32 9 17 1 5 16 12 1 13 30 9 2 15 12 16 1 5 6 30 7 15 28 1 5 14 6 6 16 9 9 31 9 4 26 2.70999124060388841 6 26 2 17.0955328941345215 226.832042209596352 
12 16 13 17 8 2.70999124060388841 11 20 11 1 33 7 14 3 4 6 22 3 2 6 10 16 2 2.70999124060388841 3 16 12 4 9 1 12 28 11 10 7 2 14 26 3 6 32 7 18 1 5 1 3 4 3 18 12 16 15 2 14 20 6 9 14 11 21.9344308972358704 67.9193235419551229 
12 16 13 17 8 2.70999124060388841 11 20 11 1 33 7 14 3 9 6 22 3 2 6 10 16 2 2.70999124060388841 3 16 12 4 9 1 12 28 11 10 7 2 14 26 3 6 32 7 18 1 5 1 3 4 3 18 12 16 15 2 10 31 2.70999124060388841 9 14 11 22.5855658054351807 60.7691635814772795 
12 16 13 17 8 2.70999124060388841 11 20 11 1 33 7 18 19 6 6 22 3 2 6 10 16 2 2.70999124060388841 3 16 12 4 9 1 12 28 11 10 7 2 14 26 3 6 32 7 18 1 5 1 3 4 3 18 12 16 15 2 13 30 13 9 14 11 23.3130567669868469 59.8157507563089297 
12 16 13 17 8 2.70999124060388841 11 20 11 1 33 7 18 19 6 6 22 3 2 6 10 16 2 2.70999124060388841 3 16 12 4 9 1 12 28 11 10 7 2 14 26 3 6 32 7 18 1 5 1 3 4 3 18 12 16 15 2 10 16 1 9 14 11 24.3957148790359497 52.510854849259907 
12 16 13 17 8 2.70999124060388841 11 20 11 1 33 7 14 26 10 6 22 3 2 6 10 16 2 2.70999124060388841 3 16 12 4 9 1 12 28 11 6 12 7 14 26 3 6 32 7 18 1 5 1 3 4 3 18 12 16 15 2 14 13 1 9 14 11 21.1417788863182068 74.0365835488651101 
4 15 8 6 31 7 14 18 2.70999124060388841 8 24 11 3 30 4 16 19 4 16 11 7 1 30 8 15 25 9 13 15 11 4 24 6 16 18 11 14 1 11 15 25 11 15 26 8 14 32 11 13 30 6 9 18 6 18 11 5 3 20 9 17.4875190854072571 222.282094104725701 
12 16 13 17 8 2.70999124060388841 11 20 11 1 33 7 18 19 6 6 22 3 2 6 10 16 2 2.70999124060388841 3 16 12 4 9 1 12 28 11 10 7 2 14 26 3 6 32 7 18 1 5 1 3 4 3 18 12 16 15 2 11 10 12 9 14 11 26.7564486265182495 51.4710912522907194 
12 16 13 17 8 2.70999124060388841 11 20 11 1 33 7 18 19 6 6 22 3 2 6 10 16 2 2.70999124060388841 3 16 12 4 9 1 12 28 11 10 7 2 14 26 3 6 32 7 18 1 5 1 3 4 3 18 12 16 15 2 4 31 1 9 14 11 23.5764097571372986 55.6478577877803886 
12 16 13 17 8 2.70999124060388841 11 20 11 1 33 7 18 19 6 6 22 3 2 6 10 16 2 2.70999124060388841 3 16 12 4 9 1 12 28 11 10 7 2 14 26 3 6 32 7 18 1 5 1 3 4 3 18 12 16 15 2 14 20 1 9 14 11 23.3179938197135925 59.3882084432084554 
12 16 13 17 8 2.70999124060388841 11 20 11 1 33 7 18 19 6 6 22 3 2 6 10 16 2 2.70999124060388841 3 16 12 4 9 1 12 28 11 10 7 2 14 26 3 6 32 7 18 1 5 1 3 4 3 18 12 16 15 2 12 2 8 9 14 11 23.9018747806549072 55.1414470911616448 
12 16 13 17 8 2.70999124060388841 11 20 11 1 33 7 18 19 6 6 22 3 2 6 10 16 2 2.70999124060388841 3 16 12 4 9 1 12 28 11 10 7 2 14 26 3 6 32 7 18 1 5 1 3 4 3 18 12 16 15 2 4 6 1 9 14 11 23.5115078091621399 57.2016757442763577 
12 16 13 17 8 2.70999124060388841 11 20 11 1 33 7 18 19 6 6 22 3 2 6 10 16 2 2.70999124060388841 3 16 12 4 9 1 12 28 11 10 7 2 14 26 3 6 32 7 18 1 5 1 3 4 3 18 12 16 15 2 10 12 1 9 14 11 24.0554388761520386 54.3189978368577542 
12 16 13 17 8 2.70999124060388841 14 25 4 1 33 7 18 19 6 6 22 3 2 6 10 16 2 2.70999124060388841 3 16 12 4 9 1 12 28 11 10 7 2 14 26 3 6 32 7 18 1 5 1 3 4 3 18 12 16 15 2 4 30 13 9 14 11 22.5032548308372498 62.7460478234375074 
12 16 13 17 8 2.70999124060388841 11 20 11 1 33 7 14 1 10 6 22 3 2 6 10 16 2 2.70999124060388841 3 16 12 4 9 1 12 28 11 10 7 2 14 26 3 6 32 7 18 1 5 1 3 4 3 18 12 16 15 2 15 22 5 9 14 11 22.3723657131195068 63.5515405884454907 

Current Evaluation = 80000000(80000060)
Front Size = 40
15 18 8 6 30 7 8 2 2 14 23 7 14 26 11 1 30 8 17 6 9 3.36768017929769181 12 9 13 1 9 13 24 7 15 30 7 12 13 12 1 17 6.96245171630185755 3 26 5 14 7 9 14 6 11 1 1 9 17 16 7 3 23 12 16 18 12 16.8874312043190002 255.410410934095154 
2 32 2.70999124060388841 17 24 4 13 32 9 3 13 1 1 33 9 2 5 1 16 30 12 11 25 4 14 16.1354543567662532 4 12 15 2 16 6 3.84646942076222631 17 24 6 10 23.4025356524426229 4 15 32 5 14 12 2 1 9 13 6 22 9 11 15 5 3 31 11 15 7 4 19.7056999802589417 175.796138072453886 
16 5 13 15 28 4 4 32 4 3 30 1 16 15 5 14 32 9 8 22 1 14 24 12 1 24 11 10 26 9 6 5.34074699537910114 1 6 31 7 4 24 7 3 30 2 14 7 9 14 20 1 6 16 11 12 26 3 13 17 9 9.25570237641795579 15 9 17.5001220703125 209.229713990859494 
9 15 4 14 30 8 11 6 10 4 31 2 12 9 7 1 24 13 13 3 4 16 20 2 12 1 11 4 7 5 17 28 2 17 1 2.70999124060388841 14 15 13 17 23 12 4 24 11 3 19 9 1 26 8 14 9 5 1 31 4 8 6 5 17.8677151203155518 196.820951597422209 
1 33 2.70999124060388841 9.25570237641795579 7 6 17 24 9 4.94126535182462057 26 12 1 16 2 15 3 1 10 30 4 3 31 10 15 19 13 12 1 5 7 5 2 13 26 6 2 3 10 6 24 8 4 32 9.82524131762891173 14 15 7 17.8244721320812971 18 11 6 12 13 4 5 2 13 20 13 19.7318289279937744 161.578707893413792 
3 18 2 12 32 11 1 25 11 15 30 7 6 15 2 11 1 11 10 6 8 3 8 4 12 13 6 17 26 1 16 2 13 6 18 2.70999124060388841 9 17 9 4 2 7 3 26 6 1 1 5 16 12 3 6 6 1 10 24 10 14 26 4 19.2846539616584778 179.799884755767096 
12 16 13 17 8 2.70999124060388841 3 13 8 1 33 7 18 19 6 6 22 3 2 6 10 17 15 2 3 16 12 4 9 1 12 28 11 10 7 2 14 26 3 6 32 7 14 1 5 1 3 4 3 18 12 16 15 2 4 31 1 9 14 11 22.0559259057044983 63.9728878665881524 
3.36768017929769181 32 1 9.25570237641795579 31 10 9 9 1 16 26 13 9 30 11 14 33 4 15 20 5 18 6 12 14 13 3.84646942076222631 16 6 12 4 1 2 12 17 10 1 3 9 14 26 9 8 32 6 3 7 1 13.2195649013323386 3 8 10 31.8448655754823804 2 6 24 13 1 30 5 19.4767837822437286 178.248001387169808 
12 16 13 17 8 2.70999124060388841 3 13 8 1 33 7 14 26 3 6 22 3 2 6 10 17 15 2 3 16 12 4 9 1 12 28 11 10 7 2 14 26 3 6 32 7 18 1 5 1 3 4 3 18 12 16 15 2 14 30 9 9 14 11 21.2205239534378052 71.3484390669529773 
12 16 13 17 8 2.70999124060388841 3 13 8 1 33 7 14 12 6 6 22 3 2 6 10 4 24 2 3 16 12 4 9 1 16 25 12 6 24 2 14 26 3 6 32 7 18 1 5 1 3 4 3 18 12 16 15 2 4 16 4 9 14 11 20.1953389048576355 103.29705428300629 
12 16 13 17 8 2.70999124060388841 3 13 8 1 33 7 15 24 9 6 22 3 2 6 10 17 15 2 3 16 12 4 9 1 12 28 11 10 7 2 14 26 3 6 32 7 18 1 5 1 3 4 3 18 12 16 15 2 12 9 8 9 14 11 22.0273968577384949 65.7365699315223821 
14 26 5 2 6 4 4 16 6 3 18 8 10 14 13 1 15 8 12 9 2.70999124060388841 16 24 4 14 1 6 9.25570237641795579 25 12 13 2 4 14 17 12 1 20 8 13 28 13 18 24 5 16 31 1 6 3 6 12 23 7 17 14 3.84646942076222631 4 32 7 19.9088319540023804 157.897470842549779 
12 16 13 17 8 2.70999124060388841 3 13 8 1 33 7 1 32 2 6 22 3 2 6 10 17 15 2 3 16 12 4 9 1 13 6 2 15 31 4 14 26 3 6 32 7 18 1 5 1 3 4 3 18 12 16 15 2 2 31 11 9 14 11 20.0869699120521545 117.004645107369825 
4 12 10 17 8 2.70999124060388841 3 13 8 1 33 7 14 24 4 6 32 4 2 6 10 17 15 2 3 16 12 4 9 1 12 28 11 10 7 2 14 26 3 6 32 7 18 1 5 1 3 4 3 18 12 16 15 2 13 24 6 9 14 11 20.4765299260616302 85.1521700801387453 
12 16 13 17 8 2.70999124060388841 3 13 8 1 33 7 15 24 9 6 22 3 2 6 10 17 15 2 3 16 12 4 9 1 12 28 11 10 7 2 14 26 3 6 32 7 18 1 5 1 3 4 3 18 12 16 15 2 2 20 12 9 14 11 21.8753628730773926 68.2906524433399653 
12 16 13 17 8 2.70999124060388841 3 13 8 1 33 7 14 24 6 6 22 3 2 6 10 17 15 2 3 16 12 4 9 1 12 28 11 10 7 2 14 26 3 6 32 7 18 1 5 1 3 4 3 18 12 16 15 2 13 24 7 9 14 11 21.4733559489250183 68.4733633580581511 
12 16 13 17 8 2.70999124060388841 3 13 8 15 24 4 14 20 9 6 22 3 2 6 10 17 15 2 3 16 12 4 9 1 12 28 11 10 7 2 14 26 3 6 32 7 18 1 5 1 3 4 3 18 12 16 15 2 15 22 9 9 14 11 20.9858618378639221 74.0466672889785116 
12 16 13 17 8 2.70999124060388841 3 13 8 1 33 7 14 12 9 6 22 3 2 6 10 17 15 2 3 16 12 4 9 1 12 28 11 12 31 12 14 26 3 6 32 7 18 1 5 1 3 4 3 18 12 16 15 2 14 32 2.70999124060388841 9 14 11 20.4293688833713531 93.7781472078080895 
12 16 13 17 8 2.70999124060388841 11 20 11 1 33 7 18 19 6 6 22 3 2 6 10 16 2 2.70999124060388841 3 16 12 4 9 1 12 28 11 10 7 2 14 26 3 6 32 7 18 1 5 1 3 4 3 18 12 16 15 2 11 31 8 9 14 11 24.1431187391281128 54.1272940572994159 
12 16 13 17 8 2.70999124060388841 11 20 11 1 33 7 18 19 6 6 22 3 2 6 10 16 2 2.70999124060388841 3 16 12 4 9 1 12 28 11 10 7 2 14 26 3 6 32 7 18 1 5 1 3 4 3 18 12 16 15 2 4 30 2.70999124060388841 9 14 11 23.3401447534561157 57.3396831599158574 
4 32 12 14 13 3 15 19 12 14 6 11 1 18 4 14 25 11 1 32 11 3 32 9 17 1 5 16 12 1 13 30 9 2 15 12 16 1 5 6 30 7 15 28 1 5 14 6 6 16 9 9 31 9 4 26 2.70999124060388841 6 26 2 17.0955328941345215 226.832042209596352 
12 16 13 17 8 2.70999124060388841 11 20 11 1 33 7 14 3 4 6 22 3 2 6 10 16 2 2.70999124060388841 3 16 12 4 9 1 12 28 11 10 7 2 14 26 3 6 32 7 18 1 5 1 3 4 3 18 12 16 15 2 14 20 6 9 14 11 21.9344308972358704 67.9193235419551229 
12 16 13 17 8 2.70999124060388841 11 20 11 1 33 7 14 3 9 6 22 3 2 6 10 16 2 2.70999124060388841 3 16 12 4 9 1 12 28 11 10 7 2 14 26 3 6 32 7 18 1 5 1 3 4 3 18 12 16 15 2 10 31 2.70999124060388841 9 14 11 22.5855658054351807 60.7691635814772795 
12 16 13 17 8 2.70999124060388841 11 20 11 1 33 7 18 19 6 6 22 3 2 6 10 16 2 2.70999124060388841 3 16 12 4 9 1 12 28 11 10 7 2 14 26 3 6 32 7 18 1 5 1 3 4 3 18 12 16 15 2 10 16 1 9 14 11 24.3957148790359497 52.510854849259907 
12 16 13 17 8 2.70999124060388841 11 20 11 1 33 7 14 26 10 6 22 3 2 6 10 16 2 2.70999124060388841 3 16 12 4 9 1 12 28 11 6 12 7 14 26 3 6 32 7 18 1 5 1 3 4 3 18 12 16 15 2 14 13 1 9 14 11 21.1417788863182068 74.0365835488651101 
4 15 8 6 31 7 14 18 2.70999124060388841 8 24 11 3 30 4 16 19 4 16 11 7 1 30 8 15 25 9 13 15 11 4 24 6 16 18 11 14 1 11 15 25 11 15 26 8 14 32 11 13 30 6 9 18 6 18 11 5 3 20 9 17.4875190854072571 222.282094104725701 
12 16 13 17 8 2.70999124060388841 11 20 11 1 33 7 18 19 6 6 22 3 2 6 10 16 2 2.70999124060388841 3 16 12 4 9 1 12 28 11 10 7 2 14 26 3 6 32 7 18 1 5 1 3 4 3 18 12 16 15 2 4 31 1 9 14 11 23.5764097571372986 55.6478577877803886 
12 16 13 17 8 2.70999124060388841 11 20 11 1 33 7 18 19 6 6 22 3 2 6 10 16 2 2.70999124060388841 3 16 12 4 9 1 12 28 11 10 7 2 14 26 3 6 32 7 18 1 5 1 3 4 3 18 12 16 15 2 12 2 8 9 14 11 23.9018747806549072 55.1414470911616448 
12 16 13 17 8 2.70999124060388841 11 20 11 1 33 7 18 19 6 6 22 3 2 6 10 16 2 2.70999124060388841 3 16 12 4 9 1 12 28 11 10 7 2 14 26 3 6 32 7 18 1 5 1 3 4 3 18 12 16 15 2 10 12 1 9 14 11 24.0554388761520386 54.3189978368577542 
12 16 13 17 8 2.70999124060388841 14 25 4 1 33 7 18 19 6 6 22 3 2 6 10 16 2 2.70999124060388841 3 16 12 4 9 1 12 28 11 10 7 2 14 26 3 6 32 7 18 1 5 1 3 4 3 18 12 16 15 2 4 30 13 9 14 11 22.5032548308372498 62.7460478234375074 
12 16 13 17 8 2.70999124060388841 11 20 11 1 33 7 14 1 10 6 22 3 2 6 10 16 2 2.70999124060388841 3 16 12 4 9 1 12 28 11 10 7 2 14 26 3 6 32 7 18 1 5 1 3 4 3 18 12 16 15 2 15 22 5 9 14 11 22.3723657131195068 63.5515405884454907 
12 16 13 17 8 2.70999124060388841 11 20 11 1 33 7 18 19 6 6 22 3 2 6 10 16 2 2.70999124060388841 3 16 12 4 9 1 12 28 11 10 7 2 14 26 3 6 32 7 18 1 5 1 3 4 3 18 12 16 15 2 11 10 12 9 14 11 26.7564486265182495 51.0896187754775113 
12 16 13 17 8 2.70999124060388841 11 20 11 1 33 7 18 19 6 6 22 3 2 6 10 16 2 2.70999124060388841 3 16 12 4 9 1 12 28 11 10 7 2 14 26 3 6 32 7 18 1 5 1 3 4 3 18 12 16 15 2 4 2 1 9 14 11 23.8752518892288208 55.4816962724985316 
12 16 13 17 8 2.70999124060388841 11 20 11 1 33 7 18 19 6 6 22 3 2 6 10 16 2 2.70999124060388841 3 16 12 4 9 1 12 28 11 10 7 2 14 26 3 6 32 7 18 1 5 1 3 4 3 18 12 16 15 2 13 30 13 9 14 11 23.3130567669868469 58.5618822915995594 
12 16 13 17 8 2.70999124060388841 11 20 11 1 32 7 18 19 6 6 22 3 2 6 10 16 2 2.70999124060388841 3 16 12 4 9 1 12 28 11 10 7 2 14 26 3 6 32 7 18 1 5 1 3 4 3 18 12 16 15 2 12 12 11 9 14 11 22.7766658067703247 58.6000372606658715 
12 16 13 17 8 2.70999124060388841 11 20 11 1 33 7 18 19 6 6 22 3 2 6 10 16 2 2.70999124060388841 3 16 12 4 9 1 12 28 11 10 7 2 14 26 3 6 32 7 18 1 5 1 3 4 3 18 12 16 15 2 12 30 13 9 14 11 23.4615538120269775 56.1344099236163743 
12 16 13 17 8 2.70999124060388841 11 20 11 1 31 9 18 19 6 6 22 3 2 6 10 16 2 2.70999124060388841 3 16 12 4 9 1 12 28 11 10 7 2 14 26 3 6 32 7 18 1 5 1 3 4 3 18 12 16 15 2 12 6 13 9 14 11 22.689636766910553 60.2393192331536795 
12 16 13 17 8 2.70999124060388841 11 20 11 1 33 7 15 24 10 6 22 3 2 6 10 16 2 2.70999124060388841 3 16 12 4 9 1 12 28 11 10 7 2 14 26 3 6 32 7 18 1 5 1 3 4 3 18 12 16 15 2 4 9 1 9 14 11 22.4968187808990479 63.0857170880121743 
12 16 13 17 8 2.70999124060388841 11 20 11 1 33 7 18 19 6 6 22 3 2 6 10 16 2 2.70999124060388841 3 16 12 4 9 1 12 28 11 10 7 2 14 26 3 6 32 7 18 1 5 1 3 4 3 18 12 16 15 2 11 30 13 9 14 11 24.0016398429870605 54.6969175403639767 
4 1 10 2 9 13 3.36768017929769181 14 10 14 11 10 16 26 2 4 32 6 6 15 11 2 6 3 14 3 8 12 8 4 15 31 9 16 24 3 10 6 9 6 14 13 1 30 13 2 32 9 13 28 8 13 5 10 15 6 7 9 20 1 18.2476525902748108 180.946779682305987 

Current Evaluation = 90000000(90000120)
Front Size = 36
15 18 8 6 30 7 8 2 2 14 23 7 14 26 11 1 30 8 17 6 9 3.36768017929769181 12 9 13 1 9 13 24 7 15 30 7 12 13 12 1 17 6.96245171630185755 3 26 5 14 7 9 14 6 11 1 1 9 17 16 7 3 23 12 16 18 12 16.8874312043190002 255.410410934095154 
16 5 13 15 28 4 4 32 4 3 30 1 16 15 5 14 32 9 8 22 1 14 24 12 1 24 11 10 26 9 6 5.34074699537910114 1 6 31 7 4 24 7 3 30 2 14 7 9 14 20 1 6 16 11 12 26 3 13 17 9 9.25570237641795579 15 9 17.5001220703125 209.229713990859494 
9 15 4 14 30 8 11 6 10 4 31 2 12 9 7 1 24 13 13 3 4 16 20 2 12 1 11 4 7 5 17 28 2 17 1 2.70999124060388841 14 15 13 17 23 12 4 24 11 3 19 9 1 26 8 14 9 5 1 31 4 8 6 5 17.8677151203155518 196.820951597422209 
1 33 2.70999124060388841 9.25570237641795579 7 6 17 24 9 4.94126535182462057 26 12 1 16 2 15 3 1 10 30 4 3 31 10 15 19 13 12 1 5 7 5 2 13 26 6 2 3 10 6 24 8 4 32 9.82524131762891173 14 15 7 17.8244721320812971 18 11 6 12 13 4 5 2 13 20 13 19.7318289279937744 161.578707893413792 
3 18 2 12 32 11 1 25 11 15 30 7 6 15 2 11 1 11 10 6 8 3 8 4 12 13 6 17 26 1 16 2 13 6 18 2.70999124060388841 9 17 9 4 2 7 3 26 6 1 1 5 16 12 3 6 6 1 10 24 10 14 26 4 19.2846539616584778 179.799884755767096 
12 16 13 17 8 2.70999124060388841 3 13 8 1 33 7 18 19 6 6 22 3 2 6 10 17 15 2 3 16 12 4 9 1 12 28 11 10 7 2 14 26 3 6 32 7 14 1 5 1 3 4 3 18 12 16 15 2 4 31 1 9 14 11 22.0559259057044983 63.9728878665881524 
3.36768017929769181 32 1 9.25570237641795579 31 10 9 9 1 16 26 13 9 30 11 14 33 4 15 20 5 18 6 12 14 13 3.84646942076222631 16 6 12 4 1 2 12 17 10 1 3 9 14 26 9 8 32 6 3 7 1 13.2195649013323386 3 8 10 31.8448655754823804 2 6 24 13 1 30 5 19.4767837822437286 178.248001387169808 
12 16 13 17 8 2.70999124060388841 3 13 8 1 33 7 14 26 3 6 22 3 2 6 10 17 15 2 3 16 12 4 9 1 12 28 11 10 7 2 14 26 3 6 32 7 18 1 5 1 3 4 3 18 12 16 15 2 14 30 9 9 14 11 21.2205239534378052 71.3484390669529773 
12 16 13 17 8 2.70999124060388841 3 13 8 1 33 7 14 12 6 6 22 3 2 6 10 4 24 2 3 16 12 4 9 1 16 25 12 6 24 2 14 26 3 6 32 7 18 1 5 1 3 4 3 18 12 16 15 2 4 16 4 9 14 11 20.1953389048576355 103.29705428300629 
12 16 13 17 8 2.70999124060388841 3 13 8 1 33 7 15 24 9 6 22 3 2 6 10 17 15 2 3 16 12 4 9 1 12 28 11 10 7 2 14 26 3 6 32 7 18 1 5 1 3 4 3 18 12 16 15 2 12 9 8 9 14 11 22.0273968577384949 65.7365699315223821 
14 26 5 2 6 4 4 16 6 3 18 8 10 14 13 1 15 8 12 9 2.70999124060388841 16 24 4 14 1 6 9.25570237641795579 25 12 13 2 4 14 17 12 1 20 8 13 28 13 18 24 5 16 31 1 6 3 6 12 23 7 17 14 3.84646942076222631 4 32 7 19.9088319540023804 157.897470842549779 
12 16 13 17 8 2.70999124060388841 3 13 8 1 33 7 1 32 2 6 22 3 2 6 10 17 15 2 3 16 12 4 9 1 13 6 2 15 31 4 14 26 3 6 32 7 18 1 5 1 3 4 3 18 12 16 15 2 2 31 11 9 14 11 20.0869699120521545 117.004645107369825 
4 12 10 17 8 2.70999124060388841 3 13 8 1 33 7 14 24 4 6 32 4 2 6 10 17 15 2 3 16 12 4 9 1 12 28 11 10 7 2 14 26 3 6 32 7 18 1 5 1 3 4 3 18 12 16 15 2 13 24 6 9 14 11 20.4765299260616302 85.1521700801387453 
12 16 13 17 8 2.70999124060388841 3 13 8 1 33 7 14 24 6 6 22 3 2 6 10 17 15 2 3 16 12 4 9 1 12 28 11 10 7 2 14 26 3 6 32 7 18 1 5 1 3 4 3 18 12 16 15 2 13 24 7 9 14 11 21.4733559489250183 68.4733633580581511 
12 16 13 17 8 2.70999124060388841 3 13 8 15 24 4 14 20 9 6 22 3 2 6 10 17 15 2 3 16 12 4 9 1 12 28 11 10 7 2 14 26 3 6 32 7 18 1 5 1 3 4 3 18 12 16 15 2 15 22 9 9 14 11 20.9858618378639221 74.0466672889785116 
12 16 13 17 8 2.70999124060388841 3 13 8 1 33 7 14 12 9 6 22 3 2 6 10 17 15 2 3 16 12 4 9 1 12 28 11 12 31 12 14 26 3 6 32 7 18 1 5 1 3 4 3 18 12 16 15 2 14 32 2.70999124060388841 9 14 11 20.4293688833713531 93.7781472078080895 
12 16 13 17 8 2.70999124060388841 11 20 11 1 33 7 18 19 6 6 22 3 2 6 10 16 2 2.70999124060388841 3 16 12 4 9 1 12 28 11 10 7 2 14 26 3 6 32 7 18 1 5 1 3 4 3 18 12 16 15 2 11 31 8 9 14 11 24.1431187391281128 54.1272940572994159 
12 16 13 17 8 2.70999124060388841 11 20 11 1 33 7 18 19 6 6 22 3 2 6 10 16 2 2.70999124060388841 3 16 12 4 9 1 12 28 11 10 7 2 14 26 3 6 32 7 18 1 5 1 3 4 3 18 12 16 15 2 4 30 2.70999124060388841 9 14 11 23.3401447534561157 57.3396831599158574 
4 32 12 14 13 3 15 19 12 14 6 11 1 18 4 14 25 11 1 32 11 3 32 9 17 1 5 16 12 1 13 30 9 2 15 12 16 1 5 6 30 7 15 28 1 5 14 6 6 16 9 9 31 9 4 26 2.70999124060388841 6 26 2 17.0955328941345215 226.832042209596352 
12 16 13 17 8 2.70999124060388841 11 20 11 1 33 7 14 3 4 6 22 3 2 6 10 16 2 2.70999124060388841 3 16 12 4 9 1 12 28 11 10 7 2 14 26 3 6 32 7 18 1 5 1 3 4 3 18 12 16 15 2 14 20 6 9 14 11 21.9344308972358704 67.9193235419551229 
12 16 13 17 8 2.70999124060388841 11 20 11 1 33 7 14 3 9 6 22 3 2 6 10 16 2 2.70999124060388841 3 16 12 4 9 1 12 28 11 10 7 2 14 26 3 6 32 7 18 1 5 1 3 4 3 18 12 16 15 2 10 31 2.70999124060388841 9 14 11 22.5855658054351807 60.7691635814772795 
12 16 13 17 8 2.70999124060388841 11 20 11 1 33 7 18 19 6 6 22 3 2 6 10 16 2 2.70999124060388841 3 16 12 4 9 1 12 28 11 10 7 2 14 26 3 6 32 7 18 1 5 1 3 4 3 18 12 16 15 2 10 16 1 9 14 11 24.3957148790359497 52.510854849259907 
12 16 13 17 8 2.70999124060388841 11 20 11 1 33 7 14 26 10 6 22 3 2 6 10 16 2 2.70999124060388841 3 16 12 4 9 1 12 28 11 6 12 7 14 26 3 6 32 7 18 1 5 1 3 4 3 18 12 16 15 2 14 13 1 9 14 11 21.1417788863182068 74.0365835488651101 
4 15 8 6 31 7 14 18 2.70999124060388841 8 24 11 3 30 4 16 19 4 16 11 7 1 30 8 15 25 9 13 15 11 4 24 6 16 18 11 14 1 11 15 25 11 15 26 8 14 32 11 13 30 6 9 18 6 18 11 5 3 20 9 17.4875190854072571 222.282094104725701 
12 16 13 17 8 2.70999124060388841 11 20 11 1 33 7 18 19 6 6 22 3 2 6 10 16 2 2.70999124060388841 3 16 12 4 9 1 12 28 11 10 7 2 14 26 3 6 32 7 18 1 5 1 3 4 3 18 12 16 15 2 4 31 1 9 14 11 23.5764097571372986 55.6478577877803886 
12 16 13 17 8 2.70999124060388841 11 20 11 1 33 7 18 19 6 6 22 3 2 6 10 16 2 2.70999124060388841 3 16 12 4 9 1 12 28 11 10 7 2 14 26 3 6 32 7 18 1 5 1 3 4 3 18 12 16 15 2 11 10 12 9 14 11 26.7564486265182495 51.0896187754775113 
12 16 13 17 8 2.70999124060388841 11 20 11 1 33 7 18 19 6 6 22 3 2 6 10 16 2 2.70999124060388841 3 16 12 4 9 1 12 28 11 10 7 2 14 26 3 6 32 7 18 1 5 1 3 4 3 18 12 16 15 2 12 30 13 9 14 11 23.4615538120269775 56.1344099236163743 
4 1 10 2 9 13 3.36768017929769181 14 10 14 11 10 16 26 2 4 32 6 6 15 11 2 6 3 14 3 8 12 8 4 15 31 9 16 24 3 10 6 9 6 14 13 1 30 13 2 32 9 13 28 8 13 5 10 15 6 7 9 20 1 18.2476525902748108 180.946779682305987 
12 16 13 17 8 2.70999124060388841 11 20 11 1 33 7 18 19 6 6 22 3 2 6 10 16 2 2.70999124060388841 3 16 12 4 9 1 12 28 11 10 7 2 14 26 3 6 32 7 18 1 5 1 3 4 3 18 12 16 15 2 4 2 13 9 14 11 23.7932518720626831 55.2360426617719611 
12 16 13 17 8 2.70999124060388841 11 20 11 1 33 7 14 3 4 6 22 3 2 6 10 16 2 2.70999124060388841 3 16 12 4 9 1 12 28 11 10 7 2 14 26 3 6 32 7 18 1 5 1 3 4 3 18 12 16 15 2 4 31 13 9 14 11 22.1858468055725098 61.1381828558707241 
12 16 13 17 8 2.70999124060388841 3.36768017929769181 12 11 1 33 7 15 1 9 6 22 3 2 6 10 16 2 2.70999124060388841 3 16 12 4 9 1 12 28 11 10 7 2 14 26 3 6 32 7 18 1 5 1 3 4 3 18 12 16 15 2 2 6 7 9 14 11 21.6532928943634033 67.9907022484852632 
12 16 13 17 8 2.70999124060388841 11 20 11 1 33 7 15 32 4 6 22 3 2 6 10 16 2 2.70999124060388841 3 16 12 4 9 1 12 28 11 10 7 2 14 26 3 6 32 7 18 1 5 1 3 4 3 18 12 16 15 2 15 22 1 9 14 11 22.6487078666687012 57.752991979857633 
12 16 13 17 8 2.70999124060388841 11 20 11 1 33 7 18 19 6 6 22 3 2 6 10 16 2 2.70999124060388841 3 16 12 4 9 1 12 28 11 10 7 2 14 26 3 6 32 7 18 1 5 1 3 4 3 18 12 16 15 2 4 30 13 9 14 11 23.3941307663917542 56.676435639173576 
12 16 13 17 8 2.70999124060388841 11 20 11 1 33 7 18 19 6 6 22 3 2 6 10 16 2 2.70999124060388841 3 16 12 4 9 1 12 28 11 10 7 2 14 26 3 6 32 7 18 1 5 1 3 4 3 18 12 16 15 2 4 16 8 9 14 11 23.8731857538223267 54.2785413752612627 
10 12 5 12 18 13 1 22 3 3.36768017929769181 25 7 14 3 12 3 15 4 1 9 12 9.25570237641795579 31 6 2 24 11 10 1 2 12 5 2 12 15 1 6 23 13 9 5 10 4 26 2 6 6 5 16 31 2 4.94126535182462057 5 6 1 30 6 6 23 11 19.6397717595100403 175.399755799755781 
12 16 13 17 8 2.70999124060388841 11 20 11 1 33 7 5 24 4 6 22 3 2 6 10 16 2 2.70999124060388841 3 16 12 4 9 1 12 28 11 10 7 2 14 26 3 6 32 7 18 1 5 1 3 4 3 18 12 16 15 2 11 10 12 9 14 11 25.9462476968765259 52.3778959098311461 

Current Evaluation = 100000000(100000040)
Front Size = 36
15 18 8 6 30 7 8 2 2 14 23 7 14 26 11 1 30 8 17 6 9 3.36768017929769181 12 9 13 1 9 13 24 7 15 30 7 12 13 12 1 17 6.96245171630185755 3 26 5 14 7 9 14 6 11 1 1 9 17 16 7 3 23 12 16 18 12 16.8874312043190002 255.410410934095154 
9 15 4 14 30 8 11 6 10 4 31 2 12 9 7 1 24 13 13 3 4 16 20 2 12 1 11 4 7 5 17 28 2 17 1 2.70999124060388841 14 15 13 17 23 12 4 24 11 3 19 9 1 26 8 14 9 5 1 31 4 8 6 5 17.8677151203155518 196.820951597422209 
1 33 2.70999124060388841 9.25570237641795579 7 6 17 24 9 4.94126535182462057 26 12 1 16 2 15 3 1 10 30 4 3 31 10 15 19 13 12 1 5 7 5 2 13 26 6 2 3 10 6 24 8 4 32 9.82524131762891173 14 15 7 17.8244721320812971 18 11 6 12 13 4 5 2 13 20 13 19.7318289279937744 161.578707893413792 
12 16 13 17 8 2.70999124060388841 3 13 8 1 33 7 18 19 6 6 22 3 2 6 10 17 15 2 3 16 12 4 9 1 12 28 11 10 7 2 14 26 3 6 32 7 14 1 5 1 3 4 3 18 12 16 15 2 4 31 1 9 14 11 22.0559259057044983 63.9728878665881524 
12 16 13 17 8 2.70999124060388841 3 13 8 1 33 7 14 26 3 6 22 3 2 6 10 17 15 2 3 16 12 4 9 1 12 28 11 10 7 2 14 26 3 6 32 7 18 1 5 1 3 4 3 18 12 16 15 2 14 30 9 9 14 11 21.2205239534378052 71.3484390669529773 
12 16 13 17 8 2.70999124060388841 3 13 8 1 33 7 14 12 6 6 22 3 2 6 10 4 24 2 3 16 12 4 9 1 16 25 12 6 24 2 14 26 3 6 32 7 18 1 5 1 3 4 3 18 12 16 15 2 4 16 4 9 14 11 20.1953389048576355 103.29705428300629 
12 16 13 17 8 2.70999124060388841 3 13 8 1 33 7 15 24 9 6 22 3 2 6 10 17 15 2 3 16 12 4 9 1 12 28 11 10 7 2 14 26 3 6 32 7 18 1 5 1 3 4 3 18 12 16 15 2 12 9 8 9 14 11 22.0273968577384949 65.7365699315223821 
14 26 5 2 6 4 4 16 6 3 18 8 10 14 13 1 15 8 12 9 2.70999124060388841 16 24 4 14 1 6 9.25570237641795579 25 12 13 2 4 14 17 12 1 20 8 13 28 13 18 24 5 16 31 1 6 3 6 12 23 7 17 14 3.84646942076222631 4 32 7 19.9088319540023804 157.897470842549779 
12 16 13 17 8 2.70999124060388841 3 13 8 1 33 7 1 32 2 6 22 3 2 6 10 17 15 2 3 16 12 4 9 1 13 6 2 15 31 4 14 26 3 6 32 7 18 1 5 1 3 4 3 18 12 16 15 2 2 31 11 9 14 11 20.0869699120521545 117.004645107369825 
4 12 10 17 8 2.70999124060388841 3 13 8 1 33 7 14 24 4 6 32 4 2 6 10 17 15 2 3 16 12 4 9 1 12 28 11 10 7 2 14 26 3 6 32 7 18 1 5 1 3 4 3 18 12 16 15 2 13 24 6 9 14 11 20.4765299260616302 85.1521700801387453 
12 16 13 17 8 2.70999124060388841 3 13 8 1 33 7 14 24 6 6 22 3 2 6 10 17 15 2 3 16 12 4 9 1 12 28 11 10 7 2 14 26 3 6 32 7 18 1 5 1 3 4 3 18 12 16 15 2 13 24 7 9 14 11 21.4733559489250183 68.4733633580581511 
12 16 13 17 8 2.70999124060388841 3 13 8 15 24 4 14 20 9 6 22 3 2 6 10 17 15 2 3 16 12 4 9 1 12 28 11 10 7 2 14 26 3 6 32 7 18 1 5 1 3 4 3 18 12 16 15 2 15 22 9 9 14 11 20.9858618378639221 74.0466672889785116 
12 16 13 17 8 2.70999124060388841 3 13 8 1 33 7 14 12 9 6 22 3 2 6 10 17 15 2 3 16 12 4 9 1 12 28 11 12 31 12 14 26 3 6 32 7 18 1 5 1 3 4 3 18 12 16 15 2 14 32 2.70999124060388841 9 14 11 20.4293688833713531 93.7781472078080895 
12 16 13 17 8 2.70999124060388841 11 20 11 1 33 7 18 19 6 6 22 3 2 6 10 16 2 2.70999124060388841 3 16 12 4 9 1 12 28 11 10 7 2 14 26 3 6 32 7 18 1 5 1 3 4 3 18 12 16 15 2 11 31 8 9 14 11 24.1431187391281128 54.1272940572994159 
4 32 12 14 13 3 15 19 12 14 6 11 1 18 4 14 25 11 1 32 11 3 32 9 17 1 5 16 12 1 13 30 9 2 15 12 16 1 5 6 30 7 15 28 1 5 14 6 6 16 9 9 31 9 4 26 2.70999124060388841 6 26 2 17.0955328941345215 226.832042209596352 
12 16 13 17 8 2.70999124060388841 11 20 11 1 33 7 14 3 4 6 22 3 2 6 10 16 2 2.70999124060388841 3 16 12 4 9 1 12 28 11 10 7 2 14 26 3 6 32 7 18 1 5 1 3 4 3 18 12 16 15 2 14 20 6 9 14 11 21.9344308972358704 67.9193235419551229 
12 16 13 17 8 2.70999124060388841 11 20 11 1 33 7 14 3 9 6 22 3 2 6 10 16 2 2.70999124060388841 3 16 12 4 9 1 12 28 11 10 7 2 14 26 3 6 32 7 18 1 5 1 3 4 3 18 12 16 15 2 10 31 2.70999124060388841 9 14 11 22.5855658054351807 60.7691635814772795 
12 16 13 17 8 2.70999124060388841 11 20 11 1 33 7 18 19 6 6 22 3 2 6 10 16 2 2.70999124060388841 3 16 12 4 9 1 12 28 11 10 7 2 14 26 3 6 32 7 18 1 5 1 3 4 3 18 12 16 15 2 10 16 1 9 14 11 24.3957148790359497 52.510854849259907 
12 16 13 17 8 2.70999124060388841 11 20 11 1 33 7 14 26 10 6 22 3 2 6 10 16 2 2.70999124060388841 3 16 12 4 9 1 12 28 11 6 12 7 14 26 3 6 32 7 18 1 5 1 3 4 3 18 12 16 15 2 14 13 1 9 14 11 21.1417788863182068 74.0365835488651101 
12 16 13 17 8 2.70999124060388841 11 20 11 1 33 7 18 19 6 6 22 3 2 6 10 16 2 2.70999124060388841 3 16 12 4 9 1 12 28 11 10 7 2 14 26 3 6 32 7 18 1 5 1 3 4 3 18 12 16 15 2 4 31 1 9 14 11 23.5764097571372986 55.6478577877803886 
12 16 13 17 8 2.70999124060388841 11 20 11 1 33 7 18 19 6 6 22 3 2 6 10 16 2 2.70999124060388841 3 16 12 4 9 1 12 28 11 10 7 2 14 26 3 6 32 7 18 1 5 1 3 4 3 18 12 16 15 2 11 10 12 9 14 11 26.7564486265182495 51.0896187754775113 
12 16 13 17 8 2.70999124060388841 11 20 11 1 33 7 18 19 6 6 22 3 2 6 10 16 2 2.70999124060388841 3 16 12 4 9 1 12 28 11 10 7 2 14 26 3 6 32 7 18 1 5 1 3 4 3 18 12 16 15 2 12 30 13 9 14 11 23.4615538120269775 56.1344099236163743 
4 1 10 2 9 13 3.36768017929769181 14 10 14 11 10 16 26 2 4 32 6 6 15 11 2 6 3 14 3 8 12 8 4 15 31 9 16 24 3 10 6 9 6 14 13 1 30 13 2 32 9 13 28 8 13 5 10 15 6 7 9 20 1 18.2476525902748108 180.946779682305987 
12 16 13 17 8 2.70999124060388841 11 20 11 1 33 7 18 19 6 6 22 3 2 6 10 16 2 2.70999124060388841 3 16 12 4 9 1 12 28 11 10 7 2 14 26 3 6 32 7 18 1 5 1 3 4 3 18 12 16 15 2 4 2 13 9 14 11 23.7932518720626831 55.2360426617719611 
12 16 13 17 8 2.70999124060388841 11 20 11 1 33 7 14 3 4 6 22 3 2 6 10 16 2 2.70999124060388841 3 16 12 4 9 1 12 28 11 10 7 2 14 26 3 6 32 7 18 1 5 1 3 4 3 18 12 16 15 2 4 31 13 9 14 11 22.1858468055725098 61.1381828558707241 
12 16 13 17 8 2.70999124060388841 3.36768017929769181 12 11 1 33 7 15 1 9 6 22 3 2 6 10 16 2 2.70999124060388841 3 16 12 4 9 1 12 28 11 10 7 2 14 26 3 6 32 7 18 1 5 1 3 4 3 18 12 16 15 2 2 6 7 9 14 11 21.6532928943634033 67.9907022484852632 
12 16 13 17 8 2.70999124060388841 11 20 11 1 33 7 15 32 4 6 22 3 2 6 10 16 2 2.70999124060388841 3 16 12 4 9 1 12 28 11 10 7 2 14 26 3 6 32 7 18 1 5 1 3 4 3 18 12 16 15 2 15 22 1 9 14 11 22.6487078666687012 57.752991979857633 
12 16 13 17 8 2.70999124060388841 11 20 11 1 33 7 18 19 6 6 22 3 2 6 10 16 2 2.70999124060388841 3 16 12 4 9 1 12 28 11 10 7 2 14 26 3 6 32 7 18 1 5 1 3 4 3 18 12 16 15 2 4 30 13 9 14 11 23.3941307663917542 56.676435639173576 
12 16 13 17 8 2.70999124060388841 11 20 11 1 33 7 18 19 6 6 22 3 2 6 10 16 2 2.70999124060388841 3 16 12 4 9 1 12 28 11 10 7 2 14 26 3 6 32 7 18 1 5 1 3 4 3 18 12 16 15 2 4 16 8 9 14 11 23.8731857538223267 54.2785413752612627 
12 16 13 17 8 2.70999124060388841 11 20 11 1 33 7 5 24 4 6 22 3 2 6 10 16 2 2.70999124060388841 3 16 12 4 9 1 12 28 11 10 7 2 14 26 3 6 32 7 18 1 5 1 3 4 3 18 12 16 15 2 11 10 12 9 14 11 25.9462476968765259 52.3778959098311461 
12 16 13 17 8 2.70999124060388841 11 20 11 1 33 7 18 19 6 6 22 3 2 6 10 16 2 2.70999124060388841 3 16 12 4 9 1 12 28 11 10 7 2 14 26 3 6 32 7 18 1 5 1 3 4 3 18 12 16 15 2 4 30 2 9 14 11 23.3401447534561157 56.7538322327263813 
12 16 13 17 8 2.70999124060388841 11 20 11 1 33 7 18 19 6 6 22 3 2 6 10 16 2 2.70999124060388841 3 16 12 4 9 1 12 28 11 10 7 2 14 26 3 6 32 7 18 1 5 1 3 4 3 18 12 16 15 2 10 2 1 9 14 11 24.3569809198379517 53.3126267116536354 
14 32 7 17 8 2.70999124060388841 3 17 1 1 33 7 12 1 2 6 22 3 2 6 10 16 2 2.70999124060388841 3 16 12 4 9 1 12 28 11 12 13 2.70999124060388841 14 26 3 6 32 7 8 5 9 1 3 4 3 18 12 16 15 2 14 24 13 9 14 11 20.0608928203582764 119.204060922076721 
12 16 13 17 8 2.70999124060388841 11 20 11 1 33 7 18 19 6 6 22 3 2 6 10 16 2 2.70999124060388841 3 16 12 4 9 1 12 28 11 10 7 2 14 26 3 6 32 7 18 1 5 1 3 4 3 30 1 16 15 2 11 10 12 9 14 11 26.5724405646324158 52.1605601304185384 
13 30 2 6 1 2 14 26 2.70999124060388841 10 32 2 12 6 2 9.25570237641795579 15 11 15 19 13 4.94126535182462057 32 9 17 6 5 6 15 12 13.2195649013323386 3 13 3 16 6 13 9 3 1 26 11 12 31.8448655754823804 9 1 14 4 14 9 6 6 22 10 4 26 8 15 25 1 17.3442697525024414 208.24092898970946 
15 5 2 6 18 10 15 11 2.70999124060388841 6 22 9 14 12 9 9.25570237641795579 30 4 4 6 12 11 15 10 9 24 1 14 3 2 8 24 7 10 11 3 17 26 11 4 9 11 8 19 3 1 24 13 16 22 1 14 20 5 4.94126535182462057 1 7 13.2195649013323386 16 10 19.0132268965244293 172.157242344858446 

MOEA/D: Multiobjective Evolutionary Algorithm Based on Decomposition
Number of Evaluations = 100000000
Mutation Probability = 0.0500000007450580597
Population Size = 140
Neighborhood size = 28
Seed: 13

Time =  72830.9419959999941

Current Evaluation = 100000040
Front Size = 36
15 18 8 6 30 7 8 2 2 14 23 7 14 26 11 1 30 8 17 6 9 3.36768017929769181 12 9 13 1 9 13 24 7 15 30 7 12 13 12 1 17 6.96245171630185755 3 26 5 14 7 9 14 6 11 1 1 9 17 16 7 3 23 12 16 18 12 16.8874312043190002 255.410410934095154 
9 15 4 14 30 8 11 6 10 4 31 2 12 9 7 1 24 13 13 3 4 16 20 2 12 1 11 4 7 5 17 28 2 17 1 2.70999124060388841 14 15 13 17 23 12 4 24 11 3 19 9 1 26 8 14 9 5 1 31 4 8 6 5 17.8677151203155518 196.820951597422209 
1 33 2.70999124060388841 9.25570237641795579 7 6 17 24 9 4.94126535182462057 26 12 1 16 2 15 3 1 10 30 4 3 31 10 15 19 13 12 1 5 7 5 2 13 26 6 2 3 10 6 24 8 4 32 9.82524131762891173 14 15 7 17.8244721320812971 18 11 6 12 13 4 5 2 13 20 13 19.7318289279937744 161.578707893413792 
12 16 13 17 8 2.70999124060388841 3 13 8 1 33 7 18 19 6 6 22 3 2 6 10 17 15 2 3 16 12 4 9 1 12 28 11 10 7 2 14 26 3 6 32 7 14 1 5 1 3 4 3 18 12 16 15 2 4 31 1 9 14 11 22.0559259057044983 63.9728878665881524 
12 16 13 17 8 2.70999124060388841 3 13 8 1 33 7 14 26 3 6 22 3 2 6 10 17 15 2 3 16 12 4 9 1 12 28 11 10 7 2 14 26 3 6 32 7 18 1 5 1 3 4 3 18 12 16 15 2 14 30 9 9 14 11 21.2205239534378052 71.3484390669529773 
12 16 13 17 8 2.70999124060388841 3 13 8 1 33 7 14 12 6 6 22 3 2 6 10 4 24 2 3 16 12 4 9 1 16 25 12 6 24 2 14 26 3 6 32 7 18 1 5 1 3 4 3 18 12 16 15 2 4 16 4 9 14 11 20.1953389048576355 103.29705428300629 
12 16 13 17 8 2.70999124060388841 3 13 8 1 33 7 15 24 9 6 22 3 2 6 10 17 15 2 3 16 12 4 9 1 12 28 11 10 7 2 14 26 3 6 32 7 18 1 5 1 3 4 3 18 12 16 15 2 12 9 8 9 14 11 22.0273968577384949 65.7365699315223821 
14 26 5 2 6 4 4 16 6 3 18 8 10 14 13 1 15 8 12 9 2.70999124060388841 16 24 4 14 1 6 9.25570237641795579 25 12 13 2 4 14 17 12 1 20 8 13 28 13 18 24 5 16 31 1 6 3 6 12 23 7 17 14 3.84646942076222631 4 32 7 19.9088319540023804 157.897470842549779 
12 16 13 17 8 2.70999124060388841 3 13 8 1 33 7 1 32 2 6 22 3 2 6 10 17 15 2 3 16 12 4 9 1 13 6 2 15 31 4 14 26 3 6 32 7 18 1 5 1 3 4 3 18 12 16 15 2 2 31 11 9 14 11 20.0869699120521545 117.004645107369825 
4 12 10 17 8 2.70999124060388841 3 13 8 1 33 7 14 24 4 6 32 4 2 6 10 17 15 2 3 16 12 4 9 1 12 28 11 10 7 2 14 26 3 6 32 7 18 1 5 1 3 4 3 18 12 16 15 2 13 24 6 9 14 11 20.4765299260616302 85.1521700801387453 
12 16 13 17 8 2.70999124060388841 3 13 8 1 33 7 14 24 6 6 22 3 2 6 10 17 15 2 3 16 12 4 9 1 12 28 11 10 7 2 14 26 3 6 32 7 18 1 5 1 3 4 3 18 12 16 15 2 13 24 7 9 14 11 21.4733559489250183 68.4733633580581511 
12 16 13 17 8 2.70999124060388841 3 13 8 15 24 4 14 20 9 6 22 3 2 6 10 17 15 2 3 16 12 4 9 1 12 28 11 10 7 2 14 26 3 6 32 7 18 1 5 1 3 4 3 18 12 16 15 2 15 22 9 9 14 11 20.9858618378639221 74.0466672889785116 
12 16 13 17 8 2.70999124060388841 3 13 8 1 33 7 14 12 9 6 22 3 2 6 10 17 15 2 3 16 12 4 9 1 12 28 11 12 31 12 14 26 3 6 32 7 18 1 5 1 3 4 3 18 12 16 15 2 14 32 2.70999124060388841 9 14 11 20.4293688833713531 93.7781472078080895 
12 16 13 17 8 2.70999124060388841 11 20 11 1 33 7 18 19 6 6 22 3 2 6 10 16 2 2.70999124060388841 3 16 12 4 9 1 12 28 11 10 7 2 14 26 3 6 32 7 18 1 5 1 3 4 3 18 12 16 15 2 11 31 8 9 14 11 24.1431187391281128 54.1272940572994159 
4 32 12 14 13 3 15 19 12 14 6 11 1 18 4 14 25 11 1 32 11 3 32 9 17 1 5 16 12 1 13 30 9 2 15 12 16 1 5 6 30 7 15 28 1 5 14 6 6 16 9 9 31 9 4 26 2.70999124060388841 6 26 2 17.0955328941345215 226.832042209596352 
12 16 13 17 8 2.70999124060388841 11 20 11 1 33 7 14 3 4 6 22 3 2 6 10 16 2 2.70999124060388841 3 16 12 4 9 1 12 28 11 10 7 2 14 26 3 6 32 7 18 1 5 1 3 4 3 18 12 16 15 2 14 20 6 9 14 11 21.9344308972358704 67.9193235419551229 
12 16 13 17 8 2.70999124060388841 11 20 11 1 33 7 14 3 9 6 22 3 2 6 10 16 2 2.70999124060388841 3 16 12 4 9 1 12 28 11 10 7 2 14 26 3 6 32 7 18 1 5 1 3 4 3 18 12 16 15 2 10 31 2.70999124060388841 9 14 11 22.5855658054351807 60.7691635814772795 
12 16 13 17 8 2.70999124060388841 11 20 11 1 33 7 18 19 6 6 22 3 2 6 10 16 2 2.70999124060388841 3 16 12 4 9 1 12 28 11 10 7 2 14 26 3 6 32 7 18 1 5 1 3 4 3 18 12 16 15 2 10 16 1 9 14 11 24.3957148790359497 52.510854849259907 
12 16 13 17 8 2.70999124060388841 11 20 11 1 33 7 14 26 10 6 22 3 2 6 10 16 2 2.70999124060388841 3 16 12 4 9 1 12 28 11 6 12 7 14 26 3 6 32 7 18 1 5 1 3 4 3 18 12 16 15 2 14 13 1 9 14 11 21.1417788863182068 74.0365835488651101 
12 16 13 17 8 2.70999124060388841 11 20 11 1 33 7 18 19 6 6 22 3 2 6 10 16 2 2.70999124060388841 3 16 12 4 9 1 12 28 11 10 7 2 14 26 3 6 32 7 18 1 5 1 3 4 3 18 12 16 15 2 4 31 1 9 14 11 23.5764097571372986 55.6478577877803886 
12 16 13 17 8 2.70999124060388841 11 20 11 1 33 7 18 19 6 6 22 3 2 6 10 16 2 2.70999124060388841 3 16 12 4 9 1 12 28 11 10 7 2 14 26 3 6 32 7 18 1 5 1 3 4 3 18 12 16 15 2 11 10 12 9 14 11 26.7564486265182495 51.0896187754775113 
12 16 13 17 8 2.70999124060388841 11 20 11 1 33 7 18 19 6 6 22 3 2 6 10 16 2 2.70999124060388841 3 16 12 4 9 1 12 28 11 10 7 2 14 26 3 6 32 7 18 1 5 1 3 4 3 18 12 16 15 2 12 30 13 9 14 11 23.4615538120269775 56.1344099236163743 
4 1 10 2 9 13 3.36768017929769181 14 10 14 11 10 16 26 2 4 32 6 6 15 11 2 6 3 14 3 8 12 8 4 15 31 9 16 24 3 10 6 9 6 14 13 1 30 13 2 32 9 13 28 8 13 5 10 15 6 7 9 20 1 18.2476525902748108 180.946779682305987 
12 16 13 17 8 2.70999124060388841 11 20 11 1 33 7 18 19 6 6 22 3 2 6 10 16 2 2.70999124060388841 3 16 12 4 9 1 12 28 11 10 7 2 14 26 3 6 32 7 18 1 5 1 3 4 3 18 12 16 15 2 4 2 13 9 14 11 23.7932518720626831 55.2360426617719611 
12 16 13 17 8 2.70999124060388841 11 20 11 1 33 7 14 3 4 6 22 3 2 6 10 16 2 2.70999124060388841 3 16 12 4 9 1 12 28 11 10 7 2 14 26 3 6 32 7 18 1 5 1 3 4 3 18 12 16 15 2 4 31 13 9 14 11 22.1858468055725098 61.1381828558707241 
12 16 13 17 8 2.70999124060388841 3.36768017929769181 12 11 1 33 7 15 1 9 6 22 3 2 6 10 16 2 2.70999124060388841 3 16 12 4 9 1 12 28 11 10 7 2 14 26 3 6 32 7 18 1 5 1 3 4 3 18 12 16 15 2 2 6 7 9 14 11 21.6532928943634033 67.9907022484852632 
12 16 13 17 8 2.70999124060388841 11 20 11 1 33 7 15 32 4 6 22 3 2 6 10 16 2 2.70999124060388841 3 16 12 4 9 1 12 28 11 10 7 2 14 26 3 6 32 7 18 1 5 1 3 4 3 18 12 16 15 2 15 22 1 9 14 11 22.6487078666687012 57.752991979857633 
12 16 13 17 8 2.70999124060388841 11 20 11 1 33 7 18 19 6 6 22 3 2 6 10 16 2 2.70999124060388841 3 16 12 4 9 1 12 28 11 10 7 2 14 26 3 6 32 7 18 1 5 1 3 4 3 18 12 16 15 2 4 30 13 9 14 11 23.3941307663917542 56.676435639173576 
12 16 13 17 8 2.70999124060388841 11 20 11 1 33 7 18 19 6 6 22 3 2 6 10 16 2 2.70999124060388841 3 16 12 4 9 1 12 28 11 10 7 2 14 26 3 6 32 7 18 1 5 1 3 4 3 18 12 16 15 2 4 16 8 9 14 11 23.8731857538223267 54.2785413752612627 
12 16 13 17 8 2.70999124060388841 11 20 11 1 33 7 5 24 4 6 22 3 2 6 10 16 2 2.70999124060388841 3 16 12 4 9 1 12 28 11 10 7 2 14 26 3 6 32 7 18 1 5 1 3 4 3 18 12 16 15 2 11 10 12 9 14 11 25.9462476968765259 52.3778959098311461 
12 16 13 17 8 2.70999124060388841 11 20 11 1 33 7 18 19 6 6 22 3 2 6 10 16 2 2.70999124060388841 3 16 12 4 9 1 12 28 11 10 7 2 14 26 3 6 32 7 18 1 5 1 3 4 3 18 12 16 15 2 4 30 2 9 14 11 23.3401447534561157 56.7538322327263813 
12 16 13 17 8 2.70999124060388841 11 20 11 1 33 7 18 19 6 6 22 3 2 6 10 16 2 2.70999124060388841 3 16 12 4 9 1 12 28 11 10 7 2 14 26 3 6 32 7 18 1 5 1 3 4 3 18 12 16 15 2 10 2 1 9 14 11 24.3569809198379517 53.3126267116536354 
14 32 7 17 8 2.70999124060388841 3 17 1 1 33 7 12 1 2 6 22 3 2 6 10 16 2 2.70999124060388841 3 16 12 4 9 1 12 28 11 12 13 2.70999124060388841 14 26 3 6 32 7 8 5 9 1 3 4 3 18 12 16 15 2 14 24 13 9 14 11 20.0608928203582764 119.204060922076721 
12 16 13 17 8 2.70999124060388841 11 20 11 1 33 7 18 19 6 6 22 3 2 6 10 16 2 2.70999124060388841 3 16 12 4 9 1 12 28 11 10 7 2 14 26 3 6 32 7 18 1 5 1 3 4 3 30 1 16 15 2 11 10 12 9 14 11 26.5724405646324158 52.1605601304185384 
13 30 2 6 1 2 14 26 2.70999124060388841 10 32 2 12 6 2 9.25570237641795579 15 11 15 19 13 4.94126535182462057 32 9 17 6 5 6 15 12 13.2195649013323386 3 13 3 16 6 13 9 3 1 26 11 12 31.8448655754823804 9 1 14 4 14 9 6 6 22 10 4 26 8 15 25 1 17.3442697525024414 208.24092898970946 
15 5 2 6 18 10 15 11 2.70999124060388841 6 22 9 14 12 9 9.25570237641795579 30 4 4 6 12 11 15 10 9 24 1 14 3 2 8 24 7 10 11 3 17 26 11 4 9 11 8 19 3 1 24 13 16 22 1 14 20 5 4.94126535182462057 1 7 13.2195649013323386 16 10 19.0132268965244293 172.157242344858446 

