Current Evaluation = 10000000(10000060)
Front Size = 45
9 15 11 3.36768017929769181 12 13 1 31 7 15 32 3 16 3 5 10 16 2.70999124060388841 2 24 10 13 20 2.70999124060388841 17 15 11 3.36768017929769181 7 12 5 23 4 6 3 3 14 26 10 15 22 6 10 18 1 12 2 11 16 5 2.70999124060388841 3 17 8 1 23 11 6 6 3 21.1465017199516296 101.071674290447149 
9 15 11 3.36768017929769181 12 13 2 31 2 15 32 3 16 3 5 10 16 2.70999124060388841 2 24 10 4 18 1 17 15 11 3.36768017929769181 7 12 5 23 4 6 3 3 14 26 10 9 30 1 10 18 1 12 2 11 16 5 2.70999124060388841 3 17 8 3 24 7 6 6 3 21.108052670955658 105.33327821923568 
9 15 11 3.36768017929769181 12 13 14 24 1 15 32 3 16 3 5 8 26 5 2 24 10 4 30 7 17 15 11 3.36768017929769181 7 12 5 23 4 6 3 3 14 26 10 15 22 6 10 18 1 12 2 11 16 5 2.70999124060388841 3 17 8 18 19 7 6 6 3 21.0235357880592346 109.52678690173731 
9 15 11 3.36768017929769181 12 13 6 26 3 15 32 3 16 3 5 10 16 2.70999124060388841 2 24 10 11 30 1 17 15 11 3.36768017929769181 7 12 5 23 4 6 3 3 14 26 10 15 22 6 10 18 1 12 2 11 16 5 2.70999124060388841 3 17 8 4 25 6 6 6 3 21.6100276708602905 92.0785833447598208 
3.36768017929769181 6 4 3.36768017929769181 12 13 14 18 10 15 32 3 16 3 5 10 16 2.70999124060388841 2 24 10 6 12 4 17 15 11 3.36768017929769181 7 12 9 26 7 6 3 3 4 1 4 15 22 6 10 18 1 12 2 11 16 5 2.70999124060388841 3 17 8 18 19 7 6 6 3 20.7488678693771362 131.511755875334558 
11 30 1 9 19 7 15 32 7 12 31 1 16 14 6 13 1 9 6 3 1 18 31 13 1 17 9 14 15 10 2 7 5 4 6 2.70999124060388841 6 20 10 10 22 13 4 18 9 8 16.1354543567662532 10 1 31 12 17 24 11 2 14 5 1 25 8 20.3107548952102661 177.474336241673683 
9 30 13 3.36768017929769181 12 13 1 9 5 15 32 3 16 3 5 10 16 2.70999124060388841 2 24 10 11 12 12 17 15 11 3.36768017929769181 7 12 1 24 11 6 3 3 14 26 10 15 22 6 10 18 1 12 2 11 16 5 2.70999124060388841 3 17 8 18 19 7 6 6 3 21.5988317728042603 92.1119663020675574 
15 12 10 1 22 13 8 26 4 9 15 2.70999124060388841 16 23 6.96245171630185755 4.94126535182462057 12 7 14 18 9.82524131762891173 12 20 3 1 18 8 15 30 5 6 3 11 13 17 11 16 31.8448655754823804 9 17 1 5 12 32 8 4 19 8 2 9 13 13 6 3 6 32 11 14 33 2 18.3192249536514282 193.354553991857728 
9 30 13 11 25 8 4 26 12 15 32 3 16 3 5 10 16 2.70999124060388841 2 24 10 13 6 2.70999124060388841 17 15 11 3.36768017929769181 7 12 5 23 4 6 3 3 14 26 10 15 22 6 10 18 1 12 2 11 16 5 2.70999124060388841 3 17 8 4 20 9 6 6 3 21.1297316551208496 102.731474655612587 
15 19 3 13 3 5 13 15 2 6 2 4 17 32 11 16 9 2 4 24 9 3 25 7 13 14 9 2 25 10 6 8 1 13 30 5 1 19 8 8 5.34074699537910114 4 8 24 12 15 12 9 6 6 9 1 20 4 4 17 4 17 24 2 17.0755719542503357 243.071846282372604 
1 9 2 14 5 5 17 31 2.70999124060388841 15 26 12 3 6 9 11 15 6 13 26 4 9 18 4 14 22 11 8 1 11 11 24 10 5 2 6 15 16 11 12 32 7 14 6 6.96245171630185755 4 19 1 2 30 1 14 20 7 1 28 11 17 25 9 19.0528159141540527 187.407336858188216 
9 30 13 11 25 8 1 1 10 15 32 3 16 3 5 10 16 2.70999124060388841 2 24 10 13 20 13 17 15 11 3.36768017929769181 7 12 5 23 4 6 3 3 14 26 10 15 22 6 10 18 1 12 2 11 16 5 2.70999124060388841 3 17 8 12 19 7 6 6 3 21.5148656964302063 92.1800721044049567 
9 30 13 11 25 8 14 2 4 15 32 3 16 3 5 10 16 2.70999124060388841 2 24 10 12 30 13 17 15 11 3.36768017929769181 7 12 5 23 4 6 3 3 14 26 10 15 22 6 10 18 1 12 2 11 16 5 2.70999124060388841 3 17 8 18 19 7 6 6 3 22.4374657869338989 76.8472166722166747 
9 30 13 11 25 8 14 2 10 15 32 3 16 3 5 10 16 2.70999124060388841 2 24 10 9 21 13 17 15 11 3.36768017929769181 7 12 1 24 7 6 3 3 14 26 10 15 22 6 10 18 1 12 2 11 16 5 2.70999124060388841 3 17 8 18 19 7 6 6 3 22.8699548840522766 74.089189470839969 
9 30 13 11 25 8 18 29 6 15 32 3 16 3 5 10 16 2.70999124060388841 2 24 10 12 31 1 17 15 11 3.36768017929769181 7 12 5 23 4 6 3 3 14 26 10 15 22 6 10 18 1 12 2 11 16 5 2.70999124060388841 3 17 8 18 19 7 6 6 3 24.5225356817245483 66.4449938673856479 
9 30 13 11 25 8 14 6 2.70999124060388841 15 32 3 14 2 4 10 16 2.70999124060388841 2 24 10 4 31 10 17 15 11 3.36768017929769181 7 12 5 23 4 6 3 3 14 26 10 15 22 6 10 18 1 12 2 11 16 5 2.70999124060388841 3 17 8 18 19 7 6 6 3 21.8968587219715118 86.0065053033938653 
9 30 13 11 25 8 6 26 4 15 32 3 16 3 5 10 16 2.70999124060388841 2 24 10 9 21 13 17 15 11 3.36768017929769181 7 12 5 23 4 6 3 3 14 26 10 15 22 6 10 18 1 12 2 11 16 5 2.70999124060388841 3 17 8 18 19 7 6 6 3 23.737220823764801 68.0019182801021032 
17 31 8 2 13 12 17 26 6 1 31 2.70999124060388841 14 23 7 9.25570237641795579 24 4 12 6 2 18 24 1 15 3 8 6 19 8 10 31 11 12 6 13 4 13 5 15 6 10 14 15 2 6 8.22565314501180467 6 17 15 8 1 12 2 13.2195649013323386 24 5 3 18 13.151007650947605 19.2587258815765381 186.276857255310375 
9 30 13 11 25 8 1 1 3 15 32 3 16 3 5 10 16 2.70999124060388841 2 24 10 9 21 13 17 15 11 3 20 12 5 23 4 6 3 3 14 26 10 15 22 6 10 18 1 12 2 11 16 5 2.70999124060388841 3 17 8 18 19 7 6 6 3 23.400867760181427 69.526677055975739 
9 30 13 11 25 8 14 12 5 15 32 3 16 3 5 10 16 2.70999124060388841 2 24 10 9 30 8 17 15 11 3.36768017929769181 7 12 5 23 4 6 3 3 14 26 10 15 22 6 10 18 1 12 2 11 16 5 2.70999124060388841 3 17 8 18 19 7 6 6 3 22.3637865781784058 80.0253857253857035 
9 30 13 11 25 8 6 26 5 15 32 3 16 3 5 10 16 2.70999124060388841 2 24 10 12 14 11 17 15 11 3.36768017929769181 7 12 5 23 4 6 3 3 14 26 10 15 22 6 10 18 1 12 2 11 16 5 2.70999124060388841 3 17 8 18 19 7 6 6 3 22.6899536848068237 75.1707458967931927 
9 30 13 11 25 8 14 24 9 15 32 3 16 3 5 10 16 2.70999124060388841 2 24 10 9 21 13 17 15 11 3.36768017929769181 7 12 5 23 4 6 3 3 14 26 10 15 22 6 10 18 1 12 2 11 16 5 2.70999124060388841 3 17 8 14 26 3 6 6 3 22.2436368465423584 80.884918676095154 
9 30 13 11 25 8 14 26 2 15 32 3 16 3 5 10 16 2.70999124060388841 2 24 10 4 1 5 17 15 11 3.36768017929769181 7 12 5 23 4 6 3 3 14 26 10 15 22 6 10 18 1 12 2 11 16 5 2.70999124060388841 3 17 8 18 19 7 6 6 3 22.2237436771392822 85.2450239887234034 
9 30 13 11 25 8 9 30 7 15 32 3 16 3 5 10 16 2.70999124060388841 2 24 10 9 31 6 17 15 11 3.36768017929769181 7 12 9 5.34074699537910114 6.96245171630185755 6 3 3 14 26 10 15 22 6 10 18 1 12 2 11 16 5 2.70999124060388841 3 17 8 13 31 9 6 6 3 20.9320605397224426 120.575532313849493 
9 30 13 11 25 8 18 29 6 15 32 3 16 3 5 10 16 2.70999124060388841 2 24 10 4 18 8 17 15 11 3.36768017929769181 7 12 5 23 4 6 3 3 14 26 10 15 22 6 10 18 1 12 2 11 16 5 2.70999124060388841 3 17 8 1 1 4 6 6 3 23.3760247230529785 69.9445865608904001 
9 30 13 11 25 8 14 6 6 15 32 3 16 3 5 10 16 2.70999124060388841 2 24 10 9 21 13 17 15 11 3.36768017929769181 7 12 5 23 4 6 3 3 14 26 10 15 22 6 10 18 1 12 2 11 16 5 2.70999124060388841 3 17 8 18 19 7 6 6 3 23.6358337998390198 68.2988059603817987 
9 30 13 11 25 8 18 29 6 15 32 3 16 3 5 10 16 2.70999124060388841 2 24 10 9 21 13 17 15 11 3.36768017929769181 7 12 5 23 4 6 3 3 14 26 10 15 22 6 10 18 1 12 2 11 16 5 2.70999124060388841 3 17 8 18 19 7 6 6 3 25.7623687982559204 64.8629164570873797 
1 19 2 3.36768017929769181 20 10 14 26 6 9.25570237641795579 28 9 17 26 4 4.94126535182462057 23 9.82524131762891173 16 33 10 15 3 11 14 5 13 6 31.8448655754823804 2 2 21 5 9 6 4 16 15 10 3 19 7.75241283629571765 4 30 5 9 6 4 14 16 3 8 12 13 10 5 10 2 30 1.44943743604301667 20.3128118515014648 177.00413594342163 
9 30 13 11 25 8 18 29 6 15 32 3 16 3 5 10 16 2.70999124060388841 4 30 8 9 21 13 17 15 11 3.36768017929769181 7 12 5 23 4 6 3 3 14 26 10 15 22 6 10 18 1 12 2 11 16 5 2.70999124060388841 3 17 8 18 19 7 6 6 3 25.6371767520904541 66.3562078542905311 
9 30 13 11 25 8 1 1 2.70999124060388841 15 32 3 16 3 5 10 16 2.70999124060388841 2 24 10 9 21 13 17 15 11 3.36768017929769181 7 12 5 23 4 6 3 3 14 26 10 15 22 6 10 18 1 12 2 11 16 5 2.70999124060388841 3 17 8 1 23 7 6 6 3 23.135347843170166 72.6707019755823183 
18 6 10 15 30 5 12 24 8 1 2 5 13 15 3 3.36768017929769181 12 13 18 20 12 9.25570237641795579 6 2 11 6 7 6 32 3 9 22 5 6 32 13 17 22 4 16 2 8 14 1 9 13 24 6 3 8 10 4.94126535182462057 17 13 9 18 1 17 26 9 20.3206286728382111 176.484886122507504 
16 1 5 17 1 7 4 5.34074699537910114 9 3 16.1354543567662532 3.84646942076222631 13.2195649013323386 12 12 9 15 1 16 26 13.151007650947605 14 24 3 6 33 11 1 24 7 6 14 7.75241283629571765 1 28 6 13 3 2 18 31 1.44943743604301667 3 33 11 3 30 12 18 2 9 14 26 9 1 6 9 15 9 1 20.3517937958240509 175.614032948475682 
9 30 13 11 25 8 18 29 6 14 32 9 16 3 5 2 1 2.70999124060388841 10 10 1 9 21 13 17 15 11 3.36768017929769181 7 12 5 23 4 6 3 3 14 26 10 15 22 6 10 18 1 12 2 11 16 5 2.70999124060388841 3 17 8 18 19 7 6 6 3 27.8882268071174622 62.4943119519019348 
9 30 13 11 25 8 18 29 6 14 32 9 16 3 5 15 24 4 10 10 1 9 21 13 17 15 11 3.36768017929769181 7 12 5 23 4 6 3 3 14 26 10 15 22 6 10 18 1 12 2 11 16 5 2.70999124060388841 3 17 8 18 19 7 6 6 3 27.6125507950782776 63.0485862573166855 
9 30 13 11 25 8 18 29 6 14 32 9 16 3 5 6 4 10 10 10 1 9 21 13 17 15 11 3.36768017929769181 7 12 5 23 4 6 3 3 14 26 10 15 22 6 10 18 1 12 2 11 16 5 2.70999124060388841 3 17 8 18 19 7 6 6 3 29.874833881855011 61.5198684855571685 
2 24 10 2 32 4 9 8 3 12 11 1 16 16 1 14 14 10 3.36768017929769181 30 10 10 26 2 9.25570237641795579 8 5 16 33 1 14 23 11 15 15 13 6 25 13 4.94126535182462057 12 7 14 30 9 3 6 1 9 33 9 6 3 6 6 24 10 16 15 13 20.5104606747627258 167.673913822675416 
1 12 13 15 2 4 10 15 10 1 6 5 3.36768017929769181 33 7 13 6 10 9 2 12 17 11 7 14 1 6 13 6 1 10 3 5 11 24 2 17 30 3 6 22 9 2 26 4 12 28 2 14 15 11 9.25570237641795579 25 2 6 24 5 3 11 7 19.9333317875862122 178.776680182562529 
14 6 13 4 24 13 15 24 12 13 1 4 14 9 2 6 9 9 13 5 2 6 30 11 12 23 10 4 3 2.70999124060388841 2 2 8 1 19 10 8 32 12 2 12 10 6 18 3 17 6 4 6 15 2 9 12 8 14 15 7 10 18 2 17.51290363073349 236.991409424768563 
15 5.34074699537910114 7 2 31 11 12 5 2 9 9 2 13 16.1354543567662532 6 1 1 6 2 15 9 3 24 8 4.94126535182462057 1 11 6 1 13 14 20 5 8 16 12 14 24 7 4 25 12 12 11 1 6 25 10 1 18 11 16 12 6 6 26 5 12 15 1 18.027417778968811 232.390730468362023 
16 30 5 14 16 2.70999124060388841 13 18 4 10 1 3 3 18 11 12 14 13 16 11 11 3 13 8 14 6 8 12 1 6.96245171630185755 1 8.22565314501180467 9.82524131762891173 2 6 4 4 24 3 14 12 4 13 26 10 13 9 4 12 14 4 16 31.8448655754823804 5 2 19 9 12 12 8 18.0626680254936218 216.351324197982564 
9 30 13 11 25 8 18 29 6 14 32 9 16 3 5 1 1 4 10 10 1 9 21 13 17 15 11 3.36768017929769181 7 12 5 23 4 6 3 3 14 26 10 15 22 6 10 18 1 12 2 11 16 5 2.70999124060388841 3 17 8 18 19 7 6 6 3 27.6078538298606873 63.6109580595440747 
9 30 13 11 25 8 18 29 6 14 32 9 16 3 5 6 4 10 10 31 1 9 21 13 17 15 11 3.36768017929769181 7 12 5 23 4 6 3 3 14 26 10 15 22 6 10 18 1 12 2 11 16 5 2.70999124060388841 3 17 8 18 19 7 6 6 3 27.2203038334846497 63.6929011933050617 
1 31 2.70999124060388841 13 13 9 11 2 4 16 20 4 12 16.1354543567662532 3 12 23 8 9 30 2 4 9 13 3 12 1 6 32 2 13 3 9 14 6 10 5 22 10 17 1 6 3 9 2 14 7 5 16 16 11 14 23 1 2 6 11 2 31 9 19.8488989770412445 184.884741574215241 
9 30 13 11 25 8 18 29 6 14 32 9 16 3 5 6 4 10 10 10 1 4 16 8 17 15 11 3.36768017929769181 7 12 5 23 4 6 3 3 14 26 10 15 22 6 10 18 1 12 2 11 16 5 2.70999124060388841 3 17 8 18 19 7 6 6 3 28.8643537163734436 61.8735609708845473 
13 32 10 10 18 2 1 32 11 15 25 6 13 12 12 6 24 9 15 1 10 15 6 5 14 28 7 4 20 5 3 13 1 13 30 11 13 5.34074699537910114 13 12 9 8 14 31 11 15 11 7 14 5 9 5 12 9 14 15 1 5 31 2 17.7127816081047058 235.057672882672875 

Current Evaluation = 20000000(20000120)
Front Size = 42
15 12 10 1 22 13 8 26 4 9 15 2.70999124060388841 16 23 6.96245171630185755 4.94126535182462057 12 7 14 18 9.82524131762891173 12 20 3 1 18 8 15 30 5 6 3 11 13 17 11 16 31.8448655754823804 9 17 1 5 12 32 8 4 19 8 2 9 13 13 6 3 6 32 11 14 33 2 18.3192249536514282 193.354553991857728 
15 19 3 13 3 5 13 15 2 6 2 4 17 32 11 16 9 2 4 24 9 3 25 7 13 14 9 2 25 10 6 8 1 13 30 5 1 19 8 8 5.34074699537910114 4 8 24 12 15 12 9 6 6 9 1 20 4 4 17 4 17 24 2 17.0755719542503357 243.071846282372604 
14 6 13 4 24 13 15 24 12 13 1 4 14 9 2 6 9 9 13 5 2 6 30 11 12 23 10 4 3 2.70999124060388841 2 2 8 1 19 10 8 32 12 2 12 10 6 18 3 17 6 4 6 15 2 9 12 8 14 15 7 10 18 2 17.51290363073349 236.991409424768563 
16 30 5 14 16 2.70999124060388841 13 18 4 10 1 3 3 18 11 12 14 13 16 11 11 3 13 8 14 6 8 12 1 6.96245171630185755 1 8.22565314501180467 9.82524131762891173 2 6 4 4 24 3 14 12 4 13 26 10 13 9 4 12 14 4 16 31.8448655754823804 5 2 19 9 12 12 8 18.0626680254936218 216.351324197982564 
13 32 10 10 18 2 1 32 11 15 25 6 13 12 12 6 24 9 15 1 10 15 6 5 14 28 7 4 20 5 3 13 1 13 30 11 13 5.34074699537910114 13 12 9 8 14 31 11 15 11 7 14 5 9 5 12 9 14 15 1 5 31 2 17.7127816081047058 235.057672882672875 
9 30 13 11 25 8 1 1 7 14 32 9 16 3 5 2 24 4 14 31 9 4 9 13 17 15 11 3.36768017929769181 7 12 5 23 4 6 3 3 14 26 10 15 22 6 10 18 1 12 2 11 16 5 2.70999124060388841 4 16 13 14 1 12 6 6 3 19.5505129098892212 81.7933040717457516 
9 30 13 11 25 8 1 1 7 14 32 9 16 3 5 2 24 4 6 26 10 4 9 13 17 15 11 3.36768017929769181 7 12 5 23 4 6 3 3 14 26 10 15 22 6 10 18 1 12 2 11 16 5 2.70999124060388841 4 16 13 18 19 7 6 6 3 21.0794138312339783 73.2796069312249898 
9 30 13 11 25 8 1 1 7 14 32 9 16 3 5 2 24 4 12 6 2.70999124060388841 4 9 13 17 15 11 3.36768017929769181 7 12 5 23 4 6 3 3 14 26 10 15 22 6 10 18 1 12 2 11 16 5 2.70999124060388841 4 16 13 18 19 7 6 6 3 21.1430178284645081 67.886002693130024 
9 30 13 11 25 8 1 1 7 14 32 9 16 3 5 2 24 4 6 6 5 4 9 13 17 15 11 3.36768017929769181 7 12 5 23 4 6 3 3 14 26 10 15 22 6 10 18 1 12 2 11 16 5 2.70999124060388841 4 16 13 18 19 7 6 6 3 20.9816948771476746 73.7218580519075317 
9 30 13 11 25 8 1 1 7 14 32 9 16 3 5 2 24 4 15 6 6 4 9 13 17 15 11 3.36768017929769181 7 12 5 23 4 6 3 3 14 26 10 15 22 6 10 18 1 12 2 11 16 5 2.70999124060388841 4 16 13 18 19 7 6 6 3 21.1345988512039185 72.2379450028251568 
9 30 13 11 25 8 1 1 7 14 32 9 16 3 5 2 24 4 10 30 2 4 9 13 17 15 11 3.36768017929769181 7 12 5 23 4 6 3 3 14 26 10 15 22 6 10 18 1 12 2 11 16 5 2.70999124060388841 4 16 13 18 19 7 6 6 3 21.5219468474388123 64.6714672767549956 
9 30 13 11 25 8 1 1 7 14 32 9 16 3 5 2 24 4 6 26 2.70999124060388841 4 9 13 17 15 11 3.36768017929769181 7 12 5 23 4 6 3 3 14 26 10 15 22 6 10 18 1 12 2 11 16 5 2.70999124060388841 4 16 13 18 19 7 6 6 3 21.0844278931617737 72.9414254876298713 
9 30 13 11 25 8 1 1 7 14 32 9 16 3 5 2 24 4 10 33 2.70999124060388841 4 9 13 17 15 11 3.36768017929769181 7 12 5 23 4 6 3 3 14 26 10 15 22 6 10 18 1 12 2 11 16 5 2.70999124060388841 4 16 13 18 19 7 6 6 3 22.3814958930015564 59.6886146868242378 
9 30 13 11 25 8 1 1 7 14 32 9 16 3 5 2 24 4 3 5 1 4 9 13 17 15 11 3.36768017929769181 7 12 4 20 2 6 3 3 14 26 10 15 22 6 10 18 1 12 2 11 16 5 2.70999124060388841 4 16 13 14 26 2.70999124060388841 6 6 3 19.2648538947105408 94.408225687447711 
9 30 13 11 25 8 1 1 7 14 32 9 16 3 5 2 24 4 12 18 11 4 9 13 17 15 11 3.36768017929769181 7 12 5 23 4 6 3 3 14 26 10 15 22 6 15 31 2.70999124060388841 12 2 11 16 5 2.70999124060388841 4 16 13 14 30 13 6 6 3 19.2547048330307007 100.284861756361252 
9 30 13 11 25 8 1 1 7 14 32 9 16 3 5 2 24 4 3.36768017929769181 2 12 4 9 13 17 15 11 3.36768017929769181 7 12 5 23 4 6 3 3 14 26 10 15 22 6 10 18 1 12 2 11 16 5 2.70999124060388841 4 16 13 15 32 4 6 6 3 20.3810710310935974 75.486617125657375 
9 30 13 11 25 8 1 1 7 14 32 9 16 3 5 2 24 4 10 15 11 4 9 13 17 15 11 3.36768017929769181 7 12 1 26 4 6 3 3 14 26 10 15 22 6 10 18 1 12 2 11 16 5 2.70999124060388841 4 16 13 18 19 7 6 6 3 20.7009108662605286 75.359686270493853 
9 30 13 11 25 8 1 1 7 14 32 9 16 3 5 2 24 4 12 6 2.70999124060388841 4 9 13 17 15 11 3.36768017929769181 7 12 5 23 4 6 3 3 14 26 10 15 22 6 10 18 1 12 2 11 16 5 2.70999124060388841 4 16 13 14 15 4 6 6 3 19.8140308856964111 75.9647073509390651 
9 30 13 11 25 8 1 1 7 14 32 9 16 3 5 2 24 4 14 1 2 4 9 13 17 15 11 3.36768017929769181 7 12 5 23 4 6 3 3 14 26 10 15 22 6 10 18 1 12 2 11 16 5 2.70999124060388841 4 16 13 18 19 7 6 6 3 20.9313758611679077 74.3022186810398892 
9 30 13 11 25 8 1 1 7 14 32 9 16 3 5 2 24 4 18 26 2.70999124060388841 4 9 13 17 15 11 3.36768017929769181 7 12 5 23 4 6 3 3 14 26 10 15 22 6 10 18 1 12 2 11 16 5 2.70999124060388841 4 16 13 15 20 2 6 6 3 20.9321219325065613 74.2239850845954976 
9 30 13 11 25 8 1 1 7 14 32 9 16 3 5 2 24 4 10 6 8 4 9 13 17 15 11 3.36768017929769181 7 12 15 1 10 6 3 3 14 26 10 15 22 6 10 18 1 12 2 11 16 5 2.70999124060388841 4 16 13 18 19 7 6 6 3 20.7405838370323181 74.6270734167792966 
9 30 13 11 25 8 1 1 7 14 32 9 16 3 5 2 24 4 10 31 1 4 9 13 17 15 11 3.36768017929769181 7 12 5 23 4 6 3 3 14 26 10 15 22 6 10 18 1 12 2 11 16 5 2.70999124060388841 4 16 13 18 19 7 6 6 3 21.7582117915153503 61.7813433326908594 
9 30 13 11 25 8 1 1 7 14 32 9 16 3 5 2 24 4 12 31 2 4 9 13 17 15 11 3.36768017929769181 7 12 15 32 3 6 3 3 14 26 10 15 22 6 10 18 1 12 2 11 16 5 2.70999124060388841 4 16 13 18 19 7 6 6 3 20.3087639212608337 75.7854176548072047 
9 30 13 11 25 8 1 1 7 14 32 9 16 3 5 2 24 4 1 6 2 4 9 13 17 15 11 3.36768017929769181 7 12 5 23 4 6 3 3 14 26 10 15 22 6 10 18 1 12 2 11 16 5 2.70999124060388841 4 16 13 18 19 7 6 6 3 21.022415816783905 73.5102953543378703 
9 30 13 11 25 8 1 1 7 14 32 9 16 4 2 2 24 4 10 30 1 4 9 13 17 15 11 3.36768017929769181 7 12 5 23 4 6 3 3 14 26 10 15 22 6 10 18 1 12 2 11 16 5 2.70999124060388841 4 16 13 18 19 7 6 6 3 23.6968048810958862 59.2920246716407746 
9 30 13 11 25 8 1 1 7 14 32 9 16 4 2 2 24 4 10 10 1 4 9 13 17 15 11 3.36768017929769181 7 12 5 23 4 6 3 3 14 26 10 15 22 6 10 18 1 12 2 11 16 5 2.70999124060388841 4 16 13 14 1 6 6 6 3 25.2082217931747437 56.1137202599463762 
9 30 13 12 17 11 1 1 7 14 32 9 16 4 2 2 24 4 10 10 1 4 9 13 17 15 11 3.36768017929769181 7 12 5 23 4 6 3 3 14 26 10 15 22 6 10 18 1 12 2 11 16 5 2.70999124060388841 4 16 13 18 19 7 6 6 3 26.1842018365859985 55.6466054623293047 
9 30 13 11 25 8 1 1 7 14 32 9 16 4 2 2 24 4 10 10 1 4 9 13 17 15 11 3.36768017929769181 7 12 5 23 4 6 3 3 14 26 10 15 22 6 10 18 1 12 2 11 16 5 2.70999124060388841 4 16 13 11 19 11 6 6 3 26.2648137807846069 55.4037944197651839 
9 30 13 11 25 8 1 1 7 14 32 9 16 4 2 2 24 4 10 10 1 4 9 13 17 15 11 3.36768017929769181 7 12 5 23 4 6 3 3 14 26 10 15 22 6 10 18 1 12 2 11 16 5 2.70999124060388841 4 16 13 18 19 7 6 6 3 26.4516137838363647 52.3766661517398617 
9 30 13 13 26 9 1 1 7 14 32 9 16 30 4 2 24 4 3 12 5 4 9 13 6 6 2 3.36768017929769181 7 12 5 23 4 6 3 3 14 26 10 15 22 6 10 18 1 12 2 11 16 5 2.70999124060388841 4 16 13 3.36768017929769181 20 11 6 6 3 18.6452550292015076 129.842332786657835 
9 30 13 11 25 8 1 1 7 14 32 9 16 4 2 2 24 4 10 10 1 4 9 13 17 15 11 3.36768017929769181 7 12 5 23 4 6 3 3 14 26 10 15 22 6 10 18 1 12 2 11 16 5 2.70999124060388841 4 16 13 5 1 6 6 6 3 25.9479128122329712 55.9970618494649912 
4 2 6 15 15 4 12 20 2.70999124060388841 1 19 7 15 15 6.96245171630185755 16 14 4 6 2 11 17 15 7 8 30 3.84646942076222631 15 20 2 14 12 9.82524131762891173 10 19 5 13 12 13 5 23 10 17 15 2 2 17 8 17.8244721320812971 1 4 14 20 9 4 26 7 16 30 7.75241283629571765 18.0069610178470612 219.349324047599879 
9 30 13 11 25 8 1 1 7 14 32 9 16 4 2 2 24 4 10 33 2 4 9 13 17 15 11 3.36768017929769181 7 12 5 23 4 6 3 3 14 26 10 15 22 6 10 18 1 12 2 11 16 5 2.70999124060388841 4 16 13 18 19 7 6 6 3 24.4203678369522095 56.4034701971299128 
9 30 13 11 25 8 1 1 7 14 32 9 16 4 2 2 24 4 10 2 2 4 9 13 17 15 11 3.36768017929769181 7 12 5 23 4 6 3 3 14 26 10 15 22 6 10 18 1 12 2 11 16 5 2.70999124060388841 4 16 13 18 19 7 6 6 3 23.9599398374557495 57.6734220088050265 
9 30 13 11 25 8 1 1 7 14 32 9 16 4 2 2 24 4 10 10 1 4 9 13 17 15 11 3.36768017929769181 7 12 5 23 4 6 3 3 14 26 10 15 22 6 10 18 1 12 2 11 16 5 2.70999124060388841 4 16 13 18 19 7 14 32 3 26.351050853729248 55.307559150142275 
9 30 13 11 20 8 1 1 7 14 32 9 16 4 2 2 24 4 10 10 1 4 9 13 17 15 11 3.36768017929769181 7 12 5 23 4 6 3 3 14 26 10 15 22 6 10 18 1 12 2 11 16 5 2.70999124060388841 4 16 13 18 19 7 6 6 3 26.3828268051147461 55.3019020781399888 
9 30 13 11 25 8 1 1 7 14 32 9 16 4 2 2 24 4 10 28 2 4 9 13 17 15 11 3.36768017929769181 7 12 5 23 4 6 3 3 14 26 10 15 22 6 10 18 1 12 2 11 16 5 2.70999124060388841 4 16 13 18 19 7 6 6 3 24.2575398683547974 56.4662799414267411 
15 12 9 4 30 1 14 24 2.70999124060388841 12 22 10 16 5 7 6 25 9 9.25570237641795579 15 3 14 3 2 15 15 10 15 26 8 2 5 10 4.94126535182462057 9 13 3 3 5 14 12 9 16 25 9.82524131762891173 2 15 13 18 32 2 1 19 6 4 15 11 16 9 11 18.1912820041179657 206.102505649702408 
9 30 13 12 15 7 1 1 7 14 32 9 3.36768017929769181 15 8 2 24 4 14 26 2 4 9 13 17 15 11 3.36768017929769181 7 12 5 23 4 6 3 3 14 26 10 15 22 6 10 18 1 12 2 11 16 5 2.70999124060388841 4 16 13 14 25 11 6 6 3 19.0548999905586243 111.481385966168588 
6 17 2 4 18 12 4 1 9 1 15 2 14 6 7 6 5 2.70999124060388841 6 25 12 9.25570237641795579 31 1 2 24 6 6 18 13 16 19 9 5 3 9 16 5 8 14 2 12 12 19 6 6 30 2 1 24 1 6 14 3.84646942076222631 9 30 6 16 18 3 18.3159805536270142 203.108802300210982 
9 30 13 11 25 8 1 1 7 14 32 9 16 26 2.70999124060388841 2 24 4 10 10 1 4 9 13 17 15 11 3.36768017929769181 7 12 5 23 4 6 3 3 14 26 10 15 22 6 10 18 1 12 2 11 16 5 2.70999124060388841 4 16 13 18 19 7 6 6 3 24.2323107719421387 57.40784084575305 
9 30 13 11 25 8 1 1 7 14 32 9 6 24 10 2 24 4 3 1 5 4 9 13 17 15 11 3.36768017929769181 7 12 5 23 4 6 3 3 14 26 10 15 22 6 17 26 2 12 2 11 16 5 2.70999124060388841 4 16 13 14 26 9 6 6 3 18.7109979093074799 113.856006325975372 

Current Evaluation = 30000000(30000040)
Front Size = 43
15 12 10 1 22 13 8 26 4 9 15 2.70999124060388841 16 23 6.96245171630185755 4.94126535182462057 12 7 14 18 9.82524131762891173 12 20 3 1 18 8 15 30 5 6 3 11 13 17 11 16 31.8448655754823804 9 17 1 5 12 32 8 4 19 8 2 9 13 13 6 3 6 32 11 14 33 2 18.3192249536514282 193.354553991857728 
15 19 3 13 3 5 13 15 2 6 2 4 17 32 11 16 9 2 4 24 9 3 25 7 13 14 9 2 25 10 6 8 1 13 30 5 1 19 8 8 5.34074699537910114 4 8 24 12 15 12 9 6 6 9 1 20 4 4 17 4 17 24 2 17.0755719542503357 243.071846282372604 
14 6 13 4 24 13 15 24 12 13 1 4 14 9 2 6 9 9 13 5 2 6 30 11 12 23 10 4 3 2.70999124060388841 2 2 8 1 19 10 8 32 12 2 12 10 6 18 3 17 6 4 6 15 2 9 12 8 14 15 7 10 18 2 17.51290363073349 236.991409424768563 
16 30 5 14 16 2.70999124060388841 13 18 4 10 1 3 3 18 11 12 14 13 16 11 11 3 13 8 14 6 8 12 1 6.96245171630185755 1 8.22565314501180467 9.82524131762891173 2 6 4 4 24 3 14 12 4 13 26 10 13 9 4 12 14 4 16 31.8448655754823804 5 2 19 9 12 12 8 18.0626680254936218 216.351324197982564 
13 32 10 10 18 2 1 32 11 15 25 6 13 12 12 6 24 9 15 1 10 15 6 5 14 28 7 4 20 5 3 13 1 13 30 11 13 5.34074699537910114 13 12 9 8 14 31 11 15 11 7 14 5 9 5 12 9 14 15 1 5 31 2 17.7127816081047058 235.057672882672875 
9 30 13 11 25 8 1 1 7 14 32 9 16 3 5 2 24 4 14 31 9 4 9 13 17 15 11 3.36768017929769181 7 12 5 23 4 6 3 3 14 26 10 15 22 6 10 18 1 12 2 11 16 5 2.70999124060388841 4 16 13 14 1 12 6 6 3 19.5505129098892212 81.7933040717457516 
9 30 13 11 25 8 1 1 7 14 32 9 16 3 5 2 24 4 6 26 10 4 9 13 17 15 11 3.36768017929769181 7 12 5 23 4 6 3 3 14 26 10 15 22 6 10 18 1 12 2 11 16 5 2.70999124060388841 4 16 13 18 19 7 6 6 3 21.0794138312339783 73.2796069312249898 
9 30 13 11 25 8 1 1 7 14 32 9 16 3 5 2 24 4 12 6 2.70999124060388841 4 9 13 17 15 11 3.36768017929769181 7 12 5 23 4 6 3 3 14 26 10 15 22 6 10 18 1 12 2 11 16 5 2.70999124060388841 4 16 13 18 19 7 6 6 3 21.1430178284645081 67.886002693130024 
9 30 13 11 25 8 1 1 7 14 32 9 16 3 5 2 24 4 6 6 5 4 9 13 17 15 11 3.36768017929769181 7 12 5 23 4 6 3 3 14 26 10 15 22 6 10 18 1 12 2 11 16 5 2.70999124060388841 4 16 13 18 19 7 6 6 3 20.9816948771476746 73.7218580519075317 
9 30 13 11 25 8 1 1 7 14 32 9 16 3 5 2 24 4 10 30 2 4 9 13 17 15 11 3.36768017929769181 7 12 5 23 4 6 3 3 14 26 10 15 22 6 10 18 1 12 2 11 16 5 2.70999124060388841 4 16 13 18 19 7 6 6 3 21.5219468474388123 64.6714672767549956 
9 30 13 11 25 8 1 1 7 14 32 9 16 3 5 2 24 4 6 26 2.70999124060388841 4 9 13 17 15 11 3.36768017929769181 7 12 5 23 4 6 3 3 14 26 10 15 22 6 10 18 1 12 2 11 16 5 2.70999124060388841 4 16 13 18 19 7 6 6 3 21.0844278931617737 72.9414254876298713 
9 30 13 11 25 8 1 1 7 14 32 9 16 3 5 2 24 4 10 33 2.70999124060388841 4 9 13 17 15 11 3.36768017929769181 7 12 5 23 4 6 3 3 14 26 10 15 22 6 10 18 1 12 2 11 16 5 2.70999124060388841 4 16 13 18 19 7 6 6 3 22.3814958930015564 59.6886146868242378 
9 30 13 11 25 8 1 1 7 14 32 9 16 3 5 2 24 4 3 5 1 4 9 13 17 15 11 3.36768017929769181 7 12 4 20 2 6 3 3 14 26 10 15 22 6 10 18 1 12 2 11 16 5 2.70999124060388841 4 16 13 14 26 2.70999124060388841 6 6 3 19.2648538947105408 94.408225687447711 
9 30 13 11 25 8 1 1 7 14 32 9 16 3 5 2 24 4 12 18 11 4 9 13 17 15 11 3.36768017929769181 7 12 5 23 4 6 3 3 14 26 10 15 22 6 15 31 2.70999124060388841 12 2 11 16 5 2.70999124060388841 4 16 13 14 30 13 6 6 3 19.2547048330307007 100.284861756361252 
9 30 13 11 25 8 1 1 7 14 32 9 16 3 5 2 24 4 3.36768017929769181 2 12 4 9 13 17 15 11 3.36768017929769181 7 12 5 23 4 6 3 3 14 26 10 15 22 6 10 18 1 12 2 11 16 5 2.70999124060388841 4 16 13 15 32 4 6 6 3 20.3810710310935974 75.486617125657375 
9 30 13 11 25 8 1 1 7 14 32 9 16 3 5 2 24 4 10 15 11 4 9 13 17 15 11 3.36768017929769181 7 12 1 26 4 6 3 3 14 26 10 15 22 6 10 18 1 12 2 11 16 5 2.70999124060388841 4 16 13 18 19 7 6 6 3 20.7009108662605286 75.359686270493853 
9 30 13 11 25 8 1 1 7 14 32 9 16 3 5 2 24 4 12 6 2.70999124060388841 4 9 13 17 15 11 3.36768017929769181 7 12 5 23 4 6 3 3 14 26 10 15 22 6 10 18 1 12 2 11 16 5 2.70999124060388841 4 16 13 14 15 4 6 6 3 19.8140308856964111 75.9647073509390651 
9 30 13 11 25 8 1 1 7 14 32 9 16 3 5 2 24 4 14 1 2 4 9 13 17 15 11 3.36768017929769181 7 12 5 23 4 6 3 3 14 26 10 15 22 6 10 18 1 12 2 11 16 5 2.70999124060388841 4 16 13 18 19 7 6 6 3 20.9313758611679077 74.3022186810398892 
9 30 13 11 25 8 1 1 7 14 32 9 16 3 5 2 24 4 18 26 2.70999124060388841 4 9 13 17 15 11 3.36768017929769181 7 12 5 23 4 6 3 3 14 26 10 15 22 6 10 18 1 12 2 11 16 5 2.70999124060388841 4 16 13 15 20 2 6 6 3 20.9321219325065613 74.2239850845954976 
9 30 13 11 25 8 1 1 7 14 32 9 16 3 5 2 24 4 10 6 8 4 9 13 17 15 11 3.36768017929769181 7 12 15 1 10 6 3 3 14 26 10 15 22 6 10 18 1 12 2 11 16 5 2.70999124060388841 4 16 13 18 19 7 6 6 3 20.7405838370323181 74.6270734167792966 
9 30 13 11 25 8 1 1 7 14 32 9 16 3 5 2 24 4 10 31 1 4 9 13 17 15 11 3.36768017929769181 7 12 5 23 4 6 3 3 14 26 10 15 22 6 10 18 1 12 2 11 16 5 2.70999124060388841 4 16 13 18 19 7 6 6 3 21.7582117915153503 61.7813433326908594 
9 30 13 11 25 8 1 1 7 14 32 9 16 3 5 2 24 4 12 31 2 4 9 13 17 15 11 3.36768017929769181 7 12 15 32 3 6 3 3 14 26 10 15 22 6 10 18 1 12 2 11 16 5 2.70999124060388841 4 16 13 18 19 7 6 6 3 20.3087639212608337 75.7854176548072047 
9 30 13 11 25 8 1 1 7 14 32 9 16 3 5 2 24 4 1 6 2 4 9 13 17 15 11 3.36768017929769181 7 12 5 23 4 6 3 3 14 26 10 15 22 6 10 18 1 12 2 11 16 5 2.70999124060388841 4 16 13 18 19 7 6 6 3 21.022415816783905 73.5102953543378703 
9 30 13 11 25 8 1 1 7 14 32 9 16 4 2 2 24 4 10 30 1 4 9 13 17 15 11 3.36768017929769181 7 12 5 23 4 6 3 3 14 26 10 15 22 6 10 18 1 12 2 11 16 5 2.70999124060388841 4 16 13 18 19 7 6 6 3 23.6968048810958862 59.2920246716407746 
9 30 13 11 25 8 1 1 7 14 32 9 16 4 2 2 24 4 10 10 1 4 9 13 17 15 11 3.36768017929769181 7 12 5 23 4 6 3 3 14 26 10 15 22 6 10 18 1 12 2 11 16 5 2.70999124060388841 4 16 13 14 1 6 6 6 3 25.2082217931747437 56.1137202599463762 
9 30 13 12 17 11 1 1 7 14 32 9 16 4 2 2 24 4 10 10 1 4 9 13 17 15 11 3.36768017929769181 7 12 5 23 4 6 3 3 14 26 10 15 22 6 10 18 1 12 2 11 16 5 2.70999124060388841 4 16 13 18 19 7 6 6 3 26.1842018365859985 55.6466054623293047 
9 30 13 11 25 8 1 1 7 14 32 9 16 4 2 2 24 4 10 10 1 4 9 13 17 15 11 3.36768017929769181 7 12 5 23 4 6 3 3 14 26 10 15 22 6 10 18 1 12 2 11 16 5 2.70999124060388841 4 16 13 11 19 11 6 6 3 26.2648137807846069 55.4037944197651839 
9 30 13 11 25 8 1 1 7 14 32 9 16 4 2 2 24 4 10 10 1 4 9 13 17 15 11 3.36768017929769181 7 12 5 23 4 6 3 3 14 26 10 15 22 6 10 18 1 12 2 11 16 5 2.70999124060388841 4 16 13 18 19 7 6 6 3 26.4516137838363647 52.3766661517398617 
9 30 13 13 26 9 1 1 7 14 32 9 16 30 4 2 24 4 3 12 5 4 9 13 6 6 2 3.36768017929769181 7 12 5 23 4 6 3 3 14 26 10 15 22 6 10 18 1 12 2 11 16 5 2.70999124060388841 4 16 13 3.36768017929769181 20 11 6 6 3 18.6452550292015076 129.842332786657835 
4 2 6 15 15 4 12 20 2.70999124060388841 1 19 7 15 15 6.96245171630185755 16 14 4 6 2 11 17 15 7 8 30 3.84646942076222631 15 20 2 14 12 9.82524131762891173 10 19 5 13 12 13 5 23 10 17 15 2 2 17 8 17.8244721320812971 1 4 14 20 9 4 26 7 16 30 7.75241283629571765 18.0069610178470612 219.349324047599879 
9 30 13 11 25 8 1 1 7 14 32 9 16 4 2 2 24 4 10 33 2 4 9 13 17 15 11 3.36768017929769181 7 12 5 23 4 6 3 3 14 26 10 15 22 6 10 18 1 12 2 11 16 5 2.70999124060388841 4 16 13 18 19 7 6 6 3 24.4203678369522095 56.4034701971299128 
9 30 13 11 25 8 1 1 7 14 32 9 16 4 2 2 24 4 10 2 2 4 9 13 17 15 11 3.36768017929769181 7 12 5 23 4 6 3 3 14 26 10 15 22 6 10 18 1 12 2 11 16 5 2.70999124060388841 4 16 13 18 19 7 6 6 3 23.9599398374557495 57.6734220088050265 
9 30 13 11 25 8 1 1 7 14 32 9 16 4 2 2 24 4 10 28 2 4 9 13 17 15 11 3.36768017929769181 7 12 5 23 4 6 3 3 14 26 10 15 22 6 10 18 1 12 2 11 16 5 2.70999124060388841 4 16 13 18 19 7 6 6 3 24.2575398683547974 56.4662799414267411 
15 12 9 4 30 1 14 24 2.70999124060388841 12 22 10 16 5 7 6 25 9 9.25570237641795579 15 3 14 3 2 15 15 10 15 26 8 2 5 10 4.94126535182462057 9 13 3 3 5 14 12 9 16 25 9.82524131762891173 2 15 13 18 32 2 1 19 6 4 15 11 16 9 11 18.1912820041179657 206.102505649702408 
9 30 13 12 15 7 1 1 7 14 32 9 3.36768017929769181 15 8 2 24 4 14 26 2 4 9 13 17 15 11 3.36768017929769181 7 12 5 23 4 6 3 3 14 26 10 15 22 6 10 18 1 12 2 11 16 5 2.70999124060388841 4 16 13 14 25 11 6 6 3 19.0548999905586243 111.481385966168588 
6 17 2 4 18 12 4 1 9 1 15 2 14 6 7 6 5 2.70999124060388841 6 25 12 9.25570237641795579 31 1 2 24 6 6 18 13 16 19 9 5 3 9 16 5 8 14 2 12 12 19 6 6 30 2 1 24 1 6 14 3.84646942076222631 9 30 6 16 18 3 18.3159805536270142 203.108802300210982 
9 30 13 11 25 8 1 1 7 14 32 9 16 26 2.70999124060388841 2 24 4 10 10 1 4 9 13 17 15 11 3.36768017929769181 7 12 5 23 4 6 3 3 14 26 10 15 22 6 10 18 1 12 2 11 16 5 2.70999124060388841 4 16 13 18 19 7 6 6 3 24.2323107719421387 57.40784084575305 
9 30 13 11 25 8 1 1 7 14 32 9 6 24 10 2 24 4 3 1 5 4 9 13 17 15 11 3.36768017929769181 7 12 5 23 4 6 3 3 14 26 10 15 22 6 17 26 2 12 2 11 16 5 2.70999124060388841 4 16 13 14 26 9 6 6 3 18.7109979093074799 113.856006325975372 
9 30 13 11 25 8 1 1 7 14 32 9 14 6 2.70999124060388841 2 24 4 15 25 5 4 9 13 4 30 11 3.36768017929769181 7 12 5 23 4 6 3 3 14 26 10 15 22 6 10 18 1 12 2 11 16 5 2.70999124060388841 4 16 13 14 32 5 6 6 3 19.1283048093318939 102.375739845501499 
9 30 13 13 31 4 1 1 7 14 32 9 14 1 10 2 24 4 4 25 12 4 9 13 17 15 11 3.36768017929769181 7 12 5 23 4 6 3 3 14 26 10 4 20 1 10 18 1 12 2 11 16 5 2.70999124060388841 4 16 13 16 25 9 6 6 3 18.4277368783950806 133.639739037161519 
9 30 13 12 25 8 1 1 7 14 32 9 16 4 2 2 24 4 10 10 1 4 9 13 17 15 11 3.36768017929769181 7 12 5 23 4 6 3 3 14 26 10 15 22 6 10 18 1 12 2 11 16 5 2.70999124060388841 4 16 13 18 19 7 6 6 3 25.9115278720855713 55.7596021626276936 
9 30 13 11 25 8 1 1 7 14 32 9 15 6 9 2 24 4 10 30 2 4 9 13 17 15 11 3.36768017929769181 7 12 5 23 4 6 3 3 14 26 10 15 22 6 10 18 1 12 2 11 16 5 2.70999124060388841 4 16 13 18 19 7 6 6 3 21.131017804145813 71.2659312909312916 
9 30 13 11 25 8 1 1 7 14 32 9 16 4 2 2 24 4 10 10 1 4 9 13 17 15 11 3.36768017929769181 7 12 5 23 4 6 3 3 14 26 10 15 22 6 10 18 1 12 2 11 16 12 2.70999124060388841 4 16 13 18 19 7 6 6 3 26.2731196880340576 54.6354483264991941 

Current Evaluation = 40000000(40000100)
Front Size = 36
15 19 3 13 3 5 13 15 2 6 2 4 17 32 11 16 9 2 4 24 9 3 25 7 13 14 9 2 25 10 6 8 1 13 30 5 1 19 8 8 5.34074699537910114 4 8 24 12 15 12 9 6 6 9 1 20 4 4 17 4 17 24 2 17.0755719542503357 243.071846282372604 
14 6 13 4 24 13 15 24 12 13 1 4 14 9 2 6 9 9 13 5 2 6 30 11 12 23 10 4 3 2.70999124060388841 2 2 8 1 19 10 8 32 12 2 12 10 6 18 3 17 6 4 6 15 2 9 12 8 14 15 7 10 18 2 17.51290363073349 236.991409424768563 
16 30 5 14 16 2.70999124060388841 13 18 4 10 1 3 3 18 11 12 14 13 16 11 11 3 13 8 14 6 8 12 1 6.96245171630185755 1 8.22565314501180467 9.82524131762891173 2 6 4 4 24 3 14 12 4 13 26 10 13 9 4 12 14 4 16 31.8448655754823804 5 2 19 9 12 12 8 18.0626680254936218 216.351324197982564 
13 32 10 10 18 2 1 32 11 15 25 6 13 12 12 6 24 9 15 1 10 15 6 5 14 28 7 4 20 5 3 13 1 13 30 11 13 5.34074699537910114 13 12 9 8 14 31 11 15 11 7 14 5 9 5 12 9 14 15 1 5 31 2 17.7127816081047058 235.057672882672875 
9 30 13 11 25 8 1 1 7 14 32 9 16 3 5 2 24 4 14 31 9 4 9 13 17 15 11 3.36768017929769181 7 12 5 23 4 6 3 3 14 26 10 15 22 6 10 18 1 12 2 11 16 5 2.70999124060388841 4 16 13 14 1 12 6 6 3 19.5505129098892212 81.7933040717457516 
9 30 13 11 25 8 1 1 7 14 32 9 16 3 5 2 24 4 6 26 10 4 9 13 17 15 11 3.36768017929769181 7 12 5 23 4 6 3 3 14 26 10 15 22 6 10 18 1 12 2 11 16 5 2.70999124060388841 4 16 13 18 19 7 6 6 3 21.0794138312339783 73.2796069312249898 
9 30 13 11 25 8 1 1 7 14 32 9 16 3 5 2 24 4 12 6 2.70999124060388841 4 9 13 17 15 11 3.36768017929769181 7 12 5 23 4 6 3 3 14 26 10 15 22 6 10 18 1 12 2 11 16 5 2.70999124060388841 4 16 13 18 19 7 6 6 3 21.1430178284645081 67.886002693130024 
9 30 13 11 25 8 1 1 7 14 32 9 16 3 5 2 24 4 6 6 5 4 9 13 17 15 11 3.36768017929769181 7 12 5 23 4 6 3 3 14 26 10 15 22 6 10 18 1 12 2 11 16 5 2.70999124060388841 4 16 13 18 19 7 6 6 3 20.9816948771476746 73.7218580519075317 
9 30 13 11 25 8 1 1 7 14 32 9 16 3 5 2 24 4 10 30 2 4 9 13 17 15 11 3.36768017929769181 7 12 5 23 4 6 3 3 14 26 10 15 22 6 10 18 1 12 2 11 16 5 2.70999124060388841 4 16 13 18 19 7 6 6 3 21.5219468474388123 64.6714672767549956 
9 30 13 11 25 8 1 1 7 14 32 9 16 3 5 2 24 4 6 26 2.70999124060388841 4 9 13 17 15 11 3.36768017929769181 7 12 5 23 4 6 3 3 14 26 10 15 22 6 10 18 1 12 2 11 16 5 2.70999124060388841 4 16 13 18 19 7 6 6 3 21.0844278931617737 72.9414254876298713 
9 30 13 11 25 8 1 1 7 14 32 9 16 3 5 2 24 4 10 33 2.70999124060388841 4 9 13 17 15 11 3.36768017929769181 7 12 5 23 4 6 3 3 14 26 10 15 22 6 10 18 1 12 2 11 16 5 2.70999124060388841 4 16 13 18 19 7 6 6 3 22.3814958930015564 59.6886146868242378 
9 30 13 11 25 8 1 1 7 14 32 9 16 3 5 2 24 4 3 5 1 4 9 13 17 15 11 3.36768017929769181 7 12 4 20 2 6 3 3 14 26 10 15 22 6 10 18 1 12 2 11 16 5 2.70999124060388841 4 16 13 14 26 2.70999124060388841 6 6 3 19.2648538947105408 94.408225687447711 
9 30 13 11 25 8 1 1 7 14 32 9 16 3 5 2 24 4 12 18 11 4 9 13 17 15 11 3.36768017929769181 7 12 5 23 4 6 3 3 14 26 10 15 22 6 15 31 2.70999124060388841 12 2 11 16 5 2.70999124060388841 4 16 13 14 30 13 6 6 3 19.2547048330307007 100.284861756361252 
9 30 13 11 25 8 1 1 7 14 32 9 16 3 5 2 24 4 3.36768017929769181 2 12 4 9 13 17 15 11 3.36768017929769181 7 12 5 23 4 6 3 3 14 26 10 15 22 6 10 18 1 12 2 11 16 5 2.70999124060388841 4 16 13 15 32 4 6 6 3 20.3810710310935974 75.486617125657375 
9 30 13 11 25 8 1 1 7 14 32 9 16 3 5 2 24 4 10 15 11 4 9 13 17 15 11 3.36768017929769181 7 12 1 26 4 6 3 3 14 26 10 15 22 6 10 18 1 12 2 11 16 5 2.70999124060388841 4 16 13 18 19 7 6 6 3 20.7009108662605286 75.359686270493853 
9 30 13 11 25 8 1 1 7 14 32 9 16 3 5 2 24 4 12 6 2.70999124060388841 4 9 13 17 15 11 3.36768017929769181 7 12 5 23 4 6 3 3 14 26 10 15 22 6 10 18 1 12 2 11 16 5 2.70999124060388841 4 16 13 14 15 4 6 6 3 19.8140308856964111 75.9647073509390651 
9 30 13 11 25 8 1 1 7 14 32 9 16 3 5 2 24 4 14 1 2 4 9 13 17 15 11 3.36768017929769181 7 12 5 23 4 6 3 3 14 26 10 15 22 6 10 18 1 12 2 11 16 5 2.70999124060388841 4 16 13 18 19 7 6 6 3 20.9313758611679077 74.3022186810398892 
9 30 13 11 25 8 1 1 7 14 32 9 16 3 5 2 24 4 18 26 2.70999124060388841 4 9 13 17 15 11 3.36768017929769181 7 12 5 23 4 6 3 3 14 26 10 15 22 6 10 18 1 12 2 11 16 5 2.70999124060388841 4 16 13 15 20 2 6 6 3 20.9321219325065613 74.2239850845954976 
9 30 13 11 25 8 1 1 7 14 32 9 16 3 5 2 24 4 10 6 8 4 9 13 17 15 11 3.36768017929769181 7 12 15 1 10 6 3 3 14 26 10 15 22 6 10 18 1 12 2 11 16 5 2.70999124060388841 4 16 13 18 19 7 6 6 3 20.7405838370323181 74.6270734167792966 
9 30 13 11 25 8 1 1 7 14 32 9 16 3 5 2 24 4 10 31 1 4 9 13 17 15 11 3.36768017929769181 7 12 5 23 4 6 3 3 14 26 10 15 22 6 10 18 1 12 2 11 16 5 2.70999124060388841 4 16 13 18 19 7 6 6 3 21.7582117915153503 61.7813433326908594 
9 30 13 11 25 8 1 1 7 14 32 9 16 3 5 2 24 4 12 31 2 4 9 13 17 15 11 3.36768017929769181 7 12 15 32 3 6 3 3 14 26 10 15 22 6 10 18 1 12 2 11 16 5 2.70999124060388841 4 16 13 18 19 7 6 6 3 20.3087639212608337 75.7854176548072047 
9 30 13 11 25 8 1 1 7 14 32 9 16 3 5 2 24 4 1 6 2 4 9 13 17 15 11 3.36768017929769181 7 12 5 23 4 6 3 3 14 26 10 15 22 6 10 18 1 12 2 11 16 5 2.70999124060388841 4 16 13 18 19 7 6 6 3 21.022415816783905 73.5102953543378703 
9 30 13 11 25 8 1 1 7 14 32 9 16 4 2 2 24 4 10 30 1 4 9 13 17 15 11 3.36768017929769181 7 12 5 23 4 6 3 3 14 26 10 15 22 6 10 18 1 12 2 11 16 5 2.70999124060388841 4 16 13 18 19 7 6 6 3 23.6968048810958862 59.2920246716407746 
9 30 13 11 25 8 1 1 7 14 32 9 16 4 2 2 24 4 10 10 1 4 9 13 17 15 11 3.36768017929769181 7 12 5 23 4 6 3 3 14 26 10 15 22 6 10 18 1 12 2 11 16 5 2.70999124060388841 4 16 13 18 19 7 6 6 3 26.4516137838363647 52.3766661517398617 
4 2 6 15 15 4 12 20 2.70999124060388841 1 19 7 15 15 6.96245171630185755 16 14 4 6 2 11 17 15 7 8 30 3.84646942076222631 15 20 2 14 12 9.82524131762891173 10 19 5 13 12 13 5 23 10 17 15 2 2 17 8 17.8244721320812971 1 4 14 20 9 4 26 7 16 30 7.75241283629571765 18.0069610178470612 219.349324047599879 
9 30 13 11 25 8 1 1 7 14 32 9 16 4 2 2 24 4 10 33 2 4 9 13 17 15 11 3.36768017929769181 7 12 5 23 4 6 3 3 14 26 10 15 22 6 10 18 1 12 2 11 16 5 2.70999124060388841 4 16 13 18 19 7 6 6 3 24.4203678369522095 56.4034701971299128 
9 30 13 11 25 8 1 1 7 14 32 9 16 4 2 2 24 4 10 28 2 4 9 13 17 15 11 3.36768017929769181 7 12 5 23 4 6 3 3 14 26 10 15 22 6 10 18 1 12 2 11 16 5 2.70999124060388841 4 16 13 18 19 7 6 6 3 24.2575398683547974 56.4662799414267411 
9 30 13 12 15 7 1 1 7 14 32 9 3.36768017929769181 15 8 2 24 4 14 26 2 4 9 13 17 15 11 3.36768017929769181 7 12 5 23 4 6 3 3 14 26 10 15 22 6 10 18 1 12 2 11 16 5 2.70999124060388841 4 16 13 14 25 11 6 6 3 19.0548999905586243 111.481385966168588 
9 30 13 11 25 8 1 1 7 14 32 9 6 24 10 2 24 4 3 1 5 4 9 13 17 15 11 3.36768017929769181 7 12 5 23 4 6 3 3 14 26 10 15 22 6 17 26 2 12 2 11 16 5 2.70999124060388841 4 16 13 14 26 9 6 6 3 18.7109979093074799 113.856006325975372 
9 30 13 11 25 8 1 1 7 14 32 9 14 6 2.70999124060388841 2 24 4 15 25 5 4 9 13 4 30 11 3.36768017929769181 7 12 5 23 4 6 3 3 14 26 10 15 22 6 10 18 1 12 2 11 16 5 2.70999124060388841 4 16 13 14 32 5 6 6 3 19.1283048093318939 102.375739845501499 
9 30 13 11 25 8 1 1 7 14 32 9 15 6 9 2 24 4 10 30 2 4 9 13 17 15 11 3.36768017929769181 7 12 5 23 4 6 3 3 14 26 10 15 22 6 10 18 1 12 2 11 16 5 2.70999124060388841 4 16 13 18 19 7 6 6 3 21.131017804145813 71.2659312909312916 
9 30 13 11 25 8 1 1 7 14 32 9 16 4 2 2 24 4 10 10 1 4 9 13 17 15 11 3.36768017929769181 7 12 5 23 4 6 3 3 14 26 10 15 22 6 10 18 1 12 2 11 16 12 2.70999124060388841 4 16 13 18 19 7 6 6 3 26.2731196880340576 54.6354483264991941 
9 30 13 11 25 8 1 1 7 14 32 9 16 4 2 2 24 4 10 10 1 4 9 13 17 15 11 3.36768017929769181 7 12 5 23 4 6 3 3 14 26 10 15 22 6 10 18 1 12 2 11 16 5 2.70999124060388841 4 16 13 2 32 6 6 6 3 25.5557258129119873 55.0285244801062134 
9 30 13 11 25 8 1 1 7 14 32 9 16 4 2 2 24 4 10 2 2.70999124060388841 4 9 13 17 15 11 3.36768017929769181 7 12 5 23 4 6 3 3 14 26 10 15 22 6 10 18 1 12 2 11 16 5 2.70999124060388841 4 16 13 18 19 7 6 6 3 23.9599398374557495 57.3314934171147428 
9 30 13 11 25 8 1 1 7 14 32 9 14 31 2 2 24 4 17 25 5 4 9 13 17 15 11 3.36768017929769181 7 12 1 30 9 6 3 3 14 26 10 15 22 6 10 18 1 12 2 11 16 5 2.70999124060388841 4 16 13 14 32 7 6 6 3 18.1202848553657532 120.679579147712772 
9 30 13 11 25 8 1 1 7 14 32 9 16 4 2 2 24 4 10 10 1 4 9 13 17 15 11 3.36768017929769181 7 12 5 23 4 6 3 3 14 26 10 15 22 6 10 18 1 12 2 11 16 5 2.70999124060388841 4 16 13 14 1 6 6 6 3 25.2082217931747437 55.5568075607169192 

Current Evaluation = 50000000(50000020)
Front Size = 41
15 19 3 13 3 5 13 15 2 6 2 4 17 32 11 16 9 2 4 24 9 3 25 7 13 14 9 2 25 10 6 8 1 13 30 5 1 19 8 8 5.34074699537910114 4 8 24 12 15 12 9 6 6 9 1 20 4 4 17 4 17 24 2 17.0755719542503357 243.071846282372604 
14 6 13 4 24 13 15 24 12 13 1 4 14 9 2 6 9 9 13 5 2 6 30 11 12 23 10 4 3 2.70999124060388841 2 2 8 1 19 10 8 32 12 2 12 10 6 18 3 17 6 4 6 15 2 9 12 8 14 15 7 10 18 2 17.51290363073349 236.991409424768563 
16 30 5 14 16 2.70999124060388841 13 18 4 10 1 3 3 18 11 12 14 13 16 11 11 3 13 8 14 6 8 12 1 6.96245171630185755 1 8.22565314501180467 9.82524131762891173 2 6 4 4 24 3 14 12 4 13 26 10 13 9 4 12 14 4 16 31.8448655754823804 5 2 19 9 12 12 8 18.0626680254936218 216.351324197982564 
13 32 10 10 18 2 1 32 11 15 25 6 13 12 12 6 24 9 15 1 10 15 6 5 14 28 7 4 20 5 3 13 1 13 30 11 13 5.34074699537910114 13 12 9 8 14 31 11 15 11 7 14 5 9 5 12 9 14 15 1 5 31 2 17.7127816081047058 235.057672882672875 
9 30 13 11 25 8 1 1 7 14 32 9 16 3 5 2 24 4 14 31 9 4 9 13 17 15 11 3.36768017929769181 7 12 5 23 4 6 3 3 14 26 10 15 22 6 10 18 1 12 2 11 16 5 2.70999124060388841 4 16 13 14 1 12 6 6 3 19.5505129098892212 81.7933040717457516 
9 30 13 11 25 8 1 1 7 14 32 9 16 3 5 2 24 4 12 6 2.70999124060388841 4 9 13 17 15 11 3.36768017929769181 7 12 5 23 4 6 3 3 14 26 10 15 22 6 10 18 1 12 2 11 16 5 2.70999124060388841 4 16 13 18 19 7 6 6 3 21.1430178284645081 67.886002693130024 
9 30 13 11 25 8 1 1 7 14 32 9 16 3 5 2 24 4 10 30 2 4 9 13 17 15 11 3.36768017929769181 7 12 5 23 4 6 3 3 14 26 10 15 22 6 10 18 1 12 2 11 16 5 2.70999124060388841 4 16 13 18 19 7 6 6 3 21.5219468474388123 64.6714672767549956 
9 30 13 11 25 8 1 1 7 14 32 9 16 3 5 2 24 4 10 33 2.70999124060388841 4 9 13 17 15 11 3.36768017929769181 7 12 5 23 4 6 3 3 14 26 10 15 22 6 10 18 1 12 2 11 16 5 2.70999124060388841 4 16 13 18 19 7 6 6 3 22.3814958930015564 59.6886146868242378 
9 30 13 11 25 8 1 1 7 14 32 9 16 3 5 2 24 4 3 5 1 4 9 13 17 15 11 3.36768017929769181 7 12 4 20 2 6 3 3 14 26 10 15 22 6 10 18 1 12 2 11 16 5 2.70999124060388841 4 16 13 14 26 2.70999124060388841 6 6 3 19.2648538947105408 94.408225687447711 
9 30 13 11 25 8 1 1 7 14 32 9 16 3 5 2 24 4 3.36768017929769181 2 12 4 9 13 17 15 11 3.36768017929769181 7 12 5 23 4 6 3 3 14 26 10 15 22 6 10 18 1 12 2 11 16 5 2.70999124060388841 4 16 13 15 32 4 6 6 3 20.3810710310935974 75.486617125657375 
9 30 13 11 25 8 1 1 7 14 32 9 16 3 5 2 24 4 10 15 11 4 9 13 17 15 11 3.36768017929769181 7 12 1 26 4 6 3 3 14 26 10 15 22 6 10 18 1 12 2 11 16 5 2.70999124060388841 4 16 13 18 19 7 6 6 3 20.7009108662605286 75.359686270493853 
9 30 13 11 25 8 1 1 7 14 32 9 16 3 5 2 24 4 12 6 2.70999124060388841 4 9 13 17 15 11 3.36768017929769181 7 12 5 23 4 6 3 3 14 26 10 15 22 6 10 18 1 12 2 11 16 5 2.70999124060388841 4 16 13 14 15 4 6 6 3 19.8140308856964111 75.9647073509390651 
9 30 13 11 25 8 1 1 7 14 32 9 16 3 5 2 24 4 10 6 8 4 9 13 17 15 11 3.36768017929769181 7 12 15 1 10 6 3 3 14 26 10 15 22 6 10 18 1 12 2 11 16 5 2.70999124060388841 4 16 13 18 19 7 6 6 3 20.7405838370323181 74.6270734167792966 
9 30 13 11 25 8 1 1 7 14 32 9 16 3 5 2 24 4 10 31 1 4 9 13 17 15 11 3.36768017929769181 7 12 5 23 4 6 3 3 14 26 10 15 22 6 10 18 1 12 2 11 16 5 2.70999124060388841 4 16 13 18 19 7 6 6 3 21.7582117915153503 61.7813433326908594 
9 30 13 11 25 8 1 1 7 14 32 9 16 3 5 2 24 4 12 31 2 4 9 13 17 15 11 3.36768017929769181 7 12 15 32 3 6 3 3 14 26 10 15 22 6 10 18 1 12 2 11 16 5 2.70999124060388841 4 16 13 18 19 7 6 6 3 20.3087639212608337 75.7854176548072047 
9 30 13 11 25 8 1 1 7 14 32 9 16 4 2 2 24 4 10 30 1 4 9 13 17 15 11 3.36768017929769181 7 12 5 23 4 6 3 3 14 26 10 15 22 6 10 18 1 12 2 11 16 5 2.70999124060388841 4 16 13 18 19 7 6 6 3 23.6968048810958862 59.2920246716407746 
9 30 13 11 25 8 1 1 7 14 32 9 16 4 2 2 24 4 10 10 1 4 9 13 17 15 11 3.36768017929769181 7 12 5 23 4 6 3 3 14 26 10 15 22 6 10 18 1 12 2 11 16 5 2.70999124060388841 4 16 13 18 19 7 6 6 3 26.4516137838363647 52.3766661517398617 
4 2 6 15 15 4 12 20 2.70999124060388841 1 19 7 15 15 6.96245171630185755 16 14 4 6 2 11 17 15 7 8 30 3.84646942076222631 15 20 2 14 12 9.82524131762891173 10 19 5 13 12 13 5 23 10 17 15 2 2 17 8 17.8244721320812971 1 4 14 20 9 4 26 7 16 30 7.75241283629571765 18.0069610178470612 219.349324047599879 
9 30 13 11 25 8 1 1 7 14 32 9 16 4 2 2 24 4 10 33 2 4 9 13 17 15 11 3.36768017929769181 7 12 5 23 4 6 3 3 14 26 10 15 22 6 10 18 1 12 2 11 16 5 2.70999124060388841 4 16 13 18 19 7 6 6 3 24.4203678369522095 56.4034701971299128 
9 30 13 11 25 8 1 1 7 14 32 9 16 4 2 2 24 4 10 28 2 4 9 13 17 15 11 3.36768017929769181 7 12 5 23 4 6 3 3 14 26 10 15 22 6 10 18 1 12 2 11 16 5 2.70999124060388841 4 16 13 18 19 7 6 6 3 24.2575398683547974 56.4662799414267411 
9 30 13 12 15 7 1 1 7 14 32 9 3.36768017929769181 15 8 2 24 4 14 26 2 4 9 13 17 15 11 3.36768017929769181 7 12 5 23 4 6 3 3 14 26 10 15 22 6 10 18 1 12 2 11 16 5 2.70999124060388841 4 16 13 14 25 11 6 6 3 19.0548999905586243 111.481385966168588 
9 30 13 11 25 8 1 1 7 14 32 9 6 24 10 2 24 4 3 1 5 4 9 13 17 15 11 3.36768017929769181 7 12 5 23 4 6 3 3 14 26 10 15 22 6 17 26 2 12 2 11 16 5 2.70999124060388841 4 16 13 14 26 9 6 6 3 18.7109979093074799 113.856006325975372 
9 30 13 11 25 8 1 1 7 14 32 9 14 6 2.70999124060388841 2 24 4 15 25 5 4 9 13 4 30 11 3.36768017929769181 7 12 5 23 4 6 3 3 14 26 10 15 22 6 10 18 1 12 2 11 16 5 2.70999124060388841 4 16 13 14 32 5 6 6 3 19.1283048093318939 102.375739845501499 
9 30 13 11 25 8 1 1 7 14 32 9 15 6 9 2 24 4 10 30 2 4 9 13 17 15 11 3.36768017929769181 7 12 5 23 4 6 3 3 14 26 10 15 22 6 10 18 1 12 2 11 16 5 2.70999124060388841 4 16 13 18 19 7 6 6 3 21.131017804145813 71.2659312909312916 
9 30 13 11 25 8 1 1 7 14 32 9 16 4 2 2 24 4 10 2 2.70999124060388841 4 9 13 17 15 11 3.36768017929769181 7 12 5 23 4 6 3 3 14 26 10 15 22 6 10 18 1 12 2 11 16 5 2.70999124060388841 4 16 13 18 19 7 6 6 3 23.9599398374557495 57.3314934171147428 
9 30 13 11 25 8 1 1 7 14 32 9 14 31 2 2 24 4 17 25 5 4 9 13 17 15 11 3.36768017929769181 7 12 1 30 9 6 3 3 14 26 10 15 22 6 10 18 1 12 2 11 16 5 2.70999124060388841 4 16 13 14 32 7 6 6 3 18.1202848553657532 120.679579147712772 
9 30 13 11 25 8 1 1 7 14 32 9 16 19 2.70999124060388841 2 24 4 10 10 1 4 9 13 17 15 11 3.36768017929769181 7 12 5 23 4 6 3 3 14 26 10 15 22 6 10 18 1 12 2 11 16 5 2.70999124060388841 4 16 13 18 19 7 6 6 3 24.4718557596206665 56.0975927647282546 
9 30 13 11 25 8 1 1 7 14 32 9 16 4 2 2 24 4 10 19 2.70999124060388841 4 9 13 17 15 11 3.36768017929769181 7 12 5 23 4 6 3 3 14 26 10 15 22 6 10 18 1 12 2 11 16 5 2.70999124060388841 4 16 13 18 19 7 6 6 3 23.9214597940444946 59.0589975804682297 
9 30 13 11 25 8 1 1 7 14 32 9 16 26 2 2 24 4 10 10 1 4 9 13 17 15 11 3.36768017929769181 7 12 5 23 4 6 3 3 14 26 10 15 22 6 10 18 1 12 2 11 16 5 2.70999124060388841 4 16 13 18 19 7 6 6 3 24.2323107719421387 57.1556169532961107 
9 30 13 11 25 8 1 1 7 14 32 9 6 16 10 2 24 4 17 32 5 4 9 13 17 15 11 3.36768017929769181 7 12 1 22 3 6 3 3 14 26 10 15 22 6 10 18 1 12 2 11 16 5 2.70999124060388841 4 16 13 14 30 11 6 6 3 19.1935439109802246 99.8038311152180597 
9 30 13 11 25 8 1 1 7 14 32 9 15 15 9 2 24 4 16 31 2 4 9 13 17 15 11 3.36768017929769181 7 12 5 23 4 6 3 3 14 26 10 15 22 6 10 18 1 12 2 11 16 5 2.70999124060388841 4 16 13 18 19 7 6 6 3 20.9080668687820435 71.8850313827586405 
10 31 1 11 25 8 1 1 7 14 32 9 16 4 2 2 24 4 10 10 1 4 9 13 17 15 11 3.36768017929769181 7 12 5 23 4 6 3 3 14 26 10 15 22 6 10 18 1 12 2 11 16 5 2.70999124060388841 4 16 13 2 19 9 6 6 3 26.1297827363014221 53.3450043038112796 
10 31 1 11 25 8 1 1 7 14 32 9 16 6 2 2 24 4 10 10 1 4 9 13 17 15 11 3.36768017929769181 7 12 5 23 4 6 3 3 14 26 10 15 22 6 10 18 1 12 2 11 16 5 2.70999124060388841 4 16 13 18 19 7 6 6 3 24.6185137629508972 55.7623826802449543 
1 15 2.70999124060388841 14 7 7 3 6 10 15 16 1 17 9 12 6 31 11 9 16.1354543567662532 3.84646942076222631 16 6 11 14 6 9 1 15 12 3 24 5 4 5 4 14 12 7 8 20 7 6 29 2 4 7 5 1 12 6 4 26 8 13 20 12 15 24 1 17.8584977090358734 231.085473785473823 
10 31 1 11 25 8 1 1 7 14 32 9 16 4 2 2 24 4 10 10 1 4 9 13 17 15 11 3.36768017929769181 7 12 5 23 4 6 3 3 14 26 10 15 22 6 10 18 1 12 2 11 16 5 2.70999124060388841 4 16 13 2 32 6 6 6 3 26.0276477932929993 53.437612423899651 
10 31 1 11 25 8 1 1 7 14 32 9 16 4 2 2 24 4 10 10 1 4 9 13 17 15 11 3.36768017929769181 7 12 5 23 4 6 3 3 14 26 10 15 22 6 10 18 1 12 2 11 16 5 2.70999124060388841 4 16 13 18 19 7 6 6 3 26.9235357642173767 50.4319793376556618 
10 31 1 11 25 8 1 1 7 14 32 9 1 6 4 2 24 4 16 2 2.70999124060388841 4 9 13 17 15 11 3.36768017929769181 7 12 5 23 4 6 3 3 14 26 10 15 22 6 10 18 1 12 2 11 16 5 2.70999124060388841 4 16 13 18 19 7 6 6 3 21.5129178166389465 66.5275113775113738 
10 31 1 11 25 8 1 1 7 14 32 9 16 4 2 2 24 4 10 28 2 4 9 13 17 15 11 3.36768017929769181 7 12 5 23 4 6 3 3 14 26 10 15 22 6 10 18 1 12 2 11 16 5 2.70999124060388841 4 16 13 18 19 7 6 6 3 24.7294618487358093 54.4739383327800653 
10 31 1 11 25 8 1 1 7 14 32 9 16 4 2 2 24 4 10 10 1 4 9 13 17 15 11 3.36768017929769181 7 12 5 32 4 6 3 3 14 26 10 15 22 6 10 18 1 12 2 11 16 5 2.70999124060388841 4 16 13 18 19 7 6 6 3 26.4134988188743591 53.2946505417477212 
10 31 1 11 25 8 1 1 7 14 32 9 16 4 2 2 24 4 10 10 1 4 9 13 17 15 11 3.36768017929769181 7 12 5 23 4 6 3 3 14 26 10 15 22 6 10 18 1 12 2 11 16 5 2.70999124060388841 4 16 13 14 1 5 6 6 3 25.6021438241004944 54.2311234457350935 
10 31 1 11 25 8 1 1 7 14 32 9 16 29 2 2 24 4 10 10 1 4 9 13 17 15 11 3.36768017929769181 7 12 5 23 4 6 3 3 14 26 10 15 22 6 10 18 1 12 2 11 16 5 2.70999124060388841 4 16 13 18 19 7 6 6 3 25.6185857653617859 53.8559984618717351 

Current Evaluation = 60000000(60000080)
Front Size = 42
15 19 3 13 3 5 13 15 2 6 2 4 17 32 11 16 9 2 4 24 9 3 25 7 13 14 9 2 25 10 6 8 1 13 30 5 1 19 8 8 5.34074699537910114 4 8 24 12 15 12 9 6 6 9 1 20 4 4 17 4 17 24 2 17.0755719542503357 243.071846282372604 
16 30 5 14 16 2.70999124060388841 13 18 4 10 1 3 3 18 11 12 14 13 16 11 11 3 13 8 14 6 8 12 1 6.96245171630185755 1 8.22565314501180467 9.82524131762891173 2 6 4 4 24 3 14 12 4 13 26 10 13 9 4 12 14 4 16 31.8448655754823804 5 2 19 9 12 12 8 18.0626680254936218 216.351324197982564 
9 30 13 11 25 8 1 1 7 14 32 9 16 3 5 2 24 4 14 31 9 4 9 13 17 15 11 3.36768017929769181 7 12 5 23 4 6 3 3 14 26 10 15 22 6 10 18 1 12 2 11 16 5 2.70999124060388841 4 16 13 14 1 12 6 6 3 19.5505129098892212 81.7933040717457516 
9 30 13 11 25 8 1 1 7 14 32 9 16 3 5 2 24 4 12 6 2.70999124060388841 4 9 13 17 15 11 3.36768017929769181 7 12 5 23 4 6 3 3 14 26 10 15 22 6 10 18 1 12 2 11 16 5 2.70999124060388841 4 16 13 18 19 7 6 6 3 21.1430178284645081 67.886002693130024 
9 30 13 11 25 8 1 1 7 14 32 9 16 3 5 2 24 4 10 30 2 4 9 13 17 15 11 3.36768017929769181 7 12 5 23 4 6 3 3 14 26 10 15 22 6 10 18 1 12 2 11 16 5 2.70999124060388841 4 16 13 18 19 7 6 6 3 21.5219468474388123 64.6714672767549956 
9 30 13 11 25 8 1 1 7 14 32 9 16 3 5 2 24 4 10 33 2.70999124060388841 4 9 13 17 15 11 3.36768017929769181 7 12 5 23 4 6 3 3 14 26 10 15 22 6 10 18 1 12 2 11 16 5 2.70999124060388841 4 16 13 18 19 7 6 6 3 22.3814958930015564 59.6886146868242378 
9 30 13 11 25 8 1 1 7 14 32 9 16 3 5 2 24 4 3 5 1 4 9 13 17 15 11 3.36768017929769181 7 12 4 20 2 6 3 3 14 26 10 15 22 6 10 18 1 12 2 11 16 5 2.70999124060388841 4 16 13 14 26 2.70999124060388841 6 6 3 19.2648538947105408 94.408225687447711 
9 30 13 11 25 8 1 1 7 14 32 9 16 3 5 2 24 4 3.36768017929769181 2 12 4 9 13 17 15 11 3.36768017929769181 7 12 5 23 4 6 3 3 14 26 10 15 22 6 10 18 1 12 2 11 16 5 2.70999124060388841 4 16 13 15 32 4 6 6 3 20.3810710310935974 75.486617125657375 
9 30 13 11 25 8 1 1 7 14 32 9 16 3 5 2 24 4 10 15 11 4 9 13 17 15 11 3.36768017929769181 7 12 1 26 4 6 3 3 14 26 10 15 22 6 10 18 1 12 2 11 16 5 2.70999124060388841 4 16 13 18 19 7 6 6 3 20.7009108662605286 75.359686270493853 
9 30 13 11 25 8 1 1 7 14 32 9 16 3 5 2 24 4 12 6 2.70999124060388841 4 9 13 17 15 11 3.36768017929769181 7 12 5 23 4 6 3 3 14 26 10 15 22 6 10 18 1 12 2 11 16 5 2.70999124060388841 4 16 13 14 15 4 6 6 3 19.8140308856964111 75.9647073509390651 
9 30 13 11 25 8 1 1 7 14 32 9 16 3 5 2 24 4 10 6 8 4 9 13 17 15 11 3.36768017929769181 7 12 15 1 10 6 3 3 14 26 10 15 22 6 10 18 1 12 2 11 16 5 2.70999124060388841 4 16 13 18 19 7 6 6 3 20.7405838370323181 74.6270734167792966 
9 30 13 11 25 8 1 1 7 14 32 9 16 3 5 2 24 4 10 31 1 4 9 13 17 15 11 3.36768017929769181 7 12 5 23 4 6 3 3 14 26 10 15 22 6 10 18 1 12 2 11 16 5 2.70999124060388841 4 16 13 18 19 7 6 6 3 21.7582117915153503 61.7813433326908594 
9 30 13 11 25 8 1 1 7 14 32 9 16 3 5 2 24 4 12 31 2 4 9 13 17 15 11 3.36768017929769181 7 12 15 32 3 6 3 3 14 26 10 15 22 6 10 18 1 12 2 11 16 5 2.70999124060388841 4 16 13 18 19 7 6 6 3 20.3087639212608337 75.7854176548072047 
9 30 13 11 25 8 1 1 7 14 32 9 16 4 2 2 24 4 10 30 1 4 9 13 17 15 11 3.36768017929769181 7 12 5 23 4 6 3 3 14 26 10 15 22 6 10 18 1 12 2 11 16 5 2.70999124060388841 4 16 13 18 19 7 6 6 3 23.6968048810958862 59.2920246716407746 
9 30 13 11 25 8 1 1 7 14 32 9 16 4 2 2 24 4 10 10 1 4 9 13 17 15 11 3.36768017929769181 7 12 5 23 4 6 3 3 14 26 10 15 22 6 10 18 1 12 2 11 16 5 2.70999124060388841 4 16 13 18 19 7 6 6 3 26.4516137838363647 52.3766661517398617 
4 2 6 15 15 4 12 20 2.70999124060388841 1 19 7 15 15 6.96245171630185755 16 14 4 6 2 11 17 15 7 8 30 3.84646942076222631 15 20 2 14 12 9.82524131762891173 10 19 5 13 12 13 5 23 10 17 15 2 2 17 8 17.8244721320812971 1 4 14 20 9 4 26 7 16 30 7.75241283629571765 18.0069610178470612 219.349324047599879 
9 30 13 11 25 8 1 1 7 14 32 9 16 4 2 2 24 4 10 28 2 4 9 13 17 15 11 3.36768017929769181 7 12 5 23 4 6 3 3 14 26 10 15 22 6 10 18 1 12 2 11 16 5 2.70999124060388841 4 16 13 18 19 7 6 6 3 24.2575398683547974 56.4662799414267411 
9 30 13 12 15 7 1 1 7 14 32 9 3.36768017929769181 15 8 2 24 4 14 26 2 4 9 13 17 15 11 3.36768017929769181 7 12 5 23 4 6 3 3 14 26 10 15 22 6 10 18 1 12 2 11 16 5 2.70999124060388841 4 16 13 14 25 11 6 6 3 19.0548999905586243 111.481385966168588 
9 30 13 11 25 8 1 1 7 14 32 9 6 24 10 2 24 4 3 1 5 4 9 13 17 15 11 3.36768017929769181 7 12 5 23 4 6 3 3 14 26 10 15 22 6 17 26 2 12 2 11 16 5 2.70999124060388841 4 16 13 14 26 9 6 6 3 18.7109979093074799 113.856006325975372 
9 30 13 11 25 8 1 1 7 14 32 9 14 6 2.70999124060388841 2 24 4 15 25 5 4 9 13 4 30 11 3.36768017929769181 7 12 5 23 4 6 3 3 14 26 10 15 22 6 10 18 1 12 2 11 16 5 2.70999124060388841 4 16 13 14 32 5 6 6 3 19.1283048093318939 102.375739845501499 
9 30 13 11 25 8 1 1 7 14 32 9 15 6 9 2 24 4 10 30 2 4 9 13 17 15 11 3.36768017929769181 7 12 5 23 4 6 3 3 14 26 10 15 22 6 10 18 1 12 2 11 16 5 2.70999124060388841 4 16 13 18 19 7 6 6 3 21.131017804145813 71.2659312909312916 
9 30 13 11 25 8 1 1 7 14 32 9 16 4 2 2 24 4 10 2 2.70999124060388841 4 9 13 17 15 11 3.36768017929769181 7 12 5 23 4 6 3 3 14 26 10 15 22 6 10 18 1 12 2 11 16 5 2.70999124060388841 4 16 13 18 19 7 6 6 3 23.9599398374557495 57.3314934171147428 
9 30 13 11 25 8 1 1 7 14 32 9 14 31 2 2 24 4 17 25 5 4 9 13 17 15 11 3.36768017929769181 7 12 1 30 9 6 3 3 14 26 10 15 22 6 10 18 1 12 2 11 16 5 2.70999124060388841 4 16 13 14 32 7 6 6 3 18.1202848553657532 120.679579147712772 
9 30 13 11 25 8 1 1 7 14 32 9 16 4 2 2 24 4 10 19 2.70999124060388841 4 9 13 17 15 11 3.36768017929769181 7 12 5 23 4 6 3 3 14 26 10 15 22 6 10 18 1 12 2 11 16 5 2.70999124060388841 4 16 13 18 19 7 6 6 3 23.9214597940444946 59.0589975804682297 
9 30 13 11 25 8 1 1 7 14 32 9 6 16 10 2 24 4 17 32 5 4 9 13 17 15 11 3.36768017929769181 7 12 1 22 3 6 3 3 14 26 10 15 22 6 10 18 1 12 2 11 16 5 2.70999124060388841 4 16 13 14 30 11 6 6 3 19.1935439109802246 99.8038311152180597 
9 30 13 11 25 8 1 1 7 14 32 9 15 15 9 2 24 4 16 31 2 4 9 13 17 15 11 3.36768017929769181 7 12 5 23 4 6 3 3 14 26 10 15 22 6 10 18 1 12 2 11 16 5 2.70999124060388841 4 16 13 18 19 7 6 6 3 20.9080668687820435 71.8850313827586405 
10 31 1 11 25 8 1 1 7 14 32 9 1 6 4 2 24 4 16 2 2.70999124060388841 4 9 13 17 15 11 3.36768017929769181 7 12 5 23 4 6 3 3 14 26 10 15 22 6 10 18 1 12 2 11 16 5 2.70999124060388841 4 16 13 18 19 7 6 6 3 21.5129178166389465 66.5275113775113738 
10 31 1 11 25 8 1 1 7 14 32 9 16 4 2 2 24 4 10 28 2 4 9 13 17 15 11 3.36768017929769181 7 12 5 23 4 6 3 3 14 26 10 15 22 6 10 18 1 12 2 11 16 5 2.70999124060388841 4 16 13 18 19 7 6 6 3 24.7294618487358093 54.4739383327800653 
10 31 1 11 25 8 1 1 7 14 32 9 16 4 2 2 24 4 10 10 1 4 9 13 17 15 11 3.36768017929769181 7 12 5 23 4 6 3 3 14 26 10 15 22 6 10 18 1 12 2 11 16 5 2.70999124060388841 4 16 13 14 1 5 6 6 3 25.6021438241004944 54.2311234457350935 
10 31 1 11 25 8 1 1 7 14 32 9 16 29 2 2 24 4 10 10 1 4 9 13 17 15 11 3.36768017929769181 7 12 5 23 4 6 3 3 14 26 10 15 22 6 10 18 1 12 2 11 16 5 2.70999124060388841 4 16 13 18 19 7 6 6 3 25.6185857653617859 53.8559984618717351 
10 31 1 11 25 8 1 1 7 14 32 9 15 26 10 2 24 4 16 26 2 4 9 13 17 15 11 3.36768017929769181 7 12 5 23 4 6 3 3 14 26 10 15 22 6 10 18 1 12 2 11 16 5 2.70999124060388841 4 16 13 18 19 7 6 6 3 21.4458088278770447 66.5612122786951232 
10 31 1 11 25 8 1 1 7 14 32 9 16 4 2 2 24 4 10 10 1 4 9 13 17 15 11 3.36768017929769181 7 12 5 23 4 6 3 3 14 26 10 15 22 6 10 18 1 12 2 11 16 5 2.70999124060388841 4 16 13 18 19 7 1 32 9 26.8543238043785095 51.5660942661509694 
15 22 4 1 32 4 17 18 10 6 25 5 6 24 3 11 30 1 12 15 11 15 24 9 5 31 10 15 26 10 17 11 13 14 20 11 13 6 5 2 15 5 3.36768017929769181 18 5 6 16 7 2 30 4 13 24 6.96245171630185755 4 24 4 17 30 4 17.14024418592453 227.451635619282683 
10 31 1 11 25 8 1 1 7 14 32 9 16 4 2 2 24 4 10 16 1 4 9 13 17 15 11 3.36768017929769181 7 12 5 23 4 6 3 3 14 26 10 15 22 6 10 18 1 12 2 11 16 5 2.70999124060388841 4 16 13 18 19 7 6 6 3 24.6065818667411804 54.6552116238665064 
10 31 1 11 25 8 1 1 7 14 32 9 16 2 2.70999124060388841 2 24 4 10 10 1 4 9 13 17 15 11 3.36768017929769181 7 12 5 23 4 6 3 3 14 26 10 15 22 6 10 18 1 12 2 11 16 5 2.70999124060388841 4 16 13 18 19 7 6 6 3 24.9822577834129333 54.3889654219317933 
10 31 1 11 25 8 1 1 7 14 32 9 16 4 2 2 24 4 10 30 2.70999124060388841 4 9 13 17 15 11 3.36768017929769181 7 12 5 23 4 6 3 3 14 26 10 15 22 6 10 18 1 12 2 11 16 5 2.70999124060388841 4 16 13 18 19 7 6 6 3 24.0327407717704773 56.971342861224791 
10 31 1 11 25 8 1 1 7 14 32 9 16 4 2 2 24 4 10 10 1 4 9 13 17 15 11 3.36768017929769181 7 12 5 23 4 6 3 3 14 26 10 15 22 6 10 18 1 12 2 11 16 5 2.70999124060388841 4 16 13 1 1 5 6 6 3 25.781518816947937 53.7500132270568258 
10 31 1 11 25 8 1 1 7 14 32 9 16 4 2 2 24 4 10 10 1 4 9 13 17 15 11 3.36768017929769181 7 12 5 23 4 6 3 3 14 26 10 15 22 6 10 18 1 12 2 11 16 5 2.70999124060388841 4 16 13 18 19 7 6 6 3 26.9235357642173767 49.3138550924936112 
10 31 1 11 25 8 1 1 7 14 32 9 16 4 2 2 24 4 10 10 1 4 9 13 17 15 11 3.36768017929769181 7 12 5 23 4 6 3 3 14 26 10 15 22 6 10 18 1 12 2 11 16 5 2.70999124060388841 4 16 13 2 19 9 6 6 3 26.1297827363014221 53.1482829146970914 
10 31 1 11 25 8 1 1 7 14 32 9 16 4 2 2 24 4 10 10 1 4 9 13 17 15 11 3.36768017929769181 7 12 1 32 5 6 3 3 14 26 10 15 22 6 10 18 1 12 2 11 16 5 2.70999124060388841 4 16 13 18 19 7 6 6 3 25.9151827692985535 53.4352413284376198 
10 31 1 11 25 8 1 1 7 14 32 9 16 4 2 2 24 4 10 10 1 4 9 13 17 15 11 3.36768017929769181 7 12 5 23 4 6 3 3 14 26 10 15 22 6 10 18 1 12 2 11 16 5 2.70999124060388841 4 16 13 18 1 10 6 6 3 26.7406068444252014 51.9495605906933093 
10 31 1 11 25 8 1 1 7 14 32 9 16 4 2 2 24 4 10 31 1 4 9 13 17 15 11 3.36768017929769181 7 12 5 23 4 6 3 3 14 26 10 15 22 6 10 18 1 12 2 11 16 5 2.70999124060388841 4 16 13 18 19 7 6 6 3 24.2690057158470154 55.9510939424590745 

Current Evaluation = 70000000(70000000)
Front Size = 32
15 19 3 13 3 5 13 15 2 6 2 4 17 32 11 16 9 2 4 24 9 3 25 7 13 14 9 2 25 10 6 8 1 13 30 5 1 19 8 8 5.34074699537910114 4 8 24 12 15 12 9 6 6 9 1 20 4 4 17 4 17 24 2 17.0755719542503357 243.071846282372604 
9 30 13 11 25 8 1 1 7 14 32 9 16 3 5 2 24 4 14 31 9 4 9 13 17 15 11 3.36768017929769181 7 12 5 23 4 6 3 3 14 26 10 15 22 6 10 18 1 12 2 11 16 5 2.70999124060388841 4 16 13 14 1 12 6 6 3 19.5505129098892212 81.7933040717457516 
9 30 13 11 25 8 1 1 7 14 32 9 16 3 5 2 24 4 12 6 2.70999124060388841 4 9 13 17 15 11 3.36768017929769181 7 12 5 23 4 6 3 3 14 26 10 15 22 6 10 18 1 12 2 11 16 5 2.70999124060388841 4 16 13 18 19 7 6 6 3 21.1430178284645081 67.886002693130024 
9 30 13 11 25 8 1 1 7 14 32 9 16 3 5 2 24 4 10 30 2 4 9 13 17 15 11 3.36768017929769181 7 12 5 23 4 6 3 3 14 26 10 15 22 6 10 18 1 12 2 11 16 5 2.70999124060388841 4 16 13 18 19 7 6 6 3 21.5219468474388123 64.6714672767549956 
9 30 13 11 25 8 1 1 7 14 32 9 16 3 5 2 24 4 10 33 2.70999124060388841 4 9 13 17 15 11 3.36768017929769181 7 12 5 23 4 6 3 3 14 26 10 15 22 6 10 18 1 12 2 11 16 5 2.70999124060388841 4 16 13 18 19 7 6 6 3 22.3814958930015564 59.6886146868242378 
9 30 13 11 25 8 1 1 7 14 32 9 16 3 5 2 24 4 3 5 1 4 9 13 17 15 11 3.36768017929769181 7 12 4 20 2 6 3 3 14 26 10 15 22 6 10 18 1 12 2 11 16 5 2.70999124060388841 4 16 13 14 26 2.70999124060388841 6 6 3 19.2648538947105408 94.408225687447711 
9 30 13 11 25 8 1 1 7 14 32 9 16 3 5 2 24 4 3.36768017929769181 2 12 4 9 13 17 15 11 3.36768017929769181 7 12 5 23 4 6 3 3 14 26 10 15 22 6 10 18 1 12 2 11 16 5 2.70999124060388841 4 16 13 15 32 4 6 6 3 20.3810710310935974 75.486617125657375 
9 30 13 11 25 8 1 1 7 14 32 9 16 3 5 2 24 4 10 15 11 4 9 13 17 15 11 3.36768017929769181 7 12 1 26 4 6 3 3 14 26 10 15 22 6 10 18 1 12 2 11 16 5 2.70999124060388841 4 16 13 18 19 7 6 6 3 20.7009108662605286 75.359686270493853 
9 30 13 11 25 8 1 1 7 14 32 9 16 3 5 2 24 4 12 6 2.70999124060388841 4 9 13 17 15 11 3.36768017929769181 7 12 5 23 4 6 3 3 14 26 10 15 22 6 10 18 1 12 2 11 16 5 2.70999124060388841 4 16 13 14 15 4 6 6 3 19.8140308856964111 75.9647073509390651 
9 30 13 11 25 8 1 1 7 14 32 9 16 3 5 2 24 4 10 6 8 4 9 13 17 15 11 3.36768017929769181 7 12 15 1 10 6 3 3 14 26 10 15 22 6 10 18 1 12 2 11 16 5 2.70999124060388841 4 16 13 18 19 7 6 6 3 20.7405838370323181 74.6270734167792966 
9 30 13 11 25 8 1 1 7 14 32 9 16 3 5 2 24 4 10 31 1 4 9 13 17 15 11 3.36768017929769181 7 12 5 23 4 6 3 3 14 26 10 15 22 6 10 18 1 12 2 11 16 5 2.70999124060388841 4 16 13 18 19 7 6 6 3 21.7582117915153503 61.7813433326908594 
9 30 13 11 25 8 1 1 7 14 32 9 16 3 5 2 24 4 12 31 2 4 9 13 17 15 11 3.36768017929769181 7 12 15 32 3 6 3 3 14 26 10 15 22 6 10 18 1 12 2 11 16 5 2.70999124060388841 4 16 13 18 19 7 6 6 3 20.3087639212608337 75.7854176548072047 
9 30 13 12 15 7 1 1 7 14 32 9 3.36768017929769181 15 8 2 24 4 14 26 2 4 9 13 17 15 11 3.36768017929769181 7 12 5 23 4 6 3 3 14 26 10 15 22 6 10 18 1 12 2 11 16 5 2.70999124060388841 4 16 13 14 25 11 6 6 3 19.0548999905586243 111.481385966168588 
9 30 13 11 25 8 1 1 7 14 32 9 6 24 10 2 24 4 3 1 5 4 9 13 17 15 11 3.36768017929769181 7 12 5 23 4 6 3 3 14 26 10 15 22 6 17 26 2 12 2 11 16 5 2.70999124060388841 4 16 13 14 26 9 6 6 3 18.7109979093074799 113.856006325975372 
9 30 13 11 25 8 1 1 7 14 32 9 14 6 2.70999124060388841 2 24 4 15 25 5 4 9 13 4 30 11 3.36768017929769181 7 12 5 23 4 6 3 3 14 26 10 15 22 6 10 18 1 12 2 11 16 5 2.70999124060388841 4 16 13 14 32 5 6 6 3 19.1283048093318939 102.375739845501499 
9 30 13 11 25 8 1 1 7 14 32 9 15 6 9 2 24 4 10 30 2 4 9 13 17 15 11 3.36768017929769181 7 12 5 23 4 6 3 3 14 26 10 15 22 6 10 18 1 12 2 11 16 5 2.70999124060388841 4 16 13 18 19 7 6 6 3 21.131017804145813 71.2659312909312916 
9 30 13 11 25 8 1 1 7 14 32 9 14 31 2 2 24 4 17 25 5 4 9 13 17 15 11 3.36768017929769181 7 12 1 30 9 6 3 3 14 26 10 15 22 6 10 18 1 12 2 11 16 5 2.70999124060388841 4 16 13 14 32 7 6 6 3 18.1202848553657532 120.679579147712772 
9 30 13 11 25 8 1 1 7 14 32 9 6 16 10 2 24 4 17 32 5 4 9 13 17 15 11 3.36768017929769181 7 12 1 22 3 6 3 3 14 26 10 15 22 6 10 18 1 12 2 11 16 5 2.70999124060388841 4 16 13 14 30 11 6 6 3 19.1935439109802246 99.8038311152180597 
9 30 13 11 25 8 1 1 7 14 32 9 15 15 9 2 24 4 16 31 2 4 9 13 17 15 11 3.36768017929769181 7 12 5 23 4 6 3 3 14 26 10 15 22 6 10 18 1 12 2 11 16 5 2.70999124060388841 4 16 13 18 19 7 6 6 3 20.9080668687820435 71.8850313827586405 
10 31 1 11 25 8 1 1 7 14 32 9 1 6 4 2 24 4 16 2 2.70999124060388841 4 9 13 17 15 11 3.36768017929769181 7 12 5 23 4 6 3 3 14 26 10 15 22 6 10 18 1 12 2 11 16 5 2.70999124060388841 4 16 13 18 19 7 6 6 3 21.5129178166389465 66.5275113775113738 
10 31 1 11 25 8 1 1 7 14 32 9 15 26 10 2 24 4 16 26 2 4 9 13 17 15 11 3.36768017929769181 7 12 5 23 4 6 3 3 14 26 10 15 22 6 10 18 1 12 2 11 16 5 2.70999124060388841 4 16 13 18 19 7 6 6 3 21.4458088278770447 66.5612122786951232 
10 31 1 11 25 8 1 1 7 14 32 9 16 4 2 2 24 4 10 10 1 4 9 13 17 15 11 3.36768017929769181 7 12 5 23 4 6 3 3 14 26 10 15 22 6 10 18 1 12 2 11 16 5 2.70999124060388841 4 16 13 18 19 7 1 32 9 26.8543238043785095 51.5660942661509694 
15 22 4 1 32 4 17 18 10 6 25 5 6 24 3 11 30 1 12 15 11 15 24 9 5 31 10 15 26 10 17 11 13 14 20 11 13 6 5 2 15 5 3.36768017929769181 18 5 6 16 7 2 30 4 13 24 6.96245171630185755 4 24 4 17 30 4 17.14024418592453 227.451635619282683 
10 31 1 11 25 8 1 1 7 14 32 9 16 4 2 2 24 4 10 16 1 4 9 13 17 15 11 3.36768017929769181 7 12 5 23 4 6 3 3 14 26 10 15 22 6 10 18 1 12 2 11 16 5 2.70999124060388841 4 16 13 18 19 7 6 6 3 24.6065818667411804 54.6552116238665064 
10 31 1 11 25 8 1 1 7 14 32 9 16 4 2 2 24 4 10 10 1 4 9 13 17 15 11 3.36768017929769181 7 12 5 23 4 6 3 3 14 26 10 15 22 6 10 18 1 12 2 11 16 5 2.70999124060388841 4 16 13 18 19 7 6 6 3 26.9235357642173767 49.3138550924936112 
10 31 1 11 25 8 1 1 7 14 32 9 16 4 2 2 24 4 10 10 1 4 9 13 17 15 11 3.36768017929769181 7 12 5 23 4 6 3 3 14 26 10 15 22 6 10 18 1 12 2 11 16 5 2.70999124060388841 4 16 13 18 1 10 6 6 3 26.7406068444252014 51.9495605906933093 
10 31 1 11 25 8 1 1 7 14 32 9 16 6 2 2 24 4 10 10 1 4 9 13 17 15 11 3.36768017929769181 7 12 5 23 4 6 3 3 14 26 10 15 22 6 10 18 1 12 2 11 16 5 2.70999124060388841 4 16 13 18 19 7 6 6 3 24.6185137629508972 54.0496499751316648 
10 31 1 11 25 8 1 1 7 14 32 9 16 4 2 2 24 4 10 2 2.70999124060388841 4 9 13 17 15 11 3.36768017929769181 7 12 5 23 4 6 3 3 14 26 10 15 22 6 10 18 1 12 2 11 16 5 2.70999124060388841 4 16 13 18 19 7 6 6 3 24.4318618178367615 54.8070151528122338 
10 31 1 11 25 8 1 1 7 14 32 9 16 4 2 2 24 4 10 8 1 4 9 13 17 15 11 3.36768017929769181 7 12 5 23 4 6 3 3 14 26 10 15 22 6 10 18 1 12 2 11 16 5 2.70999124060388841 4 16 13 2 1 9 6 6 3 23.6719198822975159 55.6947400127669923 
10 31 1 11 25 8 1 1 7 14 32 9 16 2 2.70999124060388841 2 24 4 10 10 1 4 9 13 17 15 11 3.36768017929769181 7 12 5 23 4 6 3 3 14 26 10 15 22 6 10 18 1 12 2 11 16 5 2.70999124060388841 4 16 13 18 19 7 6 6 3 24.9822577834129333 52.5331097321018134 
10 31 1 11 25 8 1 1 7 14 32 9 16 4 2 2 24 4 10 10 1 4 9 13 17 15 11 3.36768017929769181 7 12 5 23 4 6 3 3 14 26 10 15 22 6 10 18 1 12 2 11 16 5 2.70999124060388841 4 16 13 1 32 6 6 6 3 25.8262888193130493 52.263795970111758 
15 5.34074699537910114 1 2 2 3 6 11 10 17 1 5 2 24 1 3 32 11 4 6 11 6 30 1 15 6 11 4 20 2 1 3 10 16 2 10 4 26 13 14 30 6.96245171630185755 8 12 9 3 22 1 12 26 7 3 3 13 17 30 13 2 30 9 17.9174780249595642 203.042108708285156 

Current Evaluation = 80000000(80000060)
Front Size = 34
15 19 3 13 3 5 13 15 2 6 2 4 17 32 11 16 9 2 4 24 9 3 25 7 13 14 9 2 25 10 6 8 1 13 30 5 1 19 8 8 5.34074699537910114 4 8 24 12 15 12 9 6 6 9 1 20 4 4 17 4 17 24 2 17.0755719542503357 243.071846282372604 
9 30 13 11 25 8 1 1 7 14 32 9 16 3 5 2 24 4 14 31 9 4 9 13 17 15 11 3.36768017929769181 7 12 5 23 4 6 3 3 14 26 10 15 22 6 10 18 1 12 2 11 16 5 2.70999124060388841 4 16 13 14 1 12 6 6 3 19.5505129098892212 81.7933040717457516 
9 30 13 11 25 8 1 1 7 14 32 9 16 3 5 2 24 4 12 6 2.70999124060388841 4 9 13 17 15 11 3.36768017929769181 7 12 5 23 4 6 3 3 14 26 10 15 22 6 10 18 1 12 2 11 16 5 2.70999124060388841 4 16 13 18 19 7 6 6 3 21.1430178284645081 67.886002693130024 
9 30 13 11 25 8 1 1 7 14 32 9 16 3 5 2 24 4 10 30 2 4 9 13 17 15 11 3.36768017929769181 7 12 5 23 4 6 3 3 14 26 10 15 22 6 10 18 1 12 2 11 16 5 2.70999124060388841 4 16 13 18 19 7 6 6 3 21.5219468474388123 64.6714672767549956 
9 30 13 11 25 8 1 1 7 14 32 9 16 3 5 2 24 4 10 33 2.70999124060388841 4 9 13 17 15 11 3.36768017929769181 7 12 5 23 4 6 3 3 14 26 10 15 22 6 10 18 1 12 2 11 16 5 2.70999124060388841 4 16 13 18 19 7 6 6 3 22.3814958930015564 59.6886146868242378 
9 30 13 11 25 8 1 1 7 14 32 9 16 3 5 2 24 4 3 5 1 4 9 13 17 15 11 3.36768017929769181 7 12 4 20 2 6 3 3 14 26 10 15 22 6 10 18 1 12 2 11 16 5 2.70999124060388841 4 16 13 14 26 2.70999124060388841 6 6 3 19.2648538947105408 94.408225687447711 
9 30 13 11 25 8 1 1 7 14 32 9 16 3 5 2 24 4 3.36768017929769181 2 12 4 9 13 17 15 11 3.36768017929769181 7 12 5 23 4 6 3 3 14 26 10 15 22 6 10 18 1 12 2 11 16 5 2.70999124060388841 4 16 13 15 32 4 6 6 3 20.3810710310935974 75.486617125657375 
9 30 13 11 25 8 1 1 7 14 32 9 16 3 5 2 24 4 10 15 11 4 9 13 17 15 11 3.36768017929769181 7 12 1 26 4 6 3 3 14 26 10 15 22 6 10 18 1 12 2 11 16 5 2.70999124060388841 4 16 13 18 19 7 6 6 3 20.7009108662605286 75.359686270493853 
9 30 13 11 25 8 1 1 7 14 32 9 16 3 5 2 24 4 12 6 2.70999124060388841 4 9 13 17 15 11 3.36768017929769181 7 12 5 23 4 6 3 3 14 26 10 15 22 6 10 18 1 12 2 11 16 5 2.70999124060388841 4 16 13 14 15 4 6 6 3 19.8140308856964111 75.9647073509390651 
9 30 13 11 25 8 1 1 7 14 32 9 16 3 5 2 24 4 10 6 8 4 9 13 17 15 11 3.36768017929769181 7 12 15 1 10 6 3 3 14 26 10 15 22 6 10 18 1 12 2 11 16 5 2.70999124060388841 4 16 13 18 19 7 6 6 3 20.7405838370323181 74.6270734167792966 
9 30 13 11 25 8 1 1 7 14 32 9 16 3 5 2 24 4 10 31 1 4 9 13 17 15 11 3.36768017929769181 7 12 5 23 4 6 3 3 14 26 10 15 22 6 10 18 1 12 2 11 16 5 2.70999124060388841 4 16 13 18 19 7 6 6 3 21.7582117915153503 61.7813433326908594 
9 30 13 11 25 8 1 1 7 14 32 9 16 3 5 2 24 4 12 31 2 4 9 13 17 15 11 3.36768017929769181 7 12 15 32 3 6 3 3 14 26 10 15 22 6 10 18 1 12 2 11 16 5 2.70999124060388841 4 16 13 18 19 7 6 6 3 20.3087639212608337 75.7854176548072047 
9 30 13 12 15 7 1 1 7 14 32 9 3.36768017929769181 15 8 2 24 4 14 26 2 4 9 13 17 15 11 3.36768017929769181 7 12 5 23 4 6 3 3 14 26 10 15 22 6 10 18 1 12 2 11 16 5 2.70999124060388841 4 16 13 14 25 11 6 6 3 19.0548999905586243 111.481385966168588 
9 30 13 11 25 8 1 1 7 14 32 9 6 24 10 2 24 4 3 1 5 4 9 13 17 15 11 3.36768017929769181 7 12 5 23 4 6 3 3 14 26 10 15 22 6 17 26 2 12 2 11 16 5 2.70999124060388841 4 16 13 14 26 9 6 6 3 18.7109979093074799 113.856006325975372 
9 30 13 11 25 8 1 1 7 14 32 9 14 6 2.70999124060388841 2 24 4 15 25 5 4 9 13 4 30 11 3.36768017929769181 7 12 5 23 4 6 3 3 14 26 10 15 22 6 10 18 1 12 2 11 16 5 2.70999124060388841 4 16 13 14 32 5 6 6 3 19.1283048093318939 102.375739845501499 
9 30 13 11 25 8 1 1 7 14 32 9 15 6 9 2 24 4 10 30 2 4 9 13 17 15 11 3.36768017929769181 7 12 5 23 4 6 3 3 14 26 10 15 22 6 10 18 1 12 2 11 16 5 2.70999124060388841 4 16 13 18 19 7 6 6 3 21.131017804145813 71.2659312909312916 
9 30 13 11 25 8 1 1 7 14 32 9 14 31 2 2 24 4 17 25 5 4 9 13 17 15 11 3.36768017929769181 7 12 1 30 9 6 3 3 14 26 10 15 22 6 10 18 1 12 2 11 16 5 2.70999124060388841 4 16 13 14 32 7 6 6 3 18.1202848553657532 120.679579147712772 
9 30 13 11 25 8 1 1 7 14 32 9 6 16 10 2 24 4 17 32 5 4 9 13 17 15 11 3.36768017929769181 7 12 1 22 3 6 3 3 14 26 10 15 22 6 10 18 1 12 2 11 16 5 2.70999124060388841 4 16 13 14 30 11 6 6 3 19.1935439109802246 99.8038311152180597 
9 30 13 11 25 8 1 1 7 14 32 9 15 15 9 2 24 4 16 31 2 4 9 13 17 15 11 3.36768017929769181 7 12 5 23 4 6 3 3 14 26 10 15 22 6 10 18 1 12 2 11 16 5 2.70999124060388841 4 16 13 18 19 7 6 6 3 20.9080668687820435 71.8850313827586405 
10 31 1 11 25 8 1 1 7 14 32 9 1 6 4 2 24 4 16 2 2.70999124060388841 4 9 13 17 15 11 3.36768017929769181 7 12 5 23 4 6 3 3 14 26 10 15 22 6 10 18 1 12 2 11 16 5 2.70999124060388841 4 16 13 18 19 7 6 6 3 21.5129178166389465 66.5275113775113738 
10 31 1 11 25 8 1 1 7 14 32 9 15 26 10 2 24 4 16 26 2 4 9 13 17 15 11 3.36768017929769181 7 12 5 23 4 6 3 3 14 26 10 15 22 6 10 18 1 12 2 11 16 5 2.70999124060388841 4 16 13 18 19 7 6 6 3 21.4458088278770447 66.5612122786951232 
10 31 1 11 25 8 1 1 7 14 32 9 16 4 2 2 24 4 10 10 1 4 9 13 17 15 11 3.36768017929769181 7 12 5 23 4 6 3 3 14 26 10 15 22 6 10 18 1 12 2 11 16 5 2.70999124060388841 4 16 13 18 19 7 1 32 9 26.8543238043785095 51.5660942661509694 
15 22 4 1 32 4 17 18 10 6 25 5 6 24 3 11 30 1 12 15 11 15 24 9 5 31 10 15 26 10 17 11 13 14 20 11 13 6 5 2 15 5 3.36768017929769181 18 5 6 16 7 2 30 4 13 24 6.96245171630185755 4 24 4 17 30 4 17.14024418592453 227.451635619282683 
10 31 1 11 25 8 1 1 7 14 32 9 16 4 2 2 24 4 10 10 1 4 9 13 17 15 11 3.36768017929769181 7 12 5 23 4 6 3 3 14 26 10 15 22 6 10 18 1 12 2 11 16 5 2.70999124060388841 4 16 13 18 19 7 6 6 3 26.9235357642173767 49.3138550924936112 
10 31 1 11 25 8 1 1 7 14 32 9 16 4 2 2 24 4 10 10 1 4 9 13 17 15 11 3.36768017929769181 7 12 5 23 4 6 3 3 14 26 10 15 22 6 10 18 1 12 2 11 16 5 2.70999124060388841 4 16 13 18 1 10 6 6 3 26.7406068444252014 51.9495605906933093 
10 31 1 11 25 8 1 1 7 14 32 9 16 6 2 2 24 4 10 10 1 4 9 13 17 15 11 3.36768017929769181 7 12 5 23 4 6 3 3 14 26 10 15 22 6 10 18 1 12 2 11 16 5 2.70999124060388841 4 16 13 18 19 7 6 6 3 24.6185137629508972 54.0496499751316648 
10 31 1 11 25 8 1 1 7 14 32 9 16 4 2 2 24 4 10 8 1 4 9 13 17 15 11 3.36768017929769181 7 12 5 23 4 6 3 3 14 26 10 15 22 6 10 18 1 12 2 11 16 5 2.70999124060388841 4 16 13 2 1 9 6 6 3 23.6719198822975159 55.6947400127669923 
10 31 1 11 25 8 1 1 7 14 32 9 16 2 2.70999124060388841 2 24 4 10 10 1 4 9 13 17 15 11 3.36768017929769181 7 12 5 23 4 6 3 3 14 26 10 15 22 6 10 18 1 12 2 11 16 5 2.70999124060388841 4 16 13 18 19 7 6 6 3 24.9822577834129333 52.5331097321018134 
10 31 1 11 25 8 1 1 7 14 32 9 16 4 2 2 24 4 10 10 1 4 9 13 17 15 11 3.36768017929769181 7 12 5 23 4 6 3 3 14 26 10 15 22 6 10 18 1 12 2 11 16 5 2.70999124060388841 4 16 13 1 32 6 6 6 3 25.8262888193130493 52.263795970111758 
15 5.34074699537910114 1 2 2 3 6 11 10 17 1 5 2 24 1 3 32 11 4 6 11 6 30 1 15 6 11 4 20 2 1 3 10 16 2 10 4 26 13 14 30 6.96245171630185755 8 12 9 3 22 1 12 26 7 3 3 13 17 30 13 2 30 9 17.9174780249595642 203.042108708285156 
10 31 1 11 25 8 1 1 7 14 32 9 16 4 2 2 24 4 10 2 2.70999124060388841 4 9 13 17 15 11 3.36768017929769181 7 12 5 23 4 6 3 3 14 26 10 15 22 6 10 18 1 12 2 11 16 5 2.70999124060388841 4 16 13 18 19 7 6 6 3 24.4318618178367615 54.6570727602566819 
10 31 1 11 25 8 1 1 7 14 32 9 16 4 2 2 24 4 10 31 1 4 9 13 17 15 11 3.36768017929769181 7 12 5 23 4 6 3 3 14 26 10 15 22 6 10 18 1 12 2 11 16 5 2.70999124060388841 4 16 13 14 1 5 6 6 3 22.9476137757301331 58.2913495575087524 
10 31 1 11 25 8 1 1 7 14 32 9 16 4 2 2 24 4 10 2 1 4 9 13 17 15 11 3.36768017929769181 7 12 5 23 4 6 3 3 14 26 10 15 22 6 10 18 1 12 2 11 16 5 2.70999124060388841 4 16 13 18 19 7 6 6 3 24.5678479075431824 54.098489492755796 
10 31 1 11 25 8 1 1 7 14 32 9 16 4 2 2 24 4 10 28 1 4 9 13 17 15 11 3.36768017929769181 7 12 5 23 4 6 3 3 14 26 10 15 22 6 10 18 1 12 2 11 16 5 2.70999124060388841 4 16 13 18 19 7 6 6 3 24.8654479384422302 53.174870019000025 

Current Evaluation = 90000000(90000120)
Front Size = 32
15 19 3 13 3 5 13 15 2 6 2 4 17 32 11 16 9 2 4 24 9 3 25 7 13 14 9 2 25 10 6 8 1 13 30 5 1 19 8 8 5.34074699537910114 4 8 24 12 15 12 9 6 6 9 1 20 4 4 17 4 17 24 2 17.0755719542503357 243.071846282372604 
9 30 13 11 25 8 1 1 7 14 32 9 16 3 5 2 24 4 14 31 9 4 9 13 17 15 11 3.36768017929769181 7 12 5 23 4 6 3 3 14 26 10 15 22 6 10 18 1 12 2 11 16 5 2.70999124060388841 4 16 13 14 1 12 6 6 3 19.5505129098892212 81.7933040717457516 
9 30 13 11 25 8 1 1 7 14 32 9 16 3 5 2 24 4 12 6 2.70999124060388841 4 9 13 17 15 11 3.36768017929769181 7 12 5 23 4 6 3 3 14 26 10 15 22 6 10 18 1 12 2 11 16 5 2.70999124060388841 4 16 13 18 19 7 6 6 3 21.1430178284645081 67.886002693130024 
9 30 13 11 25 8 1 1 7 14 32 9 16 3 5 2 24 4 10 30 2 4 9 13 17 15 11 3.36768017929769181 7 12 5 23 4 6 3 3 14 26 10 15 22 6 10 18 1 12 2 11 16 5 2.70999124060388841 4 16 13 18 19 7 6 6 3 21.5219468474388123 64.6714672767549956 
9 30 13 11 25 8 1 1 7 14 32 9 16 3 5 2 24 4 10 33 2.70999124060388841 4 9 13 17 15 11 3.36768017929769181 7 12 5 23 4 6 3 3 14 26 10 15 22 6 10 18 1 12 2 11 16 5 2.70999124060388841 4 16 13 18 19 7 6 6 3 22.3814958930015564 59.6886146868242378 
9 30 13 11 25 8 1 1 7 14 32 9 16 3 5 2 24 4 3 5 1 4 9 13 17 15 11 3.36768017929769181 7 12 4 20 2 6 3 3 14 26 10 15 22 6 10 18 1 12 2 11 16 5 2.70999124060388841 4 16 13 14 26 2.70999124060388841 6 6 3 19.2648538947105408 94.408225687447711 
9 30 13 11 25 8 1 1 7 14 32 9 16 3 5 2 24 4 3.36768017929769181 2 12 4 9 13 17 15 11 3.36768017929769181 7 12 5 23 4 6 3 3 14 26 10 15 22 6 10 18 1 12 2 11 16 5 2.70999124060388841 4 16 13 15 32 4 6 6 3 20.3810710310935974 75.486617125657375 
9 30 13 11 25 8 1 1 7 14 32 9 16 3 5 2 24 4 10 15 11 4 9 13 17 15 11 3.36768017929769181 7 12 1 26 4 6 3 3 14 26 10 15 22 6 10 18 1 12 2 11 16 5 2.70999124060388841 4 16 13 18 19 7 6 6 3 20.7009108662605286 75.359686270493853 
9 30 13 11 25 8 1 1 7 14 32 9 16 3 5 2 24 4 12 6 2.70999124060388841 4 9 13 17 15 11 3.36768017929769181 7 12 5 23 4 6 3 3 14 26 10 15 22 6 10 18 1 12 2 11 16 5 2.70999124060388841 4 16 13 14 15 4 6 6 3 19.8140308856964111 75.9647073509390651 
9 30 13 11 25 8 1 1 7 14 32 9 16 3 5 2 24 4 10 6 8 4 9 13 17 15 11 3.36768017929769181 7 12 15 1 10 6 3 3 14 26 10 15 22 6 10 18 1 12 2 11 16 5 2.70999124060388841 4 16 13 18 19 7 6 6 3 20.7405838370323181 74.6270734167792966 
9 30 13 11 25 8 1 1 7 14 32 9 16 3 5 2 24 4 10 31 1 4 9 13 17 15 11 3.36768017929769181 7 12 5 23 4 6 3 3 14 26 10 15 22 6 10 18 1 12 2 11 16 5 2.70999124060388841 4 16 13 18 19 7 6 6 3 21.7582117915153503 61.7813433326908594 
9 30 13 11 25 8 1 1 7 14 32 9 16 3 5 2 24 4 12 31 2 4 9 13 17 15 11 3.36768017929769181 7 12 15 32 3 6 3 3 14 26 10 15 22 6 10 18 1 12 2 11 16 5 2.70999124060388841 4 16 13 18 19 7 6 6 3 20.3087639212608337 75.7854176548072047 
9 30 13 12 15 7 1 1 7 14 32 9 3.36768017929769181 15 8 2 24 4 14 26 2 4 9 13 17 15 11 3.36768017929769181 7 12 5 23 4 6 3 3 14 26 10 15 22 6 10 18 1 12 2 11 16 5 2.70999124060388841 4 16 13 14 25 11 6 6 3 19.0548999905586243 111.481385966168588 
9 30 13 11 25 8 1 1 7 14 32 9 6 24 10 2 24 4 3 1 5 4 9 13 17 15 11 3.36768017929769181 7 12 5 23 4 6 3 3 14 26 10 15 22 6 17 26 2 12 2 11 16 5 2.70999124060388841 4 16 13 14 26 9 6 6 3 18.7109979093074799 113.856006325975372 
9 30 13 11 25 8 1 1 7 14 32 9 14 6 2.70999124060388841 2 24 4 15 25 5 4 9 13 4 30 11 3.36768017929769181 7 12 5 23 4 6 3 3 14 26 10 15 22 6 10 18 1 12 2 11 16 5 2.70999124060388841 4 16 13 14 32 5 6 6 3 19.1283048093318939 102.375739845501499 
9 30 13 11 25 8 1 1 7 14 32 9 15 6 9 2 24 4 10 30 2 4 9 13 17 15 11 3.36768017929769181 7 12 5 23 4 6 3 3 14 26 10 15 22 6 10 18 1 12 2 11 16 5 2.70999124060388841 4 16 13 18 19 7 6 6 3 21.131017804145813 71.2659312909312916 
9 30 13 11 25 8 1 1 7 14 32 9 14 31 2 2 24 4 17 25 5 4 9 13 17 15 11 3.36768017929769181 7 12 1 30 9 6 3 3 14 26 10 15 22 6 10 18 1 12 2 11 16 5 2.70999124060388841 4 16 13 14 32 7 6 6 3 18.1202848553657532 120.679579147712772 
9 30 13 11 25 8 1 1 7 14 32 9 6 16 10 2 24 4 17 32 5 4 9 13 17 15 11 3.36768017929769181 7 12 1 22 3 6 3 3 14 26 10 15 22 6 10 18 1 12 2 11 16 5 2.70999124060388841 4 16 13 14 30 11 6 6 3 19.1935439109802246 99.8038311152180597 
9 30 13 11 25 8 1 1 7 14 32 9 15 15 9 2 24 4 16 31 2 4 9 13 17 15 11 3.36768017929769181 7 12 5 23 4 6 3 3 14 26 10 15 22 6 10 18 1 12 2 11 16 5 2.70999124060388841 4 16 13 18 19 7 6 6 3 20.9080668687820435 71.8850313827586405 
10 31 1 11 25 8 1 1 7 14 32 9 1 6 4 2 24 4 16 2 2.70999124060388841 4 9 13 17 15 11 3.36768017929769181 7 12 5 23 4 6 3 3 14 26 10 15 22 6 10 18 1 12 2 11 16 5 2.70999124060388841 4 16 13 18 19 7 6 6 3 21.5129178166389465 66.5275113775113738 
10 31 1 11 25 8 1 1 7 14 32 9 15 26 10 2 24 4 16 26 2 4 9 13 17 15 11 3.36768017929769181 7 12 5 23 4 6 3 3 14 26 10 15 22 6 10 18 1 12 2 11 16 5 2.70999124060388841 4 16 13 18 19 7 6 6 3 21.4458088278770447 66.5612122786951232 
10 31 1 11 25 8 1 1 7 14 32 9 16 4 2 2 24 4 10 10 1 4 9 13 17 15 11 3.36768017929769181 7 12 5 23 4 6 3 3 14 26 10 15 22 6 10 18 1 12 2 11 16 5 2.70999124060388841 4 16 13 18 19 7 1 32 9 26.8543238043785095 51.5660942661509694 
15 22 4 1 32 4 17 18 10 6 25 5 6 24 3 11 30 1 12 15 11 15 24 9 5 31 10 15 26 10 17 11 13 14 20 11 13 6 5 2 15 5 3.36768017929769181 18 5 6 16 7 2 30 4 13 24 6.96245171630185755 4 24 4 17 30 4 17.14024418592453 227.451635619282683 
10 31 1 11 25 8 1 1 7 14 32 9 16 4 2 2 24 4 10 10 1 4 9 13 17 15 11 3.36768017929769181 7 12 5 23 4 6 3 3 14 26 10 15 22 6 10 18 1 12 2 11 16 5 2.70999124060388841 4 16 13 18 19 7 6 6 3 26.9235357642173767 49.3138550924936112 
10 31 1 11 25 8 1 1 7 14 32 9 16 4 2 2 24 4 10 10 1 4 9 13 17 15 11 3.36768017929769181 7 12 5 23 4 6 3 3 14 26 10 15 22 6 10 18 1 12 2 11 16 5 2.70999124060388841 4 16 13 18 1 10 6 6 3 26.7406068444252014 51.9495605906933093 
10 31 1 11 25 8 1 1 7 14 32 9 16 4 2 2 24 4 10 8 1 4 9 13 17 15 11 3.36768017929769181 7 12 5 23 4 6 3 3 14 26 10 15 22 6 10 18 1 12 2 11 16 5 2.70999124060388841 4 16 13 2 1 9 6 6 3 23.6719198822975159 55.6947400127669923 
10 31 1 11 25 8 1 1 7 14 32 9 16 4 2 2 24 4 10 10 1 4 9 13 17 15 11 3.36768017929769181 7 12 5 23 4 6 3 3 14 26 10 15 22 6 10 18 1 12 2 11 16 5 2.70999124060388841 4 16 13 1 32 6 6 6 3 25.8262888193130493 52.263795970111758 
15 5.34074699537910114 1 2 2 3 6 11 10 17 1 5 2 24 1 3 32 11 4 6 11 6 30 1 15 6 11 4 20 2 1 3 10 16 2 10 4 26 13 14 30 6.96245171630185755 8 12 9 3 22 1 12 26 7 3 3 13 17 30 13 2 30 9 17.9174780249595642 203.042108708285156 
10 31 1 11 25 8 1 1 7 14 32 9 16 4 2 2 24 4 10 2 2.70999124060388841 4 9 13 17 15 11 3.36768017929769181 7 12 5 23 4 6 3 3 14 26 10 15 22 6 10 18 1 12 2 11 16 5 2.70999124060388841 4 16 13 18 19 7 6 6 3 24.4318618178367615 54.6570727602566819 
10 31 1 11 25 8 1 1 7 14 32 9 16 4 2 2 24 4 10 31 1 4 9 13 17 15 11 3.36768017929769181 7 12 5 23 4 6 3 3 14 26 10 15 22 6 10 18 1 12 2 11 16 5 2.70999124060388841 4 16 13 14 1 5 6 6 3 22.9476137757301331 58.2913495575087524 
10 31 1 11 25 8 1 1 7 14 32 9 16 4 2 2 24 4 10 2 1 4 9 13 17 15 11 3.36768017929769181 7 12 5 23 4 6 3 3 14 26 10 15 22 6 10 18 1 12 2 11 16 5 2.70999124060388841 4 16 13 18 19 7 6 6 3 24.5678479075431824 54.098489492755796 
10 31 1 11 25 8 1 1 7 14 32 9 16 4 2 2 24 4 10 16 1 4 9 13 17 15 11 3.36768017929769181 7 12 5 23 4 6 3 3 14 26 10 15 22 6 10 18 1 12 2 11 16 5 2.70999124060388841 4 16 13 18 19 7 6 6 3 24.6065818667411804 52.3910368622340599 

