Current Evaluation = 10000000(10000000)
Front Size = 36
14 22 2 3.36768017929769181 28 1 2 6 10 3 30 1 13 18 4 17 16 13 16 30 6 9.25570237641795579 15 10 10 20 4 14 19 5 5 25 9 6 31 11 15 11 13 9 30 12 15 24 3.84646942076222631 4 20 2 14 15 10 15 9 4 1 30 9.82524131762891173 3 2 13 18.6443739533424377 185.129115329115336 
9 25 13 15 32 9 14 16 6 6 15 2 9 6 5 13 22 6 2 1 12 3 14 2 16 18 2 14 30 11 4 30 6 2 15 5 10 3 7 3 19 13 14 15 11 4 20 1 13 33 2.70999124060388841 4 24 2 2 13 12 17 6 6 18.9776518940925598 177.477459090617003 
6 30 3 5 31 7 10 26 2.70999124060388841 14 33 4 13 26 8 9 14 13 6 24 6.96245171630185755 17 24 7 8 13 12 17 16 7 3 15 3 1 6 8 6 24 12 6 16 3.84646942076222631 1 25 8 13.2195649013323386 25 13.151007650947605 1 20 5 13 18 5 14 12 8 16 6 2 18.1301736831665039 236.786022542988462 
3.36768017929769181 6 4 18 5.34074699537910114 6.96245171630185755 15 16 11 14 22 10 17 19 4 11 2 2.70999124060388841 3.36768017929769181 15 12 9 20 2 4 13 1 2 28 13.151007650947605 6 6 9 1 26 6 17 8 5 5 22 12 3 16 1 10 25 13 1 32 8 9 24 1 16 26 7 15 30 4 22.0671929717063904 87.4175679057114365 
14 12 5 13 15 4 15 16 11 14 22 10 17 19 4 11 2 2.70999124060388841 3.36768017929769181 15 12 9 20 2 4 13 1 2 28 13.151007650947605 6 6 9 14 14 6 17 8 5 5 22 12 3 16 1 10 25 13 1 32 8 9 24 1 16 26 7 15 30 4 20.6978799104690552 118.405158065005224 
12 33 2 18 5.34074699537910114 6.96245171630185755 15 16 11 14 22 10 17 19 4 11 2 2.70999124060388841 3.36768017929769181 15 12 9 20 2 4 13 1 2 28 13.151007650947605 6 6 9 18 29 6.96245171630185755 17 8 5 5 22 12 3 16 1 10 25 13 1 32 8 9 24 1 16 26 7 15 30 4 24.8254469633102417 69.6545447750026199 
3 10 2 18 5.34074699537910114 6.96245171630185755 15 16 11 14 22 10 17 19 4 11 2 2.70999124060388841 3.36768017929769181 15 12 9 20 2 4 13 1 2 28 13.151007650947605 6 6 9 18 29 6.96245171630185755 17 1 4 5 22 12 3 16 1 10 25 13 1 32 8 9 24 1 16 26 7 15 30 4 26.2549169659614563 68.1581047578945487 
11 15 11 3.36768017929769181 6 2 15 32 5 14 22 10 17 19 4 11 2 2.70999124060388841 3.36768017929769181 15 12 9 20 2 4 13 1 2 28 13.151007650947605 6 6 9 14 1 6 17 8 5 5 22 12 3 16 1 10 25 13 1 32 8 9 24 1 16 26 7 15 30 4 21.159718930721283 92.531123125240768 
14 6 9 18 5.34074699537910114 6.96245171630185755 15 16 11 14 22 10 17 19 4 11 2 2.70999124060388841 3.36768017929769181 15 12 9 20 2 4 13 1 2 28 13.151007650947605 6 6 9 17 24 11 17 8 5 13 1 3 3 16 1 10 25 13 1 32 8 9 24 1 16 26 7 15 30 4 20.7525249719619751 116.866263883175634 
14 6 5 8 6 3 15 16 11 14 22 10 17 19 4 11 2 2.70999124060388841 3.36768017929769181 15 12 9 20 2 4 13 1 2 28 13.151007650947605 6 6 9 1 3 7 17 8 5 5 22 12 3 16 1 10 25 13 1 32 8 9 24 1 16 26 7 15 30 4 20.890407919883728 112.508325523031388 
12 25 2.70999124060388841 18 5.34074699537910114 6.96245171630185755 15 16 11 14 22 10 17 19 4 11 2 2.70999124060388841 3.36768017929769181 15 12 9 20 2 4 13 1 2 28 13.151007650947605 6 6 9 18 29 6.96245171630185755 17 8 5 5 22 12 3 16 1 10 25 13 1 32 8 9 24 1 16 26 7 15 30 4 24.1091020107269287 73.6120543042726183 
1 3 1 18 5.34074699537910114 6.96245171630185755 15 16 11 14 22 10 17 19 4 11 2 2.70999124060388841 3.36768017929769181 15 12 9 20 2 4 13 1 2 28 13.151007650947605 6 6 9 18 29 6.96245171630185755 17 8 5 5 22 12 3 16 1 10 25 13 1 32 8 9 24 1 16 26 7 15 30 4 24.2998230457305908 71.8029799246835267 
12 33 2 18 5.34074699537910114 6.96245171630185755 15 16 11 14 22 10 17 19 4 11 2 2.70999124060388841 3.36768017929769181 15 12 9 20 2 4 13 1 2 28 13.151007650947605 6 6 9 14 3 3 17 8 5 5 22 12 3 16 1 10 25 13 1 32 8 9 24 1 16 26 7 15 30 4 22.96207594871521 80.2818098938363107 
6 9 9 18 5.34074699537910114 6.96245171630185755 15 16 11 14 22 10 17 19 4 11 2 2.70999124060388841 3.36768017929769181 15 12 9 20 2 4 13 1 2 28 13.151007650947605 6 6 9 14 1 4 17 8 5 5 22 12 3 16 1 10 25 13 1 32 8 9 24 1 16 26 7 15 30 4 21.8023589849472046 90.1746535317126217 
6 15 8 18 5.34074699537910114 6.96245171630185755 15 16 11 14 22 10 17 19 4 11 2 2.70999124060388841 3.36768017929769181 15 12 9 20 2 4 13 1 2 28 13.151007650947605 6 6 9 18 29 6.96245171630185755 17 8 5 5 22 12 3 16 1 10 25 13 1 32 8 9 24 1 16 26 7 15 30 4 24.0948919057846069 73.8821312300510016 
4 14 2.70999124060388841 5 30 6.96245171630185755 15 16 11 14 22 10 17 19 4 11 2 2.70999124060388841 3.36768017929769181 15 12 9 20 2 4 13 1 2 28 13.151007650947605 6 6 9 18 29 6.96245171630185755 17 8 5 5 22 12 3 16 1 10 25 13 1 32 8 9 24 1 16 26 7 15 30 4 23.5618748664855957 75.6272138774968141 
12 28 2.70999124060388841 18 5.34074699537910114 6.96245171630185755 15 16 11 14 22 10 17 19 4 11 2 2.70999124060388841 3.36768017929769181 15 12 9 20 2 4 13 1 2 28 13.151007650947605 6 6 9 18 29 6.96245171630185755 17 8 5 5 22 12 3 16 1 10 25 13 1 32 8 9 24 1 16 26 7 15 30 4 24.6626189947128296 71.0347250123131317 
17 32 2 18 5.34074699537910114 6.96245171630185755 15 16 11 14 22 10 17 19 4 11 2 2.70999124060388841 3.36768017929769181 15 12 9 20 2 4 13 1 2 28 13.151007650947605 6 6 9 14 31 3 17 8 5 5 22 12 3 16 1 10 25 13 1 32 8 9 24 1 16 26 7 15 30 4 21.8962429761886597 89.2729194626828928 
9 20 2 1 32 13 15 16 11 14 22 10 17 19 4 11 2 2.70999124060388841 3.36768017929769181 15 12 9 20 2 4 13 1 2 28 13.151007650947605 6 6 9 18 29 6.96245171630185755 17 8 5 5 22 12 3 16 1 10 25 13 1 32 8 9 24 1 16 26 7 15 30 4 23.0252988338470459 75.7930084997081366 
3 10 2 18 5.34074699537910114 5 15 16 11 14 22 10 17 19 4 11 2 2.70999124060388841 3.36768017929769181 15 12 9 20 2 4 13 1 2 28 13.151007650947605 6 6 9 18 29 6.96245171630185755 17 8 5 5 22 12 3 16 1 10 25 13 1 32 8 9 24 1 16 26 7 15 30 4 26.6490799188613892 67.7521790385973901 
13 24 2.70999124060388841 18 5.34074699537910114 6.96245171630185755 15 16 11 14 22 10 17 19 4 11 2 2.70999124060388841 3.36768017929769181 15 12 9 20 2 4 13 1 2 28 13.151007650947605 6 6 9 1 1 3 17 8 5 5 22 12 3 16 1 10 25 13 1 32 8 9 24 1 16 26 7 15 30 4 22.0157880783081055 88.9110363833958388 
3 10 2 18 5.34074699537910114 6.96245171630185755 15 16 11 14 22 10 17 19 4 11 2 2.70999124060388841 3.36768017929769181 15 12 9 20 2 4 13 1 2 28 13.151007650947605 6 6 9 18 29 6.96245171630185755 17 8 5 5 22 12 3 16 1 10 25 13 1 32 8 9 24 1 16 26 7 15 30 4 26.7270798683166504 66.2699246144706962 
17 30 7 18 5.34074699537910114 6.96245171630185755 15 16 11 14 22 10 17 19 4 13 32 1 3.36768017929769181 15 12 9 20 2 4 13 1 2 28 13.151007650947605 6 6 9 17 30 10 12 19 6 5 22 12 3 16 1 10 25 13 1 32 8 9 24 1 16 26 7 15 30 4 20.943975031375885 101.839409513951693 
2 32 2 18 5.34074699537910114 6.96245171630185755 15 16 11 14 22 10 17 19 4 11 2 2.70999124060388841 3.36768017929769181 15 12 9 20 2 4 13 1 2 28 13.151007650947605 6 6 9 14 18 3 17 8 5 5 22 12 3 16 1 10 25 13 1 32 8 9 24 1 16 26 7 15 30 4 22.2212330102920532 84.3448822111729584 
12 31 2.70999124060388841 18 5.34074699537910114 6.96245171630185755 15 16 11 14 22 10 17 19 4 11 2 2.70999124060388841 3.36768017929769181 15 12 9 20 2 4 13 1 2 28 13.151007650947605 6 6 9 18 29 6.96245171630185755 17 8 5 5 22 12 3 16 1 10 25 13 1 32 8 9 24 1 16 26 7 15 30 4 24.0661770105361938 73.8933555746785657 
10 3 12 18 5.34074699537910114 6.96245171630185755 15 16 11 14 22 10 17 19 4 11 2 2.70999124060388841 3.36768017929769181 15 12 9 20 2 4 13 1 2 28 13.151007650947605 6 6 9 18 29 6.96245171630185755 17 8 5 5 22 12 3 16 1 10 25 13 1 32 8 9 24 1 16 26 7 15 30 4 24.7527310848236084 70.3379632945645881 
15 14 8 9 7 8 17 26 10 10 16 9 4 15 2.70999124060388841 15 9 11 12 30 13 1 23 11 14 31 6 1 12 7 2 16 3 3 6 4 6 1 8 16 23 1 12 12 2 14 16 4 9.25570237641795579 19 12 14 1 11 6 2 3.84646942076222631 1 3 10 19.69801265001297 171.64221415839063 
6 32 8 18 5.34074699537910114 6.96245171630185755 15 16 11 14 22 10 17 19 4 11 2 2.70999124060388841 3.36768017929769181 15 12 9 20 2 4 13 1 2 28 13.151007650947605 6 6 9 2 9 6 17 8 5 5 22 12 3 16 1 10 25 13 1 32 8 9 24 1 16 26 7 15 30 4 22.4920870065689087 82.6438508750158292 
4 2 2 18 5.34074699537910114 6.96245171630185755 15 16 11 14 22 10 17 19 4 11 2 2.70999124060388841 3.36768017929769181 15 12 9 20 2 4 13 1 2 28 13.151007650947605 6 6 9 18 29 6.96245171630185755 17 8 5 5 22 12 3 16 1 10 25 13 1 32 8 9 24 1 16 26 7 15 30 4 24.2975959777832031 72.4397534526491427 
14 32 8 18 5.34074699537910114 6.96245171630185755 15 16 11 14 22 10 17 19 4 11 2 2.70999124060388841 3.36768017929769181 15 12 9 20 2 4 13 1 2 28 13.151007650947605 6 6 9 18 29 6.96245171630185755 17 8 5 5 22 12 3 16 1 10 25 13 1 32 8 9 24 1 16 26 7 15 30 4 23.8515889644622803 75.368793951619125 
4 30 2.70999124060388841 18 5.34074699537910114 6.96245171630185755 15 16 11 14 22 10 17 19 4 11 2 2.70999124060388841 3.36768017929769181 15 12 9 20 2 4 13 1 2 28 13.151007650947605 6 6 9 18 29 6.96245171630185755 17 8 5 5 22 12 3 16 1 10 25 13 1 32 8 9 24 1 16 26 7 15 30 4 23.8984749317169189 74.0119265349699162 
12 14 2.70999124060388841 10 1 5 15 16 11 14 22 10 17 19 4 11 2 2.70999124060388841 3.36768017929769181 15 12 9 20 2 4 13 1 2 28 13.151007650947605 6 6 9 18 29 6.96245171630185755 17 8 5 5 22 12 3 16 1 10 25 13 1 32 8 9 24 1 16 26 7 15 30 4 23.649601936340332 75.6099284612316609 
15 20 3 6 31 7 15 16 11 14 22 10 17 19 4 11 2 2.70999124060388841 3.36768017929769181 15 12 9 20 2 4 13 1 2 28 13.151007650947605 6 6 9 6 32 6 17 8 5 5 22 12 3 16 1 10 25 13 1 32 8 9 24 1 16 26 7 15 30 4 20.8295449614524841 113.060436454209054 
15 26 1 1 5 12 5 6 12 6 30 11 3 31 10 14 32 11 10 2 13 6 17 3 1 15 7 17 25 2 3 24 4 14 6 2 1 1 8 17 32 10 2 15 11 6 9 4 6 33 12 16 6 2.70999124060388841 9 22 9 1 1 3 18.2898108065128326 191.363747363747308 
1 1 11 12 6 9 15 16 11 14 22 10 17 19 4 11 2 2.70999124060388841 3.36768017929769181 15 12 9 20 2 4 13 1 2 28 13.151007650947605 6 6 9 6 12 13 17 8 5 15 31 10 3 16 1 10 25 13 1 32 8 9 24 1 16 26 7 15 30 4 19.9102739095687866 129.879538366324482 
16 31 12 1 15 5 15 16 11 14 22 10 17 19 4 11 2 2.70999124060388841 3.36768017929769181 15 12 9 20 2 4 13 1 2 28 13.151007650947605 6 6 9 4 32 13 17 8 5 6 18 10 3 16 1 10 25 13 1 32 8 9 24 1 16 26 7 15 30 4 20.2419548034667969 122.486401957747205 

Current Evaluation = 20000000(20000000)
Front Size = 40
14 22 2 3.36768017929769181 28 1 2 6 10 3 30 1 13 18 4 17 16 13 16 30 6 9.25570237641795579 15 10 10 20 4 14 19 5 5 25 9 6 31 11 15 11 13 9 30 12 15 24 3.84646942076222631 4 20 2 14 15 10 15 9 4 1 30 9.82524131762891173 3 2 13 18.6443739533424377 185.129115329115336 
9 25 13 15 32 9 14 16 6 6 15 2 9 6 5 13 22 6 2 1 12 3 14 2 16 18 2 14 30 11 4 30 6 2 15 5 10 3 7 3 19 13 14 15 11 4 20 1 13 33 2.70999124060388841 4 24 2 2 13 12 17 6 6 18.9776518940925598 177.477459090617003 
3 10 2 18 5.34074699537910114 6.96245171630185755 15 16 11 14 22 10 17 19 4 11 2 2.70999124060388841 3.36768017929769181 15 12 9 20 2 4 13 1 2 28 13.151007650947605 6 6 9 18 29 6.96245171630185755 17 1 4 5 22 12 3 16 1 10 25 13 1 32 8 9 24 1 16 26 7 15 30 4 26.2549169659614563 68.1581047578945487 
11 15 11 3.36768017929769181 6 2 15 32 5 14 22 10 17 19 4 11 2 2.70999124060388841 3.36768017929769181 15 12 9 20 2 4 13 1 2 28 13.151007650947605 6 6 9 14 1 6 17 8 5 5 22 12 3 16 1 10 25 13 1 32 8 9 24 1 16 26 7 15 30 4 21.159718930721283 92.531123125240768 
1 3 1 18 5.34074699537910114 6.96245171630185755 15 16 11 14 22 10 17 19 4 11 2 2.70999124060388841 3.36768017929769181 15 12 9 20 2 4 13 1 2 28 13.151007650947605 6 6 9 18 29 6.96245171630185755 17 8 5 5 22 12 3 16 1 10 25 13 1 32 8 9 24 1 16 26 7 15 30 4 24.2998230457305908 71.8029799246835267 
12 33 2 18 5.34074699537910114 6.96245171630185755 15 16 11 14 22 10 17 19 4 11 2 2.70999124060388841 3.36768017929769181 15 12 9 20 2 4 13 1 2 28 13.151007650947605 6 6 9 14 3 3 17 8 5 5 22 12 3 16 1 10 25 13 1 32 8 9 24 1 16 26 7 15 30 4 22.96207594871521 80.2818098938363107 
6 9 9 18 5.34074699537910114 6.96245171630185755 15 16 11 14 22 10 17 19 4 11 2 2.70999124060388841 3.36768017929769181 15 12 9 20 2 4 13 1 2 28 13.151007650947605 6 6 9 14 1 4 17 8 5 5 22 12 3 16 1 10 25 13 1 32 8 9 24 1 16 26 7 15 30 4 21.8023589849472046 90.1746535317126217 
17 32 2 18 5.34074699537910114 6.96245171630185755 15 16 11 14 22 10 17 19 4 11 2 2.70999124060388841 3.36768017929769181 15 12 9 20 2 4 13 1 2 28 13.151007650947605 6 6 9 14 31 3 17 8 5 5 22 12 3 16 1 10 25 13 1 32 8 9 24 1 16 26 7 15 30 4 21.8962429761886597 89.2729194626828928 
9 20 2 1 32 13 15 16 11 14 22 10 17 19 4 11 2 2.70999124060388841 3.36768017929769181 15 12 9 20 2 4 13 1 2 28 13.151007650947605 6 6 9 18 29 6.96245171630185755 17 8 5 5 22 12 3 16 1 10 25 13 1 32 8 9 24 1 16 26 7 15 30 4 23.0252988338470459 75.7930084997081366 
3 10 2 18 5.34074699537910114 5 15 16 11 14 22 10 17 19 4 11 2 2.70999124060388841 3.36768017929769181 15 12 9 20 2 4 13 1 2 28 13.151007650947605 6 6 9 18 29 6.96245171630185755 17 8 5 5 22 12 3 16 1 10 25 13 1 32 8 9 24 1 16 26 7 15 30 4 26.6490799188613892 67.7521790385973901 
3 10 2 18 5.34074699537910114 6.96245171630185755 15 16 11 14 22 10 17 19 4 11 2 2.70999124060388841 3.36768017929769181 15 12 9 20 2 4 13 1 2 28 13.151007650947605 6 6 9 18 29 6.96245171630185755 17 8 5 5 22 12 3 16 1 10 25 13 1 32 8 9 24 1 16 26 7 15 30 4 26.7270798683166504 66.2699246144706962 
17 30 7 18 5.34074699537910114 6.96245171630185755 15 16 11 14 22 10 17 19 4 13 32 1 3.36768017929769181 15 12 9 20 2 4 13 1 2 28 13.151007650947605 6 6 9 17 30 10 12 19 6 5 22 12 3 16 1 10 25 13 1 32 8 9 24 1 16 26 7 15 30 4 20.943975031375885 101.839409513951693 
2 32 2 18 5.34074699537910114 6.96245171630185755 15 16 11 14 22 10 17 19 4 11 2 2.70999124060388841 3.36768017929769181 15 12 9 20 2 4 13 1 2 28 13.151007650947605 6 6 9 14 18 3 17 8 5 5 22 12 3 16 1 10 25 13 1 32 8 9 24 1 16 26 7 15 30 4 22.2212330102920532 84.3448822111729584 
6 32 8 18 5.34074699537910114 6.96245171630185755 15 16 11 14 22 10 17 19 4 11 2 2.70999124060388841 3.36768017929769181 15 12 9 20 2 4 13 1 2 28 13.151007650947605 6 6 9 2 9 6 17 8 5 5 22 12 3 16 1 10 25 13 1 32 8 9 24 1 16 26 7 15 30 4 22.4920870065689087 82.6438508750158292 
4 2 2 18 5.34074699537910114 6.96245171630185755 15 16 11 14 22 10 17 19 4 11 2 2.70999124060388841 3.36768017929769181 15 12 9 20 2 4 13 1 2 28 13.151007650947605 6 6 9 18 29 6.96245171630185755 17 8 5 5 22 12 3 16 1 10 25 13 1 32 8 9 24 1 16 26 7 15 30 4 24.2975959777832031 72.4397534526491427 
4 30 2.70999124060388841 18 5.34074699537910114 6.96245171630185755 15 16 11 14 22 10 17 19 4 11 2 2.70999124060388841 3.36768017929769181 15 12 9 20 2 4 13 1 2 28 13.151007650947605 6 6 9 18 29 6.96245171630185755 17 8 5 5 22 12 3 16 1 10 25 13 1 32 8 9 24 1 16 26 7 15 30 4 23.8984749317169189 74.0119265349699162 
15 26 1 1 5 12 5 6 12 6 30 11 3 31 10 14 32 11 10 2 13 6 17 3 1 15 7 17 25 2 3 24 4 14 6 2 1 1 8 17 32 10 2 15 11 6 9 4 6 33 12 16 6 2.70999124060388841 9 22 9 1 1 3 18.2898108065128326 191.363747363747308 
1 1 11 12 6 9 15 16 11 14 22 10 17 19 4 11 2 2.70999124060388841 3.36768017929769181 15 12 9 20 2 4 13 1 2 28 13.151007650947605 6 6 9 6 12 13 17 8 5 15 31 10 3 16 1 10 25 13 1 32 8 9 24 1 16 26 7 15 30 4 19.9102739095687866 129.879538366324482 
1 24 3 18 5.34074699537910114 6.96245171630185755 15 16 11 14 22 10 17 19 4 11 2 2.70999124060388841 3.36768017929769181 15 12 9 20 2 4 13 1 2 28 13.151007650947605 6 6 9 16 19 4 17 8 5 5 22 12 3 16 1 10 25 13 1 32 8 9 24 1 16 26 7 15 30 4 22.270535945892334 83.7013074245307536 
3 9 9 14 6 10 15 16 11 14 22 10 17 19 4 11 2 2.70999124060388841 3.36768017929769181 15 12 9 20 2 4 13 1 14 31 5 6 6 9 3.36768017929769181 9 12 17 8 5 5 22 12 3 16 1 10 25 13 1 32 8 9 24 1 16 26 7 15 30 4 20.0533519089221954 128.211362891158274 
16 25 7 18 5.34074699537910114 6.96245171630185755 15 16 11 14 22 10 17 19 4 11 2 2.70999124060388841 3.36768017929769181 15 12 9 20 2 4 13 1 14 24 9 6 6 9 14 1 1 17 8 5 4 18 3 3 16 1 10 25 13 1 32 8 9 24 1 16 26 7 15 30 4 20.1392189264297485 121.239220470957903 
15 1 7 18 5.34074699537910114 6.96245171630185755 15 16 11 14 22 10 17 19 4 11 2 2.70999124060388841 3.36768017929769181 15 12 9 20 2 4 13 1 2 28 13.151007650947605 6 6 9 16 18 2 14 9 10 4 1 3 3 16 1 10 25 13 1 32 8 9 24 1 16 26 7 15 30 4 20.8982399702072144 105.210930181002183 
3 15 2 18 5.34074699537910114 6.96245171630185755 15 16 11 14 22 10 17 19 4 11 2 2.70999124060388841 3.36768017929769181 15 12 9 20 2 4 13 1 2 28 13.151007650947605 6 6 9 14 31 9 17 8 5 5 22 12 3 16 1 10 25 13 1 32 8 9 24 1 16 26 7 15 30 4 21.9207310080528259 86.738994399375926 
4 2 2 18 5.34074699537910114 6.96245171630185755 15 16 11 14 22 10 17 19 4 11 2 2.70999124060388841 3.36768017929769181 15 12 9 20 2 4 13 1 2 28 13.151007650947605 6 6 9 14 31 4 17 8 5 5 22 12 3 16 1 10 25 13 1 32 8 9 24 1 16 26 7 15 30 4 22.0959629714488983 85.1410511057570005 
16 1 3 18 5.34074699537910114 6.96245171630185755 15 16 11 14 22 10 17 19 4 11 2 2.70999124060388841 3.36768017929769181 15 12 9 20 2 4 13 1 2 28 13.151007650947605 6 6 9 14 31 6 17 8 5 5 22 12 3 16 1 10 25 13 1 32 8 9 24 1 16 26 7 15 30 4 22.0172990560531616 86.6220156452397703 
14 24 12 9 12 3 14 17 4 12 31 10 4 14 4 13 24 2 4 26 10 3.36768017929769181 20 11 10 28 13 4 22 11 9.25570237641795579 31 7 4 19 7 14 31 10 4.94126535182462057 6 5 1 5 9 15 18 1 6 16 4 1 28 8 15 30 4 1 31 8 18.2723869681358337 224.870601087938553 
12 20 2.70999124060388841 2 31 7 15 16 11 14 22 10 17 19 4 11 2 2.70999124060388841 3.36768017929769181 15 12 9 20 2 4 13 1 2 28 13.151007650947605 6 6 9 18 29 6.96245171630185755 17 8 5 5 22 12 3 16 1 10 25 13 1 32 8 9 24 1 16 26 7 15 30 4 22.9987919330596924 79.3257181001303167 
12 2 2 18 5.34074699537910114 6.96245171630185755 15 16 11 14 22 10 17 19 4 11 2 2.70999124060388841 3.36768017929769181 15 12 9 20 2 4 13 1 2 28 13.151007650947605 6 6 9 18 29 6.96245171630185755 17 8 5 5 22 12 3 16 1 10 25 13 1 32 8 9 24 1 16 26 7 15 30 4 24.3650189638137817 69.5084675432169092 
3 12 2 17 31 5 15 16 11 14 22 10 17 19 4 11 2 2.70999124060388841 3.36768017929769181 15 12 9 20 2 4 13 1 2 28 13.151007650947605 6 6 9 18 29 6.96245171630185755 17 8 5 5 22 12 3 16 1 10 25 13 1 32 8 9 24 1 16 26 7 15 30 4 22.9110658764839172 81.4152842299901067 
6 32 13 18 5.34074699537910114 6.96245171630185755 15 16 11 14 22 10 17 19 4 11 2 2.70999124060388841 3.36768017929769181 15 12 9 20 2 4 13 1 2 28 13.151007650947605 6 6 9 18 29 6.96245171630185755 17 8 5 5 22 12 3 16 1 10 25 13 1 32 8 9 24 1 16 26 7 15 30 4 23.9660569429397583 73.0732139637880636 
13 5 9 14 30 4 15 16 11 14 22 10 17 19 4 11 2 2.70999124060388841 3.36768017929769181 15 12 9 20 2 4 13 1 2 28 13.151007650947605 6 6 9 4 18 7 17 8 5 5 22 12 3 16 1 10 25 13 1 32 8 9 24 1 16 26 7 15 30 4 20.6605499088764191 113.941471509590187 
14 11 8 6 25 7 15 16 11 14 22 10 17 19 4 11 2 2.70999124060388841 3.36768017929769181 15 12 9 20 2 4 13 1 14 31 5 6 6 9 12 28 6 17 8 5 5 22 12 3 16 1 10 25 13 1 32 8 9 24 1 16 26 7 15 30 4 20.8147668242454529 112.461625710890416 
3 10 2 18 5.34074699537910114 6.96245171630185755 1 1 7 14 22 10 17 19 4 11 2 2.70999124060388841 3.36768017929769181 15 12 9 20 2 4 13 1 2 28 13.151007650947605 6 6 9 18 29 6.96245171630185755 17 8 5 5 22 12 3 16 1 10 25 13 1 32 8 9 24 1 16 26 7 15 30 4 26.2621399164199829 67.9842748250035527 
14 16 8 15 30 6 15 8 9 1 18 12 13 13 2 8 2 3 9 9 11 14 1 5 12 20 8 13 30 2.70999124060388841 1 25 6 2 31 8 13 24 5 14 16 3 12 6 12 3 26 6 4 24 5 13 14 7 14 23 7 15 16.1354543567662532 13 18.0746638774871826 229.894341236678684 
16 24 2 13 7 7 15 16 11 14 22 10 17 19 4 6 18 13 15 1 8 9 20 2 4 13 1 2 28 13.151007650947605 6 6 9 12 31 8 17 8 5 6 6 9 3 16 1 10 25 13 1 32 8 9 24 1 16 26 7 15 30 4 19.4072428941726685 130.505137438007949 
3.36768017929769181 5 2 14 28 6 15 16 11 14 22 10 17 19 4 11 2 2.70999124060388841 3.36768017929769181 15 12 9 20 2 4 13 1 2 28 13.151007650947605 6 6 9 18 29 6.96245171630185755 17 8 5 5 22 12 3 16 1 10 25 13 1 32 8 9 24 1 16 26 7 15 30 4 23.5425288677215576 74.6469474580650996 
3 32 4 13 9 2 15 16 11 14 22 10 17 19 4 11 2 2.70999124060388841 3.36768017929769181 15 12 9 20 2 4 13 1 2 28 13.151007650947605 6 6 9 15 1 5 17 8 5 5 22 12 3 16 1 10 25 13 1 32 8 9 24 1 16 26 7 15 30 4 21.0520768761634827 101.229744348602452 
1 32 1 18 5.34074699537910114 6.96245171630185755 15 16 11 14 22 10 17 19 4 11 2 2.70999124060388841 3.36768017929769181 15 12 9 20 2 4 13 1 2 28 13.151007650947605 6 6 9 18 29 6.96245171630185755 17 8 5 5 22 12 3 16 1 10 25 13 1 32 8 9 24 1 16 26 7 15 30 4 24.0717639923095703 72.4411523173195491 
12 12 2.70999124060388841 18 5.34074699537910114 6.96245171630185755 15 16 11 14 22 10 17 19 4 11 2 2.70999124060388841 3.36768017929769181 15 12 9 20 2 4 13 1 2 28 13.151007650947605 6 6 9 18 29 6.96245171630185755 17 8 5 5 22 12 3 16 1 10 25 13 1 32 8 9 24 1 16 26 7 15 30 4 24.0634769201278687 72.7491592927134434 
14 31 8 4 18 13 3 6 9 17 2 10 15 31 2.70999124060388841 6 19 5 1 5 1 15 17 3 10 14 12 15 18 11 12 11 6.96245171630185755 15 25 6 14 5 8 17 30 3 13 30 10 13 16 4 16 20 3 15 30 3 14 9 3 6 31 7 17.8643630743026733 292.160203898361772 

Current Evaluation = 30000000(30000000)
Front Size = 42
14 22 2 3.36768017929769181 28 1 2 6 10 3 30 1 13 18 4 17 16 13 16 30 6 9.25570237641795579 15 10 10 20 4 14 19 5 5 25 9 6 31 11 15 11 13 9 30 12 15 24 3.84646942076222631 4 20 2 14 15 10 15 9 4 1 30 9.82524131762891173 3 2 13 18.6443739533424377 185.129115329115336 
9 25 13 15 32 9 14 16 6 6 15 2 9 6 5 13 22 6 2 1 12 3 14 2 16 18 2 14 30 11 4 30 6 2 15 5 10 3 7 3 19 13 14 15 11 4 20 1 13 33 2.70999124060388841 4 24 2 2 13 12 17 6 6 18.9776518940925598 177.477459090617003 
3 10 2 18 5.34074699537910114 6.96245171630185755 15 16 11 14 22 10 17 19 4 11 2 2.70999124060388841 3.36768017929769181 15 12 9 20 2 4 13 1 2 28 13.151007650947605 6 6 9 18 29 6.96245171630185755 17 1 4 5 22 12 3 16 1 10 25 13 1 32 8 9 24 1 16 26 7 15 30 4 26.2549169659614563 68.1581047578945487 
11 15 11 3.36768017929769181 6 2 15 32 5 14 22 10 17 19 4 11 2 2.70999124060388841 3.36768017929769181 15 12 9 20 2 4 13 1 2 28 13.151007650947605 6 6 9 14 1 6 17 8 5 5 22 12 3 16 1 10 25 13 1 32 8 9 24 1 16 26 7 15 30 4 21.159718930721283 92.531123125240768 
12 33 2 18 5.34074699537910114 6.96245171630185755 15 16 11 14 22 10 17 19 4 11 2 2.70999124060388841 3.36768017929769181 15 12 9 20 2 4 13 1 2 28 13.151007650947605 6 6 9 14 3 3 17 8 5 5 22 12 3 16 1 10 25 13 1 32 8 9 24 1 16 26 7 15 30 4 22.96207594871521 80.2818098938363107 
6 9 9 18 5.34074699537910114 6.96245171630185755 15 16 11 14 22 10 17 19 4 11 2 2.70999124060388841 3.36768017929769181 15 12 9 20 2 4 13 1 2 28 13.151007650947605 6 6 9 14 1 4 17 8 5 5 22 12 3 16 1 10 25 13 1 32 8 9 24 1 16 26 7 15 30 4 21.8023589849472046 90.1746535317126217 
17 32 2 18 5.34074699537910114 6.96245171630185755 15 16 11 14 22 10 17 19 4 11 2 2.70999124060388841 3.36768017929769181 15 12 9 20 2 4 13 1 2 28 13.151007650947605 6 6 9 14 31 3 17 8 5 5 22 12 3 16 1 10 25 13 1 32 8 9 24 1 16 26 7 15 30 4 21.8962429761886597 89.2729194626828928 
9 20 2 1 32 13 15 16 11 14 22 10 17 19 4 11 2 2.70999124060388841 3.36768017929769181 15 12 9 20 2 4 13 1 2 28 13.151007650947605 6 6 9 18 29 6.96245171630185755 17 8 5 5 22 12 3 16 1 10 25 13 1 32 8 9 24 1 16 26 7 15 30 4 23.0252988338470459 75.7930084997081366 
3 10 2 18 5.34074699537910114 5 15 16 11 14 22 10 17 19 4 11 2 2.70999124060388841 3.36768017929769181 15 12 9 20 2 4 13 1 2 28 13.151007650947605 6 6 9 18 29 6.96245171630185755 17 8 5 5 22 12 3 16 1 10 25 13 1 32 8 9 24 1 16 26 7 15 30 4 26.6490799188613892 67.7521790385973901 
2 32 2 18 5.34074699537910114 6.96245171630185755 15 16 11 14 22 10 17 19 4 11 2 2.70999124060388841 3.36768017929769181 15 12 9 20 2 4 13 1 2 28 13.151007650947605 6 6 9 14 18 3 17 8 5 5 22 12 3 16 1 10 25 13 1 32 8 9 24 1 16 26 7 15 30 4 22.2212330102920532 84.3448822111729584 
6 32 8 18 5.34074699537910114 6.96245171630185755 15 16 11 14 22 10 17 19 4 11 2 2.70999124060388841 3.36768017929769181 15 12 9 20 2 4 13 1 2 28 13.151007650947605 6 6 9 2 9 6 17 8 5 5 22 12 3 16 1 10 25 13 1 32 8 9 24 1 16 26 7 15 30 4 22.4920870065689087 82.6438508750158292 
4 30 2.70999124060388841 18 5.34074699537910114 6.96245171630185755 15 16 11 14 22 10 17 19 4 11 2 2.70999124060388841 3.36768017929769181 15 12 9 20 2 4 13 1 2 28 13.151007650947605 6 6 9 18 29 6.96245171630185755 17 8 5 5 22 12 3 16 1 10 25 13 1 32 8 9 24 1 16 26 7 15 30 4 23.8984749317169189 74.0119265349699162 
15 26 1 1 5 12 5 6 12 6 30 11 3 31 10 14 32 11 10 2 13 6 17 3 1 15 7 17 25 2 3 24 4 14 6 2 1 1 8 17 32 10 2 15 11 6 9 4 6 33 12 16 6 2.70999124060388841 9 22 9 1 1 3 18.2898108065128326 191.363747363747308 
1 1 11 12 6 9 15 16 11 14 22 10 17 19 4 11 2 2.70999124060388841 3.36768017929769181 15 12 9 20 2 4 13 1 2 28 13.151007650947605 6 6 9 6 12 13 17 8 5 15 31 10 3 16 1 10 25 13 1 32 8 9 24 1 16 26 7 15 30 4 19.9102739095687866 129.879538366324482 
1 24 3 18 5.34074699537910114 6.96245171630185755 15 16 11 14 22 10 17 19 4 11 2 2.70999124060388841 3.36768017929769181 15 12 9 20 2 4 13 1 2 28 13.151007650947605 6 6 9 16 19 4 17 8 5 5 22 12 3 16 1 10 25 13 1 32 8 9 24 1 16 26 7 15 30 4 22.270535945892334 83.7013074245307536 
3 9 9 14 6 10 15 16 11 14 22 10 17 19 4 11 2 2.70999124060388841 3.36768017929769181 15 12 9 20 2 4 13 1 14 31 5 6 6 9 3.36768017929769181 9 12 17 8 5 5 22 12 3 16 1 10 25 13 1 32 8 9 24 1 16 26 7 15 30 4 20.0533519089221954 128.211362891158274 
16 25 7 18 5.34074699537910114 6.96245171630185755 15 16 11 14 22 10 17 19 4 11 2 2.70999124060388841 3.36768017929769181 15 12 9 20 2 4 13 1 14 24 9 6 6 9 14 1 1 17 8 5 4 18 3 3 16 1 10 25 13 1 32 8 9 24 1 16 26 7 15 30 4 20.1392189264297485 121.239220470957903 
3 15 2 18 5.34074699537910114 6.96245171630185755 15 16 11 14 22 10 17 19 4 11 2 2.70999124060388841 3.36768017929769181 15 12 9 20 2 4 13 1 2 28 13.151007650947605 6 6 9 14 31 9 17 8 5 5 22 12 3 16 1 10 25 13 1 32 8 9 24 1 16 26 7 15 30 4 21.9207310080528259 86.738994399375926 
4 2 2 18 5.34074699537910114 6.96245171630185755 15 16 11 14 22 10 17 19 4 11 2 2.70999124060388841 3.36768017929769181 15 12 9 20 2 4 13 1 2 28 13.151007650947605 6 6 9 14 31 4 17 8 5 5 22 12 3 16 1 10 25 13 1 32 8 9 24 1 16 26 7 15 30 4 22.0959629714488983 85.1410511057570005 
12 20 2.70999124060388841 2 31 7 15 16 11 14 22 10 17 19 4 11 2 2.70999124060388841 3.36768017929769181 15 12 9 20 2 4 13 1 2 28 13.151007650947605 6 6 9 18 29 6.96245171630185755 17 8 5 5 22 12 3 16 1 10 25 13 1 32 8 9 24 1 16 26 7 15 30 4 22.9987919330596924 79.3257181001303167 
12 2 2 18 5.34074699537910114 6.96245171630185755 15 16 11 14 22 10 17 19 4 11 2 2.70999124060388841 3.36768017929769181 15 12 9 20 2 4 13 1 2 28 13.151007650947605 6 6 9 18 29 6.96245171630185755 17 8 5 5 22 12 3 16 1 10 25 13 1 32 8 9 24 1 16 26 7 15 30 4 24.3650189638137817 69.5084675432169092 
13 5 9 14 30 4 15 16 11 14 22 10 17 19 4 11 2 2.70999124060388841 3.36768017929769181 15 12 9 20 2 4 13 1 2 28 13.151007650947605 6 6 9 4 18 7 17 8 5 5 22 12 3 16 1 10 25 13 1 32 8 9 24 1 16 26 7 15 30 4 20.6605499088764191 113.941471509590187 
3 10 2 18 5.34074699537910114 6.96245171630185755 1 1 7 14 22 10 17 19 4 11 2 2.70999124060388841 3.36768017929769181 15 12 9 20 2 4 13 1 2 28 13.151007650947605 6 6 9 18 29 6.96245171630185755 17 8 5 5 22 12 3 16 1 10 25 13 1 32 8 9 24 1 16 26 7 15 30 4 26.2621399164199829 67.9842748250035527 
14 16 8 15 30 6 15 8 9 1 18 12 13 13 2 8 2 3 9 9 11 14 1 5 12 20 8 13 30 2.70999124060388841 1 25 6 2 31 8 13 24 5 14 16 3 12 6 12 3 26 6 4 24 5 13 14 7 14 23 7 15 16.1354543567662532 13 18.0746638774871826 229.894341236678684 
16 24 2 13 7 7 15 16 11 14 22 10 17 19 4 6 18 13 15 1 8 9 20 2 4 13 1 2 28 13.151007650947605 6 6 9 12 31 8 17 8 5 6 6 9 3 16 1 10 25 13 1 32 8 9 24 1 16 26 7 15 30 4 19.4072428941726685 130.505137438007949 
3.36768017929769181 5 2 14 28 6 15 16 11 14 22 10 17 19 4 11 2 2.70999124060388841 3.36768017929769181 15 12 9 20 2 4 13 1 2 28 13.151007650947605 6 6 9 18 29 6.96245171630185755 17 8 5 5 22 12 3 16 1 10 25 13 1 32 8 9 24 1 16 26 7 15 30 4 23.5425288677215576 74.6469474580650996 
3 6 4 6 24 7 1 31 6 3 18 10 4 6 1 14 24 8 13 24 2.70999124060388841 2 2 6.96245171630185755 12 17 6 6 24 3 5 1 9 3 24 12 16 6 5 4 20 11 17 17 7 6 9 3.84646942076222631 4 16 10 14 25 9.82524131762891173 17.8244721320812971 28 13 14 28 9 18.0175269246101379 243.992505155662997 
6 3 1 18 5.34074699537910114 6.96245171630185755 15 16 11 14 22 10 17 19 4 11 2 2.70999124060388841 3.36768017929769181 15 12 9 20 2 4 13 1 2 28 13.151007650947605 6 6 9 18 29 6.96245171630185755 17 8 5 5 22 12 3 16 1 10 25 13 1 32 8 9 24 1 16 26 7 15 30 4 24.276115894317627 71.386615635653996 
1 32 12 18 5.34074699537910114 6.96245171630185755 15 16 11 14 22 10 17 19 4 11 2 2.70999124060388841 3.36768017929769181 15 12 9 20 2 4 13 1 2 28 13.151007650947605 6 6 9 18 29 6.96245171630185755 17 8 5 5 22 12 3 16 1 10 25 13 1 32 8 9 24 1 16 26 7 15 30 4 23.9897639751434326 72.722366083980603 
15 2 1 17 14 2 1 12 2.70999124060388841 9.25570237641795579 30 8 14 14 2 3 13 3.84646942076222631 1 20 5 16 24 3 17 26 2 1 11 6 5 14 4 6 20 11 4 15 7 12 1 13 3 24 7 4 26 3 3 26 9 13.2195649013323386 3 6 17.8244721320812971 31 12 14 30 4 17.5769319832324982 249.326522785377563 
3 32 2 18 5.34074699537910114 6.96245171630185755 15 16 11 14 22 10 17 19 4 11 2 2.70999124060388841 3.36768017929769181 15 12 9 20 2 4 13 1 2 28 13.151007650947605 6 6 9 14 32 3 17 8 5 5 22 12 3 16 1 10 25 13 1 32 8 9 24 1 16 26 7 15 30 4 21.9713230133056641 85.2476760986428985 
3.36768017929769181 12 13 14 3 4 6 31 13 11 32 6 14 25 11 1 17 2 14 32 5 15 1 6.96245171630185755 1 31 9 15 17 3 16 18 3 8 25 10 12 14 5 8 30 2 13 12 3 14 32 1 3 26 7 4 15 9 16 12 3.84646942076222631 14 15 7 16.742401123046875 267.24206202294431 
16 24 9 6 1 2 15 16 11 14 22 10 17 19 4 11 2 2.70999124060388841 3.36768017929769181 15 12 9 20 2 4 13 1 2 28 13.151007650947605 6 6 9 6 12 9 17 8 5 5 22 12 3 16 1 10 25 13 1 32 8 9 24 1 16 26 7 15 30 4 20.6235768795013428 117.872834929736243 
9 28 2 18 5.34074699537910114 6.96245171630185755 15 16 11 14 22 10 17 19 4 11 2 2.70999124060388841 3.36768017929769181 15 12 9 20 2 4 13 1 2 28 13.151007650947605 6 6 9 18 29 6.96245171630185755 17 8 5 5 22 12 3 16 1 10 25 13 1 32 8 9 24 1 16 26 7 15 30 4 24.7872819900512695 69.2807550897794471 
6 32 1 18 5.34074699537910114 6.96245171630185755 15 16 11 14 22 10 17 19 4 11 2 2.70999124060388841 3.36768017929769181 15 12 9 20 2 4 13 1 2 28 13.151007650947605 6 6 9 18 29 6.96245171630185755 17 8 5 5 22 12 3 16 1 10 25 13 1 32 8 9 24 1 16 26 7 15 30 4 24.048056960105896 71.9199167480297916 
16 32 5 17 28 8 14 11 5 14 18 9 13 15 5 15 26 9 12 32 1 12 6 4 8 30 10 17 12 3 4 20 1 15 14 9 3 3 12 13 6 8 15 20 9 10 9 13 14 24 2 11 15 2.70999124060388841 5 20 7 2 24 9 18.0820500254631042 214.661147177555904 
9 25 12 14 26 9 15 16 11 14 22 10 17 19 4 11 2 2.70999124060388841 3.36768017929769181 15 12 9 20 2 4 13 1 2 28 13.151007650947605 6 6 9 18 29 6.96245171630185755 17 8 5 5 22 12 3 16 1 10 25 13 1 32 8 9 24 1 16 26 7 15 30 4 22.8382869064807892 81.1368601941711631 
12 30 2.70999124060388841 18 5.34074699537910114 6.96245171630185755 15 16 11 14 22 10 17 19 4 11 2 2.70999124060388841 3.36768017929769181 15 12 9 20 2 4 13 1 2 28 13.151007650947605 6 6 9 18 29 6.96245171630185755 17 8 5 5 22 12 3 16 1 10 25 13 1 32 8 9 24 1 16 26 7 15 30 4 23.9658980369567871 73.0403356648101578 
16 20 2.70999124060388841 18 5.34074699537910114 6.96245171630185755 15 16 11 14 22 10 17 19 4 6 31 9 3.36768017929769181 15 12 9 20 2 4 13 1 2 28 13.151007650947605 6 6 9 15 31 6 17 8 5 5 22 12 3 16 1 10 25 13 1 32 8 9 24 1 16 26 7 15 30 4 21.0673150420188904 94.7569581790837674 
3 10 2 18 5.34074699537910114 6.96245171630185755 15 16 11 14 22 10 17 19 4 11 2 2.70999124060388841 3.36768017929769181 15 12 9 20 2 4 13 1 2 28 13.151007650947605 6 6 9 18 29 6.96245171630185755 17 8 5 5 22 12 3 16 1 10 25 13 1 32 8 9 24 1 16 26 7 15 30 4 26.7270798683166504 66.1793020740112325 
12 12 4 2 6 4 15 16 11 14 22 10 17 19 4 11 2 2.70999124060388841 3.36768017929769181 15 12 9 20 2 4 13 1 2 28 13.151007650947605 6 6 9 1 1 4 17 8 5 5 22 12 3 16 1 10 25 13 1 32 8 9 24 1 16 26 7 15 30 4 20.8592129945755005 95.4206729273511485 
12 32 5 18 5.34074699537910114 6.96245171630185755 15 16 11 14 22 10 17 19 4 11 2 2.70999124060388841 3.36768017929769181 15 12 9 20 2 4 13 1 2 28 13.151007650947605 6 6 9 14 24 2.70999124060388841 17 8 5 14 32 2 3 16 1 10 25 13 1 32 8 9 24 1 16 26 7 15 30 4 20.7098759412765503 108.177425251705614 

Current Evaluation = 40000000(40000000)
Front Size = 44
14 22 2 3.36768017929769181 28 1 2 6 10 3 30 1 13 18 4 17 16 13 16 30 6 9.25570237641795579 15 10 10 20 4 14 19 5 5 25 9 6 31 11 15 11 13 9 30 12 15 24 3.84646942076222631 4 20 2 14 15 10 15 9 4 1 30 9.82524131762891173 3 2 13 18.6443739533424377 185.129115329115336 
9 25 13 15 32 9 14 16 6 6 15 2 9 6 5 13 22 6 2 1 12 3 14 2 16 18 2 14 30 11 4 30 6 2 15 5 10 3 7 3 19 13 14 15 11 4 20 1 13 33 2.70999124060388841 4 24 2 2 13 12 17 6 6 18.9776518940925598 177.477459090617003 
3 10 2 18 5.34074699537910114 6.96245171630185755 15 16 11 14 22 10 17 19 4 11 2 2.70999124060388841 3.36768017929769181 15 12 9 20 2 4 13 1 2 28 13.151007650947605 6 6 9 18 29 6.96245171630185755 17 1 4 5 22 12 3 16 1 10 25 13 1 32 8 9 24 1 16 26 7 15 30 4 26.2549169659614563 68.1581047578945487 
11 15 11 3.36768017929769181 6 2 15 32 5 14 22 10 17 19 4 11 2 2.70999124060388841 3.36768017929769181 15 12 9 20 2 4 13 1 2 28 13.151007650947605 6 6 9 14 1 6 17 8 5 5 22 12 3 16 1 10 25 13 1 32 8 9 24 1 16 26 7 15 30 4 21.159718930721283 92.531123125240768 
9 20 2 1 32 13 15 16 11 14 22 10 17 19 4 11 2 2.70999124060388841 3.36768017929769181 15 12 9 20 2 4 13 1 2 28 13.151007650947605 6 6 9 18 29 6.96245171630185755 17 8 5 5 22 12 3 16 1 10 25 13 1 32 8 9 24 1 16 26 7 15 30 4 23.0252988338470459 75.7930084997081366 
3 10 2 18 5.34074699537910114 5 15 16 11 14 22 10 17 19 4 11 2 2.70999124060388841 3.36768017929769181 15 12 9 20 2 4 13 1 2 28 13.151007650947605 6 6 9 18 29 6.96245171630185755 17 8 5 5 22 12 3 16 1 10 25 13 1 32 8 9 24 1 16 26 7 15 30 4 26.6490799188613892 67.7521790385973901 
6 32 8 18 5.34074699537910114 6.96245171630185755 15 16 11 14 22 10 17 19 4 11 2 2.70999124060388841 3.36768017929769181 15 12 9 20 2 4 13 1 2 28 13.151007650947605 6 6 9 2 9 6 17 8 5 5 22 12 3 16 1 10 25 13 1 32 8 9 24 1 16 26 7 15 30 4 22.4920870065689087 82.6438508750158292 
15 26 1 1 5 12 5 6 12 6 30 11 3 31 10 14 32 11 10 2 13 6 17 3 1 15 7 17 25 2 3 24 4 14 6 2 1 1 8 17 32 10 2 15 11 6 9 4 6 33 12 16 6 2.70999124060388841 9 22 9 1 1 3 18.2898108065128326 191.363747363747308 
1 1 11 12 6 9 15 16 11 14 22 10 17 19 4 11 2 2.70999124060388841 3.36768017929769181 15 12 9 20 2 4 13 1 2 28 13.151007650947605 6 6 9 6 12 13 17 8 5 15 31 10 3 16 1 10 25 13 1 32 8 9 24 1 16 26 7 15 30 4 19.9102739095687866 129.879538366324482 
3 9 9 14 6 10 15 16 11 14 22 10 17 19 4 11 2 2.70999124060388841 3.36768017929769181 15 12 9 20 2 4 13 1 14 31 5 6 6 9 3.36768017929769181 9 12 17 8 5 5 22 12 3 16 1 10 25 13 1 32 8 9 24 1 16 26 7 15 30 4 20.0533519089221954 128.211362891158274 
16 25 7 18 5.34074699537910114 6.96245171630185755 15 16 11 14 22 10 17 19 4 11 2 2.70999124060388841 3.36768017929769181 15 12 9 20 2 4 13 1 14 24 9 6 6 9 14 1 1 17 8 5 4 18 3 3 16 1 10 25 13 1 32 8 9 24 1 16 26 7 15 30 4 20.1392189264297485 121.239220470957903 
3 15 2 18 5.34074699537910114 6.96245171630185755 15 16 11 14 22 10 17 19 4 11 2 2.70999124060388841 3.36768017929769181 15 12 9 20 2 4 13 1 2 28 13.151007650947605 6 6 9 14 31 9 17 8 5 5 22 12 3 16 1 10 25 13 1 32 8 9 24 1 16 26 7 15 30 4 21.9207310080528259 86.738994399375926 
4 2 2 18 5.34074699537910114 6.96245171630185755 15 16 11 14 22 10 17 19 4 11 2 2.70999124060388841 3.36768017929769181 15 12 9 20 2 4 13 1 2 28 13.151007650947605 6 6 9 14 31 4 17 8 5 5 22 12 3 16 1 10 25 13 1 32 8 9 24 1 16 26 7 15 30 4 22.0959629714488983 85.1410511057570005 
12 20 2.70999124060388841 2 31 7 15 16 11 14 22 10 17 19 4 11 2 2.70999124060388841 3.36768017929769181 15 12 9 20 2 4 13 1 2 28 13.151007650947605 6 6 9 18 29 6.96245171630185755 17 8 5 5 22 12 3 16 1 10 25 13 1 32 8 9 24 1 16 26 7 15 30 4 22.9987919330596924 79.3257181001303167 
12 2 2 18 5.34074699537910114 6.96245171630185755 15 16 11 14 22 10 17 19 4 11 2 2.70999124060388841 3.36768017929769181 15 12 9 20 2 4 13 1 2 28 13.151007650947605 6 6 9 18 29 6.96245171630185755 17 8 5 5 22 12 3 16 1 10 25 13 1 32 8 9 24 1 16 26 7 15 30 4 24.3650189638137817 69.5084675432169092 
3 10 2 18 5.34074699537910114 6.96245171630185755 1 1 7 14 22 10 17 19 4 11 2 2.70999124060388841 3.36768017929769181 15 12 9 20 2 4 13 1 2 28 13.151007650947605 6 6 9 18 29 6.96245171630185755 17 8 5 5 22 12 3 16 1 10 25 13 1 32 8 9 24 1 16 26 7 15 30 4 26.2621399164199829 67.9842748250035527 
16 24 2 13 7 7 15 16 11 14 22 10 17 19 4 6 18 13 15 1 8 9 20 2 4 13 1 2 28 13.151007650947605 6 6 9 12 31 8 17 8 5 6 6 9 3 16 1 10 25 13 1 32 8 9 24 1 16 26 7 15 30 4 19.4072428941726685 130.505137438007949 
3.36768017929769181 5 2 14 28 6 15 16 11 14 22 10 17 19 4 11 2 2.70999124060388841 3.36768017929769181 15 12 9 20 2 4 13 1 2 28 13.151007650947605 6 6 9 18 29 6.96245171630185755 17 8 5 5 22 12 3 16 1 10 25 13 1 32 8 9 24 1 16 26 7 15 30 4 23.5425288677215576 74.6469474580650996 
6 3 1 18 5.34074699537910114 6.96245171630185755 15 16 11 14 22 10 17 19 4 11 2 2.70999124060388841 3.36768017929769181 15 12 9 20 2 4 13 1 2 28 13.151007650947605 6 6 9 18 29 6.96245171630185755 17 8 5 5 22 12 3 16 1 10 25 13 1 32 8 9 24 1 16 26 7 15 30 4 24.276115894317627 71.386615635653996 
1 32 12 18 5.34074699537910114 6.96245171630185755 15 16 11 14 22 10 17 19 4 11 2 2.70999124060388841 3.36768017929769181 15 12 9 20 2 4 13 1 2 28 13.151007650947605 6 6 9 18 29 6.96245171630185755 17 8 5 5 22 12 3 16 1 10 25 13 1 32 8 9 24 1 16 26 7 15 30 4 23.9897639751434326 72.722366083980603 
3 32 2 18 5.34074699537910114 6.96245171630185755 15 16 11 14 22 10 17 19 4 11 2 2.70999124060388841 3.36768017929769181 15 12 9 20 2 4 13 1 2 28 13.151007650947605 6 6 9 14 32 3 17 8 5 5 22 12 3 16 1 10 25 13 1 32 8 9 24 1 16 26 7 15 30 4 21.9713230133056641 85.2476760986428985 
3.36768017929769181 12 13 14 3 4 6 31 13 11 32 6 14 25 11 1 17 2 14 32 5 15 1 6.96245171630185755 1 31 9 15 17 3 16 18 3 8 25 10 12 14 5 8 30 2 13 12 3 14 32 1 3 26 7 4 15 9 16 12 3.84646942076222631 14 15 7 16.742401123046875 267.24206202294431 
9 28 2 18 5.34074699537910114 6.96245171630185755 15 16 11 14 22 10 17 19 4 11 2 2.70999124060388841 3.36768017929769181 15 12 9 20 2 4 13 1 2 28 13.151007650947605 6 6 9 18 29 6.96245171630185755 17 8 5 5 22 12 3 16 1 10 25 13 1 32 8 9 24 1 16 26 7 15 30 4 24.7872819900512695 69.2807550897794471 
6 32 1 18 5.34074699537910114 6.96245171630185755 15 16 11 14 22 10 17 19 4 11 2 2.70999124060388841 3.36768017929769181 15 12 9 20 2 4 13 1 2 28 13.151007650947605 6 6 9 18 29 6.96245171630185755 17 8 5 5 22 12 3 16 1 10 25 13 1 32 8 9 24 1 16 26 7 15 30 4 24.048056960105896 71.9199167480297916 
16 32 5 17 28 8 14 11 5 14 18 9 13 15 5 15 26 9 12 32 1 12 6 4 8 30 10 17 12 3 4 20 1 15 14 9 3 3 12 13 6 8 15 20 9 10 9 13 14 24 2 11 15 2.70999124060388841 5 20 7 2 24 9 18.0820500254631042 214.661147177555904 
9 25 12 14 26 9 15 16 11 14 22 10 17 19 4 11 2 2.70999124060388841 3.36768017929769181 15 12 9 20 2 4 13 1 2 28 13.151007650947605 6 6 9 18 29 6.96245171630185755 17 8 5 5 22 12 3 16 1 10 25 13 1 32 8 9 24 1 16 26 7 15 30 4 22.8382869064807892 81.1368601941711631 
12 30 2.70999124060388841 18 5.34074699537910114 6.96245171630185755 15 16 11 14 22 10 17 19 4 11 2 2.70999124060388841 3.36768017929769181 15 12 9 20 2 4 13 1 2 28 13.151007650947605 6 6 9 18 29 6.96245171630185755 17 8 5 5 22 12 3 16 1 10 25 13 1 32 8 9 24 1 16 26 7 15 30 4 23.9658980369567871 73.0403356648101578 
16 20 2.70999124060388841 18 5.34074699537910114 6.96245171630185755 15 16 11 14 22 10 17 19 4 6 31 9 3.36768017929769181 15 12 9 20 2 4 13 1 2 28 13.151007650947605 6 6 9 15 31 6 17 8 5 5 22 12 3 16 1 10 25 13 1 32 8 9 24 1 16 26 7 15 30 4 21.0673150420188904 94.7569581790837674 
3 10 2 18 5.34074699537910114 6.96245171630185755 15 16 11 14 22 10 17 19 4 11 2 2.70999124060388841 3.36768017929769181 15 12 9 20 2 4 13 1 2 28 13.151007650947605 6 6 9 18 29 6.96245171630185755 17 8 5 5 22 12 3 16 1 10 25 13 1 32 8 9 24 1 16 26 7 15 30 4 26.7270798683166504 66.1793020740112325 
12 12 4 2 6 4 15 16 11 14 22 10 17 19 4 11 2 2.70999124060388841 3.36768017929769181 15 12 9 20 2 4 13 1 2 28 13.151007650947605 6 6 9 1 1 4 17 8 5 5 22 12 3 16 1 10 25 13 1 32 8 9 24 1 16 26 7 15 30 4 20.8592129945755005 95.4206729273511485 
2 30 1 18 5.34074699537910114 6.96245171630185755 15 1 3 14 22 10 17 19 4 11 2 2.70999124060388841 3.36768017929769181 15 12 9 20 2 4 13 1 2 28 13.151007650947605 6 6 9 18 1 6 17 8 5 5 22 12 3 16 1 10 25 13 1 32 8 9 24 1 16 26 7 15 30 4 22.957161009311676 80.1025711200634163 
10 6 11 14 28 1 15 16 11 14 22 10 17 19 4 11 2 2.70999124060388841 3.36768017929769181 15 12 9 20 2 4 13 1 2 28 13.151007650947605 6 6 9 1 9 10 17 8 5 14 32 10 3 16 1 10 25 13 1 32 8 9 24 1 16 26 7 15 30 4 20.8540048599243164 107.123395452665349 
1 3 2 18 5.34074699537910114 6.96245171630185755 15 16 11 14 22 10 17 19 4 11 2 2.70999124060388841 3.36768017929769181 15 12 9 20 2 4 13 1 2 28 13.151007650947605 6 6 9 15 1 9 17 8 5 5 22 12 3 16 1 10 25 13 1 32 8 9 24 1 16 26 7 15 30 4 22.188184916973114 83.5761365848223079 
4 26 7 17 12 12 15 16 11 14 22 10 17 19 4 11 2 2.70999124060388841 3.36768017929769181 15 12 9 20 2 4 13 1 2 28 13.151007650947605 6 6 9 18 29 6.96245171630185755 17 8 5 5 22 12 3 16 1 10 25 13 1 32 8 9 24 1 16 26 7 15 30 4 22.8700729012489319 80.9732537242991413 
2 6 12 8 16 5 4 12 11 12 24 4 6 5.34074699537910114 13 14 32 2 9.25570237641795579 19 3.84646942076222631 8 30 3 4 31 7 3 2 12 13 19 10 13 5 1 17 9 9 13 32 5 8 3 9.82524131762891173 6 24 8 14 12 5 17 1 2 6 9 13 1 24 1 17.4326378107070923 228.20056183600272 
14 15 12 18 5.34074699537910114 6.96245171630185755 15 16 11 14 22 10 17 19 4 11 2 2.70999124060388841 3.36768017929769181 15 12 9 20 2 4 13 1 2 28 13.151007650947605 6 6 9 14 32 10 17 8 5 5 22 12 3 16 1 10 25 13 1 32 8 9 24 1 16 26 7 15 30 4 21.7605940103530884 87.749270259191789 
14 1 7 18 5.34074699537910114 6.96245171630185755 15 16 11 14 22 10 17 19 4 11 2 2.70999124060388841 3.36768017929769181 15 12 9 20 2 4 13 1 2 28 13.151007650947605 6 6 9 14 31 4 17 8 5 5 22 12 3 16 1 10 25 13 1 32 8 9 24 1 16 26 7 15 30 4 21.5289859473705292 89.5929358296662883 
4 25 2.70999124060388841 18 8 5 15 16 11 14 22 10 17 19 4 11 2 2.70999124060388841 3.36768017929769181 15 12 9 20 2 4 13 1 2 28 13.151007650947605 6 6 9 18 29 6.96245171630185755 17 8 5 5 22 12 3 16 1 10 25 13 1 32 8 9 24 1 16 26 7 15 30 4 24.2214807271957397 71.8839692915143189 
14 12 5 1 18 9 15 16 11 14 22 10 17 19 4 11 2 2.70999124060388841 3.36768017929769181 15 12 9 20 2 4 13 1 2 28 13.151007650947605 6 6 9 13 1 5 17 8 5 5 22 12 3 16 1 10 25 13 1 32 8 9 24 1 16 26 7 15 30 4 20.6565888524055481 107.868073137963776 
10 15 1 18 5.34074699537910114 6.96245171630185755 15 16 11 14 22 10 17 19 4 11 2 2.70999124060388841 3.36768017929769181 15 12 9 20 2 4 13 1 2 28 13.151007650947605 6 6 9 18 29 6.96245171630185755 17 8 5 5 22 12 3 16 1 10 25 13 1 32 8 9 24 1 16 26 7 15 30 4 24.6943070888519287 69.4671562081268235 
4 5 2.70999124060388841 2 3 13 15 16 11 14 22 10 17 19 4 11 2 2.70999124060388841 3.36768017929769181 15 12 9 20 2 4 13 1 2 28 13.151007650947605 6 6 9 18 29 6.96245171630185755 17 8 5 5 22 12 3 16 1 10 25 13 1 32 8 9 24 1 16 26 7 15 30 4 23.4642869234085083 75.3219325148831302 
10 5 8 2 26 7 15 16 11 14 22 10 17 19 4 11 2 2.70999124060388841 3.36768017929769181 15 12 9 20 2 4 13 1 2 28 13.151007650947605 6 6 9 18 29 6.96245171630185755 17 8 5 5 22 12 3 16 1 10 25 13 1 32 8 9 24 1 16 26 7 15 30 4 23.7307568788528442 73.7141078812303192 
13 1 7 5 25 8 15 16 11 14 22 10 17 19 4 11 2 2.70999124060388841 3.36768017929769181 9 9 9 20 2 14 16.1354543567662532 12 2 28 13.151007650947605 6 6 9 17 24 7 17 8 5 14 22 10 3 16 1 10 25 13 1 32 8 9 24 1 16 26 7 15 30 4 20.2575550079345703 115.252648277622455 
4 31 4 2 12 12 15 16 11 14 22 10 17 19 4 11 2 2.70999124060388841 3.36768017929769181 15 12 9 20 2 4 13 1 2 28 13.151007650947605 6 6 9 4 31 3 17 8 5 5 22 12 3 16 1 10 25 13 1 32 8 9 24 1 16 26 7 15 30 4 21.1394378542900085 94.0922323473450462 

Current Evaluation = 50000000(50000000)
Front Size = 47
14 22 2 3.36768017929769181 28 1 2 6 10 3 30 1 13 18 4 17 16 13 16 30 6 9.25570237641795579 15 10 10 20 4 14 19 5 5 25 9 6 31 11 15 11 13 9 30 12 15 24 3.84646942076222631 4 20 2 14 15 10 15 9 4 1 30 9.82524131762891173 3 2 13 18.6443739533424377 185.129115329115336 
9 25 13 15 32 9 14 16 6 6 15 2 9 6 5 13 22 6 2 1 12 3 14 2 16 18 2 14 30 11 4 30 6 2 15 5 10 3 7 3 19 13 14 15 11 4 20 1 13 33 2.70999124060388841 4 24 2 2 13 12 17 6 6 18.9776518940925598 177.477459090617003 
3 10 2 18 5.34074699537910114 6.96245171630185755 15 16 11 14 22 10 17 19 4 11 2 2.70999124060388841 3.36768017929769181 15 12 9 20 2 4 13 1 2 28 13.151007650947605 6 6 9 18 29 6.96245171630185755 17 1 4 5 22 12 3 16 1 10 25 13 1 32 8 9 24 1 16 26 7 15 30 4 26.2549169659614563 68.1581047578945487 
11 15 11 3.36768017929769181 6 2 15 32 5 14 22 10 17 19 4 11 2 2.70999124060388841 3.36768017929769181 15 12 9 20 2 4 13 1 2 28 13.151007650947605 6 6 9 14 1 6 17 8 5 5 22 12 3 16 1 10 25 13 1 32 8 9 24 1 16 26 7 15 30 4 21.159718930721283 92.531123125240768 
9 20 2 1 32 13 15 16 11 14 22 10 17 19 4 11 2 2.70999124060388841 3.36768017929769181 15 12 9 20 2 4 13 1 2 28 13.151007650947605 6 6 9 18 29 6.96245171630185755 17 8 5 5 22 12 3 16 1 10 25 13 1 32 8 9 24 1 16 26 7 15 30 4 23.0252988338470459 75.7930084997081366 
15 26 1 1 5 12 5 6 12 6 30 11 3 31 10 14 32 11 10 2 13 6 17 3 1 15 7 17 25 2 3 24 4 14 6 2 1 1 8 17 32 10 2 15 11 6 9 4 6 33 12 16 6 2.70999124060388841 9 22 9 1 1 3 18.2898108065128326 191.363747363747308 
1 1 11 12 6 9 15 16 11 14 22 10 17 19 4 11 2 2.70999124060388841 3.36768017929769181 15 12 9 20 2 4 13 1 2 28 13.151007650947605 6 6 9 6 12 13 17 8 5 15 31 10 3 16 1 10 25 13 1 32 8 9 24 1 16 26 7 15 30 4 19.9102739095687866 129.879538366324482 
3 9 9 14 6 10 15 16 11 14 22 10 17 19 4 11 2 2.70999124060388841 3.36768017929769181 15 12 9 20 2 4 13 1 14 31 5 6 6 9 3.36768017929769181 9 12 17 8 5 5 22 12 3 16 1 10 25 13 1 32 8 9 24 1 16 26 7 15 30 4 20.0533519089221954 128.211362891158274 
16 25 7 18 5.34074699537910114 6.96245171630185755 15 16 11 14 22 10 17 19 4 11 2 2.70999124060388841 3.36768017929769181 15 12 9 20 2 4 13 1 14 24 9 6 6 9 14 1 1 17 8 5 4 18 3 3 16 1 10 25 13 1 32 8 9 24 1 16 26 7 15 30 4 20.1392189264297485 121.239220470957903 
3 15 2 18 5.34074699537910114 6.96245171630185755 15 16 11 14 22 10 17 19 4 11 2 2.70999124060388841 3.36768017929769181 15 12 9 20 2 4 13 1 2 28 13.151007650947605 6 6 9 14 31 9 17 8 5 5 22 12 3 16 1 10 25 13 1 32 8 9 24 1 16 26 7 15 30 4 21.9207310080528259 86.738994399375926 
12 2 2 18 5.34074699537910114 6.96245171630185755 15 16 11 14 22 10 17 19 4 11 2 2.70999124060388841 3.36768017929769181 15 12 9 20 2 4 13 1 2 28 13.151007650947605 6 6 9 18 29 6.96245171630185755 17 8 5 5 22 12 3 16 1 10 25 13 1 32 8 9 24 1 16 26 7 15 30 4 24.3650189638137817 69.5084675432169092 
3 10 2 18 5.34074699537910114 6.96245171630185755 1 1 7 14 22 10 17 19 4 11 2 2.70999124060388841 3.36768017929769181 15 12 9 20 2 4 13 1 2 28 13.151007650947605 6 6 9 18 29 6.96245171630185755 17 8 5 5 22 12 3 16 1 10 25 13 1 32 8 9 24 1 16 26 7 15 30 4 26.2621399164199829 67.9842748250035527 
16 24 2 13 7 7 15 16 11 14 22 10 17 19 4 6 18 13 15 1 8 9 20 2 4 13 1 2 28 13.151007650947605 6 6 9 12 31 8 17 8 5 6 6 9 3 16 1 10 25 13 1 32 8 9 24 1 16 26 7 15 30 4 19.4072428941726685 130.505137438007949 
3.36768017929769181 5 2 14 28 6 15 16 11 14 22 10 17 19 4 11 2 2.70999124060388841 3.36768017929769181 15 12 9 20 2 4 13 1 2 28 13.151007650947605 6 6 9 18 29 6.96245171630185755 17 8 5 5 22 12 3 16 1 10 25 13 1 32 8 9 24 1 16 26 7 15 30 4 23.5425288677215576 74.6469474580650996 
1 32 12 18 5.34074699537910114 6.96245171630185755 15 16 11 14 22 10 17 19 4 11 2 2.70999124060388841 3.36768017929769181 15 12 9 20 2 4 13 1 2 28 13.151007650947605 6 6 9 18 29 6.96245171630185755 17 8 5 5 22 12 3 16 1 10 25 13 1 32 8 9 24 1 16 26 7 15 30 4 23.9897639751434326 72.722366083980603 
3 32 2 18 5.34074699537910114 6.96245171630185755 15 16 11 14 22 10 17 19 4 11 2 2.70999124060388841 3.36768017929769181 15 12 9 20 2 4 13 1 2 28 13.151007650947605 6 6 9 14 32 3 17 8 5 5 22 12 3 16 1 10 25 13 1 32 8 9 24 1 16 26 7 15 30 4 21.9713230133056641 85.2476760986428985 
3.36768017929769181 12 13 14 3 4 6 31 13 11 32 6 14 25 11 1 17 2 14 32 5 15 1 6.96245171630185755 1 31 9 15 17 3 16 18 3 8 25 10 12 14 5 8 30 2 13 12 3 14 32 1 3 26 7 4 15 9 16 12 3.84646942076222631 14 15 7 16.742401123046875 267.24206202294431 
9 28 2 18 5.34074699537910114 6.96245171630185755 15 16 11 14 22 10 17 19 4 11 2 2.70999124060388841 3.36768017929769181 15 12 9 20 2 4 13 1 2 28 13.151007650947605 6 6 9 18 29 6.96245171630185755 17 8 5 5 22 12 3 16 1 10 25 13 1 32 8 9 24 1 16 26 7 15 30 4 24.7872819900512695 69.2807550897794471 
6 32 1 18 5.34074699537910114 6.96245171630185755 15 16 11 14 22 10 17 19 4 11 2 2.70999124060388841 3.36768017929769181 15 12 9 20 2 4 13 1 2 28 13.151007650947605 6 6 9 18 29 6.96245171630185755 17 8 5 5 22 12 3 16 1 10 25 13 1 32 8 9 24 1 16 26 7 15 30 4 24.048056960105896 71.9199167480297916 
16 32 5 17 28 8 14 11 5 14 18 9 13 15 5 15 26 9 12 32 1 12 6 4 8 30 10 17 12 3 4 20 1 15 14 9 3 3 12 13 6 8 15 20 9 10 9 13 14 24 2 11 15 2.70999124060388841 5 20 7 2 24 9 18.0820500254631042 214.661147177555904 
9 25 12 14 26 9 15 16 11 14 22 10 17 19 4 11 2 2.70999124060388841 3.36768017929769181 15 12 9 20 2 4 13 1 2 28 13.151007650947605 6 6 9 18 29 6.96245171630185755 17 8 5 5 22 12 3 16 1 10 25 13 1 32 8 9 24 1 16 26 7 15 30 4 22.8382869064807892 81.1368601941711631 
12 30 2.70999124060388841 18 5.34074699537910114 6.96245171630185755 15 16 11 14 22 10 17 19 4 11 2 2.70999124060388841 3.36768017929769181 15 12 9 20 2 4 13 1 2 28 13.151007650947605 6 6 9 18 29 6.96245171630185755 17 8 5 5 22 12 3 16 1 10 25 13 1 32 8 9 24 1 16 26 7 15 30 4 23.9658980369567871 73.0403356648101578 
16 20 2.70999124060388841 18 5.34074699537910114 6.96245171630185755 15 16 11 14 22 10 17 19 4 6 31 9 3.36768017929769181 15 12 9 20 2 4 13 1 2 28 13.151007650947605 6 6 9 15 31 6 17 8 5 5 22 12 3 16 1 10 25 13 1 32 8 9 24 1 16 26 7 15 30 4 21.0673150420188904 94.7569581790837674 
3 10 2 18 5.34074699537910114 6.96245171630185755 15 16 11 14 22 10 17 19 4 11 2 2.70999124060388841 3.36768017929769181 15 12 9 20 2 4 13 1 2 28 13.151007650947605 6 6 9 18 29 6.96245171630185755 17 8 5 5 22 12 3 16 1 10 25 13 1 32 8 9 24 1 16 26 7 15 30 4 26.7270798683166504 66.1793020740112325 
12 12 4 2 6 4 15 16 11 14 22 10 17 19 4 11 2 2.70999124060388841 3.36768017929769181 15 12 9 20 2 4 13 1 2 28 13.151007650947605 6 6 9 1 1 4 17 8 5 5 22 12 3 16 1 10 25 13 1 32 8 9 24 1 16 26 7 15 30 4 20.8592129945755005 95.4206729273511485 
2 30 1 18 5.34074699537910114 6.96245171630185755 15 1 3 14 22 10 17 19 4 11 2 2.70999124060388841 3.36768017929769181 15 12 9 20 2 4 13 1 2 28 13.151007650947605 6 6 9 18 1 6 17 8 5 5 22 12 3 16 1 10 25 13 1 32 8 9 24 1 16 26 7 15 30 4 22.957161009311676 80.1025711200634163 
2 6 12 8 16 5 4 12 11 12 24 4 6 5.34074699537910114 13 14 32 2 9.25570237641795579 19 3.84646942076222631 8 30 3 4 31 7 3 2 12 13 19 10 13 5 1 17 9 9 13 32 5 8 3 9.82524131762891173 6 24 8 14 12 5 17 1 2 6 9 13 1 24 1 17.4326378107070923 228.20056183600272 
14 15 12 18 5.34074699537910114 6.96245171630185755 15 16 11 14 22 10 17 19 4 11 2 2.70999124060388841 3.36768017929769181 15 12 9 20 2 4 13 1 2 28 13.151007650947605 6 6 9 14 32 10 17 8 5 5 22 12 3 16 1 10 25 13 1 32 8 9 24 1 16 26 7 15 30 4 21.7605940103530884 87.749270259191789 
14 1 7 18 5.34074699537910114 6.96245171630185755 15 16 11 14 22 10 17 19 4 11 2 2.70999124060388841 3.36768017929769181 15 12 9 20 2 4 13 1 2 28 13.151007650947605 6 6 9 14 31 4 17 8 5 5 22 12 3 16 1 10 25 13 1 32 8 9 24 1 16 26 7 15 30 4 21.5289859473705292 89.5929358296662883 
14 12 5 1 18 9 15 16 11 14 22 10 17 19 4 11 2 2.70999124060388841 3.36768017929769181 15 12 9 20 2 4 13 1 2 28 13.151007650947605 6 6 9 13 1 5 17 8 5 5 22 12 3 16 1 10 25 13 1 32 8 9 24 1 16 26 7 15 30 4 20.6565888524055481 107.868073137963776 
4 5 2.70999124060388841 2 3 13 15 16 11 14 22 10 17 19 4 11 2 2.70999124060388841 3.36768017929769181 15 12 9 20 2 4 13 1 2 28 13.151007650947605 6 6 9 18 29 6.96245171630185755 17 8 5 5 22 12 3 16 1 10 25 13 1 32 8 9 24 1 16 26 7 15 30 4 23.4642869234085083 75.3219325148831302 
10 5 8 2 26 7 15 16 11 14 22 10 17 19 4 11 2 2.70999124060388841 3.36768017929769181 15 12 9 20 2 4 13 1 2 28 13.151007650947605 6 6 9 18 29 6.96245171630185755 17 8 5 5 22 12 3 16 1 10 25 13 1 32 8 9 24 1 16 26 7 15 30 4 23.7307568788528442 73.7141078812303192 
13 1 7 5 25 8 15 16 11 14 22 10 17 19 4 11 2 2.70999124060388841 3.36768017929769181 9 9 9 20 2 14 16.1354543567662532 12 2 28 13.151007650947605 6 6 9 17 24 7 17 8 5 14 22 10 3 16 1 10 25 13 1 32 8 9 24 1 16 26 7 15 30 4 20.2575550079345703 115.252648277622455 
4 31 4 2 12 12 15 16 11 14 22 10 17 19 4 11 2 2.70999124060388841 3.36768017929769181 15 12 9 20 2 4 13 1 2 28 13.151007650947605 6 6 9 4 31 3 17 8 5 5 22 12 3 16 1 10 25 13 1 32 8 9 24 1 16 26 7 15 30 4 21.1394378542900085 94.0922323473450462 
3 10 2 18 5.34074699537910114 6.96245171630185755 15 16 11 14 22 10 17 19 4 11 2 2.70999124060388841 3.36768017929769181 15 12 9 20 2 4 13 1 2 28 13.151007650947605 6 6 9 18 29 6.96245171630185755 17 1 9 5 22 12 3 16 1 10 25 13 1 32 8 9 24 1 16 26 7 15 30 4 26.2268929481506348 68.8617949096625779 
1 3 11 18 5.34074699537910114 6.96245171630185755 15 16 11 14 22 10 17 19 4 11 2 2.70999124060388841 3.36768017929769181 15 12 9 20 2 4 13 1 2 28 13.151007650947605 6 6 9 18 29 6.96245171630185755 17 8 5 5 22 12 3 16 1 10 25 13 1 32 8 9 24 1 16 26 7 15 30 4 24.2044230103492737 71.661001111668412 
4 24 2.70999124060388841 1 13 9 15 16 11 14 22 10 17 19 4 11 2 2.70999124060388841 3.36768017929769181 15 12 9 20 2 4 13 1 2 28 13.151007650947605 6 6 9 18 29 6.96245171630185755 17 8 5 5 22 12 3 16 1 10 25 13 1 32 8 9 24 1 16 26 7 15 30 4 22.9918549656867981 79.2552132707306356 
12 6 9 15 8 4 14 1 9 4 23 2.70999124060388841 16 29 6.96245171630185755 9 24 10 13 25 7 9 24 3.84646942076222631 3 11 5 14 9 1 1 19 10 14 25 9.82524131762891173 15 31 8 13 31.8448655754823804 3 16 18 7.75241283629571765 15 12 11 13 24 4 14 30 10 1.62229798836725392 13 11 1 32 4 17.3970887064933777 247.169306510482954 
3 15 8 18 5.34074699537910114 6.96245171630185755 15 16 11 14 22 10 17 19 4 11 2 2.70999124060388841 3.36768017929769181 15 12 9 20 2 4 13 1 2 28 13.151007650947605 6 6 9 18 29 6.96245171630185755 17 8 5 5 22 12 3 16 1 10 25 13 1 32 8 9 24 1 16 26 7 15 30 4 24.2455739974975586 70.7105606530567457 
17 24 9 10 13 2 15 16 11 14 22 10 17 19 4 11 2 2.70999124060388841 3.36768017929769181 15 12 9 20 2 4 13 1 2 28 13.151007650947605 6 6 9 18 29 6.96245171630185755 17 8 5 5 22 12 3 16 1 10 25 13 1 32 8 9 24 1 16 26 7 15 30 4 23.5156819820404053 74.6886155704217458 
4 31 2 18 5.34074699537910114 6.96245171630185755 15 16 11 14 22 10 17 19 4 11 2 2.70999124060388841 3.36768017929769181 15 12 9 20 2 4 13 1 2 28 13.151007650947605 6 6 9 16 30 10 17 8 5 5 22 12 3 16 1 10 25 13 1 32 8 9 24 1 16 26 7 15 30 4 22.0191549062728882 81.3035071680709223 
3 10 2 18 5.34074699537910114 6.96245171630185755 15 16 11 14 31 5 17 19 4 11 2 2.70999124060388841 3.36768017929769181 15 12 9 20 2 4 13 1 2 28 13.151007650947605 6 6 9 18 29 6.96245171630185755 17 8 5 5 22 12 3 16 1 10 25 13 1 32 8 9 24 1 16 26 7 15 30 4 26.3347498774528503 67.747160972780847 
3 10 2 18 5.34074699537910114 6.96245171630185755 15 16 11 14 3 10 17 19 4 11 2 2.70999124060388841 3.36768017929769181 15 12 9 20 2 4 13 1 2 28 13.151007650947605 6 6 9 18 29 6.96245171630185755 17 8 5 5 22 12 3 16 1 10 25 13 1 32 8 9 24 1 16 26 7 15 30 4 26.5650118589401245 67.4000440534073704 
3 25 2.70999124060388841 6 20 5 15 16 11 14 22 10 17 19 4 11 2 2.70999124060388841 3.36768017929769181 15 12 9 20 2 4 13 1 2 28 13.151007650947605 6 6 9 18 29 6.96245171630185755 17 8 5 5 22 12 3 16 1 10 25 13 1 32 8 9 24 1 16 26 7 15 30 4 22.8650238513946533 80.696987287837743 
3 2 2 18 5.34074699537910114 6.96245171630185755 15 16 11 14 22 10 17 19 4 11 2 2.70999124060388841 3.36768017929769181 15 12 9 20 2 4 13 1 2 28 13.151007650947605 6 6 9 18 29 6.96245171630185755 17 8 5 5 22 12 3 16 1 10 25 13 1 32 8 9 24 1 16 26 7 15 30 4 24.3713920116424561 69.3303175088721275 
13 12 11 6 30 5 15 16 11 14 22 10 17 19 4 11 2 2.70999124060388841 3.36768017929769181 15 12 9 20 2 4 13 1 2 28 13.151007650947605 6 6 9 3.36768017929769181 31 4 17 8 5 5 22 12 3 16 1 10 25 13 1 32 8 9 24 1 16 26 7 15 30 4 20.7354149222373962 107.866520901354733 
14 32 9 18 5.34074699537910114 6.96245171630185755 15 16 11 14 22 10 17 19 4 11 2 2.70999124060388841 3.36768017929769181 15 12 9 20 2 4 13 1 2 28 13.151007650947605 6 6 9 14 19 2 17 8 5 6 1 6 3 16 1 10 25 13 1 32 8 9 24 1 16 26 7 15 30 4 20.8531879782676697 101.774221126242452 

Current Evaluation = 60000000(60000000)
Front Size = 45
14 22 2 3.36768017929769181 28 1 2 6 10 3 30 1 13 18 4 17 16 13 16 30 6 9.25570237641795579 15 10 10 20 4 14 19 5 5 25 9 6 31 11 15 11 13 9 30 12 15 24 3.84646942076222631 4 20 2 14 15 10 15 9 4 1 30 9.82524131762891173 3 2 13 18.6443739533424377 185.129115329115336 
9 25 13 15 32 9 14 16 6 6 15 2 9 6 5 13 22 6 2 1 12 3 14 2 16 18 2 14 30 11 4 30 6 2 15 5 10 3 7 3 19 13 14 15 11 4 20 1 13 33 2.70999124060388841 4 24 2 2 13 12 17 6 6 18.9776518940925598 177.477459090617003 
3 10 2 18 5.34074699537910114 6.96245171630185755 15 16 11 14 22 10 17 19 4 11 2 2.70999124060388841 3.36768017929769181 15 12 9 20 2 4 13 1 2 28 13.151007650947605 6 6 9 18 29 6.96245171630185755 17 1 4 5 22 12 3 16 1 10 25 13 1 32 8 9 24 1 16 26 7 15 30 4 26.2549169659614563 68.1581047578945487 
11 15 11 3.36768017929769181 6 2 15 32 5 14 22 10 17 19 4 11 2 2.70999124060388841 3.36768017929769181 15 12 9 20 2 4 13 1 2 28 13.151007650947605 6 6 9 14 1 6 17 8 5 5 22 12 3 16 1 10 25 13 1 32 8 9 24 1 16 26 7 15 30 4 21.159718930721283 92.531123125240768 
9 20 2 1 32 13 15 16 11 14 22 10 17 19 4 11 2 2.70999124060388841 3.36768017929769181 15 12 9 20 2 4 13 1 2 28 13.151007650947605 6 6 9 18 29 6.96245171630185755 17 8 5 5 22 12 3 16 1 10 25 13 1 32 8 9 24 1 16 26 7 15 30 4 23.0252988338470459 75.7930084997081366 
15 26 1 1 5 12 5 6 12 6 30 11 3 31 10 14 32 11 10 2 13 6 17 3 1 15 7 17 25 2 3 24 4 14 6 2 1 1 8 17 32 10 2 15 11 6 9 4 6 33 12 16 6 2.70999124060388841 9 22 9 1 1 3 18.2898108065128326 191.363747363747308 
16 25 7 18 5.34074699537910114 6.96245171630185755 15 16 11 14 22 10 17 19 4 11 2 2.70999124060388841 3.36768017929769181 15 12 9 20 2 4 13 1 14 24 9 6 6 9 14 1 1 17 8 5 4 18 3 3 16 1 10 25 13 1 32 8 9 24 1 16 26 7 15 30 4 20.1392189264297485 121.239220470957903 
3 15 2 18 5.34074699537910114 6.96245171630185755 15 16 11 14 22 10 17 19 4 11 2 2.70999124060388841 3.36768017929769181 15 12 9 20 2 4 13 1 2 28 13.151007650947605 6 6 9 14 31 9 17 8 5 5 22 12 3 16 1 10 25 13 1 32 8 9 24 1 16 26 7 15 30 4 21.9207310080528259 86.738994399375926 
3 10 2 18 5.34074699537910114 6.96245171630185755 1 1 7 14 22 10 17 19 4 11 2 2.70999124060388841 3.36768017929769181 15 12 9 20 2 4 13 1 2 28 13.151007650947605 6 6 9 18 29 6.96245171630185755 17 8 5 5 22 12 3 16 1 10 25 13 1 32 8 9 24 1 16 26 7 15 30 4 26.2621399164199829 67.9842748250035527 
16 24 2 13 7 7 15 16 11 14 22 10 17 19 4 6 18 13 15 1 8 9 20 2 4 13 1 2 28 13.151007650947605 6 6 9 12 31 8 17 8 5 6 6 9 3 16 1 10 25 13 1 32 8 9 24 1 16 26 7 15 30 4 19.4072428941726685 130.505137438007949 
3.36768017929769181 5 2 14 28 6 15 16 11 14 22 10 17 19 4 11 2 2.70999124060388841 3.36768017929769181 15 12 9 20 2 4 13 1 2 28 13.151007650947605 6 6 9 18 29 6.96245171630185755 17 8 5 5 22 12 3 16 1 10 25 13 1 32 8 9 24 1 16 26 7 15 30 4 23.5425288677215576 74.6469474580650996 
3 32 2 18 5.34074699537910114 6.96245171630185755 15 16 11 14 22 10 17 19 4 11 2 2.70999124060388841 3.36768017929769181 15 12 9 20 2 4 13 1 2 28 13.151007650947605 6 6 9 14 32 3 17 8 5 5 22 12 3 16 1 10 25 13 1 32 8 9 24 1 16 26 7 15 30 4 21.9713230133056641 85.2476760986428985 
3.36768017929769181 12 13 14 3 4 6 31 13 11 32 6 14 25 11 1 17 2 14 32 5 15 1 6.96245171630185755 1 31 9 15 17 3 16 18 3 8 25 10 12 14 5 8 30 2 13 12 3 14 32 1 3 26 7 4 15 9 16 12 3.84646942076222631 14 15 7 16.742401123046875 267.24206202294431 
9 28 2 18 5.34074699537910114 6.96245171630185755 15 16 11 14 22 10 17 19 4 11 2 2.70999124060388841 3.36768017929769181 15 12 9 20 2 4 13 1 2 28 13.151007650947605 6 6 9 18 29 6.96245171630185755 17 8 5 5 22 12 3 16 1 10 25 13 1 32 8 9 24 1 16 26 7 15 30 4 24.7872819900512695 69.2807550897794471 
16 32 5 17 28 8 14 11 5 14 18 9 13 15 5 15 26 9 12 32 1 12 6 4 8 30 10 17 12 3 4 20 1 15 14 9 3 3 12 13 6 8 15 20 9 10 9 13 14 24 2 11 15 2.70999124060388841 5 20 7 2 24 9 18.0820500254631042 214.661147177555904 
9 25 12 14 26 9 15 16 11 14 22 10 17 19 4 11 2 2.70999124060388841 3.36768017929769181 15 12 9 20 2 4 13 1 2 28 13.151007650947605 6 6 9 18 29 6.96245171630185755 17 8 5 5 22 12 3 16 1 10 25 13 1 32 8 9 24 1 16 26 7 15 30 4 22.8382869064807892 81.1368601941711631 
16 20 2.70999124060388841 18 5.34074699537910114 6.96245171630185755 15 16 11 14 22 10 17 19 4 6 31 9 3.36768017929769181 15 12 9 20 2 4 13 1 2 28 13.151007650947605 6 6 9 15 31 6 17 8 5 5 22 12 3 16 1 10 25 13 1 32 8 9 24 1 16 26 7 15 30 4 21.0673150420188904 94.7569581790837674 
3 10 2 18 5.34074699537910114 6.96245171630185755 15 16 11 14 22 10 17 19 4 11 2 2.70999124060388841 3.36768017929769181 15 12 9 20 2 4 13 1 2 28 13.151007650947605 6 6 9 18 29 6.96245171630185755 17 8 5 5 22 12 3 16 1 10 25 13 1 32 8 9 24 1 16 26 7 15 30 4 26.7270798683166504 66.1793020740112325 
12 12 4 2 6 4 15 16 11 14 22 10 17 19 4 11 2 2.70999124060388841 3.36768017929769181 15 12 9 20 2 4 13 1 2 28 13.151007650947605 6 6 9 1 1 4 17 8 5 5 22 12 3 16 1 10 25 13 1 32 8 9 24 1 16 26 7 15 30 4 20.8592129945755005 95.4206729273511485 
2 6 12 8 16 5 4 12 11 12 24 4 6 5.34074699537910114 13 14 32 2 9.25570237641795579 19 3.84646942076222631 8 30 3 4 31 7 3 2 12 13 19 10 13 5 1 17 9 9 13 32 5 8 3 9.82524131762891173 6 24 8 14 12 5 17 1 2 6 9 13 1 24 1 17.4326378107070923 228.20056183600272 
14 15 12 18 5.34074699537910114 6.96245171630185755 15 16 11 14 22 10 17 19 4 11 2 2.70999124060388841 3.36768017929769181 15 12 9 20 2 4 13 1 2 28 13.151007650947605 6 6 9 14 32 10 17 8 5 5 22 12 3 16 1 10 25 13 1 32 8 9 24 1 16 26 7 15 30 4 21.7605940103530884 87.749270259191789 
14 1 7 18 5.34074699537910114 6.96245171630185755 15 16 11 14 22 10 17 19 4 11 2 2.70999124060388841 3.36768017929769181 15 12 9 20 2 4 13 1 2 28 13.151007650947605 6 6 9 14 31 4 17 8 5 5 22 12 3 16 1 10 25 13 1 32 8 9 24 1 16 26 7 15 30 4 21.5289859473705292 89.5929358296662883 
14 12 5 1 18 9 15 16 11 14 22 10 17 19 4 11 2 2.70999124060388841 3.36768017929769181 15 12 9 20 2 4 13 1 2 28 13.151007650947605 6 6 9 13 1 5 17 8 5 5 22 12 3 16 1 10 25 13 1 32 8 9 24 1 16 26 7 15 30 4 20.6565888524055481 107.868073137963776 
4 5 2.70999124060388841 2 3 13 15 16 11 14 22 10 17 19 4 11 2 2.70999124060388841 3.36768017929769181 15 12 9 20 2 4 13 1 2 28 13.151007650947605 6 6 9 18 29 6.96245171630185755 17 8 5 5 22 12 3 16 1 10 25 13 1 32 8 9 24 1 16 26 7 15 30 4 23.4642869234085083 75.3219325148831302 
13 1 7 5 25 8 15 16 11 14 22 10 17 19 4 11 2 2.70999124060388841 3.36768017929769181 9 9 9 20 2 14 16.1354543567662532 12 2 28 13.151007650947605 6 6 9 17 24 7 17 8 5 14 22 10 3 16 1 10 25 13 1 32 8 9 24 1 16 26 7 15 30 4 20.2575550079345703 115.252648277622455 
4 31 4 2 12 12 15 16 11 14 22 10 17 19 4 11 2 2.70999124060388841 3.36768017929769181 15 12 9 20 2 4 13 1 2 28 13.151007650947605 6 6 9 4 31 3 17 8 5 5 22 12 3 16 1 10 25 13 1 32 8 9 24 1 16 26 7 15 30 4 21.1394378542900085 94.0922323473450462 
3 10 2 18 5.34074699537910114 6.96245171630185755 15 16 11 14 22 10 17 19 4 11 2 2.70999124060388841 3.36768017929769181 15 12 9 20 2 4 13 1 2 28 13.151007650947605 6 6 9 18 29 6.96245171630185755 17 1 9 5 22 12 3 16 1 10 25 13 1 32 8 9 24 1 16 26 7 15 30 4 26.2268929481506348 68.8617949096625779 
12 6 9 15 8 4 14 1 9 4 23 2.70999124060388841 16 29 6.96245171630185755 9 24 10 13 25 7 9 24 3.84646942076222631 3 11 5 14 9 1 1 19 10 14 25 9.82524131762891173 15 31 8 13 31.8448655754823804 3 16 18 7.75241283629571765 15 12 11 13 24 4 14 30 10 1.62229798836725392 13 11 1 32 4 17.3970887064933777 247.169306510482954 
3 15 8 18 5.34074699537910114 6.96245171630185755 15 16 11 14 22 10 17 19 4 11 2 2.70999124060388841 3.36768017929769181 15 12 9 20 2 4 13 1 2 28 13.151007650947605 6 6 9 18 29 6.96245171630185755 17 8 5 5 22 12 3 16 1 10 25 13 1 32 8 9 24 1 16 26 7 15 30 4 24.2455739974975586 70.7105606530567457 
17 24 9 10 13 2 15 16 11 14 22 10 17 19 4 11 2 2.70999124060388841 3.36768017929769181 15 12 9 20 2 4 13 1 2 28 13.151007650947605 6 6 9 18 29 6.96245171630185755 17 8 5 5 22 12 3 16 1 10 25 13 1 32 8 9 24 1 16 26 7 15 30 4 23.5156819820404053 74.6886155704217458 
4 31 2 18 5.34074699537910114 6.96245171630185755 15 16 11 14 22 10 17 19 4 11 2 2.70999124060388841 3.36768017929769181 15 12 9 20 2 4 13 1 2 28 13.151007650947605 6 6 9 16 30 10 17 8 5 5 22 12 3 16 1 10 25 13 1 32 8 9 24 1 16 26 7 15 30 4 22.0191549062728882 81.3035071680709223 
3 10 2 18 5.34074699537910114 6.96245171630185755 15 16 11 14 31 5 17 19 4 11 2 2.70999124060388841 3.36768017929769181 15 12 9 20 2 4 13 1 2 28 13.151007650947605 6 6 9 18 29 6.96245171630185755 17 8 5 5 22 12 3 16 1 10 25 13 1 32 8 9 24 1 16 26 7 15 30 4 26.3347498774528503 67.747160972780847 
3 10 2 18 5.34074699537910114 6.96245171630185755 15 16 11 14 3 10 17 19 4 11 2 2.70999124060388841 3.36768017929769181 15 12 9 20 2 4 13 1 2 28 13.151007650947605 6 6 9 18 29 6.96245171630185755 17 8 5 5 22 12 3 16 1 10 25 13 1 32 8 9 24 1 16 26 7 15 30 4 26.5650118589401245 67.4000440534073704 
3 25 2.70999124060388841 6 20 5 15 16 11 14 22 10 17 19 4 11 2 2.70999124060388841 3.36768017929769181 15 12 9 20 2 4 13 1 2 28 13.151007650947605 6 6 9 18 29 6.96245171630185755 17 8 5 5 22 12 3 16 1 10 25 13 1 32 8 9 24 1 16 26 7 15 30 4 22.8650238513946533 80.696987287837743 
3 2 2 18 5.34074699537910114 6.96245171630185755 15 16 11 14 22 10 17 19 4 11 2 2.70999124060388841 3.36768017929769181 15 12 9 20 2 4 13 1 2 28 13.151007650947605 6 6 9 18 29 6.96245171630185755 17 8 5 5 22 12 3 16 1 10 25 13 1 32 8 9 24 1 16 26 7 15 30 4 24.3713920116424561 69.3303175088721275 
13 12 11 6 30 5 15 16 11 14 22 10 17 19 4 11 2 2.70999124060388841 3.36768017929769181 15 12 9 20 2 4 13 1 2 28 13.151007650947605 6 6 9 3.36768017929769181 31 4 17 8 5 5 22 12 3 16 1 10 25 13 1 32 8 9 24 1 16 26 7 15 30 4 20.7354149222373962 107.866520901354733 
14 32 9 18 5.34074699537910114 6.96245171630185755 15 16 11 14 22 10 17 19 4 11 2 2.70999124060388841 3.36768017929769181 15 12 9 20 2 4 13 1 2 28 13.151007650947605 6 6 9 14 19 2 17 8 5 6 1 6 3 16 1 10 25 13 1 32 8 9 24 1 16 26 7 15 30 4 20.8531879782676697 101.774221126242452 
6 32 1 18 5.34074699537910114 6.96245171630185755 15 16 11 14 22 10 17 19 4 11 2 2.70999124060388841 3.36768017929769181 15 12 9 20 2 4 13 1 2 28 13.151007650947605 6 6 9 18 29 6.96245171630185755 17 8 5 5 22 12 3 16 1 10 25 13 1 32 8 9 24 1 16 26 7 15 30 4 24.048056960105896 70.8376495496867307 
4 2 2.70999124060388841 18 5.34074699537910114 6.96245171630185755 15 16 11 14 22 10 17 19 4 11 2 2.70999124060388841 3.36768017929769181 15 12 9 20 2 4 13 1 2 28 13.151007650947605 6 6 9 18 29 6.96245171630185755 17 8 5 5 22 12 3 16 1 10 25 13 1 32 8 9 24 1 16 26 7 15 30 4 24.2975959777832031 69.4267295672832603 
13 30 2 8 32 12 15 16 11 14 22 10 17 19 4 14 18 2.70999124060388841 3.36768017929769181 15 12 9 20 2 4 13 1 2 28 13.151007650947605 6 6 9 12 23 3 17 8 5 16 5 2 3 16 1 10 25 13 1 32 8 9 24 1 16 26 7 15 30 4 19.8711339235305786 123.663182844559287 
13 3 8 13 24 12 17 26 6 16 15 2.70999124060388841 13 20 2 14 30 11 12 32 4 4 21 4 11 1 10 3 30 6.96245171630185755 6 29 7 9 6 13 14 32 12 1 15 13 3 1 3 9 9 2 14 26 6 3 24 3.84646942076222631 15 30 5 8 14 2 18.67498379945755 183.612947140578683 
6 12 8 12 6 2 15 16 11 14 22 10 17 19 4 11 2 2.70999124060388841 3.36768017929769181 15 12 9 20 2 4 13 1 2 28 13.151007650947605 6 6 9 18 29 6.96245171630185755 17 8 5 5 22 12 3 16 1 10 25 13 1 32 8 9 24 1 16 26 7 15 30 4 22.886185884475708 77.5649018978179612 
3 10 2 18 5.34074699537910114 6.96245171630185755 15 16 11 14 22 10 17 19 4 11 2 2.70999124060388841 3.36768017929769181 15 12 9 20 2 4 13 1 2 28 13.151007650947605 6 6 9 18 29 6.96245171630185755 17 8 5 5 3 8 3 16 1 10 25 13 1 32 8 9 24 1 16 26 7 15 30 4 26.60621178150177 67.3739458450661601 
16 15 13 18 5.34074699537910114 6.96245171630185755 6 31 5 14 22 10 17 19 4 11 2 2.70999124060388841 3.36768017929769181 15 12 9 20 2 4 13 1 2 28 13.151007650947605 6 6 9 18 29 6.96245171630185755 17 8 5 5 22 12 3 16 1 10 25 13 1 32 8 9 24 1 16 26 7 15 30 4 23.6762570142745972 72.5724178764415626 
10 32 3 14 32 7 10 15 2 9 16 12 1 20 6 16 26 2 14 30 3 3 6 3 14 20 3 17 5 2 15 24 4 4 26 5 8 28 10 2 12 2 16 15 2.70999124060388841 15 16 4 8 1 7 2 18 9 1 12 9 4 8 2 18.2081488072872162 203.851617242406746 

Current Evaluation = 70000000(70000000)
Front Size = 48
14 22 2 3.36768017929769181 28 1 2 6 10 3 30 1 13 18 4 17 16 13 16 30 6 9.25570237641795579 15 10 10 20 4 14 19 5 5 25 9 6 31 11 15 11 13 9 30 12 15 24 3.84646942076222631 4 20 2 14 15 10 15 9 4 1 30 9.82524131762891173 3 2 13 18.6443739533424377 185.129115329115336 
9 25 13 15 32 9 14 16 6 6 15 2 9 6 5 13 22 6 2 1 12 3 14 2 16 18 2 14 30 11 4 30 6 2 15 5 10 3 7 3 19 13 14 15 11 4 20 1 13 33 2.70999124060388841 4 24 2 2 13 12 17 6 6 18.9776518940925598 177.477459090617003 
11 15 11 3.36768017929769181 6 2 15 32 5 14 22 10 17 19 4 11 2 2.70999124060388841 3.36768017929769181 15 12 9 20 2 4 13 1 2 28 13.151007650947605 6 6 9 14 1 6 17 8 5 5 22 12 3 16 1 10 25 13 1 32 8 9 24 1 16 26 7 15 30 4 21.159718930721283 92.531123125240768 
15 26 1 1 5 12 5 6 12 6 30 11 3 31 10 14 32 11 10 2 13 6 17 3 1 15 7 17 25 2 3 24 4 14 6 2 1 1 8 17 32 10 2 15 11 6 9 4 6 33 12 16 6 2.70999124060388841 9 22 9 1 1 3 18.2898108065128326 191.363747363747308 
16 25 7 18 5.34074699537910114 6.96245171630185755 15 16 11 14 22 10 17 19 4 11 2 2.70999124060388841 3.36768017929769181 15 12 9 20 2 4 13 1 14 24 9 6 6 9 14 1 1 17 8 5 4 18 3 3 16 1 10 25 13 1 32 8 9 24 1 16 26 7 15 30 4 20.1392189264297485 121.239220470957903 
3 15 2 18 5.34074699537910114 6.96245171630185755 15 16 11 14 22 10 17 19 4 11 2 2.70999124060388841 3.36768017929769181 15 12 9 20 2 4 13 1 2 28 13.151007650947605 6 6 9 14 31 9 17 8 5 5 22 12 3 16 1 10 25 13 1 32 8 9 24 1 16 26 7 15 30 4 21.9207310080528259 86.738994399375926 
3 10 2 18 5.34074699537910114 6.96245171630185755 1 1 7 14 22 10 17 19 4 11 2 2.70999124060388841 3.36768017929769181 15 12 9 20 2 4 13 1 2 28 13.151007650947605 6 6 9 18 29 6.96245171630185755 17 8 5 5 22 12 3 16 1 10 25 13 1 32 8 9 24 1 16 26 7 15 30 4 26.2621399164199829 67.9842748250035527 
16 24 2 13 7 7 15 16 11 14 22 10 17 19 4 6 18 13 15 1 8 9 20 2 4 13 1 2 28 13.151007650947605 6 6 9 12 31 8 17 8 5 6 6 9 3 16 1 10 25 13 1 32 8 9 24 1 16 26 7 15 30 4 19.4072428941726685 130.505137438007949 
3.36768017929769181 5 2 14 28 6 15 16 11 14 22 10 17 19 4 11 2 2.70999124060388841 3.36768017929769181 15 12 9 20 2 4 13 1 2 28 13.151007650947605 6 6 9 18 29 6.96245171630185755 17 8 5 5 22 12 3 16 1 10 25 13 1 32 8 9 24 1 16 26 7 15 30 4 23.5425288677215576 74.6469474580650996 
3 32 2 18 5.34074699537910114 6.96245171630185755 15 16 11 14 22 10 17 19 4 11 2 2.70999124060388841 3.36768017929769181 15 12 9 20 2 4 13 1 2 28 13.151007650947605 6 6 9 14 32 3 17 8 5 5 22 12 3 16 1 10 25 13 1 32 8 9 24 1 16 26 7 15 30 4 21.9713230133056641 85.2476760986428985 
3.36768017929769181 12 13 14 3 4 6 31 13 11 32 6 14 25 11 1 17 2 14 32 5 15 1 6.96245171630185755 1 31 9 15 17 3 16 18 3 8 25 10 12 14 5 8 30 2 13 12 3 14 32 1 3 26 7 4 15 9 16 12 3.84646942076222631 14 15 7 16.742401123046875 267.24206202294431 
9 28 2 18 5.34074699537910114 6.96245171630185755 15 16 11 14 22 10 17 19 4 11 2 2.70999124060388841 3.36768017929769181 15 12 9 20 2 4 13 1 2 28 13.151007650947605 6 6 9 18 29 6.96245171630185755 17 8 5 5 22 12 3 16 1 10 25 13 1 32 8 9 24 1 16 26 7 15 30 4 24.7872819900512695 69.2807550897794471 
9 25 12 14 26 9 15 16 11 14 22 10 17 19 4 11 2 2.70999124060388841 3.36768017929769181 15 12 9 20 2 4 13 1 2 28 13.151007650947605 6 6 9 18 29 6.96245171630185755 17 8 5 5 22 12 3 16 1 10 25 13 1 32 8 9 24 1 16 26 7 15 30 4 22.8382869064807892 81.1368601941711631 
16 20 2.70999124060388841 18 5.34074699537910114 6.96245171630185755 15 16 11 14 22 10 17 19 4 6 31 9 3.36768017929769181 15 12 9 20 2 4 13 1 2 28 13.151007650947605 6 6 9 15 31 6 17 8 5 5 22 12 3 16 1 10 25 13 1 32 8 9 24 1 16 26 7 15 30 4 21.0673150420188904 94.7569581790837674 
12 12 4 2 6 4 15 16 11 14 22 10 17 19 4 11 2 2.70999124060388841 3.36768017929769181 15 12 9 20 2 4 13 1 2 28 13.151007650947605 6 6 9 1 1 4 17 8 5 5 22 12 3 16 1 10 25 13 1 32 8 9 24 1 16 26 7 15 30 4 20.8592129945755005 95.4206729273511485 
2 6 12 8 16 5 4 12 11 12 24 4 6 5.34074699537910114 13 14 32 2 9.25570237641795579 19 3.84646942076222631 8 30 3 4 31 7 3 2 12 13 19 10 13 5 1 17 9 9 13 32 5 8 3 9.82524131762891173 6 24 8 14 12 5 17 1 2 6 9 13 1 24 1 17.4326378107070923 228.20056183600272 
14 15 12 18 5.34074699537910114 6.96245171630185755 15 16 11 14 22 10 17 19 4 11 2 2.70999124060388841 3.36768017929769181 15 12 9 20 2 4 13 1 2 28 13.151007650947605 6 6 9 14 32 10 17 8 5 5 22 12 3 16 1 10 25 13 1 32 8 9 24 1 16 26 7 15 30 4 21.7605940103530884 87.749270259191789 
14 1 7 18 5.34074699537910114 6.96245171630185755 15 16 11 14 22 10 17 19 4 11 2 2.70999124060388841 3.36768017929769181 15 12 9 20 2 4 13 1 2 28 13.151007650947605 6 6 9 14 31 4 17 8 5 5 22 12 3 16 1 10 25 13 1 32 8 9 24 1 16 26 7 15 30 4 21.5289859473705292 89.5929358296662883 
14 12 5 1 18 9 15 16 11 14 22 10 17 19 4 11 2 2.70999124060388841 3.36768017929769181 15 12 9 20 2 4 13 1 2 28 13.151007650947605 6 6 9 13 1 5 17 8 5 5 22 12 3 16 1 10 25 13 1 32 8 9 24 1 16 26 7 15 30 4 20.6565888524055481 107.868073137963776 
13 1 7 5 25 8 15 16 11 14 22 10 17 19 4 11 2 2.70999124060388841 3.36768017929769181 9 9 9 20 2 14 16.1354543567662532 12 2 28 13.151007650947605 6 6 9 17 24 7 17 8 5 14 22 10 3 16 1 10 25 13 1 32 8 9 24 1 16 26 7 15 30 4 20.2575550079345703 115.252648277622455 
4 31 4 2 12 12 15 16 11 14 22 10 17 19 4 11 2 2.70999124060388841 3.36768017929769181 15 12 9 20 2 4 13 1 2 28 13.151007650947605 6 6 9 4 31 3 17 8 5 5 22 12 3 16 1 10 25 13 1 32 8 9 24 1 16 26 7 15 30 4 21.1394378542900085 94.0922323473450462 
3 10 2 18 5.34074699537910114 6.96245171630185755 15 16 11 14 22 10 17 19 4 11 2 2.70999124060388841 3.36768017929769181 15 12 9 20 2 4 13 1 2 28 13.151007650947605 6 6 9 18 29 6.96245171630185755 17 1 9 5 22 12 3 16 1 10 25 13 1 32 8 9 24 1 16 26 7 15 30 4 26.2268929481506348 68.8617949096625779 
12 6 9 15 8 4 14 1 9 4 23 2.70999124060388841 16 29 6.96245171630185755 9 24 10 13 25 7 9 24 3.84646942076222631 3 11 5 14 9 1 1 19 10 14 25 9.82524131762891173 15 31 8 13 31.8448655754823804 3 16 18 7.75241283629571765 15 12 11 13 24 4 14 30 10 1.62229798836725392 13 11 1 32 4 17.3970887064933777 247.169306510482954 
3 15 8 18 5.34074699537910114 6.96245171630185755 15 16 11 14 22 10 17 19 4 11 2 2.70999124060388841 3.36768017929769181 15 12 9 20 2 4 13 1 2 28 13.151007650947605 6 6 9 18 29 6.96245171630185755 17 8 5 5 22 12 3 16 1 10 25 13 1 32 8 9 24 1 16 26 7 15 30 4 24.2455739974975586 70.7105606530567457 
17 24 9 10 13 2 15 16 11 14 22 10 17 19 4 11 2 2.70999124060388841 3.36768017929769181 15 12 9 20 2 4 13 1 2 28 13.151007650947605 6 6 9 18 29 6.96245171630185755 17 8 5 5 22 12 3 16 1 10 25 13 1 32 8 9 24 1 16 26 7 15 30 4 23.5156819820404053 74.6886155704217458 
4 31 2 18 5.34074699537910114 6.96245171630185755 15 16 11 14 22 10 17 19 4 11 2 2.70999124060388841 3.36768017929769181 15 12 9 20 2 4 13 1 2 28 13.151007650947605 6 6 9 16 30 10 17 8 5 5 22 12 3 16 1 10 25 13 1 32 8 9 24 1 16 26 7 15 30 4 22.0191549062728882 81.3035071680709223 
3 10 2 18 5.34074699537910114 6.96245171630185755 15 16 11 14 31 5 17 19 4 11 2 2.70999124060388841 3.36768017929769181 15 12 9 20 2 4 13 1 2 28 13.151007650947605 6 6 9 18 29 6.96245171630185755 17 8 5 5 22 12 3 16 1 10 25 13 1 32 8 9 24 1 16 26 7 15 30 4 26.3347498774528503 67.747160972780847 
3 10 2 18 5.34074699537910114 6.96245171630185755 15 16 11 14 3 10 17 19 4 11 2 2.70999124060388841 3.36768017929769181 15 12 9 20 2 4 13 1 2 28 13.151007650947605 6 6 9 18 29 6.96245171630185755 17 8 5 5 22 12 3 16 1 10 25 13 1 32 8 9 24 1 16 26 7 15 30 4 26.5650118589401245 67.4000440534073704 
3 25 2.70999124060388841 6 20 5 15 16 11 14 22 10 17 19 4 11 2 2.70999124060388841 3.36768017929769181 15 12 9 20 2 4 13 1 2 28 13.151007650947605 6 6 9 18 29 6.96245171630185755 17 8 5 5 22 12 3 16 1 10 25 13 1 32 8 9 24 1 16 26 7 15 30 4 22.8650238513946533 80.696987287837743 
3 2 2 18 5.34074699537910114 6.96245171630185755 15 16 11 14 22 10 17 19 4 11 2 2.70999124060388841 3.36768017929769181 15 12 9 20 2 4 13 1 2 28 13.151007650947605 6 6 9 18 29 6.96245171630185755 17 8 5 5 22 12 3 16 1 10 25 13 1 32 8 9 24 1 16 26 7 15 30 4 24.3713920116424561 69.3303175088721275 
13 12 11 6 30 5 15 16 11 14 22 10 17 19 4 11 2 2.70999124060388841 3.36768017929769181 15 12 9 20 2 4 13 1 2 28 13.151007650947605 6 6 9 3.36768017929769181 31 4 17 8 5 5 22 12 3 16 1 10 25 13 1 32 8 9 24 1 16 26 7 15 30 4 20.7354149222373962 107.866520901354733 
14 32 9 18 5.34074699537910114 6.96245171630185755 15 16 11 14 22 10 17 19 4 11 2 2.70999124060388841 3.36768017929769181 15 12 9 20 2 4 13 1 2 28 13.151007650947605 6 6 9 14 19 2 17 8 5 6 1 6 3 16 1 10 25 13 1 32 8 9 24 1 16 26 7 15 30 4 20.8531879782676697 101.774221126242452 
6 32 1 18 5.34074699537910114 6.96245171630185755 15 16 11 14 22 10 17 19 4 11 2 2.70999124060388841 3.36768017929769181 15 12 9 20 2 4 13 1 2 28 13.151007650947605 6 6 9 18 29 6.96245171630185755 17 8 5 5 22 12 3 16 1 10 25 13 1 32 8 9 24 1 16 26 7 15 30 4 24.048056960105896 70.8376495496867307 
4 2 2.70999124060388841 18 5.34074699537910114 6.96245171630185755 15 16 11 14 22 10 17 19 4 11 2 2.70999124060388841 3.36768017929769181 15 12 9 20 2 4 13 1 2 28 13.151007650947605 6 6 9 18 29 6.96245171630185755 17 8 5 5 22 12 3 16 1 10 25 13 1 32 8 9 24 1 16 26 7 15 30 4 24.2975959777832031 69.4267295672832603 
13 30 2 8 32 12 15 16 11 14 22 10 17 19 4 14 18 2.70999124060388841 3.36768017929769181 15 12 9 20 2 4 13 1 2 28 13.151007650947605 6 6 9 12 23 3 17 8 5 16 5 2 3 16 1 10 25 13 1 32 8 9 24 1 16 26 7 15 30 4 19.8711339235305786 123.663182844559287 
13 3 8 13 24 12 17 26 6 16 15 2.70999124060388841 13 20 2 14 30 11 12 32 4 4 21 4 11 1 10 3 30 6.96245171630185755 6 29 7 9 6 13 14 32 12 1 15 13 3 1 3 9 9 2 14 26 6 3 24 3.84646942076222631 15 30 5 8 14 2 18.67498379945755 183.612947140578683 
6 12 8 12 6 2 15 16 11 14 22 10 17 19 4 11 2 2.70999124060388841 3.36768017929769181 15 12 9 20 2 4 13 1 2 28 13.151007650947605 6 6 9 18 29 6.96245171630185755 17 8 5 5 22 12 3 16 1 10 25 13 1 32 8 9 24 1 16 26 7 15 30 4 22.886185884475708 77.5649018978179612 
3 10 2 18 5.34074699537910114 6.96245171630185755 15 16 11 14 22 10 17 19 4 11 2 2.70999124060388841 3.36768017929769181 15 12 9 20 2 4 13 1 2 28 13.151007650947605 6 6 9 18 29 6.96245171630185755 17 8 5 5 3 8 3 16 1 10 25 13 1 32 8 9 24 1 16 26 7 15 30 4 26.60621178150177 67.3739458450661601 
16 15 13 18 5.34074699537910114 6.96245171630185755 6 31 5 14 22 10 17 19 4 11 2 2.70999124060388841 3.36768017929769181 15 12 9 20 2 4 13 1 2 28 13.151007650947605 6 6 9 18 29 6.96245171630185755 17 8 5 5 22 12 3 16 1 10 25 13 1 32 8 9 24 1 16 26 7 15 30 4 23.6762570142745972 72.5724178764415626 
10 32 3 14 32 7 10 15 2 9 16 12 1 20 6 16 26 2 14 30 3 3 6 3 14 20 3 17 5 2 15 24 4 4 26 5 8 28 10 2 12 2 16 15 2.70999124060388841 15 16 4 8 1 7 2 18 9 1 12 9 4 8 2 18.2081488072872162 203.851617242406746 
14 5 4 16 19 9 15 16 11 14 22 10 17 19 4 1 32 4 3.36768017929769181 15 12 9 20 2 4 13 1 1 31 11 6 6 9 2 18 2.70999124060388841 17 8 5 5 22 12 3 16 1 10 25 13 1 32 8 9 24 1 16 26 7 15 30 4 19.4656758308410645 126.729783966443463 
1 32 2.70999124060388841 18 5.34074699537910114 6.96245171630185755 15 16 11 14 22 10 17 19 4 11 2 2.70999124060388841 3.36768017929769181 15 12 9 20 2 4 13 1 2 28 13.151007650947605 6 6 9 14 26 9 17 8 5 5 22 12 3 16 1 10 25 13 1 32 8 9 24 1 16 26 7 15 30 4 21.7269380390644073 88.8899408132041629 
17 8 2.70999124060388841 4 12 6.96245171630185755 3 20 6 10 26 9 14 26 6 6 25 13 16 15 2 14 32 3.84646942076222631 6 8 9.82524131762891173 8 31 9 16 24 9 2 14 9 14 16 11 14 32 9 2 19 4 9 9 7 15 20 9 12 24 7 17.8244721320812971 26 3 8 33 3 17.8688669800758362 210.259367429955688 
12 14 2.70999124060388841 14 24 3 15 16 11 14 22 10 17 19 4 11 2 2.70999124060388841 3.36768017929769181 15 12 9 20 2 4 13 1 2 28 13.151007650947605 6 6 9 18 29 6.96245171630185755 17 8 5 5 22 12 3 16 1 10 25 13 1 32 8 9 24 1 16 26 7 15 30 4 22.9468189477920532 75.0313054937818293 
3 10 2 18 5.34074699537910114 6.96245171630185755 15 16 11 14 22 10 17 19 4 11 2 2.70999124060388841 3.36768017929769181 15 12 9 20 2 4 13 1 2 28 13.151007650947605 6 6 9 18 29 6.96245171630185755 17 8 5 5 22 12 3 16 1 10 25 13 1 32 8 9 24 1 16 26 7 15 30 4 26.7270798683166504 65.6908150202821446 
3 10 2 18 5.34074699537910114 6.96245171630185755 15 16 11 14 22 10 17 19 4 11 2 2.70999124060388841 3.36768017929769181 15 12 9 20 2 4 13 1 2 28 13.151007650947605 6 6 9 18 29 6.96245171630185755 17 1 4 5 22 12 3 16 1 10 25 13 1 32 8 9 24 1 16 26 7 15 30 4 26.2549169659614563 68.1372212064719065 
3 10 2 18 5.34074699537910114 6.96245171630185755 15 16 11 14 22 10 17 19 4 11 2 2.70999124060388841 3.36768017929769181 15 12 9 20 2 4 13 1 2 28 13.151007650947605 6 6 9 18 29 6.96245171630185755 17 1 7 5 22 12 3 16 1 10 25 13 1 32 8 9 24 1 16 26 7 15 30 4 26.27491694688797 67.9263328110387334 
3 10 2 18 5.34074699537910114 6.96245171630185755 15 16 11 14 22 10 17 19 4 11 2 2.70999124060388841 3.36768017929769181 15 12 9 20 2 4 13 1 2 28 13.151007650947605 6 6 9 18 1 3 17 8 5 5 22 12 3 16 1 10 25 13 1 32 8 9 24 1 16 26 7 15 30 4 25.7953429222106934 68.9024747522021102 

