Current Evaluation = 10000000(10000060)
Front Size = 28
12 30 2 15 25 9 1 22 3 18 6 1 10 15 11 14 32 5 11 18 11 3 17 13 15 3 2.70999124060388841 9 29 2 10 24 1 2 1 7 17 31 9 14 12 4 6 8 6 3 2 13 16 15 2 9 28 1 14 24 3 6 20 5 21.4445019364356995 79.558866273782229 
12 30 2 5 7 4 1 22 3 18 6 1 10 15 11 14 32 5 11 18 11 3 17 13 15 3 2.70999124060388841 16 26 2 10 24 1 2 1 7 17 31 9 14 12 4 8 6 9 3 2 13 16 15 2 9 28 1 13 19 4 6 20 5 21.1748520135879517 84.2246795783555626 
12 30 2 2 25 9 1 22 3 18 6 1 10 15 11 14 32 5 11 18 11 3 17 13 15 3 2.70999124060388841 9 29 2 10 24 1 2 1 7 17 31 9 14 12 4 6 8 6 3 2 13 16 15 2 9 28 1 4 6 2 6 20 5 21.7443968653678894 76.1581513457098822 
12 30 2 4 12 9 1 22 3 18 6 1 10 15 11 14 32 5 2 18 4 3 17 13 15 3 2.70999124060388841 9 29 2 10 24 1 2 1 7 17 31 9 14 12 4 6 8 6 3 2 13 16 15 2 9 28 1 16 6 11 6 20 5 21.028007984161377 89.1004747713608651 
12 30 2 3 31 1 15 32 6 1 16 13 15 32 5 14 32 5 4 20 9 3 17 13 15 3 2.70999124060388841 3 18 12 10 24 1 2 1 7 17 31 9 14 12 4 6 8 6 3 2 13 16 15 2 9 28 1 18 26 8 6 20 5 19.5899710059165955 127.872898044360099 
12 30 2 14 24 9 1 22 3 18 6 1 10 15 11 14 32 5 15 11 8 3 17 13 15 3 2.70999124060388841 16 15 1 10 24 1 2 1 7 17 31 9 14 12 4 6 8 6 3 2 13 16 15 2 9 28 1 3 32 4 6 20 5 20.119700014591217 105.29647025129637 
12 30 2 14 25 4 1 22 3 16 24 9 10 15 11 14 32 5 11 18 11 3 17 13 15 3 2.70999124060388841 6 19 2 10 24 1 2 1 7 17 31 9 14 12 4 6 8 6 3 2 13 16 15 2 9 28 1 18 26 8 6 20 5 20.4433820247650146 92.8493998817570514 
12 30 2 5 7 4 1 22 3 18 6 1 10 15 11 14 32 5 11 18 11 3 17 13 15 3 2.70999124060388841 16 2 2.70999124060388841 10 24 1 2 1 7 17 31 9 14 12 4 1 30 9 3 2 13 16 15 2 9 28 1 18 26 8 6 20 5 22.1292340755462646 70.3649517149517152 
12 30 2 4 14 13 1 22 3 18 6 1 10 15 11 14 32 5 6 9 4 3 17 13 15 3 2.70999124060388841 9 29 2 10 24 1 2 1 7 17 31 9 14 12 4 6 8 6 3 2 13 16 15 2 9 28 1 15 26 10 6 20 5 21.2150099873542786 80.6022356739437811 
12 30 2 5 7 4 1 22 3 18 6 1 10 15 11 14 32 5 11 18 11 3 17 13 15 3 2.70999124060388841 9 29 2 10 24 1 2 1 7 17 31 9 14 12 4 6 8 6 3 2 13 16 15 2 13 26 1 4 6 11 6 20 5 21.7370678186416626 77.7641692371955315 
12 30 2 13 1 13 1 22 3 4 6 13 10 15 11 14 32 5 11 18 11 3 17 13 15 3 2.70999124060388841 3.36768017929769181 2 5 10 24 1 2 1 7 17 31 9 14 12 4 6 8 6 3 2 13 16 15 2 1 1 10 3 1 12 6 20 5 19.1659767627716064 134.972899211075259 
12 30 2 5 7 4 1 22 3 18 6 1 10 15 11 14 32 5 11 18 11 3 17 13 15 3 2.70999124060388841 9 29 2 10 24 1 2 1 7 17 31 9 14 12 4 6 8 6 3 2 13 16 15 2 9 28 1 18 26 8 6 20 5 23.6200809478759766 64.2628407739391747 
12 30 2 14 25 9 1 22 3 18 6 1 10 15 11 14 32 5 11 18 11 3 17 13 15 3 2.70999124060388841 9 29 2 10 24 1 2 1 7 17 31 9 14 12 4 6 8 6 3 2 13 16 15 2 9 28 1 18 26 8 6 20 5 22.4384769797325134 68.5384251970216241 
12 30 2 5 7 4 1 22 3 18 6 1 10 15 11 14 32 5 11 18 11 3 17 13 15 3 2.70999124060388841 12 2 2.70999124060388841 10 24 1 2 1 7 17 31 9 14 12 4 6 8 6 3 2 13 16 15 2 9 28 1 14 6 4 6 20 5 21.4727078974246979 78.9626984126984013 
12 30 2 14 14 7 1 22 3 18 6 1 10 15 11 14 32 5 11 18 11 3 17 13 15 3 2.70999124060388841 9 29 2 10 24 1 2 1 7 17 31 9 14 12 4 6 8 6 3 2 13 16 15 2 9 28 1 15 32 10 6 20 5 21.6428369283676147 78.9419870978694433 
12 30 2 14 12 4 1 22 3 18 6 1 10 15 11 14 32 5 11 18 11 3 17 13 15 3 2.70999124060388841 9 29 2 10 24 1 2 1 7 17 31 9 14 12 4 6 8 6 3 2 13 16 15 2 9 28 1 18 26 8 6 20 5 22.4208759665489197 69.5961180682536167 
12 30 2 5 7 4 1 22 3 18 6 1 10 15 11 14 32 5 11 18 11 3 17 13 15 3 2.70999124060388841 4 19 2.70999124060388841 10 24 1 2 1 7 17 31 9 14 12 4 6 8 6 3 2 13 16 15 2 9 28 1 18 26 8 6 20 5 22.7531869411468506 65.3899136588552494 
12 30 2 6 20 4 14 32 5 18 6 1 10 15 11 14 32 5 3 24 2.70999124060388841 3 17 13 15 3 2.70999124060388841 1 1 6.96245171630185755 10 24 1 2 1 7 17 31 9 14 12 4 6 8 6 3 2 13 16 15 2 9 28 1 18 26 8 6 20 5 20.066769003868103 112.365680996563356 
12 30 2 5 7 4 1 22 3 18 6 1 10 15 11 14 32 5 17 30 2.70999124060388841 3 17 13 15 3 2.70999124060388841 4 19 2.70999124060388841 10 24 1 2 1 7 17 31 9 14 12 4 6 8 6 3 2 13 16 15 2 9 28 1 18 26 8 6 20 5 21.8280029296875 74.4734430426773173 
12 30 2 13 31 5 1 22 3 18 6 1 14 7 5 14 32 5 11 18 11 3 17 13 15 3 2.70999124060388841 4 6 13 10 24 1 2 1 7 17 31 9 14 12 4 6 8 6 3 2 13 16 15 2 4 6 13 18 26 8 6 20 5 20.1705468893051147 101.01015872309614 
1 28 6 4 15 11 2 8 7 3 15 3 6 28 4 3.36768017929769181 15 2 14 12 11 6 3 2 12 20 10 6 1 8 13 18 4 14 31 11 6 30 3 17 26 4 14 6 4 9.25570237641795579 2 13 12 11 6 4.94126535182462057 26 11 13 25 9 4 32 9.82524131762891173 17.5614038407802582 218.525677830940964 
14 30 9 8 1 9 1 22 3 18 6 1 10 15 11 14 32 5 11 18 11 3 17 13 15 3 2.70999124060388841 14 20 11 10 24 1 2 1 7 17 31 9 14 12 4 6 8 6 3 2 13 16 15 2 9 28 1 13 12 9 6 20 5 19.843438982963562 122.95970933828076 
12 30 2 1 26 12 1 22 3 18 6 1 10 15 11 14 32 5 13 24 2.70999124060388841 3 17 13 15 3 2.70999124060388841 6 12 12 10 24 1 2 1 7 17 31 9 14 12 4 6 8 6 3 2 13 16 15 2 9 28 1 1 30 2 6 20 5 19.5225769877433777 133.663001548748895 
12 30 2 1 6 3 1 22 3 18 6 1 14 12 7 14 32 5 11 18 11 3 17 13 15 3 2.70999124060388841 14 6 8 10 24 1 2 1 7 17 31 9 14 12 4 6 8 6 3 2 13 16 15 2 14 18 11 4 17 6 6 20 5 18.9046218693256378 144.489821543548032 
12 30 2 5 7 4 1 22 3 6 26 9 10 15 11 14 32 5 11 18 11 3 17 13 15 3 2.70999124060388841 9 29 2 10 24 1 2 1 7 17 31 9 14 12 4 6 8 6 3 2 13 16 15 2 9 28 1 14 6 4 6 20 5 21.1055988371372223 87.6454767454767421 
12 30 2 14 5 4 1 22 3 18 6 1 10 15 11 14 32 5 11 18 11 3 17 13 15 3 2.70999124060388841 9 29 2 10 24 1 2 1 7 17 31 9 14 12 4 6 8 6 3 2 13 16 15 2 9 28 1 14 32 9 6 20 5 21.2400689721107483 80.340659340659343 
12 30 2 5 7 4 1 22 3 18 6 1 10 15 11 14 32 5 11 18 11 3 17 13 15 3 2.70999124060388841 16 6 2 10 24 1 2 1 7 17 31 9 14 12 4 6 8 6 3 2 13 16 15 2 1 32 10 18 26 8 6 20 5 21.4511778354644775 79.5410286434876497 
12 30 2 5 7 4 1 22 3 18 6 1 10 15 11 14 32 5 11 18 11 3 17 13 15 3 2.70999124060388841 16 6 2 10 24 1 2 1 7 17 31 9 14 12 4 6 8 6 3 2 13 16 15 2 9 28 1 18 26 8 6 20 5 22.4436819553375244 66.9783791280053009 

Current Evaluation = 20000000(20000120)
Front Size = 37
12 30 2 5 7 4 1 22 3 18 6 1 10 15 11 14 32 5 11 18 11 3 17 13 15 3 2.70999124060388841 16 26 2 10 24 1 2 1 7 17 31 9 14 12 4 8 6 9 3 2 13 16 15 2 9 28 1 13 19 4 6 20 5 21.1748520135879517 84.2246795783555626 
12 30 2 2 25 9 1 22 3 18 6 1 10 15 11 14 32 5 11 18 11 3 17 13 15 3 2.70999124060388841 9 29 2 10 24 1 2 1 7 17 31 9 14 12 4 6 8 6 3 2 13 16 15 2 9 28 1 4 6 2 6 20 5 21.7443968653678894 76.1581513457098822 
12 30 2 4 12 9 1 22 3 18 6 1 10 15 11 14 32 5 2 18 4 3 17 13 15 3 2.70999124060388841 9 29 2 10 24 1 2 1 7 17 31 9 14 12 4 6 8 6 3 2 13 16 15 2 9 28 1 16 6 11 6 20 5 21.028007984161377 89.1004747713608651 
12 30 2 3 31 1 15 32 6 1 16 13 15 32 5 14 32 5 4 20 9 3 17 13 15 3 2.70999124060388841 3 18 12 10 24 1 2 1 7 17 31 9 14 12 4 6 8 6 3 2 13 16 15 2 9 28 1 18 26 8 6 20 5 19.5899710059165955 127.872898044360099 
12 30 2 14 24 9 1 22 3 18 6 1 10 15 11 14 32 5 15 11 8 3 17 13 15 3 2.70999124060388841 16 15 1 10 24 1 2 1 7 17 31 9 14 12 4 6 8 6 3 2 13 16 15 2 9 28 1 3 32 4 6 20 5 20.119700014591217 105.29647025129637 
12 30 2 14 25 4 1 22 3 16 24 9 10 15 11 14 32 5 11 18 11 3 17 13 15 3 2.70999124060388841 6 19 2 10 24 1 2 1 7 17 31 9 14 12 4 6 8 6 3 2 13 16 15 2 9 28 1 18 26 8 6 20 5 20.4433820247650146 92.8493998817570514 
12 30 2 4 14 13 1 22 3 18 6 1 10 15 11 14 32 5 6 9 4 3 17 13 15 3 2.70999124060388841 9 29 2 10 24 1 2 1 7 17 31 9 14 12 4 6 8 6 3 2 13 16 15 2 9 28 1 15 26 10 6 20 5 21.2150099873542786 80.6022356739437811 
12 30 2 13 1 13 1 22 3 4 6 13 10 15 11 14 32 5 11 18 11 3 17 13 15 3 2.70999124060388841 3.36768017929769181 2 5 10 24 1 2 1 7 17 31 9 14 12 4 6 8 6 3 2 13 16 15 2 1 1 10 3 1 12 6 20 5 19.1659767627716064 134.972899211075259 
12 30 2 6 20 4 14 32 5 18 6 1 10 15 11 14 32 5 3 24 2.70999124060388841 3 17 13 15 3 2.70999124060388841 1 1 6.96245171630185755 10 24 1 2 1 7 17 31 9 14 12 4 6 8 6 3 2 13 16 15 2 9 28 1 18 26 8 6 20 5 20.066769003868103 112.365680996563356 
12 30 2 13 31 5 1 22 3 18 6 1 14 7 5 14 32 5 11 18 11 3 17 13 15 3 2.70999124060388841 4 6 13 10 24 1 2 1 7 17 31 9 14 12 4 6 8 6 3 2 13 16 15 2 4 6 13 18 26 8 6 20 5 20.1705468893051147 101.01015872309614 
1 28 6 4 15 11 2 8 7 3 15 3 6 28 4 3.36768017929769181 15 2 14 12 11 6 3 2 12 20 10 6 1 8 13 18 4 14 31 11 6 30 3 17 26 4 14 6 4 9.25570237641795579 2 13 12 11 6 4.94126535182462057 26 11 13 25 9 4 32 9.82524131762891173 17.5614038407802582 218.525677830940964 
14 30 9 8 1 9 1 22 3 18 6 1 10 15 11 14 32 5 11 18 11 3 17 13 15 3 2.70999124060388841 14 20 11 10 24 1 2 1 7 17 31 9 14 12 4 6 8 6 3 2 13 16 15 2 9 28 1 13 12 9 6 20 5 19.843438982963562 122.95970933828076 
12 30 2 1 26 12 1 22 3 18 6 1 10 15 11 14 32 5 13 24 2.70999124060388841 3 17 13 15 3 2.70999124060388841 6 12 12 10 24 1 2 1 7 17 31 9 14 12 4 6 8 6 3 2 13 16 15 2 9 28 1 1 30 2 6 20 5 19.5225769877433777 133.663001548748895 
12 30 2 1 6 3 1 22 3 18 6 1 14 12 7 14 32 5 11 18 11 3 17 13 15 3 2.70999124060388841 14 6 8 10 24 1 2 1 7 17 31 9 14 12 4 6 8 6 3 2 13 16 15 2 14 18 11 4 17 6 6 20 5 18.9046218693256378 144.489821543548032 
12 30 2 5 7 4 1 22 3 6 26 9 10 15 11 14 32 5 11 18 11 3 17 13 15 3 2.70999124060388841 9 29 2 10 24 1 2 1 7 17 31 9 14 12 4 6 8 6 3 2 13 16 15 2 9 28 1 14 6 4 6 20 5 21.1055988371372223 87.6454767454767421 
12 30 2 14 5 4 1 22 3 18 6 1 10 15 11 14 32 5 11 18 11 3 17 13 15 3 2.70999124060388841 9 29 2 10 24 1 2 1 7 17 31 9 14 12 4 6 8 6 3 2 13 16 15 2 9 28 1 14 32 9 6 20 5 21.2400689721107483 80.340659340659343 
12 30 2 14 32 5 1 22 3 18 6 1 10 15 11 14 32 5 11 18 11 3 17 13 15 3 2.70999124060388841 9 29 2 10 24 1 2 1 7 17 31 9 14 12 4 6 8 6 3 2 13 16 15 2 4 28 2 14 31 13 6 20 5 20.9592268466949463 89.9491303613644106 
12 30 2 5 7 4 1 22 3 18 6 1 10 15 11 14 32 5 11 18 11 3 17 13 15 3 2.70999124060388841 16 6 2 10 24 1 2 1 7 17 31 9 14 12 4 6 8 6 3 2 13 16 15 2 9 28 1 18 26 8 6 20 5 22.4436819553375244 64.9391167479444533 
12 30 2 5 7 4 1 22 3 18 6 1 10 15 11 14 32 5 11 18 11 3 17 13 15 3 2.70999124060388841 9 29 2 10 24 1 2 1 7 17 31 9 14 12 4 6 8 6 3 2 13 16 15 2 9 28 1 18 26 8 6 20 5 23.6200809478759766 64.1076337132603129 
12 30 2 5 7 4 1 22 3 18 6 1 10 15 11 14 32 5 11 18 11 3 17 13 15 3 2.70999124060388841 9 29 2 10 24 1 2 1 7 17 31 9 14 12 4 6 8 6 3 2 13 16 15 2 4 16 1 18 26 8 6 20 5 23.1691288948059082 64.6327262510734784 
12 30 2 14 5.34074699537910114 9 1 22 3 18 6 1 10 15 11 14 32 5 11 18 11 3 17 13 15 3 2.70999124060388841 9.25570237641795579 19 2 10 24 1 2 1 7 17 31 9 14 12 4 6 8 6 3 2 13 16 15 2 9 28 1 18 26 8 6 20 5 21.8965379595756531 67.1170062635958402 
12 30 2 5 7 4 1 22 3 18 6 1 10 15 11 14 32 5 11 18 11 3 17 13 15 3 2.70999124060388841 16 26 2.70999124060388841 10 24 1 2 1 7 17 31 9 14 12 4 6 8 6 3 2 13 16 15 2 9 28 1 1 26 5 6 20 5 21.4701128602027893 77.2605689632005408 
12 30 2 14 24 7 1 22 3 18 6 1 10 15 11 14 32 5 11 18 11 3 17 13 15 3 2.70999124060388841 6 6 2 10 24 1 2 1 7 17 31 9 14 12 4 6 8 6 3 2 13 16 15 2 9 28 1 18 26 8 6 20 5 21.1514650583267212 87.4694083694083702 
12 30 2 14 25 7 1 22 3 18 6 1 10 15 11 14 32 5 11 18 11 3 17 13 15 3 2.70999124060388841 16 19 1 10 24 1 2 1 7 17 31 9 14 12 4 6 8 6 3 2 13 16 15 2 9 28 1 18 26 8 6 20 5 21.7713520526885986 74.7697802197802162 
12 30 2 5 7 4 1 22 3 18 6 1 10 15 11 14 32 5 11 18 11 3 17 13 15 3 2.70999124060388841 16 6 2 10 24 1 2 1 7 17 31 9 14 12 4 6 8 6 3 2 13 16 15 2 9 28 1 14 6 1 6 20 5 21.2722998857498169 79.2622655122655146 
4 26 7 14 14 5 1 33 11 13 32 13 12 25 13 6 19 9 3 18 1 1 24 2.70999124060388841 2 12 3 13 24 8 17 25 6.96245171630185755 2 6 5 6 30 4 9 6 10 17 8 5 4.94126535182462057 1 6 9 15 9.82524131762891173 16 7 11 14 8 9 9 19 1 18.6503286957740784 205.066530609489462 
12 30 2 5 7 4 1 22 3 18 6 1 10 15 11 14 32 5 11 18 11 3 17 13 15 3 2.70999124060388841 16 26 2 10 24 1 2 1 7 17 31 9 14 12 4 6 8 6 3 2 13 16 15 2 9 28 1 2 6 12 6 20 5 21.65675288438797 76.8897990897990837 
12 30 2 15 5 3 1 22 3 18 6 1 10 15 11 14 32 5 11 18 11 3 17 13 15 3 2.70999124060388841 16 6 2 10 24 1 2 1 7 17 31 9 14 12 4 6 8 6 3 2 13 16 15 2 9 28 1 18 26 8 6 20 5 21.7735430002212524 73.5111403420630438 
12 30 2 2 1 10 1 22 3 18 6 1 10 15 11 14 32 5 12 5.34074699537910114 9 3 17 13 15 3 2.70999124060388841 9 29 2 10 24 1 2 1 7 17 31 9 14 12 4 6 8 6 3 2 13 16 15 2 9 28 1 14 6 9 6 20 5 20.8096919059753418 90.4136671335200788 
15 5.34074699537910114 9 9 28 1 14 14 13 17 23 3 3 26 6 9.25570237641795579 1 2 2 6 9 1 19 5 3 3 10 6 6 9 3 13 11 2 1 9 15 3 3 9 26 4 1 15 3.84646942076222631 13 6 5 13.2195649013323386 18 11 3 26 10 17 17 2 14 31 4 18.5981069505214691 205.649026268309655 
12 30 2 14 19 9 1 22 3 3 30 7 10 15 11 14 32 5 11 18 11 4 20 8 15 3 2.70999124060388841 9 29 2 10 24 1 2 1 7 17 31 9 14 12 4 6 30 10 3 2 13 16 15 2 9 28 1 18 26 8 6 20 5 20.5768919587135315 92.2408235886889969 
12 30 2 15 24 5 1 22 3 18 6 1 10 15 11 14 32 5 11 18 11 3 17 13 15 3 2.70999124060388841 16 6 2 10 24 1 2 1 7 17 31 9 14 12 4 6 8 6 3 2 13 16 15 2 9 28 1 18 26 8 6 20 5 21.516681969165802 76.9865426240426416 
12 30 2 13 31 13 1 22 3 9 12 4 12 32 10 14 32 5 11 18 11 3 17 13 6 1 11 4 15 7 10 24 1 2 1 7 17 31 9 14 12 4 6 8 6 3 2 13 16 15 2 9 28 1 14 1 8 6 20 5 18.84446781873703 154.871011065051334 
12 30 2 13 31 8 1 22 3 14 25 12 10 15 11 14 32 5 11 18 11 3 17 13 15 3 2.70999124060388841 16 6 12 10 24 1 2 1 7 17 31 9 14 12 4 6 8 6 3 2 13 16 15 2 15 26 3 18 26 8 6 20 5 19.6615138053894043 124.56179497273186 
12 30 2 14 24 9 1 22 3 18 6 1 10 15 11 14 32 5 11 18 11 3 17 13 15 3 2.70999124060388841 1 31 8 10 24 1 2 1 7 17 31 9 14 12 4 17 31 4 3 2 13 16 15 2 9 28 1 14 13 13 6 20 5 19.8980391025543213 117.234050803098569 
12 30 2 14 20 9 1 22 3 18 6 1 10 15 11 14 32 5 11 18 11 3 17 13 15 3 2.70999124060388841 16 12 8 10 24 1 2 1 7 17 31 9 14 12 4 6 8 6 3 2 13 16 15 2 9 28 1 15 26 13 6 20 5 20.4135879278182983 98.1881479631479834 
12 30 2 5 7 4 1 22 3 18 6 1 10 15 11 14 32 5 11 18 11 3 17 13 15 3 2.70999124060388841 16 6 2 10 24 1 2 1 7 17 31 9 14 12 4 6 8 6 3 2 13 16 15 2 9 28 1 3.36768017929769181 19 12 6 20 5 21.8219139575958252 73.4893374982346188 

Current Evaluation = 30000000(30000040)
Front Size = 42
12 30 2 5 7 4 1 22 3 18 6 1 10 15 11 14 32 5 11 18 11 3 17 13 15 3 2.70999124060388841 16 26 2 10 24 1 2 1 7 17 31 9 14 12 4 8 6 9 3 2 13 16 15 2 9 28 1 13 19 4 6 20 5 21.1748520135879517 84.2246795783555626 
12 30 2 2 25 9 1 22 3 18 6 1 10 15 11 14 32 5 11 18 11 3 17 13 15 3 2.70999124060388841 9 29 2 10 24 1 2 1 7 17 31 9 14 12 4 6 8 6 3 2 13 16 15 2 9 28 1 4 6 2 6 20 5 21.7443968653678894 76.1581513457098822 
12 30 2 4 12 9 1 22 3 18 6 1 10 15 11 14 32 5 2 18 4 3 17 13 15 3 2.70999124060388841 9 29 2 10 24 1 2 1 7 17 31 9 14 12 4 6 8 6 3 2 13 16 15 2 9 28 1 16 6 11 6 20 5 21.028007984161377 89.1004747713608651 
12 30 2 3 31 1 15 32 6 1 16 13 15 32 5 14 32 5 4 20 9 3 17 13 15 3 2.70999124060388841 3 18 12 10 24 1 2 1 7 17 31 9 14 12 4 6 8 6 3 2 13 16 15 2 9 28 1 18 26 8 6 20 5 19.5899710059165955 127.872898044360099 
12 30 2 14 24 9 1 22 3 18 6 1 10 15 11 14 32 5 15 11 8 3 17 13 15 3 2.70999124060388841 16 15 1 10 24 1 2 1 7 17 31 9 14 12 4 6 8 6 3 2 13 16 15 2 9 28 1 3 32 4 6 20 5 20.119700014591217 105.29647025129637 
12 30 2 14 25 4 1 22 3 16 24 9 10 15 11 14 32 5 11 18 11 3 17 13 15 3 2.70999124060388841 6 19 2 10 24 1 2 1 7 17 31 9 14 12 4 6 8 6 3 2 13 16 15 2 9 28 1 18 26 8 6 20 5 20.4433820247650146 92.8493998817570514 
12 30 2 4 14 13 1 22 3 18 6 1 10 15 11 14 32 5 6 9 4 3 17 13 15 3 2.70999124060388841 9 29 2 10 24 1 2 1 7 17 31 9 14 12 4 6 8 6 3 2 13 16 15 2 9 28 1 15 26 10 6 20 5 21.2150099873542786 80.6022356739437811 
12 30 2 13 1 13 1 22 3 4 6 13 10 15 11 14 32 5 11 18 11 3 17 13 15 3 2.70999124060388841 3.36768017929769181 2 5 10 24 1 2 1 7 17 31 9 14 12 4 6 8 6 3 2 13 16 15 2 1 1 10 3 1 12 6 20 5 19.1659767627716064 134.972899211075259 
12 30 2 6 20 4 14 32 5 18 6 1 10 15 11 14 32 5 3 24 2.70999124060388841 3 17 13 15 3 2.70999124060388841 1 1 6.96245171630185755 10 24 1 2 1 7 17 31 9 14 12 4 6 8 6 3 2 13 16 15 2 9 28 1 18 26 8 6 20 5 20.066769003868103 112.365680996563356 
12 30 2 13 31 5 1 22 3 18 6 1 14 7 5 14 32 5 11 18 11 3 17 13 15 3 2.70999124060388841 4 6 13 10 24 1 2 1 7 17 31 9 14 12 4 6 8 6 3 2 13 16 15 2 4 6 13 18 26 8 6 20 5 20.1705468893051147 101.01015872309614 
1 28 6 4 15 11 2 8 7 3 15 3 6 28 4 3.36768017929769181 15 2 14 12 11 6 3 2 12 20 10 6 1 8 13 18 4 14 31 11 6 30 3 17 26 4 14 6 4 9.25570237641795579 2 13 12 11 6 4.94126535182462057 26 11 13 25 9 4 32 9.82524131762891173 17.5614038407802582 218.525677830940964 
14 30 9 8 1 9 1 22 3 18 6 1 10 15 11 14 32 5 11 18 11 3 17 13 15 3 2.70999124060388841 14 20 11 10 24 1 2 1 7 17 31 9 14 12 4 6 8 6 3 2 13 16 15 2 9 28 1 13 12 9 6 20 5 19.843438982963562 122.95970933828076 
12 30 2 1 26 12 1 22 3 18 6 1 10 15 11 14 32 5 13 24 2.70999124060388841 3 17 13 15 3 2.70999124060388841 6 12 12 10 24 1 2 1 7 17 31 9 14 12 4 6 8 6 3 2 13 16 15 2 9 28 1 1 30 2 6 20 5 19.5225769877433777 133.663001548748895 
12 30 2 1 6 3 1 22 3 18 6 1 14 12 7 14 32 5 11 18 11 3 17 13 15 3 2.70999124060388841 14 6 8 10 24 1 2 1 7 17 31 9 14 12 4 6 8 6 3 2 13 16 15 2 14 18 11 4 17 6 6 20 5 18.9046218693256378 144.489821543548032 
12 30 2 5 7 4 1 22 3 6 26 9 10 15 11 14 32 5 11 18 11 3 17 13 15 3 2.70999124060388841 9 29 2 10 24 1 2 1 7 17 31 9 14 12 4 6 8 6 3 2 13 16 15 2 9 28 1 14 6 4 6 20 5 21.1055988371372223 87.6454767454767421 
12 30 2 14 5 4 1 22 3 18 6 1 10 15 11 14 32 5 11 18 11 3 17 13 15 3 2.70999124060388841 9 29 2 10 24 1 2 1 7 17 31 9 14 12 4 6 8 6 3 2 13 16 15 2 9 28 1 14 32 9 6 20 5 21.2400689721107483 80.340659340659343 
12 30 2 14 32 5 1 22 3 18 6 1 10 15 11 14 32 5 11 18 11 3 17 13 15 3 2.70999124060388841 9 29 2 10 24 1 2 1 7 17 31 9 14 12 4 6 8 6 3 2 13 16 15 2 4 28 2 14 31 13 6 20 5 20.9592268466949463 89.9491303613644106 
12 30 2 5 7 4 1 22 3 18 6 1 10 15 11 14 32 5 11 18 11 3 17 13 15 3 2.70999124060388841 16 6 2 10 24 1 2 1 7 17 31 9 14 12 4 6 8 6 3 2 13 16 15 2 9 28 1 18 26 8 6 20 5 22.4436819553375244 64.9391167479444533 
12 30 2 5 7 4 1 22 3 18 6 1 10 15 11 14 32 5 11 18 11 3 17 13 15 3 2.70999124060388841 9 29 2 10 24 1 2 1 7 17 31 9 14 12 4 6 8 6 3 2 13 16 15 2 9 28 1 18 26 8 6 20 5 23.6200809478759766 64.1076337132603129 
12 30 2 5 7 4 1 22 3 18 6 1 10 15 11 14 32 5 11 18 11 3 17 13 15 3 2.70999124060388841 9 29 2 10 24 1 2 1 7 17 31 9 14 12 4 6 8 6 3 2 13 16 15 2 4 16 1 18 26 8 6 20 5 23.1691288948059082 64.6327262510734784 
12 30 2 14 5.34074699537910114 9 1 22 3 18 6 1 10 15 11 14 32 5 11 18 11 3 17 13 15 3 2.70999124060388841 9.25570237641795579 19 2 10 24 1 2 1 7 17 31 9 14 12 4 6 8 6 3 2 13 16 15 2 9 28 1 18 26 8 6 20 5 21.8965379595756531 67.1170062635958402 
12 30 2 5 7 4 1 22 3 18 6 1 10 15 11 14 32 5 11 18 11 3 17 13 15 3 2.70999124060388841 16 26 2.70999124060388841 10 24 1 2 1 7 17 31 9 14 12 4 6 8 6 3 2 13 16 15 2 9 28 1 1 26 5 6 20 5 21.4701128602027893 77.2605689632005408 
12 30 2 14 24 7 1 22 3 18 6 1 10 15 11 14 32 5 11 18 11 3 17 13 15 3 2.70999124060388841 6 6 2 10 24 1 2 1 7 17 31 9 14 12 4 6 8 6 3 2 13 16 15 2 9 28 1 18 26 8 6 20 5 21.1514650583267212 87.4694083694083702 
12 30 2 14 25 7 1 22 3 18 6 1 10 15 11 14 32 5 11 18 11 3 17 13 15 3 2.70999124060388841 16 19 1 10 24 1 2 1 7 17 31 9 14 12 4 6 8 6 3 2 13 16 15 2 9 28 1 18 26 8 6 20 5 21.7713520526885986 74.7697802197802162 
12 30 2 5 7 4 1 22 3 18 6 1 10 15 11 14 32 5 11 18 11 3 17 13 15 3 2.70999124060388841 16 6 2 10 24 1 2 1 7 17 31 9 14 12 4 6 8 6 3 2 13 16 15 2 9 28 1 14 6 1 6 20 5 21.2722998857498169 79.2622655122655146 
4 26 7 14 14 5 1 33 11 13 32 13 12 25 13 6 19 9 3 18 1 1 24 2.70999124060388841 2 12 3 13 24 8 17 25 6.96245171630185755 2 6 5 6 30 4 9 6 10 17 8 5 4.94126535182462057 1 6 9 15 9.82524131762891173 16 7 11 14 8 9 9 19 1 18.6503286957740784 205.066530609489462 
12 30 2 5 7 4 1 22 3 18 6 1 10 15 11 14 32 5 11 18 11 3 17 13 15 3 2.70999124060388841 16 26 2 10 24 1 2 1 7 17 31 9 14 12 4 6 8 6 3 2 13 16 15 2 9 28 1 2 6 12 6 20 5 21.65675288438797 76.8897990897990837 
12 30 2 15 5 3 1 22 3 18 6 1 10 15 11 14 32 5 11 18 11 3 17 13 15 3 2.70999124060388841 16 6 2 10 24 1 2 1 7 17 31 9 14 12 4 6 8 6 3 2 13 16 15 2 9 28 1 18 26 8 6 20 5 21.7735430002212524 73.5111403420630438 
12 30 2 2 1 10 1 22 3 18 6 1 10 15 11 14 32 5 12 5.34074699537910114 9 3 17 13 15 3 2.70999124060388841 9 29 2 10 24 1 2 1 7 17 31 9 14 12 4 6 8 6 3 2 13 16 15 2 9 28 1 14 6 9 6 20 5 20.8096919059753418 90.4136671335200788 
15 5.34074699537910114 9 9 28 1 14 14 13 17 23 3 3 26 6 9.25570237641795579 1 2 2 6 9 1 19 5 3 3 10 6 6 9 3 13 11 2 1 9 15 3 3 9 26 4 1 15 3.84646942076222631 13 6 5 13.2195649013323386 18 11 3 26 10 17 17 2 14 31 4 18.5981069505214691 205.649026268309655 
12 30 2 14 19 9 1 22 3 3 30 7 10 15 11 14 32 5 11 18 11 4 20 8 15 3 2.70999124060388841 9 29 2 10 24 1 2 1 7 17 31 9 14 12 4 6 30 10 3 2 13 16 15 2 9 28 1 18 26 8 6 20 5 20.5768919587135315 92.2408235886889969 
12 30 2 15 24 5 1 22 3 18 6 1 10 15 11 14 32 5 11 18 11 3 17 13 15 3 2.70999124060388841 16 6 2 10 24 1 2 1 7 17 31 9 14 12 4 6 8 6 3 2 13 16 15 2 9 28 1 18 26 8 6 20 5 21.516681969165802 76.9865426240426416 
12 30 2 13 31 13 1 22 3 9 12 4 12 32 10 14 32 5 11 18 11 3 17 13 6 1 11 4 15 7 10 24 1 2 1 7 17 31 9 14 12 4 6 8 6 3 2 13 16 15 2 9 28 1 14 1 8 6 20 5 18.84446781873703 154.871011065051334 
12 30 2 13 31 8 1 22 3 14 25 12 10 15 11 14 32 5 11 18 11 3 17 13 15 3 2.70999124060388841 16 6 12 10 24 1 2 1 7 17 31 9 14 12 4 6 8 6 3 2 13 16 15 2 15 26 3 18 26 8 6 20 5 19.6615138053894043 124.56179497273186 
12 30 2 14 24 9 1 22 3 18 6 1 10 15 11 14 32 5 11 18 11 3 17 13 15 3 2.70999124060388841 1 31 8 10 24 1 2 1 7 17 31 9 14 12 4 17 31 4 3 2 13 16 15 2 9 28 1 14 13 13 6 20 5 19.8980391025543213 117.234050803098569 
12 30 2 14 20 9 1 22 3 18 6 1 10 15 11 14 32 5 11 18 11 3 17 13 15 3 2.70999124060388841 16 12 8 10 24 1 2 1 7 17 31 9 14 12 4 6 8 6 3 2 13 16 15 2 9 28 1 15 26 13 6 20 5 20.4135879278182983 98.1881479631479834 
12 30 2 5 7 4 1 22 3 18 6 1 10 15 11 14 32 5 11 18 11 3 17 13 15 3 2.70999124060388841 16 6 2 10 24 1 2 1 7 17 31 9 14 12 4 6 8 6 3 2 13 16 15 2 9 28 1 3.36768017929769181 19 12 6 20 5 21.8219139575958252 73.4893374982346188 
12 30 2 5 13 10 1 22 3 18 6 1 10 15 11 14 32 5 11 18 11 4 27 2 16 2 2 9 29 2 10 24 1 2 1 7 17 31 9 14 12 4 6 8 6 3 2 13 16 15 2 9 28 1 18 26 8 5 25 10 25.2980109453201294 59.6186927299832874 
12 30 2 2 14 10 1 22 3 18 6 1 10 15 11 14 32 5 11 18 11 4 27 2 16 2 2 9 29 2 10 24 1 2 1 7 17 31 9 14 12 4 6 8 6 3 2 13 16 15 2 9 28 1 18 26 8 5 25 10 24.8579459190368652 59.6913147046651105 
12 30 2 15 14 10 1 22 3 18 6 1 10 15 11 14 32 5 11 18 11 4 27 2 16 2 2 9 29 2 10 24 1 2 1 7 17 31 9 14 12 4 6 8 6 3 2 13 16 15 2 9 28 1 18 26 8 5 25 10 24.7077839374542236 60.7706277614685746 
12 30 2 5 7 4 1 22 3 18 6 1 10 15 11 14 32 5 11 18 11 4 20 2 16 2 2 9 29 2 10 24 1 2 1 7 17 31 9 14 12 4 6 8 6 3 2 13 16 15 2 9 28 1 18 26 8 5 25 10 23.8593689203262329 60.8447960029761745 
12 30 2 5 7 4 1 22 3 18 6 1 10 15 11 14 32 5 11 18 11 4 27 2 16 2 2 9 29 2 10 24 1 2 1 7 17 31 9 14 12 4 6 8 6 3 2 13 16 15 2 9 28 1 18 26 8 5 25 10 25.3737509250640869 58.2509576560134406 

Current Evaluation = 40000000(40000100)
Front Size = 43
12 30 2 5 7 4 1 22 3 18 6 1 10 15 11 14 32 5 11 18 11 3 17 13 15 3 2.70999124060388841 16 26 2 10 24 1 2 1 7 17 31 9 14 12 4 8 6 9 3 2 13 16 15 2 9 28 1 13 19 4 6 20 5 21.1748520135879517 84.2246795783555626 
12 30 2 2 25 9 1 22 3 18 6 1 10 15 11 14 32 5 11 18 11 3 17 13 15 3 2.70999124060388841 9 29 2 10 24 1 2 1 7 17 31 9 14 12 4 6 8 6 3 2 13 16 15 2 9 28 1 4 6 2 6 20 5 21.7443968653678894 76.1581513457098822 
12 30 2 4 12 9 1 22 3 18 6 1 10 15 11 14 32 5 2 18 4 3 17 13 15 3 2.70999124060388841 9 29 2 10 24 1 2 1 7 17 31 9 14 12 4 6 8 6 3 2 13 16 15 2 9 28 1 16 6 11 6 20 5 21.028007984161377 89.1004747713608651 
12 30 2 3 31 1 15 32 6 1 16 13 15 32 5 14 32 5 4 20 9 3 17 13 15 3 2.70999124060388841 3 18 12 10 24 1 2 1 7 17 31 9 14 12 4 6 8 6 3 2 13 16 15 2 9 28 1 18 26 8 6 20 5 19.5899710059165955 127.872898044360099 
12 30 2 14 24 9 1 22 3 18 6 1 10 15 11 14 32 5 15 11 8 3 17 13 15 3 2.70999124060388841 16 15 1 10 24 1 2 1 7 17 31 9 14 12 4 6 8 6 3 2 13 16 15 2 9 28 1 3 32 4 6 20 5 20.119700014591217 105.29647025129637 
12 30 2 14 25 4 1 22 3 16 24 9 10 15 11 14 32 5 11 18 11 3 17 13 15 3 2.70999124060388841 6 19 2 10 24 1 2 1 7 17 31 9 14 12 4 6 8 6 3 2 13 16 15 2 9 28 1 18 26 8 6 20 5 20.4433820247650146 92.8493998817570514 
12 30 2 4 14 13 1 22 3 18 6 1 10 15 11 14 32 5 6 9 4 3 17 13 15 3 2.70999124060388841 9 29 2 10 24 1 2 1 7 17 31 9 14 12 4 6 8 6 3 2 13 16 15 2 9 28 1 15 26 10 6 20 5 21.2150099873542786 80.6022356739437811 
12 30 2 13 1 13 1 22 3 4 6 13 10 15 11 14 32 5 11 18 11 3 17 13 15 3 2.70999124060388841 3.36768017929769181 2 5 10 24 1 2 1 7 17 31 9 14 12 4 6 8 6 3 2 13 16 15 2 1 1 10 3 1 12 6 20 5 19.1659767627716064 134.972899211075259 
12 30 2 6 20 4 14 32 5 18 6 1 10 15 11 14 32 5 3 24 2.70999124060388841 3 17 13 15 3 2.70999124060388841 1 1 6.96245171630185755 10 24 1 2 1 7 17 31 9 14 12 4 6 8 6 3 2 13 16 15 2 9 28 1 18 26 8 6 20 5 20.066769003868103 112.365680996563356 
12 30 2 13 31 5 1 22 3 18 6 1 14 7 5 14 32 5 11 18 11 3 17 13 15 3 2.70999124060388841 4 6 13 10 24 1 2 1 7 17 31 9 14 12 4 6 8 6 3 2 13 16 15 2 4 6 13 18 26 8 6 20 5 20.1705468893051147 101.01015872309614 
1 28 6 4 15 11 2 8 7 3 15 3 6 28 4 3.36768017929769181 15 2 14 12 11 6 3 2 12 20 10 6 1 8 13 18 4 14 31 11 6 30 3 17 26 4 14 6 4 9.25570237641795579 2 13 12 11 6 4.94126535182462057 26 11 13 25 9 4 32 9.82524131762891173 17.5614038407802582 218.525677830940964 
14 30 9 8 1 9 1 22 3 18 6 1 10 15 11 14 32 5 11 18 11 3 17 13 15 3 2.70999124060388841 14 20 11 10 24 1 2 1 7 17 31 9 14 12 4 6 8 6 3 2 13 16 15 2 9 28 1 13 12 9 6 20 5 19.843438982963562 122.95970933828076 
12 30 2 1 26 12 1 22 3 18 6 1 10 15 11 14 32 5 13 24 2.70999124060388841 3 17 13 15 3 2.70999124060388841 6 12 12 10 24 1 2 1 7 17 31 9 14 12 4 6 8 6 3 2 13 16 15 2 9 28 1 1 30 2 6 20 5 19.5225769877433777 133.663001548748895 
12 30 2 1 6 3 1 22 3 18 6 1 14 12 7 14 32 5 11 18 11 3 17 13 15 3 2.70999124060388841 14 6 8 10 24 1 2 1 7 17 31 9 14 12 4 6 8 6 3 2 13 16 15 2 14 18 11 4 17 6 6 20 5 18.9046218693256378 144.489821543548032 
12 30 2 5 7 4 1 22 3 6 26 9 10 15 11 14 32 5 11 18 11 3 17 13 15 3 2.70999124060388841 9 29 2 10 24 1 2 1 7 17 31 9 14 12 4 6 8 6 3 2 13 16 15 2 9 28 1 14 6 4 6 20 5 21.1055988371372223 87.6454767454767421 
12 30 2 14 5 4 1 22 3 18 6 1 10 15 11 14 32 5 11 18 11 3 17 13 15 3 2.70999124060388841 9 29 2 10 24 1 2 1 7 17 31 9 14 12 4 6 8 6 3 2 13 16 15 2 9 28 1 14 32 9 6 20 5 21.2400689721107483 80.340659340659343 
12 30 2 14 32 5 1 22 3 18 6 1 10 15 11 14 32 5 11 18 11 3 17 13 15 3 2.70999124060388841 9 29 2 10 24 1 2 1 7 17 31 9 14 12 4 6 8 6 3 2 13 16 15 2 4 28 2 14 31 13 6 20 5 20.9592268466949463 89.9491303613644106 
12 30 2 5 7 4 1 22 3 18 6 1 10 15 11 14 32 5 11 18 11 3 17 13 15 3 2.70999124060388841 16 6 2 10 24 1 2 1 7 17 31 9 14 12 4 6 8 6 3 2 13 16 15 2 9 28 1 18 26 8 6 20 5 22.4436819553375244 64.9391167479444533 
12 30 2 5 7 4 1 22 3 18 6 1 10 15 11 14 32 5 11 18 11 3 17 13 15 3 2.70999124060388841 9 29 2 10 24 1 2 1 7 17 31 9 14 12 4 6 8 6 3 2 13 16 15 2 9 28 1 18 26 8 6 20 5 23.6200809478759766 64.1076337132603129 
12 30 2 5 7 4 1 22 3 18 6 1 10 15 11 14 32 5 11 18 11 3 17 13 15 3 2.70999124060388841 9 29 2 10 24 1 2 1 7 17 31 9 14 12 4 6 8 6 3 2 13 16 15 2 4 16 1 18 26 8 6 20 5 23.1691288948059082 64.6327262510734784 
12 30 2 14 5.34074699537910114 9 1 22 3 18 6 1 10 15 11 14 32 5 11 18 11 3 17 13 15 3 2.70999124060388841 9.25570237641795579 19 2 10 24 1 2 1 7 17 31 9 14 12 4 6 8 6 3 2 13 16 15 2 9 28 1 18 26 8 6 20 5 21.8965379595756531 67.1170062635958402 
12 30 2 5 7 4 1 22 3 18 6 1 10 15 11 14 32 5 11 18 11 3 17 13 15 3 2.70999124060388841 16 26 2.70999124060388841 10 24 1 2 1 7 17 31 9 14 12 4 6 8 6 3 2 13 16 15 2 9 28 1 1 26 5 6 20 5 21.4701128602027893 77.2605689632005408 
12 30 2 14 24 7 1 22 3 18 6 1 10 15 11 14 32 5 11 18 11 3 17 13 15 3 2.70999124060388841 6 6 2 10 24 1 2 1 7 17 31 9 14 12 4 6 8 6 3 2 13 16 15 2 9 28 1 18 26 8 6 20 5 21.1514650583267212 87.4694083694083702 
12 30 2 14 25 7 1 22 3 18 6 1 10 15 11 14 32 5 11 18 11 3 17 13 15 3 2.70999124060388841 16 19 1 10 24 1 2 1 7 17 31 9 14 12 4 6 8 6 3 2 13 16 15 2 9 28 1 18 26 8 6 20 5 21.7713520526885986 74.7697802197802162 
12 30 2 5 7 4 1 22 3 18 6 1 10 15 11 14 32 5 11 18 11 3 17 13 15 3 2.70999124060388841 16 6 2 10 24 1 2 1 7 17 31 9 14 12 4 6 8 6 3 2 13 16 15 2 9 28 1 14 6 1 6 20 5 21.2722998857498169 79.2622655122655146 
4 26 7 14 14 5 1 33 11 13 32 13 12 25 13 6 19 9 3 18 1 1 24 2.70999124060388841 2 12 3 13 24 8 17 25 6.96245171630185755 2 6 5 6 30 4 9 6 10 17 8 5 4.94126535182462057 1 6 9 15 9.82524131762891173 16 7 11 14 8 9 9 19 1 18.6503286957740784 205.066530609489462 
12 30 2 5 7 4 1 22 3 18 6 1 10 15 11 14 32 5 11 18 11 3 17 13 15 3 2.70999124060388841 16 26 2 10 24 1 2 1 7 17 31 9 14 12 4 6 8 6 3 2 13 16 15 2 9 28 1 2 6 12 6 20 5 21.65675288438797 76.8897990897990837 
12 30 2 15 5 3 1 22 3 18 6 1 10 15 11 14 32 5 11 18 11 3 17 13 15 3 2.70999124060388841 16 6 2 10 24 1 2 1 7 17 31 9 14 12 4 6 8 6 3 2 13 16 15 2 9 28 1 18 26 8 6 20 5 21.7735430002212524 73.5111403420630438 
12 30 2 2 1 10 1 22 3 18 6 1 10 15 11 14 32 5 12 5.34074699537910114 9 3 17 13 15 3 2.70999124060388841 9 29 2 10 24 1 2 1 7 17 31 9 14 12 4 6 8 6 3 2 13 16 15 2 9 28 1 14 6 9 6 20 5 20.8096919059753418 90.4136671335200788 
15 5.34074699537910114 9 9 28 1 14 14 13 17 23 3 3 26 6 9.25570237641795579 1 2 2 6 9 1 19 5 3 3 10 6 6 9 3 13 11 2 1 9 15 3 3 9 26 4 1 15 3.84646942076222631 13 6 5 13.2195649013323386 18 11 3 26 10 17 17 2 14 31 4 18.5981069505214691 205.649026268309655 
12 30 2 14 19 9 1 22 3 3 30 7 10 15 11 14 32 5 11 18 11 4 20 8 15 3 2.70999124060388841 9 29 2 10 24 1 2 1 7 17 31 9 14 12 4 6 30 10 3 2 13 16 15 2 9 28 1 18 26 8 6 20 5 20.5768919587135315 92.2408235886889969 
12 30 2 15 24 5 1 22 3 18 6 1 10 15 11 14 32 5 11 18 11 3 17 13 15 3 2.70999124060388841 16 6 2 10 24 1 2 1 7 17 31 9 14 12 4 6 8 6 3 2 13 16 15 2 9 28 1 18 26 8 6 20 5 21.516681969165802 76.9865426240426416 
12 30 2 13 31 13 1 22 3 9 12 4 12 32 10 14 32 5 11 18 11 3 17 13 6 1 11 4 15 7 10 24 1 2 1 7 17 31 9 14 12 4 6 8 6 3 2 13 16 15 2 9 28 1 14 1 8 6 20 5 18.84446781873703 154.871011065051334 
12 30 2 13 31 8 1 22 3 14 25 12 10 15 11 14 32 5 11 18 11 3 17 13 15 3 2.70999124060388841 16 6 12 10 24 1 2 1 7 17 31 9 14 12 4 6 8 6 3 2 13 16 15 2 15 26 3 18 26 8 6 20 5 19.6615138053894043 124.56179497273186 
12 30 2 14 24 9 1 22 3 18 6 1 10 15 11 14 32 5 11 18 11 3 17 13 15 3 2.70999124060388841 1 31 8 10 24 1 2 1 7 17 31 9 14 12 4 17 31 4 3 2 13 16 15 2 9 28 1 14 13 13 6 20 5 19.8980391025543213 117.234050803098569 
12 30 2 14 20 9 1 22 3 18 6 1 10 15 11 14 32 5 11 18 11 3 17 13 15 3 2.70999124060388841 16 12 8 10 24 1 2 1 7 17 31 9 14 12 4 6 8 6 3 2 13 16 15 2 9 28 1 15 26 13 6 20 5 20.4135879278182983 98.1881479631479834 
12 30 2 5 7 4 1 22 3 18 6 1 10 15 11 14 32 5 11 18 11 3 17 13 15 3 2.70999124060388841 16 6 2 10 24 1 2 1 7 17 31 9 14 12 4 6 8 6 3 2 13 16 15 2 9 28 1 3.36768017929769181 19 12 6 20 5 21.8219139575958252 73.4893374982346188 
12 30 2 5 13 10 1 22 3 18 6 1 10 15 11 14 32 5 11 18 11 4 27 2 16 2 2 9 29 2 10 24 1 2 1 7 17 31 9 14 12 4 6 8 6 3 2 13 16 15 2 9 28 1 18 26 8 5 25 10 25.2980109453201294 59.6186927299832874 
12 30 2 2 14 10 1 22 3 18 6 1 10 15 11 14 32 5 11 18 11 4 27 2 16 2 2 9 29 2 10 24 1 2 1 7 17 31 9 14 12 4 6 8 6 3 2 13 16 15 2 9 28 1 18 26 8 5 25 10 24.8579459190368652 59.6913147046651105 
12 30 2 5 7 4 1 22 3 18 6 1 10 15 11 14 32 5 11 18 11 4 20 2 16 2 2 9 29 2 10 24 1 2 1 7 17 31 9 14 12 4 6 8 6 3 2 13 16 15 2 9 28 1 18 26 8 5 25 10 23.8593689203262329 60.8447960029761745 
12 30 2 5 7 4 1 22 3 18 6 1 10 15 11 14 32 5 11 18 11 4 27 2 16 2 2 9 29 2 10 24 1 2 1 7 17 31 9 14 12 4 6 8 6 3 2 13 16 15 2 9 28 1 18 26 8 5 25 10 25.3737509250640869 58.0676641181116864 
12 30 2 15 5 9 1 22 3 18 6 1 10 15 11 14 32 5 11 18 11 4 17 12 16 2 2 9 29 2 10 24 1 2 1 7 17 31 9 14 12 4 6 8 6 3 2 13 16 15 2 9 28 1 18 26 8 5 25 10 23.4912529587745667 64.3280539375754472 
12 30 2 5 7 4 1 22 3 18 6 1 10 15 11 14 32 5 11 18 11 4 17 12 16 2 2 9 29 2 10 24 1 2 1 7 17 31 9 14 12 4 6 8 6 3 2 13 16 15 2 9 28 1 18 26 8 5 25 10 24.3094159364700317 60.3522408580374048 

Current Evaluation = 50000000(50000020)
Front Size = 46
12 30 2 5 7 4 1 22 3 18 6 1 10 15 11 14 32 5 11 18 11 3 17 13 15 3 2.70999124060388841 16 26 2 10 24 1 2 1 7 17 31 9 14 12 4 8 6 9 3 2 13 16 15 2 9 28 1 13 19 4 6 20 5 21.1748520135879517 84.2246795783555626 
12 30 2 2 25 9 1 22 3 18 6 1 10 15 11 14 32 5 11 18 11 3 17 13 15 3 2.70999124060388841 9 29 2 10 24 1 2 1 7 17 31 9 14 12 4 6 8 6 3 2 13 16 15 2 9 28 1 4 6 2 6 20 5 21.7443968653678894 76.1581513457098822 
12 30 2 4 12 9 1 22 3 18 6 1 10 15 11 14 32 5 2 18 4 3 17 13 15 3 2.70999124060388841 9 29 2 10 24 1 2 1 7 17 31 9 14 12 4 6 8 6 3 2 13 16 15 2 9 28 1 16 6 11 6 20 5 21.028007984161377 89.1004747713608651 
12 30 2 3 31 1 15 32 6 1 16 13 15 32 5 14 32 5 4 20 9 3 17 13 15 3 2.70999124060388841 3 18 12 10 24 1 2 1 7 17 31 9 14 12 4 6 8 6 3 2 13 16 15 2 9 28 1 18 26 8 6 20 5 19.5899710059165955 127.872898044360099 
12 30 2 14 24 9 1 22 3 18 6 1 10 15 11 14 32 5 15 11 8 3 17 13 15 3 2.70999124060388841 16 15 1 10 24 1 2 1 7 17 31 9 14 12 4 6 8 6 3 2 13 16 15 2 9 28 1 3 32 4 6 20 5 20.119700014591217 105.29647025129637 
12 30 2 14 25 4 1 22 3 16 24 9 10 15 11 14 32 5 11 18 11 3 17 13 15 3 2.70999124060388841 6 19 2 10 24 1 2 1 7 17 31 9 14 12 4 6 8 6 3 2 13 16 15 2 9 28 1 18 26 8 6 20 5 20.4433820247650146 92.8493998817570514 
12 30 2 4 14 13 1 22 3 18 6 1 10 15 11 14 32 5 6 9 4 3 17 13 15 3 2.70999124060388841 9 29 2 10 24 1 2 1 7 17 31 9 14 12 4 6 8 6 3 2 13 16 15 2 9 28 1 15 26 10 6 20 5 21.2150099873542786 80.6022356739437811 
12 30 2 13 1 13 1 22 3 4 6 13 10 15 11 14 32 5 11 18 11 3 17 13 15 3 2.70999124060388841 3.36768017929769181 2 5 10 24 1 2 1 7 17 31 9 14 12 4 6 8 6 3 2 13 16 15 2 1 1 10 3 1 12 6 20 5 19.1659767627716064 134.972899211075259 
12 30 2 6 20 4 14 32 5 18 6 1 10 15 11 14 32 5 3 24 2.70999124060388841 3 17 13 15 3 2.70999124060388841 1 1 6.96245171630185755 10 24 1 2 1 7 17 31 9 14 12 4 6 8 6 3 2 13 16 15 2 9 28 1 18 26 8 6 20 5 20.066769003868103 112.365680996563356 
12 30 2 13 31 5 1 22 3 18 6 1 14 7 5 14 32 5 11 18 11 3 17 13 15 3 2.70999124060388841 4 6 13 10 24 1 2 1 7 17 31 9 14 12 4 6 8 6 3 2 13 16 15 2 4 6 13 18 26 8 6 20 5 20.1705468893051147 101.01015872309614 
1 28 6 4 15 11 2 8 7 3 15 3 6 28 4 3.36768017929769181 15 2 14 12 11 6 3 2 12 20 10 6 1 8 13 18 4 14 31 11 6 30 3 17 26 4 14 6 4 9.25570237641795579 2 13 12 11 6 4.94126535182462057 26 11 13 25 9 4 32 9.82524131762891173 17.5614038407802582 218.525677830940964 
14 30 9 8 1 9 1 22 3 18 6 1 10 15 11 14 32 5 11 18 11 3 17 13 15 3 2.70999124060388841 14 20 11 10 24 1 2 1 7 17 31 9 14 12 4 6 8 6 3 2 13 16 15 2 9 28 1 13 12 9 6 20 5 19.843438982963562 122.95970933828076 
12 30 2 1 26 12 1 22 3 18 6 1 10 15 11 14 32 5 13 24 2.70999124060388841 3 17 13 15 3 2.70999124060388841 6 12 12 10 24 1 2 1 7 17 31 9 14 12 4 6 8 6 3 2 13 16 15 2 9 28 1 1 30 2 6 20 5 19.5225769877433777 133.663001548748895 
12 30 2 1 6 3 1 22 3 18 6 1 14 12 7 14 32 5 11 18 11 3 17 13 15 3 2.70999124060388841 14 6 8 10 24 1 2 1 7 17 31 9 14 12 4 6 8 6 3 2 13 16 15 2 14 18 11 4 17 6 6 20 5 18.9046218693256378 144.489821543548032 
12 30 2 5 7 4 1 22 3 6 26 9 10 15 11 14 32 5 11 18 11 3 17 13 15 3 2.70999124060388841 9 29 2 10 24 1 2 1 7 17 31 9 14 12 4 6 8 6 3 2 13 16 15 2 9 28 1 14 6 4 6 20 5 21.1055988371372223 87.6454767454767421 
12 30 2 14 5 4 1 22 3 18 6 1 10 15 11 14 32 5 11 18 11 3 17 13 15 3 2.70999124060388841 9 29 2 10 24 1 2 1 7 17 31 9 14 12 4 6 8 6 3 2 13 16 15 2 9 28 1 14 32 9 6 20 5 21.2400689721107483 80.340659340659343 
12 30 2 14 32 5 1 22 3 18 6 1 10 15 11 14 32 5 11 18 11 3 17 13 15 3 2.70999124060388841 9 29 2 10 24 1 2 1 7 17 31 9 14 12 4 6 8 6 3 2 13 16 15 2 4 28 2 14 31 13 6 20 5 20.9592268466949463 89.9491303613644106 
12 30 2 5 7 4 1 22 3 18 6 1 10 15 11 14 32 5 11 18 11 3 17 13 15 3 2.70999124060388841 16 6 2 10 24 1 2 1 7 17 31 9 14 12 4 6 8 6 3 2 13 16 15 2 9 28 1 18 26 8 6 20 5 22.4436819553375244 64.9391167479444533 
12 30 2 5 7 4 1 22 3 18 6 1 10 15 11 14 32 5 11 18 11 3 17 13 15 3 2.70999124060388841 9 29 2 10 24 1 2 1 7 17 31 9 14 12 4 6 8 6 3 2 13 16 15 2 9 28 1 18 26 8 6 20 5 23.6200809478759766 64.1076337132603129 
12 30 2 5 7 4 1 22 3 18 6 1 10 15 11 14 32 5 11 18 11 3 17 13 15 3 2.70999124060388841 9 29 2 10 24 1 2 1 7 17 31 9 14 12 4 6 8 6 3 2 13 16 15 2 4 16 1 18 26 8 6 20 5 23.1691288948059082 64.6327262510734784 
12 30 2 14 5.34074699537910114 9 1 22 3 18 6 1 10 15 11 14 32 5 11 18 11 3 17 13 15 3 2.70999124060388841 9.25570237641795579 19 2 10 24 1 2 1 7 17 31 9 14 12 4 6 8 6 3 2 13 16 15 2 9 28 1 18 26 8 6 20 5 21.8965379595756531 67.1170062635958402 
12 30 2 5 7 4 1 22 3 18 6 1 10 15 11 14 32 5 11 18 11 3 17 13 15 3 2.70999124060388841 16 26 2.70999124060388841 10 24 1 2 1 7 17 31 9 14 12 4 6 8 6 3 2 13 16 15 2 9 28 1 1 26 5 6 20 5 21.4701128602027893 77.2605689632005408 
12 30 2 14 24 7 1 22 3 18 6 1 10 15 11 14 32 5 11 18 11 3 17 13 15 3 2.70999124060388841 6 6 2 10 24 1 2 1 7 17 31 9 14 12 4 6 8 6 3 2 13 16 15 2 9 28 1 18 26 8 6 20 5 21.1514650583267212 87.4694083694083702 
12 30 2 14 25 7 1 22 3 18 6 1 10 15 11 14 32 5 11 18 11 3 17 13 15 3 2.70999124060388841 16 19 1 10 24 1 2 1 7 17 31 9 14 12 4 6 8 6 3 2 13 16 15 2 9 28 1 18 26 8 6 20 5 21.7713520526885986 74.7697802197802162 
12 30 2 5 7 4 1 22 3 18 6 1 10 15 11 14 32 5 11 18 11 3 17 13 15 3 2.70999124060388841 16 6 2 10 24 1 2 1 7 17 31 9 14 12 4 6 8 6 3 2 13 16 15 2 9 28 1 14 6 1 6 20 5 21.2722998857498169 79.2622655122655146 
4 26 7 14 14 5 1 33 11 13 32 13 12 25 13 6 19 9 3 18 1 1 24 2.70999124060388841 2 12 3 13 24 8 17 25 6.96245171630185755 2 6 5 6 30 4 9 6 10 17 8 5 4.94126535182462057 1 6 9 15 9.82524131762891173 16 7 11 14 8 9 9 19 1 18.6503286957740784 205.066530609489462 
12 30 2 5 7 4 1 22 3 18 6 1 10 15 11 14 32 5 11 18 11 3 17 13 15 3 2.70999124060388841 16 26 2 10 24 1 2 1 7 17 31 9 14 12 4 6 8 6 3 2 13 16 15 2 9 28 1 2 6 12 6 20 5 21.65675288438797 76.8897990897990837 
12 30 2 15 5 3 1 22 3 18 6 1 10 15 11 14 32 5 11 18 11 3 17 13 15 3 2.70999124060388841 16 6 2 10 24 1 2 1 7 17 31 9 14 12 4 6 8 6 3 2 13 16 15 2 9 28 1 18 26 8 6 20 5 21.7735430002212524 73.5111403420630438 
12 30 2 2 1 10 1 22 3 18 6 1 10 15 11 14 32 5 12 5.34074699537910114 9 3 17 13 15 3 2.70999124060388841 9 29 2 10 24 1 2 1 7 17 31 9 14 12 4 6 8 6 3 2 13 16 15 2 9 28 1 14 6 9 6 20 5 20.8096919059753418 90.4136671335200788 
15 5.34074699537910114 9 9 28 1 14 14 13 17 23 3 3 26 6 9.25570237641795579 1 2 2 6 9 1 19 5 3 3 10 6 6 9 3 13 11 2 1 9 15 3 3 9 26 4 1 15 3.84646942076222631 13 6 5 13.2195649013323386 18 11 3 26 10 17 17 2 14 31 4 18.5981069505214691 205.649026268309655 
12 30 2 14 19 9 1 22 3 3 30 7 10 15 11 14 32 5 11 18 11 4 20 8 15 3 2.70999124060388841 9 29 2 10 24 1 2 1 7 17 31 9 14 12 4 6 30 10 3 2 13 16 15 2 9 28 1 18 26 8 6 20 5 20.5768919587135315 92.2408235886889969 
12 30 2 15 24 5 1 22 3 18 6 1 10 15 11 14 32 5 11 18 11 3 17 13 15 3 2.70999124060388841 16 6 2 10 24 1 2 1 7 17 31 9 14 12 4 6 8 6 3 2 13 16 15 2 9 28 1 18 26 8 6 20 5 21.516681969165802 76.9865426240426416 
12 30 2 13 31 13 1 22 3 9 12 4 12 32 10 14 32 5 11 18 11 3 17 13 6 1 11 4 15 7 10 24 1 2 1 7 17 31 9 14 12 4 6 8 6 3 2 13 16 15 2 9 28 1 14 1 8 6 20 5 18.84446781873703 154.871011065051334 
12 30 2 13 31 8 1 22 3 14 25 12 10 15 11 14 32 5 11 18 11 3 17 13 15 3 2.70999124060388841 16 6 12 10 24 1 2 1 7 17 31 9 14 12 4 6 8 6 3 2 13 16 15 2 15 26 3 18 26 8 6 20 5 19.6615138053894043 124.56179497273186 
12 30 2 14 24 9 1 22 3 18 6 1 10 15 11 14 32 5 11 18 11 3 17 13 15 3 2.70999124060388841 1 31 8 10 24 1 2 1 7 17 31 9 14 12 4 17 31 4 3 2 13 16 15 2 9 28 1 14 13 13 6 20 5 19.8980391025543213 117.234050803098569 
12 30 2 14 20 9 1 22 3 18 6 1 10 15 11 14 32 5 11 18 11 3 17 13 15 3 2.70999124060388841 16 12 8 10 24 1 2 1 7 17 31 9 14 12 4 6 8 6 3 2 13 16 15 2 9 28 1 15 26 13 6 20 5 20.4135879278182983 98.1881479631479834 
12 30 2 5 7 4 1 22 3 18 6 1 10 15 11 14 32 5 11 18 11 3 17 13 15 3 2.70999124060388841 16 6 2 10 24 1 2 1 7 17 31 9 14 12 4 6 8 6 3 2 13 16 15 2 9 28 1 3.36768017929769181 19 12 6 20 5 21.8219139575958252 73.4893374982346188 
12 30 2 5 13 10 1 22 3 18 6 1 10 15 11 14 32 5 11 18 11 4 27 2 16 2 2 9 29 2 10 24 1 2 1 7 17 31 9 14 12 4 6 8 6 3 2 13 16 15 2 9 28 1 18 26 8 5 25 10 25.2980109453201294 59.6186927299832874 
12 30 2 2 14 10 1 22 3 18 6 1 10 15 11 14 32 5 11 18 11 4 27 2 16 2 2 9 29 2 10 24 1 2 1 7 17 31 9 14 12 4 6 8 6 3 2 13 16 15 2 9 28 1 18 26 8 5 25 10 24.8579459190368652 59.6913147046651105 
12 30 2 5 7 4 1 22 3 18 6 1 10 15 11 14 32 5 11 18 11 4 20 2 16 2 2 9 29 2 10 24 1 2 1 7 17 31 9 14 12 4 6 8 6 3 2 13 16 15 2 9 28 1 18 26 8 5 25 10 23.8593689203262329 60.8447960029761745 
12 30 2 15 5 9 1 22 3 18 6 1 10 15 11 14 32 5 11 18 11 4 17 12 16 2 2 9 29 2 10 24 1 2 1 7 17 31 9 14 12 4 6 8 6 3 2 13 16 15 2 9 28 1 18 26 8 5 25 10 23.4912529587745667 64.3280539375754472 
12 30 2 5 7 4 1 22 3 18 6 1 10 15 11 14 32 5 11 18 11 4 17 12 16 2 2 9 29 2 10 24 1 2 1 7 17 31 9 14 12 4 6 8 6 3 2 13 16 15 2 9 28 1 18 26 8 5 25 10 24.3094159364700317 60.3522408580374048 
12 30 2 14 12 10 1 22 3 18 6 1 10 15 11 14 32 5 11 18 11 4 27 2 16 2 2 9 29 2 10 24 1 2 1 7 17 31 9 14 12 4 6 8 6 3 2 13 16 15 2 9 28 1 18 26 8 5 25 10 24.2485459446907043 60.5027897292653734 
12 30 2 5 7 4 1 22 3 18 6 1 10 15 11 14 32 5 11 18 11 4 27 2 16 2 2 9 29 2 10 24 1 2 1 7 17 31 9 14 12 4 6 8 6 3 2 13 16 15 2 9 28 1 18 26 8 5 25 10 25.3737509250640869 57.9454970333083423 
12 30 2 5 7 4 1 22 3 18 6 1 10 15 11 14 32 5 11 18 11 4 27 2 16 2 2 3.36768017929769181 16 13 10 24 1 2 1 7 17 31 9 14 12 4 6 8 6 3 2 13 16 15 2 9 28 1 18 26 8 5 25 10 24.71185302734375 60.0473990731426994 
12 30 2 6 5.34074699537910114 6 1 22 3 18 6 1 10 15 11 14 32 5 11 18 11 4 27 2 16 2 2 9 29 2 10 24 1 2 1 7 17 31 9 14 12 4 6 8 6 3 2 13 16 15 2 9 28 1 18 26 8 5 25 10 24.6487079858779907 60.3323112088656899 

Current Evaluation = 60000000(60000080)
Front Size = 40
12 30 2 5 7 4 1 22 3 18 6 1 10 15 11 14 32 5 11 18 11 3 17 13 15 3 2.70999124060388841 16 26 2 10 24 1 2 1 7 17 31 9 14 12 4 8 6 9 3 2 13 16 15 2 9 28 1 13 19 4 6 20 5 21.1748520135879517 84.2246795783555626 
12 30 2 2 25 9 1 22 3 18 6 1 10 15 11 14 32 5 11 18 11 3 17 13 15 3 2.70999124060388841 9 29 2 10 24 1 2 1 7 17 31 9 14 12 4 6 8 6 3 2 13 16 15 2 9 28 1 4 6 2 6 20 5 21.7443968653678894 76.1581513457098822 
12 30 2 4 12 9 1 22 3 18 6 1 10 15 11 14 32 5 2 18 4 3 17 13 15 3 2.70999124060388841 9 29 2 10 24 1 2 1 7 17 31 9 14 12 4 6 8 6 3 2 13 16 15 2 9 28 1 16 6 11 6 20 5 21.028007984161377 89.1004747713608651 
12 30 2 3 31 1 15 32 6 1 16 13 15 32 5 14 32 5 4 20 9 3 17 13 15 3 2.70999124060388841 3 18 12 10 24 1 2 1 7 17 31 9 14 12 4 6 8 6 3 2 13 16 15 2 9 28 1 18 26 8 6 20 5 19.5899710059165955 127.872898044360099 
12 30 2 14 24 9 1 22 3 18 6 1 10 15 11 14 32 5 15 11 8 3 17 13 15 3 2.70999124060388841 16 15 1 10 24 1 2 1 7 17 31 9 14 12 4 6 8 6 3 2 13 16 15 2 9 28 1 3 32 4 6 20 5 20.119700014591217 105.29647025129637 
12 30 2 14 25 4 1 22 3 16 24 9 10 15 11 14 32 5 11 18 11 3 17 13 15 3 2.70999124060388841 6 19 2 10 24 1 2 1 7 17 31 9 14 12 4 6 8 6 3 2 13 16 15 2 9 28 1 18 26 8 6 20 5 20.4433820247650146 92.8493998817570514 
12 30 2 4 14 13 1 22 3 18 6 1 10 15 11 14 32 5 6 9 4 3 17 13 15 3 2.70999124060388841 9 29 2 10 24 1 2 1 7 17 31 9 14 12 4 6 8 6 3 2 13 16 15 2 9 28 1 15 26 10 6 20 5 21.2150099873542786 80.6022356739437811 
12 30 2 13 1 13 1 22 3 4 6 13 10 15 11 14 32 5 11 18 11 3 17 13 15 3 2.70999124060388841 3.36768017929769181 2 5 10 24 1 2 1 7 17 31 9 14 12 4 6 8 6 3 2 13 16 15 2 1 1 10 3 1 12 6 20 5 19.1659767627716064 134.972899211075259 
12 30 2 6 20 4 14 32 5 18 6 1 10 15 11 14 32 5 3 24 2.70999124060388841 3 17 13 15 3 2.70999124060388841 1 1 6.96245171630185755 10 24 1 2 1 7 17 31 9 14 12 4 6 8 6 3 2 13 16 15 2 9 28 1 18 26 8 6 20 5 20.066769003868103 112.365680996563356 
12 30 2 13 31 5 1 22 3 18 6 1 14 7 5 14 32 5 11 18 11 3 17 13 15 3 2.70999124060388841 4 6 13 10 24 1 2 1 7 17 31 9 14 12 4 6 8 6 3 2 13 16 15 2 4 6 13 18 26 8 6 20 5 20.1705468893051147 101.01015872309614 
1 28 6 4 15 11 2 8 7 3 15 3 6 28 4 3.36768017929769181 15 2 14 12 11 6 3 2 12 20 10 6 1 8 13 18 4 14 31 11 6 30 3 17 26 4 14 6 4 9.25570237641795579 2 13 12 11 6 4.94126535182462057 26 11 13 25 9 4 32 9.82524131762891173 17.5614038407802582 218.525677830940964 
14 30 9 8 1 9 1 22 3 18 6 1 10 15 11 14 32 5 11 18 11 3 17 13 15 3 2.70999124060388841 14 20 11 10 24 1 2 1 7 17 31 9 14 12 4 6 8 6 3 2 13 16 15 2 9 28 1 13 12 9 6 20 5 19.843438982963562 122.95970933828076 
12 30 2 1 26 12 1 22 3 18 6 1 10 15 11 14 32 5 13 24 2.70999124060388841 3 17 13 15 3 2.70999124060388841 6 12 12 10 24 1 2 1 7 17 31 9 14 12 4 6 8 6 3 2 13 16 15 2 9 28 1 1 30 2 6 20 5 19.5225769877433777 133.663001548748895 
12 30 2 1 6 3 1 22 3 18 6 1 14 12 7 14 32 5 11 18 11 3 17 13 15 3 2.70999124060388841 14 6 8 10 24 1 2 1 7 17 31 9 14 12 4 6 8 6 3 2 13 16 15 2 14 18 11 4 17 6 6 20 5 18.9046218693256378 144.489821543548032 
12 30 2 5 7 4 1 22 3 6 26 9 10 15 11 14 32 5 11 18 11 3 17 13 15 3 2.70999124060388841 9 29 2 10 24 1 2 1 7 17 31 9 14 12 4 6 8 6 3 2 13 16 15 2 9 28 1 14 6 4 6 20 5 21.1055988371372223 87.6454767454767421 
12 30 2 14 5 4 1 22 3 18 6 1 10 15 11 14 32 5 11 18 11 3 17 13 15 3 2.70999124060388841 9 29 2 10 24 1 2 1 7 17 31 9 14 12 4 6 8 6 3 2 13 16 15 2 9 28 1 14 32 9 6 20 5 21.2400689721107483 80.340659340659343 
12 30 2 14 32 5 1 22 3 18 6 1 10 15 11 14 32 5 11 18 11 3 17 13 15 3 2.70999124060388841 9 29 2 10 24 1 2 1 7 17 31 9 14 12 4 6 8 6 3 2 13 16 15 2 4 28 2 14 31 13 6 20 5 20.9592268466949463 89.9491303613644106 
12 30 2 5 7 4 1 22 3 18 6 1 10 15 11 14 32 5 11 18 11 3 17 13 15 3 2.70999124060388841 16 6 2 10 24 1 2 1 7 17 31 9 14 12 4 6 8 6 3 2 13 16 15 2 9 28 1 18 26 8 6 20 5 22.4436819553375244 64.9391167479444533 
12 30 2 5 7 4 1 22 3 18 6 1 10 15 11 14 32 5 11 18 11 3 17 13 15 3 2.70999124060388841 9 29 2 10 24 1 2 1 7 17 31 9 14 12 4 6 8 6 3 2 13 16 15 2 4 16 1 18 26 8 6 20 5 23.1691288948059082 64.6327262510734784 
12 30 2 14 5.34074699537910114 9 1 22 3 18 6 1 10 15 11 14 32 5 11 18 11 3 17 13 15 3 2.70999124060388841 9.25570237641795579 19 2 10 24 1 2 1 7 17 31 9 14 12 4 6 8 6 3 2 13 16 15 2 9 28 1 18 26 8 6 20 5 21.8965379595756531 67.1170062635958402 
12 30 2 5 7 4 1 22 3 18 6 1 10 15 11 14 32 5 11 18 11 3 17 13 15 3 2.70999124060388841 16 26 2.70999124060388841 10 24 1 2 1 7 17 31 9 14 12 4 6 8 6 3 2 13 16 15 2 9 28 1 1 26 5 6 20 5 21.4701128602027893 77.2605689632005408 
12 30 2 14 24 7 1 22 3 18 6 1 10 15 11 14 32 5 11 18 11 3 17 13 15 3 2.70999124060388841 6 6 2 10 24 1 2 1 7 17 31 9 14 12 4 6 8 6 3 2 13 16 15 2 9 28 1 18 26 8 6 20 5 21.1514650583267212 87.4694083694083702 
12 30 2 14 25 7 1 22 3 18 6 1 10 15 11 14 32 5 11 18 11 3 17 13 15 3 2.70999124060388841 16 19 1 10 24 1 2 1 7 17 31 9 14 12 4 6 8 6 3 2 13 16 15 2 9 28 1 18 26 8 6 20 5 21.7713520526885986 74.7697802197802162 
12 30 2 5 7 4 1 22 3 18 6 1 10 15 11 14 32 5 11 18 11 3 17 13 15 3 2.70999124060388841 16 6 2 10 24 1 2 1 7 17 31 9 14 12 4 6 8 6 3 2 13 16 15 2 9 28 1 14 6 1 6 20 5 21.2722998857498169 79.2622655122655146 
4 26 7 14 14 5 1 33 11 13 32 13 12 25 13 6 19 9 3 18 1 1 24 2.70999124060388841 2 12 3 13 24 8 17 25 6.96245171630185755 2 6 5 6 30 4 9 6 10 17 8 5 4.94126535182462057 1 6 9 15 9.82524131762891173 16 7 11 14 8 9 9 19 1 18.6503286957740784 205.066530609489462 
12 30 2 5 7 4 1 22 3 18 6 1 10 15 11 14 32 5 11 18 11 3 17 13 15 3 2.70999124060388841 16 26 2 10 24 1 2 1 7 17 31 9 14 12 4 6 8 6 3 2 13 16 15 2 9 28 1 2 6 12 6 20 5 21.65675288438797 76.8897990897990837 
12 30 2 15 5 3 1 22 3 18 6 1 10 15 11 14 32 5 11 18 11 3 17 13 15 3 2.70999124060388841 16 6 2 10 24 1 2 1 7 17 31 9 14 12 4 6 8 6 3 2 13 16 15 2 9 28 1 18 26 8 6 20 5 21.7735430002212524 73.5111403420630438 
12 30 2 2 1 10 1 22 3 18 6 1 10 15 11 14 32 5 12 5.34074699537910114 9 3 17 13 15 3 2.70999124060388841 9 29 2 10 24 1 2 1 7 17 31 9 14 12 4 6 8 6 3 2 13 16 15 2 9 28 1 14 6 9 6 20 5 20.8096919059753418 90.4136671335200788 
15 5.34074699537910114 9 9 28 1 14 14 13 17 23 3 3 26 6 9.25570237641795579 1 2 2 6 9 1 19 5 3 3 10 6 6 9 3 13 11 2 1 9 15 3 3 9 26 4 1 15 3.84646942076222631 13 6 5 13.2195649013323386 18 11 3 26 10 17 17 2 14 31 4 18.5981069505214691 205.649026268309655 
12 30 2 14 19 9 1 22 3 3 30 7 10 15 11 14 32 5 11 18 11 4 20 8 15 3 2.70999124060388841 9 29 2 10 24 1 2 1 7 17 31 9 14 12 4 6 30 10 3 2 13 16 15 2 9 28 1 18 26 8 6 20 5 20.5768919587135315 92.2408235886889969 
12 30 2 15 24 5 1 22 3 18 6 1 10 15 11 14 32 5 11 18 11 3 17 13 15 3 2.70999124060388841 16 6 2 10 24 1 2 1 7 17 31 9 14 12 4 6 8 6 3 2 13 16 15 2 9 28 1 18 26 8 6 20 5 21.516681969165802 76.9865426240426416 
12 30 2 13 31 13 1 22 3 9 12 4 12 32 10 14 32 5 11 18 11 3 17 13 6 1 11 4 15 7 10 24 1 2 1 7 17 31 9 14 12 4 6 8 6 3 2 13 16 15 2 9 28 1 14 1 8 6 20 5 18.84446781873703 154.871011065051334 
12 30 2 13 31 8 1 22 3 14 25 12 10 15 11 14 32 5 11 18 11 3 17 13 15 3 2.70999124060388841 16 6 12 10 24 1 2 1 7 17 31 9 14 12 4 6 8 6 3 2 13 16 15 2 15 26 3 18 26 8 6 20 5 19.6615138053894043 124.56179497273186 
12 30 2 14 24 9 1 22 3 18 6 1 10 15 11 14 32 5 11 18 11 3 17 13 15 3 2.70999124060388841 1 31 8 10 24 1 2 1 7 17 31 9 14 12 4 17 31 4 3 2 13 16 15 2 9 28 1 14 13 13 6 20 5 19.8980391025543213 117.234050803098569 
12 30 2 14 20 9 1 22 3 18 6 1 10 15 11 14 32 5 11 18 11 3 17 13 15 3 2.70999124060388841 16 12 8 10 24 1 2 1 7 17 31 9 14 12 4 6 8 6 3 2 13 16 15 2 9 28 1 15 26 13 6 20 5 20.4135879278182983 98.1881479631479834 
12 30 2 5 7 4 1 22 3 18 6 1 10 15 11 14 32 5 11 18 11 3 17 13 15 3 2.70999124060388841 16 6 2 10 24 1 2 1 7 17 31 9 14 12 4 6 8 6 3 2 13 16 15 2 9 28 1 3.36768017929769181 19 12 6 20 5 21.8219139575958252 73.4893374982346188 
12 30 2 15 5 9 1 22 3 18 6 1 10 15 11 14 32 5 11 18 11 4 17 12 16 2 2 9 29 2 10 24 1 2 1 7 17 31 9 14 12 4 6 8 6 3 2 13 16 15 2 9 28 1 18 26 8 5 25 10 23.4912529587745667 64.3280539375754472 
12 30 2 15 17 4 1 22 3 18 6 1 10 15 11 14 32 5 11 18 11 4 27 2 16 2 2 9 29 2 10 24 1 2 1 7 17 31 9 14 12 4 6 8 6 3 2 13 16 15 2 9 28 1 18 26 8 5 25 10 24.7780169248580933 58.8956291667605072 
12 30 2 15 5.34074699537910114 9 1 22 3 18 6 1 10 15 11 14 32 5 11 18 11 4 17 8 16 2 2 9 29 2 10 24 1 2 1 7 17 31 9 14 12 4 6 8 6 3 2 13 16 15 2 9 28 1 18 26 8 5 25 10 23.5324530005455017 60.0296111549360916 
12 30 2 5 7 4 1 22 3 18 6 1 10 15 11 14 32 5 11 18 11 4 27 2 16 2 2 9 29 2 10 24 1 2 1 7 17 31 9 14 12 4 6 8 6 3 2 13 16 15 2 9 28 1 18 26 8 5 25 10 25.3737509250640869 57.9169116616938808 

Current Evaluation = 70000000(70000000)
Front Size = 41
12 30 2 5 7 4 1 22 3 18 6 1 10 15 11 14 32 5 11 18 11 3 17 13 15 3 2.70999124060388841 16 26 2 10 24 1 2 1 7 17 31 9 14 12 4 8 6 9 3 2 13 16 15 2 9 28 1 13 19 4 6 20 5 21.1748520135879517 84.2246795783555626 
12 30 2 2 25 9 1 22 3 18 6 1 10 15 11 14 32 5 11 18 11 3 17 13 15 3 2.70999124060388841 9 29 2 10 24 1 2 1 7 17 31 9 14 12 4 6 8 6 3 2 13 16 15 2 9 28 1 4 6 2 6 20 5 21.7443968653678894 76.1581513457098822 
12 30 2 4 12 9 1 22 3 18 6 1 10 15 11 14 32 5 2 18 4 3 17 13 15 3 2.70999124060388841 9 29 2 10 24 1 2 1 7 17 31 9 14 12 4 6 8 6 3 2 13 16 15 2 9 28 1 16 6 11 6 20 5 21.028007984161377 89.1004747713608651 
12 30 2 3 31 1 15 32 6 1 16 13 15 32 5 14 32 5 4 20 9 3 17 13 15 3 2.70999124060388841 3 18 12 10 24 1 2 1 7 17 31 9 14 12 4 6 8 6 3 2 13 16 15 2 9 28 1 18 26 8 6 20 5 19.5899710059165955 127.872898044360099 
12 30 2 14 24 9 1 22 3 18 6 1 10 15 11 14 32 5 15 11 8 3 17 13 15 3 2.70999124060388841 16 15 1 10 24 1 2 1 7 17 31 9 14 12 4 6 8 6 3 2 13 16 15 2 9 28 1 3 32 4 6 20 5 20.119700014591217 105.29647025129637 
12 30 2 14 25 4 1 22 3 16 24 9 10 15 11 14 32 5 11 18 11 3 17 13 15 3 2.70999124060388841 6 19 2 10 24 1 2 1 7 17 31 9 14 12 4 6 8 6 3 2 13 16 15 2 9 28 1 18 26 8 6 20 5 20.4433820247650146 92.8493998817570514 
12 30 2 4 14 13 1 22 3 18 6 1 10 15 11 14 32 5 6 9 4 3 17 13 15 3 2.70999124060388841 9 29 2 10 24 1 2 1 7 17 31 9 14 12 4 6 8 6 3 2 13 16 15 2 9 28 1 15 26 10 6 20 5 21.2150099873542786 80.6022356739437811 
12 30 2 13 1 13 1 22 3 4 6 13 10 15 11 14 32 5 11 18 11 3 17 13 15 3 2.70999124060388841 3.36768017929769181 2 5 10 24 1 2 1 7 17 31 9 14 12 4 6 8 6 3 2 13 16 15 2 1 1 10 3 1 12 6 20 5 19.1659767627716064 134.972899211075259 
12 30 2 6 20 4 14 32 5 18 6 1 10 15 11 14 32 5 3 24 2.70999124060388841 3 17 13 15 3 2.70999124060388841 1 1 6.96245171630185755 10 24 1 2 1 7 17 31 9 14 12 4 6 8 6 3 2 13 16 15 2 9 28 1 18 26 8 6 20 5 20.066769003868103 112.365680996563356 
12 30 2 13 31 5 1 22 3 18 6 1 14 7 5 14 32 5 11 18 11 3 17 13 15 3 2.70999124060388841 4 6 13 10 24 1 2 1 7 17 31 9 14 12 4 6 8 6 3 2 13 16 15 2 4 6 13 18 26 8 6 20 5 20.1705468893051147 101.01015872309614 
1 28 6 4 15 11 2 8 7 3 15 3 6 28 4 3.36768017929769181 15 2 14 12 11 6 3 2 12 20 10 6 1 8 13 18 4 14 31 11 6 30 3 17 26 4 14 6 4 9.25570237641795579 2 13 12 11 6 4.94126535182462057 26 11 13 25 9 4 32 9.82524131762891173 17.5614038407802582 218.525677830940964 
14 30 9 8 1 9 1 22 3 18 6 1 10 15 11 14 32 5 11 18 11 3 17 13 15 3 2.70999124060388841 14 20 11 10 24 1 2 1 7 17 31 9 14 12 4 6 8 6 3 2 13 16 15 2 9 28 1 13 12 9 6 20 5 19.843438982963562 122.95970933828076 
12 30 2 1 26 12 1 22 3 18 6 1 10 15 11 14 32 5 13 24 2.70999124060388841 3 17 13 15 3 2.70999124060388841 6 12 12 10 24 1 2 1 7 17 31 9 14 12 4 6 8 6 3 2 13 16 15 2 9 28 1 1 30 2 6 20 5 19.5225769877433777 133.663001548748895 
12 30 2 1 6 3 1 22 3 18 6 1 14 12 7 14 32 5 11 18 11 3 17 13 15 3 2.70999124060388841 14 6 8 10 24 1 2 1 7 17 31 9 14 12 4 6 8 6 3 2 13 16 15 2 14 18 11 4 17 6 6 20 5 18.9046218693256378 144.489821543548032 
12 30 2 5 7 4 1 22 3 6 26 9 10 15 11 14 32 5 11 18 11 3 17 13 15 3 2.70999124060388841 9 29 2 10 24 1 2 1 7 17 31 9 14 12 4 6 8 6 3 2 13 16 15 2 9 28 1 14 6 4 6 20 5 21.1055988371372223 87.6454767454767421 
12 30 2 14 5 4 1 22 3 18 6 1 10 15 11 14 32 5 11 18 11 3 17 13 15 3 2.70999124060388841 9 29 2 10 24 1 2 1 7 17 31 9 14 12 4 6 8 6 3 2 13 16 15 2 9 28 1 14 32 9 6 20 5 21.2400689721107483 80.340659340659343 
12 30 2 14 32 5 1 22 3 18 6 1 10 15 11 14 32 5 11 18 11 3 17 13 15 3 2.70999124060388841 9 29 2 10 24 1 2 1 7 17 31 9 14 12 4 6 8 6 3 2 13 16 15 2 4 28 2 14 31 13 6 20 5 20.9592268466949463 89.9491303613644106 
12 30 2 5 7 4 1 22 3 18 6 1 10 15 11 14 32 5 11 18 11 3 17 13 15 3 2.70999124060388841 16 6 2 10 24 1 2 1 7 17 31 9 14 12 4 6 8 6 3 2 13 16 15 2 9 28 1 18 26 8 6 20 5 22.4436819553375244 64.9391167479444533 
12 30 2 5 7 4 1 22 3 18 6 1 10 15 11 14 32 5 11 18 11 3 17 13 15 3 2.70999124060388841 9 29 2 10 24 1 2 1 7 17 31 9 14 12 4 6 8 6 3 2 13 16 15 2 4 16 1 18 26 8 6 20 5 23.1691288948059082 64.6327262510734784 
12 30 2 14 5.34074699537910114 9 1 22 3 18 6 1 10 15 11 14 32 5 11 18 11 3 17 13 15 3 2.70999124060388841 9.25570237641795579 19 2 10 24 1 2 1 7 17 31 9 14 12 4 6 8 6 3 2 13 16 15 2 9 28 1 18 26 8 6 20 5 21.8965379595756531 67.1170062635958402 
12 30 2 5 7 4 1 22 3 18 6 1 10 15 11 14 32 5 11 18 11 3 17 13 15 3 2.70999124060388841 16 26 2.70999124060388841 10 24 1 2 1 7 17 31 9 14 12 4 6 8 6 3 2 13 16 15 2 9 28 1 1 26 5 6 20 5 21.4701128602027893 77.2605689632005408 
12 30 2 14 24 7 1 22 3 18 6 1 10 15 11 14 32 5 11 18 11 3 17 13 15 3 2.70999124060388841 6 6 2 10 24 1 2 1 7 17 31 9 14 12 4 6 8 6 3 2 13 16 15 2 9 28 1 18 26 8 6 20 5 21.1514650583267212 87.4694083694083702 
12 30 2 14 25 7 1 22 3 18 6 1 10 15 11 14 32 5 11 18 11 3 17 13 15 3 2.70999124060388841 16 19 1 10 24 1 2 1 7 17 31 9 14 12 4 6 8 6 3 2 13 16 15 2 9 28 1 18 26 8 6 20 5 21.7713520526885986 74.7697802197802162 
12 30 2 5 7 4 1 22 3 18 6 1 10 15 11 14 32 5 11 18 11 3 17 13 15 3 2.70999124060388841 16 6 2 10 24 1 2 1 7 17 31 9 14 12 4 6 8 6 3 2 13 16 15 2 9 28 1 14 6 1 6 20 5 21.2722998857498169 79.2622655122655146 
4 26 7 14 14 5 1 33 11 13 32 13 12 25 13 6 19 9 3 18 1 1 24 2.70999124060388841 2 12 3 13 24 8 17 25 6.96245171630185755 2 6 5 6 30 4 9 6 10 17 8 5 4.94126535182462057 1 6 9 15 9.82524131762891173 16 7 11 14 8 9 9 19 1 18.6503286957740784 205.066530609489462 
12 30 2 5 7 4 1 22 3 18 6 1 10 15 11 14 32 5 11 18 11 3 17 13 15 3 2.70999124060388841 16 26 2 10 24 1 2 1 7 17 31 9 14 12 4 6 8 6 3 2 13 16 15 2 9 28 1 2 6 12 6 20 5 21.65675288438797 76.8897990897990837 
12 30 2 15 5 3 1 22 3 18 6 1 10 15 11 14 32 5 11 18 11 3 17 13 15 3 2.70999124060388841 16 6 2 10 24 1 2 1 7 17 31 9 14 12 4 6 8 6 3 2 13 16 15 2 9 28 1 18 26 8 6 20 5 21.7735430002212524 73.5111403420630438 
12 30 2 2 1 10 1 22 3 18 6 1 10 15 11 14 32 5 12 5.34074699537910114 9 3 17 13 15 3 2.70999124060388841 9 29 2 10 24 1 2 1 7 17 31 9 14 12 4 6 8 6 3 2 13 16 15 2 9 28 1 14 6 9 6 20 5 20.8096919059753418 90.4136671335200788 
15 5.34074699537910114 9 9 28 1 14 14 13 17 23 3 3 26 6 9.25570237641795579 1 2 2 6 9 1 19 5 3 3 10 6 6 9 3 13 11 2 1 9 15 3 3 9 26 4 1 15 3.84646942076222631 13 6 5 13.2195649013323386 18 11 3 26 10 17 17 2 14 31 4 18.5981069505214691 205.649026268309655 
12 30 2 14 19 9 1 22 3 3 30 7 10 15 11 14 32 5 11 18 11 4 20 8 15 3 2.70999124060388841 9 29 2 10 24 1 2 1 7 17 31 9 14 12 4 6 30 10 3 2 13 16 15 2 9 28 1 18 26 8 6 20 5 20.5768919587135315 92.2408235886889969 
12 30 2 15 24 5 1 22 3 18 6 1 10 15 11 14 32 5 11 18 11 3 17 13 15 3 2.70999124060388841 16 6 2 10 24 1 2 1 7 17 31 9 14 12 4 6 8 6 3 2 13 16 15 2 9 28 1 18 26 8 6 20 5 21.516681969165802 76.9865426240426416 
12 30 2 13 31 13 1 22 3 9 12 4 12 32 10 14 32 5 11 18 11 3 17 13 6 1 11 4 15 7 10 24 1 2 1 7 17 31 9 14 12 4 6 8 6 3 2 13 16 15 2 9 28 1 14 1 8 6 20 5 18.84446781873703 154.871011065051334 
12 30 2 13 31 8 1 22 3 14 25 12 10 15 11 14 32 5 11 18 11 3 17 13 15 3 2.70999124060388841 16 6 12 10 24 1 2 1 7 17 31 9 14 12 4 6 8 6 3 2 13 16 15 2 15 26 3 18 26 8 6 20 5 19.6615138053894043 124.56179497273186 
12 30 2 14 24 9 1 22 3 18 6 1 10 15 11 14 32 5 11 18 11 3 17 13 15 3 2.70999124060388841 1 31 8 10 24 1 2 1 7 17 31 9 14 12 4 17 31 4 3 2 13 16 15 2 9 28 1 14 13 13 6 20 5 19.8980391025543213 117.234050803098569 
12 30 2 14 20 9 1 22 3 18 6 1 10 15 11 14 32 5 11 18 11 3 17 13 15 3 2.70999124060388841 16 12 8 10 24 1 2 1 7 17 31 9 14 12 4 6 8 6 3 2 13 16 15 2 9 28 1 15 26 13 6 20 5 20.4135879278182983 98.1881479631479834 
12 30 2 5 7 4 1 22 3 18 6 1 10 15 11 14 32 5 11 18 11 3 17 13 15 3 2.70999124060388841 16 6 2 10 24 1 2 1 7 17 31 9 14 12 4 6 8 6 3 2 13 16 15 2 9 28 1 3.36768017929769181 19 12 6 20 5 21.8219139575958252 73.4893374982346188 
12 30 2 15 5 9 1 22 3 18 6 1 10 15 11 14 32 5 11 18 11 4 17 12 16 2 2 9 29 2 10 24 1 2 1 7 17 31 9 14 12 4 6 8 6 3 2 13 16 15 2 9 28 1 18 26 8 5 25 10 23.4912529587745667 64.3280539375754472 
12 30 2 15 17 4 1 22 3 18 6 1 10 15 11 14 32 5 11 18 11 4 27 2 16 2 2 9 29 2 10 24 1 2 1 7 17 31 9 14 12 4 6 8 6 3 2 13 16 15 2 9 28 1 18 26 8 5 25 10 24.7780169248580933 58.8956291667605072 
12 30 2 15 5.34074699537910114 9 1 22 3 18 6 1 10 15 11 14 32 5 11 18 11 4 17 8 16 2 2 9 29 2 10 24 1 2 1 7 17 31 9 14 12 4 6 8 6 3 2 13 16 15 2 9 28 1 18 26 8 5 25 10 23.5324530005455017 60.0296111549360916 
12 30 2 5 7 4 1 22 3 18 6 1 10 15 11 14 32 5 11 18 11 4 27 2 16 2 2 9 29 2 10 24 1 2 1 7 17 31 9 14 12 4 6 8 6 3 2 13 16 15 2 9 28 1 18 26 8 5 25 10 25.3737509250640869 57.9169116616938808 
12 30 2 5 7 4 1 22 3 18 6 1 10 15 11 14 32 5 11 18 11 4 27 2 16 2 2 9 29 2 10 24 1 2 1 7 17 31 9 14 12 4 6 8 6 3 2 13 16 15 2 9 28 1 18 26 8 1 25 7 24.7594348788261414 59.9634518136500176 

Current Evaluation = 80000000(80000060)
Front Size = 41
12 30 2 5 7 4 1 22 3 18 6 1 10 15 11 14 32 5 11 18 11 3 17 13 15 3 2.70999124060388841 16 26 2 10 24 1 2 1 7 17 31 9 14 12 4 8 6 9 3 2 13 16 15 2 9 28 1 13 19 4 6 20 5 21.1748520135879517 84.2246795783555626 
12 30 2 2 25 9 1 22 3 18 6 1 10 15 11 14 32 5 11 18 11 3 17 13 15 3 2.70999124060388841 9 29 2 10 24 1 2 1 7 17 31 9 14 12 4 6 8 6 3 2 13 16 15 2 9 28 1 4 6 2 6 20 5 21.7443968653678894 76.1581513457098822 
12 30 2 4 12 9 1 22 3 18 6 1 10 15 11 14 32 5 2 18 4 3 17 13 15 3 2.70999124060388841 9 29 2 10 24 1 2 1 7 17 31 9 14 12 4 6 8 6 3 2 13 16 15 2 9 28 1 16 6 11 6 20 5 21.028007984161377 89.1004747713608651 
12 30 2 3 31 1 15 32 6 1 16 13 15 32 5 14 32 5 4 20 9 3 17 13 15 3 2.70999124060388841 3 18 12 10 24 1 2 1 7 17 31 9 14 12 4 6 8 6 3 2 13 16 15 2 9 28 1 18 26 8 6 20 5 19.5899710059165955 127.872898044360099 
12 30 2 14 24 9 1 22 3 18 6 1 10 15 11 14 32 5 15 11 8 3 17 13 15 3 2.70999124060388841 16 15 1 10 24 1 2 1 7 17 31 9 14 12 4 6 8 6 3 2 13 16 15 2 9 28 1 3 32 4 6 20 5 20.119700014591217 105.29647025129637 
12 30 2 14 25 4 1 22 3 16 24 9 10 15 11 14 32 5 11 18 11 3 17 13 15 3 2.70999124060388841 6 19 2 10 24 1 2 1 7 17 31 9 14 12 4 6 8 6 3 2 13 16 15 2 9 28 1 18 26 8 6 20 5 20.4433820247650146 92.8493998817570514 
12 30 2 4 14 13 1 22 3 18 6 1 10 15 11 14 32 5 6 9 4 3 17 13 15 3 2.70999124060388841 9 29 2 10 24 1 2 1 7 17 31 9 14 12 4 6 8 6 3 2 13 16 15 2 9 28 1 15 26 10 6 20 5 21.2150099873542786 80.6022356739437811 
12 30 2 13 1 13 1 22 3 4 6 13 10 15 11 14 32 5 11 18 11 3 17 13 15 3 2.70999124060388841 3.36768017929769181 2 5 10 24 1 2 1 7 17 31 9 14 12 4 6 8 6 3 2 13 16 15 2 1 1 10 3 1 12 6 20 5 19.1659767627716064 134.972899211075259 
12 30 2 6 20 4 14 32 5 18 6 1 10 15 11 14 32 5 3 24 2.70999124060388841 3 17 13 15 3 2.70999124060388841 1 1 6.96245171630185755 10 24 1 2 1 7 17 31 9 14 12 4 6 8 6 3 2 13 16 15 2 9 28 1 18 26 8 6 20 5 20.066769003868103 112.365680996563356 
12 30 2 13 31 5 1 22 3 18 6 1 14 7 5 14 32 5 11 18 11 3 17 13 15 3 2.70999124060388841 4 6 13 10 24 1 2 1 7 17 31 9 14 12 4 6 8 6 3 2 13 16 15 2 4 6 13 18 26 8 6 20 5 20.1705468893051147 101.01015872309614 
1 28 6 4 15 11 2 8 7 3 15 3 6 28 4 3.36768017929769181 15 2 14 12 11 6 3 2 12 20 10 6 1 8 13 18 4 14 31 11 6 30 3 17 26 4 14 6 4 9.25570237641795579 2 13 12 11 6 4.94126535182462057 26 11 13 25 9 4 32 9.82524131762891173 17.5614038407802582 218.525677830940964 
14 30 9 8 1 9 1 22 3 18 6 1 10 15 11 14 32 5 11 18 11 3 17 13 15 3 2.70999124060388841 14 20 11 10 24 1 2 1 7 17 31 9 14 12 4 6 8 6 3 2 13 16 15 2 9 28 1 13 12 9 6 20 5 19.843438982963562 122.95970933828076 
12 30 2 1 26 12 1 22 3 18 6 1 10 15 11 14 32 5 13 24 2.70999124060388841 3 17 13 15 3 2.70999124060388841 6 12 12 10 24 1 2 1 7 17 31 9 14 12 4 6 8 6 3 2 13 16 15 2 9 28 1 1 30 2 6 20 5 19.5225769877433777 133.663001548748895 
12 30 2 1 6 3 1 22 3 18 6 1 14 12 7 14 32 5 11 18 11 3 17 13 15 3 2.70999124060388841 14 6 8 10 24 1 2 1 7 17 31 9 14 12 4 6 8 6 3 2 13 16 15 2 14 18 11 4 17 6 6 20 5 18.9046218693256378 144.489821543548032 
12 30 2 5 7 4 1 22 3 6 26 9 10 15 11 14 32 5 11 18 11 3 17 13 15 3 2.70999124060388841 9 29 2 10 24 1 2 1 7 17 31 9 14 12 4 6 8 6 3 2 13 16 15 2 9 28 1 14 6 4 6 20 5 21.1055988371372223 87.6454767454767421 
12 30 2 14 5 4 1 22 3 18 6 1 10 15 11 14 32 5 11 18 11 3 17 13 15 3 2.70999124060388841 9 29 2 10 24 1 2 1 7 17 31 9 14 12 4 6 8 6 3 2 13 16 15 2 9 28 1 14 32 9 6 20 5 21.2400689721107483 80.340659340659343 
12 30 2 14 32 5 1 22 3 18 6 1 10 15 11 14 32 5 11 18 11 3 17 13 15 3 2.70999124060388841 9 29 2 10 24 1 2 1 7 17 31 9 14 12 4 6 8 6 3 2 13 16 15 2 4 28 2 14 31 13 6 20 5 20.9592268466949463 89.9491303613644106 
12 30 2 5 7 4 1 22 3 18 6 1 10 15 11 14 32 5 11 18 11 3 17 13 15 3 2.70999124060388841 16 6 2 10 24 1 2 1 7 17 31 9 14 12 4 6 8 6 3 2 13 16 15 2 9 28 1 18 26 8 6 20 5 22.4436819553375244 64.9391167479444533 
12 30 2 5 7 4 1 22 3 18 6 1 10 15 11 14 32 5 11 18 11 3 17 13 15 3 2.70999124060388841 9 29 2 10 24 1 2 1 7 17 31 9 14 12 4 6 8 6 3 2 13 16 15 2 4 16 1 18 26 8 6 20 5 23.1691288948059082 64.6327262510734784 
12 30 2 14 5.34074699537910114 9 1 22 3 18 6 1 10 15 11 14 32 5 11 18 11 3 17 13 15 3 2.70999124060388841 9.25570237641795579 19 2 10 24 1 2 1 7 17 31 9 14 12 4 6 8 6 3 2 13 16 15 2 9 28 1 18 26 8 6 20 5 21.8965379595756531 67.1170062635958402 
12 30 2 5 7 4 1 22 3 18 6 1 10 15 11 14 32 5 11 18 11 3 17 13 15 3 2.70999124060388841 16 26 2.70999124060388841 10 24 1 2 1 7 17 31 9 14 12 4 6 8 6 3 2 13 16 15 2 9 28 1 1 26 5 6 20 5 21.4701128602027893 77.2605689632005408 
12 30 2 14 24 7 1 22 3 18 6 1 10 15 11 14 32 5 11 18 11 3 17 13 15 3 2.70999124060388841 6 6 2 10 24 1 2 1 7 17 31 9 14 12 4 6 8 6 3 2 13 16 15 2 9 28 1 18 26 8 6 20 5 21.1514650583267212 87.4694083694083702 
12 30 2 14 25 7 1 22 3 18 6 1 10 15 11 14 32 5 11 18 11 3 17 13 15 3 2.70999124060388841 16 19 1 10 24 1 2 1 7 17 31 9 14 12 4 6 8 6 3 2 13 16 15 2 9 28 1 18 26 8 6 20 5 21.7713520526885986 74.7697802197802162 
12 30 2 5 7 4 1 22 3 18 6 1 10 15 11 14 32 5 11 18 11 3 17 13 15 3 2.70999124060388841 16 6 2 10 24 1 2 1 7 17 31 9 14 12 4 6 8 6 3 2 13 16 15 2 9 28 1 14 6 1 6 20 5 21.2722998857498169 79.2622655122655146 
4 26 7 14 14 5 1 33 11 13 32 13 12 25 13 6 19 9 3 18 1 1 24 2.70999124060388841 2 12 3 13 24 8 17 25 6.96245171630185755 2 6 5 6 30 4 9 6 10 17 8 5 4.94126535182462057 1 6 9 15 9.82524131762891173 16 7 11 14 8 9 9 19 1 18.6503286957740784 205.066530609489462 
12 30 2 5 7 4 1 22 3 18 6 1 10 15 11 14 32 5 11 18 11 3 17 13 15 3 2.70999124060388841 16 26 2 10 24 1 2 1 7 17 31 9 14 12 4 6 8 6 3 2 13 16 15 2 9 28 1 2 6 12 6 20 5 21.65675288438797 76.8897990897990837 
12 30 2 15 5 3 1 22 3 18 6 1 10 15 11 14 32 5 11 18 11 3 17 13 15 3 2.70999124060388841 16 6 2 10 24 1 2 1 7 17 31 9 14 12 4 6 8 6 3 2 13 16 15 2 9 28 1 18 26 8 6 20 5 21.7735430002212524 73.5111403420630438 
12 30 2 2 1 10 1 22 3 18 6 1 10 15 11 14 32 5 12 5.34074699537910114 9 3 17 13 15 3 2.70999124060388841 9 29 2 10 24 1 2 1 7 17 31 9 14 12 4 6 8 6 3 2 13 16 15 2 9 28 1 14 6 9 6 20 5 20.8096919059753418 90.4136671335200788 
15 5.34074699537910114 9 9 28 1 14 14 13 17 23 3 3 26 6 9.25570237641795579 1 2 2 6 9 1 19 5 3 3 10 6 6 9 3 13 11 2 1 9 15 3 3 9 26 4 1 15 3.84646942076222631 13 6 5 13.2195649013323386 18 11 3 26 10 17 17 2 14 31 4 18.5981069505214691 205.649026268309655 
12 30 2 14 19 9 1 22 3 3 30 7 10 15 11 14 32 5 11 18 11 4 20 8 15 3 2.70999124060388841 9 29 2 10 24 1 2 1 7 17 31 9 14 12 4 6 30 10 3 2 13 16 15 2 9 28 1 18 26 8 6 20 5 20.5768919587135315 92.2408235886889969 
12 30 2 15 24 5 1 22 3 18 6 1 10 15 11 14 32 5 11 18 11 3 17 13 15 3 2.70999124060388841 16 6 2 10 24 1 2 1 7 17 31 9 14 12 4 6 8 6 3 2 13 16 15 2 9 28 1 18 26 8 6 20 5 21.516681969165802 76.9865426240426416 
12 30 2 13 31 13 1 22 3 9 12 4 12 32 10 14 32 5 11 18 11 3 17 13 6 1 11 4 15 7 10 24 1 2 1 7 17 31 9 14 12 4 6 8 6 3 2 13 16 15 2 9 28 1 14 1 8 6 20 5 18.84446781873703 154.871011065051334 
12 30 2 13 31 8 1 22 3 14 25 12 10 15 11 14 32 5 11 18 11 3 17 13 15 3 2.70999124060388841 16 6 12 10 24 1 2 1 7 17 31 9 14 12 4 6 8 6 3 2 13 16 15 2 15 26 3 18 26 8 6 20 5 19.6615138053894043 124.56179497273186 
12 30 2 14 24 9 1 22 3 18 6 1 10 15 11 14 32 5 11 18 11 3 17 13 15 3 2.70999124060388841 1 31 8 10 24 1 2 1 7 17 31 9 14 12 4 17 31 4 3 2 13 16 15 2 9 28 1 14 13 13 6 20 5 19.8980391025543213 117.234050803098569 
12 30 2 14 20 9 1 22 3 18 6 1 10 15 11 14 32 5 11 18 11 3 17 13 15 3 2.70999124060388841 16 12 8 10 24 1 2 1 7 17 31 9 14 12 4 6 8 6 3 2 13 16 15 2 9 28 1 15 26 13 6 20 5 20.4135879278182983 98.1881479631479834 
12 30 2 5 7 4 1 22 3 18 6 1 10 15 11 14 32 5 11 18 11 3 17 13 15 3 2.70999124060388841 16 6 2 10 24 1 2 1 7 17 31 9 14 12 4 6 8 6 3 2 13 16 15 2 9 28 1 3.36768017929769181 19 12 6 20 5 21.8219139575958252 73.4893374982346188 
12 30 2 15 5 9 1 22 3 18 6 1 10 15 11 14 32 5 11 18 11 4 17 12 16 2 2 9 29 2 10 24 1 2 1 7 17 31 9 14 12 4 6 8 6 3 2 13 16 15 2 9 28 1 18 26 8 5 25 10 23.4912529587745667 64.3280539375754472 
12 30 2 15 5.34074699537910114 9 1 22 3 18 6 1 10 15 11 14 32 5 11 18 11 4 17 8 16 2 2 9 29 2 10 24 1 2 1 7 17 31 9 14 12 4 6 8 6 3 2 13 16 15 2 9 28 1 18 26 8 5 25 10 23.5324530005455017 60.0296111549360916 
12 30 2 5 7 4 1 22 3 18 6 1 10 15 11 14 32 5 11 18 11 4 27 2 16 2 2 9 29 2 10 24 1 2 1 7 17 31 9 14 12 4 6 8 6 3 2 13 16 15 2 9 28 1 18 26 8 5 25 10 25.3737509250640869 57.1784371772107605 
4 24 2.70999124060388841 13 5 5 4 14 8 17 24 12 4 16.1354543567662532 12 12 32 5 14 30 9 3 12 1 6 1 7 4.94126535182462057 12 13 5 18 3 17 20 8 1 2 8 15 24 9.82524131762891173 4 32 3 2 15 11 6 33 1 17.8244721320812971 25 1 13 1 9 17 25 1 18.2131336331367493 211.564107091223747 
12 30 2 2 5.34074699537910114 7 1 22 3 18 6 1 10 15 11 14 32 5 11 18 11 4 27 2 16 2 2 9 29 2 10 24 1 2 1 7 17 31 9 14 12 4 6 8 6 3 2 13 16 15 2 9 28 1 18 26 8 5 25 10 24.7537739276885986 58.2090867602124931 

Current Evaluation = 90000000(90000120)
Front Size = 41
12 30 2 5 7 4 1 22 3 18 6 1 10 15 11 14 32 5 11 18 11 3 17 13 15 3 2.70999124060388841 16 26 2 10 24 1 2 1 7 17 31 9 14 12 4 8 6 9 3 2 13 16 15 2 9 28 1 13 19 4 6 20 5 21.1748520135879517 84.2246795783555626 
12 30 2 2 25 9 1 22 3 18 6 1 10 15 11 14 32 5 11 18 11 3 17 13 15 3 2.70999124060388841 9 29 2 10 24 1 2 1 7 17 31 9 14 12 4 6 8 6 3 2 13 16 15 2 9 28 1 4 6 2 6 20 5 21.7443968653678894 76.1581513457098822 
12 30 2 4 12 9 1 22 3 18 6 1 10 15 11 14 32 5 2 18 4 3 17 13 15 3 2.70999124060388841 9 29 2 10 24 1 2 1 7 17 31 9 14 12 4 6 8 6 3 2 13 16 15 2 9 28 1 16 6 11 6 20 5 21.028007984161377 89.1004747713608651 
12 30 2 3 31 1 15 32 6 1 16 13 15 32 5 14 32 5 4 20 9 3 17 13 15 3 2.70999124060388841 3 18 12 10 24 1 2 1 7 17 31 9 14 12 4 6 8 6 3 2 13 16 15 2 9 28 1 18 26 8 6 20 5 19.5899710059165955 127.872898044360099 
12 30 2 14 24 9 1 22 3 18 6 1 10 15 11 14 32 5 15 11 8 3 17 13 15 3 2.70999124060388841 16 15 1 10 24 1 2 1 7 17 31 9 14 12 4 6 8 6 3 2 13 16 15 2 9 28 1 3 32 4 6 20 5 20.119700014591217 105.29647025129637 
12 30 2 14 25 4 1 22 3 16 24 9 10 15 11 14 32 5 11 18 11 3 17 13 15 3 2.70999124060388841 6 19 2 10 24 1 2 1 7 17 31 9 14 12 4 6 8 6 3 2 13 16 15 2 9 28 1 18 26 8 6 20 5 20.4433820247650146 92.8493998817570514 
12 30 2 4 14 13 1 22 3 18 6 1 10 15 11 14 32 5 6 9 4 3 17 13 15 3 2.70999124060388841 9 29 2 10 24 1 2 1 7 17 31 9 14 12 4 6 8 6 3 2 13 16 15 2 9 28 1 15 26 10 6 20 5 21.2150099873542786 80.6022356739437811 
12 30 2 13 1 13 1 22 3 4 6 13 10 15 11 14 32 5 11 18 11 3 17 13 15 3 2.70999124060388841 3.36768017929769181 2 5 10 24 1 2 1 7 17 31 9 14 12 4 6 8 6 3 2 13 16 15 2 1 1 10 3 1 12 6 20 5 19.1659767627716064 134.972899211075259 
12 30 2 6 20 4 14 32 5 18 6 1 10 15 11 14 32 5 3 24 2.70999124060388841 3 17 13 15 3 2.70999124060388841 1 1 6.96245171630185755 10 24 1 2 1 7 17 31 9 14 12 4 6 8 6 3 2 13 16 15 2 9 28 1 18 26 8 6 20 5 20.066769003868103 112.365680996563356 
12 30 2 13 31 5 1 22 3 18 6 1 14 7 5 14 32 5 11 18 11 3 17 13 15 3 2.70999124060388841 4 6 13 10 24 1 2 1 7 17 31 9 14 12 4 6 8 6 3 2 13 16 15 2 4 6 13 18 26 8 6 20 5 20.1705468893051147 101.01015872309614 
1 28 6 4 15 11 2 8 7 3 15 3 6 28 4 3.36768017929769181 15 2 14 12 11 6 3 2 12 20 10 6 1 8 13 18 4 14 31 11 6 30 3 17 26 4 14 6 4 9.25570237641795579 2 13 12 11 6 4.94126535182462057 26 11 13 25 9 4 32 9.82524131762891173 17.5614038407802582 218.525677830940964 
14 30 9 8 1 9 1 22 3 18 6 1 10 15 11 14 32 5 11 18 11 3 17 13 15 3 2.70999124060388841 14 20 11 10 24 1 2 1 7 17 31 9 14 12 4 6 8 6 3 2 13 16 15 2 9 28 1 13 12 9 6 20 5 19.843438982963562 122.95970933828076 
12 30 2 1 26 12 1 22 3 18 6 1 10 15 11 14 32 5 13 24 2.70999124060388841 3 17 13 15 3 2.70999124060388841 6 12 12 10 24 1 2 1 7 17 31 9 14 12 4 6 8 6 3 2 13 16 15 2 9 28 1 1 30 2 6 20 5 19.5225769877433777 133.663001548748895 
12 30 2 1 6 3 1 22 3 18 6 1 14 12 7 14 32 5 11 18 11 3 17 13 15 3 2.70999124060388841 14 6 8 10 24 1 2 1 7 17 31 9 14 12 4 6 8 6 3 2 13 16 15 2 14 18 11 4 17 6 6 20 5 18.9046218693256378 144.489821543548032 
12 30 2 5 7 4 1 22 3 6 26 9 10 15 11 14 32 5 11 18 11 3 17 13 15 3 2.70999124060388841 9 29 2 10 24 1 2 1 7 17 31 9 14 12 4 6 8 6 3 2 13 16 15 2 9 28 1 14 6 4 6 20 5 21.1055988371372223 87.6454767454767421 
12 30 2 14 5 4 1 22 3 18 6 1 10 15 11 14 32 5 11 18 11 3 17 13 15 3 2.70999124060388841 9 29 2 10 24 1 2 1 7 17 31 9 14 12 4 6 8 6 3 2 13 16 15 2 9 28 1 14 32 9 6 20 5 21.2400689721107483 80.340659340659343 
12 30 2 14 32 5 1 22 3 18 6 1 10 15 11 14 32 5 11 18 11 3 17 13 15 3 2.70999124060388841 9 29 2 10 24 1 2 1 7 17 31 9 14 12 4 6 8 6 3 2 13 16 15 2 4 28 2 14 31 13 6 20 5 20.9592268466949463 89.9491303613644106 
12 30 2 5 7 4 1 22 3 18 6 1 10 15 11 14 32 5 11 18 11 3 17 13 15 3 2.70999124060388841 16 6 2 10 24 1 2 1 7 17 31 9 14 12 4 6 8 6 3 2 13 16 15 2 9 28 1 18 26 8 6 20 5 22.4436819553375244 64.9391167479444533 
12 30 2 5 7 4 1 22 3 18 6 1 10 15 11 14 32 5 11 18 11 3 17 13 15 3 2.70999124060388841 9 29 2 10 24 1 2 1 7 17 31 9 14 12 4 6 8 6 3 2 13 16 15 2 4 16 1 18 26 8 6 20 5 23.1691288948059082 64.6327262510734784 
12 30 2 14 5.34074699537910114 9 1 22 3 18 6 1 10 15 11 14 32 5 11 18 11 3 17 13 15 3 2.70999124060388841 9.25570237641795579 19 2 10 24 1 2 1 7 17 31 9 14 12 4 6 8 6 3 2 13 16 15 2 9 28 1 18 26 8 6 20 5 21.8965379595756531 67.1170062635958402 
12 30 2 5 7 4 1 22 3 18 6 1 10 15 11 14 32 5 11 18 11 3 17 13 15 3 2.70999124060388841 16 26 2.70999124060388841 10 24 1 2 1 7 17 31 9 14 12 4 6 8 6 3 2 13 16 15 2 9 28 1 1 26 5 6 20 5 21.4701128602027893 77.2605689632005408 
12 30 2 14 24 7 1 22 3 18 6 1 10 15 11 14 32 5 11 18 11 3 17 13 15 3 2.70999124060388841 6 6 2 10 24 1 2 1 7 17 31 9 14 12 4 6 8 6 3 2 13 16 15 2 9 28 1 18 26 8 6 20 5 21.1514650583267212 87.4694083694083702 
12 30 2 14 25 7 1 22 3 18 6 1 10 15 11 14 32 5 11 18 11 3 17 13 15 3 2.70999124060388841 16 19 1 10 24 1 2 1 7 17 31 9 14 12 4 6 8 6 3 2 13 16 15 2 9 28 1 18 26 8 6 20 5 21.7713520526885986 74.7697802197802162 
12 30 2 5 7 4 1 22 3 18 6 1 10 15 11 14 32 5 11 18 11 3 17 13 15 3 2.70999124060388841 16 6 2 10 24 1 2 1 7 17 31 9 14 12 4 6 8 6 3 2 13 16 15 2 9 28 1 14 6 1 6 20 5 21.2722998857498169 79.2622655122655146 
12 30 2 5 7 4 1 22 3 18 6 1 10 15 11 14 32 5 11 18 11 3 17 13 15 3 2.70999124060388841 16 26 2 10 24 1 2 1 7 17 31 9 14 12 4 6 8 6 3 2 13 16 15 2 9 28 1 2 6 12 6 20 5 21.65675288438797 76.8897990897990837 
12 30 2 15 5 3 1 22 3 18 6 1 10 15 11 14 32 5 11 18 11 3 17 13 15 3 2.70999124060388841 16 6 2 10 24 1 2 1 7 17 31 9 14 12 4 6 8 6 3 2 13 16 15 2 9 28 1 18 26 8 6 20 5 21.7735430002212524 73.5111403420630438 
12 30 2 2 1 10 1 22 3 18 6 1 10 15 11 14 32 5 12 5.34074699537910114 9 3 17 13 15 3 2.70999124060388841 9 29 2 10 24 1 2 1 7 17 31 9 14 12 4 6 8 6 3 2 13 16 15 2 9 28 1 14 6 9 6 20 5 20.8096919059753418 90.4136671335200788 
12 30 2 14 19 9 1 22 3 3 30 7 10 15 11 14 32 5 11 18 11 4 20 8 15 3 2.70999124060388841 9 29 2 10 24 1 2 1 7 17 31 9 14 12 4 6 30 10 3 2 13 16 15 2 9 28 1 18 26 8 6 20 5 20.5768919587135315 92.2408235886889969 
12 30 2 15 24 5 1 22 3 18 6 1 10 15 11 14 32 5 11 18 11 3 17 13 15 3 2.70999124060388841 16 6 2 10 24 1 2 1 7 17 31 9 14 12 4 6 8 6 3 2 13 16 15 2 9 28 1 18 26 8 6 20 5 21.516681969165802 76.9865426240426416 
12 30 2 13 31 13 1 22 3 9 12 4 12 32 10 14 32 5 11 18 11 3 17 13 6 1 11 4 15 7 10 24 1 2 1 7 17 31 9 14 12 4 6 8 6 3 2 13 16 15 2 9 28 1 14 1 8 6 20 5 18.84446781873703 154.871011065051334 
12 30 2 13 31 8 1 22 3 14 25 12 10 15 11 14 32 5 11 18 11 3 17 13 15 3 2.70999124060388841 16 6 12 10 24 1 2 1 7 17 31 9 14 12 4 6 8 6 3 2 13 16 15 2 15 26 3 18 26 8 6 20 5 19.6615138053894043 124.56179497273186 
12 30 2 14 24 9 1 22 3 18 6 1 10 15 11 14 32 5 11 18 11 3 17 13 15 3 2.70999124060388841 1 31 8 10 24 1 2 1 7 17 31 9 14 12 4 17 31 4 3 2 13 16 15 2 9 28 1 14 13 13 6 20 5 19.8980391025543213 117.234050803098569 
12 30 2 14 20 9 1 22 3 18 6 1 10 15 11 14 32 5 11 18 11 3 17 13 15 3 2.70999124060388841 16 12 8 10 24 1 2 1 7 17 31 9 14 12 4 6 8 6 3 2 13 16 15 2 9 28 1 15 26 13 6 20 5 20.4135879278182983 98.1881479631479834 
12 30 2 5 7 4 1 22 3 18 6 1 10 15 11 14 32 5 11 18 11 3 17 13 15 3 2.70999124060388841 16 6 2 10 24 1 2 1 7 17 31 9 14 12 4 6 8 6 3 2 13 16 15 2 9 28 1 3.36768017929769181 19 12 6 20 5 21.8219139575958252 73.4893374982346188 
12 30 2 15 5 9 1 22 3 18 6 1 10 15 11 14 32 5 11 18 11 4 17 12 16 2 2 9 29 2 10 24 1 2 1 7 17 31 9 14 12 4 6 8 6 3 2 13 16 15 2 9 28 1 18 26 8 5 25 10 23.4912529587745667 64.3280539375754472 
12 30 2 15 5.34074699537910114 9 1 22 3 18 6 1 10 15 11 14 32 5 11 18 11 4 17 8 16 2 2 9 29 2 10 24 1 2 1 7 17 31 9 14 12 4 6 8 6 3 2 13 16 15 2 9 28 1 18 26 8 5 25 10 23.5324530005455017 60.0296111549360916 
12 30 2 5 7 4 1 22 3 18 6 1 10 15 11 14 32 5 11 18 11 4 27 2 16 2 2 9 29 2 10 24 1 2 1 7 17 31 9 14 12 4 6 8 6 3 2 13 16 15 2 9 28 1 18 26 8 5 25 10 25.3737509250640869 57.1784371772107605 
4 24 2.70999124060388841 13 5 5 4 14 8 17 24 12 4 16.1354543567662532 12 12 32 5 14 30 9 3 12 1 6 1 7 4.94126535182462057 12 13 5 18 3 17 20 8 1 2 8 15 24 9.82524131762891173 4 32 3 2 15 11 6 33 1 17.8244721320812971 25 1 13 1 9 17 25 1 18.2131336331367493 211.564107091223747 
12 30 2 2 5.34074699537910114 7 1 22 3 18 6 1 10 15 11 14 32 5 11 18 11 4 27 2 16 2 2 9 29 2 10 24 1 2 1 7 17 31 9 14 12 4 6 8 6 3 2 13 16 15 2 9 28 1 18 26 8 5 25 10 24.7537739276885986 58.2090867602124931 
12 30 2 6 20 7 1 22 3 18 6 1 10 15 11 14 32 5 11 18 11 4 27 2 16 2 2 9 29 2 10 24 1 2 1 7 17 31 9 14 12 4 6 8 6 3 2 13 16 15 2 9 28 1 18 26 8 5 25 10 24.3270519375801086 59.8784146473506809 
10 5 1 12 26 8 3 19 2.70999124060388841 9.25570237641795579 16 3 4.94126535182462057 13 11 17 30 13 14 15 9.82524131762891173 15 8 10 13 24 12 17.8244721320812971 12 10 13 9 1 12 6 3 1 32 12 16 6 4 9 31 6 6 15 2 10.3494946964094545 9 7 14 25 7 15 30 13 6 20 8 18.344211757183075 192.670754118973889 

Current Evaluation = 100000000(100000040)
Front Size = 41
12 30 2 5 7 4 1 22 3 18 6 1 10 15 11 14 32 5 11 18 11 3 17 13 15 3 2.70999124060388841 16 26 2 10 24 1 2 1 7 17 31 9 14 12 4 8 6 9 3 2 13 16 15 2 9 28 1 13 19 4 6 20 5 21.1748520135879517 84.2246795783555626 
12 30 2 2 25 9 1 22 3 18 6 1 10 15 11 14 32 5 11 18 11 3 17 13 15 3 2.70999124060388841 9 29 2 10 24 1 2 1 7 17 31 9 14 12 4 6 8 6 3 2 13 16 15 2 9 28 1 4 6 2 6 20 5 21.7443968653678894 76.1581513457098822 
12 30 2 4 12 9 1 22 3 18 6 1 10 15 11 14 32 5 2 18 4 3 17 13 15 3 2.70999124060388841 9 29 2 10 24 1 2 1 7 17 31 9 14 12 4 6 8 6 3 2 13 16 15 2 9 28 1 16 6 11 6 20 5 21.028007984161377 89.1004747713608651 
12 30 2 3 31 1 15 32 6 1 16 13 15 32 5 14 32 5 4 20 9 3 17 13 15 3 2.70999124060388841 3 18 12 10 24 1 2 1 7 17 31 9 14 12 4 6 8 6 3 2 13 16 15 2 9 28 1 18 26 8 6 20 5 19.5899710059165955 127.872898044360099 
12 30 2 14 24 9 1 22 3 18 6 1 10 15 11 14 32 5 15 11 8 3 17 13 15 3 2.70999124060388841 16 15 1 10 24 1 2 1 7 17 31 9 14 12 4 6 8 6 3 2 13 16 15 2 9 28 1 3 32 4 6 20 5 20.119700014591217 105.29647025129637 
12 30 2 14 25 4 1 22 3 16 24 9 10 15 11 14 32 5 11 18 11 3 17 13 15 3 2.70999124060388841 6 19 2 10 24 1 2 1 7 17 31 9 14 12 4 6 8 6 3 2 13 16 15 2 9 28 1 18 26 8 6 20 5 20.4433820247650146 92.8493998817570514 
12 30 2 4 14 13 1 22 3 18 6 1 10 15 11 14 32 5 6 9 4 3 17 13 15 3 2.70999124060388841 9 29 2 10 24 1 2 1 7 17 31 9 14 12 4 6 8 6 3 2 13 16 15 2 9 28 1 15 26 10 6 20 5 21.2150099873542786 80.6022356739437811 
12 30 2 13 1 13 1 22 3 4 6 13 10 15 11 14 32 5 11 18 11 3 17 13 15 3 2.70999124060388841 3.36768017929769181 2 5 10 24 1 2 1 7 17 31 9 14 12 4 6 8 6 3 2 13 16 15 2 1 1 10 3 1 12 6 20 5 19.1659767627716064 134.972899211075259 
12 30 2 6 20 4 14 32 5 18 6 1 10 15 11 14 32 5 3 24 2.70999124060388841 3 17 13 15 3 2.70999124060388841 1 1 6.96245171630185755 10 24 1 2 1 7 17 31 9 14 12 4 6 8 6 3 2 13 16 15 2 9 28 1 18 26 8 6 20 5 20.066769003868103 112.365680996563356 
12 30 2 13 31 5 1 22 3 18 6 1 14 7 5 14 32 5 11 18 11 3 17 13 15 3 2.70999124060388841 4 6 13 10 24 1 2 1 7 17 31 9 14 12 4 6 8 6 3 2 13 16 15 2 4 6 13 18 26 8 6 20 5 20.1705468893051147 101.01015872309614 
1 28 6 4 15 11 2 8 7 3 15 3 6 28 4 3.36768017929769181 15 2 14 12 11 6 3 2 12 20 10 6 1 8 13 18 4 14 31 11 6 30 3 17 26 4 14 6 4 9.25570237641795579 2 13 12 11 6 4.94126535182462057 26 11 13 25 9 4 32 9.82524131762891173 17.5614038407802582 218.525677830940964 
14 30 9 8 1 9 1 22 3 18 6 1 10 15 11 14 32 5 11 18 11 3 17 13 15 3 2.70999124060388841 14 20 11 10 24 1 2 1 7 17 31 9 14 12 4 6 8 6 3 2 13 16 15 2 9 28 1 13 12 9 6 20 5 19.843438982963562 122.95970933828076 
12 30 2 1 26 12 1 22 3 18 6 1 10 15 11 14 32 5 13 24 2.70999124060388841 3 17 13 15 3 2.70999124060388841 6 12 12 10 24 1 2 1 7 17 31 9 14 12 4 6 8 6 3 2 13 16 15 2 9 28 1 1 30 2 6 20 5 19.5225769877433777 133.663001548748895 
12 30 2 1 6 3 1 22 3 18 6 1 14 12 7 14 32 5 11 18 11 3 17 13 15 3 2.70999124060388841 14 6 8 10 24 1 2 1 7 17 31 9 14 12 4 6 8 6 3 2 13 16 15 2 14 18 11 4 17 6 6 20 5 18.9046218693256378 144.489821543548032 
12 30 2 5 7 4 1 22 3 6 26 9 10 15 11 14 32 5 11 18 11 3 17 13 15 3 2.70999124060388841 9 29 2 10 24 1 2 1 7 17 31 9 14 12 4 6 8 6 3 2 13 16 15 2 9 28 1 14 6 4 6 20 5 21.1055988371372223 87.6454767454767421 
12 30 2 14 5 4 1 22 3 18 6 1 10 15 11 14 32 5 11 18 11 3 17 13 15 3 2.70999124060388841 9 29 2 10 24 1 2 1 7 17 31 9 14 12 4 6 8 6 3 2 13 16 15 2 9 28 1 14 32 9 6 20 5 21.2400689721107483 80.340659340659343 
12 30 2 14 32 5 1 22 3 18 6 1 10 15 11 14 32 5 11 18 11 3 17 13 15 3 2.70999124060388841 9 29 2 10 24 1 2 1 7 17 31 9 14 12 4 6 8 6 3 2 13 16 15 2 4 28 2 14 31 13 6 20 5 20.9592268466949463 89.9491303613644106 
12 30 2 5 7 4 1 22 3 18 6 1 10 15 11 14 32 5 11 18 11 3 17 13 15 3 2.70999124060388841 16 6 2 10 24 1 2 1 7 17 31 9 14 12 4 6 8 6 3 2 13 16 15 2 9 28 1 18 26 8 6 20 5 22.4436819553375244 64.9391167479444533 
12 30 2 5 7 4 1 22 3 18 6 1 10 15 11 14 32 5 11 18 11 3 17 13 15 3 2.70999124060388841 9 29 2 10 24 1 2 1 7 17 31 9 14 12 4 6 8 6 3 2 13 16 15 2 4 16 1 18 26 8 6 20 5 23.1691288948059082 64.6327262510734784 
12 30 2 14 5.34074699537910114 9 1 22 3 18 6 1 10 15 11 14 32 5 11 18 11 3 17 13 15 3 2.70999124060388841 9.25570237641795579 19 2 10 24 1 2 1 7 17 31 9 14 12 4 6 8 6 3 2 13 16 15 2 9 28 1 18 26 8 6 20 5 21.8965379595756531 67.1170062635958402 
12 30 2 5 7 4 1 22 3 18 6 1 10 15 11 14 32 5 11 18 11 3 17 13 15 3 2.70999124060388841 16 26 2.70999124060388841 10 24 1 2 1 7 17 31 9 14 12 4 6 8 6 3 2 13 16 15 2 9 28 1 1 26 5 6 20 5 21.4701128602027893 77.2605689632005408 
12 30 2 14 24 7 1 22 3 18 6 1 10 15 11 14 32 5 11 18 11 3 17 13 15 3 2.70999124060388841 6 6 2 10 24 1 2 1 7 17 31 9 14 12 4 6 8 6 3 2 13 16 15 2 9 28 1 18 26 8 6 20 5 21.1514650583267212 87.4694083694083702 
12 30 2 14 25 7 1 22 3 18 6 1 10 15 11 14 32 5 11 18 11 3 17 13 15 3 2.70999124060388841 16 19 1 10 24 1 2 1 7 17 31 9 14 12 4 6 8 6 3 2 13 16 15 2 9 28 1 18 26 8 6 20 5 21.7713520526885986 74.7697802197802162 
12 30 2 5 7 4 1 22 3 18 6 1 10 15 11 14 32 5 11 18 11 3 17 13 15 3 2.70999124060388841 16 6 2 10 24 1 2 1 7 17 31 9 14 12 4 6 8 6 3 2 13 16 15 2 9 28 1 14 6 1 6 20 5 21.2722998857498169 79.2622655122655146 
12 30 2 5 7 4 1 22 3 18 6 1 10 15 11 14 32 5 11 18 11 3 17 13 15 3 2.70999124060388841 16 26 2 10 24 1 2 1 7 17 31 9 14 12 4 6 8 6 3 2 13 16 15 2 9 28 1 2 6 12 6 20 5 21.65675288438797 76.8897990897990837 
12 30 2 15 5 3 1 22 3 18 6 1 10 15 11 14 32 5 11 18 11 3 17 13 15 3 2.70999124060388841 16 6 2 10 24 1 2 1 7 17 31 9 14 12 4 6 8 6 3 2 13 16 15 2 9 28 1 18 26 8 6 20 5 21.7735430002212524 73.5111403420630438 
12 30 2 2 1 10 1 22 3 18 6 1 10 15 11 14 32 5 12 5.34074699537910114 9 3 17 13 15 3 2.70999124060388841 9 29 2 10 24 1 2 1 7 17 31 9 14 12 4 6 8 6 3 2 13 16 15 2 9 28 1 14 6 9 6 20 5 20.8096919059753418 90.4136671335200788 
12 30 2 14 19 9 1 22 3 3 30 7 10 15 11 14 32 5 11 18 11 4 20 8 15 3 2.70999124060388841 9 29 2 10 24 1 2 1 7 17 31 9 14 12 4 6 30 10 3 2 13 16 15 2 9 28 1 18 26 8 6 20 5 20.5768919587135315 92.2408235886889969 
12 30 2 15 24 5 1 22 3 18 6 1 10 15 11 14 32 5 11 18 11 3 17 13 15 3 2.70999124060388841 16 6 2 10 24 1 2 1 7 17 31 9 14 12 4 6 8 6 3 2 13 16 15 2 9 28 1 18 26 8 6 20 5 21.516681969165802 76.9865426240426416 
12 30 2 13 31 13 1 22 3 9 12 4 12 32 10 14 32 5 11 18 11 3 17 13 6 1 11 4 15 7 10 24 1 2 1 7 17 31 9 14 12 4 6 8 6 3 2 13 16 15 2 9 28 1 14 1 8 6 20 5 18.84446781873703 154.871011065051334 
12 30 2 13 31 8 1 22 3 14 25 12 10 15 11 14 32 5 11 18 11 3 17 13 15 3 2.70999124060388841 16 6 12 10 24 1 2 1 7 17 31 9 14 12 4 6 8 6 3 2 13 16 15 2 15 26 3 18 26 8 6 20 5 19.6615138053894043 124.56179497273186 
12 30 2 14 24 9 1 22 3 18 6 1 10 15 11 14 32 5 11 18 11 3 17 13 15 3 2.70999124060388841 1 31 8 10 24 1 2 1 7 17 31 9 14 12 4 17 31 4 3 2 13 16 15 2 9 28 1 14 13 13 6 20 5 19.8980391025543213 117.234050803098569 
12 30 2 14 20 9 1 22 3 18 6 1 10 15 11 14 32 5 11 18 11 3 17 13 15 3 2.70999124060388841 16 12 8 10 24 1 2 1 7 17 31 9 14 12 4 6 8 6 3 2 13 16 15 2 9 28 1 15 26 13 6 20 5 20.4135879278182983 98.1881479631479834 
12 30 2 5 7 4 1 22 3 18 6 1 10 15 11 14 32 5 11 18 11 3 17 13 15 3 2.70999124060388841 16 6 2 10 24 1 2 1 7 17 31 9 14 12 4 6 8 6 3 2 13 16 15 2 9 28 1 3.36768017929769181 19 12 6 20 5 21.8219139575958252 73.4893374982346188 
12 30 2 15 5.34074699537910114 9 1 22 3 18 6 1 10 15 11 14 32 5 11 18 11 4 17 8 16 2 2 9 29 2 10 24 1 2 1 7 17 31 9 14 12 4 6 8 6 3 2 13 16 15 2 9 28 1 18 26 8 5 25 10 23.5324530005455017 60.0296111549360916 
12 30 2 5 7 4 1 22 3 18 6 1 10 15 11 14 32 5 11 18 11 4 27 2 16 2 2 9 29 2 10 24 1 2 1 7 17 31 9 14 12 4 6 8 6 3 2 13 16 15 2 9 28 1 18 26 8 5 25 10 25.3737509250640869 57.1784371772107605 
4 24 2.70999124060388841 13 5 5 4 14 8 17 24 12 4 16.1354543567662532 12 12 32 5 14 30 9 3 12 1 6 1 7 4.94126535182462057 12 13 5 18 3 17 20 8 1 2 8 15 24 9.82524131762891173 4 32 3 2 15 11 6 33 1 17.8244721320812971 25 1 13 1 9 17 25 1 18.2131336331367493 211.564107091223747 
12 30 2 2 5.34074699537910114 7 1 22 3 18 6 1 10 15 11 14 32 5 11 18 11 4 27 2 16 2 2 9 29 2 10 24 1 2 1 7 17 31 9 14 12 4 6 8 6 3 2 13 16 15 2 9 28 1 18 26 8 5 25 10 24.7537739276885986 58.2090867602124931 
12 30 2 6 20 7 1 22 3 18 6 1 10 15 11 14 32 5 11 18 11 4 27 2 16 2 2 9 29 2 10 24 1 2 1 7 17 31 9 14 12 4 6 8 6 3 2 13 16 15 2 9 28 1 18 26 8 5 25 10 24.3270519375801086 59.8784146473506809 
10 5 1 12 26 8 3 19 2.70999124060388841 9.25570237641795579 16 3 4.94126535182462057 13 11 17 30 13 14 15 9.82524131762891173 15 8 10 13 24 12 17.8244721320812971 12 10 13 9 1 12 6 3 1 32 12 16 6 4 9 31 6 6 15 2 10.3494946964094545 9 7 14 25 7 15 30 13 6 20 8 18.344211757183075 192.670754118973889 
12 30 2 5 7 4 1 22 3 18 6 1 10 15 11 14 32 5 17 30 13 4 13 12 16 2 2 9 29 2 10 24 1 2 1 7 17 31 9 14 12 4 6 8 6 3 2 13 16 15 2 9 28 1 18 26 8 5 25 10 23.3750930428504944 62.6221012268002966 

MOEA/D: Multiobjective Evolutionary Algorithm Based on Decomposition
Number of Evaluations = 100000000
Mutation Probability = 0.0500000007450580597
Population Size = 140
Neighborhood size = 56
Seed: 13

Time =  36039.667260000002

Current Evaluation = 100000040
Front Size = 41
12 30 2 5 7 4 1 22 3 18 6 1 10 15 11 14 32 5 11 18 11 3 17 13 15 3 2.70999124060388841 16 26 2 10 24 1 2 1 7 17 31 9 14 12 4 8 6 9 3 2 13 16 15 2 9 28 1 13 19 4 6 20 5 21.1748520135879517 84.2246795783555626 
12 30 2 2 25 9 1 22 3 18 6 1 10 15 11 14 32 5 11 18 11 3 17 13 15 3 2.70999124060388841 9 29 2 10 24 1 2 1 7 17 31 9 14 12 4 6 8 6 3 2 13 16 15 2 9 28 1 4 6 2 6 20 5 21.7443968653678894 76.1581513457098822 
12 30 2 4 12 9 1 22 3 18 6 1 10 15 11 14 32 5 2 18 4 3 17 13 15 3 2.70999124060388841 9 29 2 10 24 1 2 1 7 17 31 9 14 12 4 6 8 6 3 2 13 16 15 2 9 28 1 16 6 11 6 20 5 21.028007984161377 89.1004747713608651 
12 30 2 3 31 1 15 32 6 1 16 13 15 32 5 14 32 5 4 20 9 3 17 13 15 3 2.70999124060388841 3 18 12 10 24 1 2 1 7 17 31 9 14 12 4 6 8 6 3 2 13 16 15 2 9 28 1 18 26 8 6 20 5 19.5899710059165955 127.872898044360099 
12 30 2 14 24 9 1 22 3 18 6 1 10 15 11 14 32 5 15 11 8 3 17 13 15 3 2.70999124060388841 16 15 1 10 24 1 2 1 7 17 31 9 14 12 4 6 8 6 3 2 13 16 15 2 9 28 1 3 32 4 6 20 5 20.119700014591217 105.29647025129637 
12 30 2 14 25 4 1 22 3 16 24 9 10 15 11 14 32 5 11 18 11 3 17 13 15 3 2.70999124060388841 6 19 2 10 24 1 2 1 7 17 31 9 14 12 4 6 8 6 3 2 13 16 15 2 9 28 1 18 26 8 6 20 5 20.4433820247650146 92.8493998817570514 
12 30 2 4 14 13 1 22 3 18 6 1 10 15 11 14 32 5 6 9 4 3 17 13 15 3 2.70999124060388841 9 29 2 10 24 1 2 1 7 17 31 9 14 12 4 6 8 6 3 2 13 16 15 2 9 28 1 15 26 10 6 20 5 21.2150099873542786 80.6022356739437811 
12 30 2 13 1 13 1 22 3 4 6 13 10 15 11 14 32 5 11 18 11 3 17 13 15 3 2.70999124060388841 3.36768017929769181 2 5 10 24 1 2 1 7 17 31 9 14 12 4 6 8 6 3 2 13 16 15 2 1 1 10 3 1 12 6 20 5 19.1659767627716064 134.972899211075259 
12 30 2 6 20 4 14 32 5 18 6 1 10 15 11 14 32 5 3 24 2.70999124060388841 3 17 13 15 3 2.70999124060388841 1 1 6.96245171630185755 10 24 1 2 1 7 17 31 9 14 12 4 6 8 6 3 2 13 16 15 2 9 28 1 18 26 8 6 20 5 20.066769003868103 112.365680996563356 
12 30 2 13 31 5 1 22 3 18 6 1 14 7 5 14 32 5 11 18 11 3 17 13 15 3 2.70999124060388841 4 6 13 10 24 1 2 1 7 17 31 9 14 12 4 6 8 6 3 2 13 16 15 2 4 6 13 18 26 8 6 20 5 20.1705468893051147 101.01015872309614 
1 28 6 4 15 11 2 8 7 3 15 3 6 28 4 3.36768017929769181 15 2 14 12 11 6 3 2 12 20 10 6 1 8 13 18 4 14 31 11 6 30 3 17 26 4 14 6 4 9.25570237641795579 2 13 12 11 6 4.94126535182462057 26 11 13 25 9 4 32 9.82524131762891173 17.5614038407802582 218.525677830940964 
14 30 9 8 1 9 1 22 3 18 6 1 10 15 11 14 32 5 11 18 11 3 17 13 15 3 2.70999124060388841 14 20 11 10 24 1 2 1 7 17 31 9 14 12 4 6 8 6 3 2 13 16 15 2 9 28 1 13 12 9 6 20 5 19.843438982963562 122.95970933828076 
12 30 2 1 26 12 1 22 3 18 6 1 10 15 11 14 32 5 13 24 2.70999124060388841 3 17 13 15 3 2.70999124060388841 6 12 12 10 24 1 2 1 7 17 31 9 14 12 4 6 8 6 3 2 13 16 15 2 9 28 1 1 30 2 6 20 5 19.5225769877433777 133.663001548748895 
12 30 2 1 6 3 1 22 3 18 6 1 14 12 7 14 32 5 11 18 11 3 17 13 15 3 2.70999124060388841 14 6 8 10 24 1 2 1 7 17 31 9 14 12 4 6 8 6 3 2 13 16 15 2 14 18 11 4 17 6 6 20 5 18.9046218693256378 144.489821543548032 
12 30 2 5 7 4 1 22 3 6 26 9 10 15 11 14 32 5 11 18 11 3 17 13 15 3 2.70999124060388841 9 29 2 10 24 1 2 1 7 17 31 9 14 12 4 6 8 6 3 2 13 16 15 2 9 28 1 14 6 4 6 20 5 21.1055988371372223 87.6454767454767421 
12 30 2 14 5 4 1 22 3 18 6 1 10 15 11 14 32 5 11 18 11 3 17 13 15 3 2.70999124060388841 9 29 2 10 24 1 2 1 7 17 31 9 14 12 4 6 8 6 3 2 13 16 15 2 9 28 1 14 32 9 6 20 5 21.2400689721107483 80.340659340659343 
12 30 2 14 32 5 1 22 3 18 6 1 10 15 11 14 32 5 11 18 11 3 17 13 15 3 2.70999124060388841 9 29 2 10 24 1 2 1 7 17 31 9 14 12 4 6 8 6 3 2 13 16 15 2 4 28 2 14 31 13 6 20 5 20.9592268466949463 89.9491303613644106 
12 30 2 5 7 4 1 22 3 18 6 1 10 15 11 14 32 5 11 18 11 3 17 13 15 3 2.70999124060388841 16 6 2 10 24 1 2 1 7 17 31 9 14 12 4 6 8 6 3 2 13 16 15 2 9 28 1 18 26 8 6 20 5 22.4436819553375244 64.9391167479444533 
12 30 2 5 7 4 1 22 3 18 6 1 10 15 11 14 32 5 11 18 11 3 17 13 15 3 2.70999124060388841 9 29 2 10 24 1 2 1 7 17 31 9 14 12 4 6 8 6 3 2 13 16 15 2 4 16 1 18 26 8 6 20 5 23.1691288948059082 64.6327262510734784 
12 30 2 14 5.34074699537910114 9 1 22 3 18 6 1 10 15 11 14 32 5 11 18 11 3 17 13 15 3 2.70999124060388841 9.25570237641795579 19 2 10 24 1 2 1 7 17 31 9 14 12 4 6 8 6 3 2 13 16 15 2 9 28 1 18 26 8 6 20 5 21.8965379595756531 67.1170062635958402 
12 30 2 5 7 4 1 22 3 18 6 1 10 15 11 14 32 5 11 18 11 3 17 13 15 3 2.70999124060388841 16 26 2.70999124060388841 10 24 1 2 1 7 17 31 9 14 12 4 6 8 6 3 2 13 16 15 2 9 28 1 1 26 5 6 20 5 21.4701128602027893 77.2605689632005408 
12 30 2 14 24 7 1 22 3 18 6 1 10 15 11 14 32 5 11 18 11 3 17 13 15 3 2.70999124060388841 6 6 2 10 24 1 2 1 7 17 31 9 14 12 4 6 8 6 3 2 13 16 15 2 9 28 1 18 26 8 6 20 5 21.1514650583267212 87.4694083694083702 
12 30 2 14 25 7 1 22 3 18 6 1 10 15 11 14 32 5 11 18 11 3 17 13 15 3 2.70999124060388841 16 19 1 10 24 1 2 1 7 17 31 9 14 12 4 6 8 6 3 2 13 16 15 2 9 28 1 18 26 8 6 20 5 21.7713520526885986 74.7697802197802162 
12 30 2 5 7 4 1 22 3 18 6 1 10 15 11 14 32 5 11 18 11 3 17 13 15 3 2.70999124060388841 16 6 2 10 24 1 2 1 7 17 31 9 14 12 4 6 8 6 3 2 13 16 15 2 9 28 1 14 6 1 6 20 5 21.2722998857498169 79.2622655122655146 
12 30 2 5 7 4 1 22 3 18 6 1 10 15 11 14 32 5 11 18 11 3 17 13 15 3 2.70999124060388841 16 26 2 10 24 1 2 1 7 17 31 9 14 12 4 6 8 6 3 2 13 16 15 2 9 28 1 2 6 12 6 20 5 21.65675288438797 76.8897990897990837 
12 30 2 15 5 3 1 22 3 18 6 1 10 15 11 14 32 5 11 18 11 3 17 13 15 3 2.70999124060388841 16 6 2 10 24 1 2 1 7 17 31 9 14 12 4 6 8 6 3 2 13 16 15 2 9 28 1 18 26 8 6 20 5 21.7735430002212524 73.5111403420630438 
12 30 2 2 1 10 1 22 3 18 6 1 10 15 11 14 32 5 12 5.34074699537910114 9 3 17 13 15 3 2.70999124060388841 9 29 2 10 24 1 2 1 7 17 31 9 14 12 4 6 8 6 3 2 13 16 15 2 9 28 1 14 6 9 6 20 5 20.8096919059753418 90.4136671335200788 
12 30 2 14 19 9 1 22 3 3 30 7 10 15 11 14 32 5 11 18 11 4 20 8 15 3 2.70999124060388841 9 29 2 10 24 1 2 1 7 17 31 9 14 12 4 6 30 10 3 2 13 16 15 2 9 28 1 18 26 8 6 20 5 20.5768919587135315 92.2408235886889969 
12 30 2 15 24 5 1 22 3 18 6 1 10 15 11 14 32 5 11 18 11 3 17 13 15 3 2.70999124060388841 16 6 2 10 24 1 2 1 7 17 31 9 14 12 4 6 8 6 3 2 13 16 15 2 9 28 1 18 26 8 6 20 5 21.516681969165802 76.9865426240426416 
12 30 2 13 31 13 1 22 3 9 12 4 12 32 10 14 32 5 11 18 11 3 17 13 6 1 11 4 15 7 10 24 1 2 1 7 17 31 9 14 12 4 6 8 6 3 2 13 16 15 2 9 28 1 14 1 8 6 20 5 18.84446781873703 154.871011065051334 
12 30 2 13 31 8 1 22 3 14 25 12 10 15 11 14 32 5 11 18 11 3 17 13 15 3 2.70999124060388841 16 6 12 10 24 1 2 1 7 17 31 9 14 12 4 6 8 6 3 2 13 16 15 2 15 26 3 18 26 8 6 20 5 19.6615138053894043 124.56179497273186 
12 30 2 14 24 9 1 22 3 18 6 1 10 15 11 14 32 5 11 18 11 3 17 13 15 3 2.70999124060388841 1 31 8 10 24 1 2 1 7 17 31 9 14 12 4 17 31 4 3 2 13 16 15 2 9 28 1 14 13 13 6 20 5 19.8980391025543213 117.234050803098569 
12 30 2 14 20 9 1 22 3 18 6 1 10 15 11 14 32 5 11 18 11 3 17 13 15 3 2.70999124060388841 16 12 8 10 24 1 2 1 7 17 31 9 14 12 4 6 8 6 3 2 13 16 15 2 9 28 1 15 26 13 6 20 5 20.4135879278182983 98.1881479631479834 
12 30 2 5 7 4 1 22 3 18 6 1 10 15 11 14 32 5 11 18 11 3 17 13 15 3 2.70999124060388841 16 6 2 10 24 1 2 1 7 17 31 9 14 12 4 6 8 6 3 2 13 16 15 2 9 28 1 3.36768017929769181 19 12 6 20 5 21.8219139575958252 73.4893374982346188 
12 30 2 15 5.34074699537910114 9 1 22 3 18 6 1 10 15 11 14 32 5 11 18 11 4 17 8 16 2 2 9 29 2 10 24 1 2 1 7 17 31 9 14 12 4 6 8 6 3 2 13 16 15 2 9 28 1 18 26 8 5 25 10 23.5324530005455017 60.0296111549360916 
12 30 2 5 7 4 1 22 3 18 6 1 10 15 11 14 32 5 11 18 11 4 27 2 16 2 2 9 29 2 10 24 1 2 1 7 17 31 9 14 12 4 6 8 6 3 2 13 16 15 2 9 28 1 18 26 8 5 25 10 25.3737509250640869 57.1784371772107605 
4 24 2.70999124060388841 13 5 5 4 14 8 17 24 12 4 16.1354543567662532 12 12 32 5 14 30 9 3 12 1 6 1 7 4.94126535182462057 12 13 5 18 3 17 20 8 1 2 8 15 24 9.82524131762891173 4 32 3 2 15 11 6 33 1 17.8244721320812971 25 1 13 1 9 17 25 1 18.2131336331367493 211.564107091223747 
12 30 2 2 5.34074699537910114 7 1 22 3 18 6 1 10 15 11 14 32 5 11 18 11 4 27 2 16 2 2 9 29 2 10 24 1 2 1 7 17 31 9 14 12 4 6 8 6 3 2 13 16 15 2 9 28 1 18 26 8 5 25 10 24.7537739276885986 58.2090867602124931 
12 30 2 6 20 7 1 22 3 18 6 1 10 15 11 14 32 5 11 18 11 4 27 2 16 2 2 9 29 2 10 24 1 2 1 7 17 31 9 14 12 4 6 8 6 3 2 13 16 15 2 9 28 1 18 26 8 5 25 10 24.3270519375801086 59.8784146473506809 
10 5 1 12 26 8 3 19 2.70999124060388841 9.25570237641795579 16 3 4.94126535182462057 13 11 17 30 13 14 15 9.82524131762891173 15 8 10 13 24 12 17.8244721320812971 12 10 13 9 1 12 6 3 1 32 12 16 6 4 9 31 6 6 15 2 10.3494946964094545 9 7 14 25 7 15 30 13 6 20 8 18.344211757183075 192.670754118973889 
12 30 2 5 7 4 1 22 3 18 6 1 10 15 11 14 32 5 17 30 13 4 13 12 16 2 2 9 29 2 10 24 1 2 1 7 17 31 9 14 12 4 6 8 6 3 2 13 16 15 2 9 28 1 18 26 8 5 25 10 23.3750930428504944 62.6221012268002966 

