Current Evaluation = 10000000(10000060)
Front Size = 36
3 11 11 10 15 1 14 2 9 5 32 2 14 5 4 16 3 6 2 22 7 18 6 13 3.36768017929769181 8 12 11 15 11 12 13 1 16 30 2 6 28 2 14 2 3.84646942076222631 15 1 4 1 33 9.82524131762891173 4 20 8 1 18 10 9 19 11 17 15 1 22.3342130184173584 93.7041021398337648 
14 3 10 17 31 4 13 15 1 14 13 4 1 30 9 16 26 8 4 10 13 12 6 11 3 16 1 6 18 2.70999124060388841 13 1 6.96245171630185755 1 20 3 1 22 10 6 26 9 4 29 1 15 32 9 1 16 1 6 30 3.84646942076222631 10 6 9.82524131762891173 5 16 4 21.1255960464477539 160.780575334797334 
14 33 10 15 3 2 9 1 10 16 25 2 17 23 5 11 6 3 4 15 8 8 12 8 1 24 7 16 5.34074699537910114 7 2 30 2 9 2 7 14 26 11 12 30 6 14 1 7 14 17 13 2 15 6.96245171630185755 8 2 3.84646942076222631 4 13 9.82524131762891173 2 9 4 19.3485009074211121 190.833252023161293 
6 20 3 10 15 1 11 1 6 5 32 2 15 12 5 16 3 6 2 22 7 14 12 4 3.36768017929769181 23 1 11 15 11 12 13 1 16 30 2 12 6 9 14 2 3.84646942076222631 15 1 4 1 33 9.82524131762891173 4 20 8 18 24 1 9 19 11 17 15 1 21.8409919738769531 120.43351854902339 
10 11 1 3 20 13 9 31 11 2 8 12 14 32 10 17 26 10 1 18 9 16 6 5 2 22 2.70999124060388841 17 25 12 6 16.1354543567662532 12 15 19 6 10 18 7 8 7 3.84646942076222631 14 19 10 9 16 12 3 31 2 6 6 12 16 32 9.82524131762891173 14 12 1 19.9579588174819946 170.224556283070228 
12 18 3 10 15 1 8 25 9 5 32 2 14 5.34074699537910114 2 16 3 6 2 22 7 18 6 13 3.36768017929769181 23 1 11 15 11 12 13 1 16 30 2 6 1 9 14 2 3.84646942076222631 15 1 4 1 33 9.82524131762891173 4 20 8 18 24 1 9 19 11 17 15 1 22.6717991232872009 80.9440336315012701 
18 30 8 10 15 1 11 1 6 5 32 2 1 20 4 16 3 6 2 22 7 18 6 13 3.36768017929769181 23 1 11 15 11 12 13 1 16 30 2 6 22 6 14 2 3.84646942076222631 15 1 4 1 33 9.82524131762891173 4 20 8 18 24 1 9 19 11 17 15 1 24.3214191198348999 55.7812924190259096 
16 11 2 13 15 1 10 28 1 14 16 9 1 26 3 17 22 9 12 15 11 1 22 7 10 9 13 15 5.34074699537910114 3 13 30 2 16 1 4 4 15 6.96245171630185755 9 17 4 15 32 9 8 19 13 2 26 2 13 16 5 9 7 6 3 30 8 20.7316961288452148 170.090062278089391 
7 1 5 4 28 4 12 24 1 6 30 7 1 1 7 15 33 4 1 6 12 12 1 9 3 2 13 1 26 12 17 30 4 12 2 10 15 7 7 1 28 9 10 32 2.70999124060388841 6 6 3 17 24 5 14 11 12 16 31 12 4 13 6.96245171630185755 19.8911039233207703 190.772307883521734 
18 30 8 10 15 1 11 1 6 5 32 2 14 25 9 16 3 6 2 22 7 18 6 13 3.36768017929769181 23 1 11 15 11 12 13 1 16 30 2 6 22 6 14 2 3.84646942076222631 15 1 4 1 33 9.82524131762891173 4 20 8 18 24 1 9 19 11 17 15 1 24.1828070878982544 58.673547477036621 
9 31 11 10 15 1 11 1 6 5 32 2 1 18 4 16 3 6 2 22 7 18 6 13 3.36768017929769181 23 1 11 15 11 12 13 1 16 30 2 6 22 6 14 2 3.84646942076222631 15 1 4 1 33 9.82524131762891173 4 20 8 14 9 7 9 19 11 17 15 1 22.7241988778114319 76.0571266942737765 
18 30 8 10 15 1 11 1 6 5 32 2 14 20 4 16 3 6 2 22 7 18 6 13 3.36768017929769181 23 1 11 15 11 12 13 1 16 30 2 6 22 6 14 2 3.84646942076222631 15 1 4 1 33 9.82524131762891173 4 20 8 18 24 1 9 19 11 17 15 1 24.1420440971851349 59.2116773730593025 
18 30 8 10 15 1 11 1 6 5 32 2 14 12 7 16 3 6 2 22 7 18 6 13 3.36768017929769181 23 1 11 15 11 12 13 1 16 30 2 6 22 6 14 2 3.84646942076222631 15 1 4 1 33 9.82524131762891173 4 20 8 18 24 1 9 19 11 17 15 1 24.1852060854434967 58.0205550883025509 
14 30 13 10 15 1 11 1 6 5 32 2 14 20 2 16 3 6 2 22 7 18 6 13 3.36768017929769181 23 1 11 15 11 12 13 1 16 30 2 6 22 6 14 2 3.84646942076222631 15 1 4 1 33 9.82524131762891173 4 20 8 18 24 1 9 19 11 17 15 1 23.0533950328826904 72.3219552992058681 
18 30 8 10 15 1 12 5.34074699537910114 7 5 32 2 1 20 3 16 3 6 2 22 7 18 6 13 3.36768017929769181 23 1 11 15 11 12 13 1 16 30 2 6 22 6 14 2 3.84646942076222631 15 1 4 1 33 9.82524131762891173 4 20 8 18 24 1 9 19 11 17 15 1 23.9336941242218018 60.5884186849648003 
18 30 8 10 15 1 11 1 6 5 32 2 14 12 9 16 3 6 2 22 7 18 6 13 3.36768017929769181 23 1 11 15 11 12 13 1 16 30 2 6 22 6 14 2 3.84646942076222631 15 1 4 1 33 9.82524131762891173 4 20 8 18 24 1 9 19 11 17 15 1 24.1371820867061615 59.6227750364601903 
18 30 8 10 15 1 11 1 6 5 32 2 14 25 4 16 3 6 2 22 7 18 6 13 3.36768017929769181 23 1 11 15 11 12 13 1 16 30 2 6 22 6 14 2 3.84646942076222631 15 1 4 1 33 9.82524131762891173 4 20 8 18 24 1 9 19 11 17 15 1 24.2108311057090759 57.7721082218220943 
8 25 11 15 5.34074699537910114 9 3 24 10 5 20 4 1 28 8 14 30 6 15 30 2 13 15 4 1 31 4 3 30 5 18 12 9 4 31 9 15 12 7 3 1 6 15 6 4 16 6 11 15 18 5 17 6 8 14 13 9 2 25 12 17.1563929915428162 259.621104907753136 
15 25 9 14 6 13 11 1 6 5 32 2 3 18 4 16 3 6 2 22 7 18 6 13 14 12 3 11 15 11 12 13 1 16 30 2 6 22 6 14 2 3.84646942076222631 15 1 4 1 33 9.82524131762891173 4 20 8 18 24 1 9 19 11 17 15 1 21.8417609333992004 102.129869558782573 
18 30 8 10 15 1 11 1 6 5 32 2 14 25 7 16 3 6 2 22 7 18 6 13 3.36768017929769181 23 1 11 15 11 12 13 1 16 30 2 6 22 6 14 2 3.84646942076222631 15 1 4 1 33 9.82524131762891173 4 20 8 18 24 1 9 19 11 17 15 1 24.2308310866355896 56.5066762869239341 
13 26 3 10 15 1 11 1 6 15 12 7 3 18 3 16 3 6 2 22 7 18 6 13 3.36768017929769181 23 1 3.36768017929769181 30 13 12 13 1 16 30 2 3 16 11 14 2 3.84646942076222631 15 1 4 1 33 9.82524131762891173 4 20 8 3 1 9 9 19 11 17 15 1 21.6633229851722717 123.737441397253079 
3.36768017929769181 6 9 10 15 1 11 1 6 5 32 2 14 30 2 16 3 6 2 22 7 18 6 13 3.36768017929769181 23 1 11 15 11 12 13 1 16 30 2 6 22 6 14 2 3.84646942076222631 15 1 4 1 33 9.82524131762891173 4 20 8 18 24 1 9 19 11 17 15 1 23.1596810519695282 70.5728171770680035 
18 30 8 10 15 1 11 1 6 5 32 2 14 20 2.70999124060388841 16 3 6 2 22 7 18 6 13 3.36768017929769181 23 1 11 15 11 12 13 1 16 30 2 6 22 6 14 2 3.84646942076222631 15 1 4 1 33 9.82524131762891173 4 20 8 18 24 1 9 19 11 17 15 1 24.2210580706596375 57.734833161071542 
18 30 8 10 15 1 12 20 2.70999124060388841 5 32 2 6 1 9 16 3 6 2 22 7 18 6 13 3.36768017929769181 23 1 11 15 11 12 13 1 16 30 2 6 22 6 14 2 3.84646942076222631 15 1 4 1 33 9.82524131762891173 4 20 8 18 24 1 9 19 11 17 15 1 23.6686161756515503 61.9272010389466274 
14 26 8 15 6 10 3 5 5 2 26 9 18 3 2.70999124060388841 4 2 2 17 1 9 5 12 5 14 31 2 13 6 12 3 16.1354543567662532 5 14 16 5 10 12 2 6 24 11 6 1 8 14 25 3.84646942076222631 1 24 5 12 6 7 12 32 2 14 15 4 17.465852677822113 229.43634822349992 
13 9 13 10 15 1 11 1 6 5 32 2 6 25 10 16 3 6 2 22 7 18 6 13 3.36768017929769181 23 1 11 15 11 12 13 1 16 30 2 6 22 6 14 2 3.84646942076222631 15 1 4 1 33 9.82524131762891173 4 20 8 14 24 2.70999124060388841 9 19 11 17 15 1 22.4278749227523804 85.6174170834442236 
13 20 7 10 15 1 11 1 6 5 32 2 15 17 12 16 3 6 2 22 7 4 15 7 3.36768017929769181 23 1 14 26 13 12 13 1 16 30 2 6 22 6 14 2 3.84646942076222631 15 1 4 1 33 9.82524131762891173 4 20 8 18 24 1 9 19 11 17 15 1 22.0990580320358276 98.6703047469763561 
8 24 7 1 12 2.70999124060388841 14 26 3 9 18 1 16 6 2 13 24 10 14 20 2 6 11 6.96245171630185755 9 14 5 9 8 11 13 2 7 9 31 7 16 24 2 10 30 12 6 15 5 1 26 13 13 2 13 12 14 1 12 30 7 14 1 9 17.7848576009273529 200.588581301739168 
18 30 8 10 15 1 11 1 6 5 32 2 14 20 4 16 3 6 2 22 7 18 6 13 3.36768017929769181 23 1 11 15 11 12 13 1 16 30 2 6 22 6 14 2 3.84646942076222631 15 1 4 1 33 9.82524131762891173 4 20 8 2 24 10 9 19 11 17 15 1 23.255314975976944 65.7844771224576306 
1 16 12 2 9 10 16 30 2.70999124060388841 3 14 7 2 30 13 6 22 11 4 24 5 15 2 10 13 2 9 4 17 3 15 9 2 14 30 11 4 12 13 17 22 5 10 2 12 16 7 2 2 16 10 16 20 8 15 31 3 9 15 6.96245171630185755 19.9522930383682251 190.757602031538198 
15 28 2.70999124060388841 13 16.1354543567662532 1 6 30 9 3 31 7 15 1 13 13 25 2 1 22 1 12 32 3.84646942076222631 11 6 10 9 11 8 3 23.4025356524426229 4 17 15 10 5 2 11 4 6 8 2 32 1 14 20 8 1 20 8 13 30 9 16 31 3 13 24 4 19.0892607569694519 191.497092983329196 
18 30 8 10 15 1 4 16 1 5 32 2 1 21 3 16 3 6 2 22 7 18 6 13 3.36768017929769181 23 1 11 15 11 12 13 1 16 30 2 6 22 6 14 2 3.84646942076222631 15 1 4 1 33 9.82524131762891173 4 20 8 18 24 1 9 19 11 17 15 1 25.4460852742195129 51.7691724156327382 
18 30 8 10 15 1 4 16 1 5 32 2 14 11 2.70999124060388841 16 3 6 2 22 7 18 6 13 3.36768017929769181 23 1 11 15 11 12 13 1 16 30 2 6 22 6 14 2 3.84646942076222631 15 1 4 1 33 9.82524131762891173 4 20 8 18 24 1 9 19 11 17 15 1 24.4189891219139099 55.4552575733935953 
18 30 8 10 15 1 4 16 1 5 32 2 1 21 3 16 3 6 2 22 7 18 6 13 3.36768017929769181 23 1 11 15 11 12 13 1 16 30 2 6 22 6 14 2 3.84646942076222631 15 1 4 1 33 9.82524131762891173 4 20 8 3 6 1 9 19 11 17 15 1 24.5841371417045593 54.3321729169947716 
18 30 8 10 15 1 4 16 1 5 32 2 14 7 3 16 3 6 2 22 7 18 6 13 3.36768017929769181 23 1 11 15 11 12 13 1 16 30 2 6 22 6 14 2 3.84646942076222631 15 1 4 1 33 9.82524131762891173 4 20 8 18 24 1 9 19 11 17 15 1 24.5263542532920837 54.7862146909675474 
14 32 5 10 15 1 4 16 1 5 32 2 13 5 9 16 3 6 6 1 9 18 6 13 3.36768017929769181 23 1 11 15 11 12 13 1 16 30 2 6 22 6 14 2 3.84646942076222631 15 1 4 1 33 9.82524131762891173 4 20 8 18 24 1 9 19 11 17 15 1 22.470622181892395 84.7295133556787334 

Current Evaluation = 20000000(20000120)
Front Size = 30
14 3 10 17 31 4 13 15 1 14 13 4 1 30 9 16 26 8 4 10 13 12 6 11 3 16 1 6 18 2.70999124060388841 13 1 6.96245171630185755 1 20 3 1 22 10 6 26 9 4 29 1 15 32 9 1 16 1 6 30 3.84646942076222631 10 6 9.82524131762891173 5 16 4 21.1255960464477539 160.780575334797334 
10 11 1 3 20 13 9 31 11 2 8 12 14 32 10 17 26 10 1 18 9 16 6 5 2 22 2.70999124060388841 17 25 12 6 16.1354543567662532 12 15 19 6 10 18 7 8 7 3.84646942076222631 14 19 10 9 16 12 3 31 2 6 6 12 16 32 9.82524131762891173 14 12 1 19.9579588174819946 170.224556283070228 
16 11 2 13 15 1 10 28 1 14 16 9 1 26 3 17 22 9 12 15 11 1 22 7 10 9 13 15 5.34074699537910114 3 13 30 2 16 1 4 4 15 6.96245171630185755 9 17 4 15 32 9 8 19 13 2 26 2 13 16 5 9 7 6 3 30 8 20.7316961288452148 170.090062278089391 
9 31 11 10 15 1 11 1 6 5 32 2 1 18 4 16 3 6 2 22 7 18 6 13 3.36768017929769181 23 1 11 15 11 12 13 1 16 30 2 6 22 6 14 2 3.84646942076222631 15 1 4 1 33 9.82524131762891173 4 20 8 14 9 7 9 19 11 17 15 1 22.7241988778114319 76.0571266942737765 
18 30 8 10 15 1 12 20 2.70999124060388841 5 32 2 6 1 9 16 3 6 2 22 7 18 6 13 3.36768017929769181 23 1 11 15 11 12 13 1 16 30 2 6 22 6 14 2 3.84646942076222631 15 1 4 1 33 9.82524131762891173 4 20 8 18 24 1 9 19 11 17 15 1 23.6686161756515503 61.9272010389466274 
14 26 8 15 6 10 3 5 5 2 26 9 18 3 2.70999124060388841 4 2 2 17 1 9 5 12 5 14 31 2 13 6 12 3 16.1354543567662532 5 14 16 5 10 12 2 6 24 11 6 1 8 14 25 3.84646942076222631 1 24 5 12 6 7 12 32 2 14 15 4 17.465852677822113 229.43634822349992 
8 24 7 1 12 2.70999124060388841 14 26 3 9 18 1 16 6 2 13 24 10 14 20 2 6 11 6.96245171630185755 9 14 5 9 8 11 13 2 7 9 31 7 16 24 2 10 30 12 6 15 5 1 26 13 13 2 13 12 14 1 12 30 7 14 1 9 17.7848576009273529 200.588581301739168 
15 28 2.70999124060388841 13 16.1354543567662532 1 6 30 9 3 31 7 15 1 13 13 25 2 1 22 1 12 32 3.84646942076222631 11 6 10 9 11 8 3 23.4025356524426229 4 17 15 10 5 2 11 4 6 8 2 32 1 14 20 8 1 20 8 13 30 9 16 31 3 13 24 4 19.0892607569694519 191.497092983329196 
18 30 8 10 15 1 4 16 1 5 32 2 1 21 3 16 3 6 2 22 7 18 6 13 3.36768017929769181 23 1 11 15 11 12 13 1 16 30 2 6 22 6 14 2 3.84646942076222631 15 1 4 1 33 9.82524131762891173 4 20 8 18 24 1 9 19 11 17 15 1 25.4460852742195129 51.3576939877369085 
14 13 8 10 15 1 4 16 1 5 32 2 6 31 7 16 3 6 2 22 7 18 6 13 3.36768017929769181 23 1 11 15 11 12 13 1 16 30 2 6 22 6 14 2 3.84646942076222631 15 1 4 1 33 9.82524131762891173 4 20 8 18 24 1 9 19 11 17 15 1 23.4060981869697571 64.0256409372558011 
18 30 8 10 15 1 4 16 1 5 32 2 14 12 4 16 3 6 2 22 7 18 6 13 3.36768017929769181 23 1 11 15 11 12 13 1 16 30 2 6 22 6 14 2 3.84646942076222631 15 1 4 1 33 9.82524131762891173 4 20 8 18 24 1 9 19 11 17 15 1 23.9468401670455933 53.7206966687183396 
18 30 8 10 15 1 4 16 1 5 32 2 15 25 4 16 3 6 2 22 7 18 6 13 3.36768017929769181 23 1 11 15 11 12 13 1 16 30 2 6 22 6 14 2 3.84646942076222631 15 1 4 1 33 9.82524131762891173 4 20 8 3.36768017929769181 23 8 9 19 11 17 15 1 23.8854309916496277 57.5598461523117706 
18 30 8 14 19 4 4 16 1 5 32 2 12 12 7 16 3 6 2 22 7 18 6 13 3.36768017929769181 23 1 11 15 11 12 13 1 16 30 2 6 22 6 14 2 3.84646942076222631 15 1 4 1 33 9.82524131762891173 4 20 8 12 6 8 9 19 11 17 15 1 22.6109369397163391 76.7863862107101625 
18 30 8 10 15 1 4 16 1 5 32 2 15 12 4 16 3 6 2 22 7 18 6 13 3.36768017929769181 23 1 11 15 11 12 13 1 16 30 2 6 22 6 14 2 3.84646942076222631 15 1 4 1 33 9.82524131762891173 4 20 8 14 32 2 9 19 11 17 15 1 22.9282330870628357 64.4559507925221737 
18 30 8 10 15 1 4 16 1 5 32 2 14 1 8 16 3 6 2 22 7 18 6 13 3.36768017929769181 23 1 11 15 11 12 13 1 16 30 2 6 22 6 14 2 3.84646942076222631 15 1 4 1 33 9.82524131762891173 4 20 8 14 6 13 9 19 11 17 15 1 22.8968750238418579 75.2387027347712092 
13 12 11 10 15 1 4 16 1 5 32 2 14 31 4 16 3 6 2 22 7 18 6 13 3.36768017929769181 23 1 11 15 11 12 13 1 16 30 2 6 22 6 14 2 3.84646942076222631 15 1 4 1 33 9.82524131762891173 4 20 8 12 9 9 9 19 11 17 15 1 22.1368220150470734 84.6065485839699107 
3.36768017929769181 26 1 10 15 1 4 16 1 5 32 2 14 12 2 6 19 10 2 22 7 18 6 13 3.36768017929769181 23 1 11 15 11 12 13 1 16 30 2 6 22 6 14 2 3.84646942076222631 15 1 4 1 33 9.82524131762891173 4 20 8 12 24 3 9 19 11 17 15 1 22.3296058773994446 80.147197543030444 
18 30 8 15 12 5 4 16 1 5 32 2 3.36768017929769181 25 9 16 3 6 2 22 7 18 6 13 3.36768017929769181 23 1 11 15 11 12 13 1 16 30 2 6 22 6 14 2 3.84646942076222631 15 1 4 14 24 4 4 20 8 6 26 2 9 19 11 17 15 1 21.5569570362567902 91.6685654424620395 
18 30 8 10 15 1 4 16 1 5 32 2 1 21 3 16 3 6 2 22 7 18 6 13 3.36768017929769181 23 1 11 15 11 12 13 1 16 30 2 6 22 6 14 2 3.84646942076222631 15 1 4 1 33 9.82524131762891173 4 20 8 3 6 13 9 19 11 17 15 1 24.5021371245384216 53.2170863286107831 
17 31 2.70999124060388841 6 3 8 15 6 1 2 14 1 10 8 11 3 26 9 4 30 2 12 12 5 15 3 7 6 26 8 4 11 9 6 6 6 13 25 6.96245171630185755 4.94126535182462057 15 4 14 31 10 4 25 4 17 1 10 2 15 12 8 19 9.82524131762891173 18 24 8 18.8053317070007324 192.710997619511545 
18 30 8 10 15 1 4 16 1 5 32 2 1 12 4 16 3 6 2 22 7 18 6 13 3.36768017929769181 23 1 11 10 12 12 13 1 16 30 2 6 22 6 14 2 3.84646942076222631 15 1 4 1 33 9.82524131762891173 4 20 8 12 4 13 9 19 11 17 15 1 28.071008026599884 49.6044287652191258 
1 25 2 14 15 2.70999124060388841 11 26 3 17 28 5 12 25 9 11 22 7 16 30 12 2 23 3 4 16.1354543567662532 3.84646942076222631 15 13 8 17 32 11 6 11 6 14 1 7 9 6 5 1 24 9 14 9 11 13.2195649013323386 6 3 8 20 12 10 30 13.151007650947605 6 26 7.75241283629571765 19.2688031196594238 190.317822135273587 
2 24 8 16 3 2.70999124060388841 17 28 6 4 19 6 5 31 4 17 13 8 4 16 4 11 15 6.96245171630185755 2 2 1 10 14 13 5 6 13 1 3 2 6 32 9 14 1 12 9 12 5 15 9 10 3 14 1 13 30 10 1 2 2 14 31 10 20.9032301306724548 165.922429282104218 
13 24 10 11 9 1 4 30 8 9 2 2.70999124060388841 2 32 6.96245171630185755 14 26 11 4.94126535182462057 13 9.82524131762891173 3 1 11 14 22 11 17 15 13 15 30 13 11 15 12 9 26 2 3 20 12 10 31.8448655754823804 1 6 32 11 1 30 4 10 12 9 17 26 1 11 1 7 19.8070456981658936 185.075177557220883 
6 12 5 9 18 4 3 3 6 14 30 9 8 28 2 14 20 8 2 5.34074699537910114 3 2 16 9 2 30 4 13 26 9 14 20 2 14 9 2 17 30 11 1 25 9 17 9 11 2 5 11 14 22 7 12 6 7 2 19 7 13 5 5 17.135870635509491 254.194595394285841 
18 30 8 10 15 1 4 16 1 5 32 2 1 21 3 16 3 6 2 22 7 18 6 13 3.36768017929769181 23 1 11 10 12 12 13 1 16 30 2 6 22 6 14 2 3.84646942076222631 15 1 4 1 33 9.82524131762891173 4 20 8 12 4 13 9 19 11 17 15 1 29.3908781409263611 47.5020282126208286 
18 30 8 10 15 1 4 16 1 5 32 2 1 21 3 16 3 6 2 22 7 18 6 13 3.36768017929769181 23 1 11 26 12 12 13 1 16 30 2 6 22 6 14 2 3.84646942076222631 15 1 4 1 33 9.82524131762891173 4 20 8 12 4 13 9 19 11 17 15 1 26.7571653723716736 50.203366038880965 
18 30 8 10 15 1 4 16 1 5 32 2 1 21 3 16 3 6 2 1 10 18 6 13 3.36768017929769181 23 1 11 10 12 12 13 1 16 30 2 6 22 6 14 2 3.84646942076222631 15 1 4 1 33 9.82524131762891173 4 20 8 12 4 13 9 19 11 17 15 1 29.0879811644554138 48.4585769988547099 
18 30 8 10 15 1 4 16 1 5 32 2 14 31 7 16 3 6 2 22 7 4 6 2 3.36768017929769181 23 1 12 1 4 12 13 1 16 30 2 6 22 6 14 2 3.84646942076222631 15 1 4 1 33 9.82524131762891173 4 20 8 14 1 13 9 19 11 17 15 1 21.1455910801887512 117.566980241980232 
13 26 8 17 31 6 1 32 4 8 24 13 11 30 11 16 25 6 6 13 5 4 28 3 9 9 4 12 8 13 17 15 9 17 18 10 6 32 2.70999124060388841 18 24 10 2 26 12 3 17 11 12 18 6.96245171630185755 4 12 10 14 14 10 1 24 6 19.7373059988021851 189.910966014696271 

Current Evaluation = 30000000(30000040)
Front Size = 34
10 11 1 3 20 13 9 31 11 2 8 12 14 32 10 17 26 10 1 18 9 16 6 5 2 22 2.70999124060388841 17 25 12 6 16.1354543567662532 12 15 19 6 10 18 7 8 7 3.84646942076222631 14 19 10 9 16 12 3 31 2 6 6 12 16 32 9.82524131762891173 14 12 1 19.9579588174819946 170.224556283070228 
16 11 2 13 15 1 10 28 1 14 16 9 1 26 3 17 22 9 12 15 11 1 22 7 10 9 13 15 5.34074699537910114 3 13 30 2 16 1 4 4 15 6.96245171630185755 9 17 4 15 32 9 8 19 13 2 26 2 13 16 5 9 7 6 3 30 8 20.7316961288452148 170.090062278089391 
9 31 11 10 15 1 11 1 6 5 32 2 1 18 4 16 3 6 2 22 7 18 6 13 3.36768017929769181 23 1 11 15 11 12 13 1 16 30 2 6 22 6 14 2 3.84646942076222631 15 1 4 1 33 9.82524131762891173 4 20 8 14 9 7 9 19 11 17 15 1 22.7241988778114319 76.0571266942737765 
18 30 8 10 15 1 12 20 2.70999124060388841 5 32 2 6 1 9 16 3 6 2 22 7 18 6 13 3.36768017929769181 23 1 11 15 11 12 13 1 16 30 2 6 22 6 14 2 3.84646942076222631 15 1 4 1 33 9.82524131762891173 4 20 8 18 24 1 9 19 11 17 15 1 23.6686161756515503 61.9272010389466274 
14 26 8 15 6 10 3 5 5 2 26 9 18 3 2.70999124060388841 4 2 2 17 1 9 5 12 5 14 31 2 13 6 12 3 16.1354543567662532 5 14 16 5 10 12 2 6 24 11 6 1 8 14 25 3.84646942076222631 1 24 5 12 6 7 12 32 2 14 15 4 17.465852677822113 229.43634822349992 
8 24 7 1 12 2.70999124060388841 14 26 3 9 18 1 16 6 2 13 24 10 14 20 2 6 11 6.96245171630185755 9 14 5 9 8 11 13 2 7 9 31 7 16 24 2 10 30 12 6 15 5 1 26 13 13 2 13 12 14 1 12 30 7 14 1 9 17.7848576009273529 200.588581301739168 
15 28 2.70999124060388841 13 16.1354543567662532 1 6 30 9 3 31 7 15 1 13 13 25 2 1 22 1 12 32 3.84646942076222631 11 6 10 9 11 8 3 23.4025356524426229 4 17 15 10 5 2 11 4 6 8 2 32 1 14 20 8 1 20 8 13 30 9 16 31 3 13 24 4 19.0892607569694519 191.497092983329196 
18 30 8 10 15 1 4 16 1 5 32 2 1 21 3 16 3 6 2 22 7 18 6 13 3.36768017929769181 23 1 11 15 11 12 13 1 16 30 2 6 22 6 14 2 3.84646942076222631 15 1 4 1 33 9.82524131762891173 4 20 8 18 24 1 9 19 11 17 15 1 25.4460852742195129 51.3576939877369085 
14 13 8 10 15 1 4 16 1 5 32 2 6 31 7 16 3 6 2 22 7 18 6 13 3.36768017929769181 23 1 11 15 11 12 13 1 16 30 2 6 22 6 14 2 3.84646942076222631 15 1 4 1 33 9.82524131762891173 4 20 8 18 24 1 9 19 11 17 15 1 23.4060981869697571 64.0256409372558011 
18 30 8 10 15 1 4 16 1 5 32 2 14 12 4 16 3 6 2 22 7 18 6 13 3.36768017929769181 23 1 11 15 11 12 13 1 16 30 2 6 22 6 14 2 3.84646942076222631 15 1 4 1 33 9.82524131762891173 4 20 8 18 24 1 9 19 11 17 15 1 23.9468401670455933 53.7206966687183396 
18 30 8 14 19 4 4 16 1 5 32 2 12 12 7 16 3 6 2 22 7 18 6 13 3.36768017929769181 23 1 11 15 11 12 13 1 16 30 2 6 22 6 14 2 3.84646942076222631 15 1 4 1 33 9.82524131762891173 4 20 8 12 6 8 9 19 11 17 15 1 22.6109369397163391 76.7863862107101625 
18 30 8 10 15 1 4 16 1 5 32 2 15 12 4 16 3 6 2 22 7 18 6 13 3.36768017929769181 23 1 11 15 11 12 13 1 16 30 2 6 22 6 14 2 3.84646942076222631 15 1 4 1 33 9.82524131762891173 4 20 8 14 32 2 9 19 11 17 15 1 22.9282330870628357 64.4559507925221737 
18 30 8 10 15 1 4 16 1 5 32 2 14 1 8 16 3 6 2 22 7 18 6 13 3.36768017929769181 23 1 11 15 11 12 13 1 16 30 2 6 22 6 14 2 3.84646942076222631 15 1 4 1 33 9.82524131762891173 4 20 8 14 6 13 9 19 11 17 15 1 22.8968750238418579 75.2387027347712092 
13 12 11 10 15 1 4 16 1 5 32 2 14 31 4 16 3 6 2 22 7 18 6 13 3.36768017929769181 23 1 11 15 11 12 13 1 16 30 2 6 22 6 14 2 3.84646942076222631 15 1 4 1 33 9.82524131762891173 4 20 8 12 9 9 9 19 11 17 15 1 22.1368220150470734 84.6065485839699107 
3.36768017929769181 26 1 10 15 1 4 16 1 5 32 2 14 12 2 6 19 10 2 22 7 18 6 13 3.36768017929769181 23 1 11 15 11 12 13 1 16 30 2 6 22 6 14 2 3.84646942076222631 15 1 4 1 33 9.82524131762891173 4 20 8 12 24 3 9 19 11 17 15 1 22.3296058773994446 80.147197543030444 
18 30 8 15 12 5 4 16 1 5 32 2 3.36768017929769181 25 9 16 3 6 2 22 7 18 6 13 3.36768017929769181 23 1 11 15 11 12 13 1 16 30 2 6 22 6 14 2 3.84646942076222631 15 1 4 14 24 4 4 20 8 6 26 2 9 19 11 17 15 1 21.5569570362567902 91.6685654424620395 
18 30 8 10 15 1 4 16 1 5 32 2 1 21 3 16 3 6 2 22 7 18 6 13 3.36768017929769181 23 1 11 15 11 12 13 1 16 30 2 6 22 6 14 2 3.84646942076222631 15 1 4 1 33 9.82524131762891173 4 20 8 3 6 13 9 19 11 17 15 1 24.5021371245384216 53.2170863286107831 
17 31 2.70999124060388841 6 3 8 15 6 1 2 14 1 10 8 11 3 26 9 4 30 2 12 12 5 15 3 7 6 26 8 4 11 9 6 6 6 13 25 6.96245171630185755 4.94126535182462057 15 4 14 31 10 4 25 4 17 1 10 2 15 12 8 19 9.82524131762891173 18 24 8 18.8053317070007324 192.710997619511545 
18 30 8 10 15 1 4 16 1 5 32 2 1 12 4 16 3 6 2 22 7 18 6 13 3.36768017929769181 23 1 11 10 12 12 13 1 16 30 2 6 22 6 14 2 3.84646942076222631 15 1 4 1 33 9.82524131762891173 4 20 8 12 4 13 9 19 11 17 15 1 28.071008026599884 49.6044287652191258 
2 24 8 16 3 2.70999124060388841 17 28 6 4 19 6 5 31 4 17 13 8 4 16 4 11 15 6.96245171630185755 2 2 1 10 14 13 5 6 13 1 3 2 6 32 9 14 1 12 9 12 5 15 9 10 3 14 1 13 30 10 1 2 2 14 31 10 20.9032301306724548 165.922429282104218 
18 30 8 10 15 1 4 16 1 5 32 2 1 21 3 16 3 6 2 22 7 18 6 13 3.36768017929769181 23 1 11 26 12 12 13 1 16 30 2 6 22 6 14 2 3.84646942076222631 15 1 4 1 33 9.82524131762891173 4 20 8 12 4 13 9 19 11 17 15 1 26.7571653723716736 50.203366038880965 
18 30 8 10 15 1 4 16 1 5 32 2 1 21 3 16 3 6 2 1 10 18 6 13 3.36768017929769181 23 1 11 10 12 12 13 1 16 30 2 6 22 6 14 2 3.84646942076222631 15 1 4 1 33 9.82524131762891173 4 20 8 12 4 13 9 19 11 17 15 1 29.0879811644554138 48.4585769988547099 
18 30 8 10 15 1 4 16 1 5 32 2 14 31 7 16 3 6 2 22 7 4 6 2 3.36768017929769181 23 1 12 1 4 12 13 1 16 30 2 6 22 6 14 2 3.84646942076222631 15 1 4 1 33 9.82524131762891173 4 20 8 14 1 13 9 19 11 17 15 1 21.1455910801887512 117.566980241980232 
3 30 9 12 25 9 3.36768017929769181 1 1 14 12 8 9.25570237641795579 25 10 15 9 6 16 6 3.84646942076222631 13.2195649013323386 22 6 17 23 10 6 26 8 16 23 2 8 31.8448655754823804 7 3 6 1 13 30 9 13 2 6 1 6 11 17 9 11 6 26 4 4 14 3 13 3 7 17.7690477967262268 224.140303593910971 
18 30 8 10 15 1 4 16 1 5 32 2 1 21 3 16 3 6 2 22 7 18 6 13 3.36768017929769181 23 1 4 24 8 12 13 1 16 30 2 6 22 6 14 2 3.84646942076222631 15 1 4 1 33 9.82524131762891173 4 20 8 3 30 13 9 19 11 17 15 1 23.8129462003707886 57.1358565362553392 
18 25 11 3 7 13 8 24 9 6 9 4 1 3 2 12 1 5 14 22 8 15 26 8 16 12 2 1 32 10 6 6 8 14 30 1 9 26 7 18 19 10 15 23 7 3 15 2 15 30 7 6 12 5 1 9 1 6 24 13 19.1340107321739197 180.73311541399778 
14 14 2.70999124060388841 6 26 5 12 1 9 11 24 5 1 8 8 1 12 4 14 32 9 3 1 11 9 17 7 6 1 6 14 31 1 1 19 3 16 30 1 13 19 3 1 3 1 12 6 9 9.25570237641795579 8 3.84646942076222631 1 1 5 11 18 9.82524131762891173 16 5 13 18.6743546724319458 195.027291172879416 
18 30 8 10 15 1 4 16 1 5 32 2 6 14 5 16 3 6 2 22 7 18 6 13 3.36768017929769181 23 1 11 10 12 12 13 1 16 30 2 6 22 6 14 2 3.84646942076222631 15 1 4 1 33 9.82524131762891173 4 20 8 12 4 13 9 19 11 17 15 1 28.3379670381546021 49.4750356897736339 
1 20 12 15 17 8 8 9 4 4 15 7 18 19 6 14 18 12 12 6 9 3.36768017929769181 26 10 2 16 12 16 12 9 12 15 11 11 31 9 1 16 2 18 30 3 1 1 8 17 24 10 5 14 8 4 15 6 14 25 13 12 16.1354543567662532 11 20.8418386578559875 168.778163503163512 
14 12 2 9 5.34074699537910114 13 13 1 7 1 6 8 16 25 2 16 16.1354543567662532 4 9 22 1 4.94126535182462057 26 9.82524131762891173 12 28 4 15 24 9 17.8244721320812971 2 8 1 32 8 10.3494946964094545 31 9 2 3 13 6 20 1.44943743604301667 5 26 4 16 5 12 1 31 7.88610251083374347 6 15 8 11 8 6 19.8903406858444214 179.6982988346399 
4 17 13 3 30 7 12 9 4 17 20 4 8 24 12 13 26 5 17 2 7 6 6 4 1 24 9 14 24 6 10 9 10 16 25 4 4 26 1 4 32 11 3 32 9 9 22 5 14 24 1 2 25 11 4 24 5 3.36768017929769181 14 4 17.1313598155975342 250.932618310482098 
18 30 8 10 15 1 4 16 1 5 32 2 1 21 3 16 3 6 2 22 7 18 6 13 3.36768017929769181 23 1 11 10 12 12 13 1 16 30 2 6 31 10 14 2 3.84646942076222631 15 1 4 1 33 9.82524131762891173 4 20 8 12 4 13 9 19 11 17 15 1 28.9445481896400452 48.8337156793111973 
18 30 8 10 15 1 4 16 1 5 32 2 1 21 3 16 3 6 2 22 7 18 6 13 3.36768017929769181 23 1 11 10 12 12 13 1 16 30 2 6 22 6 14 2 3.84646942076222631 15 1 4 1 33 9.82524131762891173 4 20 8 12 4 13 9 19 11 17 15 1 29.3908781409263611 47.4219276379349353 
18 30 8 10 15 1 4 16 1 5 32 2 4 12 9 16 3 6 2 22 7 15 31 2.70999124060388841 3.36768017929769181 23 1 14 15 11 12 13 1 16 30 2 6 22 6 14 2 3.84646942076222631 15 1 4 1 33 9.82524131762891173 4 20 8 9.25570237641795579 30 4 9 19 11 14 20 1 21.1071239709854126 124.216182364801668 

Current Evaluation = 40000000(40000100)
Front Size = 33
10 11 1 3 20 13 9 31 11 2 8 12 14 32 10 17 26 10 1 18 9 16 6 5 2 22 2.70999124060388841 17 25 12 6 16.1354543567662532 12 15 19 6 10 18 7 8 7 3.84646942076222631 14 19 10 9 16 12 3 31 2 6 6 12 16 32 9.82524131762891173 14 12 1 19.9579588174819946 170.224556283070228 
9 31 11 10 15 1 11 1 6 5 32 2 1 18 4 16 3 6 2 22 7 18 6 13 3.36768017929769181 23 1 11 15 11 12 13 1 16 30 2 6 22 6 14 2 3.84646942076222631 15 1 4 1 33 9.82524131762891173 4 20 8 14 9 7 9 19 11 17 15 1 22.7241988778114319 76.0571266942737765 
18 30 8 10 15 1 12 20 2.70999124060388841 5 32 2 6 1 9 16 3 6 2 22 7 18 6 13 3.36768017929769181 23 1 11 15 11 12 13 1 16 30 2 6 22 6 14 2 3.84646942076222631 15 1 4 1 33 9.82524131762891173 4 20 8 18 24 1 9 19 11 17 15 1 23.6686161756515503 61.9272010389466274 
14 26 8 15 6 10 3 5 5 2 26 9 18 3 2.70999124060388841 4 2 2 17 1 9 5 12 5 14 31 2 13 6 12 3 16.1354543567662532 5 14 16 5 10 12 2 6 24 11 6 1 8 14 25 3.84646942076222631 1 24 5 12 6 7 12 32 2 14 15 4 17.465852677822113 229.43634822349992 
8 24 7 1 12 2.70999124060388841 14 26 3 9 18 1 16 6 2 13 24 10 14 20 2 6 11 6.96245171630185755 9 14 5 9 8 11 13 2 7 9 31 7 16 24 2 10 30 12 6 15 5 1 26 13 13 2 13 12 14 1 12 30 7 14 1 9 17.7848576009273529 200.588581301739168 
18 30 8 10 15 1 4 16 1 5 32 2 1 21 3 16 3 6 2 22 7 18 6 13 3.36768017929769181 23 1 11 15 11 12 13 1 16 30 2 6 22 6 14 2 3.84646942076222631 15 1 4 1 33 9.82524131762891173 4 20 8 18 24 1 9 19 11 17 15 1 25.4460852742195129 51.3576939877369085 
14 13 8 10 15 1 4 16 1 5 32 2 6 31 7 16 3 6 2 22 7 18 6 13 3.36768017929769181 23 1 11 15 11 12 13 1 16 30 2 6 22 6 14 2 3.84646942076222631 15 1 4 1 33 9.82524131762891173 4 20 8 18 24 1 9 19 11 17 15 1 23.4060981869697571 64.0256409372558011 
18 30 8 10 15 1 4 16 1 5 32 2 14 12 4 16 3 6 2 22 7 18 6 13 3.36768017929769181 23 1 11 15 11 12 13 1 16 30 2 6 22 6 14 2 3.84646942076222631 15 1 4 1 33 9.82524131762891173 4 20 8 18 24 1 9 19 11 17 15 1 23.9468401670455933 53.7206966687183396 
18 30 8 14 19 4 4 16 1 5 32 2 12 12 7 16 3 6 2 22 7 18 6 13 3.36768017929769181 23 1 11 15 11 12 13 1 16 30 2 6 22 6 14 2 3.84646942076222631 15 1 4 1 33 9.82524131762891173 4 20 8 12 6 8 9 19 11 17 15 1 22.6109369397163391 76.7863862107101625 
18 30 8 10 15 1 4 16 1 5 32 2 15 12 4 16 3 6 2 22 7 18 6 13 3.36768017929769181 23 1 11 15 11 12 13 1 16 30 2 6 22 6 14 2 3.84646942076222631 15 1 4 1 33 9.82524131762891173 4 20 8 14 32 2 9 19 11 17 15 1 22.9282330870628357 64.4559507925221737 
18 30 8 10 15 1 4 16 1 5 32 2 14 1 8 16 3 6 2 22 7 18 6 13 3.36768017929769181 23 1 11 15 11 12 13 1 16 30 2 6 22 6 14 2 3.84646942076222631 15 1 4 1 33 9.82524131762891173 4 20 8 14 6 13 9 19 11 17 15 1 22.8968750238418579 75.2387027347712092 
13 12 11 10 15 1 4 16 1 5 32 2 14 31 4 16 3 6 2 22 7 18 6 13 3.36768017929769181 23 1 11 15 11 12 13 1 16 30 2 6 22 6 14 2 3.84646942076222631 15 1 4 1 33 9.82524131762891173 4 20 8 12 9 9 9 19 11 17 15 1 22.1368220150470734 84.6065485839699107 
3.36768017929769181 26 1 10 15 1 4 16 1 5 32 2 14 12 2 6 19 10 2 22 7 18 6 13 3.36768017929769181 23 1 11 15 11 12 13 1 16 30 2 6 22 6 14 2 3.84646942076222631 15 1 4 1 33 9.82524131762891173 4 20 8 12 24 3 9 19 11 17 15 1 22.3296058773994446 80.147197543030444 
18 30 8 15 12 5 4 16 1 5 32 2 3.36768017929769181 25 9 16 3 6 2 22 7 18 6 13 3.36768017929769181 23 1 11 15 11 12 13 1 16 30 2 6 22 6 14 2 3.84646942076222631 15 1 4 14 24 4 4 20 8 6 26 2 9 19 11 17 15 1 21.5569570362567902 91.6685654424620395 
18 30 8 10 15 1 4 16 1 5 32 2 1 21 3 16 3 6 2 22 7 18 6 13 3.36768017929769181 23 1 11 15 11 12 13 1 16 30 2 6 22 6 14 2 3.84646942076222631 15 1 4 1 33 9.82524131762891173 4 20 8 3 6 13 9 19 11 17 15 1 24.5021371245384216 53.2170863286107831 
18 30 8 10 15 1 4 16 1 5 32 2 1 21 3 16 3 6 2 22 7 18 6 13 3.36768017929769181 23 1 11 26 12 12 13 1 16 30 2 6 22 6 14 2 3.84646942076222631 15 1 4 1 33 9.82524131762891173 4 20 8 12 4 13 9 19 11 17 15 1 26.7571653723716736 50.203366038880965 
18 30 8 10 15 1 4 16 1 5 32 2 1 21 3 16 3 6 2 1 10 18 6 13 3.36768017929769181 23 1 11 10 12 12 13 1 16 30 2 6 22 6 14 2 3.84646942076222631 15 1 4 1 33 9.82524131762891173 4 20 8 12 4 13 9 19 11 17 15 1 29.0879811644554138 48.4585769988547099 
18 30 8 10 15 1 4 16 1 5 32 2 14 31 7 16 3 6 2 22 7 4 6 2 3.36768017929769181 23 1 12 1 4 12 13 1 16 30 2 6 22 6 14 2 3.84646942076222631 15 1 4 1 33 9.82524131762891173 4 20 8 14 1 13 9 19 11 17 15 1 21.1455910801887512 117.566980241980232 
18 30 8 10 15 1 4 16 1 5 32 2 1 21 3 16 3 6 2 22 7 18 6 13 3.36768017929769181 23 1 4 24 8 12 13 1 16 30 2 6 22 6 14 2 3.84646942076222631 15 1 4 1 33 9.82524131762891173 4 20 8 3 30 13 9 19 11 17 15 1 23.8129462003707886 57.1358565362553392 
18 25 11 3 7 13 8 24 9 6 9 4 1 3 2 12 1 5 14 22 8 15 26 8 16 12 2 1 32 10 6 6 8 14 30 1 9 26 7 18 19 10 15 23 7 3 15 2 15 30 7 6 12 5 1 9 1 6 24 13 19.1340107321739197 180.73311541399778 
18 30 8 10 15 1 4 16 1 5 32 2 6 14 5 16 3 6 2 22 7 18 6 13 3.36768017929769181 23 1 11 10 12 12 13 1 16 30 2 6 22 6 14 2 3.84646942076222631 15 1 4 1 33 9.82524131762891173 4 20 8 12 4 13 9 19 11 17 15 1 28.3379670381546021 49.4750356897736339 
14 12 2 9 5.34074699537910114 13 13 1 7 1 6 8 16 25 2 16 16.1354543567662532 4 9 22 1 4.94126535182462057 26 9.82524131762891173 12 28 4 15 24 9 17.8244721320812971 2 8 1 32 8 10.3494946964094545 31 9 2 3 13 6 20 1.44943743604301667 5 26 4 16 5 12 1 31 7.88610251083374347 6 15 8 11 8 6 19.8903406858444214 179.6982988346399 
4 17 13 3 30 7 12 9 4 17 20 4 8 24 12 13 26 5 17 2 7 6 6 4 1 24 9 14 24 6 10 9 10 16 25 4 4 26 1 4 32 11 3 32 9 9 22 5 14 24 1 2 25 11 4 24 5 3.36768017929769181 14 4 17.1313598155975342 250.932618310482098 
18 30 8 10 15 1 4 16 1 5 32 2 1 21 3 16 3 6 2 22 7 18 6 13 3.36768017929769181 23 1 11 10 12 12 13 1 16 30 2 6 31 10 14 2 3.84646942076222631 15 1 4 1 33 9.82524131762891173 4 20 8 12 4 13 9 19 11 17 15 1 28.9445481896400452 48.8337156793111973 
18 30 8 10 15 1 4 16 1 5 32 2 4 12 9 16 3 6 2 22 7 15 31 2.70999124060388841 3.36768017929769181 23 1 14 15 11 12 13 1 16 30 2 6 22 6 14 2 3.84646942076222631 15 1 4 1 33 9.82524131762891173 4 20 8 9.25570237641795579 30 4 9 19 11 14 20 1 21.1071239709854126 124.216182364801668 
18 30 8 10 15 1 4 16 1 5 32 2 1 21 3 16 3 6 2 22 7 18 6 13 3.36768017929769181 23 1 11 10 12 12 13 1 16 30 2 6 22 6 14 2 3.84646942076222631 15 1 4 1 33 9.82524131762891173 4 20 8 18 26 13 9 19 11 17 15 1 27.9980611205101013 50.126894377754482 
14 9 4 16 24 12 15 31 2.70999124060388841 1 19 6 2 26 1 11 11 2 9.25570237641795579 12 11 4.94126535182462057 15 13 12 2 11 16 3 9 6 18 6 4 32 4 1 16 3 18 15 9.82524131762891173 16 24 13 8 2 6 6 31.8448655754823804 6 1 32 1 3 25 6 9 22 13 20.4404426217079163 161.160332151508612 
17 13 6 10 15 6 16 13 2.70999124060388841 14 19 12 3 33 11 1 6 10 1 26 5 9 30 10 2 25 6.96245171630185755 17 18 11 14 32 12 2 15 1 6 20 6 12 32 8 4 14 1 18 1 3.84646942076222631 10 19 4 9 30 13 6 22 2 13.2195649013323386 25 13 20.7618778347969055 159.517697600988612 
10 29 2.70999124060388841 12 30 11 1 15 7 15 31 9 3 25 6.96245171630185755 15 1 10 14 2 3.84646942076222631 3 20 7 4 6 6 6 6 6 10 26 11 14 1 12 14 32 11 4 31 12 15 18 1 13 32 5 4 2 11 9 20 1 4 6 9 2 8 4 18.3026998043060303 188.613978674019194 
18 30 8 10 15 1 4 16 1 5 32 2 14 25 10 16 3 6 2 22 7 18 6 13 3.36768017929769181 23 1 11 10 12 12 13 1 16 30 2 6 22 6 14 2 3.84646942076222631 15 1 4 1 33 9.82524131762891173 4 20 8 12 4 13 9 19 11 17 15 1 28.011258065700531 49.5854268613597213 
1 24 12 3.36768017929769181 31 5 3 9 8 5 19 6.96245171630185755 15 24 11 12 8.22565314501180467 10 2 15 4 9 30 11 13 32 4 11 30 7 1 20 3 14 18 12 13 12 10 2 1 7 6 5 3 14 2 9 14 24 9.82524131762891173 17 15 2 8 30 4 14 19 13.151007650947605 17.5016730427742004 223.505183167801448 
3.36768017929769181 6 13 1 20 5 2 31 1 14 24 6 6 13 4 15 1 6.96245171630185755 14 15 12 14 25 13 2 1 9 14 8.22565314501180467 2 13 31 12 8 3 9.82524131762891173 14 22 9 3 30 2 8 32 9 5 19 4 12 24 11 4 14 8 8 1 10 10 6 6 17.7370526790618896 218.996756459914337 
18 30 8 10 15 1 4 16 1 5 32 2 1 21 3 16 3 6 2 22 7 18 6 13 3.36768017929769181 23 1 11 10 12 12 13 1 16 30 2 6 22 6 14 2 3.84646942076222631 15 1 4 1 33 9.82524131762891173 4 20 8 12 4 13 9 19 11 17 15 1 29.3908781409263611 47.3258833165214838 

Current Evaluation = 50000000(50000020)
Front Size = 32
9 31 11 10 15 1 11 1 6 5 32 2 1 18 4 16 3 6 2 22 7 18 6 13 3.36768017929769181 23 1 11 15 11 12 13 1 16 30 2 6 22 6 14 2 3.84646942076222631 15 1 4 1 33 9.82524131762891173 4 20 8 14 9 7 9 19 11 17 15 1 22.7241988778114319 76.0571266942737765 
18 30 8 10 15 1 12 20 2.70999124060388841 5 32 2 6 1 9 16 3 6 2 22 7 18 6 13 3.36768017929769181 23 1 11 15 11 12 13 1 16 30 2 6 22 6 14 2 3.84646942076222631 15 1 4 1 33 9.82524131762891173 4 20 8 18 24 1 9 19 11 17 15 1 23.6686161756515503 61.9272010389466274 
14 26 8 15 6 10 3 5 5 2 26 9 18 3 2.70999124060388841 4 2 2 17 1 9 5 12 5 14 31 2 13 6 12 3 16.1354543567662532 5 14 16 5 10 12 2 6 24 11 6 1 8 14 25 3.84646942076222631 1 24 5 12 6 7 12 32 2 14 15 4 17.465852677822113 229.43634822349992 
8 24 7 1 12 2.70999124060388841 14 26 3 9 18 1 16 6 2 13 24 10 14 20 2 6 11 6.96245171630185755 9 14 5 9 8 11 13 2 7 9 31 7 16 24 2 10 30 12 6 15 5 1 26 13 13 2 13 12 14 1 12 30 7 14 1 9 17.7848576009273529 200.588581301739168 
18 30 8 10 15 1 4 16 1 5 32 2 1 21 3 16 3 6 2 22 7 18 6 13 3.36768017929769181 23 1 11 15 11 12 13 1 16 30 2 6 22 6 14 2 3.84646942076222631 15 1 4 1 33 9.82524131762891173 4 20 8 18 24 1 9 19 11 17 15 1 25.4460852742195129 51.3576939877369085 
14 13 8 10 15 1 4 16 1 5 32 2 6 31 7 16 3 6 2 22 7 18 6 13 3.36768017929769181 23 1 11 15 11 12 13 1 16 30 2 6 22 6 14 2 3.84646942076222631 15 1 4 1 33 9.82524131762891173 4 20 8 18 24 1 9 19 11 17 15 1 23.4060981869697571 64.0256409372558011 
18 30 8 10 15 1 4 16 1 5 32 2 14 12 4 16 3 6 2 22 7 18 6 13 3.36768017929769181 23 1 11 15 11 12 13 1 16 30 2 6 22 6 14 2 3.84646942076222631 15 1 4 1 33 9.82524131762891173 4 20 8 18 24 1 9 19 11 17 15 1 23.9468401670455933 53.7206966687183396 
18 30 8 14 19 4 4 16 1 5 32 2 12 12 7 16 3 6 2 22 7 18 6 13 3.36768017929769181 23 1 11 15 11 12 13 1 16 30 2 6 22 6 14 2 3.84646942076222631 15 1 4 1 33 9.82524131762891173 4 20 8 12 6 8 9 19 11 17 15 1 22.6109369397163391 76.7863862107101625 
18 30 8 10 15 1 4 16 1 5 32 2 15 12 4 16 3 6 2 22 7 18 6 13 3.36768017929769181 23 1 11 15 11 12 13 1 16 30 2 6 22 6 14 2 3.84646942076222631 15 1 4 1 33 9.82524131762891173 4 20 8 14 32 2 9 19 11 17 15 1 22.9282330870628357 64.4559507925221737 
18 30 8 10 15 1 4 16 1 5 32 2 14 1 8 16 3 6 2 22 7 18 6 13 3.36768017929769181 23 1 11 15 11 12 13 1 16 30 2 6 22 6 14 2 3.84646942076222631 15 1 4 1 33 9.82524131762891173 4 20 8 14 6 13 9 19 11 17 15 1 22.8968750238418579 75.2387027347712092 
13 12 11 10 15 1 4 16 1 5 32 2 14 31 4 16 3 6 2 22 7 18 6 13 3.36768017929769181 23 1 11 15 11 12 13 1 16 30 2 6 22 6 14 2 3.84646942076222631 15 1 4 1 33 9.82524131762891173 4 20 8 12 9 9 9 19 11 17 15 1 22.1368220150470734 84.6065485839699107 
3.36768017929769181 26 1 10 15 1 4 16 1 5 32 2 14 12 2 6 19 10 2 22 7 18 6 13 3.36768017929769181 23 1 11 15 11 12 13 1 16 30 2 6 22 6 14 2 3.84646942076222631 15 1 4 1 33 9.82524131762891173 4 20 8 12 24 3 9 19 11 17 15 1 22.3296058773994446 80.147197543030444 
18 30 8 15 12 5 4 16 1 5 32 2 3.36768017929769181 25 9 16 3 6 2 22 7 18 6 13 3.36768017929769181 23 1 11 15 11 12 13 1 16 30 2 6 22 6 14 2 3.84646942076222631 15 1 4 14 24 4 4 20 8 6 26 2 9 19 11 17 15 1 21.5569570362567902 91.6685654424620395 
18 30 8 10 15 1 4 16 1 5 32 2 1 21 3 16 3 6 2 22 7 18 6 13 3.36768017929769181 23 1 11 15 11 12 13 1 16 30 2 6 22 6 14 2 3.84646942076222631 15 1 4 1 33 9.82524131762891173 4 20 8 3 6 13 9 19 11 17 15 1 24.5021371245384216 53.2170863286107831 
18 30 8 10 15 1 4 16 1 5 32 2 1 21 3 16 3 6 2 22 7 18 6 13 3.36768017929769181 23 1 11 26 12 12 13 1 16 30 2 6 22 6 14 2 3.84646942076222631 15 1 4 1 33 9.82524131762891173 4 20 8 12 4 13 9 19 11 17 15 1 26.7571653723716736 50.203366038880965 
18 30 8 10 15 1 4 16 1 5 32 2 1 21 3 16 3 6 2 1 10 18 6 13 3.36768017929769181 23 1 11 10 12 12 13 1 16 30 2 6 22 6 14 2 3.84646942076222631 15 1 4 1 33 9.82524131762891173 4 20 8 12 4 13 9 19 11 17 15 1 29.0879811644554138 48.4585769988547099 
18 30 8 10 15 1 4 16 1 5 32 2 14 31 7 16 3 6 2 22 7 4 6 2 3.36768017929769181 23 1 12 1 4 12 13 1 16 30 2 6 22 6 14 2 3.84646942076222631 15 1 4 1 33 9.82524131762891173 4 20 8 14 1 13 9 19 11 17 15 1 21.1455910801887512 117.566980241980232 
18 30 8 10 15 1 4 16 1 5 32 2 1 21 3 16 3 6 2 22 7 18 6 13 3.36768017929769181 23 1 4 24 8 12 13 1 16 30 2 6 22 6 14 2 3.84646942076222631 15 1 4 1 33 9.82524131762891173 4 20 8 3 30 13 9 19 11 17 15 1 23.8129462003707886 57.1358565362553392 
18 25 11 3 7 13 8 24 9 6 9 4 1 3 2 12 1 5 14 22 8 15 26 8 16 12 2 1 32 10 6 6 8 14 30 1 9 26 7 18 19 10 15 23 7 3 15 2 15 30 7 6 12 5 1 9 1 6 24 13 19.1340107321739197 180.73311541399778 
4 17 13 3 30 7 12 9 4 17 20 4 8 24 12 13 26 5 17 2 7 6 6 4 1 24 9 14 24 6 10 9 10 16 25 4 4 26 1 4 32 11 3 32 9 9 22 5 14 24 1 2 25 11 4 24 5 3.36768017929769181 14 4 17.1313598155975342 250.932618310482098 
18 30 8 10 15 1 4 16 1 5 32 2 1 21 3 16 3 6 2 22 7 18 6 13 3.36768017929769181 23 1 11 10 12 12 13 1 16 30 2 6 31 10 14 2 3.84646942076222631 15 1 4 1 33 9.82524131762891173 4 20 8 12 4 13 9 19 11 17 15 1 28.9445481896400452 48.8337156793111973 
18 30 8 10 15 1 4 16 1 5 32 2 4 12 9 16 3 6 2 22 7 15 31 2.70999124060388841 3.36768017929769181 23 1 14 15 11 12 13 1 16 30 2 6 22 6 14 2 3.84646942076222631 15 1 4 1 33 9.82524131762891173 4 20 8 9.25570237641795579 30 4 9 19 11 14 20 1 21.1071239709854126 124.216182364801668 
17 13 6 10 15 6 16 13 2.70999124060388841 14 19 12 3 33 11 1 6 10 1 26 5 9 30 10 2 25 6.96245171630185755 17 18 11 14 32 12 2 15 1 6 20 6 12 32 8 4 14 1 18 1 3.84646942076222631 10 19 4 9 30 13 6 22 2 13.2195649013323386 25 13 20.7618778347969055 159.517697600988612 
10 29 2.70999124060388841 12 30 11 1 15 7 15 31 9 3 25 6.96245171630185755 15 1 10 14 2 3.84646942076222631 3 20 7 4 6 6 6 6 6 10 26 11 14 1 12 14 32 11 4 31 12 15 18 1 13 32 5 4 2 11 9 20 1 4 6 9 2 8 4 18.3026998043060303 188.613978674019194 
1 24 12 3.36768017929769181 31 5 3 9 8 5 19 6.96245171630185755 15 24 11 12 8.22565314501180467 10 2 15 4 9 30 11 13 32 4 11 30 7 1 20 3 14 18 12 13 12 10 2 1 7 6 5 3 14 2 9 14 24 9.82524131762891173 17 15 2 8 30 4 14 19 13.151007650947605 17.5016730427742004 223.505183167801448 
3.36768017929769181 6 13 1 20 5 2 31 1 14 24 6 6 13 4 15 1 6.96245171630185755 14 15 12 14 25 13 2 1 9 14 8.22565314501180467 2 13 31 12 8 3 9.82524131762891173 14 22 9 3 30 2 8 32 9 5 19 4 12 24 11 4 14 8 8 1 10 10 6 6 17.7370526790618896 218.996756459914337 
18 30 8 10 15 1 4 16 1 5 32 2 1 21 3 16 3 6 2 22 7 18 6 13 3.36768017929769181 23 1 11 10 12 12 13 1 16 30 2 6 22 6 14 2 3.84646942076222631 15 1 4 1 33 9.82524131762891173 4 20 8 12 4 13 9 19 11 17 15 1 29.3908781409263611 47.3258833165214838 
14 9 3 14 12 10 10 18 12 12 19 2.70999124060388841 6 22 10 14 9 2 12 23 12 8 1 7 17 15 12 9.25570237641795579 5 12 6 20 3 2 28 7 15 24 1 8 23 6 17 32 9 1 31 8 9 24 5 3 20 3.84646942076222631 13.2195649013323386 26 9 15 1 11 19.1699210405349731 174.249970393643451 
12 22 2 10 15 8 9 12 12 10 8 5 17 9 1 14 1 2.70999124060388841 1 15 4 6 9 9 12 19 9 16 5 7 3 30 6.96245171630185755 15 3 1 14 20 10 10 11 8 17 9 13 4.94126535182462057 1 2 12 23 1 13 32 4 2 19 9 3 20 6 20.2846819162368774 160.888589188589208 
18 30 8 10 15 1 4 16 1 5 32 2 1 5 3 16 3 6 2 22 7 18 6 13 3.36768017929769181 23 1 11 10 12 12 13 1 16 30 2 6 22 6 14 2 3.84646942076222631 15 1 4 1 33 9.82524131762891173 4 20 8 12 4 13 9 19 11 17 15 1 28.3695020079612732 48.8543967794756071 
16 6 2 3.36768017929769181 24 7 14 23 1 16 8 4 15 1 6 4 12 10 1 2 7 9.25570237641795579 6 12 4.94126535182462057 24 1 17 8 11 4 32 9 12 20 12 14 2 13 1 25 2 1 16 9 11 15 10 9 18 12 10 23.4025356524426229 2 12 3 7 14 25 3 19.5646687746047974 167.815113154818988 
18 30 8 10 15 1 4 16 1 5 32 2 1 21 3 16 3 6 2 22 7 18 6 13 3.36768017929769181 23 1 11 10 12 12 13 1 16 30 2 6 22 6 14 2 3.84646942076222631 15 1 4 1 33 9.82524131762891173 4 20 8 11 24 13 9 19 11 17 15 1 27.6677770018577576 49.3964351230040464 

Current Evaluation = 60000000(60000080)
Front Size = 36
9 31 11 10 15 1 11 1 6 5 32 2 1 18 4 16 3 6 2 22 7 18 6 13 3.36768017929769181 23 1 11 15 11 12 13 1 16 30 2 6 22 6 14 2 3.84646942076222631 15 1 4 1 33 9.82524131762891173 4 20 8 14 9 7 9 19 11 17 15 1 22.7241988778114319 76.0571266942737765 
18 30 8 10 15 1 12 20 2.70999124060388841 5 32 2 6 1 9 16 3 6 2 22 7 18 6 13 3.36768017929769181 23 1 11 15 11 12 13 1 16 30 2 6 22 6 14 2 3.84646942076222631 15 1 4 1 33 9.82524131762891173 4 20 8 18 24 1 9 19 11 17 15 1 23.6686161756515503 61.9272010389466274 
14 26 8 15 6 10 3 5 5 2 26 9 18 3 2.70999124060388841 4 2 2 17 1 9 5 12 5 14 31 2 13 6 12 3 16.1354543567662532 5 14 16 5 10 12 2 6 24 11 6 1 8 14 25 3.84646942076222631 1 24 5 12 6 7 12 32 2 14 15 4 17.465852677822113 229.43634822349992 
8 24 7 1 12 2.70999124060388841 14 26 3 9 18 1 16 6 2 13 24 10 14 20 2 6 11 6.96245171630185755 9 14 5 9 8 11 13 2 7 9 31 7 16 24 2 10 30 12 6 15 5 1 26 13 13 2 13 12 14 1 12 30 7 14 1 9 17.7848576009273529 200.588581301739168 
18 30 8 10 15 1 4 16 1 5 32 2 1 21 3 16 3 6 2 22 7 18 6 13 3.36768017929769181 23 1 11 15 11 12 13 1 16 30 2 6 22 6 14 2 3.84646942076222631 15 1 4 1 33 9.82524131762891173 4 20 8 18 24 1 9 19 11 17 15 1 25.4460852742195129 51.3576939877369085 
14 13 8 10 15 1 4 16 1 5 32 2 6 31 7 16 3 6 2 22 7 18 6 13 3.36768017929769181 23 1 11 15 11 12 13 1 16 30 2 6 22 6 14 2 3.84646942076222631 15 1 4 1 33 9.82524131762891173 4 20 8 18 24 1 9 19 11 17 15 1 23.4060981869697571 64.0256409372558011 
18 30 8 10 15 1 4 16 1 5 32 2 14 12 4 16 3 6 2 22 7 18 6 13 3.36768017929769181 23 1 11 15 11 12 13 1 16 30 2 6 22 6 14 2 3.84646942076222631 15 1 4 1 33 9.82524131762891173 4 20 8 18 24 1 9 19 11 17 15 1 23.9468401670455933 53.7206966687183396 
18 30 8 14 19 4 4 16 1 5 32 2 12 12 7 16 3 6 2 22 7 18 6 13 3.36768017929769181 23 1 11 15 11 12 13 1 16 30 2 6 22 6 14 2 3.84646942076222631 15 1 4 1 33 9.82524131762891173 4 20 8 12 6 8 9 19 11 17 15 1 22.6109369397163391 76.7863862107101625 
18 30 8 10 15 1 4 16 1 5 32 2 15 12 4 16 3 6 2 22 7 18 6 13 3.36768017929769181 23 1 11 15 11 12 13 1 16 30 2 6 22 6 14 2 3.84646942076222631 15 1 4 1 33 9.82524131762891173 4 20 8 14 32 2 9 19 11 17 15 1 22.9282330870628357 64.4559507925221737 
18 30 8 10 15 1 4 16 1 5 32 2 14 1 8 16 3 6 2 22 7 18 6 13 3.36768017929769181 23 1 11 15 11 12 13 1 16 30 2 6 22 6 14 2 3.84646942076222631 15 1 4 1 33 9.82524131762891173 4 20 8 14 6 13 9 19 11 17 15 1 22.8968750238418579 75.2387027347712092 
13 12 11 10 15 1 4 16 1 5 32 2 14 31 4 16 3 6 2 22 7 18 6 13 3.36768017929769181 23 1 11 15 11 12 13 1 16 30 2 6 22 6 14 2 3.84646942076222631 15 1 4 1 33 9.82524131762891173 4 20 8 12 9 9 9 19 11 17 15 1 22.1368220150470734 84.6065485839699107 
3.36768017929769181 26 1 10 15 1 4 16 1 5 32 2 14 12 2 6 19 10 2 22 7 18 6 13 3.36768017929769181 23 1 11 15 11 12 13 1 16 30 2 6 22 6 14 2 3.84646942076222631 15 1 4 1 33 9.82524131762891173 4 20 8 12 24 3 9 19 11 17 15 1 22.3296058773994446 80.147197543030444 
18 30 8 15 12 5 4 16 1 5 32 2 3.36768017929769181 25 9 16 3 6 2 22 7 18 6 13 3.36768017929769181 23 1 11 15 11 12 13 1 16 30 2 6 22 6 14 2 3.84646942076222631 15 1 4 14 24 4 4 20 8 6 26 2 9 19 11 17 15 1 21.5569570362567902 91.6685654424620395 
18 30 8 10 15 1 4 16 1 5 32 2 1 21 3 16 3 6 2 22 7 18 6 13 3.36768017929769181 23 1 11 15 11 12 13 1 16 30 2 6 22 6 14 2 3.84646942076222631 15 1 4 1 33 9.82524131762891173 4 20 8 3 6 13 9 19 11 17 15 1 24.5021371245384216 53.2170863286107831 
18 30 8 10 15 1 4 16 1 5 32 2 1 21 3 16 3 6 2 22 7 18 6 13 3.36768017929769181 23 1 11 26 12 12 13 1 16 30 2 6 22 6 14 2 3.84646942076222631 15 1 4 1 33 9.82524131762891173 4 20 8 12 4 13 9 19 11 17 15 1 26.7571653723716736 50.203366038880965 
18 30 8 10 15 1 4 16 1 5 32 2 1 21 3 16 3 6 2 1 10 18 6 13 3.36768017929769181 23 1 11 10 12 12 13 1 16 30 2 6 22 6 14 2 3.84646942076222631 15 1 4 1 33 9.82524131762891173 4 20 8 12 4 13 9 19 11 17 15 1 29.0879811644554138 48.4585769988547099 
18 30 8 10 15 1 4 16 1 5 32 2 14 31 7 16 3 6 2 22 7 4 6 2 3.36768017929769181 23 1 12 1 4 12 13 1 16 30 2 6 22 6 14 2 3.84646942076222631 15 1 4 1 33 9.82524131762891173 4 20 8 14 1 13 9 19 11 17 15 1 21.1455910801887512 117.566980241980232 
18 30 8 10 15 1 4 16 1 5 32 2 1 21 3 16 3 6 2 22 7 18 6 13 3.36768017929769181 23 1 4 24 8 12 13 1 16 30 2 6 22 6 14 2 3.84646942076222631 15 1 4 1 33 9.82524131762891173 4 20 8 3 30 13 9 19 11 17 15 1 23.8129462003707886 57.1358565362553392 
18 25 11 3 7 13 8 24 9 6 9 4 1 3 2 12 1 5 14 22 8 15 26 8 16 12 2 1 32 10 6 6 8 14 30 1 9 26 7 18 19 10 15 23 7 3 15 2 15 30 7 6 12 5 1 9 1 6 24 13 19.1340107321739197 180.73311541399778 
4 17 13 3 30 7 12 9 4 17 20 4 8 24 12 13 26 5 17 2 7 6 6 4 1 24 9 14 24 6 10 9 10 16 25 4 4 26 1 4 32 11 3 32 9 9 22 5 14 24 1 2 25 11 4 24 5 3.36768017929769181 14 4 17.1313598155975342 250.932618310482098 
18 30 8 10 15 1 4 16 1 5 32 2 1 21 3 16 3 6 2 22 7 18 6 13 3.36768017929769181 23 1 11 10 12 12 13 1 16 30 2 6 31 10 14 2 3.84646942076222631 15 1 4 1 33 9.82524131762891173 4 20 8 12 4 13 9 19 11 17 15 1 28.9445481896400452 48.8337156793111973 
18 30 8 10 15 1 4 16 1 5 32 2 4 12 9 16 3 6 2 22 7 15 31 2.70999124060388841 3.36768017929769181 23 1 14 15 11 12 13 1 16 30 2 6 22 6 14 2 3.84646942076222631 15 1 4 1 33 9.82524131762891173 4 20 8 9.25570237641795579 30 4 9 19 11 14 20 1 21.1071239709854126 124.216182364801668 
17 13 6 10 15 6 16 13 2.70999124060388841 14 19 12 3 33 11 1 6 10 1 26 5 9 30 10 2 25 6.96245171630185755 17 18 11 14 32 12 2 15 1 6 20 6 12 32 8 4 14 1 18 1 3.84646942076222631 10 19 4 9 30 13 6 22 2 13.2195649013323386 25 13 20.7618778347969055 159.517697600988612 
10 29 2.70999124060388841 12 30 11 1 15 7 15 31 9 3 25 6.96245171630185755 15 1 10 14 2 3.84646942076222631 3 20 7 4 6 6 6 6 6 10 26 11 14 1 12 14 32 11 4 31 12 15 18 1 13 32 5 4 2 11 9 20 1 4 6 9 2 8 4 18.3026998043060303 188.613978674019194 
1 24 12 3.36768017929769181 31 5 3 9 8 5 19 6.96245171630185755 15 24 11 12 8.22565314501180467 10 2 15 4 9 30 11 13 32 4 11 30 7 1 20 3 14 18 12 13 12 10 2 1 7 6 5 3 14 2 9 14 24 9.82524131762891173 17 15 2 8 30 4 14 19 13.151007650947605 17.5016730427742004 223.505183167801448 
3.36768017929769181 6 13 1 20 5 2 31 1 14 24 6 6 13 4 15 1 6.96245171630185755 14 15 12 14 25 13 2 1 9 14 8.22565314501180467 2 13 31 12 8 3 9.82524131762891173 14 22 9 3 30 2 8 32 9 5 19 4 12 24 11 4 14 8 8 1 10 10 6 6 17.7370526790618896 218.996756459914337 
18 30 8 10 15 1 4 16 1 5 32 2 1 21 3 16 3 6 2 22 7 18 6 13 3.36768017929769181 23 1 11 10 12 12 13 1 16 30 2 6 22 6 14 2 3.84646942076222631 15 1 4 1 33 9.82524131762891173 4 20 8 12 4 13 9 19 11 17 15 1 29.3908781409263611 47.3258833165214838 
14 9 3 14 12 10 10 18 12 12 19 2.70999124060388841 6 22 10 14 9 2 12 23 12 8 1 7 17 15 12 9.25570237641795579 5 12 6 20 3 2 28 7 15 24 1 8 23 6 17 32 9 1 31 8 9 24 5 3 20 3.84646942076222631 13.2195649013323386 26 9 15 1 11 19.1699210405349731 174.249970393643451 
12 22 2 10 15 8 9 12 12 10 8 5 17 9 1 14 1 2.70999124060388841 1 15 4 6 9 9 12 19 9 16 5 7 3 30 6.96245171630185755 15 3 1 14 20 10 10 11 8 17 9 13 4.94126535182462057 1 2 12 23 1 13 32 4 2 19 9 3 20 6 20.2846819162368774 160.888589188589208 
18 30 8 10 15 1 4 16 1 5 32 2 1 5 3 16 3 6 2 22 7 18 6 13 3.36768017929769181 23 1 11 10 12 12 13 1 16 30 2 6 22 6 14 2 3.84646942076222631 15 1 4 1 33 9.82524131762891173 4 20 8 12 4 13 9 19 11 17 15 1 28.3695020079612732 48.8543967794756071 
16 6 2 3.36768017929769181 24 7 14 23 1 16 8 4 15 1 6 4 12 10 1 2 7 9.25570237641795579 6 12 4.94126535182462057 24 1 17 8 11 4 32 9 12 20 12 14 2 13 1 25 2 1 16 9 11 15 10 9 18 12 10 23.4025356524426229 2 12 3 7 14 25 3 19.5646687746047974 167.815113154818988 
18 30 8 10 15 1 4 16 1 5 32 2 1 21 3 16 3 6 2 22 7 18 6 13 3.36768017929769181 23 1 11 10 12 12 13 1 16 30 2 6 22 6 14 2 3.84646942076222631 15 1 4 1 33 9.82524131762891173 4 20 8 11 24 13 9 19 11 17 15 1 27.6677770018577576 49.3964351230040464 
1 12 12 13 20 12 3.36768017929769181 23 8 17 1 7 16 9 4 1 25 13 17 14 7 1 6 6.96245171630185755 14 31 4 1 25 8 13 24 6 4 24 3.84646942076222631 9 28 3 15 23 9 13.2195649013323386 15 12 13 32 9 6 26 1 14 30 7 3 18 10 4 18 13 17.1879976689815521 249.577848312677986 
18 30 8 10 15 1 4 16 1 5 32 2 1 21 3 16 3 6 2 22 7 18 6 13 3.36768017929769181 23 1 10 26 11 12 13 1 16 30 2 6 22 6 14 2 3.84646942076222631 15 1 4 1 33 9.82524131762891173 4 20 8 12 4 13 9 19 11 17 15 1 26.6179853081703186 50.9426495198263396 
18 30 8 10 15 1 4 16 1 5 32 2 1 25 3 16 3 6 2 22 7 18 6 13 3.36768017929769181 23 1 11 10 12 12 13 1 16 30 2 6 22 6 14 2 3.84646942076222631 15 1 4 1 33 9.82524131762891173 4 20 8 12 4 13 9 19 11 17 15 1 28.2366330027580261 49.1332401538399068 
18 30 8 10 15 1 4 16 1 5 32 2 9 13 4 16 3 6 2 22 7 14 25 13 3.36768017929769181 23 1 14 6 11 12 13 1 16 30 2 6 22 6 14 2 3.84646942076222631 15 1 4 1 33 9.82524131762891173 4 20 8 1 24 7 9 19 11 17 15 1 21.5377270579338074 109.403526361390803 

Current Evaluation = 70000000(70000000)
Front Size = 36
18 30 8 10 15 1 12 20 2.70999124060388841 5 32 2 6 1 9 16 3 6 2 22 7 18 6 13 3.36768017929769181 23 1 11 15 11 12 13 1 16 30 2 6 22 6 14 2 3.84646942076222631 15 1 4 1 33 9.82524131762891173 4 20 8 18 24 1 9 19 11 17 15 1 23.6686161756515503 61.9272010389466274 
14 26 8 15 6 10 3 5 5 2 26 9 18 3 2.70999124060388841 4 2 2 17 1 9 5 12 5 14 31 2 13 6 12 3 16.1354543567662532 5 14 16 5 10 12 2 6 24 11 6 1 8 14 25 3.84646942076222631 1 24 5 12 6 7 12 32 2 14 15 4 17.465852677822113 229.43634822349992 
8 24 7 1 12 2.70999124060388841 14 26 3 9 18 1 16 6 2 13 24 10 14 20 2 6 11 6.96245171630185755 9 14 5 9 8 11 13 2 7 9 31 7 16 24 2 10 30 12 6 15 5 1 26 13 13 2 13 12 14 1 12 30 7 14 1 9 17.7848576009273529 200.588581301739168 
18 30 8 10 15 1 4 16 1 5 32 2 1 21 3 16 3 6 2 22 7 18 6 13 3.36768017929769181 23 1 11 15 11 12 13 1 16 30 2 6 22 6 14 2 3.84646942076222631 15 1 4 1 33 9.82524131762891173 4 20 8 18 24 1 9 19 11 17 15 1 25.4460852742195129 51.3576939877369085 
14 13 8 10 15 1 4 16 1 5 32 2 6 31 7 16 3 6 2 22 7 18 6 13 3.36768017929769181 23 1 11 15 11 12 13 1 16 30 2 6 22 6 14 2 3.84646942076222631 15 1 4 1 33 9.82524131762891173 4 20 8 18 24 1 9 19 11 17 15 1 23.4060981869697571 64.0256409372558011 
18 30 8 10 15 1 4 16 1 5 32 2 14 12 4 16 3 6 2 22 7 18 6 13 3.36768017929769181 23 1 11 15 11 12 13 1 16 30 2 6 22 6 14 2 3.84646942076222631 15 1 4 1 33 9.82524131762891173 4 20 8 18 24 1 9 19 11 17 15 1 23.9468401670455933 53.7206966687183396 
18 30 8 10 15 1 4 16 1 5 32 2 15 12 4 16 3 6 2 22 7 18 6 13 3.36768017929769181 23 1 11 15 11 12 13 1 16 30 2 6 22 6 14 2 3.84646942076222631 15 1 4 1 33 9.82524131762891173 4 20 8 14 32 2 9 19 11 17 15 1 22.9282330870628357 64.4559507925221737 
13 12 11 10 15 1 4 16 1 5 32 2 14 31 4 16 3 6 2 22 7 18 6 13 3.36768017929769181 23 1 11 15 11 12 13 1 16 30 2 6 22 6 14 2 3.84646942076222631 15 1 4 1 33 9.82524131762891173 4 20 8 12 9 9 9 19 11 17 15 1 22.1368220150470734 84.6065485839699107 
3.36768017929769181 26 1 10 15 1 4 16 1 5 32 2 14 12 2 6 19 10 2 22 7 18 6 13 3.36768017929769181 23 1 11 15 11 12 13 1 16 30 2 6 22 6 14 2 3.84646942076222631 15 1 4 1 33 9.82524131762891173 4 20 8 12 24 3 9 19 11 17 15 1 22.3296058773994446 80.147197543030444 
18 30 8 15 12 5 4 16 1 5 32 2 3.36768017929769181 25 9 16 3 6 2 22 7 18 6 13 3.36768017929769181 23 1 11 15 11 12 13 1 16 30 2 6 22 6 14 2 3.84646942076222631 15 1 4 14 24 4 4 20 8 6 26 2 9 19 11 17 15 1 21.5569570362567902 91.6685654424620395 
18 30 8 10 15 1 4 16 1 5 32 2 1 21 3 16 3 6 2 22 7 18 6 13 3.36768017929769181 23 1 11 15 11 12 13 1 16 30 2 6 22 6 14 2 3.84646942076222631 15 1 4 1 33 9.82524131762891173 4 20 8 3 6 13 9 19 11 17 15 1 24.5021371245384216 53.2170863286107831 
18 30 8 10 15 1 4 16 1 5 32 2 1 21 3 16 3 6 2 22 7 18 6 13 3.36768017929769181 23 1 11 26 12 12 13 1 16 30 2 6 22 6 14 2 3.84646942076222631 15 1 4 1 33 9.82524131762891173 4 20 8 12 4 13 9 19 11 17 15 1 26.7571653723716736 50.203366038880965 
18 30 8 10 15 1 4 16 1 5 32 2 1 21 3 16 3 6 2 1 10 18 6 13 3.36768017929769181 23 1 11 10 12 12 13 1 16 30 2 6 22 6 14 2 3.84646942076222631 15 1 4 1 33 9.82524131762891173 4 20 8 12 4 13 9 19 11 17 15 1 29.0879811644554138 48.4585769988547099 
18 30 8 10 15 1 4 16 1 5 32 2 14 31 7 16 3 6 2 22 7 4 6 2 3.36768017929769181 23 1 12 1 4 12 13 1 16 30 2 6 22 6 14 2 3.84646942076222631 15 1 4 1 33 9.82524131762891173 4 20 8 14 1 13 9 19 11 17 15 1 21.1455910801887512 117.566980241980232 
18 30 8 10 15 1 4 16 1 5 32 2 1 21 3 16 3 6 2 22 7 18 6 13 3.36768017929769181 23 1 4 24 8 12 13 1 16 30 2 6 22 6 14 2 3.84646942076222631 15 1 4 1 33 9.82524131762891173 4 20 8 3 30 13 9 19 11 17 15 1 23.8129462003707886 57.1358565362553392 
4 17 13 3 30 7 12 9 4 17 20 4 8 24 12 13 26 5 17 2 7 6 6 4 1 24 9 14 24 6 10 9 10 16 25 4 4 26 1 4 32 11 3 32 9 9 22 5 14 24 1 2 25 11 4 24 5 3.36768017929769181 14 4 17.1313598155975342 250.932618310482098 
18 30 8 10 15 1 4 16 1 5 32 2 1 21 3 16 3 6 2 22 7 18 6 13 3.36768017929769181 23 1 11 10 12 12 13 1 16 30 2 6 31 10 14 2 3.84646942076222631 15 1 4 1 33 9.82524131762891173 4 20 8 12 4 13 9 19 11 17 15 1 28.9445481896400452 48.8337156793111973 
18 30 8 10 15 1 4 16 1 5 32 2 4 12 9 16 3 6 2 22 7 15 31 2.70999124060388841 3.36768017929769181 23 1 14 15 11 12 13 1 16 30 2 6 22 6 14 2 3.84646942076222631 15 1 4 1 33 9.82524131762891173 4 20 8 9.25570237641795579 30 4 9 19 11 14 20 1 21.1071239709854126 124.216182364801668 
17 13 6 10 15 6 16 13 2.70999124060388841 14 19 12 3 33 11 1 6 10 1 26 5 9 30 10 2 25 6.96245171630185755 17 18 11 14 32 12 2 15 1 6 20 6 12 32 8 4 14 1 18 1 3.84646942076222631 10 19 4 9 30 13 6 22 2 13.2195649013323386 25 13 20.7618778347969055 159.517697600988612 
10 29 2.70999124060388841 12 30 11 1 15 7 15 31 9 3 25 6.96245171630185755 15 1 10 14 2 3.84646942076222631 3 20 7 4 6 6 6 6 6 10 26 11 14 1 12 14 32 11 4 31 12 15 18 1 13 32 5 4 2 11 9 20 1 4 6 9 2 8 4 18.3026998043060303 188.613978674019194 
1 24 12 3.36768017929769181 31 5 3 9 8 5 19 6.96245171630185755 15 24 11 12 8.22565314501180467 10 2 15 4 9 30 11 13 32 4 11 30 7 1 20 3 14 18 12 13 12 10 2 1 7 6 5 3 14 2 9 14 24 9.82524131762891173 17 15 2 8 30 4 14 19 13.151007650947605 17.5016730427742004 223.505183167801448 
14 9 3 14 12 10 10 18 12 12 19 2.70999124060388841 6 22 10 14 9 2 12 23 12 8 1 7 17 15 12 9.25570237641795579 5 12 6 20 3 2 28 7 15 24 1 8 23 6 17 32 9 1 31 8 9 24 5 3 20 3.84646942076222631 13.2195649013323386 26 9 15 1 11 19.1699210405349731 174.249970393643451 
12 22 2 10 15 8 9 12 12 10 8 5 17 9 1 14 1 2.70999124060388841 1 15 4 6 9 9 12 19 9 16 5 7 3 30 6.96245171630185755 15 3 1 14 20 10 10 11 8 17 9 13 4.94126535182462057 1 2 12 23 1 13 32 4 2 19 9 3 20 6 20.2846819162368774 160.888589188589208 
18 30 8 10 15 1 4 16 1 5 32 2 1 5 3 16 3 6 2 22 7 18 6 13 3.36768017929769181 23 1 11 10 12 12 13 1 16 30 2 6 22 6 14 2 3.84646942076222631 15 1 4 1 33 9.82524131762891173 4 20 8 12 4 13 9 19 11 17 15 1 28.3695020079612732 48.8543967794756071 
16 6 2 3.36768017929769181 24 7 14 23 1 16 8 4 15 1 6 4 12 10 1 2 7 9.25570237641795579 6 12 4.94126535182462057 24 1 17 8 11 4 32 9 12 20 12 14 2 13 1 25 2 1 16 9 11 15 10 9 18 12 10 23.4025356524426229 2 12 3 7 14 25 3 19.5646687746047974 167.815113154818988 
18 30 8 10 15 1 4 16 1 5 32 2 1 21 3 16 3 6 2 22 7 18 6 13 3.36768017929769181 23 1 11 10 12 12 13 1 16 30 2 6 22 6 14 2 3.84646942076222631 15 1 4 1 33 9.82524131762891173 4 20 8 11 24 13 9 19 11 17 15 1 27.6677770018577576 49.3964351230040464 
1 12 12 13 20 12 3.36768017929769181 23 8 17 1 7 16 9 4 1 25 13 17 14 7 1 6 6.96245171630185755 14 31 4 1 25 8 13 24 6 4 24 3.84646942076222631 9 28 3 15 23 9 13.2195649013323386 15 12 13 32 9 6 26 1 14 30 7 3 18 10 4 18 13 17.1879976689815521 249.577848312677986 
18 30 8 10 15 1 4 16 1 5 32 2 1 21 3 16 3 6 2 22 7 18 6 13 3.36768017929769181 23 1 10 26 11 12 13 1 16 30 2 6 22 6 14 2 3.84646942076222631 15 1 4 1 33 9.82524131762891173 4 20 8 12 4 13 9 19 11 17 15 1 26.6179853081703186 50.9426495198263396 
18 30 8 10 15 1 4 16 1 5 32 2 1 25 3 16 3 6 2 22 7 18 6 13 3.36768017929769181 23 1 11 10 12 12 13 1 16 30 2 6 22 6 14 2 3.84646942076222631 15 1 4 1 33 9.82524131762891173 4 20 8 12 4 13 9 19 11 17 15 1 28.2366330027580261 49.1332401538399068 
18 30 8 10 15 1 4 16 1 5 32 2 9 13 4 16 3 6 2 22 7 14 25 13 3.36768017929769181 23 1 14 6 11 12 13 1 16 30 2 6 22 6 14 2 3.84646942076222631 15 1 4 1 33 9.82524131762891173 4 20 8 1 24 7 9 19 11 17 15 1 21.5377270579338074 109.403526361390803 
18 30 8 10 15 1 4 16 1 5 32 2 1 21 3 16 3 6 2 22 7 18 6 13 3.36768017929769181 23 1 11 10 12 12 13 1 16 30 2 6 22 6 14 2 3.84646942076222631 15 1 4 1 33 9.82524131762891173 4 20 8 12 26 13 9 19 11 17 15 1 27.1715749502182007 50.0892938516736095 
18 30 8 10 15 1 4 16 1 5 32 2 14 31 2 16 3 6 2 22 7 18 6 13 3.36768017929769181 23 1 9 20 11 12 13 1 16 30 2 6 22 6 14 2 3.84646942076222631 15 1 4 1 33 9.82524131762891173 4 20 8 12 6 2 9 19 11 17 15 1 22.5051239728927612 70.9170614966485147 
6 11 4 1 32 4 4 5.34074699537910114 6.96245171630185755 14 28 13 15 30 1 13 24 1 17 32 9 3 28 2 16 13 10 12 22 9 14 24 5 15 9 3 8 24 4 14 15 6 1 32 7 2 15 3 17 1 7 6 24 7 6 15 13 3 25 1 17.5529670715332031 218.682090222062413 
5 12 8 16 12 10 14 6 7 3.36768017929769181 9 2 6 15 3 14 28 2 13 23 9 12 26 13 15 14 7 14 31 2 8 24 4 14 15 2 1 32 6.96245171630185755 16 20 13 1 24 10 13 6 13 11 26 3.84646942076222631 14 32 13 3 13 11 3 16 10 17.7599506974220276 216.941098229256141 
18 30 8 10 15 1 4 16 1 5 32 2 1 21 3 16 3 6 2 22 7 18 6 13 3.36768017929769181 23 1 11 10 12 12 13 1 16 30 2 6 22 6 14 2 3.84646942076222631 15 1 4 1 33 9.82524131762891173 4 20 8 12 4 13 9 19 11 17 15 1 29.3908781409263611 47.0163902326638024 
14 28 2.70999124060388841 4 31 6 1 30 10 6 16 4 16 24 2 9.25570237641795579 14 7 6 32 6 14 1 7 17 24 3.84646942076222631 1 23.4025356524426229 7 3 15 1 14 25 8 16 15 12 6 7 12 4 18 9 2 31 3 17 9 12 2 24 13 5 2 10 9 25 10 18.7533867955207825 179.049946395068332 

Current Evaluation = 80000000(80000060)
Front Size = 38
18 30 8 10 15 1 12 20 2.70999124060388841 5 32 2 6 1 9 16 3 6 2 22 7 18 6 13 3.36768017929769181 23 1 11 15 11 12 13 1 16 30 2 6 22 6 14 2 3.84646942076222631 15 1 4 1 33 9.82524131762891173 4 20 8 18 24 1 9 19 11 17 15 1 23.6686161756515503 61.9272010389466274 
14 26 8 15 6 10 3 5 5 2 26 9 18 3 2.70999124060388841 4 2 2 17 1 9 5 12 5 14 31 2 13 6 12 3 16.1354543567662532 5 14 16 5 10 12 2 6 24 11 6 1 8 14 25 3.84646942076222631 1 24 5 12 6 7 12 32 2 14 15 4 17.465852677822113 229.43634822349992 
8 24 7 1 12 2.70999124060388841 14 26 3 9 18 1 16 6 2 13 24 10 14 20 2 6 11 6.96245171630185755 9 14 5 9 8 11 13 2 7 9 31 7 16 24 2 10 30 12 6 15 5 1 26 13 13 2 13 12 14 1 12 30 7 14 1 9 17.7848576009273529 200.588581301739168 
18 30 8 10 15 1 4 16 1 5 32 2 1 21 3 16 3 6 2 22 7 18 6 13 3.36768017929769181 23 1 11 15 11 12 13 1 16 30 2 6 22 6 14 2 3.84646942076222631 15 1 4 1 33 9.82524131762891173 4 20 8 18 24 1 9 19 11 17 15 1 25.4460852742195129 51.3576939877369085 
14 13 8 10 15 1 4 16 1 5 32 2 6 31 7 16 3 6 2 22 7 18 6 13 3.36768017929769181 23 1 11 15 11 12 13 1 16 30 2 6 22 6 14 2 3.84646942076222631 15 1 4 1 33 9.82524131762891173 4 20 8 18 24 1 9 19 11 17 15 1 23.4060981869697571 64.0256409372558011 
18 30 8 10 15 1 4 16 1 5 32 2 14 12 4 16 3 6 2 22 7 18 6 13 3.36768017929769181 23 1 11 15 11 12 13 1 16 30 2 6 22 6 14 2 3.84646942076222631 15 1 4 1 33 9.82524131762891173 4 20 8 18 24 1 9 19 11 17 15 1 23.9468401670455933 53.7206966687183396 
18 30 8 10 15 1 4 16 1 5 32 2 15 12 4 16 3 6 2 22 7 18 6 13 3.36768017929769181 23 1 11 15 11 12 13 1 16 30 2 6 22 6 14 2 3.84646942076222631 15 1 4 1 33 9.82524131762891173 4 20 8 14 32 2 9 19 11 17 15 1 22.9282330870628357 64.4559507925221737 
13 12 11 10 15 1 4 16 1 5 32 2 14 31 4 16 3 6 2 22 7 18 6 13 3.36768017929769181 23 1 11 15 11 12 13 1 16 30 2 6 22 6 14 2 3.84646942076222631 15 1 4 1 33 9.82524131762891173 4 20 8 12 9 9 9 19 11 17 15 1 22.1368220150470734 84.6065485839699107 
3.36768017929769181 26 1 10 15 1 4 16 1 5 32 2 14 12 2 6 19 10 2 22 7 18 6 13 3.36768017929769181 23 1 11 15 11 12 13 1 16 30 2 6 22 6 14 2 3.84646942076222631 15 1 4 1 33 9.82524131762891173 4 20 8 12 24 3 9 19 11 17 15 1 22.3296058773994446 80.147197543030444 
18 30 8 15 12 5 4 16 1 5 32 2 3.36768017929769181 25 9 16 3 6 2 22 7 18 6 13 3.36768017929769181 23 1 11 15 11 12 13 1 16 30 2 6 22 6 14 2 3.84646942076222631 15 1 4 14 24 4 4 20 8 6 26 2 9 19 11 17 15 1 21.5569570362567902 91.6685654424620395 
18 30 8 10 15 1 4 16 1 5 32 2 1 21 3 16 3 6 2 22 7 18 6 13 3.36768017929769181 23 1 11 15 11 12 13 1 16 30 2 6 22 6 14 2 3.84646942076222631 15 1 4 1 33 9.82524131762891173 4 20 8 3 6 13 9 19 11 17 15 1 24.5021371245384216 53.2170863286107831 
18 30 8 10 15 1 4 16 1 5 32 2 1 21 3 16 3 6 2 22 7 18 6 13 3.36768017929769181 23 1 11 26 12 12 13 1 16 30 2 6 22 6 14 2 3.84646942076222631 15 1 4 1 33 9.82524131762891173 4 20 8 12 4 13 9 19 11 17 15 1 26.7571653723716736 50.203366038880965 
18 30 8 10 15 1 4 16 1 5 32 2 1 21 3 16 3 6 2 1 10 18 6 13 3.36768017929769181 23 1 11 10 12 12 13 1 16 30 2 6 22 6 14 2 3.84646942076222631 15 1 4 1 33 9.82524131762891173 4 20 8 12 4 13 9 19 11 17 15 1 29.0879811644554138 48.4585769988547099 
18 30 8 10 15 1 4 16 1 5 32 2 14 31 7 16 3 6 2 22 7 4 6 2 3.36768017929769181 23 1 12 1 4 12 13 1 16 30 2 6 22 6 14 2 3.84646942076222631 15 1 4 1 33 9.82524131762891173 4 20 8 14 1 13 9 19 11 17 15 1 21.1455910801887512 117.566980241980232 
18 30 8 10 15 1 4 16 1 5 32 2 1 21 3 16 3 6 2 22 7 18 6 13 3.36768017929769181 23 1 4 24 8 12 13 1 16 30 2 6 22 6 14 2 3.84646942076222631 15 1 4 1 33 9.82524131762891173 4 20 8 3 30 13 9 19 11 17 15 1 23.8129462003707886 57.1358565362553392 
4 17 13 3 30 7 12 9 4 17 20 4 8 24 12 13 26 5 17 2 7 6 6 4 1 24 9 14 24 6 10 9 10 16 25 4 4 26 1 4 32 11 3 32 9 9 22 5 14 24 1 2 25 11 4 24 5 3.36768017929769181 14 4 17.1313598155975342 250.932618310482098 
18 30 8 10 15 1 4 16 1 5 32 2 1 21 3 16 3 6 2 22 7 18 6 13 3.36768017929769181 23 1 11 10 12 12 13 1 16 30 2 6 31 10 14 2 3.84646942076222631 15 1 4 1 33 9.82524131762891173 4 20 8 12 4 13 9 19 11 17 15 1 28.9445481896400452 48.8337156793111973 
18 30 8 10 15 1 4 16 1 5 32 2 4 12 9 16 3 6 2 22 7 15 31 2.70999124060388841 3.36768017929769181 23 1 14 15 11 12 13 1 16 30 2 6 22 6 14 2 3.84646942076222631 15 1 4 1 33 9.82524131762891173 4 20 8 9.25570237641795579 30 4 9 19 11 14 20 1 21.1071239709854126 124.216182364801668 
17 13 6 10 15 6 16 13 2.70999124060388841 14 19 12 3 33 11 1 6 10 1 26 5 9 30 10 2 25 6.96245171630185755 17 18 11 14 32 12 2 15 1 6 20 6 12 32 8 4 14 1 18 1 3.84646942076222631 10 19 4 9 30 13 6 22 2 13.2195649013323386 25 13 20.7618778347969055 159.517697600988612 
10 29 2.70999124060388841 12 30 11 1 15 7 15 31 9 3 25 6.96245171630185755 15 1 10 14 2 3.84646942076222631 3 20 7 4 6 6 6 6 6 10 26 11 14 1 12 14 32 11 4 31 12 15 18 1 13 32 5 4 2 11 9 20 1 4 6 9 2 8 4 18.3026998043060303 188.613978674019194 
1 24 12 3.36768017929769181 31 5 3 9 8 5 19 6.96245171630185755 15 24 11 12 8.22565314501180467 10 2 15 4 9 30 11 13 32 4 11 30 7 1 20 3 14 18 12 13 12 10 2 1 7 6 5 3 14 2 9 14 24 9.82524131762891173 17 15 2 8 30 4 14 19 13.151007650947605 17.5016730427742004 223.505183167801448 
14 9 3 14 12 10 10 18 12 12 19 2.70999124060388841 6 22 10 14 9 2 12 23 12 8 1 7 17 15 12 9.25570237641795579 5 12 6 20 3 2 28 7 15 24 1 8 23 6 17 32 9 1 31 8 9 24 5 3 20 3.84646942076222631 13.2195649013323386 26 9 15 1 11 19.1699210405349731 174.249970393643451 
12 22 2 10 15 8 9 12 12 10 8 5 17 9 1 14 1 2.70999124060388841 1 15 4 6 9 9 12 19 9 16 5 7 3 30 6.96245171630185755 15 3 1 14 20 10 10 11 8 17 9 13 4.94126535182462057 1 2 12 23 1 13 32 4 2 19 9 3 20 6 20.2846819162368774 160.888589188589208 
18 30 8 10 15 1 4 16 1 5 32 2 1 5 3 16 3 6 2 22 7 18 6 13 3.36768017929769181 23 1 11 10 12 12 13 1 16 30 2 6 22 6 14 2 3.84646942076222631 15 1 4 1 33 9.82524131762891173 4 20 8 12 4 13 9 19 11 17 15 1 28.3695020079612732 48.8543967794756071 
16 6 2 3.36768017929769181 24 7 14 23 1 16 8 4 15 1 6 4 12 10 1 2 7 9.25570237641795579 6 12 4.94126535182462057 24 1 17 8 11 4 32 9 12 20 12 14 2 13 1 25 2 1 16 9 11 15 10 9 18 12 10 23.4025356524426229 2 12 3 7 14 25 3 19.5646687746047974 167.815113154818988 
18 30 8 10 15 1 4 16 1 5 32 2 1 21 3 16 3 6 2 22 7 18 6 13 3.36768017929769181 23 1 11 10 12 12 13 1 16 30 2 6 22 6 14 2 3.84646942076222631 15 1 4 1 33 9.82524131762891173 4 20 8 11 24 13 9 19 11 17 15 1 27.6677770018577576 49.3964351230040464 
1 12 12 13 20 12 3.36768017929769181 23 8 17 1 7 16 9 4 1 25 13 17 14 7 1 6 6.96245171630185755 14 31 4 1 25 8 13 24 6 4 24 3.84646942076222631 9 28 3 15 23 9 13.2195649013323386 15 12 13 32 9 6 26 1 14 30 7 3 18 10 4 18 13 17.1879976689815521 249.577848312677986 
18 30 8 10 15 1 4 16 1 5 32 2 1 21 3 16 3 6 2 22 7 18 6 13 3.36768017929769181 23 1 10 26 11 12 13 1 16 30 2 6 22 6 14 2 3.84646942076222631 15 1 4 1 33 9.82524131762891173 4 20 8 12 4 13 9 19 11 17 15 1 26.6179853081703186 50.9426495198263396 
18 30 8 10 15 1 4 16 1 5 32 2 1 25 3 16 3 6 2 22 7 18 6 13 3.36768017929769181 23 1 11 10 12 12 13 1 16 30 2 6 22 6 14 2 3.84646942076222631 15 1 4 1 33 9.82524131762891173 4 20 8 12 4 13 9 19 11 17 15 1 28.2366330027580261 49.1332401538399068 
18 30 8 10 15 1 4 16 1 5 32 2 9 13 4 16 3 6 2 22 7 14 25 13 3.36768017929769181 23 1 14 6 11 12 13 1 16 30 2 6 22 6 14 2 3.84646942076222631 15 1 4 1 33 9.82524131762891173 4 20 8 1 24 7 9 19 11 17 15 1 21.5377270579338074 109.403526361390803 
18 30 8 10 15 1 4 16 1 5 32 2 1 21 3 16 3 6 2 22 7 18 6 13 3.36768017929769181 23 1 11 10 12 12 13 1 16 30 2 6 22 6 14 2 3.84646942076222631 15 1 4 1 33 9.82524131762891173 4 20 8 12 26 13 9 19 11 17 15 1 27.1715749502182007 50.0892938516736095 
18 30 8 10 15 1 4 16 1 5 32 2 14 31 2 16 3 6 2 22 7 18 6 13 3.36768017929769181 23 1 9 20 11 12 13 1 16 30 2 6 22 6 14 2 3.84646942076222631 15 1 4 1 33 9.82524131762891173 4 20 8 12 6 2 9 19 11 17 15 1 22.5051239728927612 70.9170614966485147 
6 11 4 1 32 4 4 5.34074699537910114 6.96245171630185755 14 28 13 15 30 1 13 24 1 17 32 9 3 28 2 16 13 10 12 22 9 14 24 5 15 9 3 8 24 4 14 15 6 1 32 7 2 15 3 17 1 7 6 24 7 6 15 13 3 25 1 17.5529670715332031 218.682090222062413 
18 30 8 10 15 1 4 16 1 5 32 2 1 21 3 16 3 6 2 22 7 18 6 13 3.36768017929769181 23 1 11 10 12 12 13 1 16 30 2 6 22 6 14 2 3.84646942076222631 15 1 4 1 33 9.82524131762891173 4 20 8 12 4 13 9 19 11 17 15 1 29.3908781409263611 47.0163902326638024 
14 28 2.70999124060388841 4 31 6 1 30 10 6 16 4 16 24 2 9.25570237641795579 14 7 6 32 6 14 1 7 17 24 3.84646942076222631 1 23.4025356524426229 7 3 15 1 14 25 8 16 15 12 6 7 12 4 18 9 2 31 3 17 9 12 2 24 13 5 2 10 9 25 10 18.7533867955207825 179.049946395068332 
18 30 8 10 15 1 4 16 1 5 32 2 6 5 4 16 3 6 2 22 7 18 6 13 3.36768017929769181 23 1 11 10 12 12 13 1 16 30 2 6 22 6 14 2 3.84646942076222631 15 1 4 1 33 9.82524131762891173 4 20 8 12 4 13 9 19 11 17 15 1 28.2257950901985168 49.2291978674344577 
18 30 8 10 26 11 4 16 1 5 32 2 1 21 3 16 3 6 2 22 7 18 6 13 3.36768017929769181 23 1 11 10 12 12 13 1 16 30 2 6 22 6 14 2 3.84646942076222631 15 1 4 1 33 9.82524131762891173 4 20 8 12 4 13 9 19 11 17 15 1 29.2384570240974426 48.440710865480618 
14 19 2.70999124060388841 1 13 2 6 6 1 17 17 10 14 15 7 9.25570237641795579 1 8 3 30 13 13 20 1 1 20 11 4 5 8 8 30 3.84646942076222631 4 32 9 5 3 9 16 6 10 1 32 2 15 13 3 6 30 1 4 17 5 6 31 11 15 26 1 17.6737877130508423 212.889761886433718 

Current Evaluation = 90000000(90000120)
Front Size = 36
18 30 8 10 15 1 12 20 2.70999124060388841 5 32 2 6 1 9 16 3 6 2 22 7 18 6 13 3.36768017929769181 23 1 11 15 11 12 13 1 16 30 2 6 22 6 14 2 3.84646942076222631 15 1 4 1 33 9.82524131762891173 4 20 8 18 24 1 9 19 11 17 15 1 23.6686161756515503 61.9272010389466274 
8 24 7 1 12 2.70999124060388841 14 26 3 9 18 1 16 6 2 13 24 10 14 20 2 6 11 6.96245171630185755 9 14 5 9 8 11 13 2 7 9 31 7 16 24 2 10 30 12 6 15 5 1 26 13 13 2 13 12 14 1 12 30 7 14 1 9 17.7848576009273529 200.588581301739168 
18 30 8 10 15 1 4 16 1 5 32 2 1 21 3 16 3 6 2 22 7 18 6 13 3.36768017929769181 23 1 11 15 11 12 13 1 16 30 2 6 22 6 14 2 3.84646942076222631 15 1 4 1 33 9.82524131762891173 4 20 8 18 24 1 9 19 11 17 15 1 25.4460852742195129 51.3576939877369085 
14 13 8 10 15 1 4 16 1 5 32 2 6 31 7 16 3 6 2 22 7 18 6 13 3.36768017929769181 23 1 11 15 11 12 13 1 16 30 2 6 22 6 14 2 3.84646942076222631 15 1 4 1 33 9.82524131762891173 4 20 8 18 24 1 9 19 11 17 15 1 23.4060981869697571 64.0256409372558011 
18 30 8 10 15 1 4 16 1 5 32 2 14 12 4 16 3 6 2 22 7 18 6 13 3.36768017929769181 23 1 11 15 11 12 13 1 16 30 2 6 22 6 14 2 3.84646942076222631 15 1 4 1 33 9.82524131762891173 4 20 8 18 24 1 9 19 11 17 15 1 23.9468401670455933 53.7206966687183396 
18 30 8 10 15 1 4 16 1 5 32 2 15 12 4 16 3 6 2 22 7 18 6 13 3.36768017929769181 23 1 11 15 11 12 13 1 16 30 2 6 22 6 14 2 3.84646942076222631 15 1 4 1 33 9.82524131762891173 4 20 8 14 32 2 9 19 11 17 15 1 22.9282330870628357 64.4559507925221737 
13 12 11 10 15 1 4 16 1 5 32 2 14 31 4 16 3 6 2 22 7 18 6 13 3.36768017929769181 23 1 11 15 11 12 13 1 16 30 2 6 22 6 14 2 3.84646942076222631 15 1 4 1 33 9.82524131762891173 4 20 8 12 9 9 9 19 11 17 15 1 22.1368220150470734 84.6065485839699107 
3.36768017929769181 26 1 10 15 1 4 16 1 5 32 2 14 12 2 6 19 10 2 22 7 18 6 13 3.36768017929769181 23 1 11 15 11 12 13 1 16 30 2 6 22 6 14 2 3.84646942076222631 15 1 4 1 33 9.82524131762891173 4 20 8 12 24 3 9 19 11 17 15 1 22.3296058773994446 80.147197543030444 
18 30 8 15 12 5 4 16 1 5 32 2 3.36768017929769181 25 9 16 3 6 2 22 7 18 6 13 3.36768017929769181 23 1 11 15 11 12 13 1 16 30 2 6 22 6 14 2 3.84646942076222631 15 1 4 14 24 4 4 20 8 6 26 2 9 19 11 17 15 1 21.5569570362567902 91.6685654424620395 
18 30 8 10 15 1 4 16 1 5 32 2 1 21 3 16 3 6 2 22 7 18 6 13 3.36768017929769181 23 1 11 15 11 12 13 1 16 30 2 6 22 6 14 2 3.84646942076222631 15 1 4 1 33 9.82524131762891173 4 20 8 3 6 13 9 19 11 17 15 1 24.5021371245384216 53.2170863286107831 
18 30 8 10 15 1 4 16 1 5 32 2 1 21 3 16 3 6 2 22 7 18 6 13 3.36768017929769181 23 1 11 26 12 12 13 1 16 30 2 6 22 6 14 2 3.84646942076222631 15 1 4 1 33 9.82524131762891173 4 20 8 12 4 13 9 19 11 17 15 1 26.7571653723716736 50.203366038880965 
18 30 8 10 15 1 4 16 1 5 32 2 1 21 3 16 3 6 2 1 10 18 6 13 3.36768017929769181 23 1 11 10 12 12 13 1 16 30 2 6 22 6 14 2 3.84646942076222631 15 1 4 1 33 9.82524131762891173 4 20 8 12 4 13 9 19 11 17 15 1 29.0879811644554138 48.4585769988547099 
18 30 8 10 15 1 4 16 1 5 32 2 14 31 7 16 3 6 2 22 7 4 6 2 3.36768017929769181 23 1 12 1 4 12 13 1 16 30 2 6 22 6 14 2 3.84646942076222631 15 1 4 1 33 9.82524131762891173 4 20 8 14 1 13 9 19 11 17 15 1 21.1455910801887512 117.566980241980232 
18 30 8 10 15 1 4 16 1 5 32 2 1 21 3 16 3 6 2 22 7 18 6 13 3.36768017929769181 23 1 4 24 8 12 13 1 16 30 2 6 22 6 14 2 3.84646942076222631 15 1 4 1 33 9.82524131762891173 4 20 8 3 30 13 9 19 11 17 15 1 23.8129462003707886 57.1358565362553392 
4 17 13 3 30 7 12 9 4 17 20 4 8 24 12 13 26 5 17 2 7 6 6 4 1 24 9 14 24 6 10 9 10 16 25 4 4 26 1 4 32 11 3 32 9 9 22 5 14 24 1 2 25 11 4 24 5 3.36768017929769181 14 4 17.1313598155975342 250.932618310482098 
18 30 8 10 15 1 4 16 1 5 32 2 1 21 3 16 3 6 2 22 7 18 6 13 3.36768017929769181 23 1 11 10 12 12 13 1 16 30 2 6 31 10 14 2 3.84646942076222631 15 1 4 1 33 9.82524131762891173 4 20 8 12 4 13 9 19 11 17 15 1 28.9445481896400452 48.8337156793111973 
18 30 8 10 15 1 4 16 1 5 32 2 4 12 9 16 3 6 2 22 7 15 31 2.70999124060388841 3.36768017929769181 23 1 14 15 11 12 13 1 16 30 2 6 22 6 14 2 3.84646942076222631 15 1 4 1 33 9.82524131762891173 4 20 8 9.25570237641795579 30 4 9 19 11 14 20 1 21.1071239709854126 124.216182364801668 
17 13 6 10 15 6 16 13 2.70999124060388841 14 19 12 3 33 11 1 6 10 1 26 5 9 30 10 2 25 6.96245171630185755 17 18 11 14 32 12 2 15 1 6 20 6 12 32 8 4 14 1 18 1 3.84646942076222631 10 19 4 9 30 13 6 22 2 13.2195649013323386 25 13 20.7618778347969055 159.517697600988612 
10 29 2.70999124060388841 12 30 11 1 15 7 15 31 9 3 25 6.96245171630185755 15 1 10 14 2 3.84646942076222631 3 20 7 4 6 6 6 6 6 10 26 11 14 1 12 14 32 11 4 31 12 15 18 1 13 32 5 4 2 11 9 20 1 4 6 9 2 8 4 18.3026998043060303 188.613978674019194 
14 9 3 14 12 10 10 18 12 12 19 2.70999124060388841 6 22 10 14 9 2 12 23 12 8 1 7 17 15 12 9.25570237641795579 5 12 6 20 3 2 28 7 15 24 1 8 23 6 17 32 9 1 31 8 9 24 5 3 20 3.84646942076222631 13.2195649013323386 26 9 15 1 11 19.1699210405349731 174.249970393643451 
12 22 2 10 15 8 9 12 12 10 8 5 17 9 1 14 1 2.70999124060388841 1 15 4 6 9 9 12 19 9 16 5 7 3 30 6.96245171630185755 15 3 1 14 20 10 10 11 8 17 9 13 4.94126535182462057 1 2 12 23 1 13 32 4 2 19 9 3 20 6 20.2846819162368774 160.888589188589208 
18 30 8 10 15 1 4 16 1 5 32 2 1 5 3 16 3 6 2 22 7 18 6 13 3.36768017929769181 23 1 11 10 12 12 13 1 16 30 2 6 22 6 14 2 3.84646942076222631 15 1 4 1 33 9.82524131762891173 4 20 8 12 4 13 9 19 11 17 15 1 28.3695020079612732 48.8543967794756071 
16 6 2 3.36768017929769181 24 7 14 23 1 16 8 4 15 1 6 4 12 10 1 2 7 9.25570237641795579 6 12 4.94126535182462057 24 1 17 8 11 4 32 9 12 20 12 14 2 13 1 25 2 1 16 9 11 15 10 9 18 12 10 23.4025356524426229 2 12 3 7 14 25 3 19.5646687746047974 167.815113154818988 
18 30 8 10 15 1 4 16 1 5 32 2 1 21 3 16 3 6 2 22 7 18 6 13 3.36768017929769181 23 1 11 10 12 12 13 1 16 30 2 6 22 6 14 2 3.84646942076222631 15 1 4 1 33 9.82524131762891173 4 20 8 11 24 13 9 19 11 17 15 1 27.6677770018577576 49.3964351230040464 
1 12 12 13 20 12 3.36768017929769181 23 8 17 1 7 16 9 4 1 25 13 17 14 7 1 6 6.96245171630185755 14 31 4 1 25 8 13 24 6 4 24 3.84646942076222631 9 28 3 15 23 9 13.2195649013323386 15 12 13 32 9 6 26 1 14 30 7 3 18 10 4 18 13 17.1879976689815521 249.577848312677986 
18 30 8 10 15 1 4 16 1 5 32 2 1 21 3 16 3 6 2 22 7 18 6 13 3.36768017929769181 23 1 10 26 11 12 13 1 16 30 2 6 22 6 14 2 3.84646942076222631 15 1 4 1 33 9.82524131762891173 4 20 8 12 4 13 9 19 11 17 15 1 26.6179853081703186 50.9426495198263396 
18 30 8 10 15 1 4 16 1 5 32 2 1 25 3 16 3 6 2 22 7 18 6 13 3.36768017929769181 23 1 11 10 12 12 13 1 16 30 2 6 22 6 14 2 3.84646942076222631 15 1 4 1 33 9.82524131762891173 4 20 8 12 4 13 9 19 11 17 15 1 28.2366330027580261 49.1332401538399068 
18 30 8 10 15 1 4 16 1 5 32 2 9 13 4 16 3 6 2 22 7 14 25 13 3.36768017929769181 23 1 14 6 11 12 13 1 16 30 2 6 22 6 14 2 3.84646942076222631 15 1 4 1 33 9.82524131762891173 4 20 8 1 24 7 9 19 11 17 15 1 21.5377270579338074 109.403526361390803 
18 30 8 10 15 1 4 16 1 5 32 2 1 21 3 16 3 6 2 22 7 18 6 13 3.36768017929769181 23 1 11 10 12 12 13 1 16 30 2 6 22 6 14 2 3.84646942076222631 15 1 4 1 33 9.82524131762891173 4 20 8 12 26 13 9 19 11 17 15 1 27.1715749502182007 50.0892938516736095 
18 30 8 10 15 1 4 16 1 5 32 2 14 31 2 16 3 6 2 22 7 18 6 13 3.36768017929769181 23 1 9 20 11 12 13 1 16 30 2 6 22 6 14 2 3.84646942076222631 15 1 4 1 33 9.82524131762891173 4 20 8 12 6 2 9 19 11 17 15 1 22.5051239728927612 70.9170614966485147 
18 30 8 10 15 1 4 16 1 5 32 2 1 21 3 16 3 6 2 22 7 18 6 13 3.36768017929769181 23 1 11 10 12 12 13 1 16 30 2 6 22 6 14 2 3.84646942076222631 15 1 4 1 33 9.82524131762891173 4 20 8 12 4 13 9 19 11 17 15 1 29.3908781409263611 47.0163902326638024 
14 28 2.70999124060388841 4 31 6 1 30 10 6 16 4 16 24 2 9.25570237641795579 14 7 6 32 6 14 1 7 17 24 3.84646942076222631 1 23.4025356524426229 7 3 15 1 14 25 8 16 15 12 6 7 12 4 18 9 2 31 3 17 9 12 2 24 13 5 2 10 9 25 10 18.7533867955207825 179.049946395068332 
18 30 8 10 15 1 4 16 1 5 32 2 6 5 4 16 3 6 2 22 7 18 6 13 3.36768017929769181 23 1 11 10 12 12 13 1 16 30 2 6 22 6 14 2 3.84646942076222631 15 1 4 1 33 9.82524131762891173 4 20 8 12 4 13 9 19 11 17 15 1 28.2257950901985168 49.2291978674344577 
18 30 8 10 26 11 4 16 1 5 32 2 1 21 3 16 3 6 2 22 7 18 6 13 3.36768017929769181 23 1 11 10 12 12 13 1 16 30 2 6 22 6 14 2 3.84646942076222631 15 1 4 1 33 9.82524131762891173 4 20 8 12 4 13 9 19 11 17 15 1 29.2384570240974426 48.440710865480618 
14 19 2.70999124060388841 1 13 2 6 6 1 17 17 10 14 15 7 9.25570237641795579 1 8 3 30 13 13 20 1 1 20 11 4 5 8 8 30 3.84646942076222631 4 32 9 5 3 9 16 6 10 1 32 2 15 13 3 6 30 1 4 17 5 6 31 11 15 26 1 17.6737877130508423 212.889761886433718 
14 18 8 14 6 7 6 16 7 3 12 11 14 24 4 16 7 2 2 31 7 13 2 7 2 9 1 14 31 4 5 15 12 15 5.34074699537910114 12 1 12 5 13 31 7 3 6 3 2 30 10 16 15 6.96245171630185755 4 9 4 17 16 6 12 12 7 17.3017666339874268 215.63001530276884 

Current Evaluation = 100000000(100000040)
Front Size = 38
18 30 8 10 15 1 12 20 2.70999124060388841 5 32 2 6 1 9 16 3 6 2 22 7 18 6 13 3.36768017929769181 23 1 11 15 11 12 13 1 16 30 2 6 22 6 14 2 3.84646942076222631 15 1 4 1 33 9.82524131762891173 4 20 8 18 24 1 9 19 11 17 15 1 23.6686161756515503 61.9272010389466274 
8 24 7 1 12 2.70999124060388841 14 26 3 9 18 1 16 6 2 13 24 10 14 20 2 6 11 6.96245171630185755 9 14 5 9 8 11 13 2 7 9 31 7 16 24 2 10 30 12 6 15 5 1 26 13 13 2 13 12 14 1 12 30 7 14 1 9 17.7848576009273529 200.588581301739168 
18 30 8 10 15 1 4 16 1 5 32 2 1 21 3 16 3 6 2 22 7 18 6 13 3.36768017929769181 23 1 11 15 11 12 13 1 16 30 2 6 22 6 14 2 3.84646942076222631 15 1 4 1 33 9.82524131762891173 4 20 8 18 24 1 9 19 11 17 15 1 25.4460852742195129 51.3576939877369085 
14 13 8 10 15 1 4 16 1 5 32 2 6 31 7 16 3 6 2 22 7 18 6 13 3.36768017929769181 23 1 11 15 11 12 13 1 16 30 2 6 22 6 14 2 3.84646942076222631 15 1 4 1 33 9.82524131762891173 4 20 8 18 24 1 9 19 11 17 15 1 23.4060981869697571 64.0256409372558011 
18 30 8 10 15 1 4 16 1 5 32 2 14 12 4 16 3 6 2 22 7 18 6 13 3.36768017929769181 23 1 11 15 11 12 13 1 16 30 2 6 22 6 14 2 3.84646942076222631 15 1 4 1 33 9.82524131762891173 4 20 8 18 24 1 9 19 11 17 15 1 23.9468401670455933 53.7206966687183396 
18 30 8 10 15 1 4 16 1 5 32 2 15 12 4 16 3 6 2 22 7 18 6 13 3.36768017929769181 23 1 11 15 11 12 13 1 16 30 2 6 22 6 14 2 3.84646942076222631 15 1 4 1 33 9.82524131762891173 4 20 8 14 32 2 9 19 11 17 15 1 22.9282330870628357 64.4559507925221737 
13 12 11 10 15 1 4 16 1 5 32 2 14 31 4 16 3 6 2 22 7 18 6 13 3.36768017929769181 23 1 11 15 11 12 13 1 16 30 2 6 22 6 14 2 3.84646942076222631 15 1 4 1 33 9.82524131762891173 4 20 8 12 9 9 9 19 11 17 15 1 22.1368220150470734 84.6065485839699107 
3.36768017929769181 26 1 10 15 1 4 16 1 5 32 2 14 12 2 6 19 10 2 22 7 18 6 13 3.36768017929769181 23 1 11 15 11 12 13 1 16 30 2 6 22 6 14 2 3.84646942076222631 15 1 4 1 33 9.82524131762891173 4 20 8 12 24 3 9 19 11 17 15 1 22.3296058773994446 80.147197543030444 
18 30 8 15 12 5 4 16 1 5 32 2 3.36768017929769181 25 9 16 3 6 2 22 7 18 6 13 3.36768017929769181 23 1 11 15 11 12 13 1 16 30 2 6 22 6 14 2 3.84646942076222631 15 1 4 14 24 4 4 20 8 6 26 2 9 19 11 17 15 1 21.5569570362567902 91.6685654424620395 
18 30 8 10 15 1 4 16 1 5 32 2 1 21 3 16 3 6 2 22 7 18 6 13 3.36768017929769181 23 1 11 15 11 12 13 1 16 30 2 6 22 6 14 2 3.84646942076222631 15 1 4 1 33 9.82524131762891173 4 20 8 3 6 13 9 19 11 17 15 1 24.5021371245384216 53.2170863286107831 
18 30 8 10 15 1 4 16 1 5 32 2 1 21 3 16 3 6 2 22 7 18 6 13 3.36768017929769181 23 1 11 26 12 12 13 1 16 30 2 6 22 6 14 2 3.84646942076222631 15 1 4 1 33 9.82524131762891173 4 20 8 12 4 13 9 19 11 17 15 1 26.7571653723716736 50.203366038880965 
18 30 8 10 15 1 4 16 1 5 32 2 1 21 3 16 3 6 2 1 10 18 6 13 3.36768017929769181 23 1 11 10 12 12 13 1 16 30 2 6 22 6 14 2 3.84646942076222631 15 1 4 1 33 9.82524131762891173 4 20 8 12 4 13 9 19 11 17 15 1 29.0879811644554138 48.4585769988547099 
18 30 8 10 15 1 4 16 1 5 32 2 14 31 7 16 3 6 2 22 7 4 6 2 3.36768017929769181 23 1 12 1 4 12 13 1 16 30 2 6 22 6 14 2 3.84646942076222631 15 1 4 1 33 9.82524131762891173 4 20 8 14 1 13 9 19 11 17 15 1 21.1455910801887512 117.566980241980232 
18 30 8 10 15 1 4 16 1 5 32 2 1 21 3 16 3 6 2 22 7 18 6 13 3.36768017929769181 23 1 4 24 8 12 13 1 16 30 2 6 22 6 14 2 3.84646942076222631 15 1 4 1 33 9.82524131762891173 4 20 8 3 30 13 9 19 11 17 15 1 23.8129462003707886 57.1358565362553392 
4 17 13 3 30 7 12 9 4 17 20 4 8 24 12 13 26 5 17 2 7 6 6 4 1 24 9 14 24 6 10 9 10 16 25 4 4 26 1 4 32 11 3 32 9 9 22 5 14 24 1 2 25 11 4 24 5 3.36768017929769181 14 4 17.1313598155975342 250.932618310482098 
18 30 8 10 15 1 4 16 1 5 32 2 1 21 3 16 3 6 2 22 7 18 6 13 3.36768017929769181 23 1 11 10 12 12 13 1 16 30 2 6 31 10 14 2 3.84646942076222631 15 1 4 1 33 9.82524131762891173 4 20 8 12 4 13 9 19 11 17 15 1 28.9445481896400452 48.8337156793111973 
18 30 8 10 15 1 4 16 1 5 32 2 4 12 9 16 3 6 2 22 7 15 31 2.70999124060388841 3.36768017929769181 23 1 14 15 11 12 13 1 16 30 2 6 22 6 14 2 3.84646942076222631 15 1 4 1 33 9.82524131762891173 4 20 8 9.25570237641795579 30 4 9 19 11 14 20 1 21.1071239709854126 124.216182364801668 
17 13 6 10 15 6 16 13 2.70999124060388841 14 19 12 3 33 11 1 6 10 1 26 5 9 30 10 2 25 6.96245171630185755 17 18 11 14 32 12 2 15 1 6 20 6 12 32 8 4 14 1 18 1 3.84646942076222631 10 19 4 9 30 13 6 22 2 13.2195649013323386 25 13 20.7618778347969055 159.517697600988612 
10 29 2.70999124060388841 12 30 11 1 15 7 15 31 9 3 25 6.96245171630185755 15 1 10 14 2 3.84646942076222631 3 20 7 4 6 6 6 6 6 10 26 11 14 1 12 14 32 11 4 31 12 15 18 1 13 32 5 4 2 11 9 20 1 4 6 9 2 8 4 18.3026998043060303 188.613978674019194 
14 9 3 14 12 10 10 18 12 12 19 2.70999124060388841 6 22 10 14 9 2 12 23 12 8 1 7 17 15 12 9.25570237641795579 5 12 6 20 3 2 28 7 15 24 1 8 23 6 17 32 9 1 31 8 9 24 5 3 20 3.84646942076222631 13.2195649013323386 26 9 15 1 11 19.1699210405349731 174.249970393643451 
12 22 2 10 15 8 9 12 12 10 8 5 17 9 1 14 1 2.70999124060388841 1 15 4 6 9 9 12 19 9 16 5 7 3 30 6.96245171630185755 15 3 1 14 20 10 10 11 8 17 9 13 4.94126535182462057 1 2 12 23 1 13 32 4 2 19 9 3 20 6 20.2846819162368774 160.888589188589208 
18 30 8 10 15 1 4 16 1 5 32 2 1 5 3 16 3 6 2 22 7 18 6 13 3.36768017929769181 23 1 11 10 12 12 13 1 16 30 2 6 22 6 14 2 3.84646942076222631 15 1 4 1 33 9.82524131762891173 4 20 8 12 4 13 9 19 11 17 15 1 28.3695020079612732 48.8543967794756071 
16 6 2 3.36768017929769181 24 7 14 23 1 16 8 4 15 1 6 4 12 10 1 2 7 9.25570237641795579 6 12 4.94126535182462057 24 1 17 8 11 4 32 9 12 20 12 14 2 13 1 25 2 1 16 9 11 15 10 9 18 12 10 23.4025356524426229 2 12 3 7 14 25 3 19.5646687746047974 167.815113154818988 
18 30 8 10 15 1 4 16 1 5 32 2 1 21 3 16 3 6 2 22 7 18 6 13 3.36768017929769181 23 1 11 10 12 12 13 1 16 30 2 6 22 6 14 2 3.84646942076222631 15 1 4 1 33 9.82524131762891173 4 20 8 11 24 13 9 19 11 17 15 1 27.6677770018577576 49.3964351230040464 
1 12 12 13 20 12 3.36768017929769181 23 8 17 1 7 16 9 4 1 25 13 17 14 7 1 6 6.96245171630185755 14 31 4 1 25 8 13 24 6 4 24 3.84646942076222631 9 28 3 15 23 9 13.2195649013323386 15 12 13 32 9 6 26 1 14 30 7 3 18 10 4 18 13 17.1879976689815521 249.577848312677986 
18 30 8 10 15 1 4 16 1 5 32 2 1 21 3 16 3 6 2 22 7 18 6 13 3.36768017929769181 23 1 10 26 11 12 13 1 16 30 2 6 22 6 14 2 3.84646942076222631 15 1 4 1 33 9.82524131762891173 4 20 8 12 4 13 9 19 11 17 15 1 26.6179853081703186 50.9426495198263396 
18 30 8 10 15 1 4 16 1 5 32 2 1 25 3 16 3 6 2 22 7 18 6 13 3.36768017929769181 23 1 11 10 12 12 13 1 16 30 2 6 22 6 14 2 3.84646942076222631 15 1 4 1 33 9.82524131762891173 4 20 8 12 4 13 9 19 11 17 15 1 28.2366330027580261 49.1332401538399068 
18 30 8 10 15 1 4 16 1 5 32 2 9 13 4 16 3 6 2 22 7 14 25 13 3.36768017929769181 23 1 14 6 11 12 13 1 16 30 2 6 22 6 14 2 3.84646942076222631 15 1 4 1 33 9.82524131762891173 4 20 8 1 24 7 9 19 11 17 15 1 21.5377270579338074 109.403526361390803 
18 30 8 10 15 1 4 16 1 5 32 2 1 21 3 16 3 6 2 22 7 18 6 13 3.36768017929769181 23 1 11 10 12 12 13 1 16 30 2 6 22 6 14 2 3.84646942076222631 15 1 4 1 33 9.82524131762891173 4 20 8 12 26 13 9 19 11 17 15 1 27.1715749502182007 50.0892938516736095 
18 30 8 10 15 1 4 16 1 5 32 2 14 31 2 16 3 6 2 22 7 18 6 13 3.36768017929769181 23 1 9 20 11 12 13 1 16 30 2 6 22 6 14 2 3.84646942076222631 15 1 4 1 33 9.82524131762891173 4 20 8 12 6 2 9 19 11 17 15 1 22.5051239728927612 70.9170614966485147 
18 30 8 10 15 1 4 16 1 5 32 2 1 21 3 16 3 6 2 22 7 18 6 13 3.36768017929769181 23 1 11 10 12 12 13 1 16 30 2 6 22 6 14 2 3.84646942076222631 15 1 4 1 33 9.82524131762891173 4 20 8 12 4 13 9 19 11 17 15 1 29.3908781409263611 47.0163902326638024 
14 28 2.70999124060388841 4 31 6 1 30 10 6 16 4 16 24 2 9.25570237641795579 14 7 6 32 6 14 1 7 17 24 3.84646942076222631 1 23.4025356524426229 7 3 15 1 14 25 8 16 15 12 6 7 12 4 18 9 2 31 3 17 9 12 2 24 13 5 2 10 9 25 10 18.7533867955207825 179.049946395068332 
18 30 8 10 15 1 4 16 1 5 32 2 6 5 4 16 3 6 2 22 7 18 6 13 3.36768017929769181 23 1 11 10 12 12 13 1 16 30 2 6 22 6 14 2 3.84646942076222631 15 1 4 1 33 9.82524131762891173 4 20 8 12 4 13 9 19 11 17 15 1 28.2257950901985168 49.2291978674344577 
18 30 8 10 26 11 4 16 1 5 32 2 1 21 3 16 3 6 2 22 7 18 6 13 3.36768017929769181 23 1 11 10 12 12 13 1 16 30 2 6 22 6 14 2 3.84646942076222631 15 1 4 1 33 9.82524131762891173 4 20 8 12 4 13 9 19 11 17 15 1 29.2384570240974426 48.440710865480618 
14 19 2.70999124060388841 1 13 2 6 6 1 17 17 10 14 15 7 9.25570237641795579 1 8 3 30 13 13 20 1 1 20 11 4 5 8 8 30 3.84646942076222631 4 32 9 5 3 9 16 6 10 1 32 2 15 13 3 6 30 1 4 17 5 6 31 11 15 26 1 17.6737877130508423 212.889761886433718 
14 18 8 14 6 7 6 16 7 3 12 11 14 24 4 16 7 2 2 31 7 13 2 7 2 9 1 14 31 4 5 15 12 15 5.34074699537910114 12 1 12 5 13 31 7 3 6 3 2 30 10 16 15 6.96245171630185755 4 9 4 17 16 6 12 12 7 17.3017666339874268 215.63001530276884 
18 30 8 10 15 1 4 16 1 5 32 2 14 25 2 16 3 6 2 22 7 14 5.34074699537910114 3 3.36768017929769181 23 1 14 14 3 12 13 1 16 30 2 6 22 6 14 2 3.84646942076222631 15 1 4 1 33 9.82524131762891173 4 20 8 13 26 13 9 19 11 17 15 1 21.4680780172348022 117.336563126558502 
18 30 8 10 15 1 4 16 1 5 32 2 6 31 12 16 3 6 2 22 7 18 6 13 3.36768017929769181 23 1 4 24 11 12 13 1 16 30 2 6 22 6 14 2 3.84646942076222631 15 1 4 1 33 9.82524131762891173 4 20 8 3.36768017929769181 24 9 9 19 11 17 15 1 22.4666571021080017 76.4587223854627069 

MOEA/D: Multiobjective Evolutionary Algorithm Based on Decomposition
Number of Evaluations = 100000000
Mutation Probability = 0.0500000007450580597
Population Size = 140
Neighborhood size = 22
Seed: 13

Time =  79496.7065980000043

Current Evaluation = 100000040
Front Size = 38
18 30 8 10 15 1 12 20 2.70999124060388841 5 32 2 6 1 9 16 3 6 2 22 7 18 6 13 3.36768017929769181 23 1 11 15 11 12 13 1 16 30 2 6 22 6 14 2 3.84646942076222631 15 1 4 1 33 9.82524131762891173 4 20 8 18 24 1 9 19 11 17 15 1 23.6686161756515503 61.9272010389466274 
8 24 7 1 12 2.70999124060388841 14 26 3 9 18 1 16 6 2 13 24 10 14 20 2 6 11 6.96245171630185755 9 14 5 9 8 11 13 2 7 9 31 7 16 24 2 10 30 12 6 15 5 1 26 13 13 2 13 12 14 1 12 30 7 14 1 9 17.7848576009273529 200.588581301739168 
18 30 8 10 15 1 4 16 1 5 32 2 1 21 3 16 3 6 2 22 7 18 6 13 3.36768017929769181 23 1 11 15 11 12 13 1 16 30 2 6 22 6 14 2 3.84646942076222631 15 1 4 1 33 9.82524131762891173 4 20 8 18 24 1 9 19 11 17 15 1 25.4460852742195129 51.3576939877369085 
14 13 8 10 15 1 4 16 1 5 32 2 6 31 7 16 3 6 2 22 7 18 6 13 3.36768017929769181 23 1 11 15 11 12 13 1 16 30 2 6 22 6 14 2 3.84646942076222631 15 1 4 1 33 9.82524131762891173 4 20 8 18 24 1 9 19 11 17 15 1 23.4060981869697571 64.0256409372558011 
18 30 8 10 15 1 4 16 1 5 32 2 14 12 4 16 3 6 2 22 7 18 6 13 3.36768017929769181 23 1 11 15 11 12 13 1 16 30 2 6 22 6 14 2 3.84646942076222631 15 1 4 1 33 9.82524131762891173 4 20 8 18 24 1 9 19 11 17 15 1 23.9468401670455933 53.7206966687183396 
18 30 8 10 15 1 4 16 1 5 32 2 15 12 4 16 3 6 2 22 7 18 6 13 3.36768017929769181 23 1 11 15 11 12 13 1 16 30 2 6 22 6 14 2 3.84646942076222631 15 1 4 1 33 9.82524131762891173 4 20 8 14 32 2 9 19 11 17 15 1 22.9282330870628357 64.4559507925221737 
13 12 11 10 15 1 4 16 1 5 32 2 14 31 4 16 3 6 2 22 7 18 6 13 3.36768017929769181 23 1 11 15 11 12 13 1 16 30 2 6 22 6 14 2 3.84646942076222631 15 1 4 1 33 9.82524131762891173 4 20 8 12 9 9 9 19 11 17 15 1 22.1368220150470734 84.6065485839699107 
3.36768017929769181 26 1 10 15 1 4 16 1 5 32 2 14 12 2 6 19 10 2 22 7 18 6 13 3.36768017929769181 23 1 11 15 11 12 13 1 16 30 2 6 22 6 14 2 3.84646942076222631 15 1 4 1 33 9.82524131762891173 4 20 8 12 24 3 9 19 11 17 15 1 22.3296058773994446 80.147197543030444 
18 30 8 15 12 5 4 16 1 5 32 2 3.36768017929769181 25 9 16 3 6 2 22 7 18 6 13 3.36768017929769181 23 1 11 15 11 12 13 1 16 30 2 6 22 6 14 2 3.84646942076222631 15 1 4 14 24 4 4 20 8 6 26 2 9 19 11 17 15 1 21.5569570362567902 91.6685654424620395 
18 30 8 10 15 1 4 16 1 5 32 2 1 21 3 16 3 6 2 22 7 18 6 13 3.36768017929769181 23 1 11 15 11 12 13 1 16 30 2 6 22 6 14 2 3.84646942076222631 15 1 4 1 33 9.82524131762891173 4 20 8 3 6 13 9 19 11 17 15 1 24.5021371245384216 53.2170863286107831 
18 30 8 10 15 1 4 16 1 5 32 2 1 21 3 16 3 6 2 22 7 18 6 13 3.36768017929769181 23 1 11 26 12 12 13 1 16 30 2 6 22 6 14 2 3.84646942076222631 15 1 4 1 33 9.82524131762891173 4 20 8 12 4 13 9 19 11 17 15 1 26.7571653723716736 50.203366038880965 
18 30 8 10 15 1 4 16 1 5 32 2 1 21 3 16 3 6 2 1 10 18 6 13 3.36768017929769181 23 1 11 10 12 12 13 1 16 30 2 6 22 6 14 2 3.84646942076222631 15 1 4 1 33 9.82524131762891173 4 20 8 12 4 13 9 19 11 17 15 1 29.0879811644554138 48.4585769988547099 
18 30 8 10 15 1 4 16 1 5 32 2 14 31 7 16 3 6 2 22 7 4 6 2 3.36768017929769181 23 1 12 1 4 12 13 1 16 30 2 6 22 6 14 2 3.84646942076222631 15 1 4 1 33 9.82524131762891173 4 20 8 14 1 13 9 19 11 17 15 1 21.1455910801887512 117.566980241980232 
18 30 8 10 15 1 4 16 1 5 32 2 1 21 3 16 3 6 2 22 7 18 6 13 3.36768017929769181 23 1 4 24 8 12 13 1 16 30 2 6 22 6 14 2 3.84646942076222631 15 1 4 1 33 9.82524131762891173 4 20 8 3 30 13 9 19 11 17 15 1 23.8129462003707886 57.1358565362553392 
4 17 13 3 30 7 12 9 4 17 20 4 8 24 12 13 26 5 17 2 7 6 6 4 1 24 9 14 24 6 10 9 10 16 25 4 4 26 1 4 32 11 3 32 9 9 22 5 14 24 1 2 25 11 4 24 5 3.36768017929769181 14 4 17.1313598155975342 250.932618310482098 
18 30 8 10 15 1 4 16 1 5 32 2 1 21 3 16 3 6 2 22 7 18 6 13 3.36768017929769181 23 1 11 10 12 12 13 1 16 30 2 6 31 10 14 2 3.84646942076222631 15 1 4 1 33 9.82524131762891173 4 20 8 12 4 13 9 19 11 17 15 1 28.9445481896400452 48.8337156793111973 
18 30 8 10 15 1 4 16 1 5 32 2 4 12 9 16 3 6 2 22 7 15 31 2.70999124060388841 3.36768017929769181 23 1 14 15 11 12 13 1 16 30 2 6 22 6 14 2 3.84646942076222631 15 1 4 1 33 9.82524131762891173 4 20 8 9.25570237641795579 30 4 9 19 11 14 20 1 21.1071239709854126 124.216182364801668 
17 13 6 10 15 6 16 13 2.70999124060388841 14 19 12 3 33 11 1 6 10 1 26 5 9 30 10 2 25 6.96245171630185755 17 18 11 14 32 12 2 15 1 6 20 6 12 32 8 4 14 1 18 1 3.84646942076222631 10 19 4 9 30 13 6 22 2 13.2195649013323386 25 13 20.7618778347969055 159.517697600988612 
10 29 2.70999124060388841 12 30 11 1 15 7 15 31 9 3 25 6.96245171630185755 15 1 10 14 2 3.84646942076222631 3 20 7 4 6 6 6 6 6 10 26 11 14 1 12 14 32 11 4 31 12 15 18 1 13 32 5 4 2 11 9 20 1 4 6 9 2 8 4 18.3026998043060303 188.613978674019194 
14 9 3 14 12 10 10 18 12 12 19 2.70999124060388841 6 22 10 14 9 2 12 23 12 8 1 7 17 15 12 9.25570237641795579 5 12 6 20 3 2 28 7 15 24 1 8 23 6 17 32 9 1 31 8 9 24 5 3 20 3.84646942076222631 13.2195649013323386 26 9 15 1 11 19.1699210405349731 174.249970393643451 
12 22 2 10 15 8 9 12 12 10 8 5 17 9 1 14 1 2.70999124060388841 1 15 4 6 9 9 12 19 9 16 5 7 3 30 6.96245171630185755 15 3 1 14 20 10 10 11 8 17 9 13 4.94126535182462057 1 2 12 23 1 13 32 4 2 19 9 3 20 6 20.2846819162368774 160.888589188589208 
18 30 8 10 15 1 4 16 1 5 32 2 1 5 3 16 3 6 2 22 7 18 6 13 3.36768017929769181 23 1 11 10 12 12 13 1 16 30 2 6 22 6 14 2 3.84646942076222631 15 1 4 1 33 9.82524131762891173 4 20 8 12 4 13 9 19 11 17 15 1 28.3695020079612732 48.8543967794756071 
16 6 2 3.36768017929769181 24 7 14 23 1 16 8 4 15 1 6 4 12 10 1 2 7 9.25570237641795579 6 12 4.94126535182462057 24 1 17 8 11 4 32 9 12 20 12 14 2 13 1 25 2 1 16 9 11 15 10 9 18 12 10 23.4025356524426229 2 12 3 7 14 25 3 19.5646687746047974 167.815113154818988 
18 30 8 10 15 1 4 16 1 5 32 2 1 21 3 16 3 6 2 22 7 18 6 13 3.36768017929769181 23 1 11 10 12 12 13 1 16 30 2 6 22 6 14 2 3.84646942076222631 15 1 4 1 33 9.82524131762891173 4 20 8 11 24 13 9 19 11 17 15 1 27.6677770018577576 49.3964351230040464 
1 12 12 13 20 12 3.36768017929769181 23 8 17 1 7 16 9 4 1 25 13 17 14 7 1 6 6.96245171630185755 14 31 4 1 25 8 13 24 6 4 24 3.84646942076222631 9 28 3 15 23 9 13.2195649013323386 15 12 13 32 9 6 26 1 14 30 7 3 18 10 4 18 13 17.1879976689815521 249.577848312677986 
18 30 8 10 15 1 4 16 1 5 32 2 1 21 3 16 3 6 2 22 7 18 6 13 3.36768017929769181 23 1 10 26 11 12 13 1 16 30 2 6 22 6 14 2 3.84646942076222631 15 1 4 1 33 9.82524131762891173 4 20 8 12 4 13 9 19 11 17 15 1 26.6179853081703186 50.9426495198263396 
18 30 8 10 15 1 4 16 1 5 32 2 1 25 3 16 3 6 2 22 7 18 6 13 3.36768017929769181 23 1 11 10 12 12 13 1 16 30 2 6 22 6 14 2 3.84646942076222631 15 1 4 1 33 9.82524131762891173 4 20 8 12 4 13 9 19 11 17 15 1 28.2366330027580261 49.1332401538399068 
18 30 8 10 15 1 4 16 1 5 32 2 9 13 4 16 3 6 2 22 7 14 25 13 3.36768017929769181 23 1 14 6 11 12 13 1 16 30 2 6 22 6 14 2 3.84646942076222631 15 1 4 1 33 9.82524131762891173 4 20 8 1 24 7 9 19 11 17 15 1 21.5377270579338074 109.403526361390803 
18 30 8 10 15 1 4 16 1 5 32 2 1 21 3 16 3 6 2 22 7 18 6 13 3.36768017929769181 23 1 11 10 12 12 13 1 16 30 2 6 22 6 14 2 3.84646942076222631 15 1 4 1 33 9.82524131762891173 4 20 8 12 26 13 9 19 11 17 15 1 27.1715749502182007 50.0892938516736095 
18 30 8 10 15 1 4 16 1 5 32 2 14 31 2 16 3 6 2 22 7 18 6 13 3.36768017929769181 23 1 9 20 11 12 13 1 16 30 2 6 22 6 14 2 3.84646942076222631 15 1 4 1 33 9.82524131762891173 4 20 8 12 6 2 9 19 11 17 15 1 22.5051239728927612 70.9170614966485147 
18 30 8 10 15 1 4 16 1 5 32 2 1 21 3 16 3 6 2 22 7 18 6 13 3.36768017929769181 23 1 11 10 12 12 13 1 16 30 2 6 22 6 14 2 3.84646942076222631 15 1 4 1 33 9.82524131762891173 4 20 8 12 4 13 9 19 11 17 15 1 29.3908781409263611 47.0163902326638024 
14 28 2.70999124060388841 4 31 6 1 30 10 6 16 4 16 24 2 9.25570237641795579 14 7 6 32 6 14 1 7 17 24 3.84646942076222631 1 23.4025356524426229 7 3 15 1 14 25 8 16 15 12 6 7 12 4 18 9 2 31 3 17 9 12 2 24 13 5 2 10 9 25 10 18.7533867955207825 179.049946395068332 
18 30 8 10 15 1 4 16 1 5 32 2 6 5 4 16 3 6 2 22 7 18 6 13 3.36768017929769181 23 1 11 10 12 12 13 1 16 30 2 6 22 6 14 2 3.84646942076222631 15 1 4 1 33 9.82524131762891173 4 20 8 12 4 13 9 19 11 17 15 1 28.2257950901985168 49.2291978674344577 
18 30 8 10 26 11 4 16 1 5 32 2 1 21 3 16 3 6 2 22 7 18 6 13 3.36768017929769181 23 1 11 10 12 12 13 1 16 30 2 6 22 6 14 2 3.84646942076222631 15 1 4 1 33 9.82524131762891173 4 20 8 12 4 13 9 19 11 17 15 1 29.2384570240974426 48.440710865480618 
14 19 2.70999124060388841 1 13 2 6 6 1 17 17 10 14 15 7 9.25570237641795579 1 8 3 30 13 13 20 1 1 20 11 4 5 8 8 30 3.84646942076222631 4 32 9 5 3 9 16 6 10 1 32 2 15 13 3 6 30 1 4 17 5 6 31 11 15 26 1 17.6737877130508423 212.889761886433718 
14 18 8 14 6 7 6 16 7 3 12 11 14 24 4 16 7 2 2 31 7 13 2 7 2 9 1 14 31 4 5 15 12 15 5.34074699537910114 12 1 12 5 13 31 7 3 6 3 2 30 10 16 15 6.96245171630185755 4 9 4 17 16 6 12 12 7 17.3017666339874268 215.63001530276884 
18 30 8 10 15 1 4 16 1 5 32 2 14 25 2 16 3 6 2 22 7 14 5.34074699537910114 3 3.36768017929769181 23 1 14 14 3 12 13 1 16 30 2 6 22 6 14 2 3.84646942076222631 15 1 4 1 33 9.82524131762891173 4 20 8 13 26 13 9 19 11 17 15 1 21.4680780172348022 117.336563126558502 
18 30 8 10 15 1 4 16 1 5 32 2 6 31 12 16 3 6 2 22 7 18 6 13 3.36768017929769181 23 1 4 24 11 12 13 1 16 30 2 6 22 6 14 2 3.84646942076222631 15 1 4 1 33 9.82524131762891173 4 20 8 3.36768017929769181 24 9 9 19 11 17 15 1 22.4666571021080017 76.4587223854627069 

