Current Evaluation = 10000000(10000000)
Front Size = 34
16 28 2 5 30 9 12 1 13 18 26 1 12 5 4 15 32 6 17 28 9 16 2 2.70999124060388841 14 22 2.70999124060388841 5 18 11 3 20 13 2 3 4 10 1 7 4 23 12 11 6 1 14 32 9 9 16 1 1 11 2 15 20 2.70999124060388841 14 31 9 21.7408309578895569 101.965677085030649 
16 28 2 15 3 8 9 19 12 18 26 1 12 5 4 15 32 6 17 28 9 16 2 2.70999124060388841 14 22 2.70999124060388841 5 18 11 3 25 1 2 3 4 10 1 7 4 15 11 11 6 1 18 29 12 9 16 1 1 11 2 15 2 7 14 31 9 24.3271982073783875 73.1349637404907753 
16 28 2 15 3 8 9 19 12 3 26 13 12 5 4 15 32 6 17 28 9 16 2 2.70999124060388841 14 22 2.70999124060388841 5 18 11 3 25 1 2 3 4 10 1 7 4 23 12 11 6 1 1 30 2.70999124060388841 9 16 1 1 11 2 12 17 4 14 31 9 21.9451259970664978 98.1183001232508758 
16 28 2 15 3 8 9 19 12 18 26 1 12 5 4 15 32 6 17 28 9 16 2 2.70999124060388841 14 22 2.70999124060388841 5 18 11 3 25 1 2 3 4 10 1 7 4 23 12 11 6 1 18 29 12 9 16 1 1 11 2 6 2 5 14 31 9 24.7300961017608643 71.6522724735751666 
16 28 2 15 3 8 9 19 12 18 26 1 12 5 4 15 32 6 17 28 9 16 2 2.70999124060388841 14 22 2.70999124060388841 5 18 11 3 25 1 2 3 4 10 1 7 4 23 12 11 6 1 13 24 1 9 16 1 1 11 2 6 30 5 14 31 9 22.4797550439834595 87.0598881376589446 
16 28 2 15 3 8 9 19 12 18 26 1 12 5 4 15 32 6 17 28 9 16 2 2.70999124060388841 14 22 2.70999124060388841 5 18 11 3 25 1 6 3 5 10 1 7 4 23 12 11 6 1 18 29 12 9 16 1 1 11 2 2 33 3 14 31 9 25.310524046421051 69.7917847059276681 
1 14 4 1 6 2 2 31 3 14 25 10 12 5 4 15 32 6 17 28 9 16 2 2.70999124060388841 13 15 2.70999124060388841 5 18 11 3 25 1 2 3 4 10 1 7 4 23 12 11 6 1 6 14 4 9 16 1 1 11 2 2 33 3 14 31 9 20.9989809989929199 153.074751844452464 
16 28 2 15 3 8 9 19 12 18 26 1 12 5 4 15 32 6 17 28 9 16 2 2.70999124060388841 14 22 2.70999124060388841 5 18 11 3 25 1 2 3 4 10 1 7 4 23 12 11 6 1 1 30 2 9 16 1 1 11 2 6 30 9 14 31 9 22.2044280767440796 93.0067675159433946 
16 28 2 15 3 8 9 19 12 18 26 1 12 5 4 15 32 6 17 28 9 16 2 2.70999124060388841 14 22 2.70999124060388841 5 18 11 3 25 1 2 3 4 10 1 7 4 23 12 11 6 1 14 24 4 9 16 1 1 11 2 6 25 9 14 31 9 22.1664550602436066 95.4726760124135865 
1 1 4 15 3 8 9 19 12 18 26 1 12 5 4 15 32 6 17 28 9 16 2 2.70999124060388841 14 22 2.70999124060388841 1 15 1 3 25 1 2 3 4 10 1 7 4 23 12 11 6 1 17 24 13 9 16 1 1 11 2 2 33 3 14 31 9 22.3365952372550964 91.0281484782339305 
6 28 13 3 29 2 17 9 10 15 33 9 1 24 10 6 9 6 1 15 1 12 13 8 14 26 4 3.36768017929769181 5 8 18 2 9 2 6 10 12 8 7 9.25570237641795579 32 4 17 30 2 5 1 4 1 15 7 13 16 8 14 31 4 3 26 5 20.6794304549694061 165.379640210522552 
16 31 2.70999124060388841 15 3 8 9 19 12 18 26 1 12 5 4 15 32 6 17 28 9 16 2 2.70999124060388841 14 22 2.70999124060388841 5 18 11 3 25 1 2 3 4 10 1 7 4 23 12 11 6 1 18 29 12 9 16 1 1 11 2 2 33 3 14 31 9 24.8771481513977051 70.7552648388769683 
16 28 2 15 3 8 9 19 12 14 12 9 12 5 4 15 32 6 17 28 9 16 2 2.70999124060388841 14 22 2.70999124060388841 5 18 11 3 25 1 2 3 4 10 1 7 4 23 12 11 6 1 14 30 10 9 16 1 1 11 2 2 33 3 14 31 9 21.8596739768981934 101.418385858061129 
16 28 2 15 3 8 9 19 12 18 26 1 12 5 4 15 32 6 17 28 9 16 2 2.70999124060388841 14 22 2.70999124060388841 5 18 11 3 25 1 2 3 4 10 1 7 4 23 12 11 6 1 18 29 12 9 16 1 1 11 2 6 30 4 14 31 9 24.2689750790596008 74.7098346579318928 
6 9 5 15 3 8 3 15 7 14 1 2.70999124060388841 12 5 4 15 32 6 17 28 9 16 2 2.70999124060388841 14 22 2.70999124060388841 5 18 11 3 25 1 2 12 9 10 1 7 4 23 12 11 6 1 4 12 7 9 16 1 1 11 2 2 33 3 14 31 9 21.0658058524131775 138.518759065817875 
3.36768017929769181 25 13 6 32 4 2 16 2 17 30 9 14 15 8 4 16 6 14 24 11 11 6 3 3 31 7 12 3 9 9.25570237641795579 7 6 10 19 6 6 32 8 16 6 8 16 20 7 16 26 9 12 30 9 3 19 2 13 25 5 4.94126535182462057 31 9.82524131762891173 18.0446798205375671 192.706052444287764 
3 14 4 1 31 11 12 7 3 4 1 11 1 30 13 6 16 1 17 30 2 15 22 4 10 29 9 12 28 6 6 22 8 12 30 1 16 23 2.70999124060388841 9.25570237641795579 9 5 2 26 2 1 1 10 1 6 4 4.94126535182462057 25 9 14 11 2 4 23 13 20.7122827172279358 165.185282691165071 
16 28 2 15 3 8 6 15 13 18 26 1 12 5 4 15 32 6 17 28 9 16 2 2.70999124060388841 14 22 2.70999124060388841 5 18 11 3 25 1 2 3 4 10 1 7 4 23 12 11 6 1 18 29 12 9 16 1 1 11 2 2 33 3 14 31 9 25.0220940709114075 70.6791412555301264 
16 28 2 15 3 8 9 19 12 3 15 1 12 5 4 15 32 6 17 28 9 16 2 2.70999124060388841 14 22 2.70999124060388841 5 18 11 3 25 1 2 3 4 10 1 7 4 23 12 11 6 1 18 29 12 9 16 1 1 11 2 2 33 3 14 31 9 24.7104979753494263 72.3264464094566506 
13 8 6 11 30 10 3.36768017929769181 23 8 16 20 1 15 5 2 6 6 4 1 18 4 9 24 5 17 30 8 12 17 12 4 6 13 16 16.1354543567662532 13 1 9 4 1 3 1 6 13 10 4.94126535182462057 6 9.82524131762891173 15 22 13.151007650947605 18 6 7.75241283629571765 10 11 2 9 31 10 20.781920850276947 161.960331105819819 
16 28 2 15 3 8 9 19 12 3.36768017929769181 30 9 12 5 4 15 32 6 17 28 9 16 2 2.70999124060388841 14 22 2.70999124060388841 5 18 11 3 25 1 2 3 4 10 1 7 4 23 12 11 6 1 15 15 9 9 16 1 1 11 2 2 33 3 14 31 9 22.3751099705696106 90.811823268761259 
4 9 8 15 22 3 13 6 9 16 6 2 17 31 11 1 18 3 13 2 9 3.36768017929769181 30 5 14 20 7 10 6 1 9.25570237641795579 15 12 6 3 11 16 2 11 4 9 9 12 14 6 10 25 5 13 7 1 9 1 5 10 21 6 1 19 2 20.7141128778457642 164.242806170437746 
16 28 2 15 3 8 9 19 12 3.36768017929769181 30 13 12 5 4 15 32 6 17 28 9 16 2 2.70999124060388841 14 22 2.70999124060388841 6 24 2 3 25 1 2 3 4 10 1 7 4 23 12 11 6 1 12 19 12 9 16 1 1 11 2 13 24 5 14 31 9 21.066091001033783 104.182712982010244 
16 28 2 15 3 8 9 19 12 18 26 1 12 5 4 15 32 6 17 28 9 16 2 2.70999124060388841 14 22 2.70999124060388841 5 18 11 3 25 1 2 3 4 10 1 7 4 23 12 11 6 1 18 29 12 9 16 1 1 11 2 2 33 3 14 31 9 25.4735901355743408 69.3361552028896284 
12 16 11 15 32 5 10 25 8 4 31 2.70999124060388841 1 16.1354543567662532 12 2 24 3 12 23 9 4 30 3 1 22 4 6 12 7 15 1 1 5 20 13 16 8 8 13 32 1 2 6 13 4.94126535182462057 24 2 17 6 7 4 16 7 8 5 11 1 14 9.82524131762891173 19.4302526712417603 167.152887635240546 
16 28 2 15 3 8 9 19 12 2 24 1 12 5 4 15 32 6 17 28 9 16 2 2.70999124060388841 14 22 2.70999124060388841 5 18 11 3 25 1 2 3 4 10 1 7 4 23 12 11 6 1 3 26 12 9 16 1 1 11 2 2 33 3 14 31 9 22.9495109915733337 84.3221017245431739 
8 30 1 4 24 13 14 19 7 4 31 10 13 1 10 4 25 4 16 29 7 14 6 8 4 30 2 13 15 5 1 23 12 8 20 2 3 6 2.70999124060388841 17 26 5 11 32 4 14 24 3 10 18 1 14 14 1 6 12 5 15 6 7 17.6727358102798462 211.662018330826385 
1 15 2 4 30 7 13 30 9 13 15 2.70999124060388841 9.25570237641795579 5 9 12 32 4 15 25 13 3 1 3.84646942076222631 12 32 7 15 22 7 3 28 4 1 24 1 15 25 5 14 9 10 15 22 7 12 32 3 13.2195649013323386 12 9 11 30 2 2 31.8448655754823804 12 17 19 3 17.6054335236549377 234.420213601328186 
16 30 2.70999124060388841 15 3 8 9 19 12 18 26 1 12 5 4 15 32 6 17 28 9 16 2 2.70999124060388841 14 22 2.70999124060388841 5 18 11 3 25 1 2 3 4 10 1 7 4 23 12 11 6 1 12 24 11 9 16 1 1 11 2 2 33 3 14 31 9 22.9787461757659912 75.0789706759539257 
16 28 2 15 3 8 9 19 12 3 26 1 12 5 4 15 32 6 17 28 9 16 2 2.70999124060388841 14 22 2.70999124060388841 5 18 11 3 25 1 6 9 2.70999124060388841 10 1 7 4 23 12 11 6 1 12 15 11 9 16 1 1 11 2 2 33 3 14 31 9 22.7576739192008972 85.1530382669042325 
4 13 10 15 3 8 9 19 12 14 9 4 12 5 4 15 32 6 17 28 9 16 2 2.70999124060388841 14 22 2.70999124060388841 5 18 11 13 5 4 6 5 1 10 1 7 4 23 12 12 6 4 6 6 10 9 16 1 1 11 2 2 33 3 14 31 9 20.8924100399017334 153.582873078243267 
11 5.34074699537910114 8 16 30 8 2 24 4 15 15 3 9 26 8 12 32 9 14 25 4 3 15 10 18 3 8 4 30 12 14 20 6.96245171630185755 15 3 8 6 18 10 3 26 11 15 11 9 13 8 12 12 15 9 4.94126535182462057 24 4 15 17 7 1 19 13 19.2886146903038025 190.232607588489969 
16 28 2 15 3 8 14 9 4 18 26 1 12 5 4 15 32 6 17 28 9 16 2 2.70999124060388841 14 22 2.70999124060388841 5 18 11 3 25 1 2 3 4 10 1 7 4 23 12 11 6 1 12 15 2.70999124060388841 9 16 1 1 11 2 15 15 4 14 31 9 22.1319190859794617 97.7007844007844 
16 28 2 15 3 8 9 19 12 18 26 1 12 5 4 15 32 6 17 28 9 16 2 2.70999124060388841 14 22 2.70999124060388841 5 18 11 3 25 1 2 3 4 10 1 7 4 23 12 11 6 1 18 29 12 9 16 1 1 11 2 6 30 3 14 31 9 24.3889750242233276 72.4196480306469823 

Current Evaluation = 20000000(20000000)
Front Size = 35
6 28 13 3 29 2 17 9 10 15 33 9 1 24 10 6 9 6 1 15 1 12 13 8 14 26 4 3.36768017929769181 5 8 18 2 9 2 6 10 12 8 7 9.25570237641795579 32 4 17 30 2 5 1 4 1 15 7 13 16 8 14 31 4 3 26 5 20.6794304549694061 165.379640210522552 
3.36768017929769181 25 13 6 32 4 2 16 2 17 30 9 14 15 8 4 16 6 14 24 11 11 6 3 3 31 7 12 3 9 9.25570237641795579 7 6 10 19 6 6 32 8 16 6 8 16 20 7 16 26 9 12 30 9 3 19 2 13 25 5 4.94126535182462057 31 9.82524131762891173 18.0446798205375671 192.706052444287764 
3 14 4 1 31 11 12 7 3 4 1 11 1 30 13 6 16 1 17 30 2 15 22 4 10 29 9 12 28 6 6 22 8 12 30 1 16 23 2.70999124060388841 9.25570237641795579 9 5 2 26 2 1 1 10 1 6 4 4.94126535182462057 25 9 14 11 2 4 23 13 20.7122827172279358 165.185282691165071 
13 8 6 11 30 10 3.36768017929769181 23 8 16 20 1 15 5 2 6 6 4 1 18 4 9 24 5 17 30 8 12 17 12 4 6 13 16 16.1354543567662532 13 1 9 4 1 3 1 6 13 10 4.94126535182462057 6 9.82524131762891173 15 22 13.151007650947605 18 6 7.75241283629571765 10 11 2 9 31 10 20.781920850276947 161.960331105819819 
4 9 8 15 22 3 13 6 9 16 6 2 17 31 11 1 18 3 13 2 9 3.36768017929769181 30 5 14 20 7 10 6 1 9.25570237641795579 15 12 6 3 11 16 2 11 4 9 9 12 14 6 10 25 5 13 7 1 9 1 5 10 21 6 1 19 2 20.7141128778457642 164.242806170437746 
16 28 2 15 3 8 9 19 12 3.36768017929769181 30 13 12 5 4 15 32 6 17 28 9 16 2 2.70999124060388841 14 22 2.70999124060388841 6 24 2 3 25 1 2 3 4 10 1 7 4 23 12 11 6 1 12 19 12 9 16 1 1 11 2 13 24 5 14 31 9 21.066091001033783 104.182712982010244 
12 16 11 15 32 5 10 25 8 4 31 2.70999124060388841 1 16.1354543567662532 12 2 24 3 12 23 9 4 30 3 1 22 4 6 12 7 15 1 1 5 20 13 16 8 8 13 32 1 2 6 13 4.94126535182462057 24 2 17 6 7 4 16 7 8 5 11 1 14 9.82524131762891173 19.4302526712417603 167.152887635240546 
8 30 1 4 24 13 14 19 7 4 31 10 13 1 10 4 25 4 16 29 7 14 6 8 4 30 2 13 15 5 1 23 12 8 20 2 3 6 2.70999124060388841 17 26 5 11 32 4 14 24 3 10 18 1 14 14 1 6 12 5 15 6 7 17.6727358102798462 211.662018330826385 
1 15 2 4 30 7 13 30 9 13 15 2.70999124060388841 9.25570237641795579 5 9 12 32 4 15 25 13 3 1 3.84646942076222631 12 32 7 15 22 7 3 28 4 1 24 1 15 25 5 14 9 10 15 22 7 12 32 3 13.2195649013323386 12 9 11 30 2 2 31.8448655754823804 12 17 19 3 17.6054335236549377 234.420213601328186 
16 28 2 15 3 8 2 30 11 18 26 1 12 5 4 15 32 6 10 1 9 16 2 2.70999124060388841 14 22 2.70999124060388841 5 18 11 3 25 1 2 3 4 10 1 7 4 23 12 11 6 1 17 31 10 9 16 1 1 11 2 2 20 5 14 31 9 22.2331520318984985 82.2083201134061028 
16 28 2 15 3 8 2 30 11 18 26 1 12 5 4 11 15 3 10 1 9 16 2 2.70999124060388841 14 22 2.70999124060388841 5 18 11 6 17 13 2 3 4 10 1 7 4 23 12 11 6 1 16 15 2.70999124060388841 3 24 13 1 11 2 2 33 3 14 31 9 23.3967610597610474 66.5232357680633584 
16 28 2 15 3 8 2 30 11 18 26 1 12 5 4 11 15 3 10 1 9 16 2 2.70999124060388841 14 22 2.70999124060388841 5 18 11 6 17 13 1 32 2.70999124060388841 10 1 7 4 23 12 11 6 1 18 29 12 9 16 1 1 11 2 2 33 3 14 31 9 25.3967581391334534 59.3319965048453355 
16 28 2 15 3 8 2 30 11 4 6 7 12 5 4 11 15 3 10 1 9 16 2 2.70999124060388841 14 22 2.70999124060388841 5 18 11 6 17 13 2 3 4 10 1 7 4 23 12 11 6 1 17 15 4 9 16 1 1 11 2 3 32 9 14 31 9 21.6857370138168335 85.0257956157748964 
16 28 2 15 3 8 2 30 11 18 26 1 12 5 4 11 15 3 10 1 9 16 2 2.70999124060388841 14 22 2.70999124060388841 5 18 11 6 17 13 2 3 4 10 1 7 4 23 12 11 6 1 16 15 2.70999124060388841 9 16 1 1 20 2 2 33 3 14 31 9 23.5413971543312073 66.1313635813635869 
16 28 2 15 3 8 2 30 11 18 26 1 12 5 4 11 15 3 10 1 9 16 2 2.70999124060388841 14 22 2.70999124060388841 5 18 11 6 17 13 2 3 4 10 1 7 4 23 12 11 6 1 17 30 2.70999124060388841 9 16 1 1 11 2 2 33 3 14 31 9 23.7527371048927307 64.4807645714011812 
16 28 2 15 3 8 2 30 11 18 26 1 12 5 4 11 15 3 10 1 9 16 2 2.70999124060388841 14 22 2.70999124060388841 5 18 11 6 17 13 2 3 4 10 1 7 3.36768017929769181 15 10 11 6 1 4 26 6.96245171630185755 9 16 1 1 11 2 6 30 12 14 31 9 22.4666790366172791 70.6197414600903102 
16 28 2 15 3 8 2 30 11 18 26 1 12 5 4 11 15 3 10 1 9 16 2 2.70999124060388841 14 22 2.70999124060388841 5 18 11 6 17 13 2 3 4 10 1 7 4 23 12 11 6 1 3 24 13 12 30 11 1 11 2 2 33 3 14 31 9 23.3108941316604614 66.8930072326490688 
16 28 2 15 3 8 2 30 11 18 26 1 12 5 4 11 15 3 10 1 9 16 2 2.70999124060388841 14 22 2.70999124060388841 5 18 11 6 17 13 2 3 4 10 1 7 4 23 12 11 6 1 16 2 2 9 16 1 1 11 2 2 33 3 14 31 9 24.1786981225013733 59.7972345405600265 
16 28 2 15 3 8 2 30 11 18 26 1 12 5 4 11 15 3 10 1 9 16 2 2.70999124060388841 14 22 2.70999124060388841 5 18 11 6 17 13 2 3 4 10 1 7 4 23 12 11 6 1 3.36768017929769181 26 2 9 16 1 1 11 2 2 32 6 14 31 9 23.2096430659294128 67.0931253957476628 
16 28 2 15 3 8 2 30 11 3 24 1 12 5 4 11 15 3 10 1 9 16 2 2.70999124060388841 14 22 2.70999124060388841 5 18 11 6 17 13 2 3 4 10 1 7 4 23 12 11 6 1 16 26 9 9 16 1 1 11 2 2 33 3 14 31 9 22.9296379685401917 68.4450426027460281 
16 28 2 15 3 8 2 30 11 18 26 1 12 5 4 11 15 3 10 1 9 16 2 2.70999124060388841 14 22 2.70999124060388841 5 18 11 6 17 13 2 3 4 10 1 7 4 23 12 11 6 1 3 4 2 9 16 1 16 20 2.70999124060388841 2 33 3 14 31 9 25.8306542038917542 57.5423715836424634 
16 28 2 15 3 8 2 30 11 18 26 1 12 5 4 11 15 3 10 1 9 16 2 2.70999124060388841 14 22 2.70999124060388841 5 18 11 6 17 13 2 3 4 10 1 7 4 23 12 11 6 1 3 4 2 9 16 1 1 11 2 2 1 6 14 31 9 25.4621760249137878 58.6864898124341039 
16 28 2 15 3 8 2 30 11 18 26 1 12 5 4 11 15 3 10 1 9 16 2 2.70999124060388841 14 22 2.70999124060388841 5 18 11 6 17 13 2 3 4 10 1 7 4 23 12 11 6 1 16 30 2 9 16 1 1 11 2 2 33 3 14 31 9 23.7795771956443787 64.1651959540651688 
16 28 2 15 3 8 2 30 11 18 26 1 12 5 4 11 15 3 10 1 9 16 2 2.70999124060388841 14 22 2.70999124060388841 5 18 11 6 17 13 2 3 4 10 1 7 4 23 12 11 6 1 16 15 2.70999124060388841 9 16 1 1 11 2 2 33 3 14 31 9 23.9576941132545471 61.5525761274557794 
16 28 2 15 3 8 2 30 11 15 5 1 12 5 4 2 20 7 10 1 9 16 2 2.70999124060388841 14 22 2.70999124060388841 5 18 11 6 17 13 2 3 4 10 1 7 4 23 12 9 26 3 13 25 9 9 16 1 1 11 2 17 1 9 14 31 9 20.847140908241272 145.459029488909124 
13 19 7 3 6 11 1 22 5 13 24 11 3 15 9 1 18 9 12 5.34074699537910114 2 10 6 8 3 30 12 2 31 8 15 19 7 14 8 5 5 15 7 9 1 1 13 14 7 2 3 13 9 26 2 14 12 8 13 19 11 2 31 4 19.0328838229179382 188.733613565656924 
16 28 2 15 3 8 2 30 11 18 26 1 12 5 4 11 15 3 10 1 9 16 2 2.70999124060388841 14 22 2.70999124060388841 5 18 11 6 17 13 13 15 9 10 1 7 4 23 12 11 6 1 15 31 4 6 12 2 1 11 2 14 15 2.70999124060388841 14 31 9 21.537013053894043 103.401171555642435 
16 28 2 15 3 8 2 30 11 18 26 1 12 5 4 11 15 3 10 1 9 16 2 2.70999124060388841 14 22 2.70999124060388841 5 18 11 6 17 13 2 3 4 10 1 7 4 23 12 11 6 1 16 24 2 9 16 1 1 11 2 2 33 3 14 31 9 23.8567891716957092 61.7621645921144307 
16 28 2 15 3 8 2 30 11 18 26 1 12 5 4 11 15 3 10 1 9 16 2 2.70999124060388841 14 22 2.70999124060388841 5 18 11 6 17 13 2 3 4 10 1 7 4 26 10 11 6 1 3.36768017929769181 19 1 9 16 1 1 11 2 2 33 3 14 31 9 23.7958182692527771 62.6755368916690117 
16 28 2 15 3 8 2 30 11 18 26 1 12 5 4 11 15 3 10 1 9 16 2 2.70999124060388841 14 22 2.70999124060388841 5 18 11 6 17 13 2 3 4 10 1 7 4 23 12 11 6 1 3 15 8 9 16 1 1 11 2 2 33 3 14 31 9 24.1109171509742737 60.7912759564259915 
16 28 2 15 3 8 2 30 11 18 26 1 12 5 4 11 15 3 10 1 9 16 2 2.70999124060388841 14 22 2.70999124060388841 5 18 11 6 17 13 2 3 4 10 1 7 4 23 12 11 6 1 3.36768017929769181 15 2 9 16 1 1 11 2 2 33 3 14 31 9 24.015731155872345 60.8180619443509869 
16 28 2 15 3 8 2 30 11 18 26 1 12 5 4 11 15 3 10 1 9 16 2 2.70999124060388841 14 22 2.70999124060388841 5 18 11 6 17 13 2 3 4 10 1 7 4 23 12 11 6 1 3 4 2 9 16 1 1 11 2 2 33 3 14 31 9 26.1780131459236145 56.8363013884677954 
16 28 2 15 3 8 2 30 11 18 26 1 12 5 4 11 15 3 10 1 9 16 2 2.70999124060388841 14 22 2.70999124060388841 5 18 11 6 17 13 17 30 11 10 1 7 4 23 12 11 6 1 3 4 2 9 16 1 1 11 2 2 33 3 14 31 9 25.8198111057281494 58.293834012520783 
16 28 2 15 3 8 2 30 11 14 31 12 12 5 4 11 15 3 10 1 9 16 2 2.70999124060388841 14 22 2.70999124060388841 15 25 3 6 17 13 2 3 4 10 1 7 4 23 12 11 6 1 1 15 10 9 16 1 1 11 2 14 24 11 14 31 9 20.8594680428504944 118.60007629303405 
16 28 2 15 3 8 2 30 11 18 26 1 12 5 4 11 15 3 10 1 9 16 2 2.70999124060388841 14 22 2.70999124060388841 5 18 11 6 17 13 2 3 4 10 1 7 4 23 12 11 6 1 16 26 2.70999124060388841 9 16 1 1 11 2 2 33 3 14 31 9 23.9006730914115906 61.7296056175837293 

Current Evaluation = 30000000(30000000)
Front Size = 28
3.36768017929769181 25 13 6 32 4 2 16 2 17 30 9 14 15 8 4 16 6 14 24 11 11 6 3 3 31 7 12 3 9 9.25570237641795579 7 6 10 19 6 6 32 8 16 6 8 16 20 7 16 26 9 12 30 9 3 19 2 13 25 5 4.94126535182462057 31 9.82524131762891173 18.0446798205375671 192.706052444287764 
16 28 2 15 3 8 9 19 12 3.36768017929769181 30 13 12 5 4 15 32 6 17 28 9 16 2 2.70999124060388841 14 22 2.70999124060388841 6 24 2 3 25 1 2 3 4 10 1 7 4 23 12 11 6 1 12 19 12 9 16 1 1 11 2 13 24 5 14 31 9 21.066091001033783 104.182712982010244 
12 16 11 15 32 5 10 25 8 4 31 2.70999124060388841 1 16.1354543567662532 12 2 24 3 12 23 9 4 30 3 1 22 4 6 12 7 15 1 1 5 20 13 16 8 8 13 32 1 2 6 13 4.94126535182462057 24 2 17 6 7 4 16 7 8 5 11 1 14 9.82524131762891173 19.4302526712417603 167.152887635240546 
8 30 1 4 24 13 14 19 7 4 31 10 13 1 10 4 25 4 16 29 7 14 6 8 4 30 2 13 15 5 1 23 12 8 20 2 3 6 2.70999124060388841 17 26 5 11 32 4 14 24 3 10 18 1 14 14 1 6 12 5 15 6 7 17.6727358102798462 211.662018330826385 
1 15 2 4 30 7 13 30 9 13 15 2.70999124060388841 9.25570237641795579 5 9 12 32 4 15 25 13 3 1 3.84646942076222631 12 32 7 15 22 7 3 28 4 1 24 1 15 25 5 14 9 10 15 22 7 12 32 3 13.2195649013323386 12 9 11 30 2 2 31.8448655754823804 12 17 19 3 17.6054335236549377 234.420213601328186 
16 28 2 15 3 8 2 30 11 18 26 1 12 5 4 15 32 6 10 1 9 16 2 2.70999124060388841 14 22 2.70999124060388841 5 18 11 3 25 1 2 3 4 10 1 7 4 23 12 11 6 1 17 31 10 9 16 1 1 11 2 2 20 5 14 31 9 22.2331520318984985 82.2083201134061028 
16 28 2 15 3 8 2 30 11 4 6 7 12 5 4 11 15 3 10 1 9 16 2 2.70999124060388841 14 22 2.70999124060388841 5 18 11 6 17 13 2 3 4 10 1 7 4 23 12 11 6 1 17 15 4 9 16 1 1 11 2 3 32 9 14 31 9 21.6857370138168335 85.0257956157748964 
16 28 2 15 3 8 2 30 11 18 26 1 12 5 4 11 15 3 10 1 9 16 2 2.70999124060388841 14 22 2.70999124060388841 5 18 11 6 17 13 2 3 4 10 1 7 3.36768017929769181 15 10 11 6 1 4 26 6.96245171630185755 9 16 1 1 11 2 6 30 12 14 31 9 22.4666790366172791 70.6197414600903102 
16 28 2 15 3 8 2 30 11 3 24 1 12 5 4 11 15 3 10 1 9 16 2 2.70999124060388841 14 22 2.70999124060388841 5 18 11 6 17 13 2 3 4 10 1 7 4 23 12 11 6 1 16 26 9 9 16 1 1 11 2 2 33 3 14 31 9 22.9296379685401917 68.4450426027460281 
16 28 2 15 3 8 2 30 11 17 1 2.70999124060388841 12 5 4 11 15 3 10 1 9 16 2 2.70999124060388841 14 22 2.70999124060388841 5 18 11 6 17 13 14 30 1 10 1 7 1 32 4 11 6 1 14 6 11 9 16 1 4 9 4 9 19 7 14 31 9 20.5828329920768738 129.897223190918453 
16 19 4 6 25 11 2 6 6 2 20 9 9 14 2.70999124060388841 15 16.1354543567662532 2 5 32 5 4.94126535182462057 30 3 6 1 10 6 3 8 12 15 4 14 25 13 6 13 9 12 2 1 14 32 8 15 22 8 10 9 4 17 1 5 4 17 12 13 26 2 18.937433660030365 184.585628116945543 
16 28 2 15 3 8 2 30 11 14 12 6 12 5 4 11 15 3 10 1 9 16 2 2.70999124060388841 14 22 2.70999124060388841 5 18 11 6 17 13 2 3 4 10 1 7 4 23 12 11 6 1 14 30 3 9 16 1 1 11 2 16 1 8 14 31 9 21.5332119166851044 97.7854008450780725 
3 24 3 15 3 8 2 30 11 14 16 12 12 5 4 11 15 3 10 1 9 16 2 2.70999124060388841 14 22 2.70999124060388841 5 18 11 14 20 3 2 3 4 10 1 7 4 23 12 11 6 1 16 30 9 9 16 1 1 11 2 6 1 10 14 31 9 20.6887170076370239 104.587878412884905 
16 28 2 15 3 8 2 30 11 18 26 1 12 5 4 11 15 3 10 1 9 16 2 2.70999124060388841 14 22 2.70999124060388841 5 18 11 6 17 13 2 3 4 10 1 7 4 23 12 11 6 1 15 32 8 9 16 1 1 11 2 17 30 2.70999124060388841 14 31 9 22.8877080082893372 70.014339214664119 
16 28 2 15 32 12 2 30 11 18 26 1 12 5 4 11 15 3 10 1 9 16 2 2.70999124060388841 14 22 2.70999124060388841 5 18 11 6 17 13 17 8 8 10 1 7 4 19 1 11 6 1 12 24 2.70999124060388841 9 16 1 1 11 2 2 33 3 14 31 9 23.7115890979766846 59.6358429710270102 
16 28 2 15 3 8 2 30 11 18 26 1 12 5 4 11 15 3 10 1 9 16 2 2.70999124060388841 14 22 2.70999124060388841 5 18 11 6 17 13 17 8 8 10 1 7 4 19 1 11 6 1 3.36768017929769181 26 9 9 16 1 1 11 2 2 33 3 14 31 9 23.9240671396255493 58.4281424355090024 
16 28 2 15 3 8 2 30 11 18 26 1 12 5 4 11 15 3 10 1 9 16 2 2.70999124060388841 14 22 2.70999124060388841 5 18 11 6 17 13 17 8 8 10 1 7 4 19 1 11 6 1 3 26 2 9 16 1 1 11 2 2 33 3 14 31 9 24.031105101108551 53.3675572174386659 
16 28 2 15 3 8 2 30 11 18 26 1 12 5 4 11 15 3 10 1 9 16 2 2.70999124060388841 14 22 2.70999124060388841 5 18 11 6 17 13 17 8 8 10 1 7 4 19 1 11 6 1 3 23 7 6 3 5 1 11 2 2 32 12 14 31 9 23.1541609168052673 64.9602881897099422 
16 28 2 15 3 8 2 30 11 18 26 1 12 5 4 11 15 3 10 1 9 16 2 2.70999124060388841 14 22 2.70999124060388841 5 18 11 6 17 13 17 8 8 10 1 7 4 19 1 11 6 1 3 4 2 9 16 1 1 20 13 2 33 3 14 31 9 25.8880971074104309 51.8982844073953373 
16 28 2 15 3 8 2 30 11 18 26 1 12 5 4 11 15 3 10 1 9 16 2 2.70999124060388841 14 22 2.70999124060388841 5 18 11 6 17 13 17 8 8 10 1 7 4 19 1 11 6 1 3 24 2 9 16 1 1 11 2 2 8 11 14 31 9 23.6611469388008118 62.825607725607739 
16 28 2 15 3 8 2 30 11 18 26 1 12 5 4 11 15 3 10 1 9 16 2 2.70999124060388841 14 22 2.70999124060388841 5 18 11 6 17 13 17 8 8 10 1 7 4 19 1 11 6 1 3 4 2 9 16 1 6 12 2.70999124060388841 2 33 3 14 31 9 25.8335661292076111 52.0036208443582879 
16 28 2 15 3 8 2 30 11 18 26 1 12 5 4 11 15 3 10 1 9 16 2 2.70999124060388841 14 22 2.70999124060388841 5 18 11 6 17 13 17 8 8 10 1 7 4 19 1 11 6 1 3 4 2 9 16 1 1 25 8 2 33 3 14 31 9 25.9980841279029846 51.828223732154413 
16 28 2 15 3 8 2 30 11 18 26 1 12 5 4 11 15 3 10 1 9 16 2 2.70999124060388841 14 22 2.70999124060388841 1 32 11 6 17 13 17 8 8 10 1 7 4 19 1 11 6 1 3 4 2 9 16 1 1 11 2 2 33 3 14 31 9 25.5145662426948547 53.0741298673652864 
16 28 2 15 3 8 2 30 11 18 26 1 12 5 4 11 15 3 10 1 9 16 2 2.70999124060388841 14 22 2.70999124060388841 2 31 13 6 17 13 17 8 8 10 1 7 4 19 1 11 6 1 3 24 2.70999124060388841 9 16 1 1 11 2 2 33 3 14 31 9 23.4759351015090942 64.178568424057147 
16 28 2 15 3 8 2 30 11 18 26 1 12 5 4 11 15 3 10 1 9 16 2 2.70999124060388841 14 22 2.70999124060388841 5 18 11 6 17 13 17 8 8 10 1 7 4 19 1 11 6 1 3.36768017929769181 1 3 6 6 10 1 11 2 15 9 5 14 31 9 22.4605540037155151 78.4601653189469914 
16 28 2 15 3 8 2 30 11 18 26 1 12 5 4 11 15 3 10 1 9 16 2 2.70999124060388841 14 22 2.70999124060388841 5 18 11 6 17 13 17 8 8 10 1 7 4 19 1 11 6 1 14 32 4 9 16 1 1 11 2 14 25 4 14 31 9 22.39804807305336 79.0074737979358019 
16 28 2 15 3 8 2 30 11 18 26 1 12 5 4 11 15 3 10 1 9 16 2 2.70999124060388841 14 22 2.70999124060388841 5 18 11 6 17 13 17 8 8 10 1 7 4 19 1 11 6 1 3 4 2 9 16 1 1 11 2 2 33 3 14 31 9 26.2504081130027771 50.5264493120860294 
16 28 2 15 3 8 2 30 11 18 26 1 12 5 4 11 15 3 10 1 9 16 2 2.70999124060388841 14 22 2.70999124060388841 5 18 11 6 17 13 17 8 8 10 1 7 4 19 1 11 6 1 3 24 9 9 16 1 1 11 2 2 33 3 14 31 9 23.8801831007003784 59.0238245123935386 

Current Evaluation = 40000000(40000000)
Front Size = 31
3.36768017929769181 25 13 6 32 4 2 16 2 17 30 9 14 15 8 4 16 6 14 24 11 11 6 3 3 31 7 12 3 9 9.25570237641795579 7 6 10 19 6 6 32 8 16 6 8 16 20 7 16 26 9 12 30 9 3 19 2 13 25 5 4.94126535182462057 31 9.82524131762891173 18.0446798205375671 192.706052444287764 
16 28 2 15 3 8 9 19 12 3.36768017929769181 30 13 12 5 4 15 32 6 17 28 9 16 2 2.70999124060388841 14 22 2.70999124060388841 6 24 2 3 25 1 2 3 4 10 1 7 4 23 12 11 6 1 12 19 12 9 16 1 1 11 2 13 24 5 14 31 9 21.066091001033783 104.182712982010244 
12 16 11 15 32 5 10 25 8 4 31 2.70999124060388841 1 16.1354543567662532 12 2 24 3 12 23 9 4 30 3 1 22 4 6 12 7 15 1 1 5 20 13 16 8 8 13 32 1 2 6 13 4.94126535182462057 24 2 17 6 7 4 16 7 8 5 11 1 14 9.82524131762891173 19.4302526712417603 167.152887635240546 
8 30 1 4 24 13 14 19 7 4 31 10 13 1 10 4 25 4 16 29 7 14 6 8 4 30 2 13 15 5 1 23 12 8 20 2 3 6 2.70999124060388841 17 26 5 11 32 4 14 24 3 10 18 1 14 14 1 6 12 5 15 6 7 17.6727358102798462 211.662018330826385 
1 15 2 4 30 7 13 30 9 13 15 2.70999124060388841 9.25570237641795579 5 9 12 32 4 15 25 13 3 1 3.84646942076222631 12 32 7 15 22 7 3 28 4 1 24 1 15 25 5 14 9 10 15 22 7 12 32 3 13.2195649013323386 12 9 11 30 2 2 31.8448655754823804 12 17 19 3 17.6054335236549377 234.420213601328186 
16 28 2 15 3 8 2 30 11 4 6 7 12 5 4 11 15 3 10 1 9 16 2 2.70999124060388841 14 22 2.70999124060388841 5 18 11 6 17 13 2 3 4 10 1 7 4 23 12 11 6 1 17 15 4 9 16 1 1 11 2 3 32 9 14 31 9 21.6857370138168335 85.0257956157748964 
16 28 2 15 3 8 2 30 11 18 26 1 12 5 4 11 15 3 10 1 9 16 2 2.70999124060388841 14 22 2.70999124060388841 5 18 11 6 17 13 2 3 4 10 1 7 3.36768017929769181 15 10 11 6 1 4 26 6.96245171630185755 9 16 1 1 11 2 6 30 12 14 31 9 22.4666790366172791 70.6197414600903102 
16 28 2 15 3 8 2 30 11 17 1 2.70999124060388841 12 5 4 11 15 3 10 1 9 16 2 2.70999124060388841 14 22 2.70999124060388841 5 18 11 6 17 13 14 30 1 10 1 7 1 32 4 11 6 1 14 6 11 9 16 1 4 9 4 9 19 7 14 31 9 20.5828329920768738 129.897223190918453 
16 19 4 6 25 11 2 6 6 2 20 9 9 14 2.70999124060388841 15 16.1354543567662532 2 5 32 5 4.94126535182462057 30 3 6 1 10 6 3 8 12 15 4 14 25 13 6 13 9 12 2 1 14 32 8 15 22 8 10 9 4 17 1 5 4 17 12 13 26 2 18.937433660030365 184.585628116945543 
16 28 2 15 3 8 2 30 11 14 12 6 12 5 4 11 15 3 10 1 9 16 2 2.70999124060388841 14 22 2.70999124060388841 5 18 11 6 17 13 2 3 4 10 1 7 4 23 12 11 6 1 14 30 3 9 16 1 1 11 2 16 1 8 14 31 9 21.5332119166851044 97.7854008450780725 
3 24 3 15 3 8 2 30 11 14 16 12 12 5 4 11 15 3 10 1 9 16 2 2.70999124060388841 14 22 2.70999124060388841 5 18 11 14 20 3 2 3 4 10 1 7 4 23 12 11 6 1 16 30 9 9 16 1 1 11 2 6 1 10 14 31 9 20.6887170076370239 104.587878412884905 
16 28 2 15 32 12 2 30 11 18 26 1 12 5 4 11 15 3 10 1 9 16 2 2.70999124060388841 14 22 2.70999124060388841 5 18 11 6 17 13 17 8 8 10 1 7 4 19 1 11 6 1 12 24 2.70999124060388841 9 16 1 1 11 2 2 33 3 14 31 9 23.7115890979766846 59.6358429710270102 
16 28 2 15 3 8 2 30 11 18 26 1 12 5 4 11 15 3 10 1 9 16 2 2.70999124060388841 14 22 2.70999124060388841 5 18 11 6 17 13 17 8 8 10 1 7 4 19 1 11 6 1 3 23 7 6 3 5 1 11 2 2 32 12 14 31 9 23.1541609168052673 64.9602881897099422 
16 28 2 15 3 8 2 30 11 18 26 1 12 5 4 11 15 3 10 1 9 16 2 2.70999124060388841 14 22 2.70999124060388841 5 18 11 6 17 13 17 8 8 10 1 7 4 19 1 11 6 1 3 4 2 9 16 1 1 20 13 2 33 3 14 31 9 25.8880971074104309 51.8982844073953373 
16 28 2 15 3 8 2 30 11 18 26 1 12 5 4 11 15 3 10 1 9 16 2 2.70999124060388841 14 22 2.70999124060388841 5 18 11 6 17 13 17 8 8 10 1 7 4 19 1 11 6 1 3 4 2 9 16 1 6 12 2.70999124060388841 2 33 3 14 31 9 25.8335661292076111 52.0036208443582879 
16 28 2 15 3 8 2 30 11 18 26 1 12 5 4 11 15 3 10 1 9 16 2 2.70999124060388841 14 22 2.70999124060388841 5 18 11 6 17 13 17 8 8 10 1 7 4 19 1 11 6 1 8 26 9 13 1 3 1 11 2 6 20 4 14 31 9 22.1824949979782104 79.8853522367216868 
16 28 2 15 3 8 2 30 11 18 26 1 12 5 4 11 15 3 10 1 9 16 2 2.70999124060388841 14 22 2.70999124060388841 5 18 11 6 17 13 17 8 8 10 1 7 18 24 10 11 6 1 12 2 2 9 16 1 1 11 2 6 32 13 14 31 9 23.7911040186882019 55.646747243772424 
16 28 2 15 3 8 2 30 11 18 26 1 12 5 4 11 15 3 10 1 9 16 2 2.70999124060388841 14 22 2.70999124060388841 5 18 11 6 17 13 14 3 9 10 1 7 4 19 1 11 6 1 3.36768017929769181 30 3 9 16 1 1 11 2 6 1 10 14 31 9 22.3050611615180969 75.5747636421549487 
16 28 2 15 3 8 2 30 11 18 26 1 12 5 4 11 15 3 10 1 9 16 2 2.70999124060388841 14 22 2.70999124060388841 5 18 11 6 17 13 17 8 8 10 1 7 4 19 1 11 6 1 3 24 9 9 16 1 1 11 2 2 5 2.70999124060388841 14 31 9 23.2557209730148315 62.7932251766330793 
16 28 2 15 3 8 2 30 11 18 26 1 12 5 4 11 15 3 10 1 9 16 2 2.70999124060388841 14 22 2.70999124060388841 5 18 11 6 17 13 17 8 8 10 1 7 4 19 1 11 6 1 3 24 2 9 16 1 1 11 2 2 33 3 14 31 9 23.9872210621833801 52.7544956280566382 
16 28 2 15 3 8 2 30 11 3 31 9 12 5 4 11 15 3 10 1 9 16 2 2.70999124060388841 14 22 2.70999124060388841 13 6 8 6 17 13 17 8 8 10 1 7 4 19 1 11 6 1 6 2 5 3.36768017929769181 24 4 1 11 2 2 33 3 14 31 9 21.5993050336837769 97.2733524645289549 
16 28 2 15 3 8 2 30 11 18 26 1 12 5 4 9 24 1 10 1 9 16 2 2.70999124060388841 14 22 2.70999124060388841 5 18 11 6 17 13 17 8 8 10 1 7 4 19 1 11 6 1 3 26 4 9 16 1 1 11 2 2 33 3 14 31 9 23.5307630896568298 61.1536069606391024 
16 28 2 15 3 8 2 30 11 18 26 1 12 5 4 11 15 3 10 1 9 16 2 2.70999124060388841 14 22 2.70999124060388841 5 18 11 6 17 13 17 8 8 10 1 7 4 19 1 11 6 1 3 4 2 9 16 1 1 32 12 2 33 3 14 31 9 25.9041621088981628 50.9834421764310335 
16 28 2 15 3 8 2 30 11 18 26 1 12 5 4 11 15 3 10 1 9 16 2 2.70999124060388841 14 22 2.70999124060388841 5 18 11 6 17 13 17 8 8 10 1 7 4 19 1 11 6 1 13 24 6 9 16 1 1 11 2 15 18 5 14 31 9 23.0916340947151184 66.3256607410709336 
16 28 2 15 3 8 2 30 11 18 26 1 12 5 4 13 31 4 10 1 9 16 2 2.70999124060388841 14 22 2.70999124060388841 5 18 11 6 17 13 17 8 8 10 1 7 4 19 1 11 6 1 14 32 12 9 16 1 1 11 2 6 22 4 14 31 9 22.1376999616622925 80.7323826139211747 
16 28 2 15 3 8 2 30 11 18 26 1 12 5 4 4 24 4 10 1 9 16 2 2.70999124060388841 14 22 2.70999124060388841 5 18 11 6 17 13 17 8 8 10 1 7 4 19 1 11 6 1 12 24 4 9 16 1 1 11 2 2 33 3 14 31 9 23.0734201073646545 66.3813696697224458 
16 28 2 15 3 8 2 30 11 18 26 1 12 5 4 11 15 3 10 1 9 16 2 2.70999124060388841 14 22 2.70999124060388841 5 18 11 6 17 13 17 8 8 10 1 7 4 19 1 11 6 1 14 24 2 9 16 1 1 11 2 2 33 3 14 31 9 23.6808710694313049 60.7519888451244086 
16 28 2 15 3 8 2 30 11 18 26 1 12 5 4 11 15 3 10 1 9 16 2 2.70999124060388841 14 22 2.70999124060388841 5 18 11 6 17 13 17 8 8 10 1 7 4 19 1 11 6 1 3 4 2 9 16 1 1 11 2 2 33 3 14 31 9 26.2504081130027771 50.1651108165188333 
16 28 2 15 3 8 2 30 11 3.36768017929769181 26 7 12 5 4 9 25 5 10 1 9 16 2 2.70999124060388841 14 22 2.70999124060388841 5 18 11 6 17 13 17 8 8 10 1 7 4 19 1 11 6 1 13 24 7 9 16 1 1 11 2 2 33 3 14 31 9 22.2498878836631775 79.8148605970498295 
16 28 2 15 3 8 2 30 11 18 26 1 12 5 4 11 15 3 10 1 9 16 2 2.70999124060388841 14 22 2.70999124060388841 5 18 11 6 17 13 15 25 12 10 1 7 4 19 1 11 6 1 17 30 2.70999124060388841 9 16 1 1 11 2 2 20 3 14 31 9 22.6172280311584473 66.9237612790685432 
16 28 2 15 3 8 2 30 11 14 20 12 12 5 4 11 15 3 10 1 9 16 2 2.70999124060388841 14 22 2.70999124060388841 5 18 11 6 17 13 2 32 13 10 1 7 4 19 1 11 6 1 14 15 4 9 16 1 1 11 2 2 33 3 14 31 9 22.1222879886627197 84.7090977143164139 

Current Evaluation = 50000000(50000000)
Front Size = 33
3.36768017929769181 25 13 6 32 4 2 16 2 17 30 9 14 15 8 4 16 6 14 24 11 11 6 3 3 31 7 12 3 9 9.25570237641795579 7 6 10 19 6 6 32 8 16 6 8 16 20 7 16 26 9 12 30 9 3 19 2 13 25 5 4.94126535182462057 31 9.82524131762891173 18.0446798205375671 192.706052444287764 
16 28 2 15 3 8 9 19 12 3.36768017929769181 30 13 12 5 4 15 32 6 17 28 9 16 2 2.70999124060388841 14 22 2.70999124060388841 6 24 2 3 25 1 2 3 4 10 1 7 4 23 12 11 6 1 12 19 12 9 16 1 1 11 2 13 24 5 14 31 9 21.066091001033783 104.182712982010244 
12 16 11 15 32 5 10 25 8 4 31 2.70999124060388841 1 16.1354543567662532 12 2 24 3 12 23 9 4 30 3 1 22 4 6 12 7 15 1 1 5 20 13 16 8 8 13 32 1 2 6 13 4.94126535182462057 24 2 17 6 7 4 16 7 8 5 11 1 14 9.82524131762891173 19.4302526712417603 167.152887635240546 
8 30 1 4 24 13 14 19 7 4 31 10 13 1 10 4 25 4 16 29 7 14 6 8 4 30 2 13 15 5 1 23 12 8 20 2 3 6 2.70999124060388841 17 26 5 11 32 4 14 24 3 10 18 1 14 14 1 6 12 5 15 6 7 17.6727358102798462 211.662018330826385 
1 15 2 4 30 7 13 30 9 13 15 2.70999124060388841 9.25570237641795579 5 9 12 32 4 15 25 13 3 1 3.84646942076222631 12 32 7 15 22 7 3 28 4 1 24 1 15 25 5 14 9 10 15 22 7 12 32 3 13.2195649013323386 12 9 11 30 2 2 31.8448655754823804 12 17 19 3 17.6054335236549377 234.420213601328186 
16 28 2 15 3 8 2 30 11 4 6 7 12 5 4 11 15 3 10 1 9 16 2 2.70999124060388841 14 22 2.70999124060388841 5 18 11 6 17 13 2 3 4 10 1 7 4 23 12 11 6 1 17 15 4 9 16 1 1 11 2 3 32 9 14 31 9 21.6857370138168335 85.0257956157748964 
16 28 2 15 3 8 2 30 11 18 26 1 12 5 4 11 15 3 10 1 9 16 2 2.70999124060388841 14 22 2.70999124060388841 5 18 11 6 17 13 2 3 4 10 1 7 3.36768017929769181 15 10 11 6 1 4 26 6.96245171630185755 9 16 1 1 11 2 6 30 12 14 31 9 22.4666790366172791 70.6197414600903102 
16 28 2 15 3 8 2 30 11 17 1 2.70999124060388841 12 5 4 11 15 3 10 1 9 16 2 2.70999124060388841 14 22 2.70999124060388841 5 18 11 6 17 13 14 30 1 10 1 7 1 32 4 11 6 1 14 6 11 9 16 1 4 9 4 9 19 7 14 31 9 20.5828329920768738 129.897223190918453 
16 19 4 6 25 11 2 6 6 2 20 9 9 14 2.70999124060388841 15 16.1354543567662532 2 5 32 5 4.94126535182462057 30 3 6 1 10 6 3 8 12 15 4 14 25 13 6 13 9 12 2 1 14 32 8 15 22 8 10 9 4 17 1 5 4 17 12 13 26 2 18.937433660030365 184.585628116945543 
16 28 2 15 3 8 2 30 11 14 12 6 12 5 4 11 15 3 10 1 9 16 2 2.70999124060388841 14 22 2.70999124060388841 5 18 11 6 17 13 2 3 4 10 1 7 4 23 12 11 6 1 14 30 3 9 16 1 1 11 2 16 1 8 14 31 9 21.5332119166851044 97.7854008450780725 
3 24 3 15 3 8 2 30 11 14 16 12 12 5 4 11 15 3 10 1 9 16 2 2.70999124060388841 14 22 2.70999124060388841 5 18 11 14 20 3 2 3 4 10 1 7 4 23 12 11 6 1 16 30 9 9 16 1 1 11 2 6 1 10 14 31 9 20.6887170076370239 104.587878412884905 
16 28 2 15 3 8 2 30 11 18 26 1 12 5 4 11 15 3 10 1 9 16 2 2.70999124060388841 14 22 2.70999124060388841 5 18 11 6 17 13 14 3 9 10 1 7 4 19 1 11 6 1 3.36768017929769181 30 3 9 16 1 1 11 2 6 1 10 14 31 9 22.3050611615180969 75.5747636421549487 
16 28 2 15 3 8 2 30 11 18 26 1 12 5 4 11 15 3 10 1 9 16 2 2.70999124060388841 14 22 2.70999124060388841 5 18 11 6 17 13 17 8 8 10 1 7 4 19 1 11 6 1 3 24 9 9 16 1 1 11 2 2 5 2.70999124060388841 14 31 9 23.2557209730148315 62.7932251766330793 
16 28 2 15 3 8 2 30 11 18 26 1 12 5 4 11 15 3 10 1 9 16 2 2.70999124060388841 14 22 2.70999124060388841 5 18 11 6 17 13 17 8 8 10 1 7 4 19 1 11 6 1 3 24 2 9 16 1 1 11 2 2 33 3 14 31 9 23.9872210621833801 52.7544956280566382 
16 28 2 15 3 8 2 30 11 3 31 9 12 5 4 11 15 3 10 1 9 16 2 2.70999124060388841 14 22 2.70999124060388841 13 6 8 6 17 13 17 8 8 10 1 7 4 19 1 11 6 1 6 2 5 3.36768017929769181 24 4 1 11 2 2 33 3 14 31 9 21.5993050336837769 97.2733524645289549 
16 28 2 15 3 8 2 30 11 18 26 1 12 5 4 13 31 4 10 1 9 16 2 2.70999124060388841 14 22 2.70999124060388841 5 18 11 6 17 13 17 8 8 10 1 7 4 19 1 11 6 1 14 32 12 9 16 1 1 11 2 6 22 4 14 31 9 22.1376999616622925 80.7323826139211747 
16 28 2 15 3 8 2 30 11 18 26 1 12 5 4 11 15 3 10 1 9 16 2 2.70999124060388841 14 22 2.70999124060388841 5 18 11 6 17 13 15 25 12 10 1 7 4 19 1 11 6 1 17 30 2.70999124060388841 9 16 1 1 11 2 2 20 3 14 31 9 22.6172280311584473 66.9237612790685432 
16 28 2 15 3 8 2 30 11 14 20 12 12 5 4 11 15 3 10 1 9 16 2 2.70999124060388841 14 22 2.70999124060388841 5 18 11 6 17 13 2 32 13 10 1 7 4 19 1 11 6 1 14 15 4 9 16 1 1 11 2 2 33 3 14 31 9 22.1222879886627197 84.7090977143164139 
6 6 6 14 6 3 1 12 9 12 14 2 16 26 5 16 7 13 3 16 7 9 31 6 6 24 12 10 6 11 1 19 13 16 25 3 15 20 10 3.36768017929769181 31 4 6 22 6.96245171630185755 4 28 3 15 1 5 13 26 2 4 18 2 17 22 8 18.6664617657661438 189.218140682846581 
16 28 2 15 3 8 2 30 11 4 6 2.70999124060388841 12 5 4 11 15 3 10 1 9 13 20 9 14 22 2.70999124060388841 5 18 11 6 17 13 17 8 8 10 1 7 4 19 1 11 6 1 14 23 9 9 16 1 1 11 2 6 12 10 14 31 9 21.4199147820472717 101.24012268449232 
16 28 2 15 3 8 2 30 11 18 26 1 12 5 4 11 15 3 10 1 9 16 2 2.70999124060388841 14 22 2.70999124060388841 5 18 11 6 17 13 17 8 8 10 1 7 4 19 1 11 6 1 13 32 2.70999124060388841 9 16 1 1 11 2 15 32 12 14 31 9 22.9393919706344604 66.8357788029803714 
16 11 11 12 19 2 15 32 12 17 31 10 14 15 12 9 26 10 14 18 3 16 26 5 12 19 12 4 30 4 1 28 9 6 11 4 17 22 11 11 14 8 15 26 2 13 12 12 5 24 3 14 6 7 10 32 4 14 23 12 19.3968157768249512 178.894502719502725 
14 20 5 2 6 6 17 18 13 13 17 2.70999124060388841 2 16.1354543567662532 3 9 30 12 16 31 11 4 24 9 1 2 12 15 5 11 14 15 13 10 1 3.84646942076222631 4 33 2 17 31 3 8 2 7 9 6 12 4 15 3 2 7 7 3 1 10 10 23.4025356524426229 11 20.4706050753593445 163.832600079658903 
16 28 2 15 3 8 2 30 11 9 12 7 12 5 4 11 15 3 10 1 9 16 2 2.70999124060388841 14 22 2.70999124060388841 5 18 11 6 17 13 1 13 12 10 1 7 4 19 1 11 6 1 17 9 9 9 16 1 1 11 2 8 26 8 14 31 9 22.166234016418457 79.4077626213655776 
16 28 2 15 3 8 2 30 11 18 26 1 12 5 4 11 15 3 10 1 9 16 2 2.70999124060388841 14 22 2.70999124060388841 5 18 11 6 17 13 4 3 4 10 1 7 4 19 1 3.36768017929769181 30 9 12 24 7 9 16 1 1 11 2 6 20 2 14 31 9 21.6800832152366638 89.7080833150295547 
16 28 2 15 3 8 2 30 11 18 26 1 12 5 4 3 6 7 10 1 9 16 2 2.70999124060388841 14 22 2.70999124060388841 5 18 11 6 17 13 17 8 8 10 1 7 4 19 1 11 6 1 14 24 6 9 16 1 1 11 2 2 33 3 14 31 9 22.9654040336608887 63.970972403473283 
4 2 13 3 31 1 2 1 11 11 5 5 15 15 7 14 25 4 17 8 11 16 19 4 3 6 5 12 1 3 12 31 7 3.36768017929769181 32 10 14 25 8 15 32 3 6 3 11 15 32 2 6 3 6 12 18 11 17 16 3 18 26 9 19.3081369400024414 183.497044622044598 
16 28 2 15 3 8 2 30 11 18 26 1 12 5 4 11 15 3 10 1 9 16 2 2.70999124060388841 14 22 2.70999124060388841 5 18 11 6 17 13 17 8 8 10 1 7 18 24 4 11 6 1 3 4 2 9 16 1 1 13 12 6 30 13 14 31 9 25.5448980927467346 51.8827182959226221 
16 28 2 15 3 8 2 30 11 18 26 1 12 5 4 11 15 3 10 1 9 16 2 2.70999124060388841 14 22 2.70999124060388841 5 18 11 6 17 13 17 8 8 10 1 7 18 24 4 11 6 1 3 4 2 9 16 1 1 13 12 2 33 11 14 31 9 26.6161131262779236 46.7899562051492737 
16 28 2 15 3 8 2 30 11 18 26 1 12 5 4 11 15 3 10 1 9 16 2 2.70999124060388841 14 22 2.70999124060388841 5 18 11 6 17 13 17 8 8 10 1 7 18 24 4 11 6 1 3 4 2 9 16 1 1 13 12 5 10 13 14 31 9 28.8837301135063171 45.2101073481387132 
16 28 2 15 3 8 2 30 11 18 26 1 12 5 4 11 15 3 10 1 9 16 2 2.70999124060388841 14 22 2.70999124060388841 5 18 11 6 17 13 17 8 8 10 1 7 18 24 4 11 6 1 12 15 2 9 16 1 1 13 12 15 30 2 14 31 9 23.397161066532135 53.238733252127048 
16 28 2 15 3 8 2 30 11 18 26 1 12 5 4 11 15 3 10 1 9 16 2 2.70999124060388841 14 22 2.70999124060388841 5 18 11 6 17 13 17 8 8 10 1 7 18 24 4 11 6 1 3 4 2 9 16 1 1 13 12 15 32 11 14 31 9 25.6968841552734375 47.53515018367046 
16 28 2 15 3 8 2 30 11 18 26 1 12 5 4 11 15 3 10 1 9 16 2 2.70999124060388841 14 22 2.70999124060388841 5 18 11 6 17 13 17 8 8 10 1 7 18 24 4 11 6 1 3 4 2 9 16 1 1 13 12 6 32 11 14 31 9 25.6219801306724548 50.4212058644585497 

Current Evaluation = 60000000(60000000)
Front Size = 34
3.36768017929769181 25 13 6 32 4 2 16 2 17 30 9 14 15 8 4 16 6 14 24 11 11 6 3 3 31 7 12 3 9 9.25570237641795579 7 6 10 19 6 6 32 8 16 6 8 16 20 7 16 26 9 12 30 9 3 19 2 13 25 5 4.94126535182462057 31 9.82524131762891173 18.0446798205375671 192.706052444287764 
16 28 2 15 3 8 9 19 12 3.36768017929769181 30 13 12 5 4 15 32 6 17 28 9 16 2 2.70999124060388841 14 22 2.70999124060388841 6 24 2 3 25 1 2 3 4 10 1 7 4 23 12 11 6 1 12 19 12 9 16 1 1 11 2 13 24 5 14 31 9 21.066091001033783 104.182712982010244 
12 16 11 15 32 5 10 25 8 4 31 2.70999124060388841 1 16.1354543567662532 12 2 24 3 12 23 9 4 30 3 1 22 4 6 12 7 15 1 1 5 20 13 16 8 8 13 32 1 2 6 13 4.94126535182462057 24 2 17 6 7 4 16 7 8 5 11 1 14 9.82524131762891173 19.4302526712417603 167.152887635240546 
8 30 1 4 24 13 14 19 7 4 31 10 13 1 10 4 25 4 16 29 7 14 6 8 4 30 2 13 15 5 1 23 12 8 20 2 3 6 2.70999124060388841 17 26 5 11 32 4 14 24 3 10 18 1 14 14 1 6 12 5 15 6 7 17.6727358102798462 211.662018330826385 
1 15 2 4 30 7 13 30 9 13 15 2.70999124060388841 9.25570237641795579 5 9 12 32 4 15 25 13 3 1 3.84646942076222631 12 32 7 15 22 7 3 28 4 1 24 1 15 25 5 14 9 10 15 22 7 12 32 3 13.2195649013323386 12 9 11 30 2 2 31.8448655754823804 12 17 19 3 17.6054335236549377 234.420213601328186 
16 28 2 15 3 8 2 30 11 4 6 7 12 5 4 11 15 3 10 1 9 16 2 2.70999124060388841 14 22 2.70999124060388841 5 18 11 6 17 13 2 3 4 10 1 7 4 23 12 11 6 1 17 15 4 9 16 1 1 11 2 3 32 9 14 31 9 21.6857370138168335 85.0257956157748964 
16 28 2 15 3 8 2 30 11 18 26 1 12 5 4 11 15 3 10 1 9 16 2 2.70999124060388841 14 22 2.70999124060388841 5 18 11 6 17 13 2 3 4 10 1 7 3.36768017929769181 15 10 11 6 1 4 26 6.96245171630185755 9 16 1 1 11 2 6 30 12 14 31 9 22.4666790366172791 70.6197414600903102 
16 28 2 15 3 8 2 30 11 17 1 2.70999124060388841 12 5 4 11 15 3 10 1 9 16 2 2.70999124060388841 14 22 2.70999124060388841 5 18 11 6 17 13 14 30 1 10 1 7 1 32 4 11 6 1 14 6 11 9 16 1 4 9 4 9 19 7 14 31 9 20.5828329920768738 129.897223190918453 
16 19 4 6 25 11 2 6 6 2 20 9 9 14 2.70999124060388841 15 16.1354543567662532 2 5 32 5 4.94126535182462057 30 3 6 1 10 6 3 8 12 15 4 14 25 13 6 13 9 12 2 1 14 32 8 15 22 8 10 9 4 17 1 5 4 17 12 13 26 2 18.937433660030365 184.585628116945543 
16 28 2 15 3 8 2 30 11 14 12 6 12 5 4 11 15 3 10 1 9 16 2 2.70999124060388841 14 22 2.70999124060388841 5 18 11 6 17 13 2 3 4 10 1 7 4 23 12 11 6 1 14 30 3 9 16 1 1 11 2 16 1 8 14 31 9 21.5332119166851044 97.7854008450780725 
3 24 3 15 3 8 2 30 11 14 16 12 12 5 4 11 15 3 10 1 9 16 2 2.70999124060388841 14 22 2.70999124060388841 5 18 11 14 20 3 2 3 4 10 1 7 4 23 12 11 6 1 16 30 9 9 16 1 1 11 2 6 1 10 14 31 9 20.6887170076370239 104.587878412884905 
16 28 2 15 3 8 2 30 11 18 26 1 12 5 4 11 15 3 10 1 9 16 2 2.70999124060388841 14 22 2.70999124060388841 5 18 11 6 17 13 14 3 9 10 1 7 4 19 1 11 6 1 3.36768017929769181 30 3 9 16 1 1 11 2 6 1 10 14 31 9 22.3050611615180969 75.5747636421549487 
16 28 2 15 3 8 2 30 11 18 26 1 12 5 4 11 15 3 10 1 9 16 2 2.70999124060388841 14 22 2.70999124060388841 5 18 11 6 17 13 17 8 8 10 1 7 4 19 1 11 6 1 3 24 9 9 16 1 1 11 2 2 5 2.70999124060388841 14 31 9 23.2557209730148315 62.7932251766330793 
16 28 2 15 3 8 2 30 11 18 26 1 12 5 4 11 15 3 10 1 9 16 2 2.70999124060388841 14 22 2.70999124060388841 5 18 11 6 17 13 17 8 8 10 1 7 4 19 1 11 6 1 3 24 2 9 16 1 1 11 2 2 33 3 14 31 9 23.9872210621833801 52.7544956280566382 
16 28 2 15 3 8 2 30 11 3 31 9 12 5 4 11 15 3 10 1 9 16 2 2.70999124060388841 14 22 2.70999124060388841 13 6 8 6 17 13 17 8 8 10 1 7 4 19 1 11 6 1 6 2 5 3.36768017929769181 24 4 1 11 2 2 33 3 14 31 9 21.5993050336837769 97.2733524645289549 
16 28 2 15 3 8 2 30 11 18 26 1 12 5 4 11 15 3 10 1 9 16 2 2.70999124060388841 14 22 2.70999124060388841 5 18 11 6 17 13 15 25 12 10 1 7 4 19 1 11 6 1 17 30 2.70999124060388841 9 16 1 1 11 2 2 20 3 14 31 9 22.6172280311584473 66.9237612790685432 
6 6 6 14 6 3 1 12 9 12 14 2 16 26 5 16 7 13 3 16 7 9 31 6 6 24 12 10 6 11 1 19 13 16 25 3 15 20 10 3.36768017929769181 31 4 6 22 6.96245171630185755 4 28 3 15 1 5 13 26 2 4 18 2 17 22 8 18.6664617657661438 189.218140682846581 
16 28 2 15 3 8 2 30 11 18 26 1 12 5 4 11 15 3 10 1 9 16 2 2.70999124060388841 14 22 2.70999124060388841 5 18 11 6 17 13 17 8 8 10 1 7 4 19 1 11 6 1 13 32 2.70999124060388841 9 16 1 1 11 2 15 32 12 14 31 9 22.9393919706344604 66.8357788029803714 
14 20 5 2 6 6 17 18 13 13 17 2.70999124060388841 2 16.1354543567662532 3 9 30 12 16 31 11 4 24 9 1 2 12 15 5 11 14 15 13 10 1 3.84646942076222631 4 33 2 17 31 3 8 2 7 9 6 12 4 15 3 2 7 7 3 1 10 10 23.4025356524426229 11 20.4706050753593445 163.832600079658903 
16 28 2 15 3 8 2 30 11 18 26 1 12 5 4 11 15 3 10 1 9 16 2 2.70999124060388841 14 22 2.70999124060388841 5 18 11 6 17 13 4 3 4 10 1 7 4 19 1 3.36768017929769181 30 9 12 24 7 9 16 1 1 11 2 6 20 2 14 31 9 21.6800832152366638 89.7080833150295547 
16 28 2 15 3 8 2 30 11 18 26 1 12 5 4 3 6 7 10 1 9 16 2 2.70999124060388841 14 22 2.70999124060388841 5 18 11 6 17 13 17 8 8 10 1 7 4 19 1 11 6 1 14 24 6 9 16 1 1 11 2 2 33 3 14 31 9 22.9654040336608887 63.970972403473283 
16 28 2 15 3 8 2 30 11 18 26 1 12 5 4 11 15 3 10 1 9 16 2 2.70999124060388841 14 22 2.70999124060388841 5 18 11 6 17 13 17 8 8 10 1 7 18 24 4 11 6 1 12 15 2 9 16 1 1 13 12 15 30 2 14 31 9 23.397161066532135 53.238733252127048 
16 28 2 15 3 8 2 30 11 18 26 1 12 5 4 11 15 3 10 1 9 16 2 2.70999124060388841 14 22 2.70999124060388841 5 18 11 6 17 13 17 8 8 10 1 7 18 24 4 11 6 1 3 4 2 9 16 1 1 13 12 15 32 11 14 31 9 25.6968841552734375 47.53515018367046 
16 28 2 15 3 8 2 30 11 18 26 1 12 5 4 11 15 3 10 1 9 16 2 2.70999124060388841 14 22 2.70999124060388841 5 18 11 6 17 13 17 8 8 10 1 7 18 24 4 11 6 1 3 4 2 9 16 1 1 13 12 5 10 13 14 31 9 28.8837301135063171 45.1487769823804967 
16 28 2 15 3 8 2 30 11 18 26 1 12 5 4 11 15 3 10 1 9 16 2 2.70999124060388841 14 22 2.70999124060388841 5 18 11 6 17 13 17 8 8 10 1 7 18 24 4 11 6 1 3 4 2 9 16 1 1 13 12 6 32 11 14 31 9 25.6219801306724548 49.0570962725942579 
16 28 2 15 3 8 2 30 11 9 12 7 12 5 4 11 15 3 10 1 9 16 2 2.70999124060388841 14 22 2.70999124060388841 5 18 11 6 17 13 17 8 8 10 1 7 18 24 4 11 6 1 3 26 2.70999124060388841 6 15 9 1 13 12 15 19 7 14 31 9 21.9560658931732178 76.3241071626033545 
16 28 2 15 3 8 2 30 11 18 26 1 12 5 4 11 15 3 10 1 9 16 2 2.70999124060388841 14 22 2.70999124060388841 5 18 11 6 17 13 17 8 8 10 1 7 18 24 4 11 6 1 3 4 2 9 16 1 1 13 12 6 30 13 14 31 9 25.5448980927467346 51.7557147611028938 
16 28 2 15 3 8 2 30 11 18 26 1 12 5 4 3 1 1 10 1 9 16 2 2.70999124060388841 14 22 2.70999124060388841 5 18 11 6 17 13 17 8 8 10 1 7 3 15 4 11 6 1 4 1 4 13 20 9 1 13 12 14 17 5 14 31 9 21.327262818813324 99.9962359310786297 
1 18 5 4 19 7 14 15 6 13 6 10 13 26 10 17 5 10 4 23 4 6 6 7 3 6 3 13 11 10 16 3 2.70999124060388841 15 12 13 14 31 12 14 1 11 15 30 13 3 31 2 13 19 12 17 11 4 14 13 12 8 1 1 17.0605496168136597 247.383990845755534 
16 28 2 15 3 8 2 30 11 18 26 1 12 5 4 11 15 3 10 1 9 16 2 2.70999124060388841 14 22 2.70999124060388841 5 18 11 6 17 13 17 8 8 10 1 7 18 24 4 11 6 1 3 4 2 9 16 1 1 13 12 6 30 2 14 31 9 25.490912139415741 51.8480221443821279 
16 28 2 15 3 8 2 30 11 18 26 1 12 5 4 11 15 3 10 1 9 16 2 2.70999124060388841 14 22 2.70999124060388841 1 32 3 6 17 13 17 8 8 10 1 7 18 24 4 11 6 1 4 26 2.70999124060388841 13 31 10 1 13 12 15 12 4 14 31 9 21.8041041493415833 84.756754630848377 
16 28 2 15 3 8 2 30 11 18 26 1 12 5 4 11 15 3 10 1 9 16 2 2.70999124060388841 14 22 2.70999124060388841 5 18 11 6 17 13 17 8 8 10 1 7 18 24 4 11 6 1 12 15 2 9 16 1 1 13 12 5 10 13 14 31 9 26.7150750756263733 46.3243498530321745 
16 28 2 15 3 8 2 30 11 18 26 1 12 5 4 11 15 3 10 1 9 16 2 2.70999124060388841 14 22 2.70999124060388841 5 18 11 6 17 13 17 8 8 10 1 7 18 24 4 11 6 1 3 4 2 9 16 1 1 13 12 5 32 11 14 31 9 26.2060031294822693 46.4617504590093731 
2 6 2 14 33 7 4 9 2.70999124060388841 14 22 12 9.25570237641795579 20 11 4 12 4 16 29 2 13 32 12 10 15 6 4 3 3 14 15 10 17 1 13 2 16 3.84646942076222631 6 20 6 8 24 10 6 18 10 16 24 13 4 9 2 3 32 1 15 12 9 19.1414446830749512 178.872907647907653 

Current Evaluation = 70000000(70000000)
Front Size = 37
3.36768017929769181 25 13 6 32 4 2 16 2 17 30 9 14 15 8 4 16 6 14 24 11 11 6 3 3 31 7 12 3 9 9.25570237641795579 7 6 10 19 6 6 32 8 16 6 8 16 20 7 16 26 9 12 30 9 3 19 2 13 25 5 4.94126535182462057 31 9.82524131762891173 18.0446798205375671 192.706052444287764 
16 28 2 15 3 8 9 19 12 3.36768017929769181 30 13 12 5 4 15 32 6 17 28 9 16 2 2.70999124060388841 14 22 2.70999124060388841 6 24 2 3 25 1 2 3 4 10 1 7 4 23 12 11 6 1 12 19 12 9 16 1 1 11 2 13 24 5 14 31 9 21.066091001033783 104.182712982010244 
12 16 11 15 32 5 10 25 8 4 31 2.70999124060388841 1 16.1354543567662532 12 2 24 3 12 23 9 4 30 3 1 22 4 6 12 7 15 1 1 5 20 13 16 8 8 13 32 1 2 6 13 4.94126535182462057 24 2 17 6 7 4 16 7 8 5 11 1 14 9.82524131762891173 19.4302526712417603 167.152887635240546 
8 30 1 4 24 13 14 19 7 4 31 10 13 1 10 4 25 4 16 29 7 14 6 8 4 30 2 13 15 5 1 23 12 8 20 2 3 6 2.70999124060388841 17 26 5 11 32 4 14 24 3 10 18 1 14 14 1 6 12 5 15 6 7 17.6727358102798462 211.662018330826385 
1 15 2 4 30 7 13 30 9 13 15 2.70999124060388841 9.25570237641795579 5 9 12 32 4 15 25 13 3 1 3.84646942076222631 12 32 7 15 22 7 3 28 4 1 24 1 15 25 5 14 9 10 15 22 7 12 32 3 13.2195649013323386 12 9 11 30 2 2 31.8448655754823804 12 17 19 3 17.6054335236549377 234.420213601328186 
16 28 2 15 3 8 2 30 11 4 6 7 12 5 4 11 15 3 10 1 9 16 2 2.70999124060388841 14 22 2.70999124060388841 5 18 11 6 17 13 2 3 4 10 1 7 4 23 12 11 6 1 17 15 4 9 16 1 1 11 2 3 32 9 14 31 9 21.6857370138168335 85.0257956157748964 
16 28 2 15 3 8 2 30 11 18 26 1 12 5 4 11 15 3 10 1 9 16 2 2.70999124060388841 14 22 2.70999124060388841 5 18 11 6 17 13 2 3 4 10 1 7 3.36768017929769181 15 10 11 6 1 4 26 6.96245171630185755 9 16 1 1 11 2 6 30 12 14 31 9 22.4666790366172791 70.6197414600903102 
16 28 2 15 3 8 2 30 11 17 1 2.70999124060388841 12 5 4 11 15 3 10 1 9 16 2 2.70999124060388841 14 22 2.70999124060388841 5 18 11 6 17 13 14 30 1 10 1 7 1 32 4 11 6 1 14 6 11 9 16 1 4 9 4 9 19 7 14 31 9 20.5828329920768738 129.897223190918453 
16 19 4 6 25 11 2 6 6 2 20 9 9 14 2.70999124060388841 15 16.1354543567662532 2 5 32 5 4.94126535182462057 30 3 6 1 10 6 3 8 12 15 4 14 25 13 6 13 9 12 2 1 14 32 8 15 22 8 10 9 4 17 1 5 4 17 12 13 26 2 18.937433660030365 184.585628116945543 
16 28 2 15 3 8 2 30 11 14 12 6 12 5 4 11 15 3 10 1 9 16 2 2.70999124060388841 14 22 2.70999124060388841 5 18 11 6 17 13 2 3 4 10 1 7 4 23 12 11 6 1 14 30 3 9 16 1 1 11 2 16 1 8 14 31 9 21.5332119166851044 97.7854008450780725 
3 24 3 15 3 8 2 30 11 14 16 12 12 5 4 11 15 3 10 1 9 16 2 2.70999124060388841 14 22 2.70999124060388841 5 18 11 14 20 3 2 3 4 10 1 7 4 23 12 11 6 1 16 30 9 9 16 1 1 11 2 6 1 10 14 31 9 20.6887170076370239 104.587878412884905 
16 28 2 15 3 8 2 30 11 18 26 1 12 5 4 11 15 3 10 1 9 16 2 2.70999124060388841 14 22 2.70999124060388841 5 18 11 6 17 13 14 3 9 10 1 7 4 19 1 11 6 1 3.36768017929769181 30 3 9 16 1 1 11 2 6 1 10 14 31 9 22.3050611615180969 75.5747636421549487 
16 28 2 15 3 8 2 30 11 18 26 1 12 5 4 11 15 3 10 1 9 16 2 2.70999124060388841 14 22 2.70999124060388841 5 18 11 6 17 13 17 8 8 10 1 7 4 19 1 11 6 1 3 24 9 9 16 1 1 11 2 2 5 2.70999124060388841 14 31 9 23.2557209730148315 62.7932251766330793 
16 28 2 15 3 8 2 30 11 18 26 1 12 5 4 11 15 3 10 1 9 16 2 2.70999124060388841 14 22 2.70999124060388841 5 18 11 6 17 13 17 8 8 10 1 7 4 19 1 11 6 1 3 24 2 9 16 1 1 11 2 2 33 3 14 31 9 23.9872210621833801 52.7544956280566382 
16 28 2 15 3 8 2 30 11 3 31 9 12 5 4 11 15 3 10 1 9 16 2 2.70999124060388841 14 22 2.70999124060388841 13 6 8 6 17 13 17 8 8 10 1 7 4 19 1 11 6 1 6 2 5 3.36768017929769181 24 4 1 11 2 2 33 3 14 31 9 21.5993050336837769 97.2733524645289549 
16 28 2 15 3 8 2 30 11 18 26 1 12 5 4 11 15 3 10 1 9 16 2 2.70999124060388841 14 22 2.70999124060388841 5 18 11 6 17 13 15 25 12 10 1 7 4 19 1 11 6 1 17 30 2.70999124060388841 9 16 1 1 11 2 2 20 3 14 31 9 22.6172280311584473 66.9237612790685432 
6 6 6 14 6 3 1 12 9 12 14 2 16 26 5 16 7 13 3 16 7 9 31 6 6 24 12 10 6 11 1 19 13 16 25 3 15 20 10 3.36768017929769181 31 4 6 22 6.96245171630185755 4 28 3 15 1 5 13 26 2 4 18 2 17 22 8 18.6664617657661438 189.218140682846581 
14 20 5 2 6 6 17 18 13 13 17 2.70999124060388841 2 16.1354543567662532 3 9 30 12 16 31 11 4 24 9 1 2 12 15 5 11 14 15 13 10 1 3.84646942076222631 4 33 2 17 31 3 8 2 7 9 6 12 4 15 3 2 7 7 3 1 10 10 23.4025356524426229 11 20.4706050753593445 163.832600079658903 
16 28 2 15 3 8 2 30 11 18 26 1 12 5 4 11 15 3 10 1 9 16 2 2.70999124060388841 14 22 2.70999124060388841 5 18 11 6 17 13 4 3 4 10 1 7 4 19 1 3.36768017929769181 30 9 12 24 7 9 16 1 1 11 2 6 20 2 14 31 9 21.6800832152366638 89.7080833150295547 
16 28 2 15 3 8 2 30 11 18 26 1 12 5 4 3 6 7 10 1 9 16 2 2.70999124060388841 14 22 2.70999124060388841 5 18 11 6 17 13 17 8 8 10 1 7 4 19 1 11 6 1 14 24 6 9 16 1 1 11 2 2 33 3 14 31 9 22.9654040336608887 63.970972403473283 
16 28 2 15 3 8 2 30 11 18 26 1 12 5 4 11 15 3 10 1 9 16 2 2.70999124060388841 14 22 2.70999124060388841 5 18 11 6 17 13 17 8 8 10 1 7 18 24 4 11 6 1 12 15 2 9 16 1 1 13 12 15 30 2 14 31 9 23.397161066532135 53.238733252127048 
16 28 2 15 3 8 2 30 11 18 26 1 12 5 4 11 15 3 10 1 9 16 2 2.70999124060388841 14 22 2.70999124060388841 5 18 11 6 17 13 17 8 8 10 1 7 18 24 4 11 6 1 3 4 2 9 16 1 1 13 12 15 32 11 14 31 9 25.6968841552734375 47.53515018367046 
16 28 2 15 3 8 2 30 11 18 26 1 12 5 4 11 15 3 10 1 9 16 2 2.70999124060388841 14 22 2.70999124060388841 5 18 11 6 17 13 17 8 8 10 1 7 18 24 4 11 6 1 3 4 2 9 16 1 1 13 12 5 10 13 14 31 9 28.8837301135063171 45.1487769823804967 
16 28 2 15 3 8 2 30 11 18 26 1 12 5 4 11 15 3 10 1 9 16 2 2.70999124060388841 14 22 2.70999124060388841 5 18 11 6 17 13 17 8 8 10 1 7 18 24 4 11 6 1 3 4 2 9 16 1 1 13 12 6 32 11 14 31 9 25.6219801306724548 49.0570962725942579 
16 28 2 15 3 8 2 30 11 9 12 7 12 5 4 11 15 3 10 1 9 16 2 2.70999124060388841 14 22 2.70999124060388841 5 18 11 6 17 13 17 8 8 10 1 7 18 24 4 11 6 1 3 26 2.70999124060388841 6 15 9 1 13 12 15 19 7 14 31 9 21.9560658931732178 76.3241071626033545 
16 28 2 15 3 8 2 30 11 18 26 1 12 5 4 11 15 3 10 1 9 16 2 2.70999124060388841 14 22 2.70999124060388841 5 18 11 6 17 13 17 8 8 10 1 7 18 24 4 11 6 1 3 4 2 9 16 1 1 13 12 6 30 13 14 31 9 25.5448980927467346 51.7557147611028938 
16 28 2 15 3 8 2 30 11 18 26 1 12 5 4 3 1 1 10 1 9 16 2 2.70999124060388841 14 22 2.70999124060388841 5 18 11 6 17 13 17 8 8 10 1 7 3 15 4 11 6 1 4 1 4 13 20 9 1 13 12 14 17 5 14 31 9 21.327262818813324 99.9962359310786297 
1 18 5 4 19 7 14 15 6 13 6 10 13 26 10 17 5 10 4 23 4 6 6 7 3 6 3 13 11 10 16 3 2.70999124060388841 15 12 13 14 31 12 14 1 11 15 30 13 3 31 2 13 19 12 17 11 4 14 13 12 8 1 1 17.0605496168136597 247.383990845755534 
16 28 2 15 3 8 2 30 11 18 26 1 12 5 4 11 15 3 10 1 9 16 2 2.70999124060388841 14 22 2.70999124060388841 5 18 11 6 17 13 17 8 8 10 1 7 18 24 4 11 6 1 3 4 2 9 16 1 1 13 12 6 30 2 14 31 9 25.490912139415741 51.8480221443821279 
16 28 2 15 3 8 2 30 11 18 26 1 12 5 4 11 15 3 10 1 9 16 2 2.70999124060388841 14 22 2.70999124060388841 1 32 3 6 17 13 17 8 8 10 1 7 18 24 4 11 6 1 4 26 2.70999124060388841 13 31 10 1 13 12 15 12 4 14 31 9 21.8041041493415833 84.756754630848377 
16 28 2 15 3 8 2 30 11 18 26 1 12 5 4 11 15 3 10 1 9 16 2 2.70999124060388841 14 22 2.70999124060388841 5 18 11 6 17 13 17 8 8 10 1 7 18 24 4 11 6 1 12 15 2 9 16 1 1 13 12 5 10 13 14 31 9 26.7150750756263733 46.3243498530321745 
16 28 2 15 3 8 2 30 11 18 26 1 12 5 4 11 15 3 10 1 9 16 2 2.70999124060388841 14 22 2.70999124060388841 5 18 11 6 17 13 17 8 8 10 1 7 18 24 4 11 6 1 3 4 2 9 16 1 1 13 12 5 32 11 14 31 9 26.2060031294822693 46.4617504590093731 
2 6 2 14 33 7 4 9 2.70999124060388841 14 22 12 9.25570237641795579 20 11 4 12 4 16 29 2 13 32 12 10 15 6 4 3 3 14 15 10 17 1 13 2 16 3.84646942076222631 6 20 6 8 24 10 6 18 10 16 24 13 4 9 2 3 32 1 15 12 9 19.1414446830749512 178.872907647907653 
16 28 2 15 3 8 2 30 11 18 26 1 12 5 4 4 24 9 10 1 9 16 2 2.70999124060388841 14 22 2.70999124060388841 5 18 11 6 17 13 17 8 8 10 1 7 18 24 4 11 6 1 12 15 2 9 16 1 1 13 12 12 3 7 14 31 9 22.8696550726890564 65.6459389466742493 
16 28 2 15 3 8 2 30 11 18 26 1 12 5 4 11 15 3 10 1 9 16 2 2.70999124060388841 14 22 2.70999124060388841 5 18 11 6 17 13 17 8 8 10 1 7 18 24 4 11 6 1 3 4 2 9 16 1 1 13 12 6 30 8 14 31 9 25.5860981345176697 49.6758385674616036 
16 28 2 15 3 8 2 30 11 18 26 1 12 5 4 11 15 3 10 1 9 16 2 2.70999124060388841 14 22 2.70999124060388841 5 18 11 6 17 13 17 8 8 10 1 7 18 24 4 11 6 1 3.36768017929769181 15 9 9 16 1 1 13 12 6 30 12 14 31 9 23.2755780816078186 61.8000027750027741 
8 31 9 1 7 4 17 1 7 15 6 13 10 16 13 3.36768017929769181 30 6.96245171630185755 4.94126535182462057 15 12 1 32 1 13 15 1 16 24 6 12 22 9 17 6 4 8 31 9 13 1 7 2 15 9 2 31 5 15 17 9.82524131762891173 17.8244721320812971 1 4 14 22 13 9 15 10 18.0311889052391052 204.017743655901597 

Current Evaluation = 80000000(80000000)
Front Size = 40
3.36768017929769181 25 13 6 32 4 2 16 2 17 30 9 14 15 8 4 16 6 14 24 11 11 6 3 3 31 7 12 3 9 9.25570237641795579 7 6 10 19 6 6 32 8 16 6 8 16 20 7 16 26 9 12 30 9 3 19 2 13 25 5 4.94126535182462057 31 9.82524131762891173 18.0446798205375671 192.706052444287764 
16 28 2 15 3 8 9 19 12 3.36768017929769181 30 13 12 5 4 15 32 6 17 28 9 16 2 2.70999124060388841 14 22 2.70999124060388841 6 24 2 3 25 1 2 3 4 10 1 7 4 23 12 11 6 1 12 19 12 9 16 1 1 11 2 13 24 5 14 31 9 21.066091001033783 104.182712982010244 
12 16 11 15 32 5 10 25 8 4 31 2.70999124060388841 1 16.1354543567662532 12 2 24 3 12 23 9 4 30 3 1 22 4 6 12 7 15 1 1 5 20 13 16 8 8 13 32 1 2 6 13 4.94126535182462057 24 2 17 6 7 4 16 7 8 5 11 1 14 9.82524131762891173 19.4302526712417603 167.152887635240546 
8 30 1 4 24 13 14 19 7 4 31 10 13 1 10 4 25 4 16 29 7 14 6 8 4 30 2 13 15 5 1 23 12 8 20 2 3 6 2.70999124060388841 17 26 5 11 32 4 14 24 3 10 18 1 14 14 1 6 12 5 15 6 7 17.6727358102798462 211.662018330826385 
1 15 2 4 30 7 13 30 9 13 15 2.70999124060388841 9.25570237641795579 5 9 12 32 4 15 25 13 3 1 3.84646942076222631 12 32 7 15 22 7 3 28 4 1 24 1 15 25 5 14 9 10 15 22 7 12 32 3 13.2195649013323386 12 9 11 30 2 2 31.8448655754823804 12 17 19 3 17.6054335236549377 234.420213601328186 
16 28 2 15 3 8 2 30 11 4 6 7 12 5 4 11 15 3 10 1 9 16 2 2.70999124060388841 14 22 2.70999124060388841 5 18 11 6 17 13 2 3 4 10 1 7 4 23 12 11 6 1 17 15 4 9 16 1 1 11 2 3 32 9 14 31 9 21.6857370138168335 85.0257956157748964 
16 28 2 15 3 8 2 30 11 18 26 1 12 5 4 11 15 3 10 1 9 16 2 2.70999124060388841 14 22 2.70999124060388841 5 18 11 6 17 13 2 3 4 10 1 7 3.36768017929769181 15 10 11 6 1 4 26 6.96245171630185755 9 16 1 1 11 2 6 30 12 14 31 9 22.4666790366172791 70.6197414600903102 
16 28 2 15 3 8 2 30 11 17 1 2.70999124060388841 12 5 4 11 15 3 10 1 9 16 2 2.70999124060388841 14 22 2.70999124060388841 5 18 11 6 17 13 14 30 1 10 1 7 1 32 4 11 6 1 14 6 11 9 16 1 4 9 4 9 19 7 14 31 9 20.5828329920768738 129.897223190918453 
16 19 4 6 25 11 2 6 6 2 20 9 9 14 2.70999124060388841 15 16.1354543567662532 2 5 32 5 4.94126535182462057 30 3 6 1 10 6 3 8 12 15 4 14 25 13 6 13 9 12 2 1 14 32 8 15 22 8 10 9 4 17 1 5 4 17 12 13 26 2 18.937433660030365 184.585628116945543 
16 28 2 15 3 8 2 30 11 14 12 6 12 5 4 11 15 3 10 1 9 16 2 2.70999124060388841 14 22 2.70999124060388841 5 18 11 6 17 13 2 3 4 10 1 7 4 23 12 11 6 1 14 30 3 9 16 1 1 11 2 16 1 8 14 31 9 21.5332119166851044 97.7854008450780725 
3 24 3 15 3 8 2 30 11 14 16 12 12 5 4 11 15 3 10 1 9 16 2 2.70999124060388841 14 22 2.70999124060388841 5 18 11 14 20 3 2 3 4 10 1 7 4 23 12 11 6 1 16 30 9 9 16 1 1 11 2 6 1 10 14 31 9 20.6887170076370239 104.587878412884905 
16 28 2 15 3 8 2 30 11 18 26 1 12 5 4 11 15 3 10 1 9 16 2 2.70999124060388841 14 22 2.70999124060388841 5 18 11 6 17 13 14 3 9 10 1 7 4 19 1 11 6 1 3.36768017929769181 30 3 9 16 1 1 11 2 6 1 10 14 31 9 22.3050611615180969 75.5747636421549487 
16 28 2 15 3 8 2 30 11 18 26 1 12 5 4 11 15 3 10 1 9 16 2 2.70999124060388841 14 22 2.70999124060388841 5 18 11 6 17 13 17 8 8 10 1 7 4 19 1 11 6 1 3 24 9 9 16 1 1 11 2 2 5 2.70999124060388841 14 31 9 23.2557209730148315 62.7932251766330793 
16 28 2 15 3 8 2 30 11 18 26 1 12 5 4 11 15 3 10 1 9 16 2 2.70999124060388841 14 22 2.70999124060388841 5 18 11 6 17 13 17 8 8 10 1 7 4 19 1 11 6 1 3 24 2 9 16 1 1 11 2 2 33 3 14 31 9 23.9872210621833801 52.7544956280566382 
16 28 2 15 3 8 2 30 11 3 31 9 12 5 4 11 15 3 10 1 9 16 2 2.70999124060388841 14 22 2.70999124060388841 13 6 8 6 17 13 17 8 8 10 1 7 4 19 1 11 6 1 6 2 5 3.36768017929769181 24 4 1 11 2 2 33 3 14 31 9 21.5993050336837769 97.2733524645289549 
16 28 2 15 3 8 2 30 11 18 26 1 12 5 4 11 15 3 10 1 9 16 2 2.70999124060388841 14 22 2.70999124060388841 5 18 11 6 17 13 15 25 12 10 1 7 4 19 1 11 6 1 17 30 2.70999124060388841 9 16 1 1 11 2 2 20 3 14 31 9 22.6172280311584473 66.9237612790685432 
6 6 6 14 6 3 1 12 9 12 14 2 16 26 5 16 7 13 3 16 7 9 31 6 6 24 12 10 6 11 1 19 13 16 25 3 15 20 10 3.36768017929769181 31 4 6 22 6.96245171630185755 4 28 3 15 1 5 13 26 2 4 18 2 17 22 8 18.6664617657661438 189.218140682846581 
14 20 5 2 6 6 17 18 13 13 17 2.70999124060388841 2 16.1354543567662532 3 9 30 12 16 31 11 4 24 9 1 2 12 15 5 11 14 15 13 10 1 3.84646942076222631 4 33 2 17 31 3 8 2 7 9 6 12 4 15 3 2 7 7 3 1 10 10 23.4025356524426229 11 20.4706050753593445 163.832600079658903 
16 28 2 15 3 8 2 30 11 18 26 1 12 5 4 11 15 3 10 1 9 16 2 2.70999124060388841 14 22 2.70999124060388841 5 18 11 6 17 13 4 3 4 10 1 7 4 19 1 3.36768017929769181 30 9 12 24 7 9 16 1 1 11 2 6 20 2 14 31 9 21.6800832152366638 89.7080833150295547 
16 28 2 15 3 8 2 30 11 18 26 1 12 5 4 3 6 7 10 1 9 16 2 2.70999124060388841 14 22 2.70999124060388841 5 18 11 6 17 13 17 8 8 10 1 7 4 19 1 11 6 1 14 24 6 9 16 1 1 11 2 2 33 3 14 31 9 22.9654040336608887 63.970972403473283 
16 28 2 15 3 8 2 30 11 18 26 1 12 5 4 11 15 3 10 1 9 16 2 2.70999124060388841 14 22 2.70999124060388841 5 18 11 6 17 13 17 8 8 10 1 7 18 24 4 11 6 1 12 15 2 9 16 1 1 13 12 15 30 2 14 31 9 23.397161066532135 53.238733252127048 
16 28 2 15 3 8 2 30 11 18 26 1 12 5 4 11 15 3 10 1 9 16 2 2.70999124060388841 14 22 2.70999124060388841 5 18 11 6 17 13 17 8 8 10 1 7 18 24 4 11 6 1 3 4 2 9 16 1 1 13 12 15 32 11 14 31 9 25.6968841552734375 47.53515018367046 
16 28 2 15 3 8 2 30 11 9 12 7 12 5 4 11 15 3 10 1 9 16 2 2.70999124060388841 14 22 2.70999124060388841 5 18 11 6 17 13 17 8 8 10 1 7 18 24 4 11 6 1 3 26 2.70999124060388841 6 15 9 1 13 12 15 19 7 14 31 9 21.9560658931732178 76.3241071626033545 
16 28 2 15 3 8 2 30 11 18 26 1 12 5 4 11 15 3 10 1 9 16 2 2.70999124060388841 14 22 2.70999124060388841 5 18 11 6 17 13 17 8 8 10 1 7 18 24 4 11 6 1 3 4 2 9 16 1 1 13 12 6 30 13 14 31 9 25.5448980927467346 51.7557147611028938 
16 28 2 15 3 8 2 30 11 18 26 1 12 5 4 3 1 1 10 1 9 16 2 2.70999124060388841 14 22 2.70999124060388841 5 18 11 6 17 13 17 8 8 10 1 7 3 15 4 11 6 1 4 1 4 13 20 9 1 13 12 14 17 5 14 31 9 21.327262818813324 99.9962359310786297 
1 18 5 4 19 7 14 15 6 13 6 10 13 26 10 17 5 10 4 23 4 6 6 7 3 6 3 13 11 10 16 3 2.70999124060388841 15 12 13 14 31 12 14 1 11 15 30 13 3 31 2 13 19 12 17 11 4 14 13 12 8 1 1 17.0605496168136597 247.383990845755534 
16 28 2 15 3 8 2 30 11 18 26 1 12 5 4 11 15 3 10 1 9 16 2 2.70999124060388841 14 22 2.70999124060388841 5 18 11 6 17 13 17 8 8 10 1 7 18 24 4 11 6 1 3 4 2 9 16 1 1 13 12 6 30 2 14 31 9 25.490912139415741 51.8480221443821279 
16 28 2 15 3 8 2 30 11 18 26 1 12 5 4 11 15 3 10 1 9 16 2 2.70999124060388841 14 22 2.70999124060388841 1 32 3 6 17 13 17 8 8 10 1 7 18 24 4 11 6 1 4 26 2.70999124060388841 13 31 10 1 13 12 15 12 4 14 31 9 21.8041041493415833 84.756754630848377 
16 28 2 15 3 8 2 30 11 18 26 1 12 5 4 11 15 3 10 1 9 16 2 2.70999124060388841 14 22 2.70999124060388841 5 18 11 6 17 13 17 8 8 10 1 7 18 24 4 11 6 1 12 15 2 9 16 1 1 13 12 5 10 13 14 31 9 26.7150750756263733 46.3243498530321745 
16 28 2 15 3 8 2 30 11 18 26 1 12 5 4 11 15 3 10 1 9 16 2 2.70999124060388841 14 22 2.70999124060388841 5 18 11 6 17 13 17 8 8 10 1 7 18 24 4 11 6 1 3 4 2 9 16 1 1 13 12 5 32 11 14 31 9 26.2060031294822693 46.4617504590093731 
2 6 2 14 33 7 4 9 2.70999124060388841 14 22 12 9.25570237641795579 20 11 4 12 4 16 29 2 13 32 12 10 15 6 4 3 3 14 15 10 17 1 13 2 16 3.84646942076222631 6 20 6 8 24 10 6 18 10 16 24 13 4 9 2 3 32 1 15 12 9 19.1414446830749512 178.872907647907653 
16 28 2 15 3 8 2 30 11 18 26 1 12 5 4 4 24 9 10 1 9 16 2 2.70999124060388841 14 22 2.70999124060388841 5 18 11 6 17 13 17 8 8 10 1 7 18 24 4 11 6 1 12 15 2 9 16 1 1 13 12 12 3 7 14 31 9 22.8696550726890564 65.6459389466742493 
16 28 2 15 3 8 2 30 11 18 26 1 12 5 4 11 15 3 10 1 9 16 2 2.70999124060388841 14 22 2.70999124060388841 5 18 11 6 17 13 17 8 8 10 1 7 18 24 4 11 6 1 3 4 2 9 16 1 1 13 12 6 30 8 14 31 9 25.5860981345176697 49.6758385674616036 
16 28 2 15 3 8 2 30 11 18 26 1 12 5 4 11 15 3 10 1 9 16 2 2.70999124060388841 14 22 2.70999124060388841 5 18 11 6 17 13 17 8 8 10 1 7 18 24 4 11 6 1 3.36768017929769181 15 9 9 16 1 1 13 12 6 30 12 14 31 9 23.2755780816078186 61.8000027750027741 
8 31 9 1 7 4 17 1 7 15 6 13 10 16 13 3.36768017929769181 30 6.96245171630185755 4.94126535182462057 15 12 1 32 1 13 15 1 16 24 6 12 22 9 17 6 4 8 31 9 13 1 7 2 15 9 2 31 5 15 17 9.82524131762891173 17.8244721320812971 1 4 14 22 13 9 15 10 18.0311889052391052 204.017743655901597 
16 28 2 15 3 8 2 30 11 18 26 1 12 5 4 11 15 3 10 1 9 16 2 2.70999124060388841 14 22 2.70999124060388841 5 18 11 6 17 13 17 8 8 10 1 7 18 24 4 11 6 1 3 4 2 9 16 1 1 13 12 6 32 10 14 31 9 25.5763800740242004 51.3340343209154284 
16 28 2 15 3 8 2 30 11 18 26 1 12 5 4 11 15 3 10 1 9 16 2 2.70999124060388841 14 22 2.70999124060388841 5 18 11 6 17 13 17 8 8 10 1 7 18 24 4 11 6 1 3 4 2 9 16 1 1 13 12 5 10 13 14 31 9 28.8837301135063171 44.7606152327420261 
16 28 2 15 3 8 2 30 11 18 26 1 12 5 4 11 15 3 10 1 9 16 2 2.70999124060388841 14 22 2.70999124060388841 5 18 11 6 17 13 17 8 8 10 1 7 18 24 4 11 6 1 3 4 2 9 16 1 1 13 12 6 30 4 14 31 9 25.411898136138916 52.1145736253449812 
16 28 2 15 3 8 2 30 11 18 26 1 12 5 4 11 15 3 10 1 9 16 2 2.70999124060388841 14 22 2.70999124060388841 5 18 11 6 17 13 17 8 8 10 1 7 18 24 4 11 6 1 3 4 2 9 16 1 1 13 12 6 32 2 14 31 9 25.5813941359519958 51.2616124685813901 
16 28 2 15 3 8 2 30 11 18 26 1 12 5 4 11 15 3 10 1 9 16 2 2.70999124060388841 14 22 2.70999124060388841 5 18 11 6 17 13 17 8 8 10 1 7 18 24 4 11 6 1 3 4 2 9 16 1 1 13 12 6 32 11 14 31 9 25.6219801306724548 48.1586406494156023 

Current Evaluation = 90000000(90000000)
Front Size = 45
3.36768017929769181 25 13 6 32 4 2 16 2 17 30 9 14 15 8 4 16 6 14 24 11 11 6 3 3 31 7 12 3 9 9.25570237641795579 7 6 10 19 6 6 32 8 16 6 8 16 20 7 16 26 9 12 30 9 3 19 2 13 25 5 4.94126535182462057 31 9.82524131762891173 18.0446798205375671 192.706052444287764 
16 28 2 15 3 8 9 19 12 3.36768017929769181 30 13 12 5 4 15 32 6 17 28 9 16 2 2.70999124060388841 14 22 2.70999124060388841 6 24 2 3 25 1 2 3 4 10 1 7 4 23 12 11 6 1 12 19 12 9 16 1 1 11 2 13 24 5 14 31 9 21.066091001033783 104.182712982010244 
12 16 11 15 32 5 10 25 8 4 31 2.70999124060388841 1 16.1354543567662532 12 2 24 3 12 23 9 4 30 3 1 22 4 6 12 7 15 1 1 5 20 13 16 8 8 13 32 1 2 6 13 4.94126535182462057 24 2 17 6 7 4 16 7 8 5 11 1 14 9.82524131762891173 19.4302526712417603 167.152887635240546 
8 30 1 4 24 13 14 19 7 4 31 10 13 1 10 4 25 4 16 29 7 14 6 8 4 30 2 13 15 5 1 23 12 8 20 2 3 6 2.70999124060388841 17 26 5 11 32 4 14 24 3 10 18 1 14 14 1 6 12 5 15 6 7 17.6727358102798462 211.662018330826385 
1 15 2 4 30 7 13 30 9 13 15 2.70999124060388841 9.25570237641795579 5 9 12 32 4 15 25 13 3 1 3.84646942076222631 12 32 7 15 22 7 3 28 4 1 24 1 15 25 5 14 9 10 15 22 7 12 32 3 13.2195649013323386 12 9 11 30 2 2 31.8448655754823804 12 17 19 3 17.6054335236549377 234.420213601328186 
16 28 2 15 3 8 2 30 11 4 6 7 12 5 4 11 15 3 10 1 9 16 2 2.70999124060388841 14 22 2.70999124060388841 5 18 11 6 17 13 2 3 4 10 1 7 4 23 12 11 6 1 17 15 4 9 16 1 1 11 2 3 32 9 14 31 9 21.6857370138168335 85.0257956157748964 
16 28 2 15 3 8 2 30 11 18 26 1 12 5 4 11 15 3 10 1 9 16 2 2.70999124060388841 14 22 2.70999124060388841 5 18 11 6 17 13 2 3 4 10 1 7 3.36768017929769181 15 10 11 6 1 4 26 6.96245171630185755 9 16 1 1 11 2 6 30 12 14 31 9 22.4666790366172791 70.6197414600903102 
16 28 2 15 3 8 2 30 11 17 1 2.70999124060388841 12 5 4 11 15 3 10 1 9 16 2 2.70999124060388841 14 22 2.70999124060388841 5 18 11 6 17 13 14 30 1 10 1 7 1 32 4 11 6 1 14 6 11 9 16 1 4 9 4 9 19 7 14 31 9 20.5828329920768738 129.897223190918453 
16 19 4 6 25 11 2 6 6 2 20 9 9 14 2.70999124060388841 15 16.1354543567662532 2 5 32 5 4.94126535182462057 30 3 6 1 10 6 3 8 12 15 4 14 25 13 6 13 9 12 2 1 14 32 8 15 22 8 10 9 4 17 1 5 4 17 12 13 26 2 18.937433660030365 184.585628116945543 
16 28 2 15 3 8 2 30 11 14 12 6 12 5 4 11 15 3 10 1 9 16 2 2.70999124060388841 14 22 2.70999124060388841 5 18 11 6 17 13 2 3 4 10 1 7 4 23 12 11 6 1 14 30 3 9 16 1 1 11 2 16 1 8 14 31 9 21.5332119166851044 97.7854008450780725 
3 24 3 15 3 8 2 30 11 14 16 12 12 5 4 11 15 3 10 1 9 16 2 2.70999124060388841 14 22 2.70999124060388841 5 18 11 14 20 3 2 3 4 10 1 7 4 23 12 11 6 1 16 30 9 9 16 1 1 11 2 6 1 10 14 31 9 20.6887170076370239 104.587878412884905 
16 28 2 15 3 8 2 30 11 18 26 1 12 5 4 11 15 3 10 1 9 16 2 2.70999124060388841 14 22 2.70999124060388841 5 18 11 6 17 13 14 3 9 10 1 7 4 19 1 11 6 1 3.36768017929769181 30 3 9 16 1 1 11 2 6 1 10 14 31 9 22.3050611615180969 75.5747636421549487 
16 28 2 15 3 8 2 30 11 18 26 1 12 5 4 11 15 3 10 1 9 16 2 2.70999124060388841 14 22 2.70999124060388841 5 18 11 6 17 13 17 8 8 10 1 7 4 19 1 11 6 1 3 24 9 9 16 1 1 11 2 2 5 2.70999124060388841 14 31 9 23.2557209730148315 62.7932251766330793 
16 28 2 15 3 8 2 30 11 18 26 1 12 5 4 11 15 3 10 1 9 16 2 2.70999124060388841 14 22 2.70999124060388841 5 18 11 6 17 13 17 8 8 10 1 7 4 19 1 11 6 1 3 24 2 9 16 1 1 11 2 2 33 3 14 31 9 23.9872210621833801 52.7544956280566382 
16 28 2 15 3 8 2 30 11 3 31 9 12 5 4 11 15 3 10 1 9 16 2 2.70999124060388841 14 22 2.70999124060388841 13 6 8 6 17 13 17 8 8 10 1 7 4 19 1 11 6 1 6 2 5 3.36768017929769181 24 4 1 11 2 2 33 3 14 31 9 21.5993050336837769 97.2733524645289549 
16 28 2 15 3 8 2 30 11 18 26 1 12 5 4 11 15 3 10 1 9 16 2 2.70999124060388841 14 22 2.70999124060388841 5 18 11 6 17 13 15 25 12 10 1 7 4 19 1 11 6 1 17 30 2.70999124060388841 9 16 1 1 11 2 2 20 3 14 31 9 22.6172280311584473 66.9237612790685432 
6 6 6 14 6 3 1 12 9 12 14 2 16 26 5 16 7 13 3 16 7 9 31 6 6 24 12 10 6 11 1 19 13 16 25 3 15 20 10 3.36768017929769181 31 4 6 22 6.96245171630185755 4 28 3 15 1 5 13 26 2 4 18 2 17 22 8 18.6664617657661438 189.218140682846581 
14 20 5 2 6 6 17 18 13 13 17 2.70999124060388841 2 16.1354543567662532 3 9 30 12 16 31 11 4 24 9 1 2 12 15 5 11 14 15 13 10 1 3.84646942076222631 4 33 2 17 31 3 8 2 7 9 6 12 4 15 3 2 7 7 3 1 10 10 23.4025356524426229 11 20.4706050753593445 163.832600079658903 
16 28 2 15 3 8 2 30 11 18 26 1 12 5 4 11 15 3 10 1 9 16 2 2.70999124060388841 14 22 2.70999124060388841 5 18 11 6 17 13 4 3 4 10 1 7 4 19 1 3.36768017929769181 30 9 12 24 7 9 16 1 1 11 2 6 20 2 14 31 9 21.6800832152366638 89.7080833150295547 
16 28 2 15 3 8 2 30 11 18 26 1 12 5 4 3 6 7 10 1 9 16 2 2.70999124060388841 14 22 2.70999124060388841 5 18 11 6 17 13 17 8 8 10 1 7 4 19 1 11 6 1 14 24 6 9 16 1 1 11 2 2 33 3 14 31 9 22.9654040336608887 63.970972403473283 
16 28 2 15 3 8 2 30 11 18 26 1 12 5 4 11 15 3 10 1 9 16 2 2.70999124060388841 14 22 2.70999124060388841 5 18 11 6 17 13 17 8 8 10 1 7 18 24 4 11 6 1 12 15 2 9 16 1 1 13 12 15 30 2 14 31 9 23.397161066532135 53.238733252127048 
16 28 2 15 3 8 2 30 11 18 26 1 12 5 4 11 15 3 10 1 9 16 2 2.70999124060388841 14 22 2.70999124060388841 5 18 11 6 17 13 17 8 8 10 1 7 18 24 4 11 6 1 3 4 2 9 16 1 1 13 12 15 32 11 14 31 9 25.6968841552734375 47.53515018367046 
16 28 2 15 3 8 2 30 11 9 12 7 12 5 4 11 15 3 10 1 9 16 2 2.70999124060388841 14 22 2.70999124060388841 5 18 11 6 17 13 17 8 8 10 1 7 18 24 4 11 6 1 3 26 2.70999124060388841 6 15 9 1 13 12 15 19 7 14 31 9 21.9560658931732178 76.3241071626033545 
16 28 2 15 3 8 2 30 11 18 26 1 12 5 4 11 15 3 10 1 9 16 2 2.70999124060388841 14 22 2.70999124060388841 5 18 11 6 17 13 17 8 8 10 1 7 18 24 4 11 6 1 3 4 2 9 16 1 1 13 12 6 30 13 14 31 9 25.5448980927467346 51.7557147611028938 
16 28 2 15 3 8 2 30 11 18 26 1 12 5 4 3 1 1 10 1 9 16 2 2.70999124060388841 14 22 2.70999124060388841 5 18 11 6 17 13 17 8 8 10 1 7 3 15 4 11 6 1 4 1 4 13 20 9 1 13 12 14 17 5 14 31 9 21.327262818813324 99.9962359310786297 
1 18 5 4 19 7 14 15 6 13 6 10 13 26 10 17 5 10 4 23 4 6 6 7 3 6 3 13 11 10 16 3 2.70999124060388841 15 12 13 14 31 12 14 1 11 15 30 13 3 31 2 13 19 12 17 11 4 14 13 12 8 1 1 17.0605496168136597 247.383990845755534 
16 28 2 15 3 8 2 30 11 18 26 1 12 5 4 11 15 3 10 1 9 16 2 2.70999124060388841 14 22 2.70999124060388841 5 18 11 6 17 13 17 8 8 10 1 7 18 24 4 11 6 1 3 4 2 9 16 1 1 13 12 6 30 2 14 31 9 25.490912139415741 51.8480221443821279 
16 28 2 15 3 8 2 30 11 18 26 1 12 5 4 11 15 3 10 1 9 16 2 2.70999124060388841 14 22 2.70999124060388841 1 32 3 6 17 13 17 8 8 10 1 7 18 24 4 11 6 1 4 26 2.70999124060388841 13 31 10 1 13 12 15 12 4 14 31 9 21.8041041493415833 84.756754630848377 
16 28 2 15 3 8 2 30 11 18 26 1 12 5 4 11 15 3 10 1 9 16 2 2.70999124060388841 14 22 2.70999124060388841 5 18 11 6 17 13 17 8 8 10 1 7 18 24 4 11 6 1 3 4 2 9 16 1 1 13 12 5 32 11 14 31 9 26.2060031294822693 46.4617504590093731 
2 6 2 14 33 7 4 9 2.70999124060388841 14 22 12 9.25570237641795579 20 11 4 12 4 16 29 2 13 32 12 10 15 6 4 3 3 14 15 10 17 1 13 2 16 3.84646942076222631 6 20 6 8 24 10 6 18 10 16 24 13 4 9 2 3 32 1 15 12 9 19.1414446830749512 178.872907647907653 
16 28 2 15 3 8 2 30 11 18 26 1 12 5 4 4 24 9 10 1 9 16 2 2.70999124060388841 14 22 2.70999124060388841 5 18 11 6 17 13 17 8 8 10 1 7 18 24 4 11 6 1 12 15 2 9 16 1 1 13 12 12 3 7 14 31 9 22.8696550726890564 65.6459389466742493 
16 28 2 15 3 8 2 30 11 18 26 1 12 5 4 11 15 3 10 1 9 16 2 2.70999124060388841 14 22 2.70999124060388841 5 18 11 6 17 13 17 8 8 10 1 7 18 24 4 11 6 1 3 4 2 9 16 1 1 13 12 6 30 8 14 31 9 25.5860981345176697 49.6758385674616036 
16 28 2 15 3 8 2 30 11 18 26 1 12 5 4 11 15 3 10 1 9 16 2 2.70999124060388841 14 22 2.70999124060388841 5 18 11 6 17 13 17 8 8 10 1 7 18 24 4 11 6 1 3.36768017929769181 15 9 9 16 1 1 13 12 6 30 12 14 31 9 23.2755780816078186 61.8000027750027741 
16 28 2 15 3 8 2 30 11 18 26 1 12 5 4 11 15 3 10 1 9 16 2 2.70999124060388841 14 22 2.70999124060388841 5 18 11 6 17 13 17 8 8 10 1 7 18 24 4 11 6 1 3 4 2 9 16 1 1 13 12 6 32 10 14 31 9 25.5763800740242004 51.3340343209154284 
16 28 2 15 3 8 2 30 11 18 26 1 12 5 4 11 15 3 10 1 9 16 2 2.70999124060388841 14 22 2.70999124060388841 5 18 11 6 17 13 17 8 8 10 1 7 18 24 4 11 6 1 3 4 2 9 16 1 1 13 12 5 10 13 14 31 9 28.8837301135063171 44.7606152327420261 
16 28 2 15 3 8 2 30 11 18 26 1 12 5 4 11 15 3 10 1 9 16 2 2.70999124060388841 14 22 2.70999124060388841 5 18 11 6 17 13 17 8 8 10 1 7 18 24 4 11 6 1 3 4 2 9 16 1 1 13 12 6 30 4 14 31 9 25.411898136138916 52.1145736253449812 
16 28 2 15 3 8 2 30 11 18 26 1 12 5 4 11 15 3 10 1 9 16 2 2.70999124060388841 14 22 2.70999124060388841 5 18 11 6 17 13 17 8 8 10 1 7 18 24 4 11 6 1 3 4 2 9 16 1 1 13 12 6 32 2 14 31 9 25.5813941359519958 51.2616124685813901 
16 28 2 15 3 8 2 30 11 18 26 1 12 5 4 11 15 3 10 1 9 16 2 2.70999124060388841 14 22 2.70999124060388841 5 18 11 6 17 13 17 8 8 10 1 7 18 24 4 11 6 1 3 4 2 9 16 1 1 13 12 6 32 11 14 31 9 25.6219801306724548 48.1586406494156023 
16 28 2 15 3 8 2 30 11 18 26 1 12 5 4 11 15 3 4 1 10 16 2 2.70999124060388841 14 22 2.70999124060388841 5 18 11 6 17 13 17 8 8 10 1 7 18 24 4 11 6 1 3 4 2 9 16 1 1 13 12 5 10 13 14 31 9 28.5040250420570374 46.0777346845939704 
16 28 2 15 3 8 2 30 11 18 26 1 12 5 4 11 15 3 10 1 9 16 2 2.70999124060388841 14 22 2.70999124060388841 5 18 11 6 17 13 17 8 8 10 1 7 18 24 4 11 6 1 3 4 2 9 16 1 1 13 12 2 32 8 14 31 9 25.9016460776329041 46.5774959001942648 
17 3 6 3.36768017929769181 23 3 2 12 5 13 26 9 9.25570237641795579 6 13 8 23 6 17 9 1 14 1 9 2 20 12 1 1 9 14 31 7 12 26 2 4.94126535182462057 16 10 16 1 4 8 3 6 13 28 9.82524131762891173 1 32 3 17.8244721320812971 13 6 9 16 7.75241283629571765 1 5 11 19.0473288595676422 181.916019603612824 
16 28 2 15 3 8 2 30 11 18 26 1 12 5 4 11 15 3 10 1 9 16 2 2.70999124060388841 14 22 2.70999124060388841 2 32 12 6 17 13 17 8 8 10 1 7 18 24 4 11 6 1 3 4 2 9 16 1 1 13 12 5 10 13 14 31 9 28.3626471757888794 46.0868142406682324 
12 5 7 14 26 2 1 26 2.70999124060388841 12 11 2 17 31 13 12 30 7 9.25570237641795579 3 2 12 26 13 4 6 6 15 30 4 14 1 9 5 28 9 6 12 11 14 15 4 3 9 11 15 22 6 4.94126535182462057 20 1 1 32 5 2 24 1 17 13 10 17.836988776922226 200.724680668488674 
16 28 2 15 3 8 2 30 11 18 26 1 12 5 4 11 15 3 10 1 9 16 2 2.70999124060388841 14 22 2.70999124060388841 5 18 11 6 17 13 17 8 8 10 1 7 18 24 4 11 6 1 3 4 2 9 16 1 1 13 12 2 33 13 14 31 9 26.6295132040977478 46.2122591662082485 
16 28 2 15 3 8 2 30 11 14 24 11 12 5 4 11 15 3 10 1 9 16 2 2.70999124060388841 14 22 2.70999124060388841 5 18 11 6 17 13 17 8 8 10 1 7 18 24 4 4 28 2 3 26 10 9 16 1 1 13 12 6 3 1 14 31 9 22.3732240200042725 71.7259114880063748 

Current Evaluation = 100000000(100000000)
Front Size = 45
3.36768017929769181 25 13 6 32 4 2 16 2 17 30 9 14 15 8 4 16 6 14 24 11 11 6 3 3 31 7 12 3 9 9.25570237641795579 7 6 10 19 6 6 32 8 16 6 8 16 20 7 16 26 9 12 30 9 3 19 2 13 25 5 4.94126535182462057 31 9.82524131762891173 18.0446798205375671 192.706052444287764 
16 28 2 15 3 8 9 19 12 3.36768017929769181 30 13 12 5 4 15 32 6 17 28 9 16 2 2.70999124060388841 14 22 2.70999124060388841 6 24 2 3 25 1 2 3 4 10 1 7 4 23 12 11 6 1 12 19 12 9 16 1 1 11 2 13 24 5 14 31 9 21.066091001033783 104.182712982010244 
12 16 11 15 32 5 10 25 8 4 31 2.70999124060388841 1 16.1354543567662532 12 2 24 3 12 23 9 4 30 3 1 22 4 6 12 7 15 1 1 5 20 13 16 8 8 13 32 1 2 6 13 4.94126535182462057 24 2 17 6 7 4 16 7 8 5 11 1 14 9.82524131762891173 19.4302526712417603 167.152887635240546 
8 30 1 4 24 13 14 19 7 4 31 10 13 1 10 4 25 4 16 29 7 14 6 8 4 30 2 13 15 5 1 23 12 8 20 2 3 6 2.70999124060388841 17 26 5 11 32 4 14 24 3 10 18 1 14 14 1 6 12 5 15 6 7 17.6727358102798462 211.662018330826385 
16 28 2 15 3 8 2 30 11 4 6 7 12 5 4 11 15 3 10 1 9 16 2 2.70999124060388841 14 22 2.70999124060388841 5 18 11 6 17 13 2 3 4 10 1 7 4 23 12 11 6 1 17 15 4 9 16 1 1 11 2 3 32 9 14 31 9 21.6857370138168335 85.0257956157748964 
16 28 2 15 3 8 2 30 11 18 26 1 12 5 4 11 15 3 10 1 9 16 2 2.70999124060388841 14 22 2.70999124060388841 5 18 11 6 17 13 2 3 4 10 1 7 3.36768017929769181 15 10 11 6 1 4 26 6.96245171630185755 9 16 1 1 11 2 6 30 12 14 31 9 22.4666790366172791 70.6197414600903102 
16 28 2 15 3 8 2 30 11 17 1 2.70999124060388841 12 5 4 11 15 3 10 1 9 16 2 2.70999124060388841 14 22 2.70999124060388841 5 18 11 6 17 13 14 30 1 10 1 7 1 32 4 11 6 1 14 6 11 9 16 1 4 9 4 9 19 7 14 31 9 20.5828329920768738 129.897223190918453 
16 19 4 6 25 11 2 6 6 2 20 9 9 14 2.70999124060388841 15 16.1354543567662532 2 5 32 5 4.94126535182462057 30 3 6 1 10 6 3 8 12 15 4 14 25 13 6 13 9 12 2 1 14 32 8 15 22 8 10 9 4 17 1 5 4 17 12 13 26 2 18.937433660030365 184.585628116945543 
16 28 2 15 3 8 2 30 11 14 12 6 12 5 4 11 15 3 10 1 9 16 2 2.70999124060388841 14 22 2.70999124060388841 5 18 11 6 17 13 2 3 4 10 1 7 4 23 12 11 6 1 14 30 3 9 16 1 1 11 2 16 1 8 14 31 9 21.5332119166851044 97.7854008450780725 
3 24 3 15 3 8 2 30 11 14 16 12 12 5 4 11 15 3 10 1 9 16 2 2.70999124060388841 14 22 2.70999124060388841 5 18 11 14 20 3 2 3 4 10 1 7 4 23 12 11 6 1 16 30 9 9 16 1 1 11 2 6 1 10 14 31 9 20.6887170076370239 104.587878412884905 
16 28 2 15 3 8 2 30 11 18 26 1 12 5 4 11 15 3 10 1 9 16 2 2.70999124060388841 14 22 2.70999124060388841 5 18 11 6 17 13 14 3 9 10 1 7 4 19 1 11 6 1 3.36768017929769181 30 3 9 16 1 1 11 2 6 1 10 14 31 9 22.3050611615180969 75.5747636421549487 
16 28 2 15 3 8 2 30 11 18 26 1 12 5 4 11 15 3 10 1 9 16 2 2.70999124060388841 14 22 2.70999124060388841 5 18 11 6 17 13 17 8 8 10 1 7 4 19 1 11 6 1 3 24 9 9 16 1 1 11 2 2 5 2.70999124060388841 14 31 9 23.2557209730148315 62.7932251766330793 
16 28 2 15 3 8 2 30 11 18 26 1 12 5 4 11 15 3 10 1 9 16 2 2.70999124060388841 14 22 2.70999124060388841 5 18 11 6 17 13 17 8 8 10 1 7 4 19 1 11 6 1 3 24 2 9 16 1 1 11 2 2 33 3 14 31 9 23.9872210621833801 52.7544956280566382 
16 28 2 15 3 8 2 30 11 3 31 9 12 5 4 11 15 3 10 1 9 16 2 2.70999124060388841 14 22 2.70999124060388841 13 6 8 6 17 13 17 8 8 10 1 7 4 19 1 11 6 1 6 2 5 3.36768017929769181 24 4 1 11 2 2 33 3 14 31 9 21.5993050336837769 97.2733524645289549 
16 28 2 15 3 8 2 30 11 18 26 1 12 5 4 11 15 3 10 1 9 16 2 2.70999124060388841 14 22 2.70999124060388841 5 18 11 6 17 13 15 25 12 10 1 7 4 19 1 11 6 1 17 30 2.70999124060388841 9 16 1 1 11 2 2 20 3 14 31 9 22.6172280311584473 66.9237612790685432 
6 6 6 14 6 3 1 12 9 12 14 2 16 26 5 16 7 13 3 16 7 9 31 6 6 24 12 10 6 11 1 19 13 16 25 3 15 20 10 3.36768017929769181 31 4 6 22 6.96245171630185755 4 28 3 15 1 5 13 26 2 4 18 2 17 22 8 18.6664617657661438 189.218140682846581 
14 20 5 2 6 6 17 18 13 13 17 2.70999124060388841 2 16.1354543567662532 3 9 30 12 16 31 11 4 24 9 1 2 12 15 5 11 14 15 13 10 1 3.84646942076222631 4 33 2 17 31 3 8 2 7 9 6 12 4 15 3 2 7 7 3 1 10 10 23.4025356524426229 11 20.4706050753593445 163.832600079658903 
16 28 2 15 3 8 2 30 11 18 26 1 12 5 4 11 15 3 10 1 9 16 2 2.70999124060388841 14 22 2.70999124060388841 5 18 11 6 17 13 4 3 4 10 1 7 4 19 1 3.36768017929769181 30 9 12 24 7 9 16 1 1 11 2 6 20 2 14 31 9 21.6800832152366638 89.7080833150295547 
16 28 2 15 3 8 2 30 11 18 26 1 12 5 4 3 6 7 10 1 9 16 2 2.70999124060388841 14 22 2.70999124060388841 5 18 11 6 17 13 17 8 8 10 1 7 4 19 1 11 6 1 14 24 6 9 16 1 1 11 2 2 33 3 14 31 9 22.9654040336608887 63.970972403473283 
16 28 2 15 3 8 2 30 11 18 26 1 12 5 4 11 15 3 10 1 9 16 2 2.70999124060388841 14 22 2.70999124060388841 5 18 11 6 17 13 17 8 8 10 1 7 18 24 4 11 6 1 12 15 2 9 16 1 1 13 12 15 30 2 14 31 9 23.397161066532135 53.238733252127048 
16 28 2 15 3 8 2 30 11 18 26 1 12 5 4 11 15 3 10 1 9 16 2 2.70999124060388841 14 22 2.70999124060388841 5 18 11 6 17 13 17 8 8 10 1 7 18 24 4 11 6 1 3 4 2 9 16 1 1 13 12 15 32 11 14 31 9 25.6968841552734375 47.53515018367046 
16 28 2 15 3 8 2 30 11 9 12 7 12 5 4 11 15 3 10 1 9 16 2 2.70999124060388841 14 22 2.70999124060388841 5 18 11 6 17 13 17 8 8 10 1 7 18 24 4 11 6 1 3 26 2.70999124060388841 6 15 9 1 13 12 15 19 7 14 31 9 21.9560658931732178 76.3241071626033545 
16 28 2 15 3 8 2 30 11 18 26 1 12 5 4 3 1 1 10 1 9 16 2 2.70999124060388841 14 22 2.70999124060388841 5 18 11 6 17 13 17 8 8 10 1 7 3 15 4 11 6 1 4 1 4 13 20 9 1 13 12 14 17 5 14 31 9 21.327262818813324 99.9962359310786297 
1 18 5 4 19 7 14 15 6 13 6 10 13 26 10 17 5 10 4 23 4 6 6 7 3 6 3 13 11 10 16 3 2.70999124060388841 15 12 13 14 31 12 14 1 11 15 30 13 3 31 2 13 19 12 17 11 4 14 13 12 8 1 1 17.0605496168136597 247.383990845755534 
16 28 2 15 3 8 2 30 11 18 26 1 12 5 4 11 15 3 10 1 9 16 2 2.70999124060388841 14 22 2.70999124060388841 5 18 11 6 17 13 17 8 8 10 1 7 18 24 4 11 6 1 3 4 2 9 16 1 1 13 12 6 30 2 14 31 9 25.490912139415741 51.8480221443821279 
16 28 2 15 3 8 2 30 11 18 26 1 12 5 4 11 15 3 10 1 9 16 2 2.70999124060388841 14 22 2.70999124060388841 1 32 3 6 17 13 17 8 8 10 1 7 18 24 4 11 6 1 4 26 2.70999124060388841 13 31 10 1 13 12 15 12 4 14 31 9 21.8041041493415833 84.756754630848377 
16 28 2 15 3 8 2 30 11 18 26 1 12 5 4 11 15 3 10 1 9 16 2 2.70999124060388841 14 22 2.70999124060388841 5 18 11 6 17 13 17 8 8 10 1 7 18 24 4 11 6 1 3 4 2 9 16 1 1 13 12 5 32 11 14 31 9 26.2060031294822693 46.4617504590093731 
2 6 2 14 33 7 4 9 2.70999124060388841 14 22 12 9.25570237641795579 20 11 4 12 4 16 29 2 13 32 12 10 15 6 4 3 3 14 15 10 17 1 13 2 16 3.84646942076222631 6 20 6 8 24 10 6 18 10 16 24 13 4 9 2 3 32 1 15 12 9 19.1414446830749512 178.872907647907653 
16 28 2 15 3 8 2 30 11 18 26 1 12 5 4 4 24 9 10 1 9 16 2 2.70999124060388841 14 22 2.70999124060388841 5 18 11 6 17 13 17 8 8 10 1 7 18 24 4 11 6 1 12 15 2 9 16 1 1 13 12 12 3 7 14 31 9 22.8696550726890564 65.6459389466742493 
16 28 2 15 3 8 2 30 11 18 26 1 12 5 4 11 15 3 10 1 9 16 2 2.70999124060388841 14 22 2.70999124060388841 5 18 11 6 17 13 17 8 8 10 1 7 18 24 4 11 6 1 3 4 2 9 16 1 1 13 12 6 30 8 14 31 9 25.5860981345176697 49.6758385674616036 
16 28 2 15 3 8 2 30 11 18 26 1 12 5 4 11 15 3 10 1 9 16 2 2.70999124060388841 14 22 2.70999124060388841 5 18 11 6 17 13 17 8 8 10 1 7 18 24 4 11 6 1 3.36768017929769181 15 9 9 16 1 1 13 12 6 30 12 14 31 9 23.2755780816078186 61.8000027750027741 
16 28 2 15 3 8 2 30 11 18 26 1 12 5 4 11 15 3 10 1 9 16 2 2.70999124060388841 14 22 2.70999124060388841 5 18 11 6 17 13 17 8 8 10 1 7 18 24 4 11 6 1 3 4 2 9 16 1 1 13 12 5 10 13 14 31 9 28.8837301135063171 44.7606152327420261 
16 28 2 15 3 8 2 30 11 18 26 1 12 5 4 11 15 3 10 1 9 16 2 2.70999124060388841 14 22 2.70999124060388841 5 18 11 6 17 13 17 8 8 10 1 7 18 24 4 11 6 1 3 4 2 9 16 1 1 13 12 6 30 4 14 31 9 25.411898136138916 52.1145736253449812 
16 28 2 15 3 8 2 30 11 18 26 1 12 5 4 11 15 3 10 1 9 16 2 2.70999124060388841 14 22 2.70999124060388841 5 18 11 6 17 13 17 8 8 10 1 7 18 24 4 11 6 1 3 4 2 9 16 1 1 13 12 6 32 11 14 31 9 25.6219801306724548 48.1586406494156023 
16 28 2 15 3 8 2 30 11 18 26 1 12 5 4 11 15 3 4 1 10 16 2 2.70999124060388841 14 22 2.70999124060388841 5 18 11 6 17 13 17 8 8 10 1 7 18 24 4 11 6 1 3 4 2 9 16 1 1 13 12 5 10 13 14 31 9 28.5040250420570374 46.0777346845939704 
16 28 2 15 3 8 2 30 11 18 26 1 12 5 4 11 15 3 10 1 9 16 2 2.70999124060388841 14 22 2.70999124060388841 5 18 11 6 17 13 17 8 8 10 1 7 18 24 4 11 6 1 3 4 2 9 16 1 1 13 12 2 32 8 14 31 9 25.9016460776329041 46.5774959001942648 
16 28 2 15 3 8 2 30 11 18 26 1 12 5 4 11 15 3 10 1 9 16 2 2.70999124060388841 14 22 2.70999124060388841 2 32 12 6 17 13 17 8 8 10 1 7 18 24 4 11 6 1 3 4 2 9 16 1 1 13 12 5 10 13 14 31 9 28.3626471757888794 46.0868142406682324 
12 5 7 14 26 2 1 26 2.70999124060388841 12 11 2 17 31 13 12 30 7 9.25570237641795579 3 2 12 26 13 4 6 6 15 30 4 14 1 9 5 28 9 6 12 11 14 15 4 3 9 11 15 22 6 4.94126535182462057 20 1 1 32 5 2 24 1 17 13 10 17.836988776922226 200.724680668488674 
16 28 2 15 3 8 2 30 11 18 26 1 12 5 4 11 15 3 10 1 9 16 2 2.70999124060388841 14 22 2.70999124060388841 5 18 11 6 17 13 17 8 8 10 1 7 18 24 4 11 6 1 3 4 2 9 16 1 1 13 12 2 33 13 14 31 9 26.6295132040977478 46.2122591662082485 
16 28 2 15 3 8 2 30 11 14 24 11 12 5 4 11 15 3 10 1 9 16 2 2.70999124060388841 14 22 2.70999124060388841 5 18 11 6 17 13 17 8 8 10 1 7 18 24 4 4 28 2 3 26 10 9 16 1 1 13 12 6 3 1 14 31 9 22.3732240200042725 71.7259114880063748 
16 28 2 15 3 8 2 30 11 18 26 1 12 5 4 11 15 3 10 1 9 16 2 2.70999124060388841 14 22 2.70999124060388841 5 18 11 6 17 13 17 8 8 10 1 7 18 24 4 3 15 1 12 24 2 9 16 1 1 13 12 15 3 12 14 31 9 23.2778101563453674 60.0217121028266547 
4 12 11 3 25 4 8 31 10 15 15 1 3.36768017929769181 1 2 17 25 6 4 12 7 14 31 6 12 6 3 9.25570237641795579 23 3.84646942076222631 17 18 3 14 32 10 1 26 2 6 15 1 1 12 9.82524131762891173 2 3 7 12 15 10 4 9 9 4 14 7 1 25 13.151007650947605 17.1790197491645813 230.277699607900416 
16 28 2 15 3 8 2 30 11 18 26 1 12 5 4 11 15 3 10 1 9 16 2 2.70999124060388841 14 22 2.70999124060388841 5 18 11 6 17 13 17 8 8 10 1 7 18 24 4 11 6 1 3 4 2 9 16 1 1 13 12 15 30 5 14 31 9 25.5488021373748779 51.029475310108424 
16 28 2 15 3 8 2 30 11 18 26 1 12 5 4 11 15 3 10 1 9 16 2 2.70999124060388841 14 22 2.70999124060388841 5 18 11 6 17 13 17 8 8 10 1 7 18 24 4 11 6 1 3 4 2 9 16 1 1 13 12 6 30 12 14 31 9 25.5448980927467346 51.571303314947059 
6 12 8 4 6 10 12 32 6 3.36768017929769181 31 7 11 6 9 12 16 7 17 8 12 3 24 11 2 11 13 1 6 12 6 30 4 4 15 4 3 16 1 12 32 10 16 16 10 6 20 4 1 9 6 13 28 10 2 18 6.96245171630185755 15 6 8 18.9645151495933533 179.875812869620972 

MOEA/D: Multiobjective Evolutionary Algorithm Based on Decomposition
Number of Evaluations = 100000000
Mutation Probability = 0.0500000007450580597
Population Size = 250
Neighborhood size = 50
Seed: 13

Time =  17994.3246980000004

Current Evaluation = 100000000
Front Size = 45
3.36768017929769181 25 13 6 32 4 2 16 2 17 30 9 14 15 8 4 16 6 14 24 11 11 6 3 3 31 7 12 3 9 9.25570237641795579 7 6 10 19 6 6 32 8 16 6 8 16 20 7 16 26 9 12 30 9 3 19 2 13 25 5 4.94126535182462057 31 9.82524131762891173 18.0446798205375671 192.706052444287764 
16 28 2 15 3 8 9 19 12 3.36768017929769181 30 13 12 5 4 15 32 6 17 28 9 16 2 2.70999124060388841 14 22 2.70999124060388841 6 24 2 3 25 1 2 3 4 10 1 7 4 23 12 11 6 1 12 19 12 9 16 1 1 11 2 13 24 5 14 31 9 21.066091001033783 104.182712982010244 
12 16 11 15 32 5 10 25 8 4 31 2.70999124060388841 1 16.1354543567662532 12 2 24 3 12 23 9 4 30 3 1 22 4 6 12 7 15 1 1 5 20 13 16 8 8 13 32 1 2 6 13 4.94126535182462057 24 2 17 6 7 4 16 7 8 5 11 1 14 9.82524131762891173 19.4302526712417603 167.152887635240546 
8 30 1 4 24 13 14 19 7 4 31 10 13 1 10 4 25 4 16 29 7 14 6 8 4 30 2 13 15 5 1 23 12 8 20 2 3 6 2.70999124060388841 17 26 5 11 32 4 14 24 3 10 18 1 14 14 1 6 12 5 15 6 7 17.6727358102798462 211.662018330826385 
16 28 2 15 3 8 2 30 11 4 6 7 12 5 4 11 15 3 10 1 9 16 2 2.70999124060388841 14 22 2.70999124060388841 5 18 11 6 17 13 2 3 4 10 1 7 4 23 12 11 6 1 17 15 4 9 16 1 1 11 2 3 32 9 14 31 9 21.6857370138168335 85.0257956157748964 
16 28 2 15 3 8 2 30 11 18 26 1 12 5 4 11 15 3 10 1 9 16 2 2.70999124060388841 14 22 2.70999124060388841 5 18 11 6 17 13 2 3 4 10 1 7 3.36768017929769181 15 10 11 6 1 4 26 6.96245171630185755 9 16 1 1 11 2 6 30 12 14 31 9 22.4666790366172791 70.6197414600903102 
16 28 2 15 3 8 2 30 11 17 1 2.70999124060388841 12 5 4 11 15 3 10 1 9 16 2 2.70999124060388841 14 22 2.70999124060388841 5 18 11 6 17 13 14 30 1 10 1 7 1 32 4 11 6 1 14 6 11 9 16 1 4 9 4 9 19 7 14 31 9 20.5828329920768738 129.897223190918453 
16 19 4 6 25 11 2 6 6 2 20 9 9 14 2.70999124060388841 15 16.1354543567662532 2 5 32 5 4.94126535182462057 30 3 6 1 10 6 3 8 12 15 4 14 25 13 6 13 9 12 2 1 14 32 8 15 22 8 10 9 4 17 1 5 4 17 12 13 26 2 18.937433660030365 184.585628116945543 
16 28 2 15 3 8 2 30 11 14 12 6 12 5 4 11 15 3 10 1 9 16 2 2.70999124060388841 14 22 2.70999124060388841 5 18 11 6 17 13 2 3 4 10 1 7 4 23 12 11 6 1 14 30 3 9 16 1 1 11 2 16 1 8 14 31 9 21.5332119166851044 97.7854008450780725 
3 24 3 15 3 8 2 30 11 14 16 12 12 5 4 11 15 3 10 1 9 16 2 2.70999124060388841 14 22 2.70999124060388841 5 18 11 14 20 3 2 3 4 10 1 7 4 23 12 11 6 1 16 30 9 9 16 1 1 11 2 6 1 10 14 31 9 20.6887170076370239 104.587878412884905 
16 28 2 15 3 8 2 30 11 18 26 1 12 5 4 11 15 3 10 1 9 16 2 2.70999124060388841 14 22 2.70999124060388841 5 18 11 6 17 13 14 3 9 10 1 7 4 19 1 11 6 1 3.36768017929769181 30 3 9 16 1 1 11 2 6 1 10 14 31 9 22.3050611615180969 75.5747636421549487 
16 28 2 15 3 8 2 30 11 18 26 1 12 5 4 11 15 3 10 1 9 16 2 2.70999124060388841 14 22 2.70999124060388841 5 18 11 6 17 13 17 8 8 10 1 7 4 19 1 11 6 1 3 24 9 9 16 1 1 11 2 2 5 2.70999124060388841 14 31 9 23.2557209730148315 62.7932251766330793 
16 28 2 15 3 8 2 30 11 18 26 1 12 5 4 11 15 3 10 1 9 16 2 2.70999124060388841 14 22 2.70999124060388841 5 18 11 6 17 13 17 8 8 10 1 7 4 19 1 11 6 1 3 24 2 9 16 1 1 11 2 2 33 3 14 31 9 23.9872210621833801 52.7544956280566382 
16 28 2 15 3 8 2 30 11 3 31 9 12 5 4 11 15 3 10 1 9 16 2 2.70999124060388841 14 22 2.70999124060388841 13 6 8 6 17 13 17 8 8 10 1 7 4 19 1 11 6 1 6 2 5 3.36768017929769181 24 4 1 11 2 2 33 3 14 31 9 21.5993050336837769 97.2733524645289549 
16 28 2 15 3 8 2 30 11 18 26 1 12 5 4 11 15 3 10 1 9 16 2 2.70999124060388841 14 22 2.70999124060388841 5 18 11 6 17 13 15 25 12 10 1 7 4 19 1 11 6 1 17 30 2.70999124060388841 9 16 1 1 11 2 2 20 3 14 31 9 22.6172280311584473 66.9237612790685432 
6 6 6 14 6 3 1 12 9 12 14 2 16 26 5 16 7 13 3 16 7 9 31 6 6 24 12 10 6 11 1 19 13 16 25 3 15 20 10 3.36768017929769181 31 4 6 22 6.96245171630185755 4 28 3 15 1 5 13 26 2 4 18 2 17 22 8 18.6664617657661438 189.218140682846581 
14 20 5 2 6 6 17 18 13 13 17 2.70999124060388841 2 16.1354543567662532 3 9 30 12 16 31 11 4 24 9 1 2 12 15 5 11 14 15 13 10 1 3.84646942076222631 4 33 2 17 31 3 8 2 7 9 6 12 4 15 3 2 7 7 3 1 10 10 23.4025356524426229 11 20.4706050753593445 163.832600079658903 
16 28 2 15 3 8 2 30 11 18 26 1 12 5 4 11 15 3 10 1 9 16 2 2.70999124060388841 14 22 2.70999124060388841 5 18 11 6 17 13 4 3 4 10 1 7 4 19 1 3.36768017929769181 30 9 12 24 7 9 16 1 1 11 2 6 20 2 14 31 9 21.6800832152366638 89.7080833150295547 
16 28 2 15 3 8 2 30 11 18 26 1 12 5 4 3 6 7 10 1 9 16 2 2.70999124060388841 14 22 2.70999124060388841 5 18 11 6 17 13 17 8 8 10 1 7 4 19 1 11 6 1 14 24 6 9 16 1 1 11 2 2 33 3 14 31 9 22.9654040336608887 63.970972403473283 
16 28 2 15 3 8 2 30 11 18 26 1 12 5 4 11 15 3 10 1 9 16 2 2.70999124060388841 14 22 2.70999124060388841 5 18 11 6 17 13 17 8 8 10 1 7 18 24 4 11 6 1 12 15 2 9 16 1 1 13 12 15 30 2 14 31 9 23.397161066532135 53.238733252127048 
16 28 2 15 3 8 2 30 11 18 26 1 12 5 4 11 15 3 10 1 9 16 2 2.70999124060388841 14 22 2.70999124060388841 5 18 11 6 17 13 17 8 8 10 1 7 18 24 4 11 6 1 3 4 2 9 16 1 1 13 12 15 32 11 14 31 9 25.6968841552734375 47.53515018367046 
16 28 2 15 3 8 2 30 11 9 12 7 12 5 4 11 15 3 10 1 9 16 2 2.70999124060388841 14 22 2.70999124060388841 5 18 11 6 17 13 17 8 8 10 1 7 18 24 4 11 6 1 3 26 2.70999124060388841 6 15 9 1 13 12 15 19 7 14 31 9 21.9560658931732178 76.3241071626033545 
16 28 2 15 3 8 2 30 11 18 26 1 12 5 4 3 1 1 10 1 9 16 2 2.70999124060388841 14 22 2.70999124060388841 5 18 11 6 17 13 17 8 8 10 1 7 3 15 4 11 6 1 4 1 4 13 20 9 1 13 12 14 17 5 14 31 9 21.327262818813324 99.9962359310786297 
1 18 5 4 19 7 14 15 6 13 6 10 13 26 10 17 5 10 4 23 4 6 6 7 3 6 3 13 11 10 16 3 2.70999124060388841 15 12 13 14 31 12 14 1 11 15 30 13 3 31 2 13 19 12 17 11 4 14 13 12 8 1 1 17.0605496168136597 247.383990845755534 
16 28 2 15 3 8 2 30 11 18 26 1 12 5 4 11 15 3 10 1 9 16 2 2.70999124060388841 14 22 2.70999124060388841 5 18 11 6 17 13 17 8 8 10 1 7 18 24 4 11 6 1 3 4 2 9 16 1 1 13 12 6 30 2 14 31 9 25.490912139415741 51.8480221443821279 
16 28 2 15 3 8 2 30 11 18 26 1 12 5 4 11 15 3 10 1 9 16 2 2.70999124060388841 14 22 2.70999124060388841 1 32 3 6 17 13 17 8 8 10 1 7 18 24 4 11 6 1 4 26 2.70999124060388841 13 31 10 1 13 12 15 12 4 14 31 9 21.8041041493415833 84.756754630848377 
16 28 2 15 3 8 2 30 11 18 26 1 12 5 4 11 15 3 10 1 9 16 2 2.70999124060388841 14 22 2.70999124060388841 5 18 11 6 17 13 17 8 8 10 1 7 18 24 4 11 6 1 3 4 2 9 16 1 1 13 12 5 32 11 14 31 9 26.2060031294822693 46.4617504590093731 
2 6 2 14 33 7 4 9 2.70999124060388841 14 22 12 9.25570237641795579 20 11 4 12 4 16 29 2 13 32 12 10 15 6 4 3 3 14 15 10 17 1 13 2 16 3.84646942076222631 6 20 6 8 24 10 6 18 10 16 24 13 4 9 2 3 32 1 15 12 9 19.1414446830749512 178.872907647907653 
16 28 2 15 3 8 2 30 11 18 26 1 12 5 4 4 24 9 10 1 9 16 2 2.70999124060388841 14 22 2.70999124060388841 5 18 11 6 17 13 17 8 8 10 1 7 18 24 4 11 6 1 12 15 2 9 16 1 1 13 12 12 3 7 14 31 9 22.8696550726890564 65.6459389466742493 
16 28 2 15 3 8 2 30 11 18 26 1 12 5 4 11 15 3 10 1 9 16 2 2.70999124060388841 14 22 2.70999124060388841 5 18 11 6 17 13 17 8 8 10 1 7 18 24 4 11 6 1 3 4 2 9 16 1 1 13 12 6 30 8 14 31 9 25.5860981345176697 49.6758385674616036 
16 28 2 15 3 8 2 30 11 18 26 1 12 5 4 11 15 3 10 1 9 16 2 2.70999124060388841 14 22 2.70999124060388841 5 18 11 6 17 13 17 8 8 10 1 7 18 24 4 11 6 1 3.36768017929769181 15 9 9 16 1 1 13 12 6 30 12 14 31 9 23.2755780816078186 61.8000027750027741 
16 28 2 15 3 8 2 30 11 18 26 1 12 5 4 11 15 3 10 1 9 16 2 2.70999124060388841 14 22 2.70999124060388841 5 18 11 6 17 13 17 8 8 10 1 7 18 24 4 11 6 1 3 4 2 9 16 1 1 13 12 5 10 13 14 31 9 28.8837301135063171 44.7606152327420261 
16 28 2 15 3 8 2 30 11 18 26 1 12 5 4 11 15 3 10 1 9 16 2 2.70999124060388841 14 22 2.70999124060388841 5 18 11 6 17 13 17 8 8 10 1 7 18 24 4 11 6 1 3 4 2 9 16 1 1 13 12 6 30 4 14 31 9 25.411898136138916 52.1145736253449812 
16 28 2 15 3 8 2 30 11 18 26 1 12 5 4 11 15 3 10 1 9 16 2 2.70999124060388841 14 22 2.70999124060388841 5 18 11 6 17 13 17 8 8 10 1 7 18 24 4 11 6 1 3 4 2 9 16 1 1 13 12 6 32 11 14 31 9 25.6219801306724548 48.1586406494156023 
16 28 2 15 3 8 2 30 11 18 26 1 12 5 4 11 15 3 4 1 10 16 2 2.70999124060388841 14 22 2.70999124060388841 5 18 11 6 17 13 17 8 8 10 1 7 18 24 4 11 6 1 3 4 2 9 16 1 1 13 12 5 10 13 14 31 9 28.5040250420570374 46.0777346845939704 
16 28 2 15 3 8 2 30 11 18 26 1 12 5 4 11 15 3 10 1 9 16 2 2.70999124060388841 14 22 2.70999124060388841 5 18 11 6 17 13 17 8 8 10 1 7 18 24 4 11 6 1 3 4 2 9 16 1 1 13 12 2 32 8 14 31 9 25.9016460776329041 46.5774959001942648 
16 28 2 15 3 8 2 30 11 18 26 1 12 5 4 11 15 3 10 1 9 16 2 2.70999124060388841 14 22 2.70999124060388841 2 32 12 6 17 13 17 8 8 10 1 7 18 24 4 11 6 1 3 4 2 9 16 1 1 13 12 5 10 13 14 31 9 28.3626471757888794 46.0868142406682324 
12 5 7 14 26 2 1 26 2.70999124060388841 12 11 2 17 31 13 12 30 7 9.25570237641795579 3 2 12 26 13 4 6 6 15 30 4 14 1 9 5 28 9 6 12 11 14 15 4 3 9 11 15 22 6 4.94126535182462057 20 1 1 32 5 2 24 1 17 13 10 17.836988776922226 200.724680668488674 
16 28 2 15 3 8 2 30 11 18 26 1 12 5 4 11 15 3 10 1 9 16 2 2.70999124060388841 14 22 2.70999124060388841 5 18 11 6 17 13 17 8 8 10 1 7 18 24 4 11 6 1 3 4 2 9 16 1 1 13 12 2 33 13 14 31 9 26.6295132040977478 46.2122591662082485 
16 28 2 15 3 8 2 30 11 14 24 11 12 5 4 11 15 3 10 1 9 16 2 2.70999124060388841 14 22 2.70999124060388841 5 18 11 6 17 13 17 8 8 10 1 7 18 24 4 4 28 2 3 26 10 9 16 1 1 13 12 6 3 1 14 31 9 22.3732240200042725 71.7259114880063748 
16 28 2 15 3 8 2 30 11 18 26 1 12 5 4 11 15 3 10 1 9 16 2 2.70999124060388841 14 22 2.70999124060388841 5 18 11 6 17 13 17 8 8 10 1 7 18 24 4 3 15 1 12 24 2 9 16 1 1 13 12 15 3 12 14 31 9 23.2778101563453674 60.0217121028266547 
4 12 11 3 25 4 8 31 10 15 15 1 3.36768017929769181 1 2 17 25 6 4 12 7 14 31 6 12 6 3 9.25570237641795579 23 3.84646942076222631 17 18 3 14 32 10 1 26 2 6 15 1 1 12 9.82524131762891173 2 3 7 12 15 10 4 9 9 4 14 7 1 25 13.151007650947605 17.1790197491645813 230.277699607900416 
16 28 2 15 3 8 2 30 11 18 26 1 12 5 4 11 15 3 10 1 9 16 2 2.70999124060388841 14 22 2.70999124060388841 5 18 11 6 17 13 17 8 8 10 1 7 18 24 4 11 6 1 3 4 2 9 16 1 1 13 12 15 30 5 14 31 9 25.5488021373748779 51.029475310108424 
16 28 2 15 3 8 2 30 11 18 26 1 12 5 4 11 15 3 10 1 9 16 2 2.70999124060388841 14 22 2.70999124060388841 5 18 11 6 17 13 17 8 8 10 1 7 18 24 4 11 6 1 3 4 2 9 16 1 1 13 12 6 30 12 14 31 9 25.5448980927467346 51.571303314947059 
6 12 8 4 6 10 12 32 6 3.36768017929769181 31 7 11 6 9 12 16 7 17 8 12 3 24 11 2 11 13 1 6 12 6 30 4 4 15 4 3 16 1 12 32 10 16 16 10 6 20 4 1 9 6 13 28 10 2 18 6.96245171630185755 15 6 8 18.9645151495933533 179.875812869620972 

