Current Evaluation = 10000000(10000000)
Front Size = 43
2 9 12 16 20 13 2 31 13 10 19 11 4 20 2 6 24 1 13 6 2.70999124060388841 9 31 8 6 17 11 12 26 4 16 20 13 13 24 4 4 30 13 9.25570237641795579 6 1 1 32 9 2 25 3.84646942076222631 14 1 10 17 19 13 6 20 5 12 20 9 17.3460876941680908 225.549275499275524 
9 12 11 12 19 2 17 15 10 2 32 4 1 22 12 14 16 13 6 12 11 3 29 2 17 24 13 2 20 13 9 31 2 4 26 1 15 25 7 1 1 9 5 3 8 14 32 10 17 2 12 3 15 1 10 7 2.70999124060388841 1 2 13 20.4312347173690796 118.45874266695165 
10 27 9 12 19 2 17 15 10 15 32 11 1 22 12 14 16 13 6 12 11 12 2 2.70999124060388841 16 10 2 18 9 2 9 31 2 4 26 1 15 25 7 1 1 9 5 3 8 14 32 10 17 2 12 3 15 1 10 7 2.70999124060388841 18 16 1 25.992817759513855 64.3545744705880765 
10 13 4 12 19 2 17 15 10 15 32 11 1 22 12 14 16 13 6 12 11 3 29 2 16 10 2 18 9 2 9 31 2 4 26 1 15 25 7 1 1 9 5 3 8 14 32 10 17 2 12 3 15 1 10 7 2.70999124060388841 18 16 1 25.482096791267395 64.4396878673607461 
10 27 9 12 19 2 17 15 10 15 32 11 1 22 12 14 16 13 6 12 11 3 29 2 16 10 2 12 23 4 9 31 2 4 26 1 15 25 7 1 1 9 5 3 8 14 32 10 17 2 12 3 15 1 10 7 2.70999124060388841 18 16 1 26.0645296573638916 64.1703169349912912 
10 27 9 12 19 2 17 15 10 15 32 11 1 22 12 14 16 13 6 12 11 3 29 2 16 2 2.70999124060388841 18 9 2 9 31 2 4 26 1 15 25 7 1 1 9 5 3 8 14 32 10 17 2 12 3 15 1 10 7 2.70999124060388841 18 16 1 24.2798308134078979 68.2152721282628107 
10 27 9 12 19 2 17 15 10 15 32 11 1 22 12 14 16 13 6 12 11 3 29 2 10 6 2 18 9 2 9 31 2 4 26 1 15 25 7 1 1 9 5 3 8 14 32 10 17 2 12 3 15 1 10 7 2.70999124060388841 18 16 1 24.3820568323135376 67.0783029257950574 
4 20 10 12 19 2 17 15 10 15 32 11 1 22 12 14 16 13 6 12 11 3 29 2 17 24 4 18 9 2 9 31 2 4 26 1 15 25 7 1 1 9 5 3 8 14 32 10 17 2 12 3 15 1 10 7 2.70999124060388841 8 1 9 20.6516299247741699 93.4719936640728548 
3.36768017929769181 12 8 12 19 2 17 15 10 15 32 11 1 22 12 14 16 13 6 12 11 3 29 2 4 26 7 1 18 2 9 31 2 4 26 1 15 25 7 1 1 9 5 3 8 14 32 10 17 2 12 3 15 1 10 7 2.70999124060388841 17 32 5 19.8776527047157288 123.395341423282588 
10 27 9 12 19 2 17 15 10 15 32 11 1 22 12 14 16 13 6 12 11 3 29 2 16 30 2.70999124060388841 18 9 2 9 31 2 4 26 1 15 25 7 1 1 9 5 3 8 14 32 10 17 2 12 3 15 1 10 7 2.70999124060388841 18 16 1 23.8807098865509033 69.785353199793235 
10 27 9 12 19 2 17 15 10 15 32 11 1 22 12 14 16 13 6 12 11 3 29 2 16 33 2.70999124060388841 18 9 2 9 31 2 4 26 1 15 25 7 1 1 9 5 3 8 14 32 10 17 2 12 3 15 1 10 7 2.70999124060388841 18 16 1 24.7402588129043579 65.7238480390575006 
15 31 2 12 18 7 12 30 13 6 6 9 9 20 9 8 28 2.70999124060388841 13 18 10 14 1 10 5 31 11 17 1 5 2 9 12 16 28 2 3 6 1 1 5 9 3 16 6 3 16.1354543567662532 3.84646942076222631 4 18 4 13.2195649013323386 32 11 14 25 12 17.8244721320812971 6 3 18.4957389235496521 204.023347026210814 
9 1 10 12 19 2 17 15 10 15 32 11 1 22 12 14 16 13 6 12 11 3 29 2 17 15 6 10 1 2.70999124060388841 9 31 2 4 26 1 15 25 7 1 1 9 5 3 8 14 32 10 17 2 12 3 15 1 10 7 2.70999124060388841 18 16 1 21.8857908248901367 84.5232475157921357 
6 14 12 12 19 2 17 15 10 15 32 11 1 22 12 14 16 13 6 12 11 9 24 5 5 17 9 18 9 2 9 31 2 4 26 1 15 25 7 1 1 9 5 3 8 14 32 10 17 2 12 3 15 1 6 20 13 14 7 2.70999124060388841 20.0879058241844177 121.255926078352928 
14 31 9 12 19 2 17 15 10 15 32 11 1 22 12 14 16 13 6 12 11 3 29 2 14 18 7 18 9 2 9 31 2 4 26 1 15 25 7 1 1 9 5 3 8 14 32 10 17 2 12 3 15 1 10 7 2.70999124060388841 16 9 6 20.5115908980369568 108.89328966004993 
10 27 9 12 19 2 17 15 10 15 32 11 1 22 12 14 16 13 6 12 11 3 29 2 16 10 2 18 9 2 9 31 2 4 26 1 15 25 7 1 1 9 5 3 8 14 32 10 17 2 12 3 15 1 10 7 2.70999124060388841 18 16 1 26.6355186700820923 61.7672397784276797 
14 11 7 12 19 2 17 15 10 15 32 11 1 22 12 14 16 13 6 12 11 3 29 2 4 30 7 18 9 2 9 31 2 4 26 1 15 25 7 1 1 9 5 3 8 14 32 10 17 2 12 3 15 1 10 7 2.70999124060388841 14 12 8 20.5340538024902344 106.441638521714424 
4 24 3 12 19 2 17 15 10 15 32 11 1 22 12 14 16 13 6 12 11 3 29 2 16 30 2.70999124060388841 18 9 2 9 31 2 4 26 1 15 25 7 1 1 9 5 3 8 14 32 10 17 2 12 3 15 1 10 7 2.70999124060388841 18 16 1 22.035417914390564 81.236437217174668 
15 25 5 8 28 13 3 18 8 12 14 12 17 6 5 8 31 12 3 1 4 16 3 6 14 16 13 8 5.34074699537910114 3 6 24 6 16 1 2 1 3 2 9 30 7 14 11 13 6 15 1 10 20 2 3 31 13 12 6 1 1 24 7 18.9857189059257507 188.421407448760419 
9 28 7 12 19 2 17 15 10 15 32 11 1 22 12 14 16 13 6 12 11 3 29 2 10 33 2 18 9 2 9 31 2 4 26 1 15 25 7 1 1 9 5 3 8 14 32 10 17 2 12 3 15 1 9 25 2 18 16 1 23.3689998388290405 74.2772548210779178 
15 30 11 12 19 2 17 15 10 15 32 11 1 22 12 14 16 13 6 12 11 3 29 2 14 19 6 18 9 2 9 31 2 4 26 1 15 25 7 1 1 9 5 3 8 14 32 10 17 2 12 3 15 1 10 7 2.70999124060388841 14 30 12 20.4828199148178101 112.20099418111765 
5 19 8 13 31 12 4 12 7 8 2 9 3 32 10 3.36768017929769181 20 6.96245171630185755 3 14 12 14 24 8 2 18 2 16 30 4 4.94126535182462057 6 13 16 15 2 15 13 12 8 31 4 17 32 11 4 30 5 10 19 12 1 15 10 2 25 9.82524131762891173 17.8244721320812971 24 8 18.4040170907974243 208.159588450764915 
10 27 9 12 19 2 17 15 10 15 32 11 1 22 12 14 16 13 6 12 11 3 29 2 16 24 2 18 9 2 9 31 2 4 26 1 15 25 7 1 1 9 5 3 8 14 32 10 17 2 12 3 15 1 10 7 2.70999124060388841 18 16 1 23.9579218626022339 69.2644337667428545 
10 31 3 12 19 2 17 15 10 15 32 11 1 22 12 14 16 13 6 12 11 3 29 2 12 6 2 18 9 2 9 31 2 4 26 1 15 25 7 1 1 9 5 3 8 14 32 10 17 2 12 3 15 1 10 7 2.70999124060388841 18 16 1 22.627254843711853 74.5161633942285846 
10 5.34074699537910114 7 12 19 2 17 15 10 15 32 11 1 22 12 14 16 13 6 12 11 3 29 2 16 10 2 18 9 2 9 31 2 4 26 1 15 25 7 1 1 9 5 3 8 14 32 10 17 2 12 3 15 1 10 7 2.70999124060388841 6 24 9 23.7963547110557556 72.1661859280157216 
10 27 9 12 19 2 17 15 10 15 32 11 1 22 12 14 16 13 6 12 11 3 29 2 16 10 2 11 30 2 9 31 2 4 26 1 15 25 7 1 1 9 5 3 8 14 32 10 17 2 12 3 15 1 10 7 2.70999124060388841 18 16 1 26.0831105709075928 63.6239486627795543 
15 20 10 16 31 9 5 19 4 16 20 2 14 24 13 14 13 13 3 31 2.70999124060388841 1 32 2 9 9 6 13 30 6.96245171630185755 4 28 10 3 29 3.84646942076222631 10 16 7 13.2195649013323386 26 11 14 24 5 8 25 8 14 26 9 17 30 8 14 6 5 17.8244721320812971 14 13 18.2133230268955231 215.932193228168444 
10 27 9 12 19 2 17 15 10 15 32 11 1 22 12 14 16 13 6 12 11 3 29 2 17 15 4 11 30 2 9 31 2 4 26 1 15 25 7 1 1 9 5 3 8 14 32 10 17 2 12 3 15 1 10 7 2.70999124060388841 18 16 1 23.4005647897720337 74.09462260047016 
9 20 4 12 19 2 17 15 10 15 32 11 1 22 12 14 16 13 6 12 11 3 29 2 12 26 2.70999124060388841 18 9 2 9 31 2 4 26 1 15 25 7 1 1 9 5 3 8 14 32 10 17 2 12 3 15 1 10 7 2.70999124060388841 18 16 1 22.2774688005447388 80.7123280978518096 
10 27 9 12 19 2 17 15 10 15 32 11 1 22 12 14 16 13 6 12 11 3 29 2 10 30 2.70999124060388841 18 9 2 9 31 2 4 26 1 15 25 7 1 1 9 5 3 8 14 32 10 17 2 12 3 15 1 10 7 2.70999124060388841 18 16 1 24.3466798067092896 67.8365067056391666 
10 27 9 12 19 2 17 15 10 15 32 11 1 22 12 14 16 13 6 12 11 3 29 2 16 10 2 18 9 2 9 31 2 4 26 1 15 25 7 1 1 9 2 3 5 14 32 10 17 2 12 3 15 1 10 7 2.70999124060388841 18 16 1 26.1643617153167725 62.3472373836957132 
10 27 9 12 19 2 17 15 10 15 32 11 1 22 12 14 16 13 6 12 11 3 29 2 16 30 4 18 9 2 9 31 2 4 26 1 15 25 7 1 1 9 5 3 8 14 32 10 17 2 12 3 15 1 10 7 2.70999124060388841 18 16 1 23.8016958832740784 72.0175366393392693 
4 30 9 12 19 2 13 25 9 15 32 11 1 22 12 14 16 13 6 12 11 3 29 2 3.36768017929769181 20 7 18 9 2 9 31 2 4 26 1 15 25 7 1 1 9 5 3 8 14 32 10 17 2 12 3 15 1 10 7 2.70999124060388841 1 20 7 20.1711657643318176 118.626626031165969 
10 20 6 12 19 2 17 15 10 15 32 11 1 22 12 14 16 13 6 12 11 3 29 2 16 10 2 18 9 2 9 31 2 4 26 1 15 25 7 1 1 9 5 3 8 14 32 10 17 2 12 3 15 1 10 7 2.70999124060388841 18 16 1 25.2891607284545898 64.8991276554094583 
2 15 5 16 30 4 17 15 10 15 32 11 1 22 12 14 16 13 6 12 11 8 18 7 2 12 9 18 9 2 9 31 2 4 26 1 15 25 7 1 1 9 5 3 8 14 32 10 17 2 12 3 15 1 10 7 2.70999124060388841 4 30 2 19.6328700184822083 134.830172724870806 
16 14 9 12 19 2 17 15 10 15 32 11 1 22 12 14 16 13 6 12 11 3 29 2 4 31 1 18 9 2 9 31 2 4 26 1 15 25 7 1 1 9 5 3 8 14 32 10 17 2 12 3 15 1 10 7 2.70999124060388841 12 24 4 20.9705628752708435 86.9561780292580977 
10 27 9 12 19 2 17 15 10 15 32 11 1 22 12 14 16 13 6 12 11 3 29 2 16 28 2 18 9 2 9 31 2 4 26 1 15 25 7 1 1 9 5 3 8 14 32 10 17 2 12 3 15 1 10 7 2.70999124060388841 18 16 1 24.5774308443069458 66.1728677456517715 
10 27 9 12 19 2 17 15 10 15 32 11 1 22 12 14 16 13 6 12 11 3 29 2 12 6 1 18 9 2 9 31 2 4 26 1 15 25 7 1 1 9 5 3 8 14 32 10 17 2 12 3 15 1 10 7 2.70999124060388841 18 16 1 24.1037368178367615 68.4816410169616177 
4 9 7 12 19 2 17 15 10 15 32 11 1 22 12 14 16 13 6 12 11 3 29 2 16 18 2 18 9 2 9 31 2 4 26 1 15 25 7 1 1 9 5 3 8 14 32 10 17 2 12 3 15 1 10 7 2.70999124060388841 18 16 1 22.3902218341827393 79.1763210637719368 
8 18 9 15 31 4 14 30 5 14 1 2.70999124060388841 6 3 3 4 6 4 5 24 5 3 25 12 6 31 2 15 15 4 6 23 2 18 12 8 3 6 12 12 28 11 16 5 12 10 15 6 2 1 6 14 11 11 14 31 7 4 22 6.96245171630185755 19.1949027180671692 187.382369385000942 
10 27 9 12 19 2 17 15 10 15 32 11 1 22 12 14 16 13 6 12 11 3 29 2 17 30 4 18 9 2 9 31 2 4 26 1 15 25 7 1 1 9 5 3 8 14 32 10 17 2 12 3 15 1 10 7 2.70999124060388841 12 30 2.70999124060388841 22.3745288848876953 80.711067251254633 
10 27 9 12 19 2 17 15 10 15 32 11 1 22 12 14 16 13 6 12 11 3 29 2 16 30 9 18 9 2 9 31 2 4 26 1 15 25 7 1 1 9 5 3 8 14 32 10 17 2 12 3 15 1 10 7 2.70999124060388841 18 16 1 23.7736718654632568 73.5296383470272019 
11 25 7 12 19 2 17 15 10 15 32 11 1 22 12 14 16 13 6 12 11 3 29 2 4 30 9 18 9 2 9 31 2 4 26 1 15 25 7 1 1 9 5 3 8 14 32 10 17 2 12 3 15 1 10 7 2.70999124060388841 18 16 1 22.4861218333244324 78.9739573385908074 

Current Evaluation = 20000000(20000000)
Front Size = 31
2 9 12 16 20 13 2 31 13 10 19 11 4 20 2 6 24 1 13 6 2.70999124060388841 9 31 8 6 17 11 12 26 4 16 20 13 13 24 4 4 30 13 9.25570237641795579 6 1 1 32 9 2 25 3.84646942076222631 14 1 10 17 19 13 6 20 5 12 20 9 17.3460876941680908 225.549275499275524 
4 20 10 12 19 2 17 15 10 15 32 11 1 22 12 14 16 13 6 12 11 3 29 2 17 24 4 18 9 2 9 31 2 4 26 1 15 25 7 1 1 9 5 3 8 14 32 10 17 2 12 3 15 1 10 7 2.70999124060388841 8 1 9 20.6516299247741699 93.4719936640728548 
3.36768017929769181 12 8 12 19 2 17 15 10 15 32 11 1 22 12 14 16 13 6 12 11 3 29 2 4 26 7 1 18 2 9 31 2 4 26 1 15 25 7 1 1 9 5 3 8 14 32 10 17 2 12 3 15 1 10 7 2.70999124060388841 17 32 5 19.8776527047157288 123.395341423282588 
14 31 9 12 19 2 17 15 10 15 32 11 1 22 12 14 16 13 6 12 11 3 29 2 14 18 7 18 9 2 9 31 2 4 26 1 15 25 7 1 1 9 5 3 8 14 32 10 17 2 12 3 15 1 10 7 2.70999124060388841 16 9 6 20.5115908980369568 108.89328966004993 
14 11 7 12 19 2 17 15 10 15 32 11 1 22 12 14 16 13 6 12 11 3 29 2 4 30 7 18 9 2 9 31 2 4 26 1 15 25 7 1 1 9 5 3 8 14 32 10 17 2 12 3 15 1 10 7 2.70999124060388841 14 12 8 20.5340538024902344 106.441638521714424 
15 25 5 8 28 13 3 18 8 12 14 12 17 6 5 8 31 12 3 1 4 16 3 6 14 16 13 8 5.34074699537910114 3 6 24 6 16 1 2 1 3 2 9 30 7 14 11 13 6 15 1 10 20 2 3 31 13 12 6 1 1 24 7 18.9857189059257507 188.421407448760419 
10 31 3 12 19 2 17 15 10 15 32 11 1 22 12 14 16 13 6 12 11 3 29 2 12 6 2 18 9 2 9 31 2 4 26 1 15 25 7 1 1 9 5 3 8 14 32 10 17 2 12 3 15 1 10 7 2.70999124060388841 18 16 1 22.627254843711853 74.5161633942285846 
10 27 9 12 19 2 17 15 10 15 32 11 1 22 12 14 16 13 6 12 11 3 29 2 16 10 2 18 9 2 9 31 2 4 26 1 15 25 7 1 1 9 2 3 5 14 32 10 17 2 12 3 15 1 10 7 2.70999124060388841 18 16 1 26.1643617153167725 62.3472373836957132 
2 15 5 16 30 4 17 15 10 15 32 11 1 22 12 14 16 13 6 12 11 8 18 7 2 12 9 18 9 2 9 31 2 4 26 1 15 25 7 1 1 9 5 3 8 14 32 10 17 2 12 3 15 1 10 7 2.70999124060388841 4 30 2 19.6328700184822083 134.830172724870806 
16 14 9 12 19 2 17 15 10 15 32 11 1 22 12 14 16 13 6 12 11 3 29 2 4 31 1 18 9 2 9 31 2 4 26 1 15 25 7 1 1 9 5 3 8 14 32 10 17 2 12 3 15 1 10 7 2.70999124060388841 12 24 4 20.9705628752708435 86.9561780292580977 
14 30 1 12 19 2 17 15 10 15 32 11 1 22 12 14 16 13 6 12 11 3 29 2 14 20 13 18 9 2 9 31 2 4 26 1 15 25 7 1 1 9 5 3 8 14 32 10 17 2 12 3 15 1 10 7 2.70999124060388841 4 24 5 20.2931898832321167 108.941776256271197 
10 25 3 12 19 2 17 15 10 15 32 11 1 22 12 14 16 13 6 12 11 3 29 2 16 10 2 18 9 2 9 31 2 4 26 1 15 25 7 1 1 9 5 3 8 14 32 10 17 2 12 3 15 1 10 7 2.70999124060388841 18 16 1 25.3379477262496948 63.9954153589206811 
16 20 2.70999124060388841 12 19 2 17 15 10 15 32 11 1 22 12 14 16 13 6 12 11 3 29 2 12 24 1 10 6 9 9 31 2 4 26 1 15 25 7 1 1 9 5 3 8 14 32 10 17 2 12 3 15 1 10 7 2.70999124060388841 18 16 1 21.5224088430404663 74.9280534084885375 
13 6 8 12 19 2 17 15 10 15 32 11 1 22 12 14 16 13 6 12 11 3 29 2 1 5.34074699537910114 10 18 9 2 9 31 2 4 26 1 15 25 7 1 1 9 5 3 8 14 32 10 17 2 12 3 15 1 1 9 9 13 14 9 19.9061817526817322 119.575919298069564 
3.36768017929769181 11 4 12 19 2 17 15 10 15 32 11 1 22 12 14 16 13 6 12 11 3 29 2 4 1 6 18 9 2 16 30 6.96245171630185755 4 26 1 15 25 7 1 1 9 5 3 8 14 32 10 17 2 12 3 15 1 4.94126535182462057 30 2 18 16 1 21.3172129392623901 86.3641544239754779 
1 24 5 12 19 2 17 15 10 15 32 11 1 22 12 14 16 13 6 12 11 1 8 10 3.36768017929769181 1 13 14 19 8 9 31 2 4 26 1 15 25 7 1 1 9 5 3 8 14 32 10 17 2 12 3 15 1 10 7 2.70999124060388841 9.25570237641795579 32 9 19.2975467443466187 146.342304351991061 
6 25 13 12 19 2 17 15 10 15 32 11 1 22 12 14 16 13 6 12 11 3 29 2 2 15 8 18 9 2 9 31 2 4 26 1 15 25 7 1 1 9 5 3 8 14 32 10 17 2 12 3 15 1 13 31 1 1 24 9 20.008861780166626 113.450280094262922 
10 27 9 12 19 2 17 15 10 15 32 11 1 22 12 14 16 13 6 12 11 3 29 2 16 10 2 18 9 2 9 31 2 4 26 1 15 25 7 1 1 9 5 3 8 14 32 10 17 2 12 3 15 1 10 7 2.70999124060388841 18 16 1 26.6355186700820923 61.4167382738637855 
17 12 5 12 19 2 17 15 10 15 32 11 1 22 12 14 16 13 6 12 11 13 23 2 4 26 11 18 9 2 9 31 2 4 26 1 15 25 7 1 1 9 12 24 10 14 32 10 17 2 12 3 15 1 10 7 2.70999124060388841 3.36768017929769181 22 10 19.8432248830795288 125.322514705049954 
1 18 2 14 3 11 15 6 5 17 18 11 10 14 2 6 25 7 16 9 4 6 6 6 13 20 8 14 2 8 16 16 11 3 31 4 3 30 8 12 18 4 15 5 7 4 24 2.70999124060388841 8 15 3 14 20 10 9.25570237641795579 31 4 13 5 3.84646942076222631 17.3997678756713867 213.114958725485053 
14 6 12 3 2 4 6 15 1 8 3 9 5 6 11 15 19 7 14 18 7 4 2 12 3 32 1 12 26 2 9 33 6 15 24 6 14 20 5 3.36768017929769181 33 8 1 16 12 13 32 10 16 17 10 1 6 9 14 24 9 9 1 5 18.987011730670929 186.696269124752064 
9 12 5 12 19 2 17 15 10 15 32 11 1 22 12 14 16 13 6 12 11 3 29 2 13 30 11 18 9 2 9 31 2 4 26 1 15 25 7 1 1 9 5 3 8 14 32 10 17 2 12 3 15 1 3 6 13 6 14 8 20.1347557306289673 113.230338643040426 
10 27 9 12 19 2 17 15 10 15 32 11 1 22 12 14 16 13 6 12 11 3 29 2 16 10 2 18 9 2 9 31 2 4 26 1 15 25 7 1 1 9 5 3 8 14 32 10 17 2 12 3 15 1 10 7 2.70999124060388841 11 6 1 25.9466406106948853 63.2257265100542796 
3 6 5 16 31 5 14 5 2 9 25 12 14 1 3 1 25 11 15 19 13 1 32 6 9 12 12 15 32 10 4 13 9 9 18 2.70999124060388841 14 23 11 16 15 2 13 9 5 10 24 6.96245171630185755 17 2 9 1 6 3 11 30 7 14 12 10 17.8918988108634949 199.469929090517297 
10 27 9 12 19 2 17 15 10 15 32 11 1 22 12 14 16 13 6 12 11 3 29 2 16 28 2.70999124060388841 18 9 2 9 31 2 4 26 1 15 25 7 1 1 9 5 3 8 14 32 10 17 2 12 3 15 1 10 7 2.70999124060388841 18 16 1 24.5774308443069458 65.1002628239076273 
10 27 9 12 19 2 17 15 10 15 32 11 1 22 12 14 16 13 6 12 11 3 29 2 16 28 9 18 9 2 9 31 2 4 26 1 15 25 7 1 1 9 5 3 8 14 32 10 17 2 12 3 15 1 10 7 2.70999124060388841 18 16 1 24.4703928232192993 66.4472630837073837 
10 27 9 12 19 2 17 15 10 15 32 11 1 22 12 14 16 13 6 12 11 3 29 2 10 6 2.70999124060388841 16 30 4 9 31 2 4 26 1 15 25 7 1 1 9 5 3 8 14 32 10 17 2 12 3 15 1 10 7 2.70999124060388841 18 16 1 23.1588848233222961 71.0680107421477345 
10 1 4 12 19 2 17 15 10 15 32 11 1 22 12 14 16 13 6 12 11 3 29 2 16 10 2 18 9 2 9 31 2 4 26 1 15 25 7 1 1 9 5 3 8 14 32 10 17 2 12 3 15 1 10 7 2.70999124060388841 18 16 1 25.198455810546875 64.7808259927012671 
10 27 9 12 19 2 17 15 10 15 32 11 1 22 12 14 16 13 6 12 11 3 29 2 16 30 10 18 9 2 9 31 2 4 26 1 15 25 7 1 1 9 5 3 8 14 32 10 17 2 12 3 15 1 10 7 2.70999124060388841 18 16 1 23.8756958246231079 70.9468576203060906 
13 32 7 12 19 2 17 15 10 15 32 11 1 22 12 14 16 13 6 12 11 3 29 2 15 13 2.70999124060388841 16 6 7 9 31 2 4 26 1 15 25 7 1 1 9 5 3 8 14 32 10 17 2 12 3 15 1 10 7 2.70999124060388841 4 19 5 19.9653077125549316 114.348167783154921 
10 27 9 12 19 2 17 15 10 15 32 11 1 22 12 14 16 13 6 12 11 3 29 2 16 30 2.70999124060388841 18 9 2 9 31 2 4 26 1 15 25 7 1 1 9 5 3 8 14 32 10 17 2 12 3 15 1 10 7 2.70999124060388841 18 16 1 23.8807098865509033 66.6038116714219655 

Current Evaluation = 30000000(30000000)
Front Size = 31
2 9 12 16 20 13 2 31 13 10 19 11 4 20 2 6 24 1 13 6 2.70999124060388841 9 31 8 6 17 11 12 26 4 16 20 13 13 24 4 4 30 13 9.25570237641795579 6 1 1 32 9 2 25 3.84646942076222631 14 1 10 17 19 13 6 20 5 12 20 9 17.3460876941680908 225.549275499275524 
4 20 10 12 19 2 17 15 10 15 32 11 1 22 12 14 16 13 6 12 11 3 29 2 17 24 4 18 9 2 9 31 2 4 26 1 15 25 7 1 1 9 5 3 8 14 32 10 17 2 12 3 15 1 10 7 2.70999124060388841 8 1 9 20.6516299247741699 93.4719936640728548 
14 11 7 12 19 2 17 15 10 15 32 11 1 22 12 14 16 13 6 12 11 3 29 2 4 30 7 18 9 2 9 31 2 4 26 1 15 25 7 1 1 9 5 3 8 14 32 10 17 2 12 3 15 1 10 7 2.70999124060388841 14 12 8 20.5340538024902344 106.441638521714424 
10 31 3 12 19 2 17 15 10 15 32 11 1 22 12 14 16 13 6 12 11 3 29 2 12 6 2 18 9 2 9 31 2 4 26 1 15 25 7 1 1 9 5 3 8 14 32 10 17 2 12 3 15 1 10 7 2.70999124060388841 18 16 1 22.627254843711853 74.5161633942285846 
10 27 9 12 19 2 17 15 10 15 32 11 1 22 12 14 16 13 6 12 11 3 29 2 16 10 2 18 9 2 9 31 2 4 26 1 15 25 7 1 1 9 2 3 5 14 32 10 17 2 12 3 15 1 10 7 2.70999124060388841 18 16 1 26.1643617153167725 62.3472373836957132 
2 15 5 16 30 4 17 15 10 15 32 11 1 22 12 14 16 13 6 12 11 8 18 7 2 12 9 18 9 2 9 31 2 4 26 1 15 25 7 1 1 9 5 3 8 14 32 10 17 2 12 3 15 1 10 7 2.70999124060388841 4 30 2 19.6328700184822083 134.830172724870806 
16 14 9 12 19 2 17 15 10 15 32 11 1 22 12 14 16 13 6 12 11 3 29 2 4 31 1 18 9 2 9 31 2 4 26 1 15 25 7 1 1 9 5 3 8 14 32 10 17 2 12 3 15 1 10 7 2.70999124060388841 12 24 4 20.9705628752708435 86.9561780292580977 
10 25 3 12 19 2 17 15 10 15 32 11 1 22 12 14 16 13 6 12 11 3 29 2 16 10 2 18 9 2 9 31 2 4 26 1 15 25 7 1 1 9 5 3 8 14 32 10 17 2 12 3 15 1 10 7 2.70999124060388841 18 16 1 25.3379477262496948 63.9954153589206811 
16 20 2.70999124060388841 12 19 2 17 15 10 15 32 11 1 22 12 14 16 13 6 12 11 3 29 2 12 24 1 10 6 9 9 31 2 4 26 1 15 25 7 1 1 9 5 3 8 14 32 10 17 2 12 3 15 1 10 7 2.70999124060388841 18 16 1 21.5224088430404663 74.9280534084885375 
3.36768017929769181 11 4 12 19 2 17 15 10 15 32 11 1 22 12 14 16 13 6 12 11 3 29 2 4 1 6 18 9 2 16 30 6.96245171630185755 4 26 1 15 25 7 1 1 9 5 3 8 14 32 10 17 2 12 3 15 1 4.94126535182462057 30 2 18 16 1 21.3172129392623901 86.3641544239754779 
1 24 5 12 19 2 17 15 10 15 32 11 1 22 12 14 16 13 6 12 11 1 8 10 3.36768017929769181 1 13 14 19 8 9 31 2 4 26 1 15 25 7 1 1 9 5 3 8 14 32 10 17 2 12 3 15 1 10 7 2.70999124060388841 9.25570237641795579 32 9 19.2975467443466187 146.342304351991061 
6 25 13 12 19 2 17 15 10 15 32 11 1 22 12 14 16 13 6 12 11 3 29 2 2 15 8 18 9 2 9 31 2 4 26 1 15 25 7 1 1 9 5 3 8 14 32 10 17 2 12 3 15 1 13 31 1 1 24 9 20.008861780166626 113.450280094262922 
10 27 9 12 19 2 17 15 10 15 32 11 1 22 12 14 16 13 6 12 11 3 29 2 16 10 2 18 9 2 9 31 2 4 26 1 15 25 7 1 1 9 5 3 8 14 32 10 17 2 12 3 15 1 10 7 2.70999124060388841 18 16 1 26.6355186700820923 61.4167382738637855 
17 12 5 12 19 2 17 15 10 15 32 11 1 22 12 14 16 13 6 12 11 13 23 2 4 26 11 18 9 2 9 31 2 4 26 1 15 25 7 1 1 9 12 24 10 14 32 10 17 2 12 3 15 1 10 7 2.70999124060388841 3.36768017929769181 22 10 19.8432248830795288 125.322514705049954 
1 18 2 14 3 11 15 6 5 17 18 11 10 14 2 6 25 7 16 9 4 6 6 6 13 20 8 14 2 8 16 16 11 3 31 4 3 30 8 12 18 4 15 5 7 4 24 2.70999124060388841 8 15 3 14 20 10 9.25570237641795579 31 4 13 5 3.84646942076222631 17.3997678756713867 213.114958725485053 
9 12 5 12 19 2 17 15 10 15 32 11 1 22 12 14 16 13 6 12 11 3 29 2 13 30 11 18 9 2 9 31 2 4 26 1 15 25 7 1 1 9 5 3 8 14 32 10 17 2 12 3 15 1 3 6 13 6 14 8 20.1347557306289673 113.230338643040426 
10 27 9 12 19 2 17 15 10 15 32 11 1 22 12 14 16 13 6 12 11 3 29 2 16 10 2 18 9 2 9 31 2 4 26 1 15 25 7 1 1 9 5 3 8 14 32 10 17 2 12 3 15 1 10 7 2.70999124060388841 11 6 1 25.9466406106948853 63.2257265100542796 
3 6 5 16 31 5 14 5 2 9 25 12 14 1 3 1 25 11 15 19 13 1 32 6 9 12 12 15 32 10 4 13 9 9 18 2.70999124060388841 14 23 11 16 15 2 13 9 5 10 24 6.96245171630185755 17 2 9 1 6 3 11 30 7 14 12 10 17.8918988108634949 199.469929090517297 
10 27 9 12 19 2 17 15 10 15 32 11 1 22 12 14 16 13 6 12 11 3 29 2 16 28 2.70999124060388841 18 9 2 9 31 2 4 26 1 15 25 7 1 1 9 5 3 8 14 32 10 17 2 12 3 15 1 10 7 2.70999124060388841 18 16 1 24.5774308443069458 65.1002628239076273 
10 27 9 12 19 2 17 15 10 15 32 11 1 22 12 14 16 13 6 12 11 3 29 2 16 28 9 18 9 2 9 31 2 4 26 1 15 25 7 1 1 9 5 3 8 14 32 10 17 2 12 3 15 1 10 7 2.70999124060388841 18 16 1 24.4703928232192993 66.4472630837073837 
10 27 9 12 19 2 17 15 10 15 32 11 1 22 12 14 16 13 6 12 11 3 29 2 10 6 2.70999124060388841 16 30 4 9 31 2 4 26 1 15 25 7 1 1 9 5 3 8 14 32 10 17 2 12 3 15 1 10 7 2.70999124060388841 18 16 1 23.1588848233222961 71.0680107421477345 
10 1 4 12 19 2 17 15 10 15 32 11 1 22 12 14 16 13 6 12 11 3 29 2 16 10 2 18 9 2 9 31 2 4 26 1 15 25 7 1 1 9 5 3 8 14 32 10 17 2 12 3 15 1 10 7 2.70999124060388841 18 16 1 25.198455810546875 64.7808259927012671 
13 32 7 12 19 2 17 15 10 15 32 11 1 22 12 14 16 13 6 12 11 3 29 2 15 13 2.70999124060388841 16 6 7 9 31 2 4 26 1 15 25 7 1 1 9 5 3 8 14 32 10 17 2 12 3 15 1 10 7 2.70999124060388841 4 19 5 19.9653077125549316 114.348167783154921 
10 27 9 12 19 2 17 15 10 15 32 11 1 22 12 14 16 13 6 12 11 3 29 2 16 30 2.70999124060388841 18 9 2 9 31 2 4 26 1 15 25 7 1 1 9 5 3 8 14 32 10 17 2 12 3 15 1 10 7 2.70999124060388841 18 16 1 23.8807098865509033 66.6038116714219655 
10 27 9 12 19 2 17 15 10 15 32 11 1 22 12 14 16 13 6 12 11 3 29 2 17 30 2.70999124060388841 18 9 2 9 31 2 4 26 1 15 25 7 1 1 9 5 3 8 14 32 10 17 2 12 3 15 1 10 7 2.70999124060388841 18 16 1 23.8538697957992554 70.8926159694855471 
14 12 4 12 19 2 17 15 10 15 32 11 1 22 12 14 16 13 6 12 11 16 17 4 15 18 7 18 9 2 9 31 2 4 26 1 14 13 7 1 1 9 5 3 8 14 32 10 17 2 12 3 15 1 10 7 2.70999124060388841 14 19 5 19.8673621416091919 114.519834430581767 
16 26 2 12 19 2 17 15 10 15 32 11 1 22 12 14 16 13 6 12 11 3 29 2 10 8 2.70999124060388841 18 9 2 9 31 2 4 26 1 15 25 7 1 1 9 5 3 8 14 32 10 17 2 12 3 15 1 10 7 2.70999124060388841 18 16 1 23.053919792175293 71.5957121757398482 
5 1 3 2 22 12 3.36768017929769181 24 7 6 25 8 2 15 2 13 1 2 1 32 5 15 30 2 10 16.1354543567662532 5 11 1 4 9 25 3 4.94126535182462057 6 1 6 26 12 16 19 7 8 31 8 13.2195649013323386 26 5 17.8244721320812971 2 5 12 12 3 17 9 5 15 32 13 19.2396786212921143 177.37348265662672 
14 2 6 1 17 8 3 6 9 6 12 4 16 30 3 15 28 12 3 5.34074699537910114 1 14 16.1354543567662532 13 17 28 5 2 32 12 14 3 12 1 26 3 4 24 2 14 25 2 6 5 6 8 1 13 3 9 5 9 19 1 9 6 8 1 32 4 18.7132329940795898 184.577674887891618 
3 2 2.70999124060388841 12 19 2 17 15 10 15 32 11 1 22 12 14 16 13 6 12 11 13 13 13 12 6 9 18 9 2 9 31 2 4 26 1 15 25 7 1 1 9 5 3 8 14 32 10 17 2 12 3 15 1 10 7 2.70999124060388841 14 18 11 20.2474501132965088 107.854082739760031 
4 31 2.70999124060388841 12 19 2 17 15 10 15 32 11 1 22 12 14 16 13 6 12 11 13 9 13 2 1 4 18 9 2 9 31 2 4 26 1 15 25 7 1 1 9 17 23 11 14 32 10 17 2 12 3 15 1 8 30 4 5 14 13 19.4799599051475525 136.43034926568194 

Current Evaluation = 40000000(40000000)
Front Size = 34
2 9 12 16 20 13 2 31 13 10 19 11 4 20 2 6 24 1 13 6 2.70999124060388841 9 31 8 6 17 11 12 26 4 16 20 13 13 24 4 4 30 13 9.25570237641795579 6 1 1 32 9 2 25 3.84646942076222631 14 1 10 17 19 13 6 20 5 12 20 9 17.3460876941680908 225.549275499275524 
4 20 10 12 19 2 17 15 10 15 32 11 1 22 12 14 16 13 6 12 11 3 29 2 17 24 4 18 9 2 9 31 2 4 26 1 15 25 7 1 1 9 5 3 8 14 32 10 17 2 12 3 15 1 10 7 2.70999124060388841 8 1 9 20.6516299247741699 93.4719936640728548 
10 27 9 12 19 2 17 15 10 15 32 11 1 22 12 14 16 13 6 12 11 3 29 2 16 10 2 18 9 2 9 31 2 4 26 1 15 25 7 1 1 9 2 3 5 14 32 10 17 2 12 3 15 1 10 7 2.70999124060388841 18 16 1 26.1643617153167725 62.3472373836957132 
2 15 5 16 30 4 17 15 10 15 32 11 1 22 12 14 16 13 6 12 11 8 18 7 2 12 9 18 9 2 9 31 2 4 26 1 15 25 7 1 1 9 5 3 8 14 32 10 17 2 12 3 15 1 10 7 2.70999124060388841 4 30 2 19.6328700184822083 134.830172724870806 
16 14 9 12 19 2 17 15 10 15 32 11 1 22 12 14 16 13 6 12 11 3 29 2 4 31 1 18 9 2 9 31 2 4 26 1 15 25 7 1 1 9 5 3 8 14 32 10 17 2 12 3 15 1 10 7 2.70999124060388841 12 24 4 20.9705628752708435 86.9561780292580977 
10 25 3 12 19 2 17 15 10 15 32 11 1 22 12 14 16 13 6 12 11 3 29 2 16 10 2 18 9 2 9 31 2 4 26 1 15 25 7 1 1 9 5 3 8 14 32 10 17 2 12 3 15 1 10 7 2.70999124060388841 18 16 1 25.3379477262496948 63.9954153589206811 
16 20 2.70999124060388841 12 19 2 17 15 10 15 32 11 1 22 12 14 16 13 6 12 11 3 29 2 12 24 1 10 6 9 9 31 2 4 26 1 15 25 7 1 1 9 5 3 8 14 32 10 17 2 12 3 15 1 10 7 2.70999124060388841 18 16 1 21.5224088430404663 74.9280534084885375 
3.36768017929769181 11 4 12 19 2 17 15 10 15 32 11 1 22 12 14 16 13 6 12 11 3 29 2 4 1 6 18 9 2 16 30 6.96245171630185755 4 26 1 15 25 7 1 1 9 5 3 8 14 32 10 17 2 12 3 15 1 4.94126535182462057 30 2 18 16 1 21.3172129392623901 86.3641544239754779 
1 24 5 12 19 2 17 15 10 15 32 11 1 22 12 14 16 13 6 12 11 1 8 10 3.36768017929769181 1 13 14 19 8 9 31 2 4 26 1 15 25 7 1 1 9 5 3 8 14 32 10 17 2 12 3 15 1 10 7 2.70999124060388841 9.25570237641795579 32 9 19.2975467443466187 146.342304351991061 
6 25 13 12 19 2 17 15 10 15 32 11 1 22 12 14 16 13 6 12 11 3 29 2 2 15 8 18 9 2 9 31 2 4 26 1 15 25 7 1 1 9 5 3 8 14 32 10 17 2 12 3 15 1 13 31 1 1 24 9 20.008861780166626 113.450280094262922 
10 27 9 12 19 2 17 15 10 15 32 11 1 22 12 14 16 13 6 12 11 3 29 2 16 10 2 18 9 2 9 31 2 4 26 1 15 25 7 1 1 9 5 3 8 14 32 10 17 2 12 3 15 1 10 7 2.70999124060388841 18 16 1 26.6355186700820923 61.4167382738637855 
17 12 5 12 19 2 17 15 10 15 32 11 1 22 12 14 16 13 6 12 11 13 23 2 4 26 11 18 9 2 9 31 2 4 26 1 15 25 7 1 1 9 12 24 10 14 32 10 17 2 12 3 15 1 10 7 2.70999124060388841 3.36768017929769181 22 10 19.8432248830795288 125.322514705049954 
1 18 2 14 3 11 15 6 5 17 18 11 10 14 2 6 25 7 16 9 4 6 6 6 13 20 8 14 2 8 16 16 11 3 31 4 3 30 8 12 18 4 15 5 7 4 24 2.70999124060388841 8 15 3 14 20 10 9.25570237641795579 31 4 13 5 3.84646942076222631 17.3997678756713867 213.114958725485053 
9 12 5 12 19 2 17 15 10 15 32 11 1 22 12 14 16 13 6 12 11 3 29 2 13 30 11 18 9 2 9 31 2 4 26 1 15 25 7 1 1 9 5 3 8 14 32 10 17 2 12 3 15 1 3 6 13 6 14 8 20.1347557306289673 113.230338643040426 
10 27 9 12 19 2 17 15 10 15 32 11 1 22 12 14 16 13 6 12 11 3 29 2 16 10 2 18 9 2 9 31 2 4 26 1 15 25 7 1 1 9 5 3 8 14 32 10 17 2 12 3 15 1 10 7 2.70999124060388841 11 6 1 25.9466406106948853 63.2257265100542796 
3 6 5 16 31 5 14 5 2 9 25 12 14 1 3 1 25 11 15 19 13 1 32 6 9 12 12 15 32 10 4 13 9 9 18 2.70999124060388841 14 23 11 16 15 2 13 9 5 10 24 6.96245171630185755 17 2 9 1 6 3 11 30 7 14 12 10 17.8918988108634949 199.469929090517297 
10 27 9 12 19 2 17 15 10 15 32 11 1 22 12 14 16 13 6 12 11 3 29 2 16 28 2.70999124060388841 18 9 2 9 31 2 4 26 1 15 25 7 1 1 9 5 3 8 14 32 10 17 2 12 3 15 1 10 7 2.70999124060388841 18 16 1 24.5774308443069458 65.1002628239076273 
10 27 9 12 19 2 17 15 10 15 32 11 1 22 12 14 16 13 6 12 11 3 29 2 16 28 9 18 9 2 9 31 2 4 26 1 15 25 7 1 1 9 5 3 8 14 32 10 17 2 12 3 15 1 10 7 2.70999124060388841 18 16 1 24.4703928232192993 66.4472630837073837 
10 27 9 12 19 2 17 15 10 15 32 11 1 22 12 14 16 13 6 12 11 3 29 2 10 6 2.70999124060388841 16 30 4 9 31 2 4 26 1 15 25 7 1 1 9 5 3 8 14 32 10 17 2 12 3 15 1 10 7 2.70999124060388841 18 16 1 23.1588848233222961 71.0680107421477345 
10 1 4 12 19 2 17 15 10 15 32 11 1 22 12 14 16 13 6 12 11 3 29 2 16 10 2 18 9 2 9 31 2 4 26 1 15 25 7 1 1 9 5 3 8 14 32 10 17 2 12 3 15 1 10 7 2.70999124060388841 18 16 1 25.198455810546875 64.7808259927012671 
13 32 7 12 19 2 17 15 10 15 32 11 1 22 12 14 16 13 6 12 11 3 29 2 15 13 2.70999124060388841 16 6 7 9 31 2 4 26 1 15 25 7 1 1 9 5 3 8 14 32 10 17 2 12 3 15 1 10 7 2.70999124060388841 4 19 5 19.9653077125549316 114.348167783154921 
10 27 9 12 19 2 17 15 10 15 32 11 1 22 12 14 16 13 6 12 11 3 29 2 16 30 2.70999124060388841 18 9 2 9 31 2 4 26 1 15 25 7 1 1 9 5 3 8 14 32 10 17 2 12 3 15 1 10 7 2.70999124060388841 18 16 1 23.8807098865509033 66.6038116714219655 
14 12 4 12 19 2 17 15 10 15 32 11 1 22 12 14 16 13 6 12 11 16 17 4 15 18 7 18 9 2 9 31 2 4 26 1 14 13 7 1 1 9 5 3 8 14 32 10 17 2 12 3 15 1 10 7 2.70999124060388841 14 19 5 19.8673621416091919 114.519834430581767 
16 26 2 12 19 2 17 15 10 15 32 11 1 22 12 14 16 13 6 12 11 3 29 2 10 8 2.70999124060388841 18 9 2 9 31 2 4 26 1 15 25 7 1 1 9 5 3 8 14 32 10 17 2 12 3 15 1 10 7 2.70999124060388841 18 16 1 23.053919792175293 71.5957121757398482 
5 1 3 2 22 12 3.36768017929769181 24 7 6 25 8 2 15 2 13 1 2 1 32 5 15 30 2 10 16.1354543567662532 5 11 1 4 9 25 3 4.94126535182462057 6 1 6 26 12 16 19 7 8 31 8 13.2195649013323386 26 5 17.8244721320812971 2 5 12 12 3 17 9 5 15 32 13 19.2396786212921143 177.37348265662672 
14 2 6 1 17 8 3 6 9 6 12 4 16 30 3 15 28 12 3 5.34074699537910114 1 14 16.1354543567662532 13 17 28 5 2 32 12 14 3 12 1 26 3 4 24 2 14 25 2 6 5 6 8 1 13 3 9 5 9 19 1 9 6 8 1 32 4 18.7132329940795898 184.577674887891618 
3 2 2.70999124060388841 12 19 2 17 15 10 15 32 11 1 22 12 14 16 13 6 12 11 13 13 13 12 6 9 18 9 2 9 31 2 4 26 1 15 25 7 1 1 9 5 3 8 14 32 10 17 2 12 3 15 1 10 7 2.70999124060388841 14 18 11 20.2474501132965088 107.854082739760031 
4 31 2.70999124060388841 12 19 2 17 15 10 15 32 11 1 22 12 14 16 13 6 12 11 13 9 13 2 1 4 18 9 2 9 31 2 4 26 1 15 25 7 1 1 9 17 23 11 14 32 10 17 2 12 3 15 1 8 30 4 5 14 13 19.4799599051475525 136.43034926568194 
3.36768017929769181 17 6 12 19 2 17 15 10 15 32 11 1 22 12 14 16 13 6 12 11 3 29 2 16 6 2 18 9 2 9 31 2 4 26 1 15 25 7 1 1 9 5 3 8 14 32 10 17 2 12 3 15 1 10 7 2.70999124060388841 18 16 1 22.5578567981719971 71.6515235857911676 
10 27 9 12 19 2 17 15 10 15 32 11 1 22 12 14 16 13 6 12 11 3 29 2 17 30 2 18 9 2 9 31 2 4 26 1 15 25 7 1 1 9 5 3 8 14 32 10 17 2 12 3 15 1 10 7 2.70999124060388841 18 16 1 23.8538697957992554 69.6372193887511486 
4 12 7 12 19 2 17 15 10 15 32 11 1 22 12 14 16 13 6 12 11 3 29 2 16 5.34074699537910114 9 18 9 2 9 31 2 4 26 1 15 25 7 1 1 9 5 3 8 14 32 10 17 2 12 3 15 1 10 7 2.70999124060388841 9 6 6.96245171630185755 20.9455188512802124 90.8982797111953289 
3.36768017929769181 1 5 12 19 2 17 15 10 15 32 11 1 22 12 14 16 13 6 12 11 3 29 2 16 6 5 18 9 2 9 31 2 4 26 1 15 32 10 1 1 9 15 16.1354543567662532 1 14 32 10 17 2 12 3 15 1 10 7 2.70999124060388841 6 18 11 20.5303080081939697 105.12513817881468 
10 27 9 12 19 2 17 15 10 15 32 11 1 22 12 14 16 13 6 12 11 3 29 2 16 33 2 18 9 2 9 31 2 4 26 1 15 25 7 1 1 9 5 3 8 14 32 10 17 2 12 3 15 1 10 7 2.70999124060388841 18 16 1 24.7402588129043579 64.9135377445296768 
10 25 5 12 19 2 17 15 10 15 32 11 1 22 12 14 16 13 6 12 11 3 29 2 6 1 5 18 9 2 9 31 2 4 26 1 15 25 7 1 1 9 5 3 8 14 32 10 17 2 12 3 15 1 13 30 3 4 32 13 20.1369997262954712 111.190500729334232 

Current Evaluation = 50000000(50000000)
Front Size = 39
2 9 12 16 20 13 2 31 13 10 19 11 4 20 2 6 24 1 13 6 2.70999124060388841 9 31 8 6 17 11 12 26 4 16 20 13 13 24 4 4 30 13 9.25570237641795579 6 1 1 32 9 2 25 3.84646942076222631 14 1 10 17 19 13 6 20 5 12 20 9 17.3460876941680908 225.549275499275524 
4 20 10 12 19 2 17 15 10 15 32 11 1 22 12 14 16 13 6 12 11 3 29 2 17 24 4 18 9 2 9 31 2 4 26 1 15 25 7 1 1 9 5 3 8 14 32 10 17 2 12 3 15 1 10 7 2.70999124060388841 8 1 9 20.6516299247741699 93.4719936640728548 
10 27 9 12 19 2 17 15 10 15 32 11 1 22 12 14 16 13 6 12 11 3 29 2 16 10 2 18 9 2 9 31 2 4 26 1 15 25 7 1 1 9 2 3 5 14 32 10 17 2 12 3 15 1 10 7 2.70999124060388841 18 16 1 26.1643617153167725 62.3472373836957132 
2 15 5 16 30 4 17 15 10 15 32 11 1 22 12 14 16 13 6 12 11 8 18 7 2 12 9 18 9 2 9 31 2 4 26 1 15 25 7 1 1 9 5 3 8 14 32 10 17 2 12 3 15 1 10 7 2.70999124060388841 4 30 2 19.6328700184822083 134.830172724870806 
16 14 9 12 19 2 17 15 10 15 32 11 1 22 12 14 16 13 6 12 11 3 29 2 4 31 1 18 9 2 9 31 2 4 26 1 15 25 7 1 1 9 5 3 8 14 32 10 17 2 12 3 15 1 10 7 2.70999124060388841 12 24 4 20.9705628752708435 86.9561780292580977 
10 25 3 12 19 2 17 15 10 15 32 11 1 22 12 14 16 13 6 12 11 3 29 2 16 10 2 18 9 2 9 31 2 4 26 1 15 25 7 1 1 9 5 3 8 14 32 10 17 2 12 3 15 1 10 7 2.70999124060388841 18 16 1 25.3379477262496948 63.9954153589206811 
16 20 2.70999124060388841 12 19 2 17 15 10 15 32 11 1 22 12 14 16 13 6 12 11 3 29 2 12 24 1 10 6 9 9 31 2 4 26 1 15 25 7 1 1 9 5 3 8 14 32 10 17 2 12 3 15 1 10 7 2.70999124060388841 18 16 1 21.5224088430404663 74.9280534084885375 
3.36768017929769181 11 4 12 19 2 17 15 10 15 32 11 1 22 12 14 16 13 6 12 11 3 29 2 4 1 6 18 9 2 16 30 6.96245171630185755 4 26 1 15 25 7 1 1 9 5 3 8 14 32 10 17 2 12 3 15 1 4.94126535182462057 30 2 18 16 1 21.3172129392623901 86.3641544239754779 
1 24 5 12 19 2 17 15 10 15 32 11 1 22 12 14 16 13 6 12 11 1 8 10 3.36768017929769181 1 13 14 19 8 9 31 2 4 26 1 15 25 7 1 1 9 5 3 8 14 32 10 17 2 12 3 15 1 10 7 2.70999124060388841 9.25570237641795579 32 9 19.2975467443466187 146.342304351991061 
6 25 13 12 19 2 17 15 10 15 32 11 1 22 12 14 16 13 6 12 11 3 29 2 2 15 8 18 9 2 9 31 2 4 26 1 15 25 7 1 1 9 5 3 8 14 32 10 17 2 12 3 15 1 13 31 1 1 24 9 20.008861780166626 113.450280094262922 
10 27 9 12 19 2 17 15 10 15 32 11 1 22 12 14 16 13 6 12 11 3 29 2 16 10 2 18 9 2 9 31 2 4 26 1 15 25 7 1 1 9 5 3 8 14 32 10 17 2 12 3 15 1 10 7 2.70999124060388841 18 16 1 26.6355186700820923 61.4167382738637855 
17 12 5 12 19 2 17 15 10 15 32 11 1 22 12 14 16 13 6 12 11 13 23 2 4 26 11 18 9 2 9 31 2 4 26 1 15 25 7 1 1 9 12 24 10 14 32 10 17 2 12 3 15 1 10 7 2.70999124060388841 3.36768017929769181 22 10 19.8432248830795288 125.322514705049954 
1 18 2 14 3 11 15 6 5 17 18 11 10 14 2 6 25 7 16 9 4 6 6 6 13 20 8 14 2 8 16 16 11 3 31 4 3 30 8 12 18 4 15 5 7 4 24 2.70999124060388841 8 15 3 14 20 10 9.25570237641795579 31 4 13 5 3.84646942076222631 17.3997678756713867 213.114958725485053 
10 27 9 12 19 2 17 15 10 15 32 11 1 22 12 14 16 13 6 12 11 3 29 2 16 10 2 18 9 2 9 31 2 4 26 1 15 25 7 1 1 9 5 3 8 14 32 10 17 2 12 3 15 1 10 7 2.70999124060388841 11 6 1 25.9466406106948853 63.2257265100542796 
10 27 9 12 19 2 17 15 10 15 32 11 1 22 12 14 16 13 6 12 11 3 29 2 16 28 2.70999124060388841 18 9 2 9 31 2 4 26 1 15 25 7 1 1 9 5 3 8 14 32 10 17 2 12 3 15 1 10 7 2.70999124060388841 18 16 1 24.5774308443069458 65.1002628239076273 
10 27 9 12 19 2 17 15 10 15 32 11 1 22 12 14 16 13 6 12 11 3 29 2 16 28 9 18 9 2 9 31 2 4 26 1 15 25 7 1 1 9 5 3 8 14 32 10 17 2 12 3 15 1 10 7 2.70999124060388841 18 16 1 24.4703928232192993 66.4472630837073837 
10 27 9 12 19 2 17 15 10 15 32 11 1 22 12 14 16 13 6 12 11 3 29 2 10 6 2.70999124060388841 16 30 4 9 31 2 4 26 1 15 25 7 1 1 9 5 3 8 14 32 10 17 2 12 3 15 1 10 7 2.70999124060388841 18 16 1 23.1588848233222961 71.0680107421477345 
10 1 4 12 19 2 17 15 10 15 32 11 1 22 12 14 16 13 6 12 11 3 29 2 16 10 2 18 9 2 9 31 2 4 26 1 15 25 7 1 1 9 5 3 8 14 32 10 17 2 12 3 15 1 10 7 2.70999124060388841 18 16 1 25.198455810546875 64.7808259927012671 
13 32 7 12 19 2 17 15 10 15 32 11 1 22 12 14 16 13 6 12 11 3 29 2 15 13 2.70999124060388841 16 6 7 9 31 2 4 26 1 15 25 7 1 1 9 5 3 8 14 32 10 17 2 12 3 15 1 10 7 2.70999124060388841 4 19 5 19.9653077125549316 114.348167783154921 
10 27 9 12 19 2 17 15 10 15 32 11 1 22 12 14 16 13 6 12 11 3 29 2 16 30 2.70999124060388841 18 9 2 9 31 2 4 26 1 15 25 7 1 1 9 5 3 8 14 32 10 17 2 12 3 15 1 10 7 2.70999124060388841 18 16 1 23.8807098865509033 66.6038116714219655 
14 12 4 12 19 2 17 15 10 15 32 11 1 22 12 14 16 13 6 12 11 16 17 4 15 18 7 18 9 2 9 31 2 4 26 1 14 13 7 1 1 9 5 3 8 14 32 10 17 2 12 3 15 1 10 7 2.70999124060388841 14 19 5 19.8673621416091919 114.519834430581767 
16 26 2 12 19 2 17 15 10 15 32 11 1 22 12 14 16 13 6 12 11 3 29 2 10 8 2.70999124060388841 18 9 2 9 31 2 4 26 1 15 25 7 1 1 9 5 3 8 14 32 10 17 2 12 3 15 1 10 7 2.70999124060388841 18 16 1 23.053919792175293 71.5957121757398482 
5 1 3 2 22 12 3.36768017929769181 24 7 6 25 8 2 15 2 13 1 2 1 32 5 15 30 2 10 16.1354543567662532 5 11 1 4 9 25 3 4.94126535182462057 6 1 6 26 12 16 19 7 8 31 8 13.2195649013323386 26 5 17.8244721320812971 2 5 12 12 3 17 9 5 15 32 13 19.2396786212921143 177.37348265662672 
3 2 2.70999124060388841 12 19 2 17 15 10 15 32 11 1 22 12 14 16 13 6 12 11 13 13 13 12 6 9 18 9 2 9 31 2 4 26 1 15 25 7 1 1 9 5 3 8 14 32 10 17 2 12 3 15 1 10 7 2.70999124060388841 14 18 11 20.2474501132965088 107.854082739760031 
4 31 2.70999124060388841 12 19 2 17 15 10 15 32 11 1 22 12 14 16 13 6 12 11 13 9 13 2 1 4 18 9 2 9 31 2 4 26 1 15 25 7 1 1 9 17 23 11 14 32 10 17 2 12 3 15 1 8 30 4 5 14 13 19.4799599051475525 136.43034926568194 
3.36768017929769181 17 6 12 19 2 17 15 10 15 32 11 1 22 12 14 16 13 6 12 11 3 29 2 16 6 2 18 9 2 9 31 2 4 26 1 15 25 7 1 1 9 5 3 8 14 32 10 17 2 12 3 15 1 10 7 2.70999124060388841 18 16 1 22.5578567981719971 71.6515235857911676 
10 27 9 12 19 2 17 15 10 15 32 11 1 22 12 14 16 13 6 12 11 3 29 2 17 30 2 18 9 2 9 31 2 4 26 1 15 25 7 1 1 9 5 3 8 14 32 10 17 2 12 3 15 1 10 7 2.70999124060388841 18 16 1 23.8538697957992554 69.6372193887511486 
4 12 7 12 19 2 17 15 10 15 32 11 1 22 12 14 16 13 6 12 11 3 29 2 16 5.34074699537910114 9 18 9 2 9 31 2 4 26 1 15 25 7 1 1 9 5 3 8 14 32 10 17 2 12 3 15 1 10 7 2.70999124060388841 9 6 6.96245171630185755 20.9455188512802124 90.8982797111953289 
10 27 9 12 19 2 17 15 10 15 32 11 1 22 12 14 16 13 6 12 11 3 29 2 16 33 2 18 9 2 9 31 2 4 26 1 15 25 7 1 1 9 5 3 8 14 32 10 17 2 12 3 15 1 10 7 2.70999124060388841 18 16 1 24.7402588129043579 64.9135377445296768 
10 25 5 12 19 2 17 15 10 15 32 11 1 22 12 14 16 13 6 12 11 3 29 2 6 1 5 18 9 2 9 31 2 4 26 1 15 25 7 1 1 9 5 3 8 14 32 10 17 2 12 3 15 1 13 30 3 4 32 13 20.1369997262954712 111.190500729334232 
9 6 4 12 19 2 17 15 10 15 32 11 1 22 12 14 16 13 6 12 11 3 29 2 1 26 3 18 9 2 9 31 2 4 26 1 15 25 7 1 1 9 13 16 4 14 32 10 17 2 12 3 15 1 10 7 2.70999124060388841 17 32 5 20.1103529334068298 112.868551625627461 
3 31 1 10 24 13 1 14 2 17 5.34074699537910114 2 2 1 4 6 24 3 14 6 10 15 13 4 9 26 4 16 16 2 15 32 1 12 11 12 17 13 6.96245171630185755 1 30 4 9 6 3 4.94126535182462057 26 10 12 7 9.82524131762891173 13 12 1 14 32 11 14 30 11 17.8356240689754486 179.626734203491935 
14 2 2 14 30 13 9 15 9 6 31 2.70999124060388841 14 24 8 6 12 6.96245171630185755 18 1 5 3 30 10 9 5 4 14 22 7 6 1 2 2 12 6 3 30 12 4 5 7 17 15 9 3 32 5 13 6 12 17 5 5 3 23 8 4 26 9 17.2948746085166931 225.687019026724897 
1 20 11 12 19 2 17 15 10 15 32 11 1 22 12 14 16 13 6 12 11 3 29 2 16 31 7 12 6 7 9 31 2 4 26 1 15 25 7 1 1 9 5 3 8 14 32 10 17 2 12 3 15 1 10 7 2.70999124060388841 18 32 6 20.4818049073219299 100.571494310287406 
10 27 9 12 19 2 17 15 10 15 32 11 1 22 12 14 16 13 6 12 11 3 29 2 16 10 2 12 6 3 9 31 2 4 26 1 15 25 7 1 1 9 5 3 8 14 32 10 17 2 12 3 15 1 10 7 2.70999124060388841 18 16 1 25.6193876266479492 63.9829578271622879 
4 30 10 12 19 2 17 15 10 15 32 11 1 22 12 14 16 13 6 12 11 3 29 2 14 28 2 11 26 4 9 31 2 4 26 1 15 25 7 1 1 9 5 3 8 14 32 10 17 2 12 3 15 1 10 7 2.70999124060388841 4 24 10 20.4547357559204102 102.838289562884341 
3.36768017929769181 15 13 8 6 10 14 32 7 4 9 12 4 8 7 2 6 8 15 30 6.96245171630185755 14 32 8 8 16 11 1 31 7 13 24 12 9 24 8 13 30 12 2 31 7 14 20 2 15 24 2 13 13 8 9 15 1 14 26 9 8 24 4 16.728727787733078 246.147923625028369 
10 27 9 12 19 2 17 15 10 15 32 11 1 22 12 14 16 13 6 12 11 3 29 2 16 6 4 18 9 2 9 31 2 4 26 1 15 25 7 1 1 9 5 3 8 14 32 10 17 2 12 3 15 1 10 7 2.70999124060388841 18 16 1 23.8370728492736816 70.7248513021371679 
10 27 9 12 19 2 17 15 10 15 32 11 1 22 12 14 16 13 6 12 11 3 29 2 16 10 2 12 24 1 9 31 2 4 26 1 15 25 7 1 1 9 5 3 8 14 32 10 17 2 12 3 15 1 10 7 2.70999124060388841 18 16 1 25.7562226057052612 63.9408326494827293 

Current Evaluation = 60000000(60000000)
Front Size = 37
2 9 12 16 20 13 2 31 13 10 19 11 4 20 2 6 24 1 13 6 2.70999124060388841 9 31 8 6 17 11 12 26 4 16 20 13 13 24 4 4 30 13 9.25570237641795579 6 1 1 32 9 2 25 3.84646942076222631 14 1 10 17 19 13 6 20 5 12 20 9 17.3460876941680908 225.549275499275524 
4 20 10 12 19 2 17 15 10 15 32 11 1 22 12 14 16 13 6 12 11 3 29 2 17 24 4 18 9 2 9 31 2 4 26 1 15 25 7 1 1 9 5 3 8 14 32 10 17 2 12 3 15 1 10 7 2.70999124060388841 8 1 9 20.6516299247741699 93.4719936640728548 
10 27 9 12 19 2 17 15 10 15 32 11 1 22 12 14 16 13 6 12 11 3 29 2 16 10 2 18 9 2 9 31 2 4 26 1 15 25 7 1 1 9 2 3 5 14 32 10 17 2 12 3 15 1 10 7 2.70999124060388841 18 16 1 26.1643617153167725 62.3472373836957132 
16 14 9 12 19 2 17 15 10 15 32 11 1 22 12 14 16 13 6 12 11 3 29 2 4 31 1 18 9 2 9 31 2 4 26 1 15 25 7 1 1 9 5 3 8 14 32 10 17 2 12 3 15 1 10 7 2.70999124060388841 12 24 4 20.9705628752708435 86.9561780292580977 
10 25 3 12 19 2 17 15 10 15 32 11 1 22 12 14 16 13 6 12 11 3 29 2 16 10 2 18 9 2 9 31 2 4 26 1 15 25 7 1 1 9 5 3 8 14 32 10 17 2 12 3 15 1 10 7 2.70999124060388841 18 16 1 25.3379477262496948 63.9954153589206811 
16 20 2.70999124060388841 12 19 2 17 15 10 15 32 11 1 22 12 14 16 13 6 12 11 3 29 2 12 24 1 10 6 9 9 31 2 4 26 1 15 25 7 1 1 9 5 3 8 14 32 10 17 2 12 3 15 1 10 7 2.70999124060388841 18 16 1 21.5224088430404663 74.9280534084885375 
3.36768017929769181 11 4 12 19 2 17 15 10 15 32 11 1 22 12 14 16 13 6 12 11 3 29 2 4 1 6 18 9 2 16 30 6.96245171630185755 4 26 1 15 25 7 1 1 9 5 3 8 14 32 10 17 2 12 3 15 1 4.94126535182462057 30 2 18 16 1 21.3172129392623901 86.3641544239754779 
1 24 5 12 19 2 17 15 10 15 32 11 1 22 12 14 16 13 6 12 11 1 8 10 3.36768017929769181 1 13 14 19 8 9 31 2 4 26 1 15 25 7 1 1 9 5 3 8 14 32 10 17 2 12 3 15 1 10 7 2.70999124060388841 9.25570237641795579 32 9 19.2975467443466187 146.342304351991061 
6 25 13 12 19 2 17 15 10 15 32 11 1 22 12 14 16 13 6 12 11 3 29 2 2 15 8 18 9 2 9 31 2 4 26 1 15 25 7 1 1 9 5 3 8 14 32 10 17 2 12 3 15 1 13 31 1 1 24 9 20.008861780166626 113.450280094262922 
10 27 9 12 19 2 17 15 10 15 32 11 1 22 12 14 16 13 6 12 11 3 29 2 16 10 2 18 9 2 9 31 2 4 26 1 15 25 7 1 1 9 5 3 8 14 32 10 17 2 12 3 15 1 10 7 2.70999124060388841 18 16 1 26.6355186700820923 61.4167382738637855 
17 12 5 12 19 2 17 15 10 15 32 11 1 22 12 14 16 13 6 12 11 13 23 2 4 26 11 18 9 2 9 31 2 4 26 1 15 25 7 1 1 9 12 24 10 14 32 10 17 2 12 3 15 1 10 7 2.70999124060388841 3.36768017929769181 22 10 19.8432248830795288 125.322514705049954 
1 18 2 14 3 11 15 6 5 17 18 11 10 14 2 6 25 7 16 9 4 6 6 6 13 20 8 14 2 8 16 16 11 3 31 4 3 30 8 12 18 4 15 5 7 4 24 2.70999124060388841 8 15 3 14 20 10 9.25570237641795579 31 4 13 5 3.84646942076222631 17.3997678756713867 213.114958725485053 
10 27 9 12 19 2 17 15 10 15 32 11 1 22 12 14 16 13 6 12 11 3 29 2 16 28 2.70999124060388841 18 9 2 9 31 2 4 26 1 15 25 7 1 1 9 5 3 8 14 32 10 17 2 12 3 15 1 10 7 2.70999124060388841 18 16 1 24.5774308443069458 65.1002628239076273 
10 27 9 12 19 2 17 15 10 15 32 11 1 22 12 14 16 13 6 12 11 3 29 2 16 28 9 18 9 2 9 31 2 4 26 1 15 25 7 1 1 9 5 3 8 14 32 10 17 2 12 3 15 1 10 7 2.70999124060388841 18 16 1 24.4703928232192993 66.4472630837073837 
10 27 9 12 19 2 17 15 10 15 32 11 1 22 12 14 16 13 6 12 11 3 29 2 10 6 2.70999124060388841 16 30 4 9 31 2 4 26 1 15 25 7 1 1 9 5 3 8 14 32 10 17 2 12 3 15 1 10 7 2.70999124060388841 18 16 1 23.1588848233222961 71.0680107421477345 
10 1 4 12 19 2 17 15 10 15 32 11 1 22 12 14 16 13 6 12 11 3 29 2 16 10 2 18 9 2 9 31 2 4 26 1 15 25 7 1 1 9 5 3 8 14 32 10 17 2 12 3 15 1 10 7 2.70999124060388841 18 16 1 25.198455810546875 64.7808259927012671 
13 32 7 12 19 2 17 15 10 15 32 11 1 22 12 14 16 13 6 12 11 3 29 2 15 13 2.70999124060388841 16 6 7 9 31 2 4 26 1 15 25 7 1 1 9 5 3 8 14 32 10 17 2 12 3 15 1 10 7 2.70999124060388841 4 19 5 19.9653077125549316 114.348167783154921 
10 27 9 12 19 2 17 15 10 15 32 11 1 22 12 14 16 13 6 12 11 3 29 2 16 30 2.70999124060388841 18 9 2 9 31 2 4 26 1 15 25 7 1 1 9 5 3 8 14 32 10 17 2 12 3 15 1 10 7 2.70999124060388841 18 16 1 23.8807098865509033 66.6038116714219655 
14 12 4 12 19 2 17 15 10 15 32 11 1 22 12 14 16 13 6 12 11 16 17 4 15 18 7 18 9 2 9 31 2 4 26 1 14 13 7 1 1 9 5 3 8 14 32 10 17 2 12 3 15 1 10 7 2.70999124060388841 14 19 5 19.8673621416091919 114.519834430581767 
16 26 2 12 19 2 17 15 10 15 32 11 1 22 12 14 16 13 6 12 11 3 29 2 10 8 2.70999124060388841 18 9 2 9 31 2 4 26 1 15 25 7 1 1 9 5 3 8 14 32 10 17 2 12 3 15 1 10 7 2.70999124060388841 18 16 1 23.053919792175293 71.5957121757398482 
5 1 3 2 22 12 3.36768017929769181 24 7 6 25 8 2 15 2 13 1 2 1 32 5 15 30 2 10 16.1354543567662532 5 11 1 4 9 25 3 4.94126535182462057 6 1 6 26 12 16 19 7 8 31 8 13.2195649013323386 26 5 17.8244721320812971 2 5 12 12 3 17 9 5 15 32 13 19.2396786212921143 177.37348265662672 
3 2 2.70999124060388841 12 19 2 17 15 10 15 32 11 1 22 12 14 16 13 6 12 11 13 13 13 12 6 9 18 9 2 9 31 2 4 26 1 15 25 7 1 1 9 5 3 8 14 32 10 17 2 12 3 15 1 10 7 2.70999124060388841 14 18 11 20.2474501132965088 107.854082739760031 
3.36768017929769181 17 6 12 19 2 17 15 10 15 32 11 1 22 12 14 16 13 6 12 11 3 29 2 16 6 2 18 9 2 9 31 2 4 26 1 15 25 7 1 1 9 5 3 8 14 32 10 17 2 12 3 15 1 10 7 2.70999124060388841 18 16 1 22.5578567981719971 71.6515235857911676 
4 12 7 12 19 2 17 15 10 15 32 11 1 22 12 14 16 13 6 12 11 3 29 2 16 5.34074699537910114 9 18 9 2 9 31 2 4 26 1 15 25 7 1 1 9 5 3 8 14 32 10 17 2 12 3 15 1 10 7 2.70999124060388841 9 6 6.96245171630185755 20.9455188512802124 90.8982797111953289 
10 27 9 12 19 2 17 15 10 15 32 11 1 22 12 14 16 13 6 12 11 3 29 2 16 33 2 18 9 2 9 31 2 4 26 1 15 25 7 1 1 9 5 3 8 14 32 10 17 2 12 3 15 1 10 7 2.70999124060388841 18 16 1 24.7402588129043579 64.9135377445296768 
10 25 5 12 19 2 17 15 10 15 32 11 1 22 12 14 16 13 6 12 11 3 29 2 6 1 5 18 9 2 9 31 2 4 26 1 15 25 7 1 1 9 5 3 8 14 32 10 17 2 12 3 15 1 13 30 3 4 32 13 20.1369997262954712 111.190500729334232 
9 6 4 12 19 2 17 15 10 15 32 11 1 22 12 14 16 13 6 12 11 3 29 2 1 26 3 18 9 2 9 31 2 4 26 1 15 25 7 1 1 9 13 16 4 14 32 10 17 2 12 3 15 1 10 7 2.70999124060388841 17 32 5 20.1103529334068298 112.868551625627461 
3 31 1 10 24 13 1 14 2 17 5.34074699537910114 2 2 1 4 6 24 3 14 6 10 15 13 4 9 26 4 16 16 2 15 32 1 12 11 12 17 13 6.96245171630185755 1 30 4 9 6 3 4.94126535182462057 26 10 12 7 9.82524131762891173 13 12 1 14 32 11 14 30 11 17.8356240689754486 179.626734203491935 
14 2 2 14 30 13 9 15 9 6 31 2.70999124060388841 14 24 8 6 12 6.96245171630185755 18 1 5 3 30 10 9 5 4 14 22 7 6 1 2 2 12 6 3 30 12 4 5 7 17 15 9 3 32 5 13 6 12 17 5 5 3 23 8 4 26 9 17.2948746085166931 225.687019026724897 
1 20 11 12 19 2 17 15 10 15 32 11 1 22 12 14 16 13 6 12 11 3 29 2 16 31 7 12 6 7 9 31 2 4 26 1 15 25 7 1 1 9 5 3 8 14 32 10 17 2 12 3 15 1 10 7 2.70999124060388841 18 32 6 20.4818049073219299 100.571494310287406 
10 27 9 12 19 2 17 15 10 15 32 11 1 22 12 14 16 13 6 12 11 3 29 2 16 10 2 12 6 3 9 31 2 4 26 1 15 25 7 1 1 9 5 3 8 14 32 10 17 2 12 3 15 1 10 7 2.70999124060388841 18 16 1 25.6193876266479492 63.9829578271622879 
4 30 10 12 19 2 17 15 10 15 32 11 1 22 12 14 16 13 6 12 11 3 29 2 14 28 2 11 26 4 9 31 2 4 26 1 15 25 7 1 1 9 5 3 8 14 32 10 17 2 12 3 15 1 10 7 2.70999124060388841 4 24 10 20.4547357559204102 102.838289562884341 
3.36768017929769181 15 13 8 6 10 14 32 7 4 9 12 4 8 7 2 6 8 15 30 6.96245171630185755 14 32 8 8 16 11 1 31 7 13 24 12 9 24 8 13 30 12 2 31 7 14 20 2 15 24 2 13 13 8 9 15 1 14 26 9 8 24 4 16.728727787733078 246.147923625028369 
10 17 3 12 19 2 17 15 10 15 32 11 1 22 12 14 16 13 6 12 11 3 29 2 16 10 2 18 9 2 9 31 2 4 26 1 15 25 7 1 1 9 5 3 8 14 32 10 17 2 12 3 15 1 10 7 2.70999124060388841 18 16 1 25.6652218103408813 62.7243310884314127 
16 12 7 12 19 2 17 15 10 15 32 11 1 22 12 14 16 13 6 12 12 3 29 2 17 16 5 18 9 2 9 31 2 4 26 1 15 25 7 1 1 9 9 6 4 14 32 10 17 2 12 3 15 1 10 7 2.70999124060388841 12 26 11 20.3678848147392273 107.594847725540319 
10 27 9 12 19 2 17 15 10 15 32 11 1 22 12 14 16 13 6 12 11 3 29 2 10 6 1 16 24 6 9 31 2 4 26 1 15 25 7 1 1 9 5 3 8 14 32 10 17 2 12 3 15 1 10 7 2.70999124060388841 18 16 1 23.5120828747749329 68.1718069286428943 
15 6 11 12 19 2 17 15 10 15 32 11 1 22 12 14 16 13 6 12 11 3 29 2 3 24 2 5 15 10 9 31 2 4 26 1 15 25 7 1 1 9 17 31 9 14 32 10 17 2 12 3 15 1 10 7 2.70999124060388841 2 20 2 19.4629157185554504 129.195585112500936 

Current Evaluation = 70000000(70000000)
Front Size = 32
2 9 12 16 20 13 2 31 13 10 19 11 4 20 2 6 24 1 13 6 2.70999124060388841 9 31 8 6 17 11 12 26 4 16 20 13 13 24 4 4 30 13 9.25570237641795579 6 1 1 32 9 2 25 3.84646942076222631 14 1 10 17 19 13 6 20 5 12 20 9 17.3460876941680908 225.549275499275524 
4 20 10 12 19 2 17 15 10 15 32 11 1 22 12 14 16 13 6 12 11 3 29 2 17 24 4 18 9 2 9 31 2 4 26 1 15 25 7 1 1 9 5 3 8 14 32 10 17 2 12 3 15 1 10 7 2.70999124060388841 8 1 9 20.6516299247741699 93.4719936640728548 
10 27 9 12 19 2 17 15 10 15 32 11 1 22 12 14 16 13 6 12 11 3 29 2 16 10 2 18 9 2 9 31 2 4 26 1 15 25 7 1 1 9 2 3 5 14 32 10 17 2 12 3 15 1 10 7 2.70999124060388841 18 16 1 26.1643617153167725 62.3472373836957132 
16 14 9 12 19 2 17 15 10 15 32 11 1 22 12 14 16 13 6 12 11 3 29 2 4 31 1 18 9 2 9 31 2 4 26 1 15 25 7 1 1 9 5 3 8 14 32 10 17 2 12 3 15 1 10 7 2.70999124060388841 12 24 4 20.9705628752708435 86.9561780292580977 
10 25 3 12 19 2 17 15 10 15 32 11 1 22 12 14 16 13 6 12 11 3 29 2 16 10 2 18 9 2 9 31 2 4 26 1 15 25 7 1 1 9 5 3 8 14 32 10 17 2 12 3 15 1 10 7 2.70999124060388841 18 16 1 25.3379477262496948 63.9954153589206811 
16 20 2.70999124060388841 12 19 2 17 15 10 15 32 11 1 22 12 14 16 13 6 12 11 3 29 2 12 24 1 10 6 9 9 31 2 4 26 1 15 25 7 1 1 9 5 3 8 14 32 10 17 2 12 3 15 1 10 7 2.70999124060388841 18 16 1 21.5224088430404663 74.9280534084885375 
3.36768017929769181 11 4 12 19 2 17 15 10 15 32 11 1 22 12 14 16 13 6 12 11 3 29 2 4 1 6 18 9 2 16 30 6.96245171630185755 4 26 1 15 25 7 1 1 9 5 3 8 14 32 10 17 2 12 3 15 1 4.94126535182462057 30 2 18 16 1 21.3172129392623901 86.3641544239754779 
1 24 5 12 19 2 17 15 10 15 32 11 1 22 12 14 16 13 6 12 11 1 8 10 3.36768017929769181 1 13 14 19 8 9 31 2 4 26 1 15 25 7 1 1 9 5 3 8 14 32 10 17 2 12 3 15 1 10 7 2.70999124060388841 9.25570237641795579 32 9 19.2975467443466187 146.342304351991061 
1 18 2 14 3 11 15 6 5 17 18 11 10 14 2 6 25 7 16 9 4 6 6 6 13 20 8 14 2 8 16 16 11 3 31 4 3 30 8 12 18 4 15 5 7 4 24 2.70999124060388841 8 15 3 14 20 10 9.25570237641795579 31 4 13 5 3.84646942076222631 17.3997678756713867 213.114958725485053 
10 27 9 12 19 2 17 15 10 15 32 11 1 22 12 14 16 13 6 12 11 3 29 2 16 28 2.70999124060388841 18 9 2 9 31 2 4 26 1 15 25 7 1 1 9 5 3 8 14 32 10 17 2 12 3 15 1 10 7 2.70999124060388841 18 16 1 24.5774308443069458 65.1002628239076273 
10 27 9 12 19 2 17 15 10 15 32 11 1 22 12 14 16 13 6 12 11 3 29 2 10 6 2.70999124060388841 16 30 4 9 31 2 4 26 1 15 25 7 1 1 9 5 3 8 14 32 10 17 2 12 3 15 1 10 7 2.70999124060388841 18 16 1 23.1588848233222961 71.0680107421477345 
10 1 4 12 19 2 17 15 10 15 32 11 1 22 12 14 16 13 6 12 11 3 29 2 16 10 2 18 9 2 9 31 2 4 26 1 15 25 7 1 1 9 5 3 8 14 32 10 17 2 12 3 15 1 10 7 2.70999124060388841 18 16 1 25.198455810546875 64.7808259927012671 
10 27 9 12 19 2 17 15 10 15 32 11 1 22 12 14 16 13 6 12 11 3 29 2 16 30 2.70999124060388841 18 9 2 9 31 2 4 26 1 15 25 7 1 1 9 5 3 8 14 32 10 17 2 12 3 15 1 10 7 2.70999124060388841 18 16 1 23.8807098865509033 66.6038116714219655 
16 26 2 12 19 2 17 15 10 15 32 11 1 22 12 14 16 13 6 12 11 3 29 2 10 8 2.70999124060388841 18 9 2 9 31 2 4 26 1 15 25 7 1 1 9 5 3 8 14 32 10 17 2 12 3 15 1 10 7 2.70999124060388841 18 16 1 23.053919792175293 71.5957121757398482 
5 1 3 2 22 12 3.36768017929769181 24 7 6 25 8 2 15 2 13 1 2 1 32 5 15 30 2 10 16.1354543567662532 5 11 1 4 9 25 3 4.94126535182462057 6 1 6 26 12 16 19 7 8 31 8 13.2195649013323386 26 5 17.8244721320812971 2 5 12 12 3 17 9 5 15 32 13 19.2396786212921143 177.37348265662672 
3.36768017929769181 17 6 12 19 2 17 15 10 15 32 11 1 22 12 14 16 13 6 12 11 3 29 2 16 6 2 18 9 2 9 31 2 4 26 1 15 25 7 1 1 9 5 3 8 14 32 10 17 2 12 3 15 1 10 7 2.70999124060388841 18 16 1 22.5578567981719971 71.6515235857911676 
4 12 7 12 19 2 17 15 10 15 32 11 1 22 12 14 16 13 6 12 11 3 29 2 16 5.34074699537910114 9 18 9 2 9 31 2 4 26 1 15 25 7 1 1 9 5 3 8 14 32 10 17 2 12 3 15 1 10 7 2.70999124060388841 9 6 6.96245171630185755 20.9455188512802124 90.8982797111953289 
10 27 9 12 19 2 17 15 10 15 32 11 1 22 12 14 16 13 6 12 11 3 29 2 16 33 2 18 9 2 9 31 2 4 26 1 15 25 7 1 1 9 5 3 8 14 32 10 17 2 12 3 15 1 10 7 2.70999124060388841 18 16 1 24.7402588129043579 64.9135377445296768 
3 31 1 10 24 13 1 14 2 17 5.34074699537910114 2 2 1 4 6 24 3 14 6 10 15 13 4 9 26 4 16 16 2 15 32 1 12 11 12 17 13 6.96245171630185755 1 30 4 9 6 3 4.94126535182462057 26 10 12 7 9.82524131762891173 13 12 1 14 32 11 14 30 11 17.8356240689754486 179.626734203491935 
14 2 2 14 30 13 9 15 9 6 31 2.70999124060388841 14 24 8 6 12 6.96245171630185755 18 1 5 3 30 10 9 5 4 14 22 7 6 1 2 2 12 6 3 30 12 4 5 7 17 15 9 3 32 5 13 6 12 17 5 5 3 23 8 4 26 9 17.2948746085166931 225.687019026724897 
10 27 9 12 19 2 17 15 10 15 32 11 1 22 12 14 16 13 6 12 11 3 29 2 16 10 2 12 6 3 9 31 2 4 26 1 15 25 7 1 1 9 5 3 8 14 32 10 17 2 12 3 15 1 10 7 2.70999124060388841 18 16 1 25.6193876266479492 63.9829578271622879 
3.36768017929769181 15 13 8 6 10 14 32 7 4 9 12 4 8 7 2 6 8 15 30 6.96245171630185755 14 32 8 8 16 11 1 31 7 13 24 12 9 24 8 13 30 12 2 31 7 14 20 2 15 24 2 13 13 8 9 15 1 14 26 9 8 24 4 16.728727787733078 246.147923625028369 
10 17 3 12 19 2 17 15 10 15 32 11 1 22 12 14 16 13 6 12 11 3 29 2 16 10 2 18 9 2 9 31 2 4 26 1 15 25 7 1 1 9 5 3 8 14 32 10 17 2 12 3 15 1 10 7 2.70999124060388841 18 16 1 25.6652218103408813 62.7243310884314127 
10 27 9 12 19 2 17 15 10 15 32 11 1 22 12 14 16 13 6 12 11 3 29 2 10 6 1 16 24 6 9 31 2 4 26 1 15 25 7 1 1 9 5 3 8 14 32 10 17 2 12 3 15 1 10 7 2.70999124060388841 18 16 1 23.5120828747749329 68.1718069286428943 
15 6 11 12 19 2 17 15 10 15 32 11 1 22 12 14 16 13 6 12 11 3 29 2 3 24 2 5 15 10 9 31 2 4 26 1 15 25 7 1 1 9 17 31 9 14 32 10 17 2 12 3 15 1 10 7 2.70999124060388841 2 20 2 19.4629157185554504 129.195585112500936 
6 18 6 17 31 10 3 24 11 14 1 9 14 31 8 14 26 9 17 24 11 15 19 6 3 16 9 6 15 9 6 6 3 9 32 6 2 24 12 17 12 13 14 26 1 11 26 9 15 5 10 14 21 9 4 32 9 4 31 3 17.1459396481513977 243.008501294027582 
10 13 2 12 19 2 17 15 10 15 32 11 1 22 12 14 16 13 6 12 11 3 29 2 10 1 9 18 9 2 9 31 2 4 26 1 15 25 7 1 1 9 5 3 8 14 32 10 17 2 12 3 15 1 10 7 2.70999124060388841 18 16 1 23.2889459133148193 70.4876886595764489 
10 27 9 12 19 2 17 15 10 15 32 11 1 22 12 14 16 13 6 12 11 3 29 2 16 28 2 11 18 4 9 31 2 4 26 1 15 25 7 1 1 9 5 3 8 14 32 10 17 2 12 3 15 1 10 7 2.70999124060388841 18 16 1 24.2120168209075928 66.1085875295786707 
10 27 9 12 19 2 17 15 10 15 32 11 1 22 12 14 16 13 6 12 11 3 29 2 16 10 2 18 9 2 9 31 2 4 26 1 15 25 7 1 1 9 5 3 8 14 32 10 17 2 12 3 15 1 10 7 2.70999124060388841 18 16 1 26.6355186700820923 60.9039325730014056 
1 31 6 12 19 2 17 15 10 15 32 11 1 22 12 14 16 13 6 12 11 3 29 2 4 24 4 18 9 2 9 31 2 4 26 1 15 25 7 1 1 9 5 3 8 14 32 10 17 2 12 3 15 1 4 20 3 16 9 9 19.791304886341095 98.8339582760616082 
10 27 9 12 19 2 17 15 10 15 32 11 1 22 12 14 16 13 6 12 11 3 29 2 16 6 2.70999124060388841 18 9 2 9 31 2 4 26 1 15 25 7 1 1 9 5 3 8 14 32 10 17 2 12 3 15 1 10 7 2.70999124060388841 12 1 9 22.532433807849884 73.5873517423332686 
4 26 10 12 19 2 17 15 10 15 32 11 1 22 12 14 16 13 6 12 11 3 29 2 12 15 7 18 9 2 9 31 2 4 26 1 15 25 7 1 1 9 5 3 8 14 32 10 17 2 12 3 15 1 10 7 2.70999124060388841 5 5.34074699537910114 4 21.4405149221420288 86.1687510559048491 

Current Evaluation = 80000000(80000000)
Front Size = 32
2 9 12 16 20 13 2 31 13 10 19 11 4 20 2 6 24 1 13 6 2.70999124060388841 9 31 8 6 17 11 12 26 4 16 20 13 13 24 4 4 30 13 9.25570237641795579 6 1 1 32 9 2 25 3.84646942076222631 14 1 10 17 19 13 6 20 5 12 20 9 17.3460876941680908 225.549275499275524 
4 20 10 12 19 2 17 15 10 15 32 11 1 22 12 14 16 13 6 12 11 3 29 2 17 24 4 18 9 2 9 31 2 4 26 1 15 25 7 1 1 9 5 3 8 14 32 10 17 2 12 3 15 1 10 7 2.70999124060388841 8 1 9 20.6516299247741699 93.4719936640728548 
10 27 9 12 19 2 17 15 10 15 32 11 1 22 12 14 16 13 6 12 11 3 29 2 16 10 2 18 9 2 9 31 2 4 26 1 15 25 7 1 1 9 2 3 5 14 32 10 17 2 12 3 15 1 10 7 2.70999124060388841 18 16 1 26.1643617153167725 62.3472373836957132 
16 14 9 12 19 2 17 15 10 15 32 11 1 22 12 14 16 13 6 12 11 3 29 2 4 31 1 18 9 2 9 31 2 4 26 1 15 25 7 1 1 9 5 3 8 14 32 10 17 2 12 3 15 1 10 7 2.70999124060388841 12 24 4 20.9705628752708435 86.9561780292580977 
16 20 2.70999124060388841 12 19 2 17 15 10 15 32 11 1 22 12 14 16 13 6 12 11 3 29 2 12 24 1 10 6 9 9 31 2 4 26 1 15 25 7 1 1 9 5 3 8 14 32 10 17 2 12 3 15 1 10 7 2.70999124060388841 18 16 1 21.5224088430404663 74.9280534084885375 
3.36768017929769181 11 4 12 19 2 17 15 10 15 32 11 1 22 12 14 16 13 6 12 11 3 29 2 4 1 6 18 9 2 16 30 6.96245171630185755 4 26 1 15 25 7 1 1 9 5 3 8 14 32 10 17 2 12 3 15 1 4.94126535182462057 30 2 18 16 1 21.3172129392623901 86.3641544239754779 
1 24 5 12 19 2 17 15 10 15 32 11 1 22 12 14 16 13 6 12 11 1 8 10 3.36768017929769181 1 13 14 19 8 9 31 2 4 26 1 15 25 7 1 1 9 5 3 8 14 32 10 17 2 12 3 15 1 10 7 2.70999124060388841 9.25570237641795579 32 9 19.2975467443466187 146.342304351991061 
1 18 2 14 3 11 15 6 5 17 18 11 10 14 2 6 25 7 16 9 4 6 6 6 13 20 8 14 2 8 16 16 11 3 31 4 3 30 8 12 18 4 15 5 7 4 24 2.70999124060388841 8 15 3 14 20 10 9.25570237641795579 31 4 13 5 3.84646942076222631 17.3997678756713867 213.114958725485053 
10 27 9 12 19 2 17 15 10 15 32 11 1 22 12 14 16 13 6 12 11 3 29 2 10 6 2.70999124060388841 16 30 4 9 31 2 4 26 1 15 25 7 1 1 9 5 3 8 14 32 10 17 2 12 3 15 1 10 7 2.70999124060388841 18 16 1 23.1588848233222961 71.0680107421477345 
10 27 9 12 19 2 17 15 10 15 32 11 1 22 12 14 16 13 6 12 11 3 29 2 16 30 2.70999124060388841 18 9 2 9 31 2 4 26 1 15 25 7 1 1 9 5 3 8 14 32 10 17 2 12 3 15 1 10 7 2.70999124060388841 18 16 1 23.8807098865509033 66.6038116714219655 
16 26 2 12 19 2 17 15 10 15 32 11 1 22 12 14 16 13 6 12 11 3 29 2 10 8 2.70999124060388841 18 9 2 9 31 2 4 26 1 15 25 7 1 1 9 5 3 8 14 32 10 17 2 12 3 15 1 10 7 2.70999124060388841 18 16 1 23.053919792175293 71.5957121757398482 
5 1 3 2 22 12 3.36768017929769181 24 7 6 25 8 2 15 2 13 1 2 1 32 5 15 30 2 10 16.1354543567662532 5 11 1 4 9 25 3 4.94126535182462057 6 1 6 26 12 16 19 7 8 31 8 13.2195649013323386 26 5 17.8244721320812971 2 5 12 12 3 17 9 5 15 32 13 19.2396786212921143 177.37348265662672 
3.36768017929769181 17 6 12 19 2 17 15 10 15 32 11 1 22 12 14 16 13 6 12 11 3 29 2 16 6 2 18 9 2 9 31 2 4 26 1 15 25 7 1 1 9 5 3 8 14 32 10 17 2 12 3 15 1 10 7 2.70999124060388841 18 16 1 22.5578567981719971 71.6515235857911676 
4 12 7 12 19 2 17 15 10 15 32 11 1 22 12 14 16 13 6 12 11 3 29 2 16 5.34074699537910114 9 18 9 2 9 31 2 4 26 1 15 25 7 1 1 9 5 3 8 14 32 10 17 2 12 3 15 1 10 7 2.70999124060388841 9 6 6.96245171630185755 20.9455188512802124 90.8982797111953289 
3 31 1 10 24 13 1 14 2 17 5.34074699537910114 2 2 1 4 6 24 3 14 6 10 15 13 4 9 26 4 16 16 2 15 32 1 12 11 12 17 13 6.96245171630185755 1 30 4 9 6 3 4.94126535182462057 26 10 12 7 9.82524131762891173 13 12 1 14 32 11 14 30 11 17.8356240689754486 179.626734203491935 
14 2 2 14 30 13 9 15 9 6 31 2.70999124060388841 14 24 8 6 12 6.96245171630185755 18 1 5 3 30 10 9 5 4 14 22 7 6 1 2 2 12 6 3 30 12 4 5 7 17 15 9 3 32 5 13 6 12 17 5 5 3 23 8 4 26 9 17.2948746085166931 225.687019026724897 
3.36768017929769181 15 13 8 6 10 14 32 7 4 9 12 4 8 7 2 6 8 15 30 6.96245171630185755 14 32 8 8 16 11 1 31 7 13 24 12 9 24 8 13 30 12 2 31 7 14 20 2 15 24 2 13 13 8 9 15 1 14 26 9 8 24 4 16.728727787733078 246.147923625028369 
10 17 3 12 19 2 17 15 10 15 32 11 1 22 12 14 16 13 6 12 11 3 29 2 16 10 2 18 9 2 9 31 2 4 26 1 15 25 7 1 1 9 5 3 8 14 32 10 17 2 12 3 15 1 10 7 2.70999124060388841 18 16 1 25.6652218103408813 62.7243310884314127 
10 27 9 12 19 2 17 15 10 15 32 11 1 22 12 14 16 13 6 12 11 3 29 2 10 6 1 16 24 6 9 31 2 4 26 1 15 25 7 1 1 9 5 3 8 14 32 10 17 2 12 3 15 1 10 7 2.70999124060388841 18 16 1 23.5120828747749329 68.1718069286428943 
15 6 11 12 19 2 17 15 10 15 32 11 1 22 12 14 16 13 6 12 11 3 29 2 3 24 2 5 15 10 9 31 2 4 26 1 15 25 7 1 1 9 17 31 9 14 32 10 17 2 12 3 15 1 10 7 2.70999124060388841 2 20 2 19.4629157185554504 129.195585112500936 
10 13 2 12 19 2 17 15 10 15 32 11 1 22 12 14 16 13 6 12 11 3 29 2 10 1 9 18 9 2 9 31 2 4 26 1 15 25 7 1 1 9 5 3 8 14 32 10 17 2 12 3 15 1 10 7 2.70999124060388841 18 16 1 23.2889459133148193 70.4876886595764489 
10 27 9 12 19 2 17 15 10 15 32 11 1 22 12 14 16 13 6 12 11 3 29 2 16 28 2 11 18 4 9 31 2 4 26 1 15 25 7 1 1 9 5 3 8 14 32 10 17 2 12 3 15 1 10 7 2.70999124060388841 18 16 1 24.2120168209075928 66.1085875295786707 
10 27 9 12 19 2 17 15 10 15 32 11 1 22 12 14 16 13 6 12 11 3 29 2 16 10 2 18 9 2 9 31 2 4 26 1 15 25 7 1 1 9 5 3 8 14 32 10 17 2 12 3 15 1 10 7 2.70999124060388841 18 16 1 26.6355186700820923 60.9039325730014056 
1 31 6 12 19 2 17 15 10 15 32 11 1 22 12 14 16 13 6 12 11 3 29 2 4 24 4 18 9 2 9 31 2 4 26 1 15 25 7 1 1 9 5 3 8 14 32 10 17 2 12 3 15 1 4 20 3 16 9 9 19.791304886341095 98.8339582760616082 
10 27 9 12 19 2 17 15 10 15 32 11 1 22 12 14 16 13 6 12 11 3 29 2 16 6 2.70999124060388841 18 9 2 9 31 2 4 26 1 15 25 7 1 1 9 5 3 8 14 32 10 17 2 12 3 15 1 10 7 2.70999124060388841 12 1 9 22.532433807849884 73.5873517423332686 
4 26 10 12 19 2 17 15 10 15 32 11 1 22 12 14 16 13 6 12 11 3 29 2 12 15 7 18 9 2 9 31 2 4 26 1 15 25 7 1 1 9 5 3 8 14 32 10 17 2 12 3 15 1 10 7 2.70999124060388841 5 5.34074699537910114 4 21.4405149221420288 86.1687510559048491 
4 31 1 12 19 2 17 15 10 15 32 11 1 22 12 14 16 13 6 12 11 3 29 2 9 18 12 18 9 2 9 31 2 4 26 1 15 25 7 1 1 9 14 6 12 14 32 10 17 2 12 3 15 1 6 9 11 13 24 2.70999124060388841 19.3050249218940735 131.170294256208962 
10 27 9 12 19 2 17 15 10 15 32 11 1 22 12 14 16 13 6 12 11 3 29 2 16 10 2 12 6 2.70999124060388841 9 31 2 4 26 1 15 25 7 1 1 9 5 3 8 14 32 10 17 2 12 3 15 1 10 7 2.70999124060388841 18 16 1 25.5784015655517578 62.7843422692837621 
1 30 10 15 16 8 14 1 11 6 23 11 6 32 4 4 26 9 14 12 2 14 28 3 10 26 5 1 5.34074699537910114 9 17 30 3 14 3 8 13 19 13 4 16 2 1 15 2 17 31 7 3 8 13 6 14 12 13 15 6 6 25 10 17.7169768810272217 210.964791634970766 
10 27 9 12 19 2 17 15 10 15 32 11 1 22 12 14 16 13 6 12 11 3 29 2 16 28 2.70999124060388841 18 9 2 9 31 2 4 26 1 15 25 7 1 1 9 5 3 8 14 32 10 17 2 12 3 15 1 10 7 2.70999124060388841 18 16 1 24.5774308443069458 63.2420261872375491 
4 17 9 12 19 2 17 15 10 15 32 11 1 22 12 14 16 13 6 12 11 3 29 2 16 24 1 18 9 2 9 31 2 4 26 1 15 25 7 1 1 9 5 3 8 14 32 10 17 2 12 3 15 1 10 7 2.70999124060388841 18 16 1 22.4938578605651855 73.8807526192177448 
4 30 2.70999124060388841 9 6 12 13 30 9 1 5 6 9 9 10 12 18 12 14 14 12 9.25570237641795579 15 2 14 26 7 2 26 2 16 20 12 8 1 9 3 24 13 16 14 12 16 30 6 12 15 4 15 25 6 16 20 4 13 18 2 4 6 11 16.8642008602619171 241.084035022425155 

Current Evaluation = 90000000(90000000)
Front Size = 36
2 9 12 16 20 13 2 31 13 10 19 11 4 20 2 6 24 1 13 6 2.70999124060388841 9 31 8 6 17 11 12 26 4 16 20 13 13 24 4 4 30 13 9.25570237641795579 6 1 1 32 9 2 25 3.84646942076222631 14 1 10 17 19 13 6 20 5 12 20 9 17.3460876941680908 225.549275499275524 
4 20 10 12 19 2 17 15 10 15 32 11 1 22 12 14 16 13 6 12 11 3 29 2 17 24 4 18 9 2 9 31 2 4 26 1 15 25 7 1 1 9 5 3 8 14 32 10 17 2 12 3 15 1 10 7 2.70999124060388841 8 1 9 20.6516299247741699 93.4719936640728548 
10 27 9 12 19 2 17 15 10 15 32 11 1 22 12 14 16 13 6 12 11 3 29 2 16 10 2 18 9 2 9 31 2 4 26 1 15 25 7 1 1 9 2 3 5 14 32 10 17 2 12 3 15 1 10 7 2.70999124060388841 18 16 1 26.1643617153167725 62.3472373836957132 
16 14 9 12 19 2 17 15 10 15 32 11 1 22 12 14 16 13 6 12 11 3 29 2 4 31 1 18 9 2 9 31 2 4 26 1 15 25 7 1 1 9 5 3 8 14 32 10 17 2 12 3 15 1 10 7 2.70999124060388841 12 24 4 20.9705628752708435 86.9561780292580977 
16 20 2.70999124060388841 12 19 2 17 15 10 15 32 11 1 22 12 14 16 13 6 12 11 3 29 2 12 24 1 10 6 9 9 31 2 4 26 1 15 25 7 1 1 9 5 3 8 14 32 10 17 2 12 3 15 1 10 7 2.70999124060388841 18 16 1 21.5224088430404663 74.9280534084885375 
3.36768017929769181 11 4 12 19 2 17 15 10 15 32 11 1 22 12 14 16 13 6 12 11 3 29 2 4 1 6 18 9 2 16 30 6.96245171630185755 4 26 1 15 25 7 1 1 9 5 3 8 14 32 10 17 2 12 3 15 1 4.94126535182462057 30 2 18 16 1 21.3172129392623901 86.3641544239754779 
1 24 5 12 19 2 17 15 10 15 32 11 1 22 12 14 16 13 6 12 11 1 8 10 3.36768017929769181 1 13 14 19 8 9 31 2 4 26 1 15 25 7 1 1 9 5 3 8 14 32 10 17 2 12 3 15 1 10 7 2.70999124060388841 9.25570237641795579 32 9 19.2975467443466187 146.342304351991061 
1 18 2 14 3 11 15 6 5 17 18 11 10 14 2 6 25 7 16 9 4 6 6 6 13 20 8 14 2 8 16 16 11 3 31 4 3 30 8 12 18 4 15 5 7 4 24 2.70999124060388841 8 15 3 14 20 10 9.25570237641795579 31 4 13 5 3.84646942076222631 17.3997678756713867 213.114958725485053 
10 27 9 12 19 2 17 15 10 15 32 11 1 22 12 14 16 13 6 12 11 3 29 2 10 6 2.70999124060388841 16 30 4 9 31 2 4 26 1 15 25 7 1 1 9 5 3 8 14 32 10 17 2 12 3 15 1 10 7 2.70999124060388841 18 16 1 23.1588848233222961 71.0680107421477345 
10 27 9 12 19 2 17 15 10 15 32 11 1 22 12 14 16 13 6 12 11 3 29 2 16 30 2.70999124060388841 18 9 2 9 31 2 4 26 1 15 25 7 1 1 9 5 3 8 14 32 10 17 2 12 3 15 1 10 7 2.70999124060388841 18 16 1 23.8807098865509033 66.6038116714219655 
16 26 2 12 19 2 17 15 10 15 32 11 1 22 12 14 16 13 6 12 11 3 29 2 10 8 2.70999124060388841 18 9 2 9 31 2 4 26 1 15 25 7 1 1 9 5 3 8 14 32 10 17 2 12 3 15 1 10 7 2.70999124060388841 18 16 1 23.053919792175293 71.5957121757398482 
5 1 3 2 22 12 3.36768017929769181 24 7 6 25 8 2 15 2 13 1 2 1 32 5 15 30 2 10 16.1354543567662532 5 11 1 4 9 25 3 4.94126535182462057 6 1 6 26 12 16 19 7 8 31 8 13.2195649013323386 26 5 17.8244721320812971 2 5 12 12 3 17 9 5 15 32 13 19.2396786212921143 177.37348265662672 
3.36768017929769181 17 6 12 19 2 17 15 10 15 32 11 1 22 12 14 16 13 6 12 11 3 29 2 16 6 2 18 9 2 9 31 2 4 26 1 15 25 7 1 1 9 5 3 8 14 32 10 17 2 12 3 15 1 10 7 2.70999124060388841 18 16 1 22.5578567981719971 71.6515235857911676 
4 12 7 12 19 2 17 15 10 15 32 11 1 22 12 14 16 13 6 12 11 3 29 2 16 5.34074699537910114 9 18 9 2 9 31 2 4 26 1 15 25 7 1 1 9 5 3 8 14 32 10 17 2 12 3 15 1 10 7 2.70999124060388841 9 6 6.96245171630185755 20.9455188512802124 90.8982797111953289 
3 31 1 10 24 13 1 14 2 17 5.34074699537910114 2 2 1 4 6 24 3 14 6 10 15 13 4 9 26 4 16 16 2 15 32 1 12 11 12 17 13 6.96245171630185755 1 30 4 9 6 3 4.94126535182462057 26 10 12 7 9.82524131762891173 13 12 1 14 32 11 14 30 11 17.8356240689754486 179.626734203491935 
14 2 2 14 30 13 9 15 9 6 31 2.70999124060388841 14 24 8 6 12 6.96245171630185755 18 1 5 3 30 10 9 5 4 14 22 7 6 1 2 2 12 6 3 30 12 4 5 7 17 15 9 3 32 5 13 6 12 17 5 5 3 23 8 4 26 9 17.2948746085166931 225.687019026724897 
3.36768017929769181 15 13 8 6 10 14 32 7 4 9 12 4 8 7 2 6 8 15 30 6.96245171630185755 14 32 8 8 16 11 1 31 7 13 24 12 9 24 8 13 30 12 2 31 7 14 20 2 15 24 2 13 13 8 9 15 1 14 26 9 8 24 4 16.728727787733078 246.147923625028369 
10 17 3 12 19 2 17 15 10 15 32 11 1 22 12 14 16 13 6 12 11 3 29 2 16 10 2 18 9 2 9 31 2 4 26 1 15 25 7 1 1 9 5 3 8 14 32 10 17 2 12 3 15 1 10 7 2.70999124060388841 18 16 1 25.6652218103408813 62.7243310884314127 
10 27 9 12 19 2 17 15 10 15 32 11 1 22 12 14 16 13 6 12 11 3 29 2 10 6 1 16 24 6 9 31 2 4 26 1 15 25 7 1 1 9 5 3 8 14 32 10 17 2 12 3 15 1 10 7 2.70999124060388841 18 16 1 23.5120828747749329 68.1718069286428943 
15 6 11 12 19 2 17 15 10 15 32 11 1 22 12 14 16 13 6 12 11 3 29 2 3 24 2 5 15 10 9 31 2 4 26 1 15 25 7 1 1 9 17 31 9 14 32 10 17 2 12 3 15 1 10 7 2.70999124060388841 2 20 2 19.4629157185554504 129.195585112500936 
10 13 2 12 19 2 17 15 10 15 32 11 1 22 12 14 16 13 6 12 11 3 29 2 10 1 9 18 9 2 9 31 2 4 26 1 15 25 7 1 1 9 5 3 8 14 32 10 17 2 12 3 15 1 10 7 2.70999124060388841 18 16 1 23.2889459133148193 70.4876886595764489 
10 27 9 12 19 2 17 15 10 15 32 11 1 22 12 14 16 13 6 12 11 3 29 2 16 10 2 18 9 2 9 31 2 4 26 1 15 25 7 1 1 9 5 3 8 14 32 10 17 2 12 3 15 1 10 7 2.70999124060388841 18 16 1 26.6355186700820923 60.9039325730014056 
1 31 6 12 19 2 17 15 10 15 32 11 1 22 12 14 16 13 6 12 11 3 29 2 4 24 4 18 9 2 9 31 2 4 26 1 15 25 7 1 1 9 5 3 8 14 32 10 17 2 12 3 15 1 4 20 3 16 9 9 19.791304886341095 98.8339582760616082 
10 27 9 12 19 2 17 15 10 15 32 11 1 22 12 14 16 13 6 12 11 3 29 2 16 6 2.70999124060388841 18 9 2 9 31 2 4 26 1 15 25 7 1 1 9 5 3 8 14 32 10 17 2 12 3 15 1 10 7 2.70999124060388841 12 1 9 22.532433807849884 73.5873517423332686 
4 26 10 12 19 2 17 15 10 15 32 11 1 22 12 14 16 13 6 12 11 3 29 2 12 15 7 18 9 2 9 31 2 4 26 1 15 25 7 1 1 9 5 3 8 14 32 10 17 2 12 3 15 1 10 7 2.70999124060388841 5 5.34074699537910114 4 21.4405149221420288 86.1687510559048491 
4 31 1 12 19 2 17 15 10 15 32 11 1 22 12 14 16 13 6 12 11 3 29 2 9 18 12 18 9 2 9 31 2 4 26 1 15 25 7 1 1 9 14 6 12 14 32 10 17 2 12 3 15 1 6 9 11 13 24 2.70999124060388841 19.3050249218940735 131.170294256208962 
10 27 9 12 19 2 17 15 10 15 32 11 1 22 12 14 16 13 6 12 11 3 29 2 16 10 2 12 6 2.70999124060388841 9 31 2 4 26 1 15 25 7 1 1 9 5 3 8 14 32 10 17 2 12 3 15 1 10 7 2.70999124060388841 18 16 1 25.5784015655517578 62.7843422692837621 
1 30 10 15 16 8 14 1 11 6 23 11 6 32 4 4 26 9 14 12 2 14 28 3 10 26 5 1 5.34074699537910114 9 17 30 3 14 3 8 13 19 13 4 16 2 1 15 2 17 31 7 3 8 13 6 14 12 13 15 6 6 25 10 17.7169768810272217 210.964791634970766 
10 27 9 12 19 2 17 15 10 15 32 11 1 22 12 14 16 13 6 12 11 3 29 2 16 28 2.70999124060388841 18 9 2 9 31 2 4 26 1 15 25 7 1 1 9 5 3 8 14 32 10 17 2 12 3 15 1 10 7 2.70999124060388841 18 16 1 24.5774308443069458 63.2420261872375491 
4 17 9 12 19 2 17 15 10 15 32 11 1 22 12 14 16 13 6 12 11 3 29 2 16 24 1 18 9 2 9 31 2 4 26 1 15 25 7 1 1 9 5 3 8 14 32 10 17 2 12 3 15 1 10 7 2.70999124060388841 18 16 1 22.4938578605651855 73.8807526192177448 
4 30 2.70999124060388841 9 6 12 13 30 9 1 5 6 9 9 10 12 18 12 14 14 12 9.25570237641795579 15 2 14 26 7 2 26 2 16 20 12 8 1 9 3 24 13 16 14 12 16 30 6 12 15 4 15 25 6 16 20 4 13 18 2 4 6 11 16.8642008602619171 241.084035022425155 
10 27 9 12 19 2 17 15 10 15 32 11 1 22 12 14 16 13 6 12 11 3 29 2 16 2 2 18 9 2 9 31 2 4 26 1 15 25 7 1 1 9 5 3 8 14 32 10 17 2 12 3 15 1 10 7 2.70999124060388841 18 16 1 24.2798308134078979 65.1151190355918743 
8 6 2 12 19 2 17 15 10 15 32 11 1 22 12 14 16 13 6 12 11 3 29 2 10 24 1 18 9 2 9 31 2 4 26 1 15 25 7 1 1 9 5 3 8 14 32 10 17 2 12 3 15 1 16 6 6 1 24 1 20.5420588254928589 97.8156248163217299 
10 27 9 12 19 2 17 15 10 15 32 11 1 22 12 14 16 13 6 12 11 3 29 2 16 24 1 18 9 2 9 31 2 4 26 1 15 25 7 1 1 9 5 3 8 14 32 10 17 2 12 3 15 1 10 7 2.70999124060388841 18 16 1 24.0939078330993652 65.612458596217536 
10 27 9 12 19 2 17 30 3 15 32 11 1 22 12 14 16 13 6 12 11 3 29 2 16 10 2 18 9 2 9 31 2 4 26 1 15 25 7 1 1 9 5 3 8 14 32 10 17 2 12 3 15 1 10 7 2.70999124060388841 18 16 1 26.5034016370773315 61.3731555862609355 
12 31 8 12 19 2 17 15 10 15 32 11 1 22 12 14 16 13 6 12 11 3 29 2 4 6 9 18 9 2 9 31 2 4 26 1 15 25 7 1 1 9 5 3 8 14 32 10 17 2 12 3 15 1 2 30 2 14 24 11 19.6195398569107056 121.231713633018956 

Current Evaluation = 100000000(100000000)
Front Size = 36
2 9 12 16 20 13 2 31 13 10 19 11 4 20 2 6 24 1 13 6 2.70999124060388841 9 31 8 6 17 11 12 26 4 16 20 13 13 24 4 4 30 13 9.25570237641795579 6 1 1 32 9 2 25 3.84646942076222631 14 1 10 17 19 13 6 20 5 12 20 9 17.3460876941680908 225.549275499275524 
4 20 10 12 19 2 17 15 10 15 32 11 1 22 12 14 16 13 6 12 11 3 29 2 17 24 4 18 9 2 9 31 2 4 26 1 15 25 7 1 1 9 5 3 8 14 32 10 17 2 12 3 15 1 10 7 2.70999124060388841 8 1 9 20.6516299247741699 93.4719936640728548 
10 27 9 12 19 2 17 15 10 15 32 11 1 22 12 14 16 13 6 12 11 3 29 2 16 10 2 18 9 2 9 31 2 4 26 1 15 25 7 1 1 9 2 3 5 14 32 10 17 2 12 3 15 1 10 7 2.70999124060388841 18 16 1 26.1643617153167725 62.3472373836957132 
16 14 9 12 19 2 17 15 10 15 32 11 1 22 12 14 16 13 6 12 11 3 29 2 4 31 1 18 9 2 9 31 2 4 26 1 15 25 7 1 1 9 5 3 8 14 32 10 17 2 12 3 15 1 10 7 2.70999124060388841 12 24 4 20.9705628752708435 86.9561780292580977 
16 20 2.70999124060388841 12 19 2 17 15 10 15 32 11 1 22 12 14 16 13 6 12 11 3 29 2 12 24 1 10 6 9 9 31 2 4 26 1 15 25 7 1 1 9 5 3 8 14 32 10 17 2 12 3 15 1 10 7 2.70999124060388841 18 16 1 21.5224088430404663 74.9280534084885375 
3.36768017929769181 11 4 12 19 2 17 15 10 15 32 11 1 22 12 14 16 13 6 12 11 3 29 2 4 1 6 18 9 2 16 30 6.96245171630185755 4 26 1 15 25 7 1 1 9 5 3 8 14 32 10 17 2 12 3 15 1 4.94126535182462057 30 2 18 16 1 21.3172129392623901 86.3641544239754779 
1 24 5 12 19 2 17 15 10 15 32 11 1 22 12 14 16 13 6 12 11 1 8 10 3.36768017929769181 1 13 14 19 8 9 31 2 4 26 1 15 25 7 1 1 9 5 3 8 14 32 10 17 2 12 3 15 1 10 7 2.70999124060388841 9.25570237641795579 32 9 19.2975467443466187 146.342304351991061 
1 18 2 14 3 11 15 6 5 17 18 11 10 14 2 6 25 7 16 9 4 6 6 6 13 20 8 14 2 8 16 16 11 3 31 4 3 30 8 12 18 4 15 5 7 4 24 2.70999124060388841 8 15 3 14 20 10 9.25570237641795579 31 4 13 5 3.84646942076222631 17.3997678756713867 213.114958725485053 
10 27 9 12 19 2 17 15 10 15 32 11 1 22 12 14 16 13 6 12 11 3 29 2 10 6 2.70999124060388841 16 30 4 9 31 2 4 26 1 15 25 7 1 1 9 5 3 8 14 32 10 17 2 12 3 15 1 10 7 2.70999124060388841 18 16 1 23.1588848233222961 71.0680107421477345 
10 27 9 12 19 2 17 15 10 15 32 11 1 22 12 14 16 13 6 12 11 3 29 2 16 30 2.70999124060388841 18 9 2 9 31 2 4 26 1 15 25 7 1 1 9 5 3 8 14 32 10 17 2 12 3 15 1 10 7 2.70999124060388841 18 16 1 23.8807098865509033 66.6038116714219655 
16 26 2 12 19 2 17 15 10 15 32 11 1 22 12 14 16 13 6 12 11 3 29 2 10 8 2.70999124060388841 18 9 2 9 31 2 4 26 1 15 25 7 1 1 9 5 3 8 14 32 10 17 2 12 3 15 1 10 7 2.70999124060388841 18 16 1 23.053919792175293 71.5957121757398482 
5 1 3 2 22 12 3.36768017929769181 24 7 6 25 8 2 15 2 13 1 2 1 32 5 15 30 2 10 16.1354543567662532 5 11 1 4 9 25 3 4.94126535182462057 6 1 6 26 12 16 19 7 8 31 8 13.2195649013323386 26 5 17.8244721320812971 2 5 12 12 3 17 9 5 15 32 13 19.2396786212921143 177.37348265662672 
3.36768017929769181 17 6 12 19 2 17 15 10 15 32 11 1 22 12 14 16 13 6 12 11 3 29 2 16 6 2 18 9 2 9 31 2 4 26 1 15 25 7 1 1 9 5 3 8 14 32 10 17 2 12 3 15 1 10 7 2.70999124060388841 18 16 1 22.5578567981719971 71.6515235857911676 
4 12 7 12 19 2 17 15 10 15 32 11 1 22 12 14 16 13 6 12 11 3 29 2 16 5.34074699537910114 9 18 9 2 9 31 2 4 26 1 15 25 7 1 1 9 5 3 8 14 32 10 17 2 12 3 15 1 10 7 2.70999124060388841 9 6 6.96245171630185755 20.9455188512802124 90.8982797111953289 
3 31 1 10 24 13 1 14 2 17 5.34074699537910114 2 2 1 4 6 24 3 14 6 10 15 13 4 9 26 4 16 16 2 15 32 1 12 11 12 17 13 6.96245171630185755 1 30 4 9 6 3 4.94126535182462057 26 10 12 7 9.82524131762891173 13 12 1 14 32 11 14 30 11 17.8356240689754486 179.626734203491935 
14 2 2 14 30 13 9 15 9 6 31 2.70999124060388841 14 24 8 6 12 6.96245171630185755 18 1 5 3 30 10 9 5 4 14 22 7 6 1 2 2 12 6 3 30 12 4 5 7 17 15 9 3 32 5 13 6 12 17 5 5 3 23 8 4 26 9 17.2948746085166931 225.687019026724897 
3.36768017929769181 15 13 8 6 10 14 32 7 4 9 12 4 8 7 2 6 8 15 30 6.96245171630185755 14 32 8 8 16 11 1 31 7 13 24 12 9 24 8 13 30 12 2 31 7 14 20 2 15 24 2 13 13 8 9 15 1 14 26 9 8 24 4 16.728727787733078 246.147923625028369 
10 17 3 12 19 2 17 15 10 15 32 11 1 22 12 14 16 13 6 12 11 3 29 2 16 10 2 18 9 2 9 31 2 4 26 1 15 25 7 1 1 9 5 3 8 14 32 10 17 2 12 3 15 1 10 7 2.70999124060388841 18 16 1 25.6652218103408813 62.7243310884314127 
10 27 9 12 19 2 17 15 10 15 32 11 1 22 12 14 16 13 6 12 11 3 29 2 10 6 1 16 24 6 9 31 2 4 26 1 15 25 7 1 1 9 5 3 8 14 32 10 17 2 12 3 15 1 10 7 2.70999124060388841 18 16 1 23.5120828747749329 68.1718069286428943 
15 6 11 12 19 2 17 15 10 15 32 11 1 22 12 14 16 13 6 12 11 3 29 2 3 24 2 5 15 10 9 31 2 4 26 1 15 25 7 1 1 9 17 31 9 14 32 10 17 2 12 3 15 1 10 7 2.70999124060388841 2 20 2 19.4629157185554504 129.195585112500936 
10 13 2 12 19 2 17 15 10 15 32 11 1 22 12 14 16 13 6 12 11 3 29 2 10 1 9 18 9 2 9 31 2 4 26 1 15 25 7 1 1 9 5 3 8 14 32 10 17 2 12 3 15 1 10 7 2.70999124060388841 18 16 1 23.2889459133148193 70.4876886595764489 
10 27 9 12 19 2 17 15 10 15 32 11 1 22 12 14 16 13 6 12 11 3 29 2 16 10 2 18 9 2 9 31 2 4 26 1 15 25 7 1 1 9 5 3 8 14 32 10 17 2 12 3 15 1 10 7 2.70999124060388841 18 16 1 26.6355186700820923 60.9039325730014056 
1 31 6 12 19 2 17 15 10 15 32 11 1 22 12 14 16 13 6 12 11 3 29 2 4 24 4 18 9 2 9 31 2 4 26 1 15 25 7 1 1 9 5 3 8 14 32 10 17 2 12 3 15 1 4 20 3 16 9 9 19.791304886341095 98.8339582760616082 
10 27 9 12 19 2 17 15 10 15 32 11 1 22 12 14 16 13 6 12 11 3 29 2 16 6 2.70999124060388841 18 9 2 9 31 2 4 26 1 15 25 7 1 1 9 5 3 8 14 32 10 17 2 12 3 15 1 10 7 2.70999124060388841 12 1 9 22.532433807849884 73.5873517423332686 
4 26 10 12 19 2 17 15 10 15 32 11 1 22 12 14 16 13 6 12 11 3 29 2 12 15 7 18 9 2 9 31 2 4 26 1 15 25 7 1 1 9 5 3 8 14 32 10 17 2 12 3 15 1 10 7 2.70999124060388841 5 5.34074699537910114 4 21.4405149221420288 86.1687510559048491 
4 31 1 12 19 2 17 15 10 15 32 11 1 22 12 14 16 13 6 12 11 3 29 2 9 18 12 18 9 2 9 31 2 4 26 1 15 25 7 1 1 9 14 6 12 14 32 10 17 2 12 3 15 1 6 9 11 13 24 2.70999124060388841 19.3050249218940735 131.170294256208962 
10 27 9 12 19 2 17 15 10 15 32 11 1 22 12 14 16 13 6 12 11 3 29 2 16 10 2 12 6 2.70999124060388841 9 31 2 4 26 1 15 25 7 1 1 9 5 3 8 14 32 10 17 2 12 3 15 1 10 7 2.70999124060388841 18 16 1 25.5784015655517578 62.7843422692837621 
1 30 10 15 16 8 14 1 11 6 23 11 6 32 4 4 26 9 14 12 2 14 28 3 10 26 5 1 5.34074699537910114 9 17 30 3 14 3 8 13 19 13 4 16 2 1 15 2 17 31 7 3 8 13 6 14 12 13 15 6 6 25 10 17.7169768810272217 210.964791634970766 
10 27 9 12 19 2 17 15 10 15 32 11 1 22 12 14 16 13 6 12 11 3 29 2 16 28 2.70999124060388841 18 9 2 9 31 2 4 26 1 15 25 7 1 1 9 5 3 8 14 32 10 17 2 12 3 15 1 10 7 2.70999124060388841 18 16 1 24.5774308443069458 63.2420261872375491 
4 17 9 12 19 2 17 15 10 15 32 11 1 22 12 14 16 13 6 12 11 3 29 2 16 24 1 18 9 2 9 31 2 4 26 1 15 25 7 1 1 9 5 3 8 14 32 10 17 2 12 3 15 1 10 7 2.70999124060388841 18 16 1 22.4938578605651855 73.8807526192177448 
4 30 2.70999124060388841 9 6 12 13 30 9 1 5 6 9 9 10 12 18 12 14 14 12 9.25570237641795579 15 2 14 26 7 2 26 2 16 20 12 8 1 9 3 24 13 16 14 12 16 30 6 12 15 4 15 25 6 16 20 4 13 18 2 4 6 11 16.8642008602619171 241.084035022425155 
10 27 9 12 19 2 17 15 10 15 32 11 1 22 12 14 16 13 6 12 11 3 29 2 16 2 2 18 9 2 9 31 2 4 26 1 15 25 7 1 1 9 5 3 8 14 32 10 17 2 12 3 15 1 10 7 2.70999124060388841 18 16 1 24.2798308134078979 65.1151190355918743 
8 6 2 12 19 2 17 15 10 15 32 11 1 22 12 14 16 13 6 12 11 3 29 2 10 24 1 18 9 2 9 31 2 4 26 1 15 25 7 1 1 9 5 3 8 14 32 10 17 2 12 3 15 1 16 6 6 1 24 1 20.5420588254928589 97.8156248163217299 
10 27 9 12 19 2 17 15 10 15 32 11 1 22 12 14 16 13 6 12 11 3 29 2 16 24 1 18 9 2 9 31 2 4 26 1 15 25 7 1 1 9 5 3 8 14 32 10 17 2 12 3 15 1 10 7 2.70999124060388841 18 16 1 24.0939078330993652 65.612458596217536 
10 27 9 12 19 2 17 30 3 15 32 11 1 22 12 14 16 13 6 12 11 3 29 2 16 10 2 18 9 2 9 31 2 4 26 1 15 25 7 1 1 9 5 3 8 14 32 10 17 2 12 3 15 1 10 7 2.70999124060388841 18 16 1 26.5034016370773315 61.3731555862609355 
12 31 8 12 19 2 17 15 10 15 32 11 1 22 12 14 16 13 6 12 11 3 29 2 4 6 9 18 9 2 9 31 2 4 26 1 15 25 7 1 1 9 5 3 8 14 32 10 17 2 12 3 15 1 2 30 2 14 24 11 19.6195398569107056 121.231713633018956 

MOEA/D: Multiobjective Evolutionary Algorithm Based on Decomposition
Number of Evaluations = 100000000
Mutation Probability = 0.0500000007450580597
Population Size = 25
Neighborhood size = 4
Seed: 13

Time =  224953.885376999999

Current Evaluation = 100000000
Front Size = 36
2 9 12 16 20 13 2 31 13 10 19 11 4 20 2 6 24 1 13 6 2.70999124060388841 9 31 8 6 17 11 12 26 4 16 20 13 13 24 4 4 30 13 9.25570237641795579 6 1 1 32 9 2 25 3.84646942076222631 14 1 10 17 19 13 6 20 5 12 20 9 17.3460876941680908 225.549275499275524 
4 20 10 12 19 2 17 15 10 15 32 11 1 22 12 14 16 13 6 12 11 3 29 2 17 24 4 18 9 2 9 31 2 4 26 1 15 25 7 1 1 9 5 3 8 14 32 10 17 2 12 3 15 1 10 7 2.70999124060388841 8 1 9 20.6516299247741699 93.4719936640728548 
10 27 9 12 19 2 17 15 10 15 32 11 1 22 12 14 16 13 6 12 11 3 29 2 16 10 2 18 9 2 9 31 2 4 26 1 15 25 7 1 1 9 2 3 5 14 32 10 17 2 12 3 15 1 10 7 2.70999124060388841 18 16 1 26.1643617153167725 62.3472373836957132 
16 14 9 12 19 2 17 15 10 15 32 11 1 22 12 14 16 13 6 12 11 3 29 2 4 31 1 18 9 2 9 31 2 4 26 1 15 25 7 1 1 9 5 3 8 14 32 10 17 2 12 3 15 1 10 7 2.70999124060388841 12 24 4 20.9705628752708435 86.9561780292580977 
16 20 2.70999124060388841 12 19 2 17 15 10 15 32 11 1 22 12 14 16 13 6 12 11 3 29 2 12 24 1 10 6 9 9 31 2 4 26 1 15 25 7 1 1 9 5 3 8 14 32 10 17 2 12 3 15 1 10 7 2.70999124060388841 18 16 1 21.5224088430404663 74.9280534084885375 
3.36768017929769181 11 4 12 19 2 17 15 10 15 32 11 1 22 12 14 16 13 6 12 11 3 29 2 4 1 6 18 9 2 16 30 6.96245171630185755 4 26 1 15 25 7 1 1 9 5 3 8 14 32 10 17 2 12 3 15 1 4.94126535182462057 30 2 18 16 1 21.3172129392623901 86.3641544239754779 
1 24 5 12 19 2 17 15 10 15 32 11 1 22 12 14 16 13 6 12 11 1 8 10 3.36768017929769181 1 13 14 19 8 9 31 2 4 26 1 15 25 7 1 1 9 5 3 8 14 32 10 17 2 12 3 15 1 10 7 2.70999124060388841 9.25570237641795579 32 9 19.2975467443466187 146.342304351991061 
1 18 2 14 3 11 15 6 5 17 18 11 10 14 2 6 25 7 16 9 4 6 6 6 13 20 8 14 2 8 16 16 11 3 31 4 3 30 8 12 18 4 15 5 7 4 24 2.70999124060388841 8 15 3 14 20 10 9.25570237641795579 31 4 13 5 3.84646942076222631 17.3997678756713867 213.114958725485053 
10 27 9 12 19 2 17 15 10 15 32 11 1 22 12 14 16 13 6 12 11 3 29 2 10 6 2.70999124060388841 16 30 4 9 31 2 4 26 1 15 25 7 1 1 9 5 3 8 14 32 10 17 2 12 3 15 1 10 7 2.70999124060388841 18 16 1 23.1588848233222961 71.0680107421477345 
10 27 9 12 19 2 17 15 10 15 32 11 1 22 12 14 16 13 6 12 11 3 29 2 16 30 2.70999124060388841 18 9 2 9 31 2 4 26 1 15 25 7 1 1 9 5 3 8 14 32 10 17 2 12 3 15 1 10 7 2.70999124060388841 18 16 1 23.8807098865509033 66.6038116714219655 
16 26 2 12 19 2 17 15 10 15 32 11 1 22 12 14 16 13 6 12 11 3 29 2 10 8 2.70999124060388841 18 9 2 9 31 2 4 26 1 15 25 7 1 1 9 5 3 8 14 32 10 17 2 12 3 15 1 10 7 2.70999124060388841 18 16 1 23.053919792175293 71.5957121757398482 
5 1 3 2 22 12 3.36768017929769181 24 7 6 25 8 2 15 2 13 1 2 1 32 5 15 30 2 10 16.1354543567662532 5 11 1 4 9 25 3 4.94126535182462057 6 1 6 26 12 16 19 7 8 31 8 13.2195649013323386 26 5 17.8244721320812971 2 5 12 12 3 17 9 5 15 32 13 19.2396786212921143 177.37348265662672 
3.36768017929769181 17 6 12 19 2 17 15 10 15 32 11 1 22 12 14 16 13 6 12 11 3 29 2 16 6 2 18 9 2 9 31 2 4 26 1 15 25 7 1 1 9 5 3 8 14 32 10 17 2 12 3 15 1 10 7 2.70999124060388841 18 16 1 22.5578567981719971 71.6515235857911676 
4 12 7 12 19 2 17 15 10 15 32 11 1 22 12 14 16 13 6 12 11 3 29 2 16 5.34074699537910114 9 18 9 2 9 31 2 4 26 1 15 25 7 1 1 9 5 3 8 14 32 10 17 2 12 3 15 1 10 7 2.70999124060388841 9 6 6.96245171630185755 20.9455188512802124 90.8982797111953289 
3 31 1 10 24 13 1 14 2 17 5.34074699537910114 2 2 1 4 6 24 3 14 6 10 15 13 4 9 26 4 16 16 2 15 32 1 12 11 12 17 13 6.96245171630185755 1 30 4 9 6 3 4.94126535182462057 26 10 12 7 9.82524131762891173 13 12 1 14 32 11 14 30 11 17.8356240689754486 179.626734203491935 
14 2 2 14 30 13 9 15 9 6 31 2.70999124060388841 14 24 8 6 12 6.96245171630185755 18 1 5 3 30 10 9 5 4 14 22 7 6 1 2 2 12 6 3 30 12 4 5 7 17 15 9 3 32 5 13 6 12 17 5 5 3 23 8 4 26 9 17.2948746085166931 225.687019026724897 
3.36768017929769181 15 13 8 6 10 14 32 7 4 9 12 4 8 7 2 6 8 15 30 6.96245171630185755 14 32 8 8 16 11 1 31 7 13 24 12 9 24 8 13 30 12 2 31 7 14 20 2 15 24 2 13 13 8 9 15 1 14 26 9 8 24 4 16.728727787733078 246.147923625028369 
10 17 3 12 19 2 17 15 10 15 32 11 1 22 12 14 16 13 6 12 11 3 29 2 16 10 2 18 9 2 9 31 2 4 26 1 15 25 7 1 1 9 5 3 8 14 32 10 17 2 12 3 15 1 10 7 2.70999124060388841 18 16 1 25.6652218103408813 62.7243310884314127 
10 27 9 12 19 2 17 15 10 15 32 11 1 22 12 14 16 13 6 12 11 3 29 2 10 6 1 16 24 6 9 31 2 4 26 1 15 25 7 1 1 9 5 3 8 14 32 10 17 2 12 3 15 1 10 7 2.70999124060388841 18 16 1 23.5120828747749329 68.1718069286428943 
15 6 11 12 19 2 17 15 10 15 32 11 1 22 12 14 16 13 6 12 11 3 29 2 3 24 2 5 15 10 9 31 2 4 26 1 15 25 7 1 1 9 17 31 9 14 32 10 17 2 12 3 15 1 10 7 2.70999124060388841 2 20 2 19.4629157185554504 129.195585112500936 
10 13 2 12 19 2 17 15 10 15 32 11 1 22 12 14 16 13 6 12 11 3 29 2 10 1 9 18 9 2 9 31 2 4 26 1 15 25 7 1 1 9 5 3 8 14 32 10 17 2 12 3 15 1 10 7 2.70999124060388841 18 16 1 23.2889459133148193 70.4876886595764489 
10 27 9 12 19 2 17 15 10 15 32 11 1 22 12 14 16 13 6 12 11 3 29 2 16 10 2 18 9 2 9 31 2 4 26 1 15 25 7 1 1 9 5 3 8 14 32 10 17 2 12 3 15 1 10 7 2.70999124060388841 18 16 1 26.6355186700820923 60.9039325730014056 
1 31 6 12 19 2 17 15 10 15 32 11 1 22 12 14 16 13 6 12 11 3 29 2 4 24 4 18 9 2 9 31 2 4 26 1 15 25 7 1 1 9 5 3 8 14 32 10 17 2 12 3 15 1 4 20 3 16 9 9 19.791304886341095 98.8339582760616082 
10 27 9 12 19 2 17 15 10 15 32 11 1 22 12 14 16 13 6 12 11 3 29 2 16 6 2.70999124060388841 18 9 2 9 31 2 4 26 1 15 25 7 1 1 9 5 3 8 14 32 10 17 2 12 3 15 1 10 7 2.70999124060388841 12 1 9 22.532433807849884 73.5873517423332686 
4 26 10 12 19 2 17 15 10 15 32 11 1 22 12 14 16 13 6 12 11 3 29 2 12 15 7 18 9 2 9 31 2 4 26 1 15 25 7 1 1 9 5 3 8 14 32 10 17 2 12 3 15 1 10 7 2.70999124060388841 5 5.34074699537910114 4 21.4405149221420288 86.1687510559048491 
4 31 1 12 19 2 17 15 10 15 32 11 1 22 12 14 16 13 6 12 11 3 29 2 9 18 12 18 9 2 9 31 2 4 26 1 15 25 7 1 1 9 14 6 12 14 32 10 17 2 12 3 15 1 6 9 11 13 24 2.70999124060388841 19.3050249218940735 131.170294256208962 
10 27 9 12 19 2 17 15 10 15 32 11 1 22 12 14 16 13 6 12 11 3 29 2 16 10 2 12 6 2.70999124060388841 9 31 2 4 26 1 15 25 7 1 1 9 5 3 8 14 32 10 17 2 12 3 15 1 10 7 2.70999124060388841 18 16 1 25.5784015655517578 62.7843422692837621 
1 30 10 15 16 8 14 1 11 6 23 11 6 32 4 4 26 9 14 12 2 14 28 3 10 26 5 1 5.34074699537910114 9 17 30 3 14 3 8 13 19 13 4 16 2 1 15 2 17 31 7 3 8 13 6 14 12 13 15 6 6 25 10 17.7169768810272217 210.964791634970766 
10 27 9 12 19 2 17 15 10 15 32 11 1 22 12 14 16 13 6 12 11 3 29 2 16 28 2.70999124060388841 18 9 2 9 31 2 4 26 1 15 25 7 1 1 9 5 3 8 14 32 10 17 2 12 3 15 1 10 7 2.70999124060388841 18 16 1 24.5774308443069458 63.2420261872375491 
4 17 9 12 19 2 17 15 10 15 32 11 1 22 12 14 16 13 6 12 11 3 29 2 16 24 1 18 9 2 9 31 2 4 26 1 15 25 7 1 1 9 5 3 8 14 32 10 17 2 12 3 15 1 10 7 2.70999124060388841 18 16 1 22.4938578605651855 73.8807526192177448 
4 30 2.70999124060388841 9 6 12 13 30 9 1 5 6 9 9 10 12 18 12 14 14 12 9.25570237641795579 15 2 14 26 7 2 26 2 16 20 12 8 1 9 3 24 13 16 14 12 16 30 6 12 15 4 15 25 6 16 20 4 13 18 2 4 6 11 16.8642008602619171 241.084035022425155 
10 27 9 12 19 2 17 15 10 15 32 11 1 22 12 14 16 13 6 12 11 3 29 2 16 2 2 18 9 2 9 31 2 4 26 1 15 25 7 1 1 9 5 3 8 14 32 10 17 2 12 3 15 1 10 7 2.70999124060388841 18 16 1 24.2798308134078979 65.1151190355918743 
8 6 2 12 19 2 17 15 10 15 32 11 1 22 12 14 16 13 6 12 11 3 29 2 10 24 1 18 9 2 9 31 2 4 26 1 15 25 7 1 1 9 5 3 8 14 32 10 17 2 12 3 15 1 16 6 6 1 24 1 20.5420588254928589 97.8156248163217299 
10 27 9 12 19 2 17 15 10 15 32 11 1 22 12 14 16 13 6 12 11 3 29 2 16 24 1 18 9 2 9 31 2 4 26 1 15 25 7 1 1 9 5 3 8 14 32 10 17 2 12 3 15 1 10 7 2.70999124060388841 18 16 1 24.0939078330993652 65.612458596217536 
10 27 9 12 19 2 17 30 3 15 32 11 1 22 12 14 16 13 6 12 11 3 29 2 16 10 2 18 9 2 9 31 2 4 26 1 15 25 7 1 1 9 5 3 8 14 32 10 17 2 12 3 15 1 10 7 2.70999124060388841 18 16 1 26.5034016370773315 61.3731555862609355 
12 31 8 12 19 2 17 15 10 15 32 11 1 22 12 14 16 13 6 12 11 3 29 2 4 6 9 18 9 2 9 31 2 4 26 1 15 25 7 1 1 9 5 3 8 14 32 10 17 2 12 3 15 1 2 30 2 14 24 11 19.6195398569107056 121.231713633018956 

