Current Evaluation = 10000000(10000000)
Front Size = 37
3 6 1 2 3 9 16 26 2 16 18 7 15 16 1 6 32 11 10 6 13 14 3 8 11 1 3 16 14 5 12 5.34074699537910114 2 3 32 6 4 15 1 4 24 9 1 33 7 6 18 3 18 31 13 2 7 3 14 18 7 9 2 2.70999124060388841 21.0362541675567627 137.243893470179273 
3 6 1 2 3 9 14 11 2.70999124060388841 16 18 7 15 16 1 6 32 11 10 6 13 14 3 8 11 1 3 14 2 6 12 5.34074699537910114 2 3 32 6 4 15 1 15 30 2 10 26 12 6 18 3 18 19 11 2 7 3 4 25 1 9 2 2.70999124060388841 21.5491329431533813 108.331729232365461 
3 6 1 2 3 9 4 11 1 16 18 7 15 16 1 6 32 11 10 6 13 14 3 8 11 1 3 16 14 5 12 5.34074699537910114 2 3 32 6 4 15 1 9 24 8 10 26 12 6 18 3 18 19 11 2 7 3 4 25 1 9 2 2.70999124060388841 22.3815760016441345 97.7177854113332813 
3 26 3 2 3 9 4 27 1 17 9 2 9 15 1 6 32 11 10 6 13 14 3 8 11 1 3 16 14 5 12 5.34074699537910114 2 15 16 1 4 15 1 1 30 11 10 26 12 6 18 3 18 19 11 14 26 5 1 32 4 9 2 2.70999124060388841 22.2107701897621155 97.7857303515198453 
18 33 2.70999124060388841 2 3 9 4 27 1 17 9 2 9 15 1 6 32 11 10 6 13 14 3 8 11 1 3 16 14 5 12 5.34074699537910114 2 15 16 1 4 15 1 17 9 2.70999124060388841 10 26 12 6 18 3 18 19 11 15 20 9 1 32 4 9 2 2.70999124060388841 24.0897390842437744 78.2955261881854483 
18 33 2.70999124060388841 2 3 9 4 27 1 17 9 2 9 15 1 6 32 11 10 6 13 14 3 8 11 1 3 16 14 5 12 5.34074699537910114 2 15 16 1 4 15 1 17 4 8 10 26 12 6 18 3 18 19 11 2 21 5 1 32 4 9 2 2.70999124060388841 27.7225341200828552 65.8100097297015054 
18 33 2.70999124060388841 2 3 9 9 25 4 17 9 2 9 15 1 6 32 11 10 6 13 14 3 8 11 1 3 16 14 5 12 5.34074699537910114 2 15 16 1 4 15 1 17 4 8 10 26 12 6 18 3 18 19 11 2 5 5 1 32 4 9 2 2.70999124060388841 25.2326489090919495 74.5044833175966232 
12 1 3 2 3 9 4 27 1 17 9 2 9 15 1 6 32 11 10 6 13 14 3 8 11 1 3 16 14 5 12 5.34074699537910114 2 15 16 1 4 15 1 17 8 1 10 26 12 6 18 3 18 19 11 2 21 5 1 32 4 9 2 2.70999124060388841 24.4354732632637024 76.8510675676526773 
6 26 12 2 3 9 4 27 1 17 9 2 9 15 1 6 32 11 10 6 13 14 3 8 11 1 3 16 14 5 12 5.34074699537910114 2 15 16 1 4 15 1 17 6 2 10 26 12 6 18 3 18 19 11 2 21 5 1 32 4 9 2 2.70999124060388841 23.6670641303062439 83.5858553760799197 
8 25 3 3 1 4 16 31 3 13 30 2 1 15 12 15 26 1 8 24 10 3.36768017929769181 6 9 12 20 12 6 17 6 6 2 11 16 15 8 8 19 9 4 22 11 17 31 10 16 12 12 12 32 6.96245171630185755 18 8 4 13 6 10 2 16 10 19.1534497737884521 183.937259463962249 
18 33 2.70999124060388841 2 3 9 4 27 1 17 9 2 9 15 1 6 32 11 10 6 13 14 3 8 11 1 3 16 14 5 12 5.34074699537910114 2 15 16 1 4 15 1 16 24 2.70999124060388841 10 26 12 6 18 3 18 19 11 2 21 5 1 32 4 9 2 2.70999124060388841 25.3910011649131775 71.3505555906401412 
17 31 2.70999124060388841 13 17 5 9.25570237641795579 32 4 14 26 10 10 7 9 2 32 6 1 1 5 13 32 8 11 20 2 3 9 1 16 2 12 12 16 5 1 26 3 6 25 1 18 23 6 9 15 2 16 2 13 13 30 13 4 20 6 4 16 13 20.7646266222000122 164.29293711963993 
18 33 2.70999124060388841 2 3 9 4 27 1 17 9 2 9 15 1 6 32 11 10 6 13 14 3 8 11 1 3 16 14 5 12 5.34074699537910114 2 15 16 1 4 15 1 17 24 13 10 26 12 6 18 3 18 19 11 2 21 5 1 32 4 9 2 2.70999124060388841 25.4181471467018127 68.6955866202407606 
6 26 4 2 3 9 14 13 10 17 9 2 9 15 1 6 32 11 10 6 13 14 3 8 11 1 3 16 14 5 12 5.34074699537910114 2 15 16 1 4 15 1 2 9 5 10 26 12 6 18 3 18 19 11 9 26 9 1 32 4 9 2 2.70999124060388841 21.1294712424278259 114.314591998453096 
18 33 2.70999124060388841 2 3 9 4 27 1 17 9 2 9 15 1 6 32 11 10 6 13 14 3 8 11 1 3 16 14 5 12 5.34074699537910114 2 15 16 1 4 15 1 17 4 8 10 26 12 6 18 3 18 19 11 15 20 5 1 32 4 9 2 2.70999124060388841 26.3493400812149048 68.0806478352091204 
18 33 2.70999124060388841 2 3 9 4 27 1 17 9 2 9 15 1 6 32 11 10 6 13 14 3 8 11 1 3 16 14 5 12 5.34074699537910114 2 15 16 1 4 15 1 17 30 2.70999124060388841 10 26 12 6 18 3 18 19 11 2 21 5 1 32 4 9 2 2.70999124060388841 25.286949098110199 73.1497710189692611 
1 12 7 2 3 9 4 27 1 17 9 2 9 15 1 6 32 11 10 6 13 14 3 8 11 1 3 16 14 5 12 5.34074699537910114 2 15 16 1 4 15 1 14 30 3 10 26 12 6 18 3 18 19 11 2 21 5 1 32 4 9 2 2.70999124060388841 23.3383901417255402 88.2457602948071695 
18 33 2.70999124060388841 2 3 9 3.36768017929769181 2 3 17 9 2 9 15 1 6 32 11 10 6 13 14 3 8 11 1 3 16 14 5 12 5.34074699537910114 2 15 16 1 4 15 1 14 6 1 10 26 12 6 18 3 18 19 11 16 13 5 1 32 4 9 2 2.70999124060388841 23.0034402012825012 89.5224616073848409 
15 14 5 17 21 10 12 30 2 1 1 7 9 26 9 12 13 2 1 24 8 13 6 10 3.36768017929769181 20 12 8 26 5 15 15 6 16 16 5 10 18 7 2 32 2 3 17 5 14 31 6 9.25570237641795579 18 7 14 1 9 3 15 3.84646942076222631 1 2 4 19.0738029181957245 195.584346505447741 
18 33 2.70999124060388841 2 3 9 1 31 5 17 9 2 9 15 1 6 32 11 10 6 13 14 3 8 11 1 3 16 14 5 12 5.34074699537910114 2 15 16 1 4 15 1 3.36768017929769181 18 11 10 26 12 6 18 3 18 19 11 14 7 5 1 32 4 9 2 2.70999124060388841 22.86263108253479 93.9249791518455766 
11 26 1 2 3 9 14 31 2.70999124060388841 17 9 2 9 15 1 6 32 11 10 6 13 14 3 8 11 1 3 16 14 5 12 5.34074699537910114 2 15 16 1 4 15 1 17 4 8 10 26 12 6 18 3 18 19 11 14 25 10 1 32 4 9 2 2.70999124060388841 23.4536281228065491 83.8470156664623829 
15 22 13 2 3 9 4 27 1 17 9 2 9 15 1 6 32 11 10 6 13 14 3 8 11 1 3 16 14 5 12 5.34074699537910114 2 15 16 1 4 15 1 17 30 2.70999124060388841 10 26 12 6 18 3 18 19 11 2 21 5 1 32 4 9 2 2.70999124060388841 24.0661041140556335 83.3149698052640417 
18 33 2.70999124060388841 2 3 9 4 27 1 17 9 2 9 15 1 6 32 11 10 6 13 14 3 8 11 1 3 16 14 5 12 5.34074699537910114 2 15 16 1 4 15 1 17 30 11 10 26 12 6 18 3 18 19 11 2 21 5 1 32 4 9 2 2.70999124060388841 25.3275351524353027 71.9893985205433609 
16 15 2 5 30 3 9 14 13 11 5.34074699537910114 8 3 7 8 14 18 13 14 32 6 12 23 2 17 30 9 9.25570237641795579 15 2 14 2 3 16 24 1 2 18 12 4.94126535182462057 31 4 13 32 7 8 14 13 1 1 7 17 22 3 4 19 9 12 7 9.82524131762891173 20.0456718802452087 181.7193768220084 
2 32 2 12 20 1 10 6 3 14 32 9 13 1 4 6 32 4 1 15 4 16 33 2.70999124060388841 14 17 2 2 1 6.96245171630185755 12 20 2 16 33 9 13 6 3 4.94126535182462057 18 11 2 31 9.82524131762891173 9 20 5 1 19 13.151007650947605 8 9 3 12 24 5 6 5 10 18.3592938184738159 198.278975794126524 
18 33 2.70999124060388841 2 3 9 4 27 1 17 9 2 9 15 1 6 32 11 10 6 13 5 22 7 11 1 3 16 14 5 12 5.34074699537910114 2 15 16 1 4 15 1 3 6 13 10 26 12 6 18 3 18 19 11 2 5 6 1 32 4 9 2 2.70999124060388841 25.2653719782829285 74.1424149790548483 
15 28 10 3.36768017929769181 15 7 14 24 3 4 26 9 6 19 3 16 18 11 8 31 1 14 1 9 15 1 7 1 11 11 4 25 6.96245171630185755 17 3 13 17 6 1 4.94126535182462057 16 7 14 1 5 3 31 11 14 3 4 6 6 11 13.2195649013323386 26 4 9 25 1 17.1729849278926849 199.648542169225834 
18 33 2.70999124060388841 2 3 9 4 27 1 17 9 2 9 15 1 6 32 11 10 6 13 5 22 7 11 1 3 16 14 5 12 5.34074699537910114 2 15 16 1 4 15 1 17 4 8 10 26 12 6 18 3 18 19 11 2 21 5 1 32 4 9 2 2.70999124060388841 28.4700930714607239 64.4352429194825902 
9 25 7 10 6 10 1 2 11 14 15 12 1 8 6 18 19 8 15 23 9 16 29 11 13 31 5 9 30 13 6 6 2 16 20 12 1 12 1 5 31 4 1 9 4 17 16 3 4 6 10 4 24 2.70999124060388841 16 15 7 15 13 1 20.4999485611915588 179.263295476453379 
18 33 2.70999124060388841 2 3 9 4 27 1 17 9 2 9 15 1 6 32 11 10 6 13 5 22 7 11 1 3 16 14 5 12 5.34074699537910114 2 15 16 1 4 15 1 17 24 11 10 26 12 6 18 3 18 19 11 2 21 5 1 32 4 9 2 2.70999124060388841 26.1523061394691467 68.0860718127508306 
18 33 2.70999124060388841 2 3 9 4 27 1 17 9 2 9 15 1 6 32 11 10 6 13 5 22 7 11 1 3 16 14 5 12 5.34074699537910114 2 15 16 1 4 15 1 17 23 11 10 26 12 6 18 3 18 19 11 2 21 5 1 32 4 9 2 2.70999124060388841 26.6756129860877991 67.6228169247638675 
13 26 10 2 3 9 15 1 9 17 9 2 9 15 1 6 32 11 10 6 13 5 22 7 11 1 3 16 14 5 12 5.34074699537910114 2 15 16 1 4 15 1 17 30 8 10 26 12 6 18 3 18 19 11 2 21 5 1 32 4 9 2 2.70999124060388841 22.7011510133743286 94.8809717913994035 
18 33 2.70999124060388841 2 3 9 4 27 1 17 9 2 9 15 1 6 32 11 10 6 13 5 22 7 11 1 3 16 14 5 12 5.34074699537910114 2 15 16 1 4 15 1 17 4 8 10 26 12 6 18 3 18 19 11 15 13 6 1 32 4 9 2 2.70999124060388841 27.5078350901603699 67.5830017781533314 
1 6 10 2 3 9 3.36768017929769181 16.1354543567662532 1 17 9 2 9 15 1 6 32 11 10 6 13 5 22 7 11 1 3 16 14 5 12 5.34074699537910114 2 15 16 1 4 15 1 17 30 10 10 26 12 6 18 3 18 19 11 1 20 4 1 32 4 9 2 2.70999124060388841 21.6896811723709106 102.059779032053612 
13 2 6 10 9 11 14 24 7 8 3 13 13 29 7 16 23 4 4 1 2.70999124060388841 9.25570237641795579 32 2 12 6 2 6 7 1 16 24 2 4.94126535182462057 25 11 2 8 7 3 28 9.82524131762891173 9 31 1 4 26 11 18 18 6 14 25 2 6 32 7 4 30 4 20.5943047404289246 179.06600344100346 
18 33 2.70999124060388841 2 3 9 4 27 1 17 9 2 9 15 1 6 32 11 10 6 13 5 22 7 14 1 4 16 14 5 12 5.34074699537910114 2 15 16 1 4 15 1 17 4 8 10 26 12 6 18 3 18 19 11 2 21 5 1 32 4 9 2 2.70999124060388841 27.5100300908088684 66.3134373453355721 
18 33 2.70999124060388841 2 3 9 4 27 1 17 9 2 9 15 1 6 32 11 10 6 13 5 22 7 11 1 3 16 14 5 12 5.34074699537910114 2 15 16 1 4 15 1 14 24 11 10 26 12 6 18 3 18 19 11 2 31 3 1 32 4 9 2 2.70999124060388841 24.7916630506515503 75.2198466354846573 

Current Evaluation = 20000000(20000000)
Front Size = 43
3 6 1 2 3 9 16 26 2 16 18 7 15 16 1 6 32 11 10 6 13 14 3 8 11 1 3 16 14 5 12 5.34074699537910114 2 3 32 6 4 15 1 4 24 9 1 33 7 6 18 3 18 31 13 2 7 3 14 18 7 9 2 2.70999124060388841 21.0362541675567627 137.243893470179273 
3 6 1 2 3 9 14 11 2.70999124060388841 16 18 7 15 16 1 6 32 11 10 6 13 14 3 8 11 1 3 14 2 6 12 5.34074699537910114 2 3 32 6 4 15 1 15 30 2 10 26 12 6 18 3 18 19 11 2 7 3 4 25 1 9 2 2.70999124060388841 21.5491329431533813 108.331729232365461 
3 6 1 2 3 9 4 11 1 16 18 7 15 16 1 6 32 11 10 6 13 14 3 8 11 1 3 16 14 5 12 5.34074699537910114 2 3 32 6 4 15 1 9 24 8 10 26 12 6 18 3 18 19 11 2 7 3 4 25 1 9 2 2.70999124060388841 22.3815760016441345 97.7177854113332813 
3 26 3 2 3 9 4 27 1 17 9 2 9 15 1 6 32 11 10 6 13 14 3 8 11 1 3 16 14 5 12 5.34074699537910114 2 15 16 1 4 15 1 1 30 11 10 26 12 6 18 3 18 19 11 14 26 5 1 32 4 9 2 2.70999124060388841 22.2107701897621155 97.7857303515198453 
18 33 2.70999124060388841 2 3 9 4 27 1 17 9 2 9 15 1 6 32 11 10 6 13 14 3 8 11 1 3 16 14 5 12 5.34074699537910114 2 15 16 1 4 15 1 17 9 2.70999124060388841 10 26 12 6 18 3 18 19 11 15 20 9 1 32 4 9 2 2.70999124060388841 24.0897390842437744 78.2955261881854483 
18 33 2.70999124060388841 2 3 9 4 27 1 17 9 2 9 15 1 6 32 11 10 6 13 14 3 8 11 1 3 16 14 5 12 5.34074699537910114 2 15 16 1 4 15 1 17 4 8 10 26 12 6 18 3 18 19 11 2 21 5 1 32 4 9 2 2.70999124060388841 27.7225341200828552 65.8100097297015054 
18 33 2.70999124060388841 2 3 9 9 25 4 17 9 2 9 15 1 6 32 11 10 6 13 14 3 8 11 1 3 16 14 5 12 5.34074699537910114 2 15 16 1 4 15 1 17 4 8 10 26 12 6 18 3 18 19 11 2 5 5 1 32 4 9 2 2.70999124060388841 25.2326489090919495 74.5044833175966232 
12 1 3 2 3 9 4 27 1 17 9 2 9 15 1 6 32 11 10 6 13 14 3 8 11 1 3 16 14 5 12 5.34074699537910114 2 15 16 1 4 15 1 17 8 1 10 26 12 6 18 3 18 19 11 2 21 5 1 32 4 9 2 2.70999124060388841 24.4354732632637024 76.8510675676526773 
6 26 12 2 3 9 4 27 1 17 9 2 9 15 1 6 32 11 10 6 13 14 3 8 11 1 3 16 14 5 12 5.34074699537910114 2 15 16 1 4 15 1 17 6 2 10 26 12 6 18 3 18 19 11 2 21 5 1 32 4 9 2 2.70999124060388841 23.6670641303062439 83.5858553760799197 
8 25 3 3 1 4 16 31 3 13 30 2 1 15 12 15 26 1 8 24 10 3.36768017929769181 6 9 12 20 12 6 17 6 6 2 11 16 15 8 8 19 9 4 22 11 17 31 10 16 12 12 12 32 6.96245171630185755 18 8 4 13 6 10 2 16 10 19.1534497737884521 183.937259463962249 
18 33 2.70999124060388841 2 3 9 4 27 1 17 9 2 9 15 1 6 32 11 10 6 13 14 3 8 11 1 3 16 14 5 12 5.34074699537910114 2 15 16 1 4 15 1 16 24 2.70999124060388841 10 26 12 6 18 3 18 19 11 2 21 5 1 32 4 9 2 2.70999124060388841 25.3910011649131775 71.3505555906401412 
17 31 2.70999124060388841 13 17 5 9.25570237641795579 32 4 14 26 10 10 7 9 2 32 6 1 1 5 13 32 8 11 20 2 3 9 1 16 2 12 12 16 5 1 26 3 6 25 1 18 23 6 9 15 2 16 2 13 13 30 13 4 20 6 4 16 13 20.7646266222000122 164.29293711963993 
18 33 2.70999124060388841 2 3 9 4 27 1 17 9 2 9 15 1 6 32 11 10 6 13 14 3 8 11 1 3 16 14 5 12 5.34074699537910114 2 15 16 1 4 15 1 17 24 13 10 26 12 6 18 3 18 19 11 2 21 5 1 32 4 9 2 2.70999124060388841 25.4181471467018127 68.6955866202407606 
6 26 4 2 3 9 14 13 10 17 9 2 9 15 1 6 32 11 10 6 13 14 3 8 11 1 3 16 14 5 12 5.34074699537910114 2 15 16 1 4 15 1 2 9 5 10 26 12 6 18 3 18 19 11 9 26 9 1 32 4 9 2 2.70999124060388841 21.1294712424278259 114.314591998453096 
18 33 2.70999124060388841 2 3 9 4 27 1 17 9 2 9 15 1 6 32 11 10 6 13 14 3 8 11 1 3 16 14 5 12 5.34074699537910114 2 15 16 1 4 15 1 17 4 8 10 26 12 6 18 3 18 19 11 15 20 5 1 32 4 9 2 2.70999124060388841 26.3493400812149048 68.0806478352091204 
18 33 2.70999124060388841 2 3 9 4 27 1 17 9 2 9 15 1 6 32 11 10 6 13 14 3 8 11 1 3 16 14 5 12 5.34074699537910114 2 15 16 1 4 15 1 17 30 2.70999124060388841 10 26 12 6 18 3 18 19 11 2 21 5 1 32 4 9 2 2.70999124060388841 25.286949098110199 73.1497710189692611 
1 12 7 2 3 9 4 27 1 17 9 2 9 15 1 6 32 11 10 6 13 14 3 8 11 1 3 16 14 5 12 5.34074699537910114 2 15 16 1 4 15 1 14 30 3 10 26 12 6 18 3 18 19 11 2 21 5 1 32 4 9 2 2.70999124060388841 23.3383901417255402 88.2457602948071695 
18 33 2.70999124060388841 2 3 9 3.36768017929769181 2 3 17 9 2 9 15 1 6 32 11 10 6 13 14 3 8 11 1 3 16 14 5 12 5.34074699537910114 2 15 16 1 4 15 1 14 6 1 10 26 12 6 18 3 18 19 11 16 13 5 1 32 4 9 2 2.70999124060388841 23.0034402012825012 89.5224616073848409 
18 33 2.70999124060388841 2 3 9 1 31 5 17 9 2 9 15 1 6 32 11 10 6 13 14 3 8 11 1 3 16 14 5 12 5.34074699537910114 2 15 16 1 4 15 1 3.36768017929769181 18 11 10 26 12 6 18 3 18 19 11 14 7 5 1 32 4 9 2 2.70999124060388841 22.86263108253479 93.9249791518455766 
11 26 1 2 3 9 14 31 2.70999124060388841 17 9 2 9 15 1 6 32 11 10 6 13 14 3 8 11 1 3 16 14 5 12 5.34074699537910114 2 15 16 1 4 15 1 17 4 8 10 26 12 6 18 3 18 19 11 14 25 10 1 32 4 9 2 2.70999124060388841 23.4536281228065491 83.8470156664623829 
18 33 2.70999124060388841 2 3 9 4 27 1 17 9 2 9 15 1 6 32 11 10 6 13 14 3 8 11 1 3 16 14 5 12 5.34074699537910114 2 15 16 1 4 15 1 17 30 11 10 26 12 6 18 3 18 19 11 2 21 5 1 32 4 9 2 2.70999124060388841 25.3275351524353027 71.9893985205433609 
16 15 2 5 30 3 9 14 13 11 5.34074699537910114 8 3 7 8 14 18 13 14 32 6 12 23 2 17 30 9 9.25570237641795579 15 2 14 2 3 16 24 1 2 18 12 4.94126535182462057 31 4 13 32 7 8 14 13 1 1 7 17 22 3 4 19 9 12 7 9.82524131762891173 20.0456718802452087 181.7193768220084 
18 33 2.70999124060388841 2 3 9 4 27 1 17 9 2 9 15 1 6 32 11 10 6 13 5 22 7 11 1 3 16 14 5 12 5.34074699537910114 2 15 16 1 4 15 1 3 6 13 10 26 12 6 18 3 18 19 11 2 5 6 1 32 4 9 2 2.70999124060388841 25.2653719782829285 74.1424149790548483 
15 28 10 3.36768017929769181 15 7 14 24 3 4 26 9 6 19 3 16 18 11 8 31 1 14 1 9 15 1 7 1 11 11 4 25 6.96245171630185755 17 3 13 17 6 1 4.94126535182462057 16 7 14 1 5 3 31 11 14 3 4 6 6 11 13.2195649013323386 26 4 9 25 1 17.1729849278926849 199.648542169225834 
18 33 2.70999124060388841 2 3 9 4 27 1 17 9 2 9 15 1 6 32 11 10 6 13 5 22 7 11 1 3 16 14 5 12 5.34074699537910114 2 15 16 1 4 15 1 17 4 8 10 26 12 6 18 3 18 19 11 2 21 5 1 32 4 9 2 2.70999124060388841 28.4700930714607239 64.4352429194825902 
18 33 2.70999124060388841 2 3 9 4 27 1 17 9 2 9 15 1 6 32 11 10 6 13 5 22 7 11 1 3 16 14 5 12 5.34074699537910114 2 15 16 1 4 15 1 17 24 11 10 26 12 6 18 3 18 19 11 2 21 5 1 32 4 9 2 2.70999124060388841 26.1523061394691467 68.0860718127508306 
1 6 10 2 3 9 3.36768017929769181 16.1354543567662532 1 17 9 2 9 15 1 6 32 11 10 6 13 5 22 7 11 1 3 16 14 5 12 5.34074699537910114 2 15 16 1 4 15 1 17 30 10 10 26 12 6 18 3 18 19 11 1 20 4 1 32 4 9 2 2.70999124060388841 21.6896811723709106 102.059779032053612 
18 33 2.70999124060388841 2 3 9 4 27 1 17 9 2 9 15 1 6 32 11 10 6 13 5 22 7 14 1 4 16 14 5 12 5.34074699537910114 2 15 16 1 4 15 1 17 4 8 10 26 12 6 18 3 18 19 11 2 21 5 1 32 4 9 2 2.70999124060388841 27.5100300908088684 66.3134373453355721 
18 33 2.70999124060388841 2 3 9 4 27 1 17 9 2 9 15 1 6 32 11 10 6 13 5 22 7 11 1 3 16 14 5 12 5.34074699537910114 2 15 16 1 4 15 1 14 24 11 10 26 12 6 18 3 18 19 11 2 31 3 1 32 4 9 2 2.70999124060388841 24.7916630506515503 75.2198466354846573 
16 18 10 1 5.34074699537910114 12 18 2 2 13 30 6.96245171630185755 8 3 3.84646942076222631 6 15 2 3 26 12 15 30 9.82524131762891173 2 25 6 12 24 1 3 27 11 17.8244721320812971 3 6 4 33 2 15 19 10 2 32 5 1 18 8 6 19 2 14 30 8 4 16 4 14 12 7.75241283629571765 20.7363497316837311 172.619422618815946 
3.36768017929769181 18 12 9.25570237641795579 30 12 8 16 8 1 1 9 15 14 3 16 24 2 10 5 4 6 12 7 12 11 8 4.94126535182462057 12 4 14 32 2 3 6 11 6 30 1 17 23 4 12 28 8 6 22 7 8 18 2 14 30 9 16 20 8 16 25 6 18.7151200175285339 189.076332853964459 
3.36768017929769181 26 3 8 24 10 18 18 7 12 23 4 11 22 2 2 1 12 14 25 8 9.25570237641795579 3 12 16 19 2 1 24 11 2 6 3 16 17 7 17 18 13 10 13 4 3 16 7 6 31 10 1 32 11 12 25 6 13 1 7 14 12 2 20.4137303233146667 178.981216495922354 
5 24 4 6 19 3 18 26 13 9 5 1 16 32 7 9 30 8 14 18 4 3 1 3 9 2 11 10 16 11 4 29 11 3 32 4 17 20 12 3 12 2.70999124060388841 1 30 2 6 2 8 9 15 4 2 13 3 15 31 9 14 1 8 20.7078770399093628 177.359470062101678 
1 18 9 15 1 7 9 5 8 5 18 2 6 1 10 14 24 7 6 5.34074699537910114 9 3 32 3 15 30 10 14 26 3 10 18 5 16 19 11 2 15 4 14 25 11 9 25 6 14 17 2 1 15 6.96245171630185755 6 6 3.84646942076222631 8 31 4 1 30 4 17.1577437520027161 225.418955012995241 
14 6 13 2 3 9 4 27 1 17 9 2 9 15 1 6 32 11 10 6 13 5 22 7 11 1 3 16 14 5 12 5.34074699537910114 2 15 16 1 4 15 1 8 6 10 10 26 12 6 18 3 18 19 11 14 30 10 1 32 4 9 2 2.70999124060388841 22.6578450500965118 94.3363815064916338 
18 33 2.70999124060388841 2 3 9 4 27 1 17 9 2 9 15 1 6 32 11 10 6 13 5 22 7 2 1 6 16 14 5 12 5.34074699537910114 2 15 16 1 4 15 1 17 4 8 10 26 12 6 18 3 18 19 11 14 5 9 1 32 4 9 2 2.70999124060388841 26.5386300086975098 67.5898295147190993 
13 20 9 17 2 3 10 2 3 10 9 2 2 32 5 6 30 7 2 1 6 15 24 9 4 26 11 9 6 9 4 31 13 1 30 13 3 12 1 16 13 2.70999124060388841 10 1 4 1 25 12 6 26 11 14 19 12 17 24 6 4 32 10 18.0949859619140625 190.78621821934513 
18 28 4 2 3 9 4 27 1 17 9 2 9 15 1 6 32 11 10 6 13 5 22 7 11 1 3 16 14 5 12 5.34074699537910114 2 15 16 1 4 15 1 17 4 8 10 26 12 6 18 3 18 19 11 2 21 5 1 32 4 9 2 2.70999124060388841 28.228251039981842 65.5839129382332544 
6 24 9 14 13 7 4 27 1 17 9 2 9 15 1 6 32 11 10 6 13 5 22 7 11 1 3 16 14 5 12 5.34074699537910114 2 15 16 1 4 15 1 14 31 13 10 26 12 6 18 3 18 19 11 2 21 5 1 32 4 9 2 2.70999124060388841 23.8632321953773499 82.5501211890541384 
10 30 7 6 32 2.70999124060388841 6 15 10 12 12 12 11 14 13 1 2 6.96245171630185755 4.94126535182462057 2 9.82524131762891173 17 9 4 16 24 7 3 26 4 14 29 8 10 17 13 16 26 8 2 31 2 6 32 3 17.8244721320812971 1 9 3 11 3 3 26 5 15 31 3 5 18 7 20.2514717578887939 178.991953945798116 
18 33 2.70999124060388841 2 3 9 4 27 1 17 9 2 9 15 1 6 32 11 10 6 13 5 22 7 11 1 3 16 14 5 12 5.34074699537910114 2 15 16 1 4 15 1 18 6 13 10 26 12 6 18 3 18 19 11 2 21 5 1 32 4 9 2 2.70999124060388841 27.0288611054420471 67.4636935480427127 
18 33 2.70999124060388841 2 3 9 4 27 1 17 9 2 9 15 1 6 32 11 10 6 13 5 22 7 11 1 3 16 14 5 12 5.34074699537910114 2 15 16 1 4 15 1 17 4 8 10 26 12 6 1 9 18 19 11 2 21 5 1 32 4 9 2 2.70999124060388841 28.1797730922698975 65.6247675520779836 
18 33 2.70999124060388841 2 3 9 4 27 1 17 9 2 9 15 1 6 32 11 10 6 13 5 22 7 14 1 6 16 14 5 12 5.34074699537910114 2 15 16 1 4 15 1 17 4 8 10 26 12 6 18 3 18 19 11 2 21 5 1 32 4 9 2 2.70999124060388841 27.6500300765037537 65.8637493648367069 

Current Evaluation = 30000000(30000000)
Front Size = 35
3 6 1 2 3 9 14 11 2.70999124060388841 16 18 7 15 16 1 6 32 11 10 6 13 14 3 8 11 1 3 14 2 6 12 5.34074699537910114 2 3 32 6 4 15 1 15 30 2 10 26 12 6 18 3 18 19 11 2 7 3 4 25 1 9 2 2.70999124060388841 21.5491329431533813 108.331729232365461 
3 6 1 2 3 9 4 11 1 16 18 7 15 16 1 6 32 11 10 6 13 14 3 8 11 1 3 16 14 5 12 5.34074699537910114 2 3 32 6 4 15 1 9 24 8 10 26 12 6 18 3 18 19 11 2 7 3 4 25 1 9 2 2.70999124060388841 22.3815760016441345 97.7177854113332813 
3 26 3 2 3 9 4 27 1 17 9 2 9 15 1 6 32 11 10 6 13 14 3 8 11 1 3 16 14 5 12 5.34074699537910114 2 15 16 1 4 15 1 1 30 11 10 26 12 6 18 3 18 19 11 14 26 5 1 32 4 9 2 2.70999124060388841 22.2107701897621155 97.7857303515198453 
18 33 2.70999124060388841 2 3 9 4 27 1 17 9 2 9 15 1 6 32 11 10 6 13 14 3 8 11 1 3 16 14 5 12 5.34074699537910114 2 15 16 1 4 15 1 17 9 2.70999124060388841 10 26 12 6 18 3 18 19 11 15 20 9 1 32 4 9 2 2.70999124060388841 24.0897390842437744 78.2955261881854483 
18 33 2.70999124060388841 2 3 9 9 25 4 17 9 2 9 15 1 6 32 11 10 6 13 14 3 8 11 1 3 16 14 5 12 5.34074699537910114 2 15 16 1 4 15 1 17 4 8 10 26 12 6 18 3 18 19 11 2 5 5 1 32 4 9 2 2.70999124060388841 25.2326489090919495 74.5044833175966232 
12 1 3 2 3 9 4 27 1 17 9 2 9 15 1 6 32 11 10 6 13 14 3 8 11 1 3 16 14 5 12 5.34074699537910114 2 15 16 1 4 15 1 17 8 1 10 26 12 6 18 3 18 19 11 2 21 5 1 32 4 9 2 2.70999124060388841 24.4354732632637024 76.8510675676526773 
6 26 12 2 3 9 4 27 1 17 9 2 9 15 1 6 32 11 10 6 13 14 3 8 11 1 3 16 14 5 12 5.34074699537910114 2 15 16 1 4 15 1 17 6 2 10 26 12 6 18 3 18 19 11 2 21 5 1 32 4 9 2 2.70999124060388841 23.6670641303062439 83.5858553760799197 
18 33 2.70999124060388841 2 3 9 4 27 1 17 9 2 9 15 1 6 32 11 10 6 13 14 3 8 11 1 3 16 14 5 12 5.34074699537910114 2 15 16 1 4 15 1 16 24 2.70999124060388841 10 26 12 6 18 3 18 19 11 2 21 5 1 32 4 9 2 2.70999124060388841 25.3910011649131775 71.3505555906401412 
17 31 2.70999124060388841 13 17 5 9.25570237641795579 32 4 14 26 10 10 7 9 2 32 6 1 1 5 13 32 8 11 20 2 3 9 1 16 2 12 12 16 5 1 26 3 6 25 1 18 23 6 9 15 2 16 2 13 13 30 13 4 20 6 4 16 13 20.7646266222000122 164.29293711963993 
18 33 2.70999124060388841 2 3 9 4 27 1 17 9 2 9 15 1 6 32 11 10 6 13 14 3 8 11 1 3 16 14 5 12 5.34074699537910114 2 15 16 1 4 15 1 17 24 13 10 26 12 6 18 3 18 19 11 2 21 5 1 32 4 9 2 2.70999124060388841 25.4181471467018127 68.6955866202407606 
6 26 4 2 3 9 14 13 10 17 9 2 9 15 1 6 32 11 10 6 13 14 3 8 11 1 3 16 14 5 12 5.34074699537910114 2 15 16 1 4 15 1 2 9 5 10 26 12 6 18 3 18 19 11 9 26 9 1 32 4 9 2 2.70999124060388841 21.1294712424278259 114.314591998453096 
18 33 2.70999124060388841 2 3 9 4 27 1 17 9 2 9 15 1 6 32 11 10 6 13 14 3 8 11 1 3 16 14 5 12 5.34074699537910114 2 15 16 1 4 15 1 17 4 8 10 26 12 6 18 3 18 19 11 15 20 5 1 32 4 9 2 2.70999124060388841 26.3493400812149048 68.0806478352091204 
18 33 2.70999124060388841 2 3 9 4 27 1 17 9 2 9 15 1 6 32 11 10 6 13 14 3 8 11 1 3 16 14 5 12 5.34074699537910114 2 15 16 1 4 15 1 17 30 2.70999124060388841 10 26 12 6 18 3 18 19 11 2 21 5 1 32 4 9 2 2.70999124060388841 25.286949098110199 73.1497710189692611 
11 26 1 2 3 9 14 31 2.70999124060388841 17 9 2 9 15 1 6 32 11 10 6 13 14 3 8 11 1 3 16 14 5 12 5.34074699537910114 2 15 16 1 4 15 1 17 4 8 10 26 12 6 18 3 18 19 11 14 25 10 1 32 4 9 2 2.70999124060388841 23.4536281228065491 83.8470156664623829 
18 33 2.70999124060388841 2 3 9 4 27 1 17 9 2 9 15 1 6 32 11 10 6 13 14 3 8 11 1 3 16 14 5 12 5.34074699537910114 2 15 16 1 4 15 1 17 30 11 10 26 12 6 18 3 18 19 11 2 21 5 1 32 4 9 2 2.70999124060388841 25.3275351524353027 71.9893985205433609 
18 33 2.70999124060388841 2 3 9 4 27 1 17 9 2 9 15 1 6 32 11 10 6 13 5 22 7 11 1 3 16 14 5 12 5.34074699537910114 2 15 16 1 4 15 1 3 6 13 10 26 12 6 18 3 18 19 11 2 5 6 1 32 4 9 2 2.70999124060388841 25.2653719782829285 74.1424149790548483 
15 28 10 3.36768017929769181 15 7 14 24 3 4 26 9 6 19 3 16 18 11 8 31 1 14 1 9 15 1 7 1 11 11 4 25 6.96245171630185755 17 3 13 17 6 1 4.94126535182462057 16 7 14 1 5 3 31 11 14 3 4 6 6 11 13.2195649013323386 26 4 9 25 1 17.1729849278926849 199.648542169225834 
18 33 2.70999124060388841 2 3 9 4 27 1 17 9 2 9 15 1 6 32 11 10 6 13 5 22 7 11 1 3 16 14 5 12 5.34074699537910114 2 15 16 1 4 15 1 17 4 8 10 26 12 6 18 3 18 19 11 2 21 5 1 32 4 9 2 2.70999124060388841 28.4700930714607239 64.4352429194825902 
18 33 2.70999124060388841 2 3 9 4 27 1 17 9 2 9 15 1 6 32 11 10 6 13 5 22 7 11 1 3 16 14 5 12 5.34074699537910114 2 15 16 1 4 15 1 17 24 11 10 26 12 6 18 3 18 19 11 2 21 5 1 32 4 9 2 2.70999124060388841 26.1523061394691467 68.0860718127508306 
1 6 10 2 3 9 3.36768017929769181 16.1354543567662532 1 17 9 2 9 15 1 6 32 11 10 6 13 5 22 7 11 1 3 16 14 5 12 5.34074699537910114 2 15 16 1 4 15 1 17 30 10 10 26 12 6 18 3 18 19 11 1 20 4 1 32 4 9 2 2.70999124060388841 21.6896811723709106 102.059779032053612 
18 33 2.70999124060388841 2 3 9 4 27 1 17 9 2 9 15 1 6 32 11 10 6 13 5 22 7 11 1 3 16 14 5 12 5.34074699537910114 2 15 16 1 4 15 1 14 24 11 10 26 12 6 18 3 18 19 11 2 31 3 1 32 4 9 2 2.70999124060388841 24.7916630506515503 75.2198466354846573 
3.36768017929769181 18 12 9.25570237641795579 30 12 8 16 8 1 1 9 15 14 3 16 24 2 10 5 4 6 12 7 12 11 8 4.94126535182462057 12 4 14 32 2 3 6 11 6 30 1 17 23 4 12 28 8 6 22 7 8 18 2 14 30 9 16 20 8 16 25 6 18.7151200175285339 189.076332853964459 
1 18 9 15 1 7 9 5 8 5 18 2 6 1 10 14 24 7 6 5.34074699537910114 9 3 32 3 15 30 10 14 26 3 10 18 5 16 19 11 2 15 4 14 25 11 9 25 6 14 17 2 1 15 6.96245171630185755 6 6 3.84646942076222631 8 31 4 1 30 4 17.1577437520027161 225.418955012995241 
14 6 13 2 3 9 4 27 1 17 9 2 9 15 1 6 32 11 10 6 13 5 22 7 11 1 3 16 14 5 12 5.34074699537910114 2 15 16 1 4 15 1 8 6 10 10 26 12 6 18 3 18 19 11 14 30 10 1 32 4 9 2 2.70999124060388841 22.6578450500965118 94.3363815064916338 
18 33 2.70999124060388841 2 3 9 4 27 1 17 9 2 9 15 1 6 32 11 10 6 13 5 22 7 2 1 6 16 14 5 12 5.34074699537910114 2 15 16 1 4 15 1 17 4 8 10 26 12 6 18 3 18 19 11 14 5 9 1 32 4 9 2 2.70999124060388841 26.5386300086975098 67.5898295147190993 
13 20 9 17 2 3 10 2 3 10 9 2 2 32 5 6 30 7 2 1 6 15 24 9 4 26 11 9 6 9 4 31 13 1 30 13 3 12 1 16 13 2.70999124060388841 10 1 4 1 25 12 6 26 11 14 19 12 17 24 6 4 32 10 18.0949859619140625 190.78621821934513 
6 24 9 14 13 7 4 27 1 17 9 2 9 15 1 6 32 11 10 6 13 5 22 7 11 1 3 16 14 5 12 5.34074699537910114 2 15 16 1 4 15 1 14 31 13 10 26 12 6 18 3 18 19 11 2 21 5 1 32 4 9 2 2.70999124060388841 23.8632321953773499 82.5501211890541384 
4 31 4 2 3 9 14 25 11 17 9 2 9 15 1 6 32 11 10 6 13 5 22 7 11 1 3 16 14 5 12 5.34074699537910114 2 15 16 1 4 15 1 17 24 13 10 26 12 6 18 3 18 19 11 2 21 5 1 32 4 9 2 2.70999124060388841 22.6599640846252441 88.0566266235362463 
12 15 6 18 14 4 3.36768017929769181 18 10 2 3 5 1 32 2 5 26 8 1 12 12 9.25570237641795579 25 11 4 6 3 16 8 4 9 15 9 17 31 6 13 22 4 6 32 12 14 15 2 8 30 2 10 16 7 4 32 10 15 19 8 12 8 2 20.312770664691925 169.258316208791143 
18 33 2.70999124060388841 2 3 9 4 27 1 17 9 2 9 15 1 6 32 11 10 6 13 5 22 7 11 1 3 16 14 5 12 5.34074699537910114 2 15 16 1 4 15 1 17 4 8 10 26 12 6 18 3 18 19 11 14 25 5 1 32 4 9 2 2.70999124060388841 26.9351140260696411 67.1103051487353639 
18 33 2.70999124060388841 2 3 9 3.36768017929769181 25 1 17 9 2 9 15 1 6 32 11 10 6 13 5 22 7 11 1 3 16 14 5 12 5.34074699537910114 2 15 16 1 4 15 1 17 4 8 10 26 12 6 18 3 18 19 11 2 21 5 1 32 4 9 2 2.70999124060388841 27.0982940793037415 65.8270314193145083 
2 32 7 12 30 4 10 24 9 2 6 12 17 32 2.70999124060388841 16 7 9 8 16 3 3 2 4 4 1 10 15 17 9 16 15 13 14 16 1 3 2 11 2 31 4 17 1 4 9.25570237641795579 24 6 4.94126535182462057 2 9.82524131762891173 9 7 11 6 23 8 1 16 3 20.0683897137641907 173.506887001887009 
17 1 8 2 3 9 1 1 2 17 9 2 9 15 1 6 32 11 10 6 13 5 22 7 4 18 2.70999124060388841 16 14 5 12 5.34074699537910114 2 15 16 1 4 15 1 6 1 2 10 26 12 6 18 3 18 19 11 14 30 6 1 32 4 9 2 2.70999124060388841 20.7861400246620178 128.358765570178605 
18 33 2.70999124060388841 2 3 9 4 27 1 17 9 2 9 15 1 6 32 11 10 6 13 5 22 7 11 1 3 16 14 5 12 5.34074699537910114 2 15 16 1 4 15 1 17 4 8 10 26 12 6 18 3 18 19 11 2 20 10 1 32 4 9 2 2.70999124060388841 27.2590610384941101 64.9260269008244961 
1 26 1 17 5.34074699537910114 8 14 16.1354543567662532 6 4 2 10 12 1 13 9 15 6 9 26 10 16 30 2 4.94126535182462057 15 12 13.2195649013323386 2 1 17 30 5 2 3 9 6 6 13 9 16 8 17.8244721320812971 1 11 3 18.140740276750666 4 5 26 2 9 20 2 4 24 5 12 9 13 19.1421178579330444 179.161392098845113 

Current Evaluation = 40000000(40000000)
Front Size = 38
3 6 1 2 3 9 14 11 2.70999124060388841 16 18 7 15 16 1 6 32 11 10 6 13 14 3 8 11 1 3 14 2 6 12 5.34074699537910114 2 3 32 6 4 15 1 15 30 2 10 26 12 6 18 3 18 19 11 2 7 3 4 25 1 9 2 2.70999124060388841 21.5491329431533813 108.331729232365461 
3 6 1 2 3 9 4 11 1 16 18 7 15 16 1 6 32 11 10 6 13 14 3 8 11 1 3 16 14 5 12 5.34074699537910114 2 3 32 6 4 15 1 9 24 8 10 26 12 6 18 3 18 19 11 2 7 3 4 25 1 9 2 2.70999124060388841 22.3815760016441345 97.7177854113332813 
3 26 3 2 3 9 4 27 1 17 9 2 9 15 1 6 32 11 10 6 13 14 3 8 11 1 3 16 14 5 12 5.34074699537910114 2 15 16 1 4 15 1 1 30 11 10 26 12 6 18 3 18 19 11 14 26 5 1 32 4 9 2 2.70999124060388841 22.2107701897621155 97.7857303515198453 
18 33 2.70999124060388841 2 3 9 4 27 1 17 9 2 9 15 1 6 32 11 10 6 13 14 3 8 11 1 3 16 14 5 12 5.34074699537910114 2 15 16 1 4 15 1 17 9 2.70999124060388841 10 26 12 6 18 3 18 19 11 15 20 9 1 32 4 9 2 2.70999124060388841 24.0897390842437744 78.2955261881854483 
12 1 3 2 3 9 4 27 1 17 9 2 9 15 1 6 32 11 10 6 13 14 3 8 11 1 3 16 14 5 12 5.34074699537910114 2 15 16 1 4 15 1 17 8 1 10 26 12 6 18 3 18 19 11 2 21 5 1 32 4 9 2 2.70999124060388841 24.4354732632637024 76.8510675676526773 
6 26 12 2 3 9 4 27 1 17 9 2 9 15 1 6 32 11 10 6 13 14 3 8 11 1 3 16 14 5 12 5.34074699537910114 2 15 16 1 4 15 1 17 6 2 10 26 12 6 18 3 18 19 11 2 21 5 1 32 4 9 2 2.70999124060388841 23.6670641303062439 83.5858553760799197 
18 33 2.70999124060388841 2 3 9 4 27 1 17 9 2 9 15 1 6 32 11 10 6 13 14 3 8 11 1 3 16 14 5 12 5.34074699537910114 2 15 16 1 4 15 1 16 24 2.70999124060388841 10 26 12 6 18 3 18 19 11 2 21 5 1 32 4 9 2 2.70999124060388841 25.3910011649131775 71.3505555906401412 
18 33 2.70999124060388841 2 3 9 4 27 1 17 9 2 9 15 1 6 32 11 10 6 13 14 3 8 11 1 3 16 14 5 12 5.34074699537910114 2 15 16 1 4 15 1 17 24 13 10 26 12 6 18 3 18 19 11 2 21 5 1 32 4 9 2 2.70999124060388841 25.4181471467018127 68.6955866202407606 
6 26 4 2 3 9 14 13 10 17 9 2 9 15 1 6 32 11 10 6 13 14 3 8 11 1 3 16 14 5 12 5.34074699537910114 2 15 16 1 4 15 1 2 9 5 10 26 12 6 18 3 18 19 11 9 26 9 1 32 4 9 2 2.70999124060388841 21.1294712424278259 114.314591998453096 
18 33 2.70999124060388841 2 3 9 4 27 1 17 9 2 9 15 1 6 32 11 10 6 13 14 3 8 11 1 3 16 14 5 12 5.34074699537910114 2 15 16 1 4 15 1 17 4 8 10 26 12 6 18 3 18 19 11 15 20 5 1 32 4 9 2 2.70999124060388841 26.3493400812149048 68.0806478352091204 
18 33 2.70999124060388841 2 3 9 4 27 1 17 9 2 9 15 1 6 32 11 10 6 13 14 3 8 11 1 3 16 14 5 12 5.34074699537910114 2 15 16 1 4 15 1 17 30 2.70999124060388841 10 26 12 6 18 3 18 19 11 2 21 5 1 32 4 9 2 2.70999124060388841 25.286949098110199 73.1497710189692611 
11 26 1 2 3 9 14 31 2.70999124060388841 17 9 2 9 15 1 6 32 11 10 6 13 14 3 8 11 1 3 16 14 5 12 5.34074699537910114 2 15 16 1 4 15 1 17 4 8 10 26 12 6 18 3 18 19 11 14 25 10 1 32 4 9 2 2.70999124060388841 23.4536281228065491 83.8470156664623829 
18 33 2.70999124060388841 2 3 9 4 27 1 17 9 2 9 15 1 6 32 11 10 6 13 14 3 8 11 1 3 16 14 5 12 5.34074699537910114 2 15 16 1 4 15 1 17 30 11 10 26 12 6 18 3 18 19 11 2 21 5 1 32 4 9 2 2.70999124060388841 25.3275351524353027 71.9893985205433609 
18 33 2.70999124060388841 2 3 9 4 27 1 17 9 2 9 15 1 6 32 11 10 6 13 5 22 7 11 1 3 16 14 5 12 5.34074699537910114 2 15 16 1 4 15 1 3 6 13 10 26 12 6 18 3 18 19 11 2 5 6 1 32 4 9 2 2.70999124060388841 25.2653719782829285 74.1424149790548483 
15 28 10 3.36768017929769181 15 7 14 24 3 4 26 9 6 19 3 16 18 11 8 31 1 14 1 9 15 1 7 1 11 11 4 25 6.96245171630185755 17 3 13 17 6 1 4.94126535182462057 16 7 14 1 5 3 31 11 14 3 4 6 6 11 13.2195649013323386 26 4 9 25 1 17.1729849278926849 199.648542169225834 
18 33 2.70999124060388841 2 3 9 4 27 1 17 9 2 9 15 1 6 32 11 10 6 13 5 22 7 11 1 3 16 14 5 12 5.34074699537910114 2 15 16 1 4 15 1 17 24 11 10 26 12 6 18 3 18 19 11 2 21 5 1 32 4 9 2 2.70999124060388841 26.1523061394691467 68.0860718127508306 
1 6 10 2 3 9 3.36768017929769181 16.1354543567662532 1 17 9 2 9 15 1 6 32 11 10 6 13 5 22 7 11 1 3 16 14 5 12 5.34074699537910114 2 15 16 1 4 15 1 17 30 10 10 26 12 6 18 3 18 19 11 1 20 4 1 32 4 9 2 2.70999124060388841 21.6896811723709106 102.059779032053612 
18 33 2.70999124060388841 2 3 9 4 27 1 17 9 2 9 15 1 6 32 11 10 6 13 5 22 7 11 1 3 16 14 5 12 5.34074699537910114 2 15 16 1 4 15 1 14 24 11 10 26 12 6 18 3 18 19 11 2 31 3 1 32 4 9 2 2.70999124060388841 24.7916630506515503 75.2198466354846573 
1 18 9 15 1 7 9 5 8 5 18 2 6 1 10 14 24 7 6 5.34074699537910114 9 3 32 3 15 30 10 14 26 3 10 18 5 16 19 11 2 15 4 14 25 11 9 25 6 14 17 2 1 15 6.96245171630185755 6 6 3.84646942076222631 8 31 4 1 30 4 17.1577437520027161 225.418955012995241 
14 6 13 2 3 9 4 27 1 17 9 2 9 15 1 6 32 11 10 6 13 5 22 7 11 1 3 16 14 5 12 5.34074699537910114 2 15 16 1 4 15 1 8 6 10 10 26 12 6 18 3 18 19 11 14 30 10 1 32 4 9 2 2.70999124060388841 22.6578450500965118 94.3363815064916338 
18 33 2.70999124060388841 2 3 9 4 27 1 17 9 2 9 15 1 6 32 11 10 6 13 5 22 7 2 1 6 16 14 5 12 5.34074699537910114 2 15 16 1 4 15 1 17 4 8 10 26 12 6 18 3 18 19 11 14 5 9 1 32 4 9 2 2.70999124060388841 26.5386300086975098 67.5898295147190993 
13 20 9 17 2 3 10 2 3 10 9 2 2 32 5 6 30 7 2 1 6 15 24 9 4 26 11 9 6 9 4 31 13 1 30 13 3 12 1 16 13 2.70999124060388841 10 1 4 1 25 12 6 26 11 14 19 12 17 24 6 4 32 10 18.0949859619140625 190.78621821934513 
6 24 9 14 13 7 4 27 1 17 9 2 9 15 1 6 32 11 10 6 13 5 22 7 11 1 3 16 14 5 12 5.34074699537910114 2 15 16 1 4 15 1 14 31 13 10 26 12 6 18 3 18 19 11 2 21 5 1 32 4 9 2 2.70999124060388841 23.8632321953773499 82.5501211890541384 
4 31 4 2 3 9 14 25 11 17 9 2 9 15 1 6 32 11 10 6 13 5 22 7 11 1 3 16 14 5 12 5.34074699537910114 2 15 16 1 4 15 1 17 24 13 10 26 12 6 18 3 18 19 11 2 21 5 1 32 4 9 2 2.70999124060388841 22.6599640846252441 88.0566266235362463 
12 15 6 18 14 4 3.36768017929769181 18 10 2 3 5 1 32 2 5 26 8 1 12 12 9.25570237641795579 25 11 4 6 3 16 8 4 9 15 9 17 31 6 13 22 4 6 32 12 14 15 2 8 30 2 10 16 7 4 32 10 15 19 8 12 8 2 20.312770664691925 169.258316208791143 
18 33 2.70999124060388841 2 3 9 3.36768017929769181 25 1 17 9 2 9 15 1 6 32 11 10 6 13 5 22 7 11 1 3 16 14 5 12 5.34074699537910114 2 15 16 1 4 15 1 17 4 8 10 26 12 6 18 3 18 19 11 2 21 5 1 32 4 9 2 2.70999124060388841 27.0982940793037415 65.8270314193145083 
2 32 7 12 30 4 10 24 9 2 6 12 17 32 2.70999124060388841 16 7 9 8 16 3 3 2 4 4 1 10 15 17 9 16 15 13 14 16 1 3 2 11 2 31 4 17 1 4 9.25570237641795579 24 6 4.94126535182462057 2 9.82524131762891173 9 7 11 6 23 8 1 16 3 20.0683897137641907 173.506887001887009 
17 1 8 2 3 9 1 1 2 17 9 2 9 15 1 6 32 11 10 6 13 5 22 7 4 18 2.70999124060388841 16 14 5 12 5.34074699537910114 2 15 16 1 4 15 1 6 1 2 10 26 12 6 18 3 18 19 11 14 30 6 1 32 4 9 2 2.70999124060388841 20.7861400246620178 128.358765570178605 
18 33 2.70999124060388841 2 3 9 4 27 1 17 9 2 9 15 1 6 32 11 10 6 13 5 22 7 11 1 3 16 14 5 12 5.34074699537910114 2 15 16 1 4 15 1 17 4 8 10 26 12 6 18 3 18 19 11 2 20 10 1 32 4 9 2 2.70999124060388841 27.2590610384941101 64.9260269008244961 
1 26 1 17 5.34074699537910114 8 14 16.1354543567662532 6 4 2 10 12 1 13 9 15 6 9 26 10 16 30 2 4.94126535182462057 15 12 13.2195649013323386 2 1 17 30 5 2 3 9 6 6 13 9 16 8 17.8244721320812971 1 11 3 18.140740276750666 4 5 26 2 9 20 2 4 24 5 12 9 13 19.1421178579330444 179.161392098845113 
18 33 2.70999124060388841 2 3 9 4 27 1 17 9 2 9 15 1 6 32 11 10 6 13 5 22 7 2 3 3 16 14 5 12 5.34074699537910114 2 15 16 1 4 15 1 17 4 8 10 26 12 6 18 3 18 19 11 2 21 5 1 32 4 9 2 2.70999124060388841 28.2055931687355042 64.7836422152726499 
4 1 2 14 22 2.70999124060388841 17 16.1354543567662532 9 3 24 1 2 8 12 9 14 6 16 11 4 4 12 9 15 15 9 3 24 3 15 6 4 4.94126535182462057 30 12 1 11 2 16 17 2 9 32 10 3 7 13 17 18 12 3 23 9.82524131762891173 6 31.8448655754823804 10 15 33 2 20.0253697633743286 178.980812956585112 
16 6 2.70999124060388841 2 3 9 14 31 11 17 9 2 9 15 1 6 32 11 12 15 7 5 22 7 11 1 3 16 14 5 12 5.34074699537910114 2 15 20 9 4 15 1 2 2 4 10 26 12 6 18 3 18 19 11 4 32 8 1 32 4 9 2 2.70999124060388841 20.7611048817634583 143.64617235636203 
3 19 10 8 24 4 16 13 2.70999124060388841 15 30 6.96245171630185755 4 26 5 12 30 4 2 16 12 14 6 10 12 1 4 9 12 5 15 15 7 6 6 11 17 32 2 15 19 12 10 26 12 14 9 5 13 25 7 18 25 5 8 8.22565314501180467 9 13 5 7 18.3875322043895721 188.736528351815195 
18 33 2.70999124060388841 2 3 9 4 27 1 17 9 2 9 15 1 6 32 11 10 6 13 5 22 7 11 1 3 16 14 5 12 5.34074699537910114 2 15 16 1 4 15 1 16 8 2 10 26 12 6 18 3 18 19 11 14 12 10 1 32 4 9 2 2.70999124060388841 25.0266189575195312 74.4653111091928821 
1 5 12 14 6 1 13 7 4 3.36768017929769181 28 5 15 31 1 16 19 7 13 24 9 4 26 9 4 15 9 13 6 13 6 3 8 17 16.1354543567662532 2 12 30 1 10 26 7 13 1 10 9 31 11 14 22 3.84646942076222631 15 23.4025356524426229 6 17 24 1 4 18 9 18.4971726536750793 184.302624432425546 
10 29 5 2 3 9 4 27 1 17 9 2 9 15 1 6 32 11 10 6 13 5 22 7 11 1 3 16 14 5 12 5.34074699537910114 2 15 16 1 4 15 1 17 4 8 10 26 12 6 18 3 18 19 11 2 21 5 1 32 4 9 2 2.70999124060388841 28.2167990803718567 64.1460258035809261 
10 29 5 2 3 9 4 27 1 17 9 2 9 15 1 6 32 11 10 6 13 5 22 7 11 1 3 16 14 5 12 5.34074699537910114 2 15 16 1 4 15 1 17 4 8 10 26 12 6 18 3 18 19 11 14 1 3 1 32 4 9 2 2.70999124060388841 26.7203280329704285 66.6538893085242421 

Current Evaluation = 50000000(50000000)
Front Size = 40
3 6 1 2 3 9 14 11 2.70999124060388841 16 18 7 15 16 1 6 32 11 10 6 13 14 3 8 11 1 3 14 2 6 12 5.34074699537910114 2 3 32 6 4 15 1 15 30 2 10 26 12 6 18 3 18 19 11 2 7 3 4 25 1 9 2 2.70999124060388841 21.5491329431533813 108.331729232365461 
3 6 1 2 3 9 4 11 1 16 18 7 15 16 1 6 32 11 10 6 13 14 3 8 11 1 3 16 14 5 12 5.34074699537910114 2 3 32 6 4 15 1 9 24 8 10 26 12 6 18 3 18 19 11 2 7 3 4 25 1 9 2 2.70999124060388841 22.3815760016441345 97.7177854113332813 
3 26 3 2 3 9 4 27 1 17 9 2 9 15 1 6 32 11 10 6 13 14 3 8 11 1 3 16 14 5 12 5.34074699537910114 2 15 16 1 4 15 1 1 30 11 10 26 12 6 18 3 18 19 11 14 26 5 1 32 4 9 2 2.70999124060388841 22.2107701897621155 97.7857303515198453 
12 1 3 2 3 9 4 27 1 17 9 2 9 15 1 6 32 11 10 6 13 14 3 8 11 1 3 16 14 5 12 5.34074699537910114 2 15 16 1 4 15 1 17 8 1 10 26 12 6 18 3 18 19 11 2 21 5 1 32 4 9 2 2.70999124060388841 24.4354732632637024 76.8510675676526773 
6 26 12 2 3 9 4 27 1 17 9 2 9 15 1 6 32 11 10 6 13 14 3 8 11 1 3 16 14 5 12 5.34074699537910114 2 15 16 1 4 15 1 17 6 2 10 26 12 6 18 3 18 19 11 2 21 5 1 32 4 9 2 2.70999124060388841 23.6670641303062439 83.5858553760799197 
18 33 2.70999124060388841 2 3 9 4 27 1 17 9 2 9 15 1 6 32 11 10 6 13 14 3 8 11 1 3 16 14 5 12 5.34074699537910114 2 15 16 1 4 15 1 16 24 2.70999124060388841 10 26 12 6 18 3 18 19 11 2 21 5 1 32 4 9 2 2.70999124060388841 25.3910011649131775 71.3505555906401412 
18 33 2.70999124060388841 2 3 9 4 27 1 17 9 2 9 15 1 6 32 11 10 6 13 14 3 8 11 1 3 16 14 5 12 5.34074699537910114 2 15 16 1 4 15 1 17 24 13 10 26 12 6 18 3 18 19 11 2 21 5 1 32 4 9 2 2.70999124060388841 25.4181471467018127 68.6955866202407606 
6 26 4 2 3 9 14 13 10 17 9 2 9 15 1 6 32 11 10 6 13 14 3 8 11 1 3 16 14 5 12 5.34074699537910114 2 15 16 1 4 15 1 2 9 5 10 26 12 6 18 3 18 19 11 9 26 9 1 32 4 9 2 2.70999124060388841 21.1294712424278259 114.314591998453096 
18 33 2.70999124060388841 2 3 9 4 27 1 17 9 2 9 15 1 6 32 11 10 6 13 14 3 8 11 1 3 16 14 5 12 5.34074699537910114 2 15 16 1 4 15 1 17 4 8 10 26 12 6 18 3 18 19 11 15 20 5 1 32 4 9 2 2.70999124060388841 26.3493400812149048 68.0806478352091204 
11 26 1 2 3 9 14 31 2.70999124060388841 17 9 2 9 15 1 6 32 11 10 6 13 14 3 8 11 1 3 16 14 5 12 5.34074699537910114 2 15 16 1 4 15 1 17 4 8 10 26 12 6 18 3 18 19 11 14 25 10 1 32 4 9 2 2.70999124060388841 23.4536281228065491 83.8470156664623829 
18 33 2.70999124060388841 2 3 9 4 27 1 17 9 2 9 15 1 6 32 11 10 6 13 14 3 8 11 1 3 16 14 5 12 5.34074699537910114 2 15 16 1 4 15 1 17 30 11 10 26 12 6 18 3 18 19 11 2 21 5 1 32 4 9 2 2.70999124060388841 25.3275351524353027 71.9893985205433609 
15 28 10 3.36768017929769181 15 7 14 24 3 4 26 9 6 19 3 16 18 11 8 31 1 14 1 9 15 1 7 1 11 11 4 25 6.96245171630185755 17 3 13 17 6 1 4.94126535182462057 16 7 14 1 5 3 31 11 14 3 4 6 6 11 13.2195649013323386 26 4 9 25 1 17.1729849278926849 199.648542169225834 
18 33 2.70999124060388841 2 3 9 4 27 1 17 9 2 9 15 1 6 32 11 10 6 13 5 22 7 11 1 3 16 14 5 12 5.34074699537910114 2 15 16 1 4 15 1 17 24 11 10 26 12 6 18 3 18 19 11 2 21 5 1 32 4 9 2 2.70999124060388841 26.1523061394691467 68.0860718127508306 
1 6 10 2 3 9 3.36768017929769181 16.1354543567662532 1 17 9 2 9 15 1 6 32 11 10 6 13 5 22 7 11 1 3 16 14 5 12 5.34074699537910114 2 15 16 1 4 15 1 17 30 10 10 26 12 6 18 3 18 19 11 1 20 4 1 32 4 9 2 2.70999124060388841 21.6896811723709106 102.059779032053612 
18 33 2.70999124060388841 2 3 9 4 27 1 17 9 2 9 15 1 6 32 11 10 6 13 5 22 7 11 1 3 16 14 5 12 5.34074699537910114 2 15 16 1 4 15 1 14 24 11 10 26 12 6 18 3 18 19 11 2 31 3 1 32 4 9 2 2.70999124060388841 24.7916630506515503 75.2198466354846573 
1 18 9 15 1 7 9 5 8 5 18 2 6 1 10 14 24 7 6 5.34074699537910114 9 3 32 3 15 30 10 14 26 3 10 18 5 16 19 11 2 15 4 14 25 11 9 25 6 14 17 2 1 15 6.96245171630185755 6 6 3.84646942076222631 8 31 4 1 30 4 17.1577437520027161 225.418955012995241 
14 6 13 2 3 9 4 27 1 17 9 2 9 15 1 6 32 11 10 6 13 5 22 7 11 1 3 16 14 5 12 5.34074699537910114 2 15 16 1 4 15 1 8 6 10 10 26 12 6 18 3 18 19 11 14 30 10 1 32 4 9 2 2.70999124060388841 22.6578450500965118 94.3363815064916338 
18 33 2.70999124060388841 2 3 9 4 27 1 17 9 2 9 15 1 6 32 11 10 6 13 5 22 7 2 1 6 16 14 5 12 5.34074699537910114 2 15 16 1 4 15 1 17 4 8 10 26 12 6 18 3 18 19 11 14 5 9 1 32 4 9 2 2.70999124060388841 26.5386300086975098 67.5898295147190993 
13 20 9 17 2 3 10 2 3 10 9 2 2 32 5 6 30 7 2 1 6 15 24 9 4 26 11 9 6 9 4 31 13 1 30 13 3 12 1 16 13 2.70999124060388841 10 1 4 1 25 12 6 26 11 14 19 12 17 24 6 4 32 10 18.0949859619140625 190.78621821934513 
6 24 9 14 13 7 4 27 1 17 9 2 9 15 1 6 32 11 10 6 13 5 22 7 11 1 3 16 14 5 12 5.34074699537910114 2 15 16 1 4 15 1 14 31 13 10 26 12 6 18 3 18 19 11 2 21 5 1 32 4 9 2 2.70999124060388841 23.8632321953773499 82.5501211890541384 
4 31 4 2 3 9 14 25 11 17 9 2 9 15 1 6 32 11 10 6 13 5 22 7 11 1 3 16 14 5 12 5.34074699537910114 2 15 16 1 4 15 1 17 24 13 10 26 12 6 18 3 18 19 11 2 21 5 1 32 4 9 2 2.70999124060388841 22.6599640846252441 88.0566266235362463 
12 15 6 18 14 4 3.36768017929769181 18 10 2 3 5 1 32 2 5 26 8 1 12 12 9.25570237641795579 25 11 4 6 3 16 8 4 9 15 9 17 31 6 13 22 4 6 32 12 14 15 2 8 30 2 10 16 7 4 32 10 15 19 8 12 8 2 20.312770664691925 169.258316208791143 
18 33 2.70999124060388841 2 3 9 3.36768017929769181 25 1 17 9 2 9 15 1 6 32 11 10 6 13 5 22 7 11 1 3 16 14 5 12 5.34074699537910114 2 15 16 1 4 15 1 17 4 8 10 26 12 6 18 3 18 19 11 2 21 5 1 32 4 9 2 2.70999124060388841 27.0982940793037415 65.8270314193145083 
2 32 7 12 30 4 10 24 9 2 6 12 17 32 2.70999124060388841 16 7 9 8 16 3 3 2 4 4 1 10 15 17 9 16 15 13 14 16 1 3 2 11 2 31 4 17 1 4 9.25570237641795579 24 6 4.94126535182462057 2 9.82524131762891173 9 7 11 6 23 8 1 16 3 20.0683897137641907 173.506887001887009 
17 1 8 2 3 9 1 1 2 17 9 2 9 15 1 6 32 11 10 6 13 5 22 7 4 18 2.70999124060388841 16 14 5 12 5.34074699537910114 2 15 16 1 4 15 1 6 1 2 10 26 12 6 18 3 18 19 11 14 30 6 1 32 4 9 2 2.70999124060388841 20.7861400246620178 128.358765570178605 
18 33 2.70999124060388841 2 3 9 4 27 1 17 9 2 9 15 1 6 32 11 10 6 13 5 22 7 11 1 3 16 14 5 12 5.34074699537910114 2 15 16 1 4 15 1 17 4 8 10 26 12 6 18 3 18 19 11 2 20 10 1 32 4 9 2 2.70999124060388841 27.2590610384941101 64.9260269008244961 
1 26 1 17 5.34074699537910114 8 14 16.1354543567662532 6 4 2 10 12 1 13 9 15 6 9 26 10 16 30 2 4.94126535182462057 15 12 13.2195649013323386 2 1 17 30 5 2 3 9 6 6 13 9 16 8 17.8244721320812971 1 11 3 18.140740276750666 4 5 26 2 9 20 2 4 24 5 12 9 13 19.1421178579330444 179.161392098845113 
18 33 2.70999124060388841 2 3 9 4 27 1 17 9 2 9 15 1 6 32 11 10 6 13 5 22 7 2 3 3 16 14 5 12 5.34074699537910114 2 15 16 1 4 15 1 17 4 8 10 26 12 6 18 3 18 19 11 2 21 5 1 32 4 9 2 2.70999124060388841 28.2055931687355042 64.7836422152726499 
4 1 2 14 22 2.70999124060388841 17 16.1354543567662532 9 3 24 1 2 8 12 9 14 6 16 11 4 4 12 9 15 15 9 3 24 3 15 6 4 4.94126535182462057 30 12 1 11 2 16 17 2 9 32 10 3 7 13 17 18 12 3 23 9.82524131762891173 6 31.8448655754823804 10 15 33 2 20.0253697633743286 178.980812956585112 
16 6 2.70999124060388841 2 3 9 14 31 11 17 9 2 9 15 1 6 32 11 12 15 7 5 22 7 11 1 3 16 14 5 12 5.34074699537910114 2 15 20 9 4 15 1 2 2 4 10 26 12 6 18 3 18 19 11 4 32 8 1 32 4 9 2 2.70999124060388841 20.7611048817634583 143.64617235636203 
3 19 10 8 24 4 16 13 2.70999124060388841 15 30 6.96245171630185755 4 26 5 12 30 4 2 16 12 14 6 10 12 1 4 9 12 5 15 15 7 6 6 11 17 32 2 15 19 12 10 26 12 14 9 5 13 25 7 18 25 5 8 8.22565314501180467 9 13 5 7 18.3875322043895721 188.736528351815195 
18 33 2.70999124060388841 2 3 9 4 27 1 17 9 2 9 15 1 6 32 11 10 6 13 5 22 7 11 1 3 16 14 5 12 5.34074699537910114 2 15 16 1 4 15 1 16 8 2 10 26 12 6 18 3 18 19 11 14 12 10 1 32 4 9 2 2.70999124060388841 25.0266189575195312 74.4653111091928821 
1 5 12 14 6 1 13 7 4 3.36768017929769181 28 5 15 31 1 16 19 7 13 24 9 4 26 9 4 15 9 13 6 13 6 3 8 17 16.1354543567662532 2 12 30 1 10 26 7 13 1 10 9 31 11 14 22 3.84646942076222631 15 23.4025356524426229 6 17 24 1 4 18 9 18.4971726536750793 184.302624432425546 
10 29 5 2 3 9 4 27 1 17 9 2 9 15 1 6 32 11 10 6 13 5 22 7 11 1 3 16 14 5 12 5.34074699537910114 2 15 16 1 4 15 1 17 4 8 10 26 12 6 18 3 18 19 11 2 21 5 1 32 4 9 2 2.70999124060388841 28.2167990803718567 64.1460258035809261 
10 29 5 2 3 9 4 27 1 17 9 2 9 15 1 6 32 11 10 6 13 5 22 7 11 1 3 16 14 5 12 5.34074699537910114 2 15 16 1 4 15 1 17 4 8 10 26 12 6 18 3 18 19 11 14 1 3 1 32 4 9 2 2.70999124060388841 26.7203280329704285 66.6538893085242421 
10 29 5 2 3 9 4 27 1 17 9 2 9 15 1 6 32 11 10 6 13 15 3 11 11 1 3 16 14 5 12 5.34074699537910114 2 15 16 1 4 15 1 17 24 11 10 26 12 6 18 3 18 19 11 6 5.34074699537910114 7 1 32 4 9 2 2.70999124060388841 24.038983166217804 77.827192051245504 
10 29 5 2 3 9 4 27 1 17 9 2 9 15 1 6 32 11 10 6 13 5 22 7 11 1 3 16 14 5 12 5.34074699537910114 2 15 16 1 4 15 1 17 30 8 10 26 12 6 18 3 2 14 4 13 22 7 1 32 4 9 2 2.70999124060388841 23.8885809779167175 77.919159918178309 
10 29 5 2 3 9 14 1 3 17 9 2 9 15 1 6 32 11 10 6 13 5 22 7 11 1 3 16 14 5 12 5.34074699537910114 2 15 16 1 4 15 1 14 31 2 10 26 12 6 18 3 18 19 11 17 20 7 1 32 4 9 2 2.70999124060388841 22.4430859684944153 95.3774372316761259 
10 29 5 2 3 9 4 27 1 17 9 2 9 15 1 6 32 11 10 6 13 5 22 7 11 1 3 16 14 5 12 5.34074699537910114 2 15 16 1 4 15 1 17 23 11 10 26 12 6 18 3 14 3 4 2 21 5 1 32 4 9 2 2.70999124060388841 25.1341561079025269 72.6362690350697306 
10 29 5 2 3 9 4 27 1 17 9 2 9 15 1 6 32 11 10 6 13 5 22 7 11 1 3 16 14 5 12 5.34074699537910114 2 15 16 1 4 15 1 17 31 11 10 26 12 6 18 3 18 19 11 2 21 5 1 32 4 9 2 2.70999124060388841 25.9220790863037109 68.675495346979389 

Current Evaluation = 60000000(60000000)
Front Size = 41
3 6 1 2 3 9 14 11 2.70999124060388841 16 18 7 15 16 1 6 32 11 10 6 13 14 3 8 11 1 3 14 2 6 12 5.34074699537910114 2 3 32 6 4 15 1 15 30 2 10 26 12 6 18 3 18 19 11 2 7 3 4 25 1 9 2 2.70999124060388841 21.5491329431533813 108.331729232365461 
3 6 1 2 3 9 4 11 1 16 18 7 15 16 1 6 32 11 10 6 13 14 3 8 11 1 3 16 14 5 12 5.34074699537910114 2 3 32 6 4 15 1 9 24 8 10 26 12 6 18 3 18 19 11 2 7 3 4 25 1 9 2 2.70999124060388841 22.3815760016441345 97.7177854113332813 
3 26 3 2 3 9 4 27 1 17 9 2 9 15 1 6 32 11 10 6 13 14 3 8 11 1 3 16 14 5 12 5.34074699537910114 2 15 16 1 4 15 1 1 30 11 10 26 12 6 18 3 18 19 11 14 26 5 1 32 4 9 2 2.70999124060388841 22.2107701897621155 97.7857303515198453 
12 1 3 2 3 9 4 27 1 17 9 2 9 15 1 6 32 11 10 6 13 14 3 8 11 1 3 16 14 5 12 5.34074699537910114 2 15 16 1 4 15 1 17 8 1 10 26 12 6 18 3 18 19 11 2 21 5 1 32 4 9 2 2.70999124060388841 24.4354732632637024 76.8510675676526773 
6 26 12 2 3 9 4 27 1 17 9 2 9 15 1 6 32 11 10 6 13 14 3 8 11 1 3 16 14 5 12 5.34074699537910114 2 15 16 1 4 15 1 17 6 2 10 26 12 6 18 3 18 19 11 2 21 5 1 32 4 9 2 2.70999124060388841 23.6670641303062439 83.5858553760799197 
18 33 2.70999124060388841 2 3 9 4 27 1 17 9 2 9 15 1 6 32 11 10 6 13 14 3 8 11 1 3 16 14 5 12 5.34074699537910114 2 15 16 1 4 15 1 16 24 2.70999124060388841 10 26 12 6 18 3 18 19 11 2 21 5 1 32 4 9 2 2.70999124060388841 25.3910011649131775 71.3505555906401412 
18 33 2.70999124060388841 2 3 9 4 27 1 17 9 2 9 15 1 6 32 11 10 6 13 14 3 8 11 1 3 16 14 5 12 5.34074699537910114 2 15 16 1 4 15 1 17 24 13 10 26 12 6 18 3 18 19 11 2 21 5 1 32 4 9 2 2.70999124060388841 25.4181471467018127 68.6955866202407606 
6 26 4 2 3 9 14 13 10 17 9 2 9 15 1 6 32 11 10 6 13 14 3 8 11 1 3 16 14 5 12 5.34074699537910114 2 15 16 1 4 15 1 2 9 5 10 26 12 6 18 3 18 19 11 9 26 9 1 32 4 9 2 2.70999124060388841 21.1294712424278259 114.314591998453096 
18 33 2.70999124060388841 2 3 9 4 27 1 17 9 2 9 15 1 6 32 11 10 6 13 14 3 8 11 1 3 16 14 5 12 5.34074699537910114 2 15 16 1 4 15 1 17 4 8 10 26 12 6 18 3 18 19 11 15 20 5 1 32 4 9 2 2.70999124060388841 26.3493400812149048 68.0806478352091204 
11 26 1 2 3 9 14 31 2.70999124060388841 17 9 2 9 15 1 6 32 11 10 6 13 14 3 8 11 1 3 16 14 5 12 5.34074699537910114 2 15 16 1 4 15 1 17 4 8 10 26 12 6 18 3 18 19 11 14 25 10 1 32 4 9 2 2.70999124060388841 23.4536281228065491 83.8470156664623829 
18 33 2.70999124060388841 2 3 9 4 27 1 17 9 2 9 15 1 6 32 11 10 6 13 14 3 8 11 1 3 16 14 5 12 5.34074699537910114 2 15 16 1 4 15 1 17 30 11 10 26 12 6 18 3 18 19 11 2 21 5 1 32 4 9 2 2.70999124060388841 25.3275351524353027 71.9893985205433609 
15 28 10 3.36768017929769181 15 7 14 24 3 4 26 9 6 19 3 16 18 11 8 31 1 14 1 9 15 1 7 1 11 11 4 25 6.96245171630185755 17 3 13 17 6 1 4.94126535182462057 16 7 14 1 5 3 31 11 14 3 4 6 6 11 13.2195649013323386 26 4 9 25 1 17.1729849278926849 199.648542169225834 
18 33 2.70999124060388841 2 3 9 4 27 1 17 9 2 9 15 1 6 32 11 10 6 13 5 22 7 11 1 3 16 14 5 12 5.34074699537910114 2 15 16 1 4 15 1 17 24 11 10 26 12 6 18 3 18 19 11 2 21 5 1 32 4 9 2 2.70999124060388841 26.1523061394691467 68.0860718127508306 
1 6 10 2 3 9 3.36768017929769181 16.1354543567662532 1 17 9 2 9 15 1 6 32 11 10 6 13 5 22 7 11 1 3 16 14 5 12 5.34074699537910114 2 15 16 1 4 15 1 17 30 10 10 26 12 6 18 3 18 19 11 1 20 4 1 32 4 9 2 2.70999124060388841 21.6896811723709106 102.059779032053612 
18 33 2.70999124060388841 2 3 9 4 27 1 17 9 2 9 15 1 6 32 11 10 6 13 5 22 7 11 1 3 16 14 5 12 5.34074699537910114 2 15 16 1 4 15 1 14 24 11 10 26 12 6 18 3 18 19 11 2 31 3 1 32 4 9 2 2.70999124060388841 24.7916630506515503 75.2198466354846573 
1 18 9 15 1 7 9 5 8 5 18 2 6 1 10 14 24 7 6 5.34074699537910114 9 3 32 3 15 30 10 14 26 3 10 18 5 16 19 11 2 15 4 14 25 11 9 25 6 14 17 2 1 15 6.96245171630185755 6 6 3.84646942076222631 8 31 4 1 30 4 17.1577437520027161 225.418955012995241 
18 33 2.70999124060388841 2 3 9 4 27 1 17 9 2 9 15 1 6 32 11 10 6 13 5 22 7 2 1 6 16 14 5 12 5.34074699537910114 2 15 16 1 4 15 1 17 4 8 10 26 12 6 18 3 18 19 11 14 5 9 1 32 4 9 2 2.70999124060388841 26.5386300086975098 67.5898295147190993 
13 20 9 17 2 3 10 2 3 10 9 2 2 32 5 6 30 7 2 1 6 15 24 9 4 26 11 9 6 9 4 31 13 1 30 13 3 12 1 16 13 2.70999124060388841 10 1 4 1 25 12 6 26 11 14 19 12 17 24 6 4 32 10 18.0949859619140625 190.78621821934513 
6 24 9 14 13 7 4 27 1 17 9 2 9 15 1 6 32 11 10 6 13 5 22 7 11 1 3 16 14 5 12 5.34074699537910114 2 15 16 1 4 15 1 14 31 13 10 26 12 6 18 3 18 19 11 2 21 5 1 32 4 9 2 2.70999124060388841 23.8632321953773499 82.5501211890541384 
4 31 4 2 3 9 14 25 11 17 9 2 9 15 1 6 32 11 10 6 13 5 22 7 11 1 3 16 14 5 12 5.34074699537910114 2 15 16 1 4 15 1 17 24 13 10 26 12 6 18 3 18 19 11 2 21 5 1 32 4 9 2 2.70999124060388841 22.6599640846252441 88.0566266235362463 
12 15 6 18 14 4 3.36768017929769181 18 10 2 3 5 1 32 2 5 26 8 1 12 12 9.25570237641795579 25 11 4 6 3 16 8 4 9 15 9 17 31 6 13 22 4 6 32 12 14 15 2 8 30 2 10 16 7 4 32 10 15 19 8 12 8 2 20.312770664691925 169.258316208791143 
18 33 2.70999124060388841 2 3 9 3.36768017929769181 25 1 17 9 2 9 15 1 6 32 11 10 6 13 5 22 7 11 1 3 16 14 5 12 5.34074699537910114 2 15 16 1 4 15 1 17 4 8 10 26 12 6 18 3 18 19 11 2 21 5 1 32 4 9 2 2.70999124060388841 27.0982940793037415 65.8270314193145083 
2 32 7 12 30 4 10 24 9 2 6 12 17 32 2.70999124060388841 16 7 9 8 16 3 3 2 4 4 1 10 15 17 9 16 15 13 14 16 1 3 2 11 2 31 4 17 1 4 9.25570237641795579 24 6 4.94126535182462057 2 9.82524131762891173 9 7 11 6 23 8 1 16 3 20.0683897137641907 173.506887001887009 
17 1 8 2 3 9 1 1 2 17 9 2 9 15 1 6 32 11 10 6 13 5 22 7 4 18 2.70999124060388841 16 14 5 12 5.34074699537910114 2 15 16 1 4 15 1 6 1 2 10 26 12 6 18 3 18 19 11 14 30 6 1 32 4 9 2 2.70999124060388841 20.7861400246620178 128.358765570178605 
18 33 2.70999124060388841 2 3 9 4 27 1 17 9 2 9 15 1 6 32 11 10 6 13 5 22 7 11 1 3 16 14 5 12 5.34074699537910114 2 15 16 1 4 15 1 17 4 8 10 26 12 6 18 3 18 19 11 2 20 10 1 32 4 9 2 2.70999124060388841 27.2590610384941101 64.9260269008244961 
1 26 1 17 5.34074699537910114 8 14 16.1354543567662532 6 4 2 10 12 1 13 9 15 6 9 26 10 16 30 2 4.94126535182462057 15 12 13.2195649013323386 2 1 17 30 5 2 3 9 6 6 13 9 16 8 17.8244721320812971 1 11 3 18.140740276750666 4 5 26 2 9 20 2 4 24 5 12 9 13 19.1421178579330444 179.161392098845113 
18 33 2.70999124060388841 2 3 9 4 27 1 17 9 2 9 15 1 6 32 11 10 6 13 5 22 7 2 3 3 16 14 5 12 5.34074699537910114 2 15 16 1 4 15 1 17 4 8 10 26 12 6 18 3 18 19 11 2 21 5 1 32 4 9 2 2.70999124060388841 28.2055931687355042 64.7836422152726499 
16 6 2.70999124060388841 2 3 9 14 31 11 17 9 2 9 15 1 6 32 11 12 15 7 5 22 7 11 1 3 16 14 5 12 5.34074699537910114 2 15 20 9 4 15 1 2 2 4 10 26 12 6 18 3 18 19 11 4 32 8 1 32 4 9 2 2.70999124060388841 20.7611048817634583 143.64617235636203 
3 19 10 8 24 4 16 13 2.70999124060388841 15 30 6.96245171630185755 4 26 5 12 30 4 2 16 12 14 6 10 12 1 4 9 12 5 15 15 7 6 6 11 17 32 2 15 19 12 10 26 12 14 9 5 13 25 7 18 25 5 8 8.22565314501180467 9 13 5 7 18.3875322043895721 188.736528351815195 
1 5 12 14 6 1 13 7 4 3.36768017929769181 28 5 15 31 1 16 19 7 13 24 9 4 26 9 4 15 9 13 6 13 6 3 8 17 16.1354543567662532 2 12 30 1 10 26 7 13 1 10 9 31 11 14 22 3.84646942076222631 15 23.4025356524426229 6 17 24 1 4 18 9 18.4971726536750793 184.302624432425546 
10 29 5 2 3 9 4 27 1 17 9 2 9 15 1 6 32 11 10 6 13 5 22 7 11 1 3 16 14 5 12 5.34074699537910114 2 15 16 1 4 15 1 17 4 8 10 26 12 6 18 3 18 19 11 2 21 5 1 32 4 9 2 2.70999124060388841 28.2167990803718567 64.1460258035809261 
10 29 5 2 3 9 4 27 1 17 9 2 9 15 1 6 32 11 10 6 13 5 22 7 11 1 3 16 14 5 12 5.34074699537910114 2 15 16 1 4 15 1 17 4 8 10 26 12 6 18 3 18 19 11 14 1 3 1 32 4 9 2 2.70999124060388841 26.7203280329704285 66.6538893085242421 
10 29 5 2 3 9 4 27 1 17 9 2 9 15 1 6 32 11 10 6 13 15 3 11 11 1 3 16 14 5 12 5.34074699537910114 2 15 16 1 4 15 1 17 24 11 10 26 12 6 18 3 18 19 11 6 5.34074699537910114 7 1 32 4 9 2 2.70999124060388841 24.038983166217804 77.827192051245504 
10 29 5 2 3 9 4 27 1 17 9 2 9 15 1 6 32 11 10 6 13 5 22 7 11 1 3 16 14 5 12 5.34074699537910114 2 15 16 1 4 15 1 17 30 8 10 26 12 6 18 3 2 14 4 13 22 7 1 32 4 9 2 2.70999124060388841 23.8885809779167175 77.919159918178309 
10 29 5 2 3 9 14 1 3 17 9 2 9 15 1 6 32 11 10 6 13 5 22 7 11 1 3 16 14 5 12 5.34074699537910114 2 15 16 1 4 15 1 14 31 2 10 26 12 6 18 3 18 19 11 17 20 7 1 32 4 9 2 2.70999124060388841 22.4430859684944153 95.3774372316761259 
10 29 5 2 3 9 16 30 2.70999124060388841 17 9 2 9 15 1 6 32 11 10 6 13 5 22 7 11 1 3 16 14 5 12 5.34074699537910114 2 15 16 1 4 15 1 2 30 7 10 26 12 6 18 3 18 19 11 14 25 7 1 32 4 9 2 2.70999124060388841 22.595456063747406 89.2057204556040091 
3.36768017929769181 16.1354543567662532 2 16 20 6 2 26 3 11 32 11 17 8 11 14 2 3 15 30 7 15 22 3 14 15 5 3 6 3 18 19 7 4 14 11 14 26 3 13 3 12 6 9 3.84646942076222631 10 6 9.82524131762891173 9 2 2 14 15 11 17.8244721320812971 9 10 1 26 5 19.7273257970809937 176.705189982095618 
10 29 5 2 3 9 4 27 1 17 9 2 9 15 1 6 32 11 10 6 13 5 22 7 11 1 3 16 14 5 12 5.34074699537910114 2 15 16 1 4 15 1 17 24 13 10 26 12 6 18 3 18 19 11 13 5 2.70999124060388841 1 32 4 9 2 2.70999124060388841 24.6787959933280945 75.3921194303707267 
10 29 5 2 3 9 4 27 1 17 9 2 9 15 1 6 32 11 10 6 13 5 22 7 11 1 3 16 14 5 12 5.34074699537910114 2 15 16 1 4 15 1 17 30 11 10 26 12 6 18 3 18 19 11 2 21 5 1 32 4 9 2 2.70999124060388841 25.8218001127243042 68.3221755644250237 
16 18 2 2 3 9 15 20 2.70999124060388841 17 9 2 9 15 1 6 32 11 10 6 13 9.25570237641795579 24 1 11 1 3 16 14 5 12 5.34074699537910114 2 15 16 1 4 15 1 1 18 2 10 26 12 6 18 3 14 31 7 2 21 5 1 32 4 9 2 2.70999124060388841 21.124504029750824 121.252424497339376 
10 29 5 2 3 9 4 27 1 17 9 2 9 15 1 6 32 11 10 6 13 5 22 7 11 1 3 16 14 5 12 5.34074699537910114 2 15 16 1 4 15 1 17 6 11 10 26 12 6 18 3 14 28 7 2 21 5 1 32 4 9 2 2.70999124060388841 24.9671941995620728 72.1248511045356508 

Current Evaluation = 70000000(70000000)
Front Size = 35
3 26 3 2 3 9 4 27 1 17 9 2 9 15 1 6 32 11 10 6 13 14 3 8 11 1 3 16 14 5 12 5.34074699537910114 2 15 16 1 4 15 1 1 30 11 10 26 12 6 18 3 18 19 11 14 26 5 1 32 4 9 2 2.70999124060388841 22.2107701897621155 97.7857303515198453 
6 26 4 2 3 9 14 13 10 17 9 2 9 15 1 6 32 11 10 6 13 14 3 8 11 1 3 16 14 5 12 5.34074699537910114 2 15 16 1 4 15 1 2 9 5 10 26 12 6 18 3 18 19 11 9 26 9 1 32 4 9 2 2.70999124060388841 21.1294712424278259 114.314591998453096 
15 28 10 3.36768017929769181 15 7 14 24 3 4 26 9 6 19 3 16 18 11 8 31 1 14 1 9 15 1 7 1 11 11 4 25 6.96245171630185755 17 3 13 17 6 1 4.94126535182462057 16 7 14 1 5 3 31 11 14 3 4 6 6 11 13.2195649013323386 26 4 9 25 1 17.1729849278926849 199.648542169225834 
1 6 10 2 3 9 3.36768017929769181 16.1354543567662532 1 17 9 2 9 15 1 6 32 11 10 6 13 5 22 7 11 1 3 16 14 5 12 5.34074699537910114 2 15 16 1 4 15 1 17 30 10 10 26 12 6 18 3 18 19 11 1 20 4 1 32 4 9 2 2.70999124060388841 21.6896811723709106 102.059779032053612 
1 18 9 15 1 7 9 5 8 5 18 2 6 1 10 14 24 7 6 5.34074699537910114 9 3 32 3 15 30 10 14 26 3 10 18 5 16 19 11 2 15 4 14 25 11 9 25 6 14 17 2 1 15 6.96245171630185755 6 6 3.84646942076222631 8 31 4 1 30 4 17.1577437520027161 225.418955012995241 
13 20 9 17 2 3 10 2 3 10 9 2 2 32 5 6 30 7 2 1 6 15 24 9 4 26 11 9 6 9 4 31 13 1 30 13 3 12 1 16 13 2.70999124060388841 10 1 4 1 25 12 6 26 11 14 19 12 17 24 6 4 32 10 18.0949859619140625 190.78621821934513 
17 1 8 2 3 9 1 1 2 17 9 2 9 15 1 6 32 11 10 6 13 5 22 7 4 18 2.70999124060388841 16 14 5 12 5.34074699537910114 2 15 16 1 4 15 1 6 1 2 10 26 12 6 18 3 18 19 11 14 30 6 1 32 4 9 2 2.70999124060388841 20.7861400246620178 128.358765570178605 
1 26 1 17 5.34074699537910114 8 14 16.1354543567662532 6 4 2 10 12 1 13 9 15 6 9 26 10 16 30 2 4.94126535182462057 15 12 13.2195649013323386 2 1 17 30 5 2 3 9 6 6 13 9 16 8 17.8244721320812971 1 11 3 18.140740276750666 4 5 26 2 9 20 2 4 24 5 12 9 13 19.1421178579330444 179.161392098845113 
16 6 2.70999124060388841 2 3 9 14 31 11 17 9 2 9 15 1 6 32 11 12 15 7 5 22 7 11 1 3 16 14 5 12 5.34074699537910114 2 15 20 9 4 15 1 2 2 4 10 26 12 6 18 3 18 19 11 4 32 8 1 32 4 9 2 2.70999124060388841 20.7611048817634583 143.64617235636203 
3 19 10 8 24 4 16 13 2.70999124060388841 15 30 6.96245171630185755 4 26 5 12 30 4 2 16 12 14 6 10 12 1 4 9 12 5 15 15 7 6 6 11 17 32 2 15 19 12 10 26 12 14 9 5 13 25 7 18 25 5 8 8.22565314501180467 9 13 5 7 18.3875322043895721 188.736528351815195 
1 5 12 14 6 1 13 7 4 3.36768017929769181 28 5 15 31 1 16 19 7 13 24 9 4 26 9 4 15 9 13 6 13 6 3 8 17 16.1354543567662532 2 12 30 1 10 26 7 13 1 10 9 31 11 14 22 3.84646942076222631 15 23.4025356524426229 6 17 24 1 4 18 9 18.4971726536750793 184.302624432425546 
16 18 2 2 3 9 15 20 2.70999124060388841 17 9 2 9 15 1 6 32 11 10 6 13 9.25570237641795579 24 1 11 1 3 16 14 5 12 5.34074699537910114 2 15 16 1 4 15 1 1 18 2 10 26 12 6 18 3 14 31 7 2 21 5 1 32 4 9 2 2.70999124060388841 21.124504029750824 121.252424497339376 
1 24 8 15 30 1 3 20 1 10 31 9 14 31 1 8 1 8 10 6 11 17 31 4 3.36768017929769181 30 8 1 30 6.96245171630185755 16 14 7 4 8.22565314501180467 5 6 30 11 14 32 2 15 12 12 12 22 5 2 3 7 16 24 6 14 30 9.82524131762891173 17 32 9 17.0266257524490356 228.945598725949765 
10 29 5 2 3 9 4 20 11 17 9 2 9 15 1 6 32 11 10 6 13 5 22 7 1 1 3 16 14 5 12 5.34074699537910114 2 15 16 1 4 15 1 17 24 5 10 26 12 6 18 3 8 11 2.70999124060388841 6 31 9 1 32 4 9 2 2.70999124060388841 21.3989852070808411 102.302787404773156 
10 29 5 2 3 9 4 27 1 17 9 2 9 15 1 6 32 11 10 6 13 5 22 7 1 1 3 16 14 5 12 5.34074699537910114 2 3.36768017929769181 16 2 4 15 1 17 30 8 10 26 12 5 1 10 18 19 11 2 21 5 1 32 4 9 2 2.70999124060388841 25.5512310862541199 60.131403784620538 
10 29 5 2 3 9 4 27 1 17 9 2 9 15 1 6 32 11 10 6 13 5 22 7 1 1 3 16 14 5 12 5.34074699537910114 2 3.36768017929769181 16 2 4 15 1 17 4 8 10 26 12 5 1 10 18 19 11 2 21 5 1 32 4 9 2 2.70999124060388841 27.8916301131248474 55.8354778900772288 
10 24 5 2 3 9 14 30 12 17 9 2 9 15 1 6 32 11 10 6 13 5 22 7 1 1 3 16 14 5 12 5.34074699537910114 2 3.36768017929769181 16 2 4 15 1 14 31 4 10 26 12 5 1 10 18 19 11 2 21 5 1 32 4 9 2 2.70999124060388841 22.3942471444606781 87.3192351259811943 
15 26 10 2 3 9 4 27 1 17 9 2 9 15 1 6 32 11 10 6 13 5 22 7 1 1 3 16 14 5 12 5.34074699537910114 2 3.36768017929769181 16 2 4 15 1 17 4 8 10 26 12 5 1 10 18 19 11 14 13 6 1 32 4 9 2 2.70999124060388841 25.3127362132072449 61.0408262193385553 
6 26 5 2 3 9 4 27 1 17 9 2 9 15 1 6 32 11 10 6 13 5 22 7 1 1 3 16 14 5 12 5.34074699537910114 2 3.36768017929769181 16 2 4 15 1 15 18 5 10 26 12 5 1 10 18 19 11 12 30 6 1 32 4 9 2 2.70999124060388841 22.9409641623497009 84.1752376316334363 
10 29 5 2 3 9 4 27 1 17 9 2 9 15 1 6 32 11 10 6 13 5 22 7 1 1 3 16 14 5 12 5.34074699537910114 2 3.36768017929769181 16 2 4 15 1 9 18 11 10 26 12 5 1 10 12 24 11 6 31 3 1 32 4 9 2 2.70999124060388841 23.491655170917511 79.9380673940102895 
10 29 5 2 3 9 4 27 1 17 9 2 9 15 1 6 32 11 10 6 13 5 22 7 1 1 3 16 14 5 12 5.34074699537910114 2 3.36768017929769181 16 2 4 15 1 17 4 8 10 26 12 5 1 10 18 19 11 2 25 7 1 32 4 9 2 2.70999124060388841 26.6953850388526917 58.4177210640945077 
14 6 2.70999124060388841 2 3 9 4 27 1 17 9 2 9 15 1 6 32 11 10 6 13 5 22 7 1 1 3 16 14 5 12 5.34074699537910114 2 3.36768017929769181 16 2 4 15 1 12 9 11 10 26 12 5 1 10 18 19 11 2 22 7 1 32 4 9 2 2.70999124060388841 23.2849619686603546 83.5800408175859388 
5 6 6 2 3 9 4 27 1 17 9 2 9 15 1 6 32 11 10 6 13 5 22 7 1 1 3 16 14 5 12 5.34074699537910114 2 3.36768017929769181 16 2 4 15 1 6 9 5 10 26 12 5 1 10 18 19 11 14 7 10 1 32 4 9 2 2.70999124060388841 23.6334801316261292 76.5487505435103799 
14 32 4 2 3 9 4 27 1 17 9 2 9 15 1 6 32 11 10 6 13 5 22 7 1 1 3 16 14 5 12 5.34074699537910114 2 3.36768017929769181 16 2 4 15 1 1 6 6 10 26 12 5 1 10 18 19 11 4 30 10 1 32 4 9 2 2.70999124060388841 22.3554311096668243 97.0505922724426711 
10 29 5 2 3 9 3.36768017929769181 12 8 17 9 2 9 15 1 6 32 11 10 6 13 5 22 7 1 1 3 16 14 5 12 5.34074699537910114 2 3.36768017929769181 16 2 4 15 1 17 31 13 10 26 12 5 1 10 18 19 11 2 21 5 1 32 4 9 2 2.70999124060388841 24.1520860195159912 72.4277366335821426 
14 6 4 15 6 1 10 18 4 18 5 5 2 22 12 9 18 6 1 15 2 3 2 1 14 32 11 6 20 10 15 19 2 1 8 1 17 30 3 3 28 10 17 26 2 16 24 2.70999124060388841 14 25 6.96245171630185755 15 31 4 4 15 12 3 17 4 19.6093449890613556 167.423750217790456 
10 29 5 2 3 9 4 27 1 17 9 2 9 15 1 6 32 11 10 6 13 5 22 7 1 1 3 16 14 5 12 5.34074699537910114 2 3.36768017929769181 16 2 4 15 1 17 4 8 10 26 12 5 1 10 18 19 11 14 25 7 1 32 4 9 2 2.70999124060388841 26.3146510720252991 59.062821310525301 
10 29 5 2 3 9 4 27 1 17 9 2 9 15 1 6 32 11 10 6 13 5 22 7 1 1 3 16 14 5 12 5.34074699537910114 2 3.36768017929769181 16 2 4 15 1 17 30 11 10 26 12 5 1 10 18 19 11 2 21 5 1 32 4 9 2 2.70999124060388841 25.4966311454772949 60.8605561307778302 
15 30 3 2 3 9 4 27 1 17 9 2 9 15 1 6 32 11 10 6 13 5 22 7 1 1 3 16 14 5 12 5.34074699537910114 2 3.36768017929769181 16 2 4 15 1 15 30 6 10 26 12 5 1 10 18 19 11 2 20 9 11 32 5 9 2 2.70999124060388841 23.4746021628379822 83.2605726992523927 
10 29 5 2 3 9 4 27 1 17 9 2 9 15 1 6 32 11 10 6 13 5 22 7 1 1 3 16 14 5 12 5.34074699537910114 2 3.36768017929769181 16 2 4 15 1 17 4 8 10 26 12 5 1 10 18 19 11 14 12 5 1 32 4 9 2 2.70999124060388841 26.3110260367393494 59.6469926423588674 
10 29 5 2 3 9 4 27 1 17 9 2 9 15 1 6 32 11 10 6 13 5 22 7 1 1 3 16 14 5 12 5.34074699537910114 2 3.36768017929769181 16 2 4 15 1 17 4 8 10 26 12 5 1 10 18 19 11 6 11 9 1 32 4 9 2 2.70999124060388841 26.7698050737380981 58.2978619617849532 
10 29 5 2 3 9 4 27 1 17 9 2 9 15 1 6 32 11 10 6 13 14 24 10 1 1 3 16 14 5 12 5.34074699537910114 2 3.36768017929769181 16 2 4 15 1 17 24 8 10 26 12 5 1 10 18 19 11 2 21 5 1 32 4 9 2 2.70999124060388841 24.5393552184104919 62.594241196659965 
10 29 5 2 3 9 4 27 1 17 9 2 9 15 1 6 32 11 10 6 13 5 22 7 1 1 3 16 14 5 12 5.34074699537910114 2 3.36768017929769181 16 2 4 15 1 17 4 8 10 26 12 5 1 10 6 22 7 2 21 5 1 32 4 9 2 2.70999124060388841 26.9412031769752502 56.9976672983662951 
14 12 10 2 3 9 4 27 1 17 9 2 9 15 1 6 32 11 10 6 13 5 22 7 1 1 3 16 14 5 12 5.34074699537910114 2 3.36768017929769181 16 2 4 15 1 17 24 13 10 26 12 5 1 10 18 19 11 2 21 5 1 32 4 9 2 2.70999124060388841 23.9470901489257812 75.1171585421954831 
10 29 5 2 3 9 4 27 1 17 9 2 9 15 1 6 32 11 10 6 13 5 22 7 1 1 3 16 14 5 12 5.34074699537910114 2 3.36768017929769181 16 2 4 15 1 16 31 2 10 26 12 5 1 10 18 19 11 4 5 13 1 32 4 9 2 2.70999124060388841 24.4846081137657166 71.7658671544480029 

Current Evaluation = 80000000(80000000)
Front Size = 33
6 26 4 2 3 9 14 13 10 17 9 2 9 15 1 6 32 11 10 6 13 14 3 8 11 1 3 16 14 5 12 5.34074699537910114 2 15 16 1 4 15 1 2 9 5 10 26 12 6 18 3 18 19 11 9 26 9 1 32 4 9 2 2.70999124060388841 21.1294712424278259 114.314591998453096 
15 28 10 3.36768017929769181 15 7 14 24 3 4 26 9 6 19 3 16 18 11 8 31 1 14 1 9 15 1 7 1 11 11 4 25 6.96245171630185755 17 3 13 17 6 1 4.94126535182462057 16 7 14 1 5 3 31 11 14 3 4 6 6 11 13.2195649013323386 26 4 9 25 1 17.1729849278926849 199.648542169225834 
1 18 9 15 1 7 9 5 8 5 18 2 6 1 10 14 24 7 6 5.34074699537910114 9 3 32 3 15 30 10 14 26 3 10 18 5 16 19 11 2 15 4 14 25 11 9 25 6 14 17 2 1 15 6.96245171630185755 6 6 3.84646942076222631 8 31 4 1 30 4 17.1577437520027161 225.418955012995241 
13 20 9 17 2 3 10 2 3 10 9 2 2 32 5 6 30 7 2 1 6 15 24 9 4 26 11 9 6 9 4 31 13 1 30 13 3 12 1 16 13 2.70999124060388841 10 1 4 1 25 12 6 26 11 14 19 12 17 24 6 4 32 10 18.0949859619140625 190.78621821934513 
17 1 8 2 3 9 1 1 2 17 9 2 9 15 1 6 32 11 10 6 13 5 22 7 4 18 2.70999124060388841 16 14 5 12 5.34074699537910114 2 15 16 1 4 15 1 6 1 2 10 26 12 6 18 3 18 19 11 14 30 6 1 32 4 9 2 2.70999124060388841 20.7861400246620178 128.358765570178605 
16 6 2.70999124060388841 2 3 9 14 31 11 17 9 2 9 15 1 6 32 11 12 15 7 5 22 7 11 1 3 16 14 5 12 5.34074699537910114 2 15 20 9 4 15 1 2 2 4 10 26 12 6 18 3 18 19 11 4 32 8 1 32 4 9 2 2.70999124060388841 20.7611048817634583 143.64617235636203 
3 19 10 8 24 4 16 13 2.70999124060388841 15 30 6.96245171630185755 4 26 5 12 30 4 2 16 12 14 6 10 12 1 4 9 12 5 15 15 7 6 6 11 17 32 2 15 19 12 10 26 12 14 9 5 13 25 7 18 25 5 8 8.22565314501180467 9 13 5 7 18.3875322043895721 188.736528351815195 
1 5 12 14 6 1 13 7 4 3.36768017929769181 28 5 15 31 1 16 19 7 13 24 9 4 26 9 4 15 9 13 6 13 6 3 8 17 16.1354543567662532 2 12 30 1 10 26 7 13 1 10 9 31 11 14 22 3.84646942076222631 15 23.4025356524426229 6 17 24 1 4 18 9 18.4971726536750793 184.302624432425546 
16 18 2 2 3 9 15 20 2.70999124060388841 17 9 2 9 15 1 6 32 11 10 6 13 9.25570237641795579 24 1 11 1 3 16 14 5 12 5.34074699537910114 2 15 16 1 4 15 1 1 18 2 10 26 12 6 18 3 14 31 7 2 21 5 1 32 4 9 2 2.70999124060388841 21.124504029750824 121.252424497339376 
1 24 8 15 30 1 3 20 1 10 31 9 14 31 1 8 1 8 10 6 11 17 31 4 3.36768017929769181 30 8 1 30 6.96245171630185755 16 14 7 4 8.22565314501180467 5 6 30 11 14 32 2 15 12 12 12 22 5 2 3 7 16 24 6 14 30 9.82524131762891173 17 32 9 17.0266257524490356 228.945598725949765 
10 29 5 2 3 9 4 20 11 17 9 2 9 15 1 6 32 11 10 6 13 5 22 7 1 1 3 16 14 5 12 5.34074699537910114 2 15 16 1 4 15 1 17 24 5 10 26 12 6 18 3 8 11 2.70999124060388841 6 31 9 1 32 4 9 2 2.70999124060388841 21.3989852070808411 102.302787404773156 
10 29 5 2 3 9 4 27 1 17 9 2 9 15 1 6 32 11 10 6 13 5 22 7 1 1 3 16 14 5 12 5.34074699537910114 2 3.36768017929769181 16 2 4 15 1 17 4 8 10 26 12 5 1 10 18 19 11 2 21 5 1 32 4 9 2 2.70999124060388841 27.8916301131248474 55.8354778900772288 
10 24 5 2 3 9 14 30 12 17 9 2 9 15 1 6 32 11 10 6 13 5 22 7 1 1 3 16 14 5 12 5.34074699537910114 2 3.36768017929769181 16 2 4 15 1 14 31 4 10 26 12 5 1 10 18 19 11 2 21 5 1 32 4 9 2 2.70999124060388841 22.3942471444606781 87.3192351259811943 
15 26 10 2 3 9 4 27 1 17 9 2 9 15 1 6 32 11 10 6 13 5 22 7 1 1 3 16 14 5 12 5.34074699537910114 2 3.36768017929769181 16 2 4 15 1 17 4 8 10 26 12 5 1 10 18 19 11 14 13 6 1 32 4 9 2 2.70999124060388841 25.3127362132072449 61.0408262193385553 
6 26 5 2 3 9 4 27 1 17 9 2 9 15 1 6 32 11 10 6 13 5 22 7 1 1 3 16 14 5 12 5.34074699537910114 2 3.36768017929769181 16 2 4 15 1 15 18 5 10 26 12 5 1 10 18 19 11 12 30 6 1 32 4 9 2 2.70999124060388841 22.9409641623497009 84.1752376316334363 
14 6 4 15 6 1 10 18 4 18 5 5 2 22 12 9 18 6 1 15 2 3 2 1 14 32 11 6 20 10 15 19 2 1 8 1 17 30 3 3 28 10 17 26 2 16 24 2.70999124060388841 14 25 6.96245171630185755 15 31 4 4 15 12 3 17 4 19.6093449890613556 167.423750217790456 
10 29 5 2 3 9 4 27 1 17 9 2 9 15 1 6 32 11 10 6 13 5 22 7 1 1 3 16 14 5 12 5.34074699537910114 2 3.36768017929769181 16 2 4 15 1 17 4 8 10 26 12 5 1 10 18 19 11 14 25 7 1 32 4 9 2 2.70999124060388841 26.3146510720252991 59.062821310525301 
10 29 5 2 3 9 4 27 1 17 9 2 9 15 1 6 32 11 10 6 13 5 22 7 1 1 3 16 14 5 12 5.34074699537910114 2 3.36768017929769181 16 2 4 15 1 17 4 8 10 26 12 5 1 10 18 19 11 6 11 9 1 32 4 9 2 2.70999124060388841 26.7698050737380981 58.2978619617849532 
10 29 5 2 3 9 4 27 1 17 9 2 9 15 1 6 32 11 10 6 13 14 24 10 1 1 3 16 14 5 12 5.34074699537910114 2 3.36768017929769181 16 2 4 15 1 17 24 8 10 26 12 5 1 10 18 19 11 2 21 5 1 32 4 9 2 2.70999124060388841 24.5393552184104919 62.594241196659965 
10 29 5 2 3 9 4 27 1 17 9 2 9 15 1 6 32 11 10 6 13 5 22 7 1 1 3 16 14 5 12 5.34074699537910114 2 3.36768017929769181 16 2 4 15 1 17 4 8 10 26 12 5 1 10 6 22 7 2 21 5 1 32 4 9 2 2.70999124060388841 26.9412031769752502 56.9976672983662951 
6 30 1 2 11 9 16 26 2.70999124060388841 3 25 2 9 7 4 14 6 5 12 16.1354543567662532 8 14 32 6 13 19 11 1 30 7 17 18 7 2 28 5 9 12 9 3 5 12 15 3 1 12 25 12 2 31 2 15 24 3.84646942076222631 9 26 9 12 9 2 18.7655326128005981 167.872930900982624 
15 24 4 2 3 9 4 27 1 17 9 2 9 15 1 6 32 11 10 6 13 5 22 7 1 1 3 16 14 5 12 5.34074699537910114 2 3.36768017929769181 16 2 4 15 1 12 6 8 10 26 12 6 9 9 18 19 11 2 21 5 1 32 4 9 2 2.70999124060388841 23.6174131035804749 76.7793602918877838 
10 29 5 2 3 9 4 27 1 17 9 2 9 15 1 6 32 11 10 6 13 5 22 7 1 1 3 16 14 5 12 5.34074699537910114 2 3.36768017929769181 16 2 4 15 1 6 30 7 10 26 12 5 1 10 18 19 11 14 12 9 1 32 4 9 2 2.70999124060388841 23.6605980694293976 69.0249074530387787 
10 29 5 2 3 9 4 27 1 17 9 2 9 15 1 6 32 11 10 6 13 5 22 7 1 1 3 16 14 5 12 5.34074699537910114 2 3.36768017929769181 16 2 4 15 1 17 4 8 10 26 12 5 1 10 18 19 11 14 17 9 1 32 4 9 2 2.70999124060388841 26.5939010381698608 58.8220271317190111 
10 29 5 2 3 9 3.36768017929769181 20 1 17 9 2 9 15 1 6 32 11 10 6 13 5 22 7 2 19 6.96245171630185755 16 14 5 12 5.34074699537910114 2 3.36768017929769181 16 2 4 15 1 14 32 4 10 26 12 5 1 10 18 19 11 17 12 6 1 32 4 9 2 2.70999124060388841 22.9826110303401947 80.7490250102225673 
14 5 13 2 3 9 4 27 1 17 9 2 9 15 1 6 32 11 10 6 13 5 22 7 1 1 3 16 14 5 12 5.34074699537910114 2 3.36768017929769181 16 2 4 15 1 17 9 8 10 26 12 5 1 10 15 6 3 2 21 5 1 32 4 9 2 2.70999124060388841 23.1938251256942749 78.1830852874159916 
10 29 5 2 3 9 4 27 1 17 9 2 9 15 1 6 32 11 10 6 13 5 22 7 1 1 3 16 14 5 12 5.34074699537910114 2 3.36768017929769181 16 2 4 15 1 17 24 12 10 26 12 5 1 10 18 19 11 15 24 9 1 32 4 9 2 2.70999124060388841 24.1268200874328613 67.9009389854544025 
10 29 5 2 3 9 11 5.34074699537910114 8 17 9 2 9 15 1 6 32 11 10 6 13 5 22 7 1 1 3 16 14 5 12 5.34074699537910114 2 3.36768017929769181 16 2 4 15 1 2 30 6 10 26 12 5 1 10 18 19 11 6 25 6 1 32 4 9 2 2.70999124060388841 23.6289640069007874 74.0831913999745666 
6 30 5 2 3 9 16 31 2.70999124060388841 17 9 2 9 15 1 6 32 11 10 6 13 5 22 7 1 1 3 16 14 5 12 5.34074699537910114 2 3.36768017929769181 16 2 4 15 1 14 28 12 10 26 12 5 1 10 18 19 11 4 26 6.96245171630185755 1 32 4 9 2 2.70999124060388841 21.53593510389328 97.2649145485138433 
10 29 5 2 3 9 4 27 1 17 9 2 9 15 1 6 32 11 10 6 13 5 22 7 1 1 3 16 14 5 12 5.34074699537910114 2 3.36768017929769181 16 2 4 15 1 17 4 8 10 26 12 5 1 10 18 19 11 15 12 3 1 32 4 9 2 2.70999124060388841 26.5995981097221375 58.3281728868273817 
14 6 6 2 3 9 3 17 5 17 9 2 9 15 1 6 32 11 10 6 13 5 22 7 1 1 3 16 14 5 12 5.34074699537910114 2 3.36768017929769181 16 2 4 15 1 12 6 13 10 26 12 5 1 10 18 19 11 2 21 5 1 32 4 9 2 2.70999124060388841 22.7900320887565613 85.9531261006229812 
10 29 5 2 3 9 4 27 1 17 9 2 9 15 1 6 32 11 10 6 13 5 22 7 1 1 3 16 14 5 12 5.34074699537910114 2 3.36768017929769181 16 2 4 15 1 17 4 8 10 26 12 2 23 5 6 11 4 14 1 9 1 32 4 9 2 2.70999124060388841 25.3926630318164825 59.0647468603464176 
12 12 5 2 3 9 9 31 12 17 9 2 9 15 1 6 32 11 10 6 13 5 22 7 1 1 3 16 14 5 12 5.34074699537910114 2 3.36768017929769181 16 2 4 15 1 12 24 2 10 26 12 5 1 10 15 8 9 2 21 5 1 32 4 9 2 2.70999124060388841 22.010870099067688 91.6591000873675341 

Current Evaluation = 90000000(90000000)
Front Size = 32
15 28 10 3.36768017929769181 15 7 14 24 3 4 26 9 6 19 3 16 18 11 8 31 1 14 1 9 15 1 7 1 11 11 4 25 6.96245171630185755 17 3 13 17 6 1 4.94126535182462057 16 7 14 1 5 3 31 11 14 3 4 6 6 11 13.2195649013323386 26 4 9 25 1 17.1729849278926849 199.648542169225834 
1 18 9 15 1 7 9 5 8 5 18 2 6 1 10 14 24 7 6 5.34074699537910114 9 3 32 3 15 30 10 14 26 3 10 18 5 16 19 11 2 15 4 14 25 11 9 25 6 14 17 2 1 15 6.96245171630185755 6 6 3.84646942076222631 8 31 4 1 30 4 17.1577437520027161 225.418955012995241 
13 20 9 17 2 3 10 2 3 10 9 2 2 32 5 6 30 7 2 1 6 15 24 9 4 26 11 9 6 9 4 31 13 1 30 13 3 12 1 16 13 2.70999124060388841 10 1 4 1 25 12 6 26 11 14 19 12 17 24 6 4 32 10 18.0949859619140625 190.78621821934513 
3 19 10 8 24 4 16 13 2.70999124060388841 15 30 6.96245171630185755 4 26 5 12 30 4 2 16 12 14 6 10 12 1 4 9 12 5 15 15 7 6 6 11 17 32 2 15 19 12 10 26 12 14 9 5 13 25 7 18 25 5 8 8.22565314501180467 9 13 5 7 18.3875322043895721 188.736528351815195 
1 5 12 14 6 1 13 7 4 3.36768017929769181 28 5 15 31 1 16 19 7 13 24 9 4 26 9 4 15 9 13 6 13 6 3 8 17 16.1354543567662532 2 12 30 1 10 26 7 13 1 10 9 31 11 14 22 3.84646942076222631 15 23.4025356524426229 6 17 24 1 4 18 9 18.4971726536750793 184.302624432425546 
1 24 8 15 30 1 3 20 1 10 31 9 14 31 1 8 1 8 10 6 11 17 31 4 3.36768017929769181 30 8 1 30 6.96245171630185755 16 14 7 4 8.22565314501180467 5 6 30 11 14 32 2 15 12 12 12 22 5 2 3 7 16 24 6 14 30 9.82524131762891173 17 32 9 17.0266257524490356 228.945598725949765 
10 29 5 2 3 9 4 20 11 17 9 2 9 15 1 6 32 11 10 6 13 5 22 7 1 1 3 16 14 5 12 5.34074699537910114 2 15 16 1 4 15 1 17 24 5 10 26 12 6 18 3 8 11 2.70999124060388841 6 31 9 1 32 4 9 2 2.70999124060388841 21.3989852070808411 102.302787404773156 
10 29 5 2 3 9 4 27 1 17 9 2 9 15 1 6 32 11 10 6 13 5 22 7 1 1 3 16 14 5 12 5.34074699537910114 2 3.36768017929769181 16 2 4 15 1 17 4 8 10 26 12 5 1 10 18 19 11 2 21 5 1 32 4 9 2 2.70999124060388841 27.8916301131248474 55.8354778900772288 
10 24 5 2 3 9 14 30 12 17 9 2 9 15 1 6 32 11 10 6 13 5 22 7 1 1 3 16 14 5 12 5.34074699537910114 2 3.36768017929769181 16 2 4 15 1 14 31 4 10 26 12 5 1 10 18 19 11 2 21 5 1 32 4 9 2 2.70999124060388841 22.3942471444606781 87.3192351259811943 
15 26 10 2 3 9 4 27 1 17 9 2 9 15 1 6 32 11 10 6 13 5 22 7 1 1 3 16 14 5 12 5.34074699537910114 2 3.36768017929769181 16 2 4 15 1 17 4 8 10 26 12 5 1 10 18 19 11 14 13 6 1 32 4 9 2 2.70999124060388841 25.3127362132072449 61.0408262193385553 
14 6 4 15 6 1 10 18 4 18 5 5 2 22 12 9 18 6 1 15 2 3 2 1 14 32 11 6 20 10 15 19 2 1 8 1 17 30 3 3 28 10 17 26 2 16 24 2.70999124060388841 14 25 6.96245171630185755 15 31 4 4 15 12 3 17 4 19.6093449890613556 167.423750217790456 
10 29 5 2 3 9 4 27 1 17 9 2 9 15 1 6 32 11 10 6 13 5 22 7 1 1 3 16 14 5 12 5.34074699537910114 2 3.36768017929769181 16 2 4 15 1 17 4 8 10 26 12 5 1 10 18 19 11 14 25 7 1 32 4 9 2 2.70999124060388841 26.3146510720252991 59.062821310525301 
10 29 5 2 3 9 4 27 1 17 9 2 9 15 1 6 32 11 10 6 13 14 24 10 1 1 3 16 14 5 12 5.34074699537910114 2 3.36768017929769181 16 2 4 15 1 17 24 8 10 26 12 5 1 10 18 19 11 2 21 5 1 32 4 9 2 2.70999124060388841 24.5393552184104919 62.594241196659965 
10 29 5 2 3 9 4 27 1 17 9 2 9 15 1 6 32 11 10 6 13 5 22 7 1 1 3 16 14 5 12 5.34074699537910114 2 3.36768017929769181 16 2 4 15 1 17 4 8 10 26 12 5 1 10 6 22 7 2 21 5 1 32 4 9 2 2.70999124060388841 26.9412031769752502 56.9976672983662951 
6 30 1 2 11 9 16 26 2.70999124060388841 3 25 2 9 7 4 14 6 5 12 16.1354543567662532 8 14 32 6 13 19 11 1 30 7 17 18 7 2 28 5 9 12 9 3 5 12 15 3 1 12 25 12 2 31 2 15 24 3.84646942076222631 9 26 9 12 9 2 18.7655326128005981 167.872930900982624 
10 29 5 2 3 9 4 27 1 17 9 2 9 15 1 6 32 11 10 6 13 5 22 7 1 1 3 16 14 5 12 5.34074699537910114 2 3.36768017929769181 16 2 4 15 1 6 30 7 10 26 12 5 1 10 18 19 11 14 12 9 1 32 4 9 2 2.70999124060388841 23.6605980694293976 69.0249074530387787 
10 29 5 2 3 9 3.36768017929769181 20 1 17 9 2 9 15 1 6 32 11 10 6 13 5 22 7 2 19 6.96245171630185755 16 14 5 12 5.34074699537910114 2 3.36768017929769181 16 2 4 15 1 14 32 4 10 26 12 5 1 10 18 19 11 17 12 6 1 32 4 9 2 2.70999124060388841 22.9826110303401947 80.7490250102225673 
14 5 13 2 3 9 4 27 1 17 9 2 9 15 1 6 32 11 10 6 13 5 22 7 1 1 3 16 14 5 12 5.34074699537910114 2 3.36768017929769181 16 2 4 15 1 17 9 8 10 26 12 5 1 10 15 6 3 2 21 5 1 32 4 9 2 2.70999124060388841 23.1938251256942749 78.1830852874159916 
10 29 5 2 3 9 4 27 1 17 9 2 9 15 1 6 32 11 10 6 13 5 22 7 1 1 3 16 14 5 12 5.34074699537910114 2 3.36768017929769181 16 2 4 15 1 17 24 12 10 26 12 5 1 10 18 19 11 15 24 9 1 32 4 9 2 2.70999124060388841 24.1268200874328613 67.9009389854544025 
10 29 5 2 3 9 11 5.34074699537910114 8 17 9 2 9 15 1 6 32 11 10 6 13 5 22 7 1 1 3 16 14 5 12 5.34074699537910114 2 3.36768017929769181 16 2 4 15 1 2 30 6 10 26 12 5 1 10 18 19 11 6 25 6 1 32 4 9 2 2.70999124060388841 23.6289640069007874 74.0831913999745666 
6 30 5 2 3 9 16 31 2.70999124060388841 17 9 2 9 15 1 6 32 11 10 6 13 5 22 7 1 1 3 16 14 5 12 5.34074699537910114 2 3.36768017929769181 16 2 4 15 1 14 28 12 10 26 12 5 1 10 18 19 11 4 26 6.96245171630185755 1 32 4 9 2 2.70999124060388841 21.53593510389328 97.2649145485138433 
10 29 5 2 3 9 4 27 1 17 9 2 9 15 1 6 32 11 10 6 13 5 22 7 1 1 3 16 14 5 12 5.34074699537910114 2 3.36768017929769181 16 2 4 15 1 17 4 8 10 26 12 2 23 5 6 11 4 14 1 9 1 32 4 9 2 2.70999124060388841 25.3926630318164825 59.0647468603464176 
12 12 5 2 3 9 9 31 12 17 9 2 9 15 1 6 32 11 10 6 13 5 22 7 1 1 3 16 14 5 12 5.34074699537910114 2 3.36768017929769181 16 2 4 15 1 12 24 2 10 26 12 5 1 10 15 8 9 2 21 5 1 32 4 9 2 2.70999124060388841 22.010870099067688 91.6591000873675341 
10 29 5 2 3 9 13 20 4 17 9 2 9 15 1 6 32 11 10 6 13 5 22 7 1 1 3 16 14 5 12 5.34074699537910114 2 3.36768017929769181 16 2 4 15 1 16 6 2 10 26 12 5 1 10 14 9 11 2 21 5 1 32 4 9 2 2.70999124060388841 22.4867101907730103 84.359410631628549 
10 29 5 2 3 9 4 27 1 17 9 2 9 15 1 6 32 11 10 6 13 5 22 7 1 1 3 16 14 5 12 5.34074699537910114 2 3.36768017929769181 16 2 4 15 1 1 32 5 10 26 12 5 1 10 14 30 9 3.36768017929769181 12 1 1 32 4 9 2 2.70999124060388841 22.7314332127571106 83.7348995420051523 
10 29 5 2 3 9 3 2 2.70999124060388841 17 9 2 9 15 1 6 32 11 10 6 13 5 22 7 1 1 3 16 14 5 12 5.34074699537910114 2 3.36768017929769181 16 2 4 15 1 17 31 11 10 26 12 5 1 10 18 19 11 2 21 5 1 32 4 9 2 2.70999124060388841 24.3450421094894409 67.6087349051709339 
14 24 12 2 3 9 4 27 1 17 9 2 9 15 1 6 32 11 10 6 13 5 22 7 1 1 3 16 14 5 12 5.34074699537910114 2 3.36768017929769181 16 2 4 15 1 14 28 12 10 26 12 5 1 10 18 19 11 17 14 9 1 32 4 9 2 2.70999124060388841 23.163270115852356 79.3909292398422792 
6 1 4 2 3 9 15 30 4 17 9 2 9 15 1 6 32 11 10 6 13 5 22 7 1 1 3 16 14 5 12 5.34074699537910114 2 3.36768017929769181 16 2 4 15 1 13 14 9 10 26 12 5 1 10 18 19 11 14 25 7 1 32 4 9 2 2.70999124060388841 20.6901471018791199 108.211673596382923 
6 32 9 1 6 6 15 18 9 14 3 2 4 12 12 3 20 2.70999124060388841 2 1 12 12 24 11 14 33 2 4 19 12 11 15 8 9 26 8 2 3 4 4 23 3 9 24 1 16 9 10 8 28 7 3 14 13 17 18 4 14 25 13 19.8283727765083313 167.209909002246462 
5 31 2 2 3 9 4 27 1 17 9 2 9 15 1 6 32 11 10 6 13 5 22 7 1 1 3 16 14 5 12 5.34074699537910114 2 3.36768017929769181 16 2 4 15 1 12 24 1 10 26 12 5 1 10 18 19 11 14 17 4 1 32 4 9 2 2.70999124060388841 23.5852940678596497 76.5536346082186867 
10 29 5 2 3 9 4 27 1 17 9 2 9 15 1 6 32 11 10 6 13 5 22 7 1 1 3 16 14 5 12 5.34074699537910114 2 3.36768017929769181 16 2 4 15 1 17 4 8 10 26 12 5 1 10 6 22 9 2 21 5 1 32 4 9 2 2.70999124060388841 26.893179178237915 57.9328373493022681 
10 29 5 2 3 9 4 27 1 17 9 2 9 15 1 6 32 11 10 6 13 5 22 7 1 1 3 16 14 5 12 5.34074699537910114 2 3.36768017929769181 16 2 4 15 1 17 4 8 10 26 12 5 1 10 18 19 11 14 20 3 1 32 4 9 2 2.70999124060388841 26.3458641171455383 58.0981031968152095 

Current Evaluation = 100000000(100000000)
Front Size = 35
15 28 10 3.36768017929769181 15 7 14 24 3 4 26 9 6 19 3 16 18 11 8 31 1 14 1 9 15 1 7 1 11 11 4 25 6.96245171630185755 17 3 13 17 6 1 4.94126535182462057 16 7 14 1 5 3 31 11 14 3 4 6 6 11 13.2195649013323386 26 4 9 25 1 17.1729849278926849 199.648542169225834 
1 18 9 15 1 7 9 5 8 5 18 2 6 1 10 14 24 7 6 5.34074699537910114 9 3 32 3 15 30 10 14 26 3 10 18 5 16 19 11 2 15 4 14 25 11 9 25 6 14 17 2 1 15 6.96245171630185755 6 6 3.84646942076222631 8 31 4 1 30 4 17.1577437520027161 225.418955012995241 
13 20 9 17 2 3 10 2 3 10 9 2 2 32 5 6 30 7 2 1 6 15 24 9 4 26 11 9 6 9 4 31 13 1 30 13 3 12 1 16 13 2.70999124060388841 10 1 4 1 25 12 6 26 11 14 19 12 17 24 6 4 32 10 18.0949859619140625 190.78621821934513 
3 19 10 8 24 4 16 13 2.70999124060388841 15 30 6.96245171630185755 4 26 5 12 30 4 2 16 12 14 6 10 12 1 4 9 12 5 15 15 7 6 6 11 17 32 2 15 19 12 10 26 12 14 9 5 13 25 7 18 25 5 8 8.22565314501180467 9 13 5 7 18.3875322043895721 188.736528351815195 
1 5 12 14 6 1 13 7 4 3.36768017929769181 28 5 15 31 1 16 19 7 13 24 9 4 26 9 4 15 9 13 6 13 6 3 8 17 16.1354543567662532 2 12 30 1 10 26 7 13 1 10 9 31 11 14 22 3.84646942076222631 15 23.4025356524426229 6 17 24 1 4 18 9 18.4971726536750793 184.302624432425546 
1 24 8 15 30 1 3 20 1 10 31 9 14 31 1 8 1 8 10 6 11 17 31 4 3.36768017929769181 30 8 1 30 6.96245171630185755 16 14 7 4 8.22565314501180467 5 6 30 11 14 32 2 15 12 12 12 22 5 2 3 7 16 24 6 14 30 9.82524131762891173 17 32 9 17.0266257524490356 228.945598725949765 
10 29 5 2 3 9 4 20 11 17 9 2 9 15 1 6 32 11 10 6 13 5 22 7 1 1 3 16 14 5 12 5.34074699537910114 2 15 16 1 4 15 1 17 24 5 10 26 12 6 18 3 8 11 2.70999124060388841 6 31 9 1 32 4 9 2 2.70999124060388841 21.3989852070808411 102.302787404773156 
10 24 5 2 3 9 14 30 12 17 9 2 9 15 1 6 32 11 10 6 13 5 22 7 1 1 3 16 14 5 12 5.34074699537910114 2 3.36768017929769181 16 2 4 15 1 14 31 4 10 26 12 5 1 10 18 19 11 2 21 5 1 32 4 9 2 2.70999124060388841 22.3942471444606781 87.3192351259811943 
15 26 10 2 3 9 4 27 1 17 9 2 9 15 1 6 32 11 10 6 13 5 22 7 1 1 3 16 14 5 12 5.34074699537910114 2 3.36768017929769181 16 2 4 15 1 17 4 8 10 26 12 5 1 10 18 19 11 14 13 6 1 32 4 9 2 2.70999124060388841 25.3127362132072449 61.0408262193385553 
14 6 4 15 6 1 10 18 4 18 5 5 2 22 12 9 18 6 1 15 2 3 2 1 14 32 11 6 20 10 15 19 2 1 8 1 17 30 3 3 28 10 17 26 2 16 24 2.70999124060388841 14 25 6.96245171630185755 15 31 4 4 15 12 3 17 4 19.6093449890613556 167.423750217790456 
10 29 5 2 3 9 4 27 1 17 9 2 9 15 1 6 32 11 10 6 13 14 24 10 1 1 3 16 14 5 12 5.34074699537910114 2 3.36768017929769181 16 2 4 15 1 17 24 8 10 26 12 5 1 10 18 19 11 2 21 5 1 32 4 9 2 2.70999124060388841 24.5393552184104919 62.594241196659965 
10 29 5 2 3 9 4 27 1 17 9 2 9 15 1 6 32 11 10 6 13 5 22 7 1 1 3 16 14 5 12 5.34074699537910114 2 3.36768017929769181 16 2 4 15 1 17 4 8 10 26 12 5 1 10 6 22 7 2 21 5 1 32 4 9 2 2.70999124060388841 26.9412031769752502 56.9976672983662951 
6 30 1 2 11 9 16 26 2.70999124060388841 3 25 2 9 7 4 14 6 5 12 16.1354543567662532 8 14 32 6 13 19 11 1 30 7 17 18 7 2 28 5 9 12 9 3 5 12 15 3 1 12 25 12 2 31 2 15 24 3.84646942076222631 9 26 9 12 9 2 18.7655326128005981 167.872930900982624 
10 29 5 2 3 9 4 27 1 17 9 2 9 15 1 6 32 11 10 6 13 5 22 7 1 1 3 16 14 5 12 5.34074699537910114 2 3.36768017929769181 16 2 4 15 1 6 30 7 10 26 12 5 1 10 18 19 11 14 12 9 1 32 4 9 2 2.70999124060388841 23.6605980694293976 69.0249074530387787 
10 29 5 2 3 9 3.36768017929769181 20 1 17 9 2 9 15 1 6 32 11 10 6 13 5 22 7 2 19 6.96245171630185755 16 14 5 12 5.34074699537910114 2 3.36768017929769181 16 2 4 15 1 14 32 4 10 26 12 5 1 10 18 19 11 17 12 6 1 32 4 9 2 2.70999124060388841 22.9826110303401947 80.7490250102225673 
14 5 13 2 3 9 4 27 1 17 9 2 9 15 1 6 32 11 10 6 13 5 22 7 1 1 3 16 14 5 12 5.34074699537910114 2 3.36768017929769181 16 2 4 15 1 17 9 8 10 26 12 5 1 10 15 6 3 2 21 5 1 32 4 9 2 2.70999124060388841 23.1938251256942749 78.1830852874159916 
10 29 5 2 3 9 4 27 1 17 9 2 9 15 1 6 32 11 10 6 13 5 22 7 1 1 3 16 14 5 12 5.34074699537910114 2 3.36768017929769181 16 2 4 15 1 17 24 12 10 26 12 5 1 10 18 19 11 15 24 9 1 32 4 9 2 2.70999124060388841 24.1268200874328613 67.9009389854544025 
10 29 5 2 3 9 11 5.34074699537910114 8 17 9 2 9 15 1 6 32 11 10 6 13 5 22 7 1 1 3 16 14 5 12 5.34074699537910114 2 3.36768017929769181 16 2 4 15 1 2 30 6 10 26 12 5 1 10 18 19 11 6 25 6 1 32 4 9 2 2.70999124060388841 23.6289640069007874 74.0831913999745666 
6 30 5 2 3 9 16 31 2.70999124060388841 17 9 2 9 15 1 6 32 11 10 6 13 5 22 7 1 1 3 16 14 5 12 5.34074699537910114 2 3.36768017929769181 16 2 4 15 1 14 28 12 10 26 12 5 1 10 18 19 11 4 26 6.96245171630185755 1 32 4 9 2 2.70999124060388841 21.53593510389328 97.2649145485138433 
10 29 5 2 3 9 4 27 1 17 9 2 9 15 1 6 32 11 10 6 13 5 22 7 1 1 3 16 14 5 12 5.34074699537910114 2 3.36768017929769181 16 2 4 15 1 17 4 8 10 26 12 2 23 5 6 11 4 14 1 9 1 32 4 9 2 2.70999124060388841 25.3926630318164825 59.0647468603464176 
12 12 5 2 3 9 9 31 12 17 9 2 9 15 1 6 32 11 10 6 13 5 22 7 1 1 3 16 14 5 12 5.34074699537910114 2 3.36768017929769181 16 2 4 15 1 12 24 2 10 26 12 5 1 10 15 8 9 2 21 5 1 32 4 9 2 2.70999124060388841 22.010870099067688 91.6591000873675341 
10 29 5 2 3 9 13 20 4 17 9 2 9 15 1 6 32 11 10 6 13 5 22 7 1 1 3 16 14 5 12 5.34074699537910114 2 3.36768017929769181 16 2 4 15 1 16 6 2 10 26 12 5 1 10 14 9 11 2 21 5 1 32 4 9 2 2.70999124060388841 22.4867101907730103 84.359410631628549 
10 29 5 2 3 9 4 27 1 17 9 2 9 15 1 6 32 11 10 6 13 5 22 7 1 1 3 16 14 5 12 5.34074699537910114 2 3.36768017929769181 16 2 4 15 1 1 32 5 10 26 12 5 1 10 14 30 9 3.36768017929769181 12 1 1 32 4 9 2 2.70999124060388841 22.7314332127571106 83.7348995420051523 
10 29 5 2 3 9 3 2 2.70999124060388841 17 9 2 9 15 1 6 32 11 10 6 13 5 22 7 1 1 3 16 14 5 12 5.34074699537910114 2 3.36768017929769181 16 2 4 15 1 17 31 11 10 26 12 5 1 10 18 19 11 2 21 5 1 32 4 9 2 2.70999124060388841 24.3450421094894409 67.6087349051709339 
14 24 12 2 3 9 4 27 1 17 9 2 9 15 1 6 32 11 10 6 13 5 22 7 1 1 3 16 14 5 12 5.34074699537910114 2 3.36768017929769181 16 2 4 15 1 14 28 12 10 26 12 5 1 10 18 19 11 17 14 9 1 32 4 9 2 2.70999124060388841 23.163270115852356 79.3909292398422792 
6 1 4 2 3 9 15 30 4 17 9 2 9 15 1 6 32 11 10 6 13 5 22 7 1 1 3 16 14 5 12 5.34074699537910114 2 3.36768017929769181 16 2 4 15 1 13 14 9 10 26 12 5 1 10 18 19 11 14 25 7 1 32 4 9 2 2.70999124060388841 20.6901471018791199 108.211673596382923 
6 32 9 1 6 6 15 18 9 14 3 2 4 12 12 3 20 2.70999124060388841 2 1 12 12 24 11 14 33 2 4 19 12 11 15 8 9 26 8 2 3 4 4 23 3 9 24 1 16 9 10 8 28 7 3 14 13 17 18 4 14 25 13 19.8283727765083313 167.209909002246462 
5 31 2 2 3 9 4 27 1 17 9 2 9 15 1 6 32 11 10 6 13 5 22 7 1 1 3 16 14 5 12 5.34074699537910114 2 3.36768017929769181 16 2 4 15 1 12 24 1 10 26 12 5 1 10 18 19 11 14 17 4 1 32 4 9 2 2.70999124060388841 23.5852940678596497 76.5536346082186867 
10 29 5 2 3 9 4 27 1 17 9 2 9 15 1 6 32 11 10 6 13 5 22 7 1 1 3 16 14 5 12 5.34074699537910114 2 3.36768017929769181 16 2 4 15 1 17 4 8 10 26 12 5 1 10 6 22 9 2 21 5 1 32 4 9 2 2.70999124060388841 26.893179178237915 57.9328373493022681 
10 29 5 2 3 9 4 27 1 17 9 2 9 15 1 6 32 11 10 6 13 5 22 7 1 1 3 16 14 5 12 5.34074699537910114 2 3.36768017929769181 16 2 4 15 1 17 4 8 10 26 12 5 1 10 18 19 11 14 20 3 1 32 4 9 2 2.70999124060388841 26.3458641171455383 58.0981031968152095 
10 29 5 2 3 9 4 27 1 17 9 2 9 15 1 6 32 11 10 6 13 5 22 7 1 1 3 16 14 5 12 5.34074699537910114 2 3.36768017929769181 16 2 4 15 1 17 4 8 10 26 12 5 1 10 18 19 11 2 21 5 1 32 4 9 2 2.70999124060388841 27.8916301131248474 55.2117666379829544 
3.36768017929769181 20 6 2 3 9 4 12 11 17 9 2 9 15 1 6 32 11 10 6 13 5 22 7 1 1 3 16 14 5 12 5.34074699537910114 2 3.36768017929769181 16 2 4 15 1 17 31 13 10 26 12 5 1 10 18 19 11 2 21 5 1 32 4 9 2 2.70999124060388841 22.7327250838279724 82.2538607914234916 
10 29 5 2 3 9 4 27 1 17 9 2 9 15 1 6 32 11 10 6 13 5 22 7 1 1 3 16 14 5 12 5.34074699537910114 2 3.36768017929769181 16 2 4 15 1 17 4 8 10 26 12 5 1 10 18 19 11 14 12 5 1 32 4 9 2 2.70999124060388841 26.3110260367393494 58.8980128620986534 
10 29 5 2 3 9 4 27 1 17 9 2 9 15 1 6 32 11 10 6 13 5 22 7 1 1 3 16 14 5 12 5.34074699537910114 2 3.36768017929769181 16 2 4 15 1 17 4 8 10 26 12 5 1 10 18 19 11 14 13 5 1 32 4 9 2 2.70999124060388841 26.6208001375198364 57.9494707568622403 
11 25 2.70999124060388841 2 3 9 15 22 6.96245171630185755 17 9 2 9 15 1 6 32 11 10 6 13 5 22 7 1 1 3 16 14 5 12 5.34074699537910114 2 3.36768017929769181 16 2 4 15 1 16 30 6 10 26 12 5 1 10 18 19 11 15 25 3 1 32 4 9 2 2.70999124060388841 22.362841010093689 91.4360085822348054 

MOEA/D: Multiobjective Evolutionary Algorithm Based on Decomposition
Number of Evaluations = 100000000
Mutation Probability = 0.0500000007450580597
Population Size = 80
Neighborhood size = 16
Seed: 13

Time =  66327.4699180000025

Current Evaluation = 100000000
Front Size = 35
15 28 10 3.36768017929769181 15 7 14 24 3 4 26 9 6 19 3 16 18 11 8 31 1 14 1 9 15 1 7 1 11 11 4 25 6.96245171630185755 17 3 13 17 6 1 4.94126535182462057 16 7 14 1 5 3 31 11 14 3 4 6 6 11 13.2195649013323386 26 4 9 25 1 17.1729849278926849 199.648542169225834 
1 18 9 15 1 7 9 5 8 5 18 2 6 1 10 14 24 7 6 5.34074699537910114 9 3 32 3 15 30 10 14 26 3 10 18 5 16 19 11 2 15 4 14 25 11 9 25 6 14 17 2 1 15 6.96245171630185755 6 6 3.84646942076222631 8 31 4 1 30 4 17.1577437520027161 225.418955012995241 
13 20 9 17 2 3 10 2 3 10 9 2 2 32 5 6 30 7 2 1 6 15 24 9 4 26 11 9 6 9 4 31 13 1 30 13 3 12 1 16 13 2.70999124060388841 10 1 4 1 25 12 6 26 11 14 19 12 17 24 6 4 32 10 18.0949859619140625 190.78621821934513 
3 19 10 8 24 4 16 13 2.70999124060388841 15 30 6.96245171630185755 4 26 5 12 30 4 2 16 12 14 6 10 12 1 4 9 12 5 15 15 7 6 6 11 17 32 2 15 19 12 10 26 12 14 9 5 13 25 7 18 25 5 8 8.22565314501180467 9 13 5 7 18.3875322043895721 188.736528351815195 
1 5 12 14 6 1 13 7 4 3.36768017929769181 28 5 15 31 1 16 19 7 13 24 9 4 26 9 4 15 9 13 6 13 6 3 8 17 16.1354543567662532 2 12 30 1 10 26 7 13 1 10 9 31 11 14 22 3.84646942076222631 15 23.4025356524426229 6 17 24 1 4 18 9 18.4971726536750793 184.302624432425546 
1 24 8 15 30 1 3 20 1 10 31 9 14 31 1 8 1 8 10 6 11 17 31 4 3.36768017929769181 30 8 1 30 6.96245171630185755 16 14 7 4 8.22565314501180467 5 6 30 11 14 32 2 15 12 12 12 22 5 2 3 7 16 24 6 14 30 9.82524131762891173 17 32 9 17.0266257524490356 228.945598725949765 
10 29 5 2 3 9 4 20 11 17 9 2 9 15 1 6 32 11 10 6 13 5 22 7 1 1 3 16 14 5 12 5.34074699537910114 2 15 16 1 4 15 1 17 24 5 10 26 12 6 18 3 8 11 2.70999124060388841 6 31 9 1 32 4 9 2 2.70999124060388841 21.3989852070808411 102.302787404773156 
10 24 5 2 3 9 14 30 12 17 9 2 9 15 1 6 32 11 10 6 13 5 22 7 1 1 3 16 14 5 12 5.34074699537910114 2 3.36768017929769181 16 2 4 15 1 14 31 4 10 26 12 5 1 10 18 19 11 2 21 5 1 32 4 9 2 2.70999124060388841 22.3942471444606781 87.3192351259811943 
15 26 10 2 3 9 4 27 1 17 9 2 9 15 1 6 32 11 10 6 13 5 22 7 1 1 3 16 14 5 12 5.34074699537910114 2 3.36768017929769181 16 2 4 15 1 17 4 8 10 26 12 5 1 10 18 19 11 14 13 6 1 32 4 9 2 2.70999124060388841 25.3127362132072449 61.0408262193385553 
14 6 4 15 6 1 10 18 4 18 5 5 2 22 12 9 18 6 1 15 2 3 2 1 14 32 11 6 20 10 15 19 2 1 8 1 17 30 3 3 28 10 17 26 2 16 24 2.70999124060388841 14 25 6.96245171630185755 15 31 4 4 15 12 3 17 4 19.6093449890613556 167.423750217790456 
10 29 5 2 3 9 4 27 1 17 9 2 9 15 1 6 32 11 10 6 13 14 24 10 1 1 3 16 14 5 12 5.34074699537910114 2 3.36768017929769181 16 2 4 15 1 17 24 8 10 26 12 5 1 10 18 19 11 2 21 5 1 32 4 9 2 2.70999124060388841 24.5393552184104919 62.594241196659965 
10 29 5 2 3 9 4 27 1 17 9 2 9 15 1 6 32 11 10 6 13 5 22 7 1 1 3 16 14 5 12 5.34074699537910114 2 3.36768017929769181 16 2 4 15 1 17 4 8 10 26 12 5 1 10 6 22 7 2 21 5 1 32 4 9 2 2.70999124060388841 26.9412031769752502 56.9976672983662951 
6 30 1 2 11 9 16 26 2.70999124060388841 3 25 2 9 7 4 14 6 5 12 16.1354543567662532 8 14 32 6 13 19 11 1 30 7 17 18 7 2 28 5 9 12 9 3 5 12 15 3 1 12 25 12 2 31 2 15 24 3.84646942076222631 9 26 9 12 9 2 18.7655326128005981 167.872930900982624 
10 29 5 2 3 9 4 27 1 17 9 2 9 15 1 6 32 11 10 6 13 5 22 7 1 1 3 16 14 5 12 5.34074699537910114 2 3.36768017929769181 16 2 4 15 1 6 30 7 10 26 12 5 1 10 18 19 11 14 12 9 1 32 4 9 2 2.70999124060388841 23.6605980694293976 69.0249074530387787 
10 29 5 2 3 9 3.36768017929769181 20 1 17 9 2 9 15 1 6 32 11 10 6 13 5 22 7 2 19 6.96245171630185755 16 14 5 12 5.34074699537910114 2 3.36768017929769181 16 2 4 15 1 14 32 4 10 26 12 5 1 10 18 19 11 17 12 6 1 32 4 9 2 2.70999124060388841 22.9826110303401947 80.7490250102225673 
14 5 13 2 3 9 4 27 1 17 9 2 9 15 1 6 32 11 10 6 13 5 22 7 1 1 3 16 14 5 12 5.34074699537910114 2 3.36768017929769181 16 2 4 15 1 17 9 8 10 26 12 5 1 10 15 6 3 2 21 5 1 32 4 9 2 2.70999124060388841 23.1938251256942749 78.1830852874159916 
10 29 5 2 3 9 4 27 1 17 9 2 9 15 1 6 32 11 10 6 13 5 22 7 1 1 3 16 14 5 12 5.34074699537910114 2 3.36768017929769181 16 2 4 15 1 17 24 12 10 26 12 5 1 10 18 19 11 15 24 9 1 32 4 9 2 2.70999124060388841 24.1268200874328613 67.9009389854544025 
10 29 5 2 3 9 11 5.34074699537910114 8 17 9 2 9 15 1 6 32 11 10 6 13 5 22 7 1 1 3 16 14 5 12 5.34074699537910114 2 3.36768017929769181 16 2 4 15 1 2 30 6 10 26 12 5 1 10 18 19 11 6 25 6 1 32 4 9 2 2.70999124060388841 23.6289640069007874 74.0831913999745666 
6 30 5 2 3 9 16 31 2.70999124060388841 17 9 2 9 15 1 6 32 11 10 6 13 5 22 7 1 1 3 16 14 5 12 5.34074699537910114 2 3.36768017929769181 16 2 4 15 1 14 28 12 10 26 12 5 1 10 18 19 11 4 26 6.96245171630185755 1 32 4 9 2 2.70999124060388841 21.53593510389328 97.2649145485138433 
10 29 5 2 3 9 4 27 1 17 9 2 9 15 1 6 32 11 10 6 13 5 22 7 1 1 3 16 14 5 12 5.34074699537910114 2 3.36768017929769181 16 2 4 15 1 17 4 8 10 26 12 2 23 5 6 11 4 14 1 9 1 32 4 9 2 2.70999124060388841 25.3926630318164825 59.0647468603464176 
12 12 5 2 3 9 9 31 12 17 9 2 9 15 1 6 32 11 10 6 13 5 22 7 1 1 3 16 14 5 12 5.34074699537910114 2 3.36768017929769181 16 2 4 15 1 12 24 2 10 26 12 5 1 10 15 8 9 2 21 5 1 32 4 9 2 2.70999124060388841 22.010870099067688 91.6591000873675341 
10 29 5 2 3 9 13 20 4 17 9 2 9 15 1 6 32 11 10 6 13 5 22 7 1 1 3 16 14 5 12 5.34074699537910114 2 3.36768017929769181 16 2 4 15 1 16 6 2 10 26 12 5 1 10 14 9 11 2 21 5 1 32 4 9 2 2.70999124060388841 22.4867101907730103 84.359410631628549 
10 29 5 2 3 9 4 27 1 17 9 2 9 15 1 6 32 11 10 6 13 5 22 7 1 1 3 16 14 5 12 5.34074699537910114 2 3.36768017929769181 16 2 4 15 1 1 32 5 10 26 12 5 1 10 14 30 9 3.36768017929769181 12 1 1 32 4 9 2 2.70999124060388841 22.7314332127571106 83.7348995420051523 
10 29 5 2 3 9 3 2 2.70999124060388841 17 9 2 9 15 1 6 32 11 10 6 13 5 22 7 1 1 3 16 14 5 12 5.34074699537910114 2 3.36768017929769181 16 2 4 15 1 17 31 11 10 26 12 5 1 10 18 19 11 2 21 5 1 32 4 9 2 2.70999124060388841 24.3450421094894409 67.6087349051709339 
14 24 12 2 3 9 4 27 1 17 9 2 9 15 1 6 32 11 10 6 13 5 22 7 1 1 3 16 14 5 12 5.34074699537910114 2 3.36768017929769181 16 2 4 15 1 14 28 12 10 26 12 5 1 10 18 19 11 17 14 9 1 32 4 9 2 2.70999124060388841 23.163270115852356 79.3909292398422792 
6 1 4 2 3 9 15 30 4 17 9 2 9 15 1 6 32 11 10 6 13 5 22 7 1 1 3 16 14 5 12 5.34074699537910114 2 3.36768017929769181 16 2 4 15 1 13 14 9 10 26 12 5 1 10 18 19 11 14 25 7 1 32 4 9 2 2.70999124060388841 20.6901471018791199 108.211673596382923 
6 32 9 1 6 6 15 18 9 14 3 2 4 12 12 3 20 2.70999124060388841 2 1 12 12 24 11 14 33 2 4 19 12 11 15 8 9 26 8 2 3 4 4 23 3 9 24 1 16 9 10 8 28 7 3 14 13 17 18 4 14 25 13 19.8283727765083313 167.209909002246462 
5 31 2 2 3 9 4 27 1 17 9 2 9 15 1 6 32 11 10 6 13 5 22 7 1 1 3 16 14 5 12 5.34074699537910114 2 3.36768017929769181 16 2 4 15 1 12 24 1 10 26 12 5 1 10 18 19 11 14 17 4 1 32 4 9 2 2.70999124060388841 23.5852940678596497 76.5536346082186867 
10 29 5 2 3 9 4 27 1 17 9 2 9 15 1 6 32 11 10 6 13 5 22 7 1 1 3 16 14 5 12 5.34074699537910114 2 3.36768017929769181 16 2 4 15 1 17 4 8 10 26 12 5 1 10 6 22 9 2 21 5 1 32 4 9 2 2.70999124060388841 26.893179178237915 57.9328373493022681 
10 29 5 2 3 9 4 27 1 17 9 2 9 15 1 6 32 11 10 6 13 5 22 7 1 1 3 16 14 5 12 5.34074699537910114 2 3.36768017929769181 16 2 4 15 1 17 4 8 10 26 12 5 1 10 18 19 11 14 20 3 1 32 4 9 2 2.70999124060388841 26.3458641171455383 58.0981031968152095 
10 29 5 2 3 9 4 27 1 17 9 2 9 15 1 6 32 11 10 6 13 5 22 7 1 1 3 16 14 5 12 5.34074699537910114 2 3.36768017929769181 16 2 4 15 1 17 4 8 10 26 12 5 1 10 18 19 11 2 21 5 1 32 4 9 2 2.70999124060388841 27.8916301131248474 55.2117666379829544 
3.36768017929769181 20 6 2 3 9 4 12 11 17 9 2 9 15 1 6 32 11 10 6 13 5 22 7 1 1 3 16 14 5 12 5.34074699537910114 2 3.36768017929769181 16 2 4 15 1 17 31 13 10 26 12 5 1 10 18 19 11 2 21 5 1 32 4 9 2 2.70999124060388841 22.7327250838279724 82.2538607914234916 
10 29 5 2 3 9 4 27 1 17 9 2 9 15 1 6 32 11 10 6 13 5 22 7 1 1 3 16 14 5 12 5.34074699537910114 2 3.36768017929769181 16 2 4 15 1 17 4 8 10 26 12 5 1 10 18 19 11 14 12 5 1 32 4 9 2 2.70999124060388841 26.3110260367393494 58.8980128620986534 
10 29 5 2 3 9 4 27 1 17 9 2 9 15 1 6 32 11 10 6 13 5 22 7 1 1 3 16 14 5 12 5.34074699537910114 2 3.36768017929769181 16 2 4 15 1 17 4 8 10 26 12 5 1 10 18 19 11 14 13 5 1 32 4 9 2 2.70999124060388841 26.6208001375198364 57.9494707568622403 
11 25 2.70999124060388841 2 3 9 15 22 6.96245171630185755 17 9 2 9 15 1 6 32 11 10 6 13 5 22 7 1 1 3 16 14 5 12 5.34074699537910114 2 3.36768017929769181 16 2 4 15 1 16 30 6 10 26 12 5 1 10 18 19 11 15 25 3 1 32 4 9 2 2.70999124060388841 22.362841010093689 91.4360085822348054 

