Current Evaluation = 10000000(10000000)
Front Size = 26
1 26 2 14 24 9 14 14 10 6 18 6 15 16 2 12 1 3 2 31 4 2 20 3 1 13 1 4 12 5 17 26 5 9 3 13 15 5.34074699537910114 11 6 26 3 8 6 6.96245171630185755 13 15 5 4 5 6 15 6 12 4.94126535182462057 24 13 12 13 13 17.6847928166389465 255.452647335464661 
6 3 2 10 5.34074699537910114 1 17 30 7 18 26 12 9 19 12 3 6 13 12 15 8 14 2 2 16 22 3 6 14 6 2 32 4 11 18 9 4 20 8 12 33 12 1 26 2 2 3 1 15 32 1 5 31 2.70999124060388841 17 8 4 9 11 4 22.2917030453681946 85.6327472689812765 
13 18 13 13 24 4 15 3 7 3 6 8 3 25 2.70999124060388841 9.25570237641795579 12 11 1 30 11 13 2 13 14 24 1 14 6 4 17 12 3 9 18 1 8 16 4 8 12 9 8 31 8 4.94126535182462057 17 6 15 5 2 14 26 8 3 32 8 4 20 8 17.553747683763504 264.300188493996473 
6 3 2 10 5.34074699537910114 1 17 30 7 18 26 12 9 19 12 3 6 13 12 15 8 14 2 2 16 22 3 6 14 6 2 32 4 11 18 9 4 30 8 12 33 12 10 29 2.70999124060388841 2 3 1 15 32 1 1 1 5 17 8 4 9 11 13 23.2456501722335815 66.8089811778222327 
6 3 2 10 5.34074699537910114 1 17 30 7 18 26 12 9 19 12 3 6 13 12 15 8 14 2 2 16 22 3 6 14 6 2 32 4 11 18 9 4 25 4 12 33 12 3 16 11 2 3 1 15 32 1 1 1 5 17 8 4 9 11 13 22.2497131824493408 86.992178225854488 
6 3 2 1 12 2 17 30 7 18 26 12 9 19 12 3 6 13 12 15 8 14 2 2 16 22 3 6 14 6 2 32 4 11 18 9 4 31 11 12 33 12 10 29 2.70999124060388841 2 3 1 15 32 1 1 1 5 17 8 4 9 11 13 22.4419410824775696 77.8354544535271913 
6 3 2 10 5.34074699537910114 1 17 30 7 18 26 12 9 19 12 3 6 13 12 15 8 14 2 2 16 22 3 6 14 6 2 32 4 11 18 9 4 6 11 12 33 12 10 29 2.70999124060388841 2 3 1 15 32 1 1 1 5 17 8 4 9 11 13 23.2264272570610046 70.261722429343223 
6 16 8 3 6 8 16 2 9 1 9 4 13 24 8 15 3 4 6 12 10 2 6 4 4 22 9 12 6 11 2 23 2.70999124060388841 13 18 4 14 8 4 8 32 9 4 11 3 14 12 4 12 6 9 16 26 13 3 2 3 8 30 10 17.8369618654251099 196.979677348795008 
6 3 2 14 30 13 17 30 7 18 26 12 9 19 12 3 6 13 12 15 8 14 2 2 16 22 3 6 14 6 2 32 4 11 18 9 15 20 13 12 33 12 6 20 5 2 31 4 15 32 1 1 1 5 17 8 4 9 11 13 20.2346060276031494 155.778077228677375 
6 3 2 10 5.34074699537910114 1 17 30 7 18 26 12 9 19 12 3 6 13 12 15 8 14 2 2 16 22 3 6 14 6 2 32 4 14 20 5 11 24 13 12 33 12 12 6 11 18 16 2 15 32 1 1 1 5 17 8 4 9 11 13 22.3028061389923096 83.7155004531954035 
6 3 2 10 5.34074699537910114 1 17 30 7 18 26 12 9 19 12 3 6 13 12 15 8 14 2 2 16 22 3 6 14 6 2 32 4 11 18 9 4 4 11 12 33 12 10 29 2.70999124060388841 18 16 2 15 32 1 1 1 5 17 8 4 9 11 13 26.2605060338973999 60.6357278854658048 
6 3 2 10 5.34074699537910114 1 17 30 7 18 26 12 9 19 12 3 6 13 12 15 8 14 2 2 16 22 3 6 14 6 2 32 4 11 18 9 4 30 12 12 33 12 10 29 2.70999124060388841 18 16 2 15 32 1 1 1 5 17 8 4 9 11 13 23.9335070252418518 65.1286404799205485 
6 3 2 10 5.34074699537910114 1 17 30 7 18 26 12 9 19 12 3 6 13 12 15 8 14 2 2 16 22 3 6 14 6 2 32 4 11 18 9 4 15 11 12 33 12 14 24 11 3 6 2 15 32 1 1 1 5 17 8 4 9 11 13 21.2436991930007935 92.5751970251970135 
6 3 2 10 5.34074699537910114 1 17 30 7 3.36768017929769181 24 13 9 19 12 3 6 13 12 15 8 14 2 2 16 22 3 6 14 6 2 32 4 1 20 3 9.25570237641795579 30 8 12 33 12 10 29 2.70999124060388841 18 16 2 15 32 1 1 1 5 17 8 4 9 11 13 22.5985408425331116 71.4649345673349643 
6 3 2 10 5.34074699537910114 1 17 30 7 18 26 12 9 19 12 3 6 13 12 15 8 14 2 2 16 22 3 6 14 6 2 32 4 11 31 12 4 4 11 12 33 12 10 29 2.70999124060388841 18 16 2 15 32 1 1 1 5 17 8 4 9 11 13 26.2558010816574097 62.2415012236406255 
3 26 2 11 12 13 4 2 8 15 3 6 4 1 4 6 8 3 3.36768017929769181 7 3 6 19 8 1 26 9 15 14 6.96245171630185755 16 15 2 17 5 9 4 6 9 14 18 1 2 20 6 1 32 1 12 1 3.84646942076222631 14 2 4 12 12 12 17 31 2 18.7054958343505859 189.96550699902096 
6 3 2 10 5.34074699537910114 1 17 30 7 18 26 12 9 19 12 3 6 13 12 15 8 14 2 2 16 22 3 6 14 6 2 32 4 11 18 9 4 30 8 12 33 12 10 29 2.70999124060388841 18 16 2 15 32 1 1 1 5 17 8 4 9 11 13 23.9747070074081421 62.3237720796190615 
6 3 2 10 5.34074699537910114 1 17 30 7 18 26 12 9 19 12 3 6 13 12 15 8 14 2 2 16 22 3 6 14 6 2 32 4 11 18 9 4 6 8 12 33 12 4 24 2 18 16 2 15 32 1 1 1 5 17 8 4 9 11 13 22.5701180696487427 74.7637283567065793 
8 26 13 14 31 12 6 15 2.70999124060388841 12 1 8 4 7 6 9 17 4 5 16.1354543567662532 2 14 6 1 4 33 3.84646942076222631 3 28 2 14 20 4 12 25 9.82524131762891173 1 24 11 4 15 1 1 1 6 6 16 13 3 30 9 9 1 11 17 30 2 3 17 10 19.434226781129837 179.834504384504442 
6 3 2 10 5.34074699537910114 1 17 30 7 18 26 12 9 19 12 3 6 13 12 15 8 14 2 2 16 22 3 6 14 6 2 32 4 3 12 2.70999124060388841 13 30 6 12 33 12 3 9 12 2 1 1 15 32 1 1 1 5 17 8 4 14 24 3 20.3659131526947021 119.750106337548416 
6 3 2 10 5.34074699537910114 1 17 30 7 18 26 12 9 19 12 3 6 13 12 15 8 14 2 2 16 22 3 6 14 6 2 32 4 11 18 9 3 26 8 12 33 12 1 6 1 14 22 1 15 32 1 1 1 5 17 8 4 9 11 13 21.8228821158409119 88.3504250651309349 
1 7 8 9 20 12 14 9 12 6 24 2 9 18 7 4 1 5 17 31 4 9 20 4 8 28 6 2 16 9 14 26 13 15 6 1 15 26 10 17 6 10 9 5.34074699537910114 12 12 30 12 4 11 13 11 19 5 12 13 9 6 24 6.96245171630185755 19.3116857409477234 188.713409975509137 
17 6 6 5 5 12 9 24 4 15 20 13 16 26 2 14 28 5 1 32 10 2 23 13 10 24 12 6 15 7 17 9 5 2 26 2.70999124060388841 14 11 12 13 25 7 9 23 11 15 32 4 2 22 6.96245171630185755 14 30 3.84646942076222631 4 14 10 17 24 1 19.4057116210460663 187.216276976991253 
5 15 10 3 14 2 4 30 7 16 25 2 12 30 2 6 26 1 2 24 4 14 26 2.70999124060388841 1 30 10 5 1 8 4 1 11 4 14 1 1 15 4 12 29 11 14 28 5 17 24 9 6 16 9 2 12 7 17 23 9 16 31 6 18.8585877418518066 189.475763727156902 
6 3 2 10 5.34074699537910114 1 17 30 7 14 12 7 9 19 12 3 6 13 12 15 8 14 2 2 16 22 3 6 14 6 2 32 4 11 18 9 14 30 4 12 33 12 10 29 2.70999124060388841 4 32 11 15 32 1 1 1 5 17 8 4 9 11 13 21.1042770147323608 116.908202638509565 
6 3 2 1 31 9 17 30 7 18 26 12 9 19 12 3 6 13 12 15 8 14 2 2 16 22 3 6 14 6 2 32 4 13 15 7 4 30 12 12 33 12 6 28 4 18 16 2 15 32 1 1 1 5 17 9 11 9 11 13 21.1267070770263672 97.8274960432622152 

Current Evaluation = 20000000(20000000)
Front Size = 31
6 16 8 3 6 8 16 2 9 1 9 4 13 24 8 15 3 4 6 12 10 2 6 4 4 22 9 12 6 11 2 23 2.70999124060388841 13 18 4 14 8 4 8 32 9 4 11 3 14 12 4 12 6 9 16 26 13 3 2 3 8 30 10 17.8369618654251099 196.979677348795008 
3 26 2 11 12 13 4 2 8 15 3 6 4 1 4 6 8 3 3.36768017929769181 7 3 6 19 8 1 26 9 15 14 6.96245171630185755 16 15 2 17 5 9 4 6 9 14 18 1 2 20 6 1 32 1 12 1 3.84646942076222631 14 2 4 12 12 12 17 31 2 18.7054958343505859 189.96550699902096 
5 15 10 3 14 2 4 30 7 16 25 2 12 30 2 6 26 1 2 24 4 14 26 2.70999124060388841 1 30 10 5 1 8 4 1 11 4 14 1 1 15 4 12 29 11 14 28 5 17 24 9 6 16 9 2 12 7 17 23 9 16 31 6 18.8585877418518066 189.475763727156902 
14 31 12 3 24 13 10 6 1 13 14 9 8 26 9 16 5.34074699537910114 7 16 31 2 13 20 11 15 30 7 5 24 12 17 1 7 14 30 11 1 31 5 10 19 11 14 25 3 14 5 8 12 31 1 3 25 1 17 15 5 14 9 5 17.1307251453399658 225.739821564744148 
6 3 2 15 5.34074699537910114 9 17 30 7 18 26 12 9 19 12 3 6 13 10 15 1 14 2 2 16 22 3 6 14 6 2 32 4 11 18 8 4 30 11 12 33 12 10 29 2.70999124060388841 14 16 6 15 32 1 1 1 5 17 8 4 9 11 13 22.7852252721786499 58.9518026573417657 
6 3 2 15 5.34074699537910114 9 17 30 7 18 26 12 9 19 12 3 6 13 10 15 1 14 2 2 16 22 3 6 14 6 2 32 4 11 18 8 4 30 11 12 33 12 10 29 2.70999124060388841 14 6 2 15 32 1 1 1 5 17 8 4 9 11 13 22.3217612206935883 59.1560992298608426 
6 3 2 15 5.34074699537910114 9 17 30 7 18 26 12 9 19 12 3 6 13 10 15 1 14 2 2 16 22 3 6 14 6 2 32 4 11 18 8 4 30 11 12 33 12 3 24 2 1 20 3 15 32 1 1 1 5 17 8 4 9 11 13 21.2149921655654907 72.3583000214606358 
6 3 2 15 5.34074699537910114 9 17 30 7 4 24 11 9 19 12 3 6 13 10 15 1 14 2 2 16 22 3 6 14 6 2 32 4 11 18 8 4 30 11 12 33 12 10 29 2.70999124060388841 18 16 2 15 32 1 1 1 5 17 8 4 9 11 13 22.899509072303772 54.9811823527379673 
6 3 2 15 5.34074699537910114 9 17 30 7 18 26 12 9 19 12 3 6 13 10 15 1 14 2 2 16 22 3 6 14 6 2 32 4 13 6 2 4 30 11 12 33 12 1 24 9 8 6 11 15 32 1 1 1 5 17 8 4 9 11 13 20.1250432729721069 96.553507587184086 
6 3 2 15 5.34074699537910114 9 17 30 7 18 26 12 9 19 12 3 6 13 10 15 1 14 2 2 16 22 3 6 14 6 2 32 4 11 18 8 4 30 11 12 33 12 3.36768017929769181 24 13 18 16 2 15 32 1 1 1 5 17 8 4 9 11 13 22.5385181307792664 58.9857323764612858 
6 3 2 15 5.34074699537910114 9 17 30 7 18 26 12 9 19 12 3 6 13 10 15 1 14 2 2 16 22 3 6 14 6 2 32 4 11 18 8 4 30 11 12 33 12 10 29 2.70999124060388841 14 22 7 15 32 1 1 1 5 17 8 4 9 11 13 22.7079792022705078 58.9751213717383465 
6 3 2 15 5.34074699537910114 9 17 30 7 18 26 12 9 19 12 3 6 13 10 15 1 14 2 2 16 22 3 6 14 6 2 32 4 11 18 8 4 30 11 3 24 13 10 29 2.70999124060388841 14 15 6 15 32 1 1 1 5 17 8 4 9 11 13 21.7495231628417969 65.3663987312923496 
6 3 2 15 5.34074699537910114 9 17 30 7 18 26 12 9 19 12 3 6 13 10 15 1 14 2 2 16 22 3 6 14 6 2 32 4 11 18 8 4 30 11 12 33 12 10 29 2.70999124060388841 14 24 4 15 32 1 1 1 5 17 8 4 9 11 13 22.2845822274684906 60.7858595357594709 
6 3 2 15 5.34074699537910114 9 17 30 7 14 18 12 9 19 12 3 6 13 10 15 1 14 2 2 14 22 12 6 14 6 2 32 4 11 18 8 4 30 11 13 17 3 16 31 6 2 32 2.70999124060388841 15 32 1 1 1 5 17 8 4 9 11 13 19.6500138640403748 141.886727627140999 
6 3 2 15 5.34074699537910114 9 17 30 7 18 26 12 9 19 12 3 6 13 10 15 1 14 2 2 16 22 3 6 14 6 2 32 4 11 18 8 4 30 11 12 33 12 14 24 2 18 16 2 15 32 1 1 1 5 17 8 4 9 11 13 22.1781821250915527 62.2216424141111091 
6 3 2 15 5.34074699537910114 9 17 30 7 18 26 12 9 19 12 3 6 13 10 15 1 14 2 2 16 22 3 6 14 6 2 32 4 3.36768017929769181 12 8 4 30 11 12 33 12 10 29 2.70999124060388841 14 26 9 15 32 1 1 1 5 17 8 4 9 11 13 21.5983002483844757 68.3344502934286311 
6 3 2 15 5.34074699537910114 9 17 30 7 18 26 12 9 19 12 3 6 13 10 15 1 14 2 2 16 22 3 6 14 6 2 32 4 3.36768017929769181 31 11 4 30 11 12 33 12 10 29 2.70999124060388841 18 16 2 15 32 1 1 1 5 17 8 4 9 11 13 23.0966601967811584 54.4939707759156775 
6 3 2 15 5.34074699537910114 9 17 30 7 18 26 12 9 19 12 3 6 13 10 15 1 14 2 2 16 22 3 6 14 6 2 32 4 11 18 8 4 30 11 12 33 12 1 24 4 6 26 9 15 32 1 1 1 5 17 8 4 9 11 13 20.8839512467384338 80.4490280960869057 
6 3 2 15 5.34074699537910114 9 17 30 7 18 26 12 9 19 12 3 6 13 10 15 1 14 2 2 16 22 3 6 14 6 2 32 4 11 18 8 4 30 11 12 33 12 10 29 2.70999124060388841 18 16 2 15 32 1 1 1 5 17 8 4 9 11 13 23.850702166557312 52.090826292950176 
6 3 2 15 5.34074699537910114 9 17 30 7 18 26 12 4 24 8 3 6 13 10 15 1 14 2 2 16 22 3 6 14 6 2 32 4 11 18 8 4 30 11 12 33 12 10 29 2.70999124060388841 18 16 2 15 32 1 1 1 5 17 8 4 9 11 13 23.4163872003555298 52.2696143781419664 
6 3 2 15 5.34074699537910114 9 17 30 7 18 26 12 9 19 12 3 6 13 10 15 1 14 2 2 16 22 3 6 14 6 2 32 4 11 18 8 4 30 11 12 33 12 10 29 2.70999124060388841 18 16 2 15 32 1 1 1 5 17 8 4 9 7 13 23.9170811176300049 51.2350700962687782 
6 3 2 15 5.34074699537910114 9 17 30 7 4 31 8 9 19 12 3 6 13 10 15 1 14 2 2 16 22 3 6 14 6 2 32 4 11 18 8 4 30 11 12 33 12 10 29 2.70999124060388841 18 16 2 15 32 1 1 1 5 17 8 4 13 20 13 22.2877188324928284 60.0177827213498958 
6 3 2 15 5.34074699537910114 9 17 30 7 18 26 12 9 19 12 3 6 13 10 15 1 14 2 2 16 22 3 6 14 6 2 32 4 11 18 8 4 30 11 6 20 6 14 30 7 14 26 4 15 32 1 1 1 5 17 8 4 9 7 13 19.6636581420898438 116.651187196641715 
6 3 2 15 5.34074699537910114 9 17 30 7 14 12 5 9 19 12 3 6 13 10 15 1 14 2 2 16 22 3 6 14 6 2 32 4 11 18 8 4 30 11 12 33 12 14 15 13 15 15 2 15 32 1 1 1 5 17 8 4 9 7 13 20.0228430032730103 109.109090909090895 
6 3 2 15 5.34074699537910114 9 17 30 7 18 26 12 9 19 12 3 6 13 10 15 1 14 2 2 16 22 3 6 14 6 2 32 4 11 18 8 4 30 11 12 33 12 6 24 7 18 16 2 15 32 1 1 1 5 17 8 4 3 30 12 21.6658321022987366 66.8155174470930007 
6 3 2 15 5.34074699537910114 9 17 30 7 18 26 12 9 19 12 3 6 13 10 15 1 14 2 2 16 22 3 6 14 6 2 32 4 11 18 8 4 30 11 12 33 12 10 29 2.70999124060388841 2 24 3 15 32 1 1 1 5 17 8 4 9 7 13 22.85169517993927 58.1788414503910261 
6 3 2 15 5.34074699537910114 9 17 30 7 4 26 8 9 19 12 3 6 13 10 15 1 14 2 2 16 22 3 6 14 6 2 32 4 11 18 8 4 30 11 12 33 12 14 1 3 18 16 2 15 32 1 1 1 5 17 8 4 9 7 13 21.4793379306793213 70.8527374586198135 
6 3 2 15 5.34074699537910114 9 17 30 7 18 26 12 9 19 12 3 6 13 10 15 1 14 2 2 16 22 3 6 14 6 2 32 4 11 18 8 4 30 11 12 33 12 14 15 7 13 26 2.70999124060388841 15 32 1 1 1 5 17 8 4 9 7 13 20.9947101473808289 77.5071583697408073 
6 3 2 15 5.34074699537910114 9 17 30 7 15 24 13 9 19 12 3 6 13 6 18 3 14 2 2 16 22 3 6 14 6 2 32 4 3 31 7 4 30 11 14 5 11 1 12 4 18 16 2 15 32 1 1 1 5 17 8 4 9 7 13 19.1092947721481323 142.061813428348586 
6 3 2 15 5.34074699537910114 9 17 30 7 1 24 5 9 19 12 3 6 13 10 15 1 14 2 2 16 22 3 6 14 6 2 32 4 11 18 8 4 30 11 12 33 12 14 15 2.70999124060388841 6 19 6 15 32 1 1 1 5 17 8 4 9 7 13 20.2964709997177124 85.7904426161080096 
6 3 2 15 5.34074699537910114 9 17 30 7 18 26 12 9 19 12 3 6 13 10 15 1 14 2 2 16 22 3 6 14 6 2 32 4 11 18 8 4 30 11 12 33 12 14 6 9 18 16 2 15 32 1 1 1 5 17 8 4 9 7 13 22.0956881046295166 64.4699056162054234 

Current Evaluation = 30000000(30000000)
Front Size = 38
6 16 8 3 6 8 16 2 9 1 9 4 13 24 8 15 3 4 6 12 10 2 6 4 4 22 9 12 6 11 2 23 2.70999124060388841 13 18 4 14 8 4 8 32 9 4 11 3 14 12 4 12 6 9 16 26 13 3 2 3 8 30 10 17.8369618654251099 196.979677348795008 
3 26 2 11 12 13 4 2 8 15 3 6 4 1 4 6 8 3 3.36768017929769181 7 3 6 19 8 1 26 9 15 14 6.96245171630185755 16 15 2 17 5 9 4 6 9 14 18 1 2 20 6 1 32 1 12 1 3.84646942076222631 14 2 4 12 12 12 17 31 2 18.7054958343505859 189.96550699902096 
5 15 10 3 14 2 4 30 7 16 25 2 12 30 2 6 26 1 2 24 4 14 26 2.70999124060388841 1 30 10 5 1 8 4 1 11 4 14 1 1 15 4 12 29 11 14 28 5 17 24 9 6 16 9 2 12 7 17 23 9 16 31 6 18.8585877418518066 189.475763727156902 
14 31 12 3 24 13 10 6 1 13 14 9 8 26 9 16 5.34074699537910114 7 16 31 2 13 20 11 15 30 7 5 24 12 17 1 7 14 30 11 1 31 5 10 19 11 14 25 3 14 5 8 12 31 1 3 25 1 17 15 5 14 9 5 17.1307251453399658 225.739821564744148 
6 3 2 15 5.34074699537910114 9 17 30 7 18 26 12 9 19 12 3 6 13 10 15 1 14 2 2 16 22 3 6 14 6 2 32 4 11 18 8 4 30 11 12 33 12 10 29 2.70999124060388841 14 6 2 15 32 1 1 1 5 17 8 4 9 11 13 22.3217612206935883 59.1560992298608426 
6 3 2 15 5.34074699537910114 9 17 30 7 18 26 12 9 19 12 3 6 13 10 15 1 14 2 2 16 22 3 6 14 6 2 32 4 11 18 8 4 30 11 12 33 12 3 24 2 1 20 3 15 32 1 1 1 5 17 8 4 9 11 13 21.2149921655654907 72.3583000214606358 
6 3 2 15 5.34074699537910114 9 17 30 7 4 24 11 9 19 12 3 6 13 10 15 1 14 2 2 16 22 3 6 14 6 2 32 4 11 18 8 4 30 11 12 33 12 10 29 2.70999124060388841 18 16 2 15 32 1 1 1 5 17 8 4 9 11 13 22.899509072303772 54.9811823527379673 
6 3 2 15 5.34074699537910114 9 17 30 7 18 26 12 9 19 12 3 6 13 10 15 1 14 2 2 16 22 3 6 14 6 2 32 4 11 18 8 4 30 11 3 24 13 10 29 2.70999124060388841 14 15 6 15 32 1 1 1 5 17 8 4 9 11 13 21.7495231628417969 65.3663987312923496 
6 3 2 15 5.34074699537910114 9 17 30 7 18 26 12 9 19 12 3 6 13 10 15 1 14 2 2 16 22 3 6 14 6 2 32 4 11 18 8 4 30 11 12 33 12 10 29 2.70999124060388841 14 24 4 15 32 1 1 1 5 17 8 4 9 11 13 22.2845822274684906 60.7858595357594709 
6 3 2 15 5.34074699537910114 9 17 30 7 18 26 12 9 19 12 3 6 13 10 15 1 14 2 2 16 22 3 6 14 6 2 32 4 11 18 8 4 30 11 12 33 12 14 24 2 18 16 2 15 32 1 1 1 5 17 8 4 9 11 13 22.1781821250915527 62.2216424141111091 
6 3 2 15 5.34074699537910114 9 17 30 7 18 26 12 9 19 12 3 6 13 10 15 1 14 2 2 16 22 3 6 14 6 2 32 4 3.36768017929769181 12 8 4 30 11 12 33 12 10 29 2.70999124060388841 14 26 9 15 32 1 1 1 5 17 8 4 9 11 13 21.5983002483844757 68.3344502934286311 
6 3 2 15 5.34074699537910114 9 17 30 7 18 26 12 9 19 12 3 6 13 10 15 1 14 2 2 16 22 3 6 14 6 2 32 4 11 18 8 4 30 11 12 33 12 1 24 4 6 26 9 15 32 1 1 1 5 17 8 4 9 11 13 20.8839512467384338 80.4490280960869057 
6 3 2 15 5.34074699537910114 9 17 30 7 18 26 12 9 19 12 3 6 13 10 15 1 14 2 2 16 22 3 6 14 6 2 32 4 11 18 8 4 30 11 12 33 12 10 29 2.70999124060388841 18 16 2 15 32 1 1 1 5 17 8 4 9 7 13 23.9170811176300049 51.2350700962687782 
6 3 2 15 5.34074699537910114 9 17 30 7 4 31 8 9 19 12 3 6 13 10 15 1 14 2 2 16 22 3 6 14 6 2 32 4 11 18 8 4 30 11 12 33 12 10 29 2.70999124060388841 18 16 2 15 32 1 1 1 5 17 8 4 13 20 13 22.2877188324928284 60.0177827213498958 
6 3 2 15 5.34074699537910114 9 17 30 7 18 26 12 9 19 12 3 6 13 10 15 1 14 2 2 16 22 3 6 14 6 2 32 4 11 18 8 4 30 11 6 20 6 14 30 7 14 26 4 15 32 1 1 1 5 17 8 4 9 7 13 19.6636581420898438 116.651187196641715 
6 3 2 15 5.34074699537910114 9 17 30 7 18 26 12 9 19 12 3 6 13 10 15 1 14 2 2 16 22 3 6 14 6 2 32 4 11 18 8 4 30 11 12 33 12 6 24 7 18 16 2 15 32 1 1 1 5 17 8 4 3 30 12 21.6658321022987366 66.8155174470930007 
6 3 2 15 5.34074699537910114 9 17 30 7 18 26 12 9 19 12 3 6 13 10 15 1 14 2 2 16 22 3 6 14 6 2 32 4 11 18 8 4 30 11 12 33 12 10 29 2.70999124060388841 2 24 3 15 32 1 1 1 5 17 8 4 9 7 13 22.85169517993927 58.1788414503910261 
6 3 2 15 5.34074699537910114 9 17 30 7 18 26 12 9 19 12 3 6 13 10 15 1 14 2 2 16 22 3 6 14 6 2 32 4 11 18 8 4 30 11 12 33 12 14 15 7 13 26 2.70999124060388841 15 32 1 1 1 5 17 8 4 9 7 13 20.9947101473808289 77.5071583697408073 
6 3 2 15 5.34074699537910114 9 17 30 7 15 24 13 9 19 12 3 6 13 6 18 3 14 2 2 16 22 3 6 14 6 2 32 4 3 31 7 4 30 11 14 5 11 1 12 4 18 16 2 15 32 1 1 1 5 17 8 4 9 7 13 19.1092947721481323 142.061813428348586 
6 3 2 15 5.34074699537910114 9 17 30 7 1 24 5 9 19 12 3 6 13 10 15 1 14 2 2 16 22 3 6 14 6 2 32 4 11 18 8 4 30 11 12 33 12 14 15 2.70999124060388841 6 19 6 15 32 1 1 1 5 17 8 4 9 7 13 20.2964709997177124 85.7904426161080096 
6 3 2 15 5.34074699537910114 9 17 30 7 18 26 12 9 19 12 3 6 13 10 15 1 14 2 2 16 22 3 6 14 6 2 32 4 11 18 8 4 30 11 12 33 12 18 24 1 14 2 7 15 32 1 1 1 5 17 8 4 9 7 13 22.2827993631362915 61.275170992839648 
6 3 2 15 5.34074699537910114 9 17 30 7 18 26 12 9 19 12 3 6 13 10 15 1 14 2 2 16 22 3 6 14 6 2 32 4 11 18 8 4 30 11 12 33 12 1 15 3 14 6 7 15 32 1 1 1 5 17 8 4 9 7 13 20.9778721928596497 79.8306753703812575 
6 3 2 15 5.34074699537910114 9 17 30 7 4 24 8 9 19 12 3 6 13 10 15 1 14 2 2 16 22 3 6 14 6 2 32 4 11 18 8 4 30 11 12 33 12 3.36768017929769181 15 12 18 16 2 15 32 1 1 1 5 17 8 4 2 5 7 21.3712829351425171 69.0455374737642984 
6 3 2 15 5.34074699537910114 9 17 30 7 14 18 3 9 19 12 3 6 13 10 15 1 14 2 2 16 22 3 6 14 6 2 32 4 3.36768017929769181 26 6.96245171630185755 4 30 11 12 33 12 12 24 4 4.94126535182462057 9 11 15 32 1 1 1 5 17 8 4 9 7 13 19.7329782247543335 113.640655028991731 
6 3 2 15 5.34074699537910114 9 17 30 7 18 26 12 9 19 12 3 6 13 10 15 1 14 2 2 16 22 3 6 14 6 2 32 4 13 20 6 4 30 11 12 33 12 15 24 2 6 6 6 15 32 1 1 1 5 17 8 4 3 15 6 19.7582061290740967 93.0651533732593066 
6 3 2 15 5.34074699537910114 9 17 30 7 12 24 11 9 19 12 3 6 13 10 15 1 14 2 2 16 22 3 6 14 6 2 32 4 11 18 8 4 30 11 12 33 12 10 29 2.70999124060388841 18 16 2 15 32 1 1 1 5 17 8 4 9 7 13 23.0333110094070435 53.9710916818226849 
6 3 2 15 5.34074699537910114 9 17 30 7 18 26 12 9 19 12 3 6 13 10 15 1 14 2 2 16 22 3 6 14 6 2 32 4 11 18 8 4 30 11 12 33 12 10 24 2 18 16 2 15 32 1 1 1 5 17 17 4 9 7 13 22.8954470157623291 57.0234271156567871 
6 3 2 15 5.34074699537910114 9 17 30 7 18 26 12 9 19 12 3 6 13 10 15 1 14 2 2 16 22 3 6 14 6 2 32 4 11 18 8 4 30 11 12 33 12 14 24 4 18 16 2 15 32 1 1 1 5 17 8 4 9 7 13 22.165547102689743 62.4439048663307972 
6 3 2 15 5.34074699537910114 9 17 30 7 2 30 6 9 19 12 3 6 13 10 15 1 14 2 2 14 12 4 6 14 6 2 32 4 9 30 4 4 30 11 12 33 12 8 6 2.70999124060388841 2 2 4 15 32 1 1 1 5 17 8 4 9 7 13 19.2497290968894958 130.518257948014082 
6 3 2 15 5.34074699537910114 9 17 30 7 18 26 12 9 19 12 3 6 13 6 25 4 14 2 2 16 22 3 6 14 6 2 32 4 11 18 8 4 30 11 12 33 12 13 30 1 4 25 10 15 32 1 1 1 5 17 8 4 14 15 10 19.5900970101356506 127.428433494609962 
6 3 2 15 5.34074699537910114 9 17 30 7 4 26 9 9 19 12 3 6 13 10 15 1 14 2 2 16 22 3 6 14 6 2 32 4 11 18 8 4 30 11 12 33 12 1 24 10 18 16 2 15 32 1 1 1 5 17 8 4 9 7 13 21.3639889359474182 70.6956992550210543 
6 3 2 15 5.34074699537910114 9 17 30 7 4 25 11 9 19 12 3 6 13 10 15 1 14 2 2 16 22 3 6 14 6 2 32 4 11 18 8 4 30 11 12 33 12 14 26 7 3.36768017929769181 16.1354543567662532 3 15 32 1 1 1 5 17 8 4 9 7 13 20.5651030838489532 82.9064297410710083 
6 3 2 15 5.34074699537910114 9 17 30 7 18 26 12 9 19 12 3 6 13 10 15 1 14 2 2 16 22 3 6 14 6 2 32 4 11 18 8 4 30 11 12 33 12 10 29 2.70999124060388841 18 16 2 15 32 1 1 1 5 17 8 4 3.36768017929769181 20 8 23.3573150634765625 51.7204844010674734 
6 3 2 15 5.34074699537910114 9 17 30 7 4 26 8 9 19 12 3 6 13 10 15 1 14 2 2 16 22 3 6 14 6 2 32 4 11 18 8 4 30 11 12 33 12 10 29 2.70999124060388841 18 16 2 15 32 1 1 1 5 17 8 4 9 7 13 23.0643719434738159 53.5075445080088983 
6 3 2 15 5.34074699537910114 9 17 30 7 18 26 12 9 19 12 3 6 13 10 15 1 14 2 2 16 22 3 6 14 6 2 32 4 11 18 8 4 30 11 12 33 12 14 6 1 6 15 10 15 32 1 1 1 5 17 8 4 9 7 13 21.1031651496887207 72.6330005760266317 
6 3 2 15 5.34074699537910114 9 17 30 7 18 26 12 9 19 12 3 6 13 10 15 1 14 2 2 16 22 3 6 14 6 2 32 4 11 18 8 4 30 11 12 33 12 14 6 5 1 24 9 15 32 1 1 1 5 17 8 4 9 7 13 20.7709431648254395 81.7745236630452439 
6 3 2 15 5.34074699537910114 9 17 30 7 18 26 12 9 19 12 3 6 13 10 15 1 14 2 2 16 22 3 6 14 6 2 32 4 11 18 8 4 30 11 12 33 12 10 29 2.70999124060388841 14 24 2.70999124060388841 15 32 1 1 1 5 17 8 4 9 7 13 22.429975152015686 58.4491325167378903 
6 3 2 15 5.34074699537910114 9 17 30 7 18 26 12 9 19 12 3 6 13 10 15 1 14 2 2 16 22 3 6 14 6 2 32 4 11 18 8 4 30 11 12 33 12 10 29 2.70999124060388841 1 25 7 15 32 1 1 1 5 17 8 4 3 31 11 22.0278241634368896 64.1884757454904928 

Current Evaluation = 40000000(40000000)
Front Size = 38
6 16 8 3 6 8 16 2 9 1 9 4 13 24 8 15 3 4 6 12 10 2 6 4 4 22 9 12 6 11 2 23 2.70999124060388841 13 18 4 14 8 4 8 32 9 4 11 3 14 12 4 12 6 9 16 26 13 3 2 3 8 30 10 17.8369618654251099 196.979677348795008 
14 31 12 3 24 13 10 6 1 13 14 9 8 26 9 16 5.34074699537910114 7 16 31 2 13 20 11 15 30 7 5 24 12 17 1 7 14 30 11 1 31 5 10 19 11 14 25 3 14 5 8 12 31 1 3 25 1 17 15 5 14 9 5 17.1307251453399658 225.739821564744148 
6 3 2 15 5.34074699537910114 9 17 30 7 18 26 12 9 19 12 3 6 13 10 15 1 14 2 2 16 22 3 6 14 6 2 32 4 11 18 8 4 30 11 12 33 12 10 29 2.70999124060388841 14 6 2 15 32 1 1 1 5 17 8 4 9 11 13 22.3217612206935883 59.1560992298608426 
6 3 2 15 5.34074699537910114 9 17 30 7 4 24 11 9 19 12 3 6 13 10 15 1 14 2 2 16 22 3 6 14 6 2 32 4 11 18 8 4 30 11 12 33 12 10 29 2.70999124060388841 18 16 2 15 32 1 1 1 5 17 8 4 9 11 13 22.899509072303772 54.9811823527379673 
6 3 2 15 5.34074699537910114 9 17 30 7 18 26 12 9 19 12 3 6 13 10 15 1 14 2 2 16 22 3 6 14 6 2 32 4 11 18 8 4 30 11 3 24 13 10 29 2.70999124060388841 14 15 6 15 32 1 1 1 5 17 8 4 9 11 13 21.7495231628417969 65.3663987312923496 
6 3 2 15 5.34074699537910114 9 17 30 7 18 26 12 9 19 12 3 6 13 10 15 1 14 2 2 16 22 3 6 14 6 2 32 4 11 18 8 4 30 11 12 33 12 10 29 2.70999124060388841 14 24 4 15 32 1 1 1 5 17 8 4 9 11 13 22.2845822274684906 60.7858595357594709 
6 3 2 15 5.34074699537910114 9 17 30 7 18 26 12 9 19 12 3 6 13 10 15 1 14 2 2 16 22 3 6 14 6 2 32 4 3.36768017929769181 12 8 4 30 11 12 33 12 10 29 2.70999124060388841 14 26 9 15 32 1 1 1 5 17 8 4 9 11 13 21.5983002483844757 68.3344502934286311 
6 3 2 15 5.34074699537910114 9 17 30 7 18 26 12 9 19 12 3 6 13 10 15 1 14 2 2 16 22 3 6 14 6 2 32 4 11 18 8 4 30 11 12 33 12 1 24 4 6 26 9 15 32 1 1 1 5 17 8 4 9 11 13 20.8839512467384338 80.4490280960869057 
6 3 2 15 5.34074699537910114 9 17 30 7 18 26 12 9 19 12 3 6 13 10 15 1 14 2 2 16 22 3 6 14 6 2 32 4 11 18 8 4 30 11 12 33 12 10 29 2.70999124060388841 18 16 2 15 32 1 1 1 5 17 8 4 9 7 13 23.9170811176300049 51.2350700962687782 
6 3 2 15 5.34074699537910114 9 17 30 7 4 31 8 9 19 12 3 6 13 10 15 1 14 2 2 16 22 3 6 14 6 2 32 4 11 18 8 4 30 11 12 33 12 10 29 2.70999124060388841 18 16 2 15 32 1 1 1 5 17 8 4 13 20 13 22.2877188324928284 60.0177827213498958 
6 3 2 15 5.34074699537910114 9 17 30 7 18 26 12 9 19 12 3 6 13 10 15 1 14 2 2 16 22 3 6 14 6 2 32 4 11 18 8 4 30 11 6 20 6 14 30 7 14 26 4 15 32 1 1 1 5 17 8 4 9 7 13 19.6636581420898438 116.651187196641715 
6 3 2 15 5.34074699537910114 9 17 30 7 18 26 12 9 19 12 3 6 13 10 15 1 14 2 2 16 22 3 6 14 6 2 32 4 11 18 8 4 30 11 12 33 12 6 24 7 18 16 2 15 32 1 1 1 5 17 8 4 3 30 12 21.6658321022987366 66.8155174470930007 
6 3 2 15 5.34074699537910114 9 17 30 7 18 26 12 9 19 12 3 6 13 10 15 1 14 2 2 16 22 3 6 14 6 2 32 4 11 18 8 4 30 11 12 33 12 10 29 2.70999124060388841 2 24 3 15 32 1 1 1 5 17 8 4 9 7 13 22.85169517993927 58.1788414503910261 
6 3 2 15 5.34074699537910114 9 17 30 7 15 24 13 9 19 12 3 6 13 6 18 3 14 2 2 16 22 3 6 14 6 2 32 4 3 31 7 4 30 11 14 5 11 1 12 4 18 16 2 15 32 1 1 1 5 17 8 4 9 7 13 19.1092947721481323 142.061813428348586 
6 3 2 15 5.34074699537910114 9 17 30 7 1 24 5 9 19 12 3 6 13 10 15 1 14 2 2 16 22 3 6 14 6 2 32 4 11 18 8 4 30 11 12 33 12 14 15 2.70999124060388841 6 19 6 15 32 1 1 1 5 17 8 4 9 7 13 20.2964709997177124 85.7904426161080096 
6 3 2 15 5.34074699537910114 9 17 30 7 18 26 12 9 19 12 3 6 13 10 15 1 14 2 2 16 22 3 6 14 6 2 32 4 13 20 6 4 30 11 12 33 12 15 24 2 6 6 6 15 32 1 1 1 5 17 8 4 3 15 6 19.7582061290740967 93.0651533732593066 
6 3 2 15 5.34074699537910114 9 17 30 7 12 24 11 9 19 12 3 6 13 10 15 1 14 2 2 16 22 3 6 14 6 2 32 4 11 18 8 4 30 11 12 33 12 10 29 2.70999124060388841 18 16 2 15 32 1 1 1 5 17 8 4 9 7 13 23.0333110094070435 53.9710916818226849 
6 3 2 15 5.34074699537910114 9 17 30 7 18 26 12 9 19 12 3 6 13 10 15 1 14 2 2 16 22 3 6 14 6 2 32 4 11 18 8 4 30 11 12 33 12 10 24 2 18 16 2 15 32 1 1 1 5 17 17 4 9 7 13 22.8954470157623291 57.0234271156567871 
6 3 2 15 5.34074699537910114 9 17 30 7 2 30 6 9 19 12 3 6 13 10 15 1 14 2 2 14 12 4 6 14 6 2 32 4 9 30 4 4 30 11 12 33 12 8 6 2.70999124060388841 2 2 4 15 32 1 1 1 5 17 8 4 9 7 13 19.2497290968894958 130.518257948014082 
6 3 2 15 5.34074699537910114 9 17 30 7 18 26 12 9 19 12 3 6 13 6 25 4 14 2 2 16 22 3 6 14 6 2 32 4 11 18 8 4 30 11 12 33 12 13 30 1 4 25 10 15 32 1 1 1 5 17 8 4 14 15 10 19.5900970101356506 127.428433494609962 
6 3 2 15 5.34074699537910114 9 17 30 7 4 25 11 9 19 12 3 6 13 10 15 1 14 2 2 16 22 3 6 14 6 2 32 4 11 18 8 4 30 11 12 33 12 14 26 7 3.36768017929769181 16.1354543567662532 3 15 32 1 1 1 5 17 8 4 9 7 13 20.5651030838489532 82.9064297410710083 
6 3 2 15 5.34074699537910114 9 17 30 7 18 26 12 9 19 12 3 6 13 10 15 1 14 2 2 16 22 3 6 14 6 2 32 4 11 18 8 4 30 11 12 33 12 10 29 2.70999124060388841 18 16 2 15 32 1 1 1 5 17 8 4 3.36768017929769181 20 8 23.3573150634765625 51.7204844010674734 
6 3 2 15 5.34074699537910114 9 17 30 7 4 26 8 9 19 12 3 6 13 10 15 1 14 2 2 16 22 3 6 14 6 2 32 4 11 18 8 4 30 11 12 33 12 10 29 2.70999124060388841 18 16 2 15 32 1 1 1 5 17 8 4 9 7 13 23.0643719434738159 53.5075445080088983 
6 3 2 15 5.34074699537910114 9 17 30 7 18 26 12 9 19 12 3 6 13 10 15 1 14 2 2 16 22 3 6 14 6 2 32 4 11 18 8 4 30 11 12 33 12 14 6 5 1 24 9 15 32 1 1 1 5 17 8 4 9 7 13 20.7709431648254395 81.7745236630452439 
6 3 2 15 5.34074699537910114 9 17 30 7 18 26 12 9 19 12 3 6 13 10 15 1 14 2 2 16 22 3 6 14 6 2 32 4 11 18 8 4 30 11 12 33 12 10 29 2.70999124060388841 14 24 2.70999124060388841 15 32 1 1 1 5 17 8 4 9 7 13 22.429975152015686 58.4491325167378903 
6 3 2 15 5.34074699537910114 9 17 30 7 18 26 12 9 19 12 3 6 13 10 15 1 14 2 2 16 22 3 6 14 6 2 32 4 11 18 8 4 30 11 12 33 12 10 29 2.70999124060388841 1 25 7 15 32 1 1 1 5 17 8 4 3 31 11 22.0278241634368896 64.1884757454904928 
6 3 2 15 5.34074699537910114 9 17 30 7 4 20 11 9 19 12 3 6 13 10 15 1 14 2 2 16 22 3 6 14 6 2 32 4 11 18 8 4 30 11 12 6 12 10 29 2.70999124060388841 18 16 2 15 32 1 1 1 5 17 8 4 9 7 13 22.1389209032058716 61.0468208868835305 
6 3 2 15 5.34074699537910114 9 17 30 7 18 26 12 9 19 12 3 6 13 10 15 1 14 2 2 16 22 3 6 14 6 2 32 4 11 18 8 4 30 11 12 33 12 14 6 4 18 16 2 15 32 1 1 1 5 17 8 4 9 7 13 22.1237120926380157 63.9956428860520816 
6 3 2 15 5.34074699537910114 9 17 30 7 18 26 12 9 19 12 3 6 13 10 15 1 14 2 2 16 22 3 6 14 6 2 32 4 11 18 8 4 30 11 12 33 12 14 24 9 18 16 2 15 32 1 1 1 5 17 8 4 9 7 13 22.1375231146812439 62.3075166696771277 
16 8 10 15 26 7 6 5 12 14 32 10 15 28 2.70999124060388841 14 18 2 15 16.1354543567662532 1 1 12 4 17 24 3.84646942076222631 13.2195649013323386 15 12 6 26 10 4 9 8 15 24 5 9 31.8448655754823804 13 13 11 9 2 5 13 4 20 13 1 24 3 12 31 7 6 15 10 17.6242356896400452 219.597325954891119 
15 6 1 14 2 9 6 7 3 4 6 4 11 15 2.70999124060388841 6 30 8 10 16 1 1 1 4 15 5 11 1 14 3 6 30 6 15 3 10 1 25 8 16 15 2 6 26 9 4 16 5 15 12 3 9 6 7 15 22 8 15 24 12 18.6327358484268188 188.742338217338187 
6 3 2 15 5.34074699537910114 9 17 30 7 4 26 13 9 19 12 3 6 13 10 15 1 14 2 2 16 22 3 6 14 6 2 32 4 11 18 8 4 30 11 12 33 12 10 29 2.70999124060388841 18 16 2 15 32 1 1 1 5 17 8 4 9 7 13 23.0231719613075256 54.5024917549704355 
6 3 2 15 5.34074699537910114 9 17 30 7 18 26 12 9 19 12 3 6 13 10 15 1 14 2 2 16 22 3 6 14 6 2 32 4 11 18 8 4 30 11 12 33 12 4 6 2.70999124060388841 2 15 4 15 32 1 1 1 5 17 8 4 9 7 13 21.3507992029190063 68.693557580763482 
6 3 2 15 5.34074699537910114 9 17 30 7 12 18 7 9 19 12 3 6 13 10 15 1 14 2 2 16 22 3 6 14 6 2 32 4 11 18 8 4 30 11 1 6 7 1 30 9 8 19 2.70999124060388841 15 32 1 1 1 5 17 8 4 9 7 13 19.5609400272369385 127.936570386112351 
6 3 2 15 5.34074699537910114 9 17 30 7 4 26 1 9 19 12 3 6 13 10 15 1 14 2 2 16 22 3 6 14 6 2 32 4 11 18 8 4 30 11 12 33 12 3 24 13 1 23 7 15 32 1 1 1 5 17 8 4 9 7 13 20.9495500326156616 77.4848752172181747 
6 3 2 15 5.34074699537910114 9 17 30 7 14 24 13 9 19 12 3 6 13 10 15 1 14 2 2 16 22 3 6 14 6 2 32 4 11 18 8 4 30 11 3 26 12 10 29 2.70999124060388841 6 12 2 15 32 1 1 1 5 17 8 4 9 7 13 20.7035830020904541 82.3140122209344014 
6 3 2 15 5.34074699537910114 9 17 30 7 18 26 12 9 19 12 3 6 13 10 15 1 14 2 2 16 22 3 6 14 6 2 32 4 11 18 8 4 30 11 12 33 12 14 24 7 14 12 4 15 32 1 1 1 5 17 8 4 14 26 5 19.7081571221351624 96.5424951530883675 
6 3 2 15 5.34074699537910114 9 17 30 7 18 26 12 9 19 12 3 6 13 10 15 1 14 2 2 16 22 3 6 14 6 2 32 4 11 18 8 4 30 11 12 33 12 14 6 2 1 19 4 15 32 1 1 1 5 17 8 4 9 7 13 21.0994101464748383 72.1905996129690806 

Current Evaluation = 50000000(50000000)
Front Size = 44
6 16 8 3 6 8 16 2 9 1 9 4 13 24 8 15 3 4 6 12 10 2 6 4 4 22 9 12 6 11 2 23 2.70999124060388841 13 18 4 14 8 4 8 32 9 4 11 3 14 12 4 12 6 9 16 26 13 3 2 3 8 30 10 17.8369618654251099 196.979677348795008 
14 31 12 3 24 13 10 6 1 13 14 9 8 26 9 16 5.34074699537910114 7 16 31 2 13 20 11 15 30 7 5 24 12 17 1 7 14 30 11 1 31 5 10 19 11 14 25 3 14 5 8 12 31 1 3 25 1 17 15 5 14 9 5 17.1307251453399658 225.739821564744148 
6 3 2 15 5.34074699537910114 9 17 30 7 18 26 12 9 19 12 3 6 13 10 15 1 14 2 2 16 22 3 6 14 6 2 32 4 11 18 8 4 30 11 12 33 12 10 29 2.70999124060388841 14 6 2 15 32 1 1 1 5 17 8 4 9 11 13 22.3217612206935883 59.1560992298608426 
6 3 2 15 5.34074699537910114 9 17 30 7 4 24 11 9 19 12 3 6 13 10 15 1 14 2 2 16 22 3 6 14 6 2 32 4 11 18 8 4 30 11 12 33 12 10 29 2.70999124060388841 18 16 2 15 32 1 1 1 5 17 8 4 9 11 13 22.899509072303772 54.9811823527379673 
6 3 2 15 5.34074699537910114 9 17 30 7 18 26 12 9 19 12 3 6 13 10 15 1 14 2 2 16 22 3 6 14 6 2 32 4 11 18 8 4 30 11 3 24 13 10 29 2.70999124060388841 14 15 6 15 32 1 1 1 5 17 8 4 9 11 13 21.7495231628417969 65.3663987312923496 
6 3 2 15 5.34074699537910114 9 17 30 7 18 26 12 9 19 12 3 6 13 10 15 1 14 2 2 16 22 3 6 14 6 2 32 4 3.36768017929769181 12 8 4 30 11 12 33 12 10 29 2.70999124060388841 14 26 9 15 32 1 1 1 5 17 8 4 9 11 13 21.5983002483844757 68.3344502934286311 
6 3 2 15 5.34074699537910114 9 17 30 7 18 26 12 9 19 12 3 6 13 10 15 1 14 2 2 16 22 3 6 14 6 2 32 4 11 18 8 4 30 11 12 33 12 1 24 4 6 26 9 15 32 1 1 1 5 17 8 4 9 11 13 20.8839512467384338 80.4490280960869057 
6 3 2 15 5.34074699537910114 9 17 30 7 18 26 12 9 19 12 3 6 13 10 15 1 14 2 2 16 22 3 6 14 6 2 32 4 11 18 8 4 30 11 12 33 12 10 29 2.70999124060388841 18 16 2 15 32 1 1 1 5 17 8 4 9 7 13 23.9170811176300049 51.2350700962687782 
6 3 2 15 5.34074699537910114 9 17 30 7 4 31 8 9 19 12 3 6 13 10 15 1 14 2 2 16 22 3 6 14 6 2 32 4 11 18 8 4 30 11 12 33 12 10 29 2.70999124060388841 18 16 2 15 32 1 1 1 5 17 8 4 13 20 13 22.2877188324928284 60.0177827213498958 
6 3 2 15 5.34074699537910114 9 17 30 7 18 26 12 9 19 12 3 6 13 10 15 1 14 2 2 16 22 3 6 14 6 2 32 4 11 18 8 4 30 11 6 20 6 14 30 7 14 26 4 15 32 1 1 1 5 17 8 4 9 7 13 19.6636581420898438 116.651187196641715 
6 3 2 15 5.34074699537910114 9 17 30 7 18 26 12 9 19 12 3 6 13 10 15 1 14 2 2 16 22 3 6 14 6 2 32 4 11 18 8 4 30 11 12 33 12 6 24 7 18 16 2 15 32 1 1 1 5 17 8 4 3 30 12 21.6658321022987366 66.8155174470930007 
6 3 2 15 5.34074699537910114 9 17 30 7 15 24 13 9 19 12 3 6 13 6 18 3 14 2 2 16 22 3 6 14 6 2 32 4 3 31 7 4 30 11 14 5 11 1 12 4 18 16 2 15 32 1 1 1 5 17 8 4 9 7 13 19.1092947721481323 142.061813428348586 
6 3 2 15 5.34074699537910114 9 17 30 7 1 24 5 9 19 12 3 6 13 10 15 1 14 2 2 16 22 3 6 14 6 2 32 4 11 18 8 4 30 11 12 33 12 14 15 2.70999124060388841 6 19 6 15 32 1 1 1 5 17 8 4 9 7 13 20.2964709997177124 85.7904426161080096 
6 3 2 15 5.34074699537910114 9 17 30 7 18 26 12 9 19 12 3 6 13 10 15 1 14 2 2 16 22 3 6 14 6 2 32 4 13 20 6 4 30 11 12 33 12 15 24 2 6 6 6 15 32 1 1 1 5 17 8 4 3 15 6 19.7582061290740967 93.0651533732593066 
6 3 2 15 5.34074699537910114 9 17 30 7 2 30 6 9 19 12 3 6 13 10 15 1 14 2 2 14 12 4 6 14 6 2 32 4 9 30 4 4 30 11 12 33 12 8 6 2.70999124060388841 2 2 4 15 32 1 1 1 5 17 8 4 9 7 13 19.2497290968894958 130.518257948014082 
6 3 2 15 5.34074699537910114 9 17 30 7 18 26 12 9 19 12 3 6 13 6 25 4 14 2 2 16 22 3 6 14 6 2 32 4 11 18 8 4 30 11 12 33 12 13 30 1 4 25 10 15 32 1 1 1 5 17 8 4 14 15 10 19.5900970101356506 127.428433494609962 
6 3 2 15 5.34074699537910114 9 17 30 7 4 25 11 9 19 12 3 6 13 10 15 1 14 2 2 16 22 3 6 14 6 2 32 4 11 18 8 4 30 11 12 33 12 14 26 7 3.36768017929769181 16.1354543567662532 3 15 32 1 1 1 5 17 8 4 9 7 13 20.5651030838489532 82.9064297410710083 
6 3 2 15 5.34074699537910114 9 17 30 7 18 26 12 9 19 12 3 6 13 10 15 1 14 2 2 16 22 3 6 14 6 2 32 4 11 18 8 4 30 11 12 33 12 10 29 2.70999124060388841 18 16 2 15 32 1 1 1 5 17 8 4 3.36768017929769181 20 8 23.3573150634765625 51.7204844010674734 
6 3 2 15 5.34074699537910114 9 17 30 7 18 26 12 9 19 12 3 6 13 10 15 1 14 2 2 16 22 3 6 14 6 2 32 4 11 18 8 4 30 11 12 33 12 14 6 5 1 24 9 15 32 1 1 1 5 17 8 4 9 7 13 20.7709431648254395 81.7745236630452439 
6 3 2 15 5.34074699537910114 9 17 30 7 18 26 12 9 19 12 3 6 13 10 15 1 14 2 2 16 22 3 6 14 6 2 32 4 11 18 8 4 30 11 12 33 12 10 29 2.70999124060388841 14 24 2.70999124060388841 15 32 1 1 1 5 17 8 4 9 7 13 22.429975152015686 58.4491325167378903 
6 3 2 15 5.34074699537910114 9 17 30 7 18 26 12 9 19 12 3 6 13 10 15 1 14 2 2 16 22 3 6 14 6 2 32 4 11 18 8 4 30 11 12 33 12 10 29 2.70999124060388841 1 25 7 15 32 1 1 1 5 17 8 4 3 31 11 22.0278241634368896 64.1884757454904928 
6 3 2 15 5.34074699537910114 9 17 30 7 4 20 11 9 19 12 3 6 13 10 15 1 14 2 2 16 22 3 6 14 6 2 32 4 11 18 8 4 30 11 12 6 12 10 29 2.70999124060388841 18 16 2 15 32 1 1 1 5 17 8 4 9 7 13 22.1389209032058716 61.0468208868835305 
6 3 2 15 5.34074699537910114 9 17 30 7 18 26 12 9 19 12 3 6 13 10 15 1 14 2 2 16 22 3 6 14 6 2 32 4 11 18 8 4 30 11 12 33 12 14 24 9 18 16 2 15 32 1 1 1 5 17 8 4 9 7 13 22.1375231146812439 62.3075166696771277 
16 8 10 15 26 7 6 5 12 14 32 10 15 28 2.70999124060388841 14 18 2 15 16.1354543567662532 1 1 12 4 17 24 3.84646942076222631 13.2195649013323386 15 12 6 26 10 4 9 8 15 24 5 9 31.8448655754823804 13 13 11 9 2 5 13 4 20 13 1 24 3 12 31 7 6 15 10 17.6242356896400452 219.597325954891119 
15 6 1 14 2 9 6 7 3 4 6 4 11 15 2.70999124060388841 6 30 8 10 16 1 1 1 4 15 5 11 1 14 3 6 30 6 15 3 10 1 25 8 16 15 2 6 26 9 4 16 5 15 12 3 9 6 7 15 22 8 15 24 12 18.6327358484268188 188.742338217338187 
6 3 2 15 5.34074699537910114 9 17 30 7 18 26 12 9 19 12 3 6 13 10 15 1 14 2 2 16 22 3 6 14 6 2 32 4 11 18 8 4 30 11 12 33 12 4 6 2.70999124060388841 2 15 4 15 32 1 1 1 5 17 8 4 9 7 13 21.3507992029190063 68.693557580763482 
6 3 2 15 5.34074699537910114 9 17 30 7 12 18 7 9 19 12 3 6 13 10 15 1 14 2 2 16 22 3 6 14 6 2 32 4 11 18 8 4 30 11 1 6 7 1 30 9 8 19 2.70999124060388841 15 32 1 1 1 5 17 8 4 9 7 13 19.5609400272369385 127.936570386112351 
6 3 2 15 5.34074699537910114 9 17 30 7 4 26 1 9 19 12 3 6 13 10 15 1 14 2 2 16 22 3 6 14 6 2 32 4 11 18 8 4 30 11 12 33 12 3 24 13 1 23 7 15 32 1 1 1 5 17 8 4 9 7 13 20.9495500326156616 77.4848752172181747 
6 3 2 15 5.34074699537910114 9 17 30 7 14 24 13 9 19 12 3 6 13 10 15 1 14 2 2 16 22 3 6 14 6 2 32 4 11 18 8 4 30 11 3 26 12 10 29 2.70999124060388841 6 12 2 15 32 1 1 1 5 17 8 4 9 7 13 20.7035830020904541 82.3140122209344014 
6 3 2 15 5.34074699537910114 9 17 30 7 18 26 12 9 19 12 3 6 13 10 15 1 14 2 2 16 22 3 6 14 6 2 32 4 11 18 8 4 30 11 12 33 12 14 24 7 14 12 4 15 32 1 1 1 5 17 8 4 14 26 5 19.7081571221351624 96.5424951530883675 
6 3 2 15 5.34074699537910114 9 17 30 7 18 26 12 9 19 12 3 6 13 10 15 1 14 2 2 16 22 3 6 14 6 2 32 4 11 18 8 4 30 11 12 33 12 14 6 2 1 19 4 15 32 1 1 1 5 17 8 4 9 7 13 21.0994101464748383 72.1905996129690806 
6 3 2 15 5.34074699537910114 9 17 30 7 12 8 12 9 19 12 3 6 13 10 15 1 14 2 2 16 22 3 6 14 6 2 32 4 11 18 8 4 30 11 12 33 12 14 24 9 18 16 2 15 32 1 1 1 5 17 8 4 9 7 13 21.7238159775733948 66.3909404213208774 
6 3 2 15 5.34074699537910114 9 17 30 7 12 12 9 9 19 12 3 6 13 10 15 1 14 2 2 16 22 3 6 14 6 2 32 4 11 18 8 4 30 11 12 33 12 3 26 11 18 16 2 15 32 1 1 1 5 17 8 4 9 7 13 21.6243540048599243 67.9281079485100463 
6 3 2 15 5.34074699537910114 9 17 30 7 18 26 12 9 19 12 3 6 13 10 15 1 14 2 2 16 22 3 6 14 6 2 32 4 11 18 8 4 30 11 12 33 12 14 6 2 18 16 2 15 32 1 1 1 5 17 8 4 9 7 13 22.2027260959148407 60.783204976628916 
6 3 2 15 5.34074699537910114 9 17 30 7 18 26 12 9 19 12 3 6 13 10 15 1 14 2 2 16 22 3 6 14 6 2 32 4 11 18 8 4 30 11 12 33 12 8 20 2 6 15 2 15 32 1 1 1 5 17 8 4 6 26 9 20.5225191116333008 85.2118354020602737 
6 3 2 15 5.34074699537910114 9 17 30 7 2 5 7 6 32 4 3 6 13 10 15 1 14 2 2 16 22 3 6 14 6 2 32 4 11 18 8 4 30 11 12 33 12 2 1 5 14 32 8 15 32 1 1 1 5 17 8 4 6 25 6 19.224386990070343 140.807837822432191 
6 3 2 15 5.34074699537910114 9 17 30 7 18 26 12 9 19 12 3 6 13 10 15 1 14 2 2 16 22 3 6 14 6 2 32 4 11 18 8 4 30 11 12 15 12 10 29 2.70999124060388841 14 19 2.70999124060388841 15 32 1 1 1 5 17 8 4 9 7 13 22.0319721102714539 63.1451546043761098 
6 3 2 15 5.34074699537910114 9 17 30 7 12 24 11 9 19 12 3 6 13 10 15 1 14 2 2 16 22 3 6 14 6 2 32 4 11 18 8 4 30 11 12 33 12 14 1 9 18 16 2 15 32 1 1 1 5 17 8 4 9 7 13 21.3002530038356781 70.6167774777822217 
6 3 2 15 5.34074699537910114 9 17 30 7 18 26 12 14 24 10 3 6 13 10 15 1 14 2 2 16 22 3 6 14 6 2 32 4 11 18 8 4 30 11 1 5.34074699537910114 11 14 15 11 4 6 10 15 32 1 1 1 5 17 8 4 9 7 13 19.6001042127609253 123.80743752229445 
6 3 2 15 5.34074699537910114 9 17 30 7 4 26 13 9 19 12 3 6 13 10 15 1 14 2 2 16 22 3 6 14 6 2 32 4 11 18 8 4 30 11 12 19 12 10 29 2.70999124060388841 18 16 2 15 32 1 1 1 5 17 8 4 9 7 13 22.5242639183998108 56.2660097226315443 
6 3 2 15 5.34074699537910114 9 17 30 7 12 24 11 9 19 12 3 6 13 10 15 1 14 2 2 16 22 3 6 14 6 2 32 4 11 18 8 4 30 11 12 33 12 10 29 2.70999124060388841 18 16 2 15 32 1 1 1 5 17 8 4 9 7 13 23.0333110094070435 52.9615391894247978 
6 3 2 15 5.34074699537910114 9 17 30 7 4 26 11 9 19 12 3 6 13 10 15 1 14 2 2 16 22 3 6 14 6 2 32 4 11 18 8 4 30 11 12 33 12 10 29 2.70999124060388841 18 16 2 15 32 1 1 1 5 17 8 4 9 7 13 23.009772002696991 53.9810253862449656 
6 3 2 15 5.34074699537910114 9 17 30 7 18 26 12 9 19 12 3 6 13 10 15 1 14 2 2 16 22 3 6 14 6 2 32 4 14 25 9 4 30 11 12 33 12 13 24 4 18 16 2 15 32 1 1 1 5 17 26 2 9 7 13 20.8181711435317993 81.1385338325942769 
6 3 2 15 5.34074699537910114 9 17 30 7 4 24 11 9 19 12 3 6 13 10 15 1 14 2 2 16 22 3 6 14 6 2 32 4 11 18 8 4 30 11 12 33 12 10 29 2.70999124060388841 18 16 2 15 32 1 1 1 5 17 8 4 9 7 13 22.9658880233764648 54.7964460581044719 

Current Evaluation = 60000000(60000000)
Front Size = 41
6 16 8 3 6 8 16 2 9 1 9 4 13 24 8 15 3 4 6 12 10 2 6 4 4 22 9 12 6 11 2 23 2.70999124060388841 13 18 4 14 8 4 8 32 9 4 11 3 14 12 4 12 6 9 16 26 13 3 2 3 8 30 10 17.8369618654251099 196.979677348795008 
14 31 12 3 24 13 10 6 1 13 14 9 8 26 9 16 5.34074699537910114 7 16 31 2 13 20 11 15 30 7 5 24 12 17 1 7 14 30 11 1 31 5 10 19 11 14 25 3 14 5 8 12 31 1 3 25 1 17 15 5 14 9 5 17.1307251453399658 225.739821564744148 
6 3 2 15 5.34074699537910114 9 17 30 7 18 26 12 9 19 12 3 6 13 10 15 1 14 2 2 16 22 3 6 14 6 2 32 4 11 18 8 4 30 11 12 33 12 10 29 2.70999124060388841 14 6 2 15 32 1 1 1 5 17 8 4 9 11 13 22.3217612206935883 59.1560992298608426 
6 3 2 15 5.34074699537910114 9 17 30 7 4 24 11 9 19 12 3 6 13 10 15 1 14 2 2 16 22 3 6 14 6 2 32 4 11 18 8 4 30 11 12 33 12 10 29 2.70999124060388841 18 16 2 15 32 1 1 1 5 17 8 4 9 11 13 22.899509072303772 54.9811823527379673 
6 3 2 15 5.34074699537910114 9 17 30 7 18 26 12 9 19 12 3 6 13 10 15 1 14 2 2 16 22 3 6 14 6 2 32 4 11 18 8 4 30 11 3 24 13 10 29 2.70999124060388841 14 15 6 15 32 1 1 1 5 17 8 4 9 11 13 21.7495231628417969 65.3663987312923496 
6 3 2 15 5.34074699537910114 9 17 30 7 4 31 8 9 19 12 3 6 13 10 15 1 14 2 2 16 22 3 6 14 6 2 32 4 11 18 8 4 30 11 12 33 12 10 29 2.70999124060388841 18 16 2 15 32 1 1 1 5 17 8 4 13 20 13 22.2877188324928284 60.0177827213498958 
6 3 2 15 5.34074699537910114 9 17 30 7 18 26 12 9 19 12 3 6 13 10 15 1 14 2 2 16 22 3 6 14 6 2 32 4 11 18 8 4 30 11 6 20 6 14 30 7 14 26 4 15 32 1 1 1 5 17 8 4 9 7 13 19.6636581420898438 116.651187196641715 
6 3 2 15 5.34074699537910114 9 17 30 7 15 24 13 9 19 12 3 6 13 6 18 3 14 2 2 16 22 3 6 14 6 2 32 4 3 31 7 4 30 11 14 5 11 1 12 4 18 16 2 15 32 1 1 1 5 17 8 4 9 7 13 19.1092947721481323 142.061813428348586 
6 3 2 15 5.34074699537910114 9 17 30 7 1 24 5 9 19 12 3 6 13 10 15 1 14 2 2 16 22 3 6 14 6 2 32 4 11 18 8 4 30 11 12 33 12 14 15 2.70999124060388841 6 19 6 15 32 1 1 1 5 17 8 4 9 7 13 20.2964709997177124 85.7904426161080096 
6 3 2 15 5.34074699537910114 9 17 30 7 18 26 12 9 19 12 3 6 13 10 15 1 14 2 2 16 22 3 6 14 6 2 32 4 13 20 6 4 30 11 12 33 12 15 24 2 6 6 6 15 32 1 1 1 5 17 8 4 3 15 6 19.7582061290740967 93.0651533732593066 
6 3 2 15 5.34074699537910114 9 17 30 7 2 30 6 9 19 12 3 6 13 10 15 1 14 2 2 14 12 4 6 14 6 2 32 4 9 30 4 4 30 11 12 33 12 8 6 2.70999124060388841 2 2 4 15 32 1 1 1 5 17 8 4 9 7 13 19.2497290968894958 130.518257948014082 
6 3 2 15 5.34074699537910114 9 17 30 7 18 26 12 9 19 12 3 6 13 6 25 4 14 2 2 16 22 3 6 14 6 2 32 4 11 18 8 4 30 11 12 33 12 13 30 1 4 25 10 15 32 1 1 1 5 17 8 4 14 15 10 19.5900970101356506 127.428433494609962 
6 3 2 15 5.34074699537910114 9 17 30 7 4 20 11 9 19 12 3 6 13 10 15 1 14 2 2 16 22 3 6 14 6 2 32 4 11 18 8 4 30 11 12 6 12 10 29 2.70999124060388841 18 16 2 15 32 1 1 1 5 17 8 4 9 7 13 22.1389209032058716 61.0468208868835305 
6 3 2 15 5.34074699537910114 9 17 30 7 18 26 12 9 19 12 3 6 13 10 15 1 14 2 2 16 22 3 6 14 6 2 32 4 11 18 8 4 30 11 12 33 12 14 24 9 18 16 2 15 32 1 1 1 5 17 8 4 9 7 13 22.1375231146812439 62.3075166696771277 
16 8 10 15 26 7 6 5 12 14 32 10 15 28 2.70999124060388841 14 18 2 15 16.1354543567662532 1 1 12 4 17 24 3.84646942076222631 13.2195649013323386 15 12 6 26 10 4 9 8 15 24 5 9 31.8448655754823804 13 13 11 9 2 5 13 4 20 13 1 24 3 12 31 7 6 15 10 17.6242356896400452 219.597325954891119 
15 6 1 14 2 9 6 7 3 4 6 4 11 15 2.70999124060388841 6 30 8 10 16 1 1 1 4 15 5 11 1 14 3 6 30 6 15 3 10 1 25 8 16 15 2 6 26 9 4 16 5 15 12 3 9 6 7 15 22 8 15 24 12 18.6327358484268188 188.742338217338187 
6 3 2 15 5.34074699537910114 9 17 30 7 12 18 7 9 19 12 3 6 13 10 15 1 14 2 2 16 22 3 6 14 6 2 32 4 11 18 8 4 30 11 1 6 7 1 30 9 8 19 2.70999124060388841 15 32 1 1 1 5 17 8 4 9 7 13 19.5609400272369385 127.936570386112351 
6 3 2 15 5.34074699537910114 9 17 30 7 4 26 1 9 19 12 3 6 13 10 15 1 14 2 2 16 22 3 6 14 6 2 32 4 11 18 8 4 30 11 12 33 12 3 24 13 1 23 7 15 32 1 1 1 5 17 8 4 9 7 13 20.9495500326156616 77.4848752172181747 
6 3 2 15 5.34074699537910114 9 17 30 7 18 26 12 9 19 12 3 6 13 10 15 1 14 2 2 16 22 3 6 14 6 2 32 4 11 18 8 4 30 11 12 33 12 14 24 7 14 12 4 15 32 1 1 1 5 17 8 4 14 26 5 19.7081571221351624 96.5424951530883675 
6 3 2 15 5.34074699537910114 9 17 30 7 18 26 12 9 19 12 3 6 13 10 15 1 14 2 2 16 22 3 6 14 6 2 32 4 11 18 8 4 30 11 12 33 12 14 6 2 1 19 4 15 32 1 1 1 5 17 8 4 9 7 13 21.0994101464748383 72.1905996129690806 
6 3 2 15 5.34074699537910114 9 17 30 7 18 26 12 9 19 12 3 6 13 10 15 1 14 2 2 16 22 3 6 14 6 2 32 4 11 18 8 4 30 11 12 33 12 14 6 2 18 16 2 15 32 1 1 1 5 17 8 4 9 7 13 22.2027260959148407 60.783204976628916 
6 3 2 15 5.34074699537910114 9 17 30 7 18 26 12 9 19 12 3 6 13 10 15 1 14 2 2 16 22 3 6 14 6 2 32 4 11 18 8 4 30 11 12 33 12 8 20 2 6 15 2 15 32 1 1 1 5 17 8 4 6 26 9 20.5225191116333008 85.2118354020602737 
6 3 2 15 5.34074699537910114 9 17 30 7 2 5 7 6 32 4 3 6 13 10 15 1 14 2 2 16 22 3 6 14 6 2 32 4 11 18 8 4 30 11 12 33 12 2 1 5 14 32 8 15 32 1 1 1 5 17 8 4 6 25 6 19.224386990070343 140.807837822432191 
6 3 2 15 5.34074699537910114 9 17 30 7 18 26 12 9 19 12 3 6 13 10 15 1 14 2 2 16 22 3 6 14 6 2 32 4 11 18 8 4 30 11 12 15 12 10 29 2.70999124060388841 14 19 2.70999124060388841 15 32 1 1 1 5 17 8 4 9 7 13 22.0319721102714539 63.1451546043761098 
6 3 2 15 5.34074699537910114 9 17 30 7 18 26 12 14 24 10 3 6 13 10 15 1 14 2 2 16 22 3 6 14 6 2 32 4 11 18 8 4 30 11 1 5.34074699537910114 11 14 15 11 4 6 10 15 32 1 1 1 5 17 8 4 9 7 13 19.6001042127609253 123.80743752229445 
6 3 2 15 5.34074699537910114 9 17 30 7 4 26 13 9 19 12 3 6 13 10 15 1 14 2 2 16 22 3 6 14 6 2 32 4 11 18 8 4 30 11 12 19 12 10 29 2.70999124060388841 18 16 2 15 32 1 1 1 5 17 8 4 9 7 13 22.5242639183998108 56.2660097226315443 
6 3 2 15 5.34074699537910114 9 17 30 7 12 24 11 9 19 12 3 6 13 10 15 1 14 2 2 16 22 3 6 14 6 2 32 4 11 18 8 4 30 11 12 33 12 10 29 2.70999124060388841 18 16 2 15 32 1 1 1 5 17 8 4 9 7 13 23.0333110094070435 52.9615391894247978 
6 3 2 15 5.34074699537910114 9 17 30 7 4 26 11 9 19 12 3 6 13 10 15 1 14 2 2 16 22 3 6 14 6 2 32 4 11 18 8 4 30 11 12 33 12 10 29 2.70999124060388841 18 16 2 15 32 1 1 1 5 17 8 4 9 7 13 23.009772002696991 53.9810253862449656 
6 3 2 15 5.34074699537910114 9 17 30 7 4 24 11 9 19 12 3 6 13 10 15 1 14 2 2 16 22 3 6 14 6 2 32 4 11 18 8 4 30 11 12 33 12 10 29 2.70999124060388841 18 16 2 15 32 1 1 1 5 17 8 4 9 7 13 22.9658880233764648 54.7964460581044719 
6 3 2 15 5.34074699537910114 9 17 1 4 4 24 13 9 19 12 3 6 13 10 15 1 14 2 2 16 22 3 6 14 6 2 32 4 11 18 8 4 30 11 12 33 12 14 26 9 18 16 2 15 32 1 1 1 5 17 8 4 2 11 9 21.0760169923305511 76.608337919901615 
6 3 2 15 5.34074699537910114 9 17 1 4 18 26 12 9 19 12 3 6 13 10 15 1 14 2 2 16 22 3 6 14 6 2 32 4 11 18 8 4 30 11 12 33 12 14 26 9 18 16 2 15 32 1 1 1 5 17 8 4 9 7 13 22.2851191461086273 60.4770131344478443 
6 3 2 15 5.34074699537910114 9 17 1 4 4 24 8 9 19 12 3 6 13 10 15 1 14 2 2 16 22 3 6 14 6 2 32 4 11 18 8 4 30 11 12 33 12 10 29 2.70999124060388841 18 16 2 15 32 1 1 1 5 17 8 4 9 7 13 23.1242000460624695 50.5959847319442915 
6 3 2 15 5.34074699537910114 9 17 1 4 18 26 12 9 19 12 3 6 13 10 15 1 14 2 2 16 22 3 6 14 6 2 32 4 11 18 8 4 30 11 12 33 12 10 29 2.70999124060388841 14 24 9 15 32 1 1 1 5 17 8 4 9 7 13 22.4266492128372192 57.3133544746703123 
6 3 2 15 5.34074699537910114 9 17 1 4 18 26 12 9 19 12 3 6 13 10 15 1 14 2 2 16 22 3 6 14 6 2 32 4 11 18 8 4 30 11 12 33 12 3 6 2 18 16 2 15 32 1 1 1 5 17 8 4 13 25 6 21.9327390789985657 63.2678394753394713 
6 3 2 15 5.34074699537910114 9 17 1 4 12 30 1 9 19 12 3 6 13 10 15 1 14 2 2 16 22 3 6 14 6 2 32 4 11 18 8 4 30 11 3.36768017929769181 26 13 10 29 2.70999124060388841 18 16 2 15 32 1 1 1 5 17 8 4 9 7 13 22.423130989074707 58.8269299124171923 
6 3 2 15 5.34074699537910114 9 17 1 4 18 26 12 9 19 12 3 6 13 10 15 1 14 2 2 16 22 3 6 14 6 2 32 4 11 18 8 4 30 11 12 33 12 14 26 2 18 16 2 15 32 1 1 1 5 17 8 4 3 30 7 21.6037741303443909 66.2883064987367305 
6 3 2 15 5.34074699537910114 9 17 1 4 4 24 11 9 19 12 3 6 13 10 15 1 14 2 2 16 22 3 6 14 6 2 32 4 11 18 8 4 30 11 12 33 12 10 29 2.70999124060388841 18 16 2 15 32 1 1 1 5 17 8 4 9 7 13 23.0696000456809998 52.3900833285186778 
6 3 2 15 5.34074699537910114 9 17 1 4 18 26 12 9 19 12 3 6 13 10 15 1 14 2 2 16 22 3 6 14 6 2 32 4 11 18 8 4 30 11 3 9 11 14 24 1 6 20 2.70999124060388841 15 32 1 1 1 5 17 8 4 9 7 13 20.5494581460952759 79.0486744997771353 
6 3 2 15 5.34074699537910114 9 17 1 4 4 26 10 9 19 12 3 6 13 10 15 1 14 2 2 16 22 3 6 14 6 2 32 4 11 18 8 4 30 11 12 33 12 14 24 9 18 16 2 15 32 1 1 1 5 17 8 4 9 7 13 21.2883260250091553 67.8579525131926147 
6 3 2 15 5.34074699537910114 9 17 1 4 18 26 12 9 19 12 3 6 13 10 15 1 14 2 2 16 22 3 6 14 6 2 32 4 11 18 8 4 30 11 12 33 12 3 6 13 18 16 2 15 32 1 1 1 5 17 8 4 13 30 8 21.8777210116386414 64.1946492049859074 
6 3 2 15 5.34074699537910114 9 17 1 4 18 26 12 9 19 12 3 6 13 10 15 1 14 2 2 16 22 3 6 14 6 2 32 4 11 18 8 4 30 11 12 33 12 10 29 2.70999124060388841 18 16 2 15 32 1 1 1 5 17 8 4 9 7 13 24.0207931399345398 49.6410471179665933 

Current Evaluation = 70000000(70000000)
Front Size = 40
6 16 8 3 6 8 16 2 9 1 9 4 13 24 8 15 3 4 6 12 10 2 6 4 4 22 9 12 6 11 2 23 2.70999124060388841 13 18 4 14 8 4 8 32 9 4 11 3 14 12 4 12 6 9 16 26 13 3 2 3 8 30 10 17.8369618654251099 196.979677348795008 
14 31 12 3 24 13 10 6 1 13 14 9 8 26 9 16 5.34074699537910114 7 16 31 2 13 20 11 15 30 7 5 24 12 17 1 7 14 30 11 1 31 5 10 19 11 14 25 3 14 5 8 12 31 1 3 25 1 17 15 5 14 9 5 17.1307251453399658 225.739821564744148 
6 3 2 15 5.34074699537910114 9 17 30 7 18 26 12 9 19 12 3 6 13 10 15 1 14 2 2 16 22 3 6 14 6 2 32 4 11 18 8 4 30 11 12 33 12 10 29 2.70999124060388841 14 6 2 15 32 1 1 1 5 17 8 4 9 11 13 22.3217612206935883 59.1560992298608426 
6 3 2 15 5.34074699537910114 9 17 30 7 4 24 11 9 19 12 3 6 13 10 15 1 14 2 2 16 22 3 6 14 6 2 32 4 11 18 8 4 30 11 12 33 12 10 29 2.70999124060388841 18 16 2 15 32 1 1 1 5 17 8 4 9 11 13 22.899509072303772 54.9811823527379673 
6 3 2 15 5.34074699537910114 9 17 30 7 18 26 12 9 19 12 3 6 13 10 15 1 14 2 2 16 22 3 6 14 6 2 32 4 11 18 8 4 30 11 3 24 13 10 29 2.70999124060388841 14 15 6 15 32 1 1 1 5 17 8 4 9 11 13 21.7495231628417969 65.3663987312923496 
6 3 2 15 5.34074699537910114 9 17 30 7 18 26 12 9 19 12 3 6 13 10 15 1 14 2 2 16 22 3 6 14 6 2 32 4 11 18 8 4 30 11 6 20 6 14 30 7 14 26 4 15 32 1 1 1 5 17 8 4 9 7 13 19.6636581420898438 116.651187196641715 
6 3 2 15 5.34074699537910114 9 17 30 7 15 24 13 9 19 12 3 6 13 6 18 3 14 2 2 16 22 3 6 14 6 2 32 4 3 31 7 4 30 11 14 5 11 1 12 4 18 16 2 15 32 1 1 1 5 17 8 4 9 7 13 19.1092947721481323 142.061813428348586 
6 3 2 15 5.34074699537910114 9 17 30 7 1 24 5 9 19 12 3 6 13 10 15 1 14 2 2 16 22 3 6 14 6 2 32 4 11 18 8 4 30 11 12 33 12 14 15 2.70999124060388841 6 19 6 15 32 1 1 1 5 17 8 4 9 7 13 20.2964709997177124 85.7904426161080096 
6 3 2 15 5.34074699537910114 9 17 30 7 18 26 12 9 19 12 3 6 13 10 15 1 14 2 2 16 22 3 6 14 6 2 32 4 13 20 6 4 30 11 12 33 12 15 24 2 6 6 6 15 32 1 1 1 5 17 8 4 3 15 6 19.7582061290740967 93.0651533732593066 
16 8 10 15 26 7 6 5 12 14 32 10 15 28 2.70999124060388841 14 18 2 15 16.1354543567662532 1 1 12 4 17 24 3.84646942076222631 13.2195649013323386 15 12 6 26 10 4 9 8 15 24 5 9 31.8448655754823804 13 13 11 9 2 5 13 4 20 13 1 24 3 12 31 7 6 15 10 17.6242356896400452 219.597325954891119 
6 3 2 15 5.34074699537910114 9 17 30 7 18 26 12 9 19 12 3 6 13 10 15 1 14 2 2 16 22 3 6 14 6 2 32 4 11 18 8 4 30 11 12 33 12 14 24 7 14 12 4 15 32 1 1 1 5 17 8 4 14 26 5 19.7081571221351624 96.5424951530883675 
6 3 2 15 5.34074699537910114 9 17 30 7 18 26 12 9 19 12 3 6 13 10 15 1 14 2 2 16 22 3 6 14 6 2 32 4 11 18 8 4 30 11 12 33 12 14 6 2 1 19 4 15 32 1 1 1 5 17 8 4 9 7 13 21.0994101464748383 72.1905996129690806 
6 3 2 15 5.34074699537910114 9 17 30 7 18 26 12 9 19 12 3 6 13 10 15 1 14 2 2 16 22 3 6 14 6 2 32 4 11 18 8 4 30 11 12 33 12 8 20 2 6 15 2 15 32 1 1 1 5 17 8 4 6 26 9 20.5225191116333008 85.2118354020602737 
6 3 2 15 5.34074699537910114 9 17 30 7 4 26 13 9 19 12 3 6 13 10 15 1 14 2 2 16 22 3 6 14 6 2 32 4 11 18 8 4 30 11 12 19 12 10 29 2.70999124060388841 18 16 2 15 32 1 1 1 5 17 8 4 9 7 13 22.5242639183998108 56.2660097226315443 
6 3 2 15 5.34074699537910114 9 17 30 7 12 24 11 9 19 12 3 6 13 10 15 1 14 2 2 16 22 3 6 14 6 2 32 4 11 18 8 4 30 11 12 33 12 10 29 2.70999124060388841 18 16 2 15 32 1 1 1 5 17 8 4 9 7 13 23.0333110094070435 52.9615391894247978 
6 3 2 15 5.34074699537910114 9 17 30 7 4 26 11 9 19 12 3 6 13 10 15 1 14 2 2 16 22 3 6 14 6 2 32 4 11 18 8 4 30 11 12 33 12 10 29 2.70999124060388841 18 16 2 15 32 1 1 1 5 17 8 4 9 7 13 23.009772002696991 53.9810253862449656 
6 3 2 15 5.34074699537910114 9 17 30 7 4 24 11 9 19 12 3 6 13 10 15 1 14 2 2 16 22 3 6 14 6 2 32 4 11 18 8 4 30 11 12 33 12 10 29 2.70999124060388841 18 16 2 15 32 1 1 1 5 17 8 4 9 7 13 22.9658880233764648 54.7964460581044719 
6 3 2 15 5.34074699537910114 9 17 1 4 4 24 13 9 19 12 3 6 13 10 15 1 14 2 2 16 22 3 6 14 6 2 32 4 11 18 8 4 30 11 12 33 12 14 26 9 18 16 2 15 32 1 1 1 5 17 8 4 2 11 9 21.0760169923305511 76.608337919901615 
6 3 2 15 5.34074699537910114 9 17 1 4 4 24 8 9 19 12 3 6 13 10 15 1 14 2 2 16 22 3 6 14 6 2 32 4 11 18 8 4 30 11 12 33 12 10 29 2.70999124060388841 18 16 2 15 32 1 1 1 5 17 8 4 9 7 13 23.1242000460624695 50.5959847319442915 
6 3 2 15 5.34074699537910114 9 17 1 4 18 26 12 9 19 12 3 6 13 10 15 1 14 2 2 16 22 3 6 14 6 2 32 4 11 18 8 4 30 11 12 33 12 10 29 2.70999124060388841 14 24 9 15 32 1 1 1 5 17 8 4 9 7 13 22.4266492128372192 57.3133544746703123 
6 3 2 15 5.34074699537910114 9 17 1 4 18 26 12 9 19 12 3 6 13 10 15 1 14 2 2 16 22 3 6 14 6 2 32 4 11 18 8 4 30 11 12 33 12 3 6 2 18 16 2 15 32 1 1 1 5 17 8 4 13 25 6 21.9327390789985657 63.2678394753394713 
6 3 2 15 5.34074699537910114 9 17 1 4 12 30 1 9 19 12 3 6 13 10 15 1 14 2 2 16 22 3 6 14 6 2 32 4 11 18 8 4 30 11 3.36768017929769181 26 13 10 29 2.70999124060388841 18 16 2 15 32 1 1 1 5 17 8 4 9 7 13 22.423130989074707 58.8269299124171923 
6 3 2 15 5.34074699537910114 9 17 1 4 18 26 12 9 19 12 3 6 13 10 15 1 14 2 2 16 22 3 6 14 6 2 32 4 11 18 8 4 30 11 12 33 12 14 26 2 18 16 2 15 32 1 1 1 5 17 8 4 3 30 7 21.6037741303443909 66.2883064987367305 
6 3 2 15 5.34074699537910114 9 17 1 4 4 24 11 9 19 12 3 6 13 10 15 1 14 2 2 16 22 3 6 14 6 2 32 4 11 18 8 4 30 11 12 33 12 10 29 2.70999124060388841 18 16 2 15 32 1 1 1 5 17 8 4 9 7 13 23.0696000456809998 52.3900833285186778 
6 3 2 15 5.34074699537910114 9 17 1 4 18 26 12 9 19 12 3 6 13 10 15 1 14 2 2 16 22 3 6 14 6 2 32 4 11 18 8 4 30 11 3 9 11 14 24 1 6 20 2.70999124060388841 15 32 1 1 1 5 17 8 4 9 7 13 20.5494581460952759 79.0486744997771353 
6 3 2 15 5.34074699537910114 9 17 1 4 4 26 10 9 19 12 3 6 13 10 15 1 14 2 2 16 22 3 6 14 6 2 32 4 11 18 8 4 30 11 12 33 12 14 24 9 18 16 2 15 32 1 1 1 5 17 8 4 9 7 13 21.2883260250091553 67.8579525131926147 
6 3 2 15 5.34074699537910114 9 17 1 4 18 26 12 9 19 12 3 6 13 10 15 1 14 2 2 16 22 3 6 14 6 2 32 4 11 18 8 4 30 11 12 33 12 3 6 13 18 16 2 15 32 1 1 1 5 17 8 4 13 30 8 21.8777210116386414 64.1946492049859074 
6 3 2 15 5.34074699537910114 9 17 1 4 18 26 12 9 19 12 3 6 13 10 15 1 14 2 2 16 22 3 6 14 6 2 32 4 11 18 8 4 30 11 12 33 12 10 29 2.70999124060388841 18 16 2 15 32 1 1 1 5 17 8 4 9 7 13 24.0207931399345398 49.6410471179665933 
6 3 2 15 5.34074699537910114 9 17 1 4 18 26 12 9 19 12 3 6 13 10 15 1 14 2 2 16 22 3 6 14 6 2 32 4 11 18 8 4 30 11 12 33 12 6 6 2 1 16 2.70999124060388841 15 32 1 1 1 5 17 8 4 9 7 13 21.5150181651115417 67.8255914300523273 
12 20 11 3.36768017929769181 26 8 10 3 6.96245171630185755 2 32 9 1 25 8 4 6 4 13 30 10 17 9 7 4 1 4 14 7 3.84646942076222631 12 14 8 14 1 2 6 6 6 1 16 12 2 6 7 15 9 4 4 1 9.82524131762891173 13 26 12 12 24 5 5 25 8 17.6642621159553528 198.491826330850671 
6 3 2 15 5.34074699537910114 9 17 1 4 18 26 12 9 19 12 3 6 13 10 15 1 14 2 2 16 22 3 6 14 6 2 32 4 1 6 12 4 30 11 14 26 3 3.36768017929769181 1 13 14 6 4 15 32 1 1 1 5 17 8 4 9 7 13 19.1632050573825836 122.628860028860018 
6 3 2 15 5.34074699537910114 9 17 1 4 14 30 2 9 19 12 3 6 13 10 15 1 14 2 2 16 22 3 6 14 6 2 32 4 13 12 9 4 30 11 12 33 12 10 29 2.70999124060388841 14 6 9 15 32 1 1 1 5 17 8 4 9 7 13 20.0240330994129181 91.9180660493309176 
6 3 2 15 5.34074699537910114 9 17 1 4 12 26 8 9 19 12 3 6 13 10 15 1 14 2 2 16 22 3 6 14 6 2 32 4 11 18 8 4 30 11 12 33 12 10 29 2.70999124060388841 18 16 2 15 32 1 1 1 5 17 8 4 14 20 7 22.2151909470558167 59.6486296572076924 
6 3 2 15 5.34074699537910114 9 17 1 4 18 26 12 9 19 12 3 6 13 10 15 1 14 2 2 16 22 3 6 14 6 2 32 4 11 18 8 4 30 11 12 33 12 3 24 13 18 16 2 15 32 1 1 1 5 17 8 4 12 26 9 21.9869250655174255 62.8113483850503798 
16 12 1 15 5.34074699537910114 4 6 30 4 10 31 7 4 28 6.96245171630185755 17 16 13 6 15 1 1 24 7 2 12 3 13 16 8 17 30 4 12 18 4 8 20 2 3 1 7 4 6 3.84646942076222631 16 14 12 1 32 9 14 23 3 15 25 12 5 6 9.82524131762891173 18.3608408570289612 187.477881758764084 
6 3 2 15 5.34074699537910114 9 17 1 4 14 31 10 9 19 12 3 6 13 10 15 1 14 2 2 16 22 3 6 14 6 2 32 4 11 18 8 4 30 11 14 24 9 3.36768017929769181 26 2 18 16 2 15 32 1 1 1 5 17 8 4 9 7 13 20.2488889694213867 86.356020257098578 
6 3 2 15 5.34074699537910114 9 17 1 4 4 26 13 9 19 12 3 6 13 10 15 1 14 2 2 16 22 3 6 14 6 2 32 4 11 18 8 4 30 11 12 33 12 14 22 1 18 16 2 15 32 1 1 1 5 17 8 4 9 7 13 21.9937469959259033 60.2420256814522546 
6 3 2 15 5.34074699537910114 9 17 1 4 12 9 11 9 19 12 3 6 13 10 15 1 14 2 2 16 22 3 6 14 6 2 32 4 11 18 8 4 30 11 12 33 12 3 6 1 14 15 5 15 32 1 1 1 5 17 8 4 9 7 13 20.6505849957466125 77.1971252575298905 
6 3 2 15 5.34074699537910114 9 17 1 4 18 26 12 9 19 12 3 6 13 10 15 1 14 2 2 16 22 3 6 14 6 2 32 4 11 18 8 4 30 11 12 33 12 10 29 2.70999124060388841 14 6 2 15 32 1 1 1 5 17 8 4 9 7 13 22.491852194070816 56.7511803960209491 
6 3 2 15 5.34074699537910114 9 17 1 4 18 26 12 9 19 12 3 6 13 10 15 1 14 2 2 16 22 3 6 14 6 2 32 4 11 18 8 4 30 11 12 33 12 3 26 2 18 16 2 15 32 1 1 1 5 17 8 4 9 7 13 22.6985071301460266 55.8524066133718122 

Current Evaluation = 80000000(80000000)
Front Size = 40
6 16 8 3 6 8 16 2 9 1 9 4 13 24 8 15 3 4 6 12 10 2 6 4 4 22 9 12 6 11 2 23 2.70999124060388841 13 18 4 14 8 4 8 32 9 4 11 3 14 12 4 12 6 9 16 26 13 3 2 3 8 30 10 17.8369618654251099 196.979677348795008 
14 31 12 3 24 13 10 6 1 13 14 9 8 26 9 16 5.34074699537910114 7 16 31 2 13 20 11 15 30 7 5 24 12 17 1 7 14 30 11 1 31 5 10 19 11 14 25 3 14 5 8 12 31 1 3 25 1 17 15 5 14 9 5 17.1307251453399658 225.739821564744148 
6 3 2 15 5.34074699537910114 9 17 30 7 4 24 11 9 19 12 3 6 13 10 15 1 14 2 2 16 22 3 6 14 6 2 32 4 11 18 8 4 30 11 12 33 12 10 29 2.70999124060388841 18 16 2 15 32 1 1 1 5 17 8 4 9 11 13 22.899509072303772 54.9811823527379673 
6 3 2 15 5.34074699537910114 9 17 30 7 18 26 12 9 19 12 3 6 13 10 15 1 14 2 2 16 22 3 6 14 6 2 32 4 11 18 8 4 30 11 3 24 13 10 29 2.70999124060388841 14 15 6 15 32 1 1 1 5 17 8 4 9 11 13 21.7495231628417969 65.3663987312923496 
6 3 2 15 5.34074699537910114 9 17 30 7 18 26 12 9 19 12 3 6 13 10 15 1 14 2 2 16 22 3 6 14 6 2 32 4 11 18 8 4 30 11 6 20 6 14 30 7 14 26 4 15 32 1 1 1 5 17 8 4 9 7 13 19.6636581420898438 116.651187196641715 
6 3 2 15 5.34074699537910114 9 17 30 7 15 24 13 9 19 12 3 6 13 6 18 3 14 2 2 16 22 3 6 14 6 2 32 4 3 31 7 4 30 11 14 5 11 1 12 4 18 16 2 15 32 1 1 1 5 17 8 4 9 7 13 19.1092947721481323 142.061813428348586 
6 3 2 15 5.34074699537910114 9 17 30 7 1 24 5 9 19 12 3 6 13 10 15 1 14 2 2 16 22 3 6 14 6 2 32 4 11 18 8 4 30 11 12 33 12 14 15 2.70999124060388841 6 19 6 15 32 1 1 1 5 17 8 4 9 7 13 20.2964709997177124 85.7904426161080096 
6 3 2 15 5.34074699537910114 9 17 30 7 18 26 12 9 19 12 3 6 13 10 15 1 14 2 2 16 22 3 6 14 6 2 32 4 13 20 6 4 30 11 12 33 12 15 24 2 6 6 6 15 32 1 1 1 5 17 8 4 3 15 6 19.7582061290740967 93.0651533732593066 
16 8 10 15 26 7 6 5 12 14 32 10 15 28 2.70999124060388841 14 18 2 15 16.1354543567662532 1 1 12 4 17 24 3.84646942076222631 13.2195649013323386 15 12 6 26 10 4 9 8 15 24 5 9 31.8448655754823804 13 13 11 9 2 5 13 4 20 13 1 24 3 12 31 7 6 15 10 17.6242356896400452 219.597325954891119 
6 3 2 15 5.34074699537910114 9 17 30 7 18 26 12 9 19 12 3 6 13 10 15 1 14 2 2 16 22 3 6 14 6 2 32 4 11 18 8 4 30 11 12 33 12 14 24 7 14 12 4 15 32 1 1 1 5 17 8 4 14 26 5 19.7081571221351624 96.5424951530883675 
6 3 2 15 5.34074699537910114 9 17 30 7 18 26 12 9 19 12 3 6 13 10 15 1 14 2 2 16 22 3 6 14 6 2 32 4 11 18 8 4 30 11 12 33 12 14 6 2 1 19 4 15 32 1 1 1 5 17 8 4 9 7 13 21.0994101464748383 72.1905996129690806 
6 3 2 15 5.34074699537910114 9 17 30 7 18 26 12 9 19 12 3 6 13 10 15 1 14 2 2 16 22 3 6 14 6 2 32 4 11 18 8 4 30 11 12 33 12 8 20 2 6 15 2 15 32 1 1 1 5 17 8 4 6 26 9 20.5225191116333008 85.2118354020602737 
6 3 2 15 5.34074699537910114 9 17 30 7 4 26 13 9 19 12 3 6 13 10 15 1 14 2 2 16 22 3 6 14 6 2 32 4 11 18 8 4 30 11 12 19 12 10 29 2.70999124060388841 18 16 2 15 32 1 1 1 5 17 8 4 9 7 13 22.5242639183998108 56.2660097226315443 
6 3 2 15 5.34074699537910114 9 17 30 7 12 24 11 9 19 12 3 6 13 10 15 1 14 2 2 16 22 3 6 14 6 2 32 4 11 18 8 4 30 11 12 33 12 10 29 2.70999124060388841 18 16 2 15 32 1 1 1 5 17 8 4 9 7 13 23.0333110094070435 52.9615391894247978 
6 3 2 15 5.34074699537910114 9 17 30 7 4 26 11 9 19 12 3 6 13 10 15 1 14 2 2 16 22 3 6 14 6 2 32 4 11 18 8 4 30 11 12 33 12 10 29 2.70999124060388841 18 16 2 15 32 1 1 1 5 17 8 4 9 7 13 23.009772002696991 53.9810253862449656 
6 3 2 15 5.34074699537910114 9 17 30 7 4 24 11 9 19 12 3 6 13 10 15 1 14 2 2 16 22 3 6 14 6 2 32 4 11 18 8 4 30 11 12 33 12 10 29 2.70999124060388841 18 16 2 15 32 1 1 1 5 17 8 4 9 7 13 22.9658880233764648 54.7964460581044719 
6 3 2 15 5.34074699537910114 9 17 1 4 4 24 13 9 19 12 3 6 13 10 15 1 14 2 2 16 22 3 6 14 6 2 32 4 11 18 8 4 30 11 12 33 12 14 26 9 18 16 2 15 32 1 1 1 5 17 8 4 2 11 9 21.0760169923305511 76.608337919901615 
6 3 2 15 5.34074699537910114 9 17 1 4 4 24 8 9 19 12 3 6 13 10 15 1 14 2 2 16 22 3 6 14 6 2 32 4 11 18 8 4 30 11 12 33 12 10 29 2.70999124060388841 18 16 2 15 32 1 1 1 5 17 8 4 9 7 13 23.1242000460624695 50.5959847319442915 
6 3 2 15 5.34074699537910114 9 17 1 4 18 26 12 9 19 12 3 6 13 10 15 1 14 2 2 16 22 3 6 14 6 2 32 4 11 18 8 4 30 11 12 33 12 10 29 2.70999124060388841 14 24 9 15 32 1 1 1 5 17 8 4 9 7 13 22.4266492128372192 57.3133544746703123 
6 3 2 15 5.34074699537910114 9 17 1 4 18 26 12 9 19 12 3 6 13 10 15 1 14 2 2 16 22 3 6 14 6 2 32 4 11 18 8 4 30 11 12 33 12 3 6 2 18 16 2 15 32 1 1 1 5 17 8 4 13 25 6 21.9327390789985657 63.2678394753394713 
6 3 2 15 5.34074699537910114 9 17 1 4 12 30 1 9 19 12 3 6 13 10 15 1 14 2 2 16 22 3 6 14 6 2 32 4 11 18 8 4 30 11 3.36768017929769181 26 13 10 29 2.70999124060388841 18 16 2 15 32 1 1 1 5 17 8 4 9 7 13 22.423130989074707 58.8269299124171923 
6 3 2 15 5.34074699537910114 9 17 1 4 18 26 12 9 19 12 3 6 13 10 15 1 14 2 2 16 22 3 6 14 6 2 32 4 11 18 8 4 30 11 12 33 12 14 26 2 18 16 2 15 32 1 1 1 5 17 8 4 3 30 7 21.6037741303443909 66.2883064987367305 
6 3 2 15 5.34074699537910114 9 17 1 4 18 26 12 9 19 12 3 6 13 10 15 1 14 2 2 16 22 3 6 14 6 2 32 4 11 18 8 4 30 11 3 9 11 14 24 1 6 20 2.70999124060388841 15 32 1 1 1 5 17 8 4 9 7 13 20.5494581460952759 79.0486744997771353 
6 3 2 15 5.34074699537910114 9 17 1 4 4 26 10 9 19 12 3 6 13 10 15 1 14 2 2 16 22 3 6 14 6 2 32 4 11 18 8 4 30 11 12 33 12 14 24 9 18 16 2 15 32 1 1 1 5 17 8 4 9 7 13 21.2883260250091553 67.8579525131926147 
6 3 2 15 5.34074699537910114 9 17 1 4 18 26 12 9 19 12 3 6 13 10 15 1 14 2 2 16 22 3 6 14 6 2 32 4 11 18 8 4 30 11 12 33 12 3 6 13 18 16 2 15 32 1 1 1 5 17 8 4 13 30 8 21.8777210116386414 64.1946492049859074 
6 3 2 15 5.34074699537910114 9 17 1 4 18 26 12 9 19 12 3 6 13 10 15 1 14 2 2 16 22 3 6 14 6 2 32 4 11 18 8 4 30 11 12 33 12 10 29 2.70999124060388841 18 16 2 15 32 1 1 1 5 17 8 4 9 7 13 24.0207931399345398 49.6410471179665933 
6 3 2 15 5.34074699537910114 9 17 1 4 18 26 12 9 19 12 3 6 13 10 15 1 14 2 2 16 22 3 6 14 6 2 32 4 11 18 8 4 30 11 12 33 12 6 6 2 1 16 2.70999124060388841 15 32 1 1 1 5 17 8 4 9 7 13 21.5150181651115417 67.8255914300523273 
12 20 11 3.36768017929769181 26 8 10 3 6.96245171630185755 2 32 9 1 25 8 4 6 4 13 30 10 17 9 7 4 1 4 14 7 3.84646942076222631 12 14 8 14 1 2 6 6 6 1 16 12 2 6 7 15 9 4 4 1 9.82524131762891173 13 26 12 12 24 5 5 25 8 17.6642621159553528 198.491826330850671 
6 3 2 15 5.34074699537910114 9 17 1 4 18 26 12 9 19 12 3 6 13 10 15 1 14 2 2 16 22 3 6 14 6 2 32 4 1 6 12 4 30 11 14 26 3 3.36768017929769181 1 13 14 6 4 15 32 1 1 1 5 17 8 4 9 7 13 19.1632050573825836 122.628860028860018 
6 3 2 15 5.34074699537910114 9 17 1 4 14 30 2 9 19 12 3 6 13 10 15 1 14 2 2 16 22 3 6 14 6 2 32 4 13 12 9 4 30 11 12 33 12 10 29 2.70999124060388841 14 6 9 15 32 1 1 1 5 17 8 4 9 7 13 20.0240330994129181 91.9180660493309176 
16 12 1 15 5.34074699537910114 4 6 30 4 10 31 7 4 28 6.96245171630185755 17 16 13 6 15 1 1 24 7 2 12 3 13 16 8 17 30 4 12 18 4 8 20 2 3 1 7 4 6 3.84646942076222631 16 14 12 1 32 9 14 23 3 15 25 12 5 6 9.82524131762891173 18.3608408570289612 187.477881758764084 
6 3 2 15 5.34074699537910114 9 17 1 4 14 31 10 9 19 12 3 6 13 10 15 1 14 2 2 16 22 3 6 14 6 2 32 4 11 18 8 4 30 11 14 24 9 3.36768017929769181 26 2 18 16 2 15 32 1 1 1 5 17 8 4 9 7 13 20.2488889694213867 86.356020257098578 
6 3 2 15 5.34074699537910114 9 17 1 4 12 9 11 9 19 12 3 6 13 10 15 1 14 2 2 16 22 3 6 14 6 2 32 4 11 18 8 4 30 11 12 33 12 3 6 1 14 15 5 15 32 1 1 1 5 17 8 4 9 7 13 20.6505849957466125 77.1971252575298905 
6 3 2 15 5.34074699537910114 9 17 1 4 18 26 12 9 19 12 3 6 13 10 15 1 14 2 2 16 22 3 6 14 6 2 32 4 11 18 8 4 30 11 12 33 12 10 29 2.70999124060388841 14 6 2 15 32 1 1 1 5 17 8 4 9 7 13 22.491852194070816 56.7511803960209491 
6 3 2 15 5.34074699537910114 9 17 1 4 18 26 12 9 19 12 3 6 13 10 15 1 14 2 2 16 22 3 6 14 6 2 32 4 11 18 8 4 30 11 12 33 12 3 26 2 18 16 2 15 32 1 1 1 5 17 8 4 9 7 13 22.6985071301460266 55.8524066133718122 
6 3 2 15 5.34074699537910114 9 17 1 4 18 26 12 9 19 12 3 6 13 10 15 1 14 2 2 16 22 3 6 14 6 2 32 4 11 18 8 4 30 11 12 33 12 10 24 2 18 16 2 15 32 1 1 1 5 17 8 4 9 7 13 23.0625560879707336 52.3539946659604922 
6 3 2 15 5.34074699537910114 9 17 1 4 18 26 12 9 19 12 3 6 13 10 15 1 14 2 2 16 22 3 6 14 6 2 32 4 11 18 8 4 30 11 12 33 12 9 24 2 18 16 2 15 32 1 1 1 5 17 8 4 14 9 7 21.9441881775856018 59.1197937443967092 
6 3 2 15 5.34074699537910114 9 17 1 4 3.36768017929769181 30 11 9 19 12 3 6 13 10 15 1 14 2 2 16 22 3 6 14 6 2 32 4 11 18 8 4 30 11 12 33 12 2 24 10 18 16 2 15 32 1 1 1 5 17 8 4 9 7 13 21.7693840265274048 64.9429971561897474 
6 3 2 15 5.34074699537910114 9 17 1 4 4 24 13 9 19 12 3 6 13 10 15 1 14 2 2 16 22 3 6 14 6 2 32 4 11 18 8 4 30 11 12 33 12 10 29 2.70999124060388841 18 16 2 15 32 1 1 1 5 17 8 4 9 7 13 23.0830000042915344 51.8884046683072029 
6 3 2 15 5.34074699537910114 9 17 1 4 18 26 12 9 19 12 3 6 13 10 15 1 14 2 2 16 22 3 6 14 6 2 32 4 3.36768017929769181 31 11 4 30 11 12 33 12 14 1 9 18 16 2 15 32 1 1 1 5 17 8 4 9 7 13 21.5336931645870209 67.1697511433243051 

Current Evaluation = 90000000(90000000)
Front Size = 40
6 16 8 3 6 8 16 2 9 1 9 4 13 24 8 15 3 4 6 12 10 2 6 4 4 22 9 12 6 11 2 23 2.70999124060388841 13 18 4 14 8 4 8 32 9 4 11 3 14 12 4 12 6 9 16 26 13 3 2 3 8 30 10 17.8369618654251099 196.979677348795008 
14 31 12 3 24 13 10 6 1 13 14 9 8 26 9 16 5.34074699537910114 7 16 31 2 13 20 11 15 30 7 5 24 12 17 1 7 14 30 11 1 31 5 10 19 11 14 25 3 14 5 8 12 31 1 3 25 1 17 15 5 14 9 5 17.1307251453399658 225.739821564744148 
6 3 2 15 5.34074699537910114 9 17 30 7 4 24 11 9 19 12 3 6 13 10 15 1 14 2 2 16 22 3 6 14 6 2 32 4 11 18 8 4 30 11 12 33 12 10 29 2.70999124060388841 18 16 2 15 32 1 1 1 5 17 8 4 9 11 13 22.899509072303772 54.9811823527379673 
6 3 2 15 5.34074699537910114 9 17 30 7 18 26 12 9 19 12 3 6 13 10 15 1 14 2 2 16 22 3 6 14 6 2 32 4 11 18 8 4 30 11 3 24 13 10 29 2.70999124060388841 14 15 6 15 32 1 1 1 5 17 8 4 9 11 13 21.7495231628417969 65.3663987312923496 
6 3 2 15 5.34074699537910114 9 17 30 7 18 26 12 9 19 12 3 6 13 10 15 1 14 2 2 16 22 3 6 14 6 2 32 4 11 18 8 4 30 11 6 20 6 14 30 7 14 26 4 15 32 1 1 1 5 17 8 4 9 7 13 19.6636581420898438 116.651187196641715 
6 3 2 15 5.34074699537910114 9 17 30 7 15 24 13 9 19 12 3 6 13 6 18 3 14 2 2 16 22 3 6 14 6 2 32 4 3 31 7 4 30 11 14 5 11 1 12 4 18 16 2 15 32 1 1 1 5 17 8 4 9 7 13 19.1092947721481323 142.061813428348586 
6 3 2 15 5.34074699537910114 9 17 30 7 1 24 5 9 19 12 3 6 13 10 15 1 14 2 2 16 22 3 6 14 6 2 32 4 11 18 8 4 30 11 12 33 12 14 15 2.70999124060388841 6 19 6 15 32 1 1 1 5 17 8 4 9 7 13 20.2964709997177124 85.7904426161080096 
6 3 2 15 5.34074699537910114 9 17 30 7 18 26 12 9 19 12 3 6 13 10 15 1 14 2 2 16 22 3 6 14 6 2 32 4 13 20 6 4 30 11 12 33 12 15 24 2 6 6 6 15 32 1 1 1 5 17 8 4 3 15 6 19.7582061290740967 93.0651533732593066 
16 8 10 15 26 7 6 5 12 14 32 10 15 28 2.70999124060388841 14 18 2 15 16.1354543567662532 1 1 12 4 17 24 3.84646942076222631 13.2195649013323386 15 12 6 26 10 4 9 8 15 24 5 9 31.8448655754823804 13 13 11 9 2 5 13 4 20 13 1 24 3 12 31 7 6 15 10 17.6242356896400452 219.597325954891119 
6 3 2 15 5.34074699537910114 9 17 30 7 18 26 12 9 19 12 3 6 13 10 15 1 14 2 2 16 22 3 6 14 6 2 32 4 11 18 8 4 30 11 12 33 12 14 24 7 14 12 4 15 32 1 1 1 5 17 8 4 14 26 5 19.7081571221351624 96.5424951530883675 
6 3 2 15 5.34074699537910114 9 17 30 7 18 26 12 9 19 12 3 6 13 10 15 1 14 2 2 16 22 3 6 14 6 2 32 4 11 18 8 4 30 11 12 33 12 14 6 2 1 19 4 15 32 1 1 1 5 17 8 4 9 7 13 21.0994101464748383 72.1905996129690806 
6 3 2 15 5.34074699537910114 9 17 30 7 18 26 12 9 19 12 3 6 13 10 15 1 14 2 2 16 22 3 6 14 6 2 32 4 11 18 8 4 30 11 12 33 12 8 20 2 6 15 2 15 32 1 1 1 5 17 8 4 6 26 9 20.5225191116333008 85.2118354020602737 
6 3 2 15 5.34074699537910114 9 17 30 7 4 26 13 9 19 12 3 6 13 10 15 1 14 2 2 16 22 3 6 14 6 2 32 4 11 18 8 4 30 11 12 19 12 10 29 2.70999124060388841 18 16 2 15 32 1 1 1 5 17 8 4 9 7 13 22.5242639183998108 56.2660097226315443 
6 3 2 15 5.34074699537910114 9 17 30 7 12 24 11 9 19 12 3 6 13 10 15 1 14 2 2 16 22 3 6 14 6 2 32 4 11 18 8 4 30 11 12 33 12 10 29 2.70999124060388841 18 16 2 15 32 1 1 1 5 17 8 4 9 7 13 23.0333110094070435 52.9615391894247978 
6 3 2 15 5.34074699537910114 9 17 30 7 4 26 11 9 19 12 3 6 13 10 15 1 14 2 2 16 22 3 6 14 6 2 32 4 11 18 8 4 30 11 12 33 12 10 29 2.70999124060388841 18 16 2 15 32 1 1 1 5 17 8 4 9 7 13 23.009772002696991 53.9810253862449656 
6 3 2 15 5.34074699537910114 9 17 30 7 4 24 11 9 19 12 3 6 13 10 15 1 14 2 2 16 22 3 6 14 6 2 32 4 11 18 8 4 30 11 12 33 12 10 29 2.70999124060388841 18 16 2 15 32 1 1 1 5 17 8 4 9 7 13 22.9658880233764648 54.7964460581044719 
6 3 2 15 5.34074699537910114 9 17 1 4 4 24 8 9 19 12 3 6 13 10 15 1 14 2 2 16 22 3 6 14 6 2 32 4 11 18 8 4 30 11 12 33 12 10 29 2.70999124060388841 18 16 2 15 32 1 1 1 5 17 8 4 9 7 13 23.1242000460624695 50.5959847319442915 
6 3 2 15 5.34074699537910114 9 17 1 4 18 26 12 9 19 12 3 6 13 10 15 1 14 2 2 16 22 3 6 14 6 2 32 4 11 18 8 4 30 11 12 33 12 10 29 2.70999124060388841 14 24 9 15 32 1 1 1 5 17 8 4 9 7 13 22.4266492128372192 57.3133544746703123 
6 3 2 15 5.34074699537910114 9 17 1 4 18 26 12 9 19 12 3 6 13 10 15 1 14 2 2 16 22 3 6 14 6 2 32 4 11 18 8 4 30 11 12 33 12 3 6 2 18 16 2 15 32 1 1 1 5 17 8 4 13 25 6 21.9327390789985657 63.2678394753394713 
6 3 2 15 5.34074699537910114 9 17 1 4 12 30 1 9 19 12 3 6 13 10 15 1 14 2 2 16 22 3 6 14 6 2 32 4 11 18 8 4 30 11 3.36768017929769181 26 13 10 29 2.70999124060388841 18 16 2 15 32 1 1 1 5 17 8 4 9 7 13 22.423130989074707 58.8269299124171923 
6 3 2 15 5.34074699537910114 9 17 1 4 18 26 12 9 19 12 3 6 13 10 15 1 14 2 2 16 22 3 6 14 6 2 32 4 11 18 8 4 30 11 12 33 12 14 26 2 18 16 2 15 32 1 1 1 5 17 8 4 3 30 7 21.6037741303443909 66.2883064987367305 
6 3 2 15 5.34074699537910114 9 17 1 4 18 26 12 9 19 12 3 6 13 10 15 1 14 2 2 16 22 3 6 14 6 2 32 4 11 18 8 4 30 11 3 9 11 14 24 1 6 20 2.70999124060388841 15 32 1 1 1 5 17 8 4 9 7 13 20.5494581460952759 79.0486744997771353 
6 3 2 15 5.34074699537910114 9 17 1 4 4 26 10 9 19 12 3 6 13 10 15 1 14 2 2 16 22 3 6 14 6 2 32 4 11 18 8 4 30 11 12 33 12 14 24 9 18 16 2 15 32 1 1 1 5 17 8 4 9 7 13 21.2883260250091553 67.8579525131926147 
6 3 2 15 5.34074699537910114 9 17 1 4 18 26 12 9 19 12 3 6 13 10 15 1 14 2 2 16 22 3 6 14 6 2 32 4 11 18 8 4 30 11 12 33 12 3 6 13 18 16 2 15 32 1 1 1 5 17 8 4 13 30 8 21.8777210116386414 64.1946492049859074 
6 3 2 15 5.34074699537910114 9 17 1 4 18 26 12 9 19 12 3 6 13 10 15 1 14 2 2 16 22 3 6 14 6 2 32 4 11 18 8 4 30 11 12 33 12 6 6 2 1 16 2.70999124060388841 15 32 1 1 1 5 17 8 4 9 7 13 21.5150181651115417 67.8255914300523273 
12 20 11 3.36768017929769181 26 8 10 3 6.96245171630185755 2 32 9 1 25 8 4 6 4 13 30 10 17 9 7 4 1 4 14 7 3.84646942076222631 12 14 8 14 1 2 6 6 6 1 16 12 2 6 7 15 9 4 4 1 9.82524131762891173 13 26 12 12 24 5 5 25 8 17.6642621159553528 198.491826330850671 
6 3 2 15 5.34074699537910114 9 17 1 4 18 26 12 9 19 12 3 6 13 10 15 1 14 2 2 16 22 3 6 14 6 2 32 4 1 6 12 4 30 11 14 26 3 3.36768017929769181 1 13 14 6 4 15 32 1 1 1 5 17 8 4 9 7 13 19.1632050573825836 122.628860028860018 
6 3 2 15 5.34074699537910114 9 17 1 4 14 30 2 9 19 12 3 6 13 10 15 1 14 2 2 16 22 3 6 14 6 2 32 4 13 12 9 4 30 11 12 33 12 10 29 2.70999124060388841 14 6 9 15 32 1 1 1 5 17 8 4 9 7 13 20.0240330994129181 91.9180660493309176 
16 12 1 15 5.34074699537910114 4 6 30 4 10 31 7 4 28 6.96245171630185755 17 16 13 6 15 1 1 24 7 2 12 3 13 16 8 17 30 4 12 18 4 8 20 2 3 1 7 4 6 3.84646942076222631 16 14 12 1 32 9 14 23 3 15 25 12 5 6 9.82524131762891173 18.3608408570289612 187.477881758764084 
6 3 2 15 5.34074699537910114 9 17 1 4 14 31 10 9 19 12 3 6 13 10 15 1 14 2 2 16 22 3 6 14 6 2 32 4 11 18 8 4 30 11 14 24 9 3.36768017929769181 26 2 18 16 2 15 32 1 1 1 5 17 8 4 9 7 13 20.2488889694213867 86.356020257098578 
6 3 2 15 5.34074699537910114 9 17 1 4 12 9 11 9 19 12 3 6 13 10 15 1 14 2 2 16 22 3 6 14 6 2 32 4 11 18 8 4 30 11 12 33 12 3 6 1 14 15 5 15 32 1 1 1 5 17 8 4 9 7 13 20.6505849957466125 77.1971252575298905 
6 3 2 15 5.34074699537910114 9 17 1 4 18 26 12 9 19 12 3 6 13 10 15 1 14 2 2 16 22 3 6 14 6 2 32 4 11 18 8 4 30 11 12 33 12 10 29 2.70999124060388841 14 6 2 15 32 1 1 1 5 17 8 4 9 7 13 22.491852194070816 56.7511803960209491 
6 3 2 15 5.34074699537910114 9 17 1 4 18 26 12 9 19 12 3 6 13 10 15 1 14 2 2 16 22 3 6 14 6 2 32 4 11 18 8 4 30 11 12 33 12 3 26 2 18 16 2 15 32 1 1 1 5 17 8 4 9 7 13 22.6985071301460266 55.8524066133718122 
6 3 2 15 5.34074699537910114 9 17 1 4 18 26 12 9 19 12 3 6 13 10 15 1 14 2 2 16 22 3 6 14 6 2 32 4 11 18 8 4 30 11 12 33 12 10 24 2 18 16 2 15 32 1 1 1 5 17 8 4 9 7 13 23.0625560879707336 52.3539946659604922 
6 3 2 15 5.34074699537910114 9 17 1 4 18 26 12 9 19 12 3 6 13 10 15 1 14 2 2 16 22 3 6 14 6 2 32 4 11 18 8 4 30 11 12 33 12 9 24 2 18 16 2 15 32 1 1 1 5 17 8 4 14 9 7 21.9441881775856018 59.1197937443967092 
6 3 2 15 5.34074699537910114 9 17 1 4 3.36768017929769181 30 11 9 19 12 3 6 13 10 15 1 14 2 2 16 22 3 6 14 6 2 32 4 11 18 8 4 30 11 12 33 12 2 24 10 18 16 2 15 32 1 1 1 5 17 8 4 9 7 13 21.7693840265274048 64.9429971561897474 
6 3 2 15 5.34074699537910114 9 17 1 4 4 24 13 9 19 12 3 6 13 10 15 1 14 2 2 16 22 3 6 14 6 2 32 4 11 18 8 4 30 11 12 33 12 10 29 2.70999124060388841 18 16 2 15 32 1 1 1 5 17 8 4 9 7 13 23.0830000042915344 51.8884046683072029 
6 3 2 15 5.34074699537910114 9 17 1 4 18 26 12 9 19 12 3 6 13 10 15 1 14 2 2 16 22 3 6 14 6 2 32 4 3.36768017929769181 31 11 4 30 11 12 33 12 14 1 9 18 16 2 15 32 1 1 1 5 17 8 4 9 7 13 21.5336931645870209 67.1697511433243051 
6 3 2 15 5.34074699537910114 9 17 1 4 18 26 12 9 19 12 3 6 13 10 15 1 14 2 2 16 22 3 6 14 6 2 32 4 11 18 8 4 30 11 12 33 12 10 29 2.70999124060388841 18 16 2 15 32 1 1 1 5 17 8 4 9 7 13 24.0207931399345398 49.0808716232656721 
6 3 2 15 5.34074699537910114 9 17 1 4 18 26 12 9 19 12 3 6 13 10 15 1 14 2 2 16 22 3 6 14 6 2 32 4 11 18 8 4 30 11 12 33 12 14 6 2.70999124060388841 6 25 7 15 32 1 1 1 5 17 8 4 9 7 13 20.9819782078266144 74.1739435839341326 

Current Evaluation = 100000000(100000000)
Front Size = 44
6 16 8 3 6 8 16 2 9 1 9 4 13 24 8 15 3 4 6 12 10 2 6 4 4 22 9 12 6 11 2 23 2.70999124060388841 13 18 4 14 8 4 8 32 9 4 11 3 14 12 4 12 6 9 16 26 13 3 2 3 8 30 10 17.8369618654251099 196.979677348795008 
14 31 12 3 24 13 10 6 1 13 14 9 8 26 9 16 5.34074699537910114 7 16 31 2 13 20 11 15 30 7 5 24 12 17 1 7 14 30 11 1 31 5 10 19 11 14 25 3 14 5 8 12 31 1 3 25 1 17 15 5 14 9 5 17.1307251453399658 225.739821564744148 
6 3 2 15 5.34074699537910114 9 17 30 7 4 24 11 9 19 12 3 6 13 10 15 1 14 2 2 16 22 3 6 14 6 2 32 4 11 18 8 4 30 11 12 33 12 10 29 2.70999124060388841 18 16 2 15 32 1 1 1 5 17 8 4 9 11 13 22.899509072303772 54.9811823527379673 
6 3 2 15 5.34074699537910114 9 17 30 7 18 26 12 9 19 12 3 6 13 10 15 1 14 2 2 16 22 3 6 14 6 2 32 4 11 18 8 4 30 11 3 24 13 10 29 2.70999124060388841 14 15 6 15 32 1 1 1 5 17 8 4 9 11 13 21.7495231628417969 65.3663987312923496 
6 3 2 15 5.34074699537910114 9 17 30 7 18 26 12 9 19 12 3 6 13 10 15 1 14 2 2 16 22 3 6 14 6 2 32 4 11 18 8 4 30 11 6 20 6 14 30 7 14 26 4 15 32 1 1 1 5 17 8 4 9 7 13 19.6636581420898438 116.651187196641715 
6 3 2 15 5.34074699537910114 9 17 30 7 15 24 13 9 19 12 3 6 13 6 18 3 14 2 2 16 22 3 6 14 6 2 32 4 3 31 7 4 30 11 14 5 11 1 12 4 18 16 2 15 32 1 1 1 5 17 8 4 9 7 13 19.1092947721481323 142.061813428348586 
6 3 2 15 5.34074699537910114 9 17 30 7 1 24 5 9 19 12 3 6 13 10 15 1 14 2 2 16 22 3 6 14 6 2 32 4 11 18 8 4 30 11 12 33 12 14 15 2.70999124060388841 6 19 6 15 32 1 1 1 5 17 8 4 9 7 13 20.2964709997177124 85.7904426161080096 
6 3 2 15 5.34074699537910114 9 17 30 7 18 26 12 9 19 12 3 6 13 10 15 1 14 2 2 16 22 3 6 14 6 2 32 4 13 20 6 4 30 11 12 33 12 15 24 2 6 6 6 15 32 1 1 1 5 17 8 4 3 15 6 19.7582061290740967 93.0651533732593066 
16 8 10 15 26 7 6 5 12 14 32 10 15 28 2.70999124060388841 14 18 2 15 16.1354543567662532 1 1 12 4 17 24 3.84646942076222631 13.2195649013323386 15 12 6 26 10 4 9 8 15 24 5 9 31.8448655754823804 13 13 11 9 2 5 13 4 20 13 1 24 3 12 31 7 6 15 10 17.6242356896400452 219.597325954891119 
6 3 2 15 5.34074699537910114 9 17 30 7 18 26 12 9 19 12 3 6 13 10 15 1 14 2 2 16 22 3 6 14 6 2 32 4 11 18 8 4 30 11 12 33 12 14 24 7 14 12 4 15 32 1 1 1 5 17 8 4 14 26 5 19.7081571221351624 96.5424951530883675 
6 3 2 15 5.34074699537910114 9 17 30 7 18 26 12 9 19 12 3 6 13 10 15 1 14 2 2 16 22 3 6 14 6 2 32 4 11 18 8 4 30 11 12 33 12 8 20 2 6 15 2 15 32 1 1 1 5 17 8 4 6 26 9 20.5225191116333008 85.2118354020602737 
6 3 2 15 5.34074699537910114 9 17 30 7 4 26 13 9 19 12 3 6 13 10 15 1 14 2 2 16 22 3 6 14 6 2 32 4 11 18 8 4 30 11 12 19 12 10 29 2.70999124060388841 18 16 2 15 32 1 1 1 5 17 8 4 9 7 13 22.5242639183998108 56.2660097226315443 
6 3 2 15 5.34074699537910114 9 17 30 7 12 24 11 9 19 12 3 6 13 10 15 1 14 2 2 16 22 3 6 14 6 2 32 4 11 18 8 4 30 11 12 33 12 10 29 2.70999124060388841 18 16 2 15 32 1 1 1 5 17 8 4 9 7 13 23.0333110094070435 52.9615391894247978 
6 3 2 15 5.34074699537910114 9 17 30 7 4 26 11 9 19 12 3 6 13 10 15 1 14 2 2 16 22 3 6 14 6 2 32 4 11 18 8 4 30 11 12 33 12 10 29 2.70999124060388841 18 16 2 15 32 1 1 1 5 17 8 4 9 7 13 23.009772002696991 53.9810253862449656 
6 3 2 15 5.34074699537910114 9 17 30 7 4 24 11 9 19 12 3 6 13 10 15 1 14 2 2 16 22 3 6 14 6 2 32 4 11 18 8 4 30 11 12 33 12 10 29 2.70999124060388841 18 16 2 15 32 1 1 1 5 17 8 4 9 7 13 22.9658880233764648 54.7964460581044719 
6 3 2 15 5.34074699537910114 9 17 1 4 4 24 8 9 19 12 3 6 13 10 15 1 14 2 2 16 22 3 6 14 6 2 32 4 11 18 8 4 30 11 12 33 12 10 29 2.70999124060388841 18 16 2 15 32 1 1 1 5 17 8 4 9 7 13 23.1242000460624695 50.5959847319442915 
6 3 2 15 5.34074699537910114 9 17 1 4 18 26 12 9 19 12 3 6 13 10 15 1 14 2 2 16 22 3 6 14 6 2 32 4 11 18 8 4 30 11 12 33 12 10 29 2.70999124060388841 14 24 9 15 32 1 1 1 5 17 8 4 9 7 13 22.4266492128372192 57.3133544746703123 
6 3 2 15 5.34074699537910114 9 17 1 4 18 26 12 9 19 12 3 6 13 10 15 1 14 2 2 16 22 3 6 14 6 2 32 4 11 18 8 4 30 11 12 33 12 3 6 2 18 16 2 15 32 1 1 1 5 17 8 4 13 25 6 21.9327390789985657 63.2678394753394713 
6 3 2 15 5.34074699537910114 9 17 1 4 12 30 1 9 19 12 3 6 13 10 15 1 14 2 2 16 22 3 6 14 6 2 32 4 11 18 8 4 30 11 3.36768017929769181 26 13 10 29 2.70999124060388841 18 16 2 15 32 1 1 1 5 17 8 4 9 7 13 22.423130989074707 58.8269299124171923 
6 3 2 15 5.34074699537910114 9 17 1 4 18 26 12 9 19 12 3 6 13 10 15 1 14 2 2 16 22 3 6 14 6 2 32 4 11 18 8 4 30 11 12 33 12 14 26 2 18 16 2 15 32 1 1 1 5 17 8 4 3 30 7 21.6037741303443909 66.2883064987367305 
6 3 2 15 5.34074699537910114 9 17 1 4 18 26 12 9 19 12 3 6 13 10 15 1 14 2 2 16 22 3 6 14 6 2 32 4 11 18 8 4 30 11 3 9 11 14 24 1 6 20 2.70999124060388841 15 32 1 1 1 5 17 8 4 9 7 13 20.5494581460952759 79.0486744997771353 
6 3 2 15 5.34074699537910114 9 17 1 4 4 26 10 9 19 12 3 6 13 10 15 1 14 2 2 16 22 3 6 14 6 2 32 4 11 18 8 4 30 11 12 33 12 14 24 9 18 16 2 15 32 1 1 1 5 17 8 4 9 7 13 21.2883260250091553 67.8579525131926147 
6 3 2 15 5.34074699537910114 9 17 1 4 18 26 12 9 19 12 3 6 13 10 15 1 14 2 2 16 22 3 6 14 6 2 32 4 11 18 8 4 30 11 12 33 12 3 6 13 18 16 2 15 32 1 1 1 5 17 8 4 13 30 8 21.8777210116386414 64.1946492049859074 
6 3 2 15 5.34074699537910114 9 17 1 4 18 26 12 9 19 12 3 6 13 10 15 1 14 2 2 16 22 3 6 14 6 2 32 4 11 18 8 4 30 11 12 33 12 6 6 2 1 16 2.70999124060388841 15 32 1 1 1 5 17 8 4 9 7 13 21.5150181651115417 67.8255914300523273 
12 20 11 3.36768017929769181 26 8 10 3 6.96245171630185755 2 32 9 1 25 8 4 6 4 13 30 10 17 9 7 4 1 4 14 7 3.84646942076222631 12 14 8 14 1 2 6 6 6 1 16 12 2 6 7 15 9 4 4 1 9.82524131762891173 13 26 12 12 24 5 5 25 8 17.6642621159553528 198.491826330850671 
6 3 2 15 5.34074699537910114 9 17 1 4 18 26 12 9 19 12 3 6 13 10 15 1 14 2 2 16 22 3 6 14 6 2 32 4 1 6 12 4 30 11 14 26 3 3.36768017929769181 1 13 14 6 4 15 32 1 1 1 5 17 8 4 9 7 13 19.1632050573825836 122.628860028860018 
6 3 2 15 5.34074699537910114 9 17 1 4 14 30 2 9 19 12 3 6 13 10 15 1 14 2 2 16 22 3 6 14 6 2 32 4 13 12 9 4 30 11 12 33 12 10 29 2.70999124060388841 14 6 9 15 32 1 1 1 5 17 8 4 9 7 13 20.0240330994129181 91.9180660493309176 
16 12 1 15 5.34074699537910114 4 6 30 4 10 31 7 4 28 6.96245171630185755 17 16 13 6 15 1 1 24 7 2 12 3 13 16 8 17 30 4 12 18 4 8 20 2 3 1 7 4 6 3.84646942076222631 16 14 12 1 32 9 14 23 3 15 25 12 5 6 9.82524131762891173 18.3608408570289612 187.477881758764084 
6 3 2 15 5.34074699537910114 9 17 1 4 14 31 10 9 19 12 3 6 13 10 15 1 14 2 2 16 22 3 6 14 6 2 32 4 11 18 8 4 30 11 14 24 9 3.36768017929769181 26 2 18 16 2 15 32 1 1 1 5 17 8 4 9 7 13 20.2488889694213867 86.356020257098578 
6 3 2 15 5.34074699537910114 9 17 1 4 12 9 11 9 19 12 3 6 13 10 15 1 14 2 2 16 22 3 6 14 6 2 32 4 11 18 8 4 30 11 12 33 12 3 6 1 14 15 5 15 32 1 1 1 5 17 8 4 9 7 13 20.6505849957466125 77.1971252575298905 
6 3 2 15 5.34074699537910114 9 17 1 4 18 26 12 9 19 12 3 6 13 10 15 1 14 2 2 16 22 3 6 14 6 2 32 4 11 18 8 4 30 11 12 33 12 10 29 2.70999124060388841 14 6 2 15 32 1 1 1 5 17 8 4 9 7 13 22.491852194070816 56.7511803960209491 
6 3 2 15 5.34074699537910114 9 17 1 4 18 26 12 9 19 12 3 6 13 10 15 1 14 2 2 16 22 3 6 14 6 2 32 4 11 18 8 4 30 11 12 33 12 3 26 2 18 16 2 15 32 1 1 1 5 17 8 4 9 7 13 22.6985071301460266 55.8524066133718122 
6 3 2 15 5.34074699537910114 9 17 1 4 18 26 12 9 19 12 3 6 13 10 15 1 14 2 2 16 22 3 6 14 6 2 32 4 11 18 8 4 30 11 12 33 12 10 24 2 18 16 2 15 32 1 1 1 5 17 8 4 9 7 13 23.0625560879707336 52.3539946659604922 
6 3 2 15 5.34074699537910114 9 17 1 4 18 26 12 9 19 12 3 6 13 10 15 1 14 2 2 16 22 3 6 14 6 2 32 4 11 18 8 4 30 11 12 33 12 9 24 2 18 16 2 15 32 1 1 1 5 17 8 4 14 9 7 21.9441881775856018 59.1197937443967092 
6 3 2 15 5.34074699537910114 9 17 1 4 3.36768017929769181 30 11 9 19 12 3 6 13 10 15 1 14 2 2 16 22 3 6 14 6 2 32 4 11 18 8 4 30 11 12 33 12 2 24 10 18 16 2 15 32 1 1 1 5 17 8 4 9 7 13 21.7693840265274048 64.9429971561897474 
6 3 2 15 5.34074699537910114 9 17 1 4 4 24 13 9 19 12 3 6 13 10 15 1 14 2 2 16 22 3 6 14 6 2 32 4 11 18 8 4 30 11 12 33 12 10 29 2.70999124060388841 18 16 2 15 32 1 1 1 5 17 8 4 9 7 13 23.0830000042915344 51.8884046683072029 
6 3 2 15 5.34074699537910114 9 17 1 4 18 26 12 9 19 12 3 6 13 10 15 1 14 2 2 16 22 3 6 14 6 2 32 4 3.36768017929769181 31 11 4 30 11 12 33 12 14 1 9 18 16 2 15 32 1 1 1 5 17 8 4 9 7 13 21.5336931645870209 67.1697511433243051 
6 3 2 15 5.34074699537910114 9 17 1 4 18 26 12 9 19 12 3 6 13 10 15 1 14 2 2 16 22 3 6 14 6 2 32 4 11 18 8 4 30 11 12 33 12 10 29 2.70999124060388841 18 16 2 15 32 1 1 1 5 17 8 4 9 7 13 24.0207931399345398 49.0808716232656721 
6 3 2 15 5.34074699537910114 9 17 1 4 18 26 12 9 19 12 3 6 13 10 15 1 14 2 2 16 22 3 6 14 6 2 32 4 11 18 8 4 30 11 12 33 12 14 6 2.70999124060388841 6 25 7 15 32 1 1 1 5 17 8 4 9 7 13 20.9819782078266144 74.1739435839341326 
6 3 2 15 5.34074699537910114 9 17 1 4 6 12 4 9 19 12 12 30 8 14 25 9 14 2 2 16 22 3 15 24 4 2 32 4 11 18 8 4 30 11 12 33 12 9 20 9 1 18 5 15 32 1 1 1 5 17 8 4 9 7 13 19.0929200053215027 152.193386264760278 
6 3 2 15 5.34074699537910114 9 17 1 4 18 26 12 9 19 12 3 6 13 10 15 1 14 2 2 16 22 3 6 14 6 2 32 4 11 18 8 4 30 11 12 33 12 6 24 6 14 26 7 15 32 1 1 1 5 17 8 4 9 7 13 21.0626912415027618 71.4396091992836659 
6 3 2 15 5.34074699537910114 9 17 1 4 18 26 12 9 19 12 3 6 13 10 15 1 14 2 2 16 22 3 6 14 6 2 32 4 11 18 8 4 30 11 12 33 12 14 26 7 18 16 2 15 32 1 1 1 5 17 8 4 9 20 11 21.8370670974254608 64.730036071624653 
6 3 2 15 5.34074699537910114 9 17 1 4 13 25 3 9 19 12 3 6 13 10 15 1 14 2 2 16 22 3 6 14 6 2 32 4 11 18 8 4 30 11 12 33 12 3.36768017929769181 23 11 14 25 6 15 32 1 1 1 5 17 8 4 6 20 10 20.0818648934364319 91.2203692106163686 
6 3 2 15 5.34074699537910114 9 17 1 4 6 25 7 9 19 12 3 6 13 10 15 1 14 2 2 1 30 4 6 14 6 2 32 4 11 18 8 4 30 11 12 33 12 1 28 11 8 12 10 15 32 1 1 1 5 17 8 4 4 25 9 19.5950359702110291 118.360683227632165 

MOEA/D: Multiobjective Evolutionary Algorithm Based on Decomposition
Number of Evaluations = 100000000
Mutation Probability = 0.0500000007450580597
Population Size = 250
Neighborhood size = 75
Seed: 13

Time =  17935.844677000001

Current Evaluation = 100000000
Front Size = 44
6 16 8 3 6 8 16 2 9 1 9 4 13 24 8 15 3 4 6 12 10 2 6 4 4 22 9 12 6 11 2 23 2.70999124060388841 13 18 4 14 8 4 8 32 9 4 11 3 14 12 4 12 6 9 16 26 13 3 2 3 8 30 10 17.8369618654251099 196.979677348795008 
14 31 12 3 24 13 10 6 1 13 14 9 8 26 9 16 5.34074699537910114 7 16 31 2 13 20 11 15 30 7 5 24 12 17 1 7 14 30 11 1 31 5 10 19 11 14 25 3 14 5 8 12 31 1 3 25 1 17 15 5 14 9 5 17.1307251453399658 225.739821564744148 
6 3 2 15 5.34074699537910114 9 17 30 7 4 24 11 9 19 12 3 6 13 10 15 1 14 2 2 16 22 3 6 14 6 2 32 4 11 18 8 4 30 11 12 33 12 10 29 2.70999124060388841 18 16 2 15 32 1 1 1 5 17 8 4 9 11 13 22.899509072303772 54.9811823527379673 
6 3 2 15 5.34074699537910114 9 17 30 7 18 26 12 9 19 12 3 6 13 10 15 1 14 2 2 16 22 3 6 14 6 2 32 4 11 18 8 4 30 11 3 24 13 10 29 2.70999124060388841 14 15 6 15 32 1 1 1 5 17 8 4 9 11 13 21.7495231628417969 65.3663987312923496 
6 3 2 15 5.34074699537910114 9 17 30 7 18 26 12 9 19 12 3 6 13 10 15 1 14 2 2 16 22 3 6 14 6 2 32 4 11 18 8 4 30 11 6 20 6 14 30 7 14 26 4 15 32 1 1 1 5 17 8 4 9 7 13 19.6636581420898438 116.651187196641715 
6 3 2 15 5.34074699537910114 9 17 30 7 15 24 13 9 19 12 3 6 13 6 18 3 14 2 2 16 22 3 6 14 6 2 32 4 3 31 7 4 30 11 14 5 11 1 12 4 18 16 2 15 32 1 1 1 5 17 8 4 9 7 13 19.1092947721481323 142.061813428348586 
6 3 2 15 5.34074699537910114 9 17 30 7 1 24 5 9 19 12 3 6 13 10 15 1 14 2 2 16 22 3 6 14 6 2 32 4 11 18 8 4 30 11 12 33 12 14 15 2.70999124060388841 6 19 6 15 32 1 1 1 5 17 8 4 9 7 13 20.2964709997177124 85.7904426161080096 
6 3 2 15 5.34074699537910114 9 17 30 7 18 26 12 9 19 12 3 6 13 10 15 1 14 2 2 16 22 3 6 14 6 2 32 4 13 20 6 4 30 11 12 33 12 15 24 2 6 6 6 15 32 1 1 1 5 17 8 4 3 15 6 19.7582061290740967 93.0651533732593066 
16 8 10 15 26 7 6 5 12 14 32 10 15 28 2.70999124060388841 14 18 2 15 16.1354543567662532 1 1 12 4 17 24 3.84646942076222631 13.2195649013323386 15 12 6 26 10 4 9 8 15 24 5 9 31.8448655754823804 13 13 11 9 2 5 13 4 20 13 1 24 3 12 31 7 6 15 10 17.6242356896400452 219.597325954891119 
6 3 2 15 5.34074699537910114 9 17 30 7 18 26 12 9 19 12 3 6 13 10 15 1 14 2 2 16 22 3 6 14 6 2 32 4 11 18 8 4 30 11 12 33 12 14 24 7 14 12 4 15 32 1 1 1 5 17 8 4 14 26 5 19.7081571221351624 96.5424951530883675 
6 3 2 15 5.34074699537910114 9 17 30 7 18 26 12 9 19 12 3 6 13 10 15 1 14 2 2 16 22 3 6 14 6 2 32 4 11 18 8 4 30 11 12 33 12 8 20 2 6 15 2 15 32 1 1 1 5 17 8 4 6 26 9 20.5225191116333008 85.2118354020602737 
6 3 2 15 5.34074699537910114 9 17 30 7 4 26 13 9 19 12 3 6 13 10 15 1 14 2 2 16 22 3 6 14 6 2 32 4 11 18 8 4 30 11 12 19 12 10 29 2.70999124060388841 18 16 2 15 32 1 1 1 5 17 8 4 9 7 13 22.5242639183998108 56.2660097226315443 
6 3 2 15 5.34074699537910114 9 17 30 7 12 24 11 9 19 12 3 6 13 10 15 1 14 2 2 16 22 3 6 14 6 2 32 4 11 18 8 4 30 11 12 33 12 10 29 2.70999124060388841 18 16 2 15 32 1 1 1 5 17 8 4 9 7 13 23.0333110094070435 52.9615391894247978 
6 3 2 15 5.34074699537910114 9 17 30 7 4 26 11 9 19 12 3 6 13 10 15 1 14 2 2 16 22 3 6 14 6 2 32 4 11 18 8 4 30 11 12 33 12 10 29 2.70999124060388841 18 16 2 15 32 1 1 1 5 17 8 4 9 7 13 23.009772002696991 53.9810253862449656 
6 3 2 15 5.34074699537910114 9 17 30 7 4 24 11 9 19 12 3 6 13 10 15 1 14 2 2 16 22 3 6 14 6 2 32 4 11 18 8 4 30 11 12 33 12 10 29 2.70999124060388841 18 16 2 15 32 1 1 1 5 17 8 4 9 7 13 22.9658880233764648 54.7964460581044719 
6 3 2 15 5.34074699537910114 9 17 1 4 4 24 8 9 19 12 3 6 13 10 15 1 14 2 2 16 22 3 6 14 6 2 32 4 11 18 8 4 30 11 12 33 12 10 29 2.70999124060388841 18 16 2 15 32 1 1 1 5 17 8 4 9 7 13 23.1242000460624695 50.5959847319442915 
6 3 2 15 5.34074699537910114 9 17 1 4 18 26 12 9 19 12 3 6 13 10 15 1 14 2 2 16 22 3 6 14 6 2 32 4 11 18 8 4 30 11 12 33 12 10 29 2.70999124060388841 14 24 9 15 32 1 1 1 5 17 8 4 9 7 13 22.4266492128372192 57.3133544746703123 
6 3 2 15 5.34074699537910114 9 17 1 4 18 26 12 9 19 12 3 6 13 10 15 1 14 2 2 16 22 3 6 14 6 2 32 4 11 18 8 4 30 11 12 33 12 3 6 2 18 16 2 15 32 1 1 1 5 17 8 4 13 25 6 21.9327390789985657 63.2678394753394713 
6 3 2 15 5.34074699537910114 9 17 1 4 12 30 1 9 19 12 3 6 13 10 15 1 14 2 2 16 22 3 6 14 6 2 32 4 11 18 8 4 30 11 3.36768017929769181 26 13 10 29 2.70999124060388841 18 16 2 15 32 1 1 1 5 17 8 4 9 7 13 22.423130989074707 58.8269299124171923 
6 3 2 15 5.34074699537910114 9 17 1 4 18 26 12 9 19 12 3 6 13 10 15 1 14 2 2 16 22 3 6 14 6 2 32 4 11 18 8 4 30 11 12 33 12 14 26 2 18 16 2 15 32 1 1 1 5 17 8 4 3 30 7 21.6037741303443909 66.2883064987367305 
6 3 2 15 5.34074699537910114 9 17 1 4 18 26 12 9 19 12 3 6 13 10 15 1 14 2 2 16 22 3 6 14 6 2 32 4 11 18 8 4 30 11 3 9 11 14 24 1 6 20 2.70999124060388841 15 32 1 1 1 5 17 8 4 9 7 13 20.5494581460952759 79.0486744997771353 
6 3 2 15 5.34074699537910114 9 17 1 4 4 26 10 9 19 12 3 6 13 10 15 1 14 2 2 16 22 3 6 14 6 2 32 4 11 18 8 4 30 11 12 33 12 14 24 9 18 16 2 15 32 1 1 1 5 17 8 4 9 7 13 21.2883260250091553 67.8579525131926147 
6 3 2 15 5.34074699537910114 9 17 1 4 18 26 12 9 19 12 3 6 13 10 15 1 14 2 2 16 22 3 6 14 6 2 32 4 11 18 8 4 30 11 12 33 12 3 6 13 18 16 2 15 32 1 1 1 5 17 8 4 13 30 8 21.8777210116386414 64.1946492049859074 
6 3 2 15 5.34074699537910114 9 17 1 4 18 26 12 9 19 12 3 6 13 10 15 1 14 2 2 16 22 3 6 14 6 2 32 4 11 18 8 4 30 11 12 33 12 6 6 2 1 16 2.70999124060388841 15 32 1 1 1 5 17 8 4 9 7 13 21.5150181651115417 67.8255914300523273 
12 20 11 3.36768017929769181 26 8 10 3 6.96245171630185755 2 32 9 1 25 8 4 6 4 13 30 10 17 9 7 4 1 4 14 7 3.84646942076222631 12 14 8 14 1 2 6 6 6 1 16 12 2 6 7 15 9 4 4 1 9.82524131762891173 13 26 12 12 24 5 5 25 8 17.6642621159553528 198.491826330850671 
6 3 2 15 5.34074699537910114 9 17 1 4 18 26 12 9 19 12 3 6 13 10 15 1 14 2 2 16 22 3 6 14 6 2 32 4 1 6 12 4 30 11 14 26 3 3.36768017929769181 1 13 14 6 4 15 32 1 1 1 5 17 8 4 9 7 13 19.1632050573825836 122.628860028860018 
6 3 2 15 5.34074699537910114 9 17 1 4 14 30 2 9 19 12 3 6 13 10 15 1 14 2 2 16 22 3 6 14 6 2 32 4 13 12 9 4 30 11 12 33 12 10 29 2.70999124060388841 14 6 9 15 32 1 1 1 5 17 8 4 9 7 13 20.0240330994129181 91.9180660493309176 
16 12 1 15 5.34074699537910114 4 6 30 4 10 31 7 4 28 6.96245171630185755 17 16 13 6 15 1 1 24 7 2 12 3 13 16 8 17 30 4 12 18 4 8 20 2 3 1 7 4 6 3.84646942076222631 16 14 12 1 32 9 14 23 3 15 25 12 5 6 9.82524131762891173 18.3608408570289612 187.477881758764084 
6 3 2 15 5.34074699537910114 9 17 1 4 14 31 10 9 19 12 3 6 13 10 15 1 14 2 2 16 22 3 6 14 6 2 32 4 11 18 8 4 30 11 14 24 9 3.36768017929769181 26 2 18 16 2 15 32 1 1 1 5 17 8 4 9 7 13 20.2488889694213867 86.356020257098578 
6 3 2 15 5.34074699537910114 9 17 1 4 12 9 11 9 19 12 3 6 13 10 15 1 14 2 2 16 22 3 6 14 6 2 32 4 11 18 8 4 30 11 12 33 12 3 6 1 14 15 5 15 32 1 1 1 5 17 8 4 9 7 13 20.6505849957466125 77.1971252575298905 
6 3 2 15 5.34074699537910114 9 17 1 4 18 26 12 9 19 12 3 6 13 10 15 1 14 2 2 16 22 3 6 14 6 2 32 4 11 18 8 4 30 11 12 33 12 10 29 2.70999124060388841 14 6 2 15 32 1 1 1 5 17 8 4 9 7 13 22.491852194070816 56.7511803960209491 
6 3 2 15 5.34074699537910114 9 17 1 4 18 26 12 9 19 12 3 6 13 10 15 1 14 2 2 16 22 3 6 14 6 2 32 4 11 18 8 4 30 11 12 33 12 3 26 2 18 16 2 15 32 1 1 1 5 17 8 4 9 7 13 22.6985071301460266 55.8524066133718122 
6 3 2 15 5.34074699537910114 9 17 1 4 18 26 12 9 19 12 3 6 13 10 15 1 14 2 2 16 22 3 6 14 6 2 32 4 11 18 8 4 30 11 12 33 12 10 24 2 18 16 2 15 32 1 1 1 5 17 8 4 9 7 13 23.0625560879707336 52.3539946659604922 
6 3 2 15 5.34074699537910114 9 17 1 4 18 26 12 9 19 12 3 6 13 10 15 1 14 2 2 16 22 3 6 14 6 2 32 4 11 18 8 4 30 11 12 33 12 9 24 2 18 16 2 15 32 1 1 1 5 17 8 4 14 9 7 21.9441881775856018 59.1197937443967092 
6 3 2 15 5.34074699537910114 9 17 1 4 3.36768017929769181 30 11 9 19 12 3 6 13 10 15 1 14 2 2 16 22 3 6 14 6 2 32 4 11 18 8 4 30 11 12 33 12 2 24 10 18 16 2 15 32 1 1 1 5 17 8 4 9 7 13 21.7693840265274048 64.9429971561897474 
6 3 2 15 5.34074699537910114 9 17 1 4 4 24 13 9 19 12 3 6 13 10 15 1 14 2 2 16 22 3 6 14 6 2 32 4 11 18 8 4 30 11 12 33 12 10 29 2.70999124060388841 18 16 2 15 32 1 1 1 5 17 8 4 9 7 13 23.0830000042915344 51.8884046683072029 
6 3 2 15 5.34074699537910114 9 17 1 4 18 26 12 9 19 12 3 6 13 10 15 1 14 2 2 16 22 3 6 14 6 2 32 4 3.36768017929769181 31 11 4 30 11 12 33 12 14 1 9 18 16 2 15 32 1 1 1 5 17 8 4 9 7 13 21.5336931645870209 67.1697511433243051 
6 3 2 15 5.34074699537910114 9 17 1 4 18 26 12 9 19 12 3 6 13 10 15 1 14 2 2 16 22 3 6 14 6 2 32 4 11 18 8 4 30 11 12 33 12 10 29 2.70999124060388841 18 16 2 15 32 1 1 1 5 17 8 4 9 7 13 24.0207931399345398 49.0808716232656721 
6 3 2 15 5.34074699537910114 9 17 1 4 18 26 12 9 19 12 3 6 13 10 15 1 14 2 2 16 22 3 6 14 6 2 32 4 11 18 8 4 30 11 12 33 12 14 6 2.70999124060388841 6 25 7 15 32 1 1 1 5 17 8 4 9 7 13 20.9819782078266144 74.1739435839341326 
6 3 2 15 5.34074699537910114 9 17 1 4 6 12 4 9 19 12 12 30 8 14 25 9 14 2 2 16 22 3 15 24 4 2 32 4 11 18 8 4 30 11 12 33 12 9 20 9 1 18 5 15 32 1 1 1 5 17 8 4 9 7 13 19.0929200053215027 152.193386264760278 
6 3 2 15 5.34074699537910114 9 17 1 4 18 26 12 9 19 12 3 6 13 10 15 1 14 2 2 16 22 3 6 14 6 2 32 4 11 18 8 4 30 11 12 33 12 6 24 6 14 26 7 15 32 1 1 1 5 17 8 4 9 7 13 21.0626912415027618 71.4396091992836659 
6 3 2 15 5.34074699537910114 9 17 1 4 18 26 12 9 19 12 3 6 13 10 15 1 14 2 2 16 22 3 6 14 6 2 32 4 11 18 8 4 30 11 12 33 12 14 26 7 18 16 2 15 32 1 1 1 5 17 8 4 9 20 11 21.8370670974254608 64.730036071624653 
6 3 2 15 5.34074699537910114 9 17 1 4 13 25 3 9 19 12 3 6 13 10 15 1 14 2 2 16 22 3 6 14 6 2 32 4 11 18 8 4 30 11 12 33 12 3.36768017929769181 23 11 14 25 6 15 32 1 1 1 5 17 8 4 6 20 10 20.0818648934364319 91.2203692106163686 
6 3 2 15 5.34074699537910114 9 17 1 4 6 25 7 9 19 12 3 6 13 10 15 1 14 2 2 1 30 4 6 14 6 2 32 4 11 18 8 4 30 11 12 33 12 1 28 11 8 12 10 15 32 1 1 1 5 17 8 4 4 25 9 19.5950359702110291 118.360683227632165 

