Current Evaluation = 10000000(10000080)
Front Size = 43
17 31 2.70999124060388841 3.36768017929769181 11 1 15 3 5 6 1 4 5 29 9 1 24 7 18 10 2 11 14 8 16 15 11 9 11 13 4 16 12 2 8 1 15 33 5 1 6 7 14 32 5 6 22 3 18 24 2 16 30 11 9 2 2 12 12 1 25.7911466360092163 67.5166814667279169 
13 8 6 14 19 2.70999124060388841 9 15 10 12 20 11 13 20 13 12 16 6 15 25 1 14 20 7 13 18 6.96245171630185755 17 7 13 1 19 3.84646942076222631 3 6 7 14 24 8 17 23.4025356524426229 8 4 18 5 14 25 5 12 2 8 15 30 9 14 20 11 14 6 2 17.4184637367725372 259.945328406655619 
17 31 2.70999124060388841 3.36768017929769181 11 1 15 3 5 6 1 4 5 29 9 1 24 7 14 18 6 11 14 8 16 15 11 9 11 13 4 16 12 2 8 1 15 33 5 10 28 3 14 32 5 6 22 3 18 24 2 16 30 11 9 2 2 12 12 1 23.5331207513809204 75.4558243339048289 
17 31 2.70999124060388841 3.36768017929769181 11 1 15 3 5 6 1 4 5 29 9 1 24 7 18 10 2 11 14 8 16 15 11 9 11 13 4 16 12 2 8 1 15 33 5 1 1 4 14 32 5 6 22 3 18 24 2 16 30 11 9 2 2 12 12 1 25.8594816923141479 67.1573673040966241 
17 31 2.70999124060388841 3.36768017929769181 11 1 15 3 5 6 1 4 5 29 9 1 24 7 15 26 3 11 14 8 16 15 11 12 9 2.70999124060388841 4 16 12 2 8 1 15 33 5 10 28 3 14 32 5 6 22 3 18 24 2 16 30 11 9 2 2 12 12 1 23.1954256296157837 76.1246690031255469 
17 31 2.70999124060388841 3.36768017929769181 11 1 15 3 5 6 1 4 5 29 9 1 24 7 2 32 3 4 14 10 16 15 11 9 11 13 4 16 12 3 30 12 15 33 5 5 26 10 14 32 5 6 22 3 18 24 2 16 30 11 9 2 2 12 12 1 21.7241435647010803 89.829269398077443 
17 31 2.70999124060388841 3.36768017929769181 11 1 15 3 5 6 1 4 2 22 3 1 24 7 14 19 7 11 14 8 16 15 11 9 11 13 4 16 12 1 32 6 15 33 5 10 28 3 14 32 5 6 22 3 18 24 2 16 30 11 9 2 2 12 12 1 22.0222288966178894 86.147575943032507 
17 31 2.70999124060388841 3.36768017929769181 11 1 15 3 5 6 1 4 5 29 9 1 24 7 18 10 2 11 14 8 16 15 11 9 11 13 4 16 12 2 8 1 6 1 9 10 28 3 14 32 5 6 22 3 18 24 2 16 30 11 9 2 2 12 12 1 26.1866337656974792 66.8362385307821967 
17 31 2.70999124060388841 3.36768017929769181 11 1 15 3 5 6 1 4 5 29 9 1 24 7 10 2 2.70999124060388841 11 14 8 16 15 11 9 11 13 4 16 12 2 8 1 15 33 5 10 28 3 14 32 5 6 22 3 18 24 2 16 30 11 9 2 2 12 12 1 24.319530725479126 69.1054595667732201 
17 31 2.70999124060388841 3.36768017929769181 11 1 15 3 5 6 1 4 5 29 9 1 24 7 14 1 4 3 15 2.70999124060388841 16 15 11 9 11 13 4 16 12 2 8 1 15 33 5 2 9 4 14 32 5 6 22 3 18 24 2 16 30 11 9 2 2 12 12 1 21.5895357131958008 98.8815979628146522 
12 3 12 1 16 7 3 24 2.70999124060388841 3 5 11 17 6 6.96245171630185755 3 25 7 15 1 8 6 30 12 2 8 6 6 26 7 17 32 4 6 31 2 4 6 12 13 3 9 4 20 12 6 11 9 4.94126535182462057 6 5 10 32 13 2 18 2 3 30 10 17.6846107244491577 209.662667887667908 
14 32 11 9 5.34074699537910114 3 3 22 7 15 6 6 12 19 2 1 15 4 6 15 3 17 3 6 9.25570237641795579 25 1 2 1 1 15 16 13 5 30 10 15 20 2 2 24 7 17 5 4 1 26 12 12 24 13 13 32 12 16 3 2 12 30 11 18.5099557042121887 199.856261411447207 
17 31 2.70999124060388841 3.36768017929769181 11 1 15 3 5 6 1 4 5 29 9 1 24 7 18 10 2 11 14 8 16 15 11 9 11 13 4 16 12 2 8 1 15 33 5 10 28 3 14 32 5 6 22 3 18 24 2 16 30 11 9 2 2 12 12 1 27.0873987674713135 65.0160942191951676 
17 31 2.70999124060388841 3.36768017929769181 11 1 15 3 5 6 1 4 5 29 9 1 24 7 10 31 4 11 14 8 16 15 11 9 11 13 4 16 12 2 8 1 15 33 5 10 6 6 14 32 5 6 22 3 18 24 2 16 30 11 9 2 2 12 12 1 23.300330638885498 75.6407451449871502 
17 31 2.70999124060388841 3.36768017929769181 11 1 15 3 5 6 1 4 5 29 9 1 24 7 18 10 2 11 14 8 16 15 11 9 11 13 4 16 12 2 8 1 15 33 5 10 28 3 14 32 5 6 22 3 18 24 2 16 30 11 3 6 8 12 12 1 26.7005507946014404 66.6397849413854146 
17 31 2.70999124060388841 3.36768017929769181 11 1 15 3 5 6 1 4 5 29 9 1 24 7 2 32 5 11 14 8 16 15 11 9 11 13 4 16 12 2 8 1 15 33 5 10 28 3 14 32 5 6 22 3 18 24 2 16 30 11 9 2 2 12 12 1 23.6603286862373352 75.2611230187289806 
17 31 2.70999124060388841 3.36768017929769181 11 1 15 3 5 6 1 4 5 29 9 1 24 7 10 31 2.70999124060388841 6 6 3 16 15 11 9 11 13 4 16 12 2 8 1 15 33 5 1 19 4 14 32 5 6 22 3 18 24 2 16 30 11 9 2 2 12 12 1 22.0002375841140747 88.9786102786102902 
17 31 2.70999124060388841 3.36768017929769181 11 1 15 3 5 6 1 4 5 29 9 1 24 7 18 10 2 11 14 8 16 15 11 9 11 13 4 16 12 2 8 1 15 33 5 10 28 3 14 32 5 6 22 3 18 24 2 16 30 11 9 15 13 12 12 1 26.9203808307647705 65.3388241731813366 
17 31 2.70999124060388841 3.36768017929769181 11 1 15 3 5 6 1 4 5 29 9 1 24 7 14 3 4 11 14 8 16 15 11 9 11 13 4 16 12 3 30 10 15 33 5 6 6 11 14 32 5 6 22 3 1 25 2.70999124060388841 16 30 11 9 2 2 12 12 1 20.594939649105072 108.349860003940194 
17 31 2.70999124060388841 4 12 12 15 3 5 6 1 4 5 29 9 1 24 7 15 30 3 11 14 8 16 15 11 9 11 13 4 16 12 2 8 1 15 33 5 10 28 3 14 32 5 6 22 3 18 24 2 16 30 11 9 2 2 12 12 1 22.9287537932395935 80.0144842685937903 
17 31 2.70999124060388841 3.36768017929769181 11 1 15 3 5 6 1 4 5 29 9 1 24 7 14 26 3 11 14 8 16 15 11 9 11 13 4 16 12 2 8 1 15 33 5 10 28 3 14 32 5 6 22 3 18 24 2 16 30 11 3 6 12 12 12 1 22.9401606917381287 76.4250037785459568 
8 14 3 13 2 3 15 24 3 14 32 2.70999124060388841 18 1 8 17 5 13 8 24 11 14 12 7 9.25570237641795579 26 4 4.94126535182462057 22 9.82524131762891173 16 6 8 17 30 1 9 28 1 6 9 13 15 32 1 16 12 4 9 6 8 12 20 13.151007650947605 10.3494946964094545 20 10 14 6 4 18.9502649307250977 188.602233189067533 
17 31 2.70999124060388841 3.36768017929769181 11 1 15 3 5 6 1 4 14 6 2.70999124060388841 1 24 7 3 15 2 11 14 8 16 15 11 9 11 13 4 16 12 2 8 1 15 33 5 2 3 6 14 32 5 6 22 3 18 24 2 16 30 11 9 2 2 12 12 1 21.3661398589611053 101.296439767129442 
17 31 2.70999124060388841 3.36768017929769181 11 1 15 3 5 6 1 4 14 26 10 1 24 7 18 10 2 11 14 8 16 15 11 9 11 13 4 16 12 2 8 1 15 33 5 10 28 3 14 32 5 6 22 3 18 24 2 16 30 11 9 2 2 12 12 1 25.5353789925575256 68.8917585635652898 
17 31 2.70999124060388841 3.36768017929769181 11 1 15 3 5 6 1 4 12 6 9 1 24 7 8 32 6 11 14 8 16 15 11 9 11 13 4 16 12 2 8 1 3 30 4 6 15 12 14 32 5 6 22 3 18 24 2 16 30 11 9 2 2 12 12 1 20.3850978016853333 125.987716363358416 
3 31 3 15 26 2 18 30 11 9 5 7 15 32 7 12 24 8 13 16 5 1 15 9 2 32 11 16 14 4 14 20 5 15 8 12 16 12 2.70999124060388841 4 26 7 16 15 4 10 15 4 9 8 10 2 24 11 13 9 3 1 26 4 18.7363370060920715 189.049872349872373 
17 31 2.70999124060388841 3.36768017929769181 11 1 15 3 5 6 1 4 14 32 3 1 24 7 18 10 2 11 14 8 16 15 11 9 11 13 4 16 12 2 8 1 15 33 5 10 28 3 14 32 5 6 22 3 18 24 2 16 30 11 9 2 2 12 12 1 25.5507650375366211 68.2370057037502988 
17 31 2.70999124060388841 3.36768017929769181 11 1 15 3 5 6 1 4 1 33 9 1 24 7 12 26 2.70999124060388841 11 14 8 16 15 11 9 11 13 4 16 12 2 8 1 15 33 5 14 31 9 14 32 5 6 22 3 18 24 2 16 30 11 9 2 2 12 12 1 21.4322347044944763 101.220747715081032 
17 31 2.70999124060388841 3.36768017929769181 11 1 15 3 5 6 1 4 4 20 3 1 24 7 10 9 2.70999124060388841 11 14 8 16 15 11 9 11 13 4 16 12 2 8 1 15 33 5 1 24 10 14 32 5 6 22 3 18 24 2 16 30 11 9 2 2 12 12 1 21.6658557653427124 97.0068705751464506 
17 31 2.70999124060388841 3.36768017929769181 11 1 15 3 5 6 1 4 5 19 6 1 24 7 2 2 9 11 14 8 16 15 11 9 11 13 4 16 12 6 31 6 15 33 5 10 28 3 14 32 5 6 22 3 18 24 2 16 30 11 9 2 2 12 12 1 22.6384979486465454 80.0672345964718488 
17 31 2.70999124060388841 14 5.34074699537910114 10 15 3 5 6 1 4 13 26 8 1 24 7 14 6 9 11 14 8 16 15 11 9 11 13 4 16 12 2 8 1 15 33 5 10 28 3 14 32 5 6 22 3 18 24 2 16 30 11 9 2 2 12 12 1 21.1721349954605103 104.166510838474991 
17 31 2.70999124060388841 3.36768017929769181 11 1 15 3 5 6 1 4 5 29 9 1 24 7 10 30 2 11 14 8 16 15 11 9 11 13 4 16 12 5 15 10 15 33 5 10 28 3 14 32 5 6 22 3 18 24 2 16 30 11 9 2 2 12 12 1 23.7826086282730103 74.3705091386238593 
17 31 2.70999124060388841 3.36768017929769181 11 1 15 3 5 6 1 4 14 25 9 1 24 7 12 19 7 11 14 8 16 15 11 3 18 8 4 16 12 2 8 1 15 33 5 10 28 3 14 32 5 6 22 3 18 24 2 16 30 11 1 20 9 12 12 1 21.1969918608665466 101.87840626096434 
17 31 2.70999124060388841 3.36768017929769181 11 1 15 3 5 6 1 4 5 29 9 1 24 7 14 1 10 11 14 8 16 15 11 9 11 13 4 16 12 2 8 1 15 33 5 1 26 10 14 32 5 6 22 3 18 24 2 16 30 11 9 2 2 12 12 1 22.1682915687561035 84.199639054989774 
17 31 2.70999124060388841 3.36768017929769181 11 1 15 3 5 6 1 4 14 32 2 1 24 7 6 19 7 11 14 8 16 15 11 9 11 13 4 16 12 2 8 1 15 33 5 10 28 3 14 32 5 6 22 3 18 24 2 16 30 11 9 2 2 12 12 1 22.085801899433136 85.7478059006170525 
17 31 2.70999124060388841 3.36768017929769181 11 1 15 3 5 6 1 4 14 22 9 1 24 7 14 31 3 11 14 8 16 15 11 9 11 13 4 16 12 2 8 1 15 33 5 10 28 3 14 32 5 6 22 3 18 24 2 16 30 11 9 2 2 12 12 1 22.0528609156608582 86.1378367552500208 
13 1 8 14 31 9 16 15 3 1 20 9 4 11 6 14 18 11 17 28 6 6 6 1 4 25 5 3 19 2 16 19 1 14 32 9 8 5 4 1 1 13 2 23 2 8 22 9 16 32 7 4 30 9 15 5.34074699537910114 5 4 16 8 18.2076438665390015 205.167616439288253 
17 31 2.70999124060388841 3.36768017929769181 11 1 15 3 5 6 1 4 5 29 9 1 24 7 18 10 2 11 14 8 16 15 11 9 11 13 4 16 12 2 30 7 15 33 5 10 28 3 14 32 5 6 22 3 18 24 2 16 30 11 9 2 2 12 12 1 26.3585237264633179 66.7726329214362693 
17 31 2.70999124060388841 3.36768017929769181 11 1 15 3 5 6 1 4 14 18 7 1 24 7 10 6 2 11 14 8 16 15 11 9 11 13 4 16 12 2 8 1 15 33 5 10 28 3 14 32 5 6 22 3 18 24 2 16 30 11 9 2 2 12 12 1 22.4946789741516113 81.2766931898511018 
17 31 2.70999124060388841 3.36768017929769181 11 1 15 3 5 6 1 4 9 5 6 1 24 7 15 30 6 11 14 8 16 15 11 13 6 7 4 16 12 2 8 1 14 26 2 14 12 7 14 32 5 6 22 3 18 24 2 16 30 11 9 2 2 12 12 1 19.3843487203121185 127.446433451114999 
17 31 2.70999124060388841 3.36768017929769181 11 1 15 3 5 6 1 4 5 29 9 1 24 7 18 10 2 11 14 8 16 15 11 9 11 13 4 16 12 2 8 1 15 33 5 1 1 10 14 32 5 6 22 3 18 24 2 16 30 11 9 2 2 12 12 1 25.9334816932678223 66.9221246769390063 
17 31 2.70999124060388841 3.36768017929769181 11 1 15 3 5 6 1 4 5 29 9 1 24 7 10 30 2 11 14 8 16 15 11 9 11 13 4 16 12 2 8 1 15 33 5 10 28 3 14 32 5 6 22 3 18 24 2 16 30 11 9 2 2 12 12 1 23.9204096794128418 70.268136002922077 
17 31 2.70999124060388841 3.36768017929769181 11 1 15 3 5 6 1 4 3 31 7 1 24 7 15 26 4 11 14 8 16 15 11 9 11 13 4 16 12 2 8 1 15 33 5 14 17 9 14 32 5 6 22 3 18 24 2 16 30 11 9 2 2 12 12 1 21.069743812084198 107.880409001430706 

Current Evaluation = 20000000(20000160)
Front Size = 50
17 31 2.70999124060388841 3.36768017929769181 11 1 15 3 5 6 1 4 5 29 9 1 24 7 18 10 2 11 14 8 16 15 11 9 11 13 4 16 12 2 8 1 15 33 5 1 6 7 14 32 5 6 22 3 18 24 2 16 30 11 9 2 2 12 12 1 25.7911466360092163 67.5166814667279169 
13 8 6 14 19 2.70999124060388841 9 15 10 12 20 11 13 20 13 12 16 6 15 25 1 14 20 7 13 18 6.96245171630185755 17 7 13 1 19 3.84646942076222631 3 6 7 14 24 8 17 23.4025356524426229 8 4 18 5 14 25 5 12 2 8 15 30 9 14 20 11 14 6 2 17.4184637367725372 259.945328406655619 
17 31 2.70999124060388841 3.36768017929769181 11 1 15 3 5 6 1 4 5 29 9 1 24 7 18 10 2 11 14 8 16 15 11 9 11 13 4 16 12 2 8 1 15 33 5 1 1 4 14 32 5 6 22 3 18 24 2 16 30 11 9 2 2 12 12 1 25.8594816923141479 67.1573673040966241 
17 31 2.70999124060388841 3.36768017929769181 11 1 15 3 5 6 1 4 5 29 9 1 24 7 15 26 3 11 14 8 16 15 11 12 9 2.70999124060388841 4 16 12 2 8 1 15 33 5 10 28 3 14 32 5 6 22 3 18 24 2 16 30 11 9 2 2 12 12 1 23.1954256296157837 76.1246690031255469 
17 31 2.70999124060388841 3.36768017929769181 11 1 15 3 5 6 1 4 5 29 9 1 24 7 2 32 3 4 14 10 16 15 11 9 11 13 4 16 12 3 30 12 15 33 5 5 26 10 14 32 5 6 22 3 18 24 2 16 30 11 9 2 2 12 12 1 21.7241435647010803 89.829269398077443 
17 31 2.70999124060388841 3.36768017929769181 11 1 15 3 5 6 1 4 5 29 9 1 24 7 18 10 2 11 14 8 16 15 11 9 11 13 4 16 12 2 8 1 6 1 9 10 28 3 14 32 5 6 22 3 18 24 2 16 30 11 9 2 2 12 12 1 26.1866337656974792 66.8362385307821967 
12 3 12 1 16 7 3 24 2.70999124060388841 3 5 11 17 6 6.96245171630185755 3 25 7 15 1 8 6 30 12 2 8 6 6 26 7 17 32 4 6 31 2 4 6 12 13 3 9 4 20 12 6 11 9 4.94126535182462057 6 5 10 32 13 2 18 2 3 30 10 17.6846107244491577 209.662667887667908 
14 32 11 9 5.34074699537910114 3 3 22 7 15 6 6 12 19 2 1 15 4 6 15 3 17 3 6 9.25570237641795579 25 1 2 1 1 15 16 13 5 30 10 15 20 2 2 24 7 17 5 4 1 26 12 12 24 13 13 32 12 16 3 2 12 30 11 18.5099557042121887 199.856261411447207 
17 31 2.70999124060388841 3.36768017929769181 11 1 15 3 5 6 1 4 5 29 9 1 24 7 10 31 4 11 14 8 16 15 11 9 11 13 4 16 12 2 8 1 15 33 5 10 6 6 14 32 5 6 22 3 18 24 2 16 30 11 9 2 2 12 12 1 23.300330638885498 75.6407451449871502 
17 31 2.70999124060388841 3.36768017929769181 11 1 15 3 5 6 1 4 5 29 9 1 24 7 14 3 4 11 14 8 16 15 11 9 11 13 4 16 12 3 30 10 15 33 5 6 6 11 14 32 5 6 22 3 1 25 2.70999124060388841 16 30 11 9 2 2 12 12 1 20.594939649105072 108.349860003940194 
17 31 2.70999124060388841 3.36768017929769181 11 1 15 3 5 6 1 4 5 29 9 1 24 7 14 26 3 11 14 8 16 15 11 9 11 13 4 16 12 2 8 1 15 33 5 10 28 3 14 32 5 6 22 3 18 24 2 16 30 11 3 6 12 12 12 1 22.9401606917381287 76.4250037785459568 
8 14 3 13 2 3 15 24 3 14 32 2.70999124060388841 18 1 8 17 5 13 8 24 11 14 12 7 9.25570237641795579 26 4 4.94126535182462057 22 9.82524131762891173 16 6 8 17 30 1 9 28 1 6 9 13 15 32 1 16 12 4 9 6 8 12 20 13.151007650947605 10.3494946964094545 20 10 14 6 4 18.9502649307250977 188.602233189067533 
17 31 2.70999124060388841 3.36768017929769181 11 1 15 3 5 6 1 4 14 6 2.70999124060388841 1 24 7 3 15 2 11 14 8 16 15 11 9 11 13 4 16 12 2 8 1 15 33 5 2 3 6 14 32 5 6 22 3 18 24 2 16 30 11 9 2 2 12 12 1 21.3661398589611053 101.296439767129442 
17 31 2.70999124060388841 3.36768017929769181 11 1 15 3 5 6 1 4 12 6 9 1 24 7 8 32 6 11 14 8 16 15 11 9 11 13 4 16 12 2 8 1 3 30 4 6 15 12 14 32 5 6 22 3 18 24 2 16 30 11 9 2 2 12 12 1 20.3850978016853333 125.987716363358416 
3 31 3 15 26 2 18 30 11 9 5 7 15 32 7 12 24 8 13 16 5 1 15 9 2 32 11 16 14 4 14 20 5 15 8 12 16 12 2.70999124060388841 4 26 7 16 15 4 10 15 4 9 8 10 2 24 11 13 9 3 1 26 4 18.7363370060920715 189.049872349872373 
17 31 2.70999124060388841 14 5.34074699537910114 10 15 3 5 6 1 4 13 26 8 1 24 7 14 6 9 11 14 8 16 15 11 9 11 13 4 16 12 2 8 1 15 33 5 10 28 3 14 32 5 6 22 3 18 24 2 16 30 11 9 2 2 12 12 1 21.1721349954605103 104.166510838474991 
17 31 2.70999124060388841 3.36768017929769181 11 1 15 3 5 6 1 4 5 29 9 1 24 7 10 30 2 11 14 8 16 15 11 9 11 13 4 16 12 5 15 10 15 33 5 10 28 3 14 32 5 6 22 3 18 24 2 16 30 11 9 2 2 12 12 1 23.7826086282730103 74.3705091386238593 
17 31 2.70999124060388841 3.36768017929769181 11 1 15 3 5 6 1 4 14 25 9 1 24 7 12 19 7 11 14 8 16 15 11 3 18 8 4 16 12 2 8 1 15 33 5 10 28 3 14 32 5 6 22 3 18 24 2 16 30 11 1 20 9 12 12 1 21.1969918608665466 101.87840626096434 
13 1 8 14 31 9 16 15 3 1 20 9 4 11 6 14 18 11 17 28 6 6 6 1 4 25 5 3 19 2 16 19 1 14 32 9 8 5 4 1 1 13 2 23 2 8 22 9 16 32 7 4 30 9 15 5.34074699537910114 5 4 16 8 18.2076438665390015 205.167616439288253 
17 31 2.70999124060388841 3.36768017929769181 11 1 15 3 5 6 1 4 5 29 9 1 24 7 18 10 2 11 14 8 16 15 11 9 11 13 4 16 12 2 30 7 15 33 5 10 28 3 14 32 5 6 22 3 18 24 2 16 30 11 9 2 2 12 12 1 26.3585237264633179 66.7726329214362693 
17 31 2.70999124060388841 3.36768017929769181 11 1 15 3 5 6 1 4 14 18 7 1 24 7 10 6 2 11 14 8 16 15 11 9 11 13 4 16 12 2 8 1 15 33 5 10 28 3 14 32 5 6 22 3 18 24 2 16 30 11 9 2 2 12 12 1 22.4946789741516113 81.2766931898511018 
17 31 2.70999124060388841 3.36768017929769181 11 1 15 3 5 6 1 4 9 5 6 1 24 7 15 30 6 11 14 8 16 15 11 13 6 7 4 16 12 2 8 1 14 26 2 14 12 7 14 32 5 6 22 3 18 24 2 16 30 11 9 2 2 12 12 1 19.3843487203121185 127.446433451114999 
17 31 2.70999124060388841 3.36768017929769181 11 1 15 3 5 6 1 4 5 29 9 1 24 7 18 10 2 11 14 8 16 15 11 9 11 13 4 16 12 2 8 1 15 33 5 1 1 10 14 32 5 6 22 3 18 24 2 16 30 11 9 2 2 12 12 1 25.9334816932678223 66.9221246769390063 
17 31 2.70999124060388841 3.36768017929769181 11 1 15 3 5 6 1 4 5 29 9 1 24 7 10 30 2 11 14 8 16 15 11 9 11 13 4 16 12 2 8 1 15 33 5 10 28 3 14 32 5 6 22 3 18 24 2 16 30 11 9 2 2 12 12 1 23.9204096794128418 70.268136002922077 
17 31 2.70999124060388841 3.36768017929769181 11 1 15 3 5 6 1 4 5 29 9 1 24 7 14 32 9 11 31 2.70999124060388841 16 15 11 9 11 13 4 16 12 14 26 9 15 33 5 10 28 3 14 32 5 6 22 3 18 24 2 16 30 11 9 2 2 12 12 1 21.8318817317485809 87.2023850171737394 
17 31 2.70999124060388841 3.36768017929769181 11 1 15 3 5 6 1 4 5 29 9 1 24 7 2 2 10 4 31 12 16 15 11 9 11 13 4 16 12 12 20 9 15 33 5 2 24 6 14 32 5 6 22 3 18 24 2 16 30 11 9 2 2 12 12 1 21.3899956941604614 92.3870947886925364 
17 31 2.70999124060388841 3.36768017929769181 11 1 15 3 5 6 1 4 5 29 9 1 24 7 10 2 2 11 14 8 16 15 11 9 11 13 4 16 12 2 8 1 15 33 5 10 28 3 14 32 5 6 22 3 18 24 2 16 30 11 9 2 2 12 12 1 24.319530725479126 68.0591432095456383 
17 31 2.70999124060388841 3.36768017929769181 11 1 15 3 5 6 1 4 5 29 9 1 24 7 14 30 12 8 32 9 16 15 11 9 11 13 4 16 12 2 8 1 15 33 5 6 6 7 14 32 5 6 22 3 18 24 2 16 30 11 9 2 2 12 12 1 21.0393826961517334 105.801554330652209 
17 31 2.70999124060388841 3.36768017929769181 11 1 15 3 5 6 1 4 13 6 6 1 24 7 14 5.34074699537910114 3 11 14 8 16 15 11 9 11 13 4 16 12 2 8 1 15 33 5 6 20 7 14 32 5 6 22 3 18 24 2 16 30 11 9 2 2 12 12 1 20.8220078349113464 107.925083309522705 
17 31 2.70999124060388841 3.36768017929769181 11 1 15 3 5 6 1 4 14 23 10 1 24 7 15 9 10 11 14 8 16 15 11 9 11 13 4 16 12 2 8 1 15 33 5 10 28 3 14 32 5 6 22 3 18 24 2 16 30 11 9 2 2 12 12 1 22.6250959634780884 80.0232073841095541 
4 6 10 15 26 5 18 6 4 14 30 13 3.36768017929769181 12 2 17 17 8 2 15 9 6 19 5 11 28 4 14 6 5 1 15 3 9 14 13 1 16 10 14 19 10 4 2 2 13 24 5 5 25 6 6 30 1 4 24 6 2 26 4 19.1509780883789062 177.257162813626593 
17 31 2.70999124060388841 3.36768017929769181 11 1 15 3 5 6 1 4 9 6 9 1 24 7 14 15 6 11 14 8 16 15 11 9 11 13 4 16 12 2 8 1 15 33 5 4 26 7 14 32 5 13 1 4 18 24 2 16 30 11 9 2 2 12 12 1 20.4916678071022034 121.741577874861818 
17 31 2.70999124060388841 3.36768017929769181 11 1 15 3 5 6 1 4 5 29 9 1 24 7 14 30 2.70999124060388841 11 14 8 16 15 11 9 11 13 4 16 12 2 8 1 15 33 5 10 28 3 14 32 5 6 22 3 18 24 2 16 30 11 3 31 12 12 12 1 22.8429807126522064 77.1526651404779074 
14 5 12 3 32 6 3.36768017929769181 9 6 4 20 6.96245171630185755 6 17 3.84646942076222631 13.2195649013323386 25 6 1 6 8 17 1 10 15 28 11 2 30 13 4 19 10 2 6 4 12 31.8448655754823804 8 1 1 7.75241283629571765 12 20 13 16 20 8 2 31 8 15 30 3 1 30 7 12 31 7 17.4397767782211304 256.331935548111971 
14 5 12 3.36768017929769181 25 7 15 13 13 13 32 3 4 32 6.96245171630185755 17 1 9 14 9 3 14 14 12 9 15 4 5 20 10 12 30 13 2 24 3.84646942076222631 3 18 3 4 12 5 13 31 4 3 20 5 12 8 13 3 26 13 15 22 2 16 6 9.82524131762891173 17.665287971496582 239.51557502873294 
17 31 2.70999124060388841 3.36768017929769181 11 1 15 3 5 6 1 4 5 29 9 1 24 7 14 9 6 11 14 8 16 15 11 9 11 13 4 16 12 2 8 1 15 33 5 1 5 7 14 32 5 6 22 3 18 24 2 16 30 11 9 2 2 12 12 1 22.4775646328926086 81.9036558130228372 
17 31 2.70999124060388841 3.36768017929769181 11 1 15 3 5 6 1 4 5 29 9 1 24 7 14 32 10 11 14 8 16 15 11 9 11 13 4 16 12 2 8 1 15 33 5 10 1 4 14 32 5 6 22 3 7 6 13 16 30 11 9 2 2 12 12 1 22.7985767126083374 78.4028050950687998 
17 31 2.70999124060388841 3.36768017929769181 11 1 15 3 5 6 1 4 5 29 9 1 24 7 15 32 4 12 12 2 16 15 11 1 1 7 4 16 12 16 24 10 8 31 9 10 28 3 14 32 5 6 22 3 18 24 2 16 30 11 9 2 2 8 31 5 20.3532927632331848 126.999094084326444 
17 31 2.70999124060388841 3.36768017929769181 11 1 15 3 5 6 1 4 5 29 9 1 24 7 18 10 2 11 14 8 16 15 11 9 11 13 4 16 12 2 8 1 15 33 5 10 1 9 14 32 5 6 22 3 18 24 2 16 30 11 9 2 2 12 12 1 26.3663656711578369 66.1986010577528674 
17 31 2.70999124060388841 3.36768017929769181 11 1 15 3 5 6 1 4 5 29 9 1 24 7 18 10 2 11 14 8 16 15 11 9 11 13 4 16 12 2 8 1 15 33 5 10 28 3 14 32 5 6 22 3 18 24 2 16 30 11 9 2 2 12 12 1 27.0873987674713135 64.6945985623241739 
17 31 2.70999124060388841 4 26 9 15 3 5 6 1 4 14 6 3 1 24 7 6 6 7 11 14 8 16 15 11 9 11 13 4 16 12 2 8 1 15 33 5 10 28 3 14 32 5 6 22 3 18 24 2 16 30 11 9 2 2 12 12 1 21.0599809885025024 105.16661427165937 
17 31 2.70999124060388841 3.36768017929769181 11 1 15 3 5 6 1 4 5 29 9 1 24 7 14 1 9 11 14 8 16 15 11 9 11 13 4 16 12 2 8 1 15 33 5 6 26 9 14 32 5 6 22 3 18 24 2 16 30 11 9 2 2 12 12 1 21.9405365884304047 83.4087806035139465 
15 24 7 12 2 5 12 1 1 2 5 9 17 6 5 1 32 3 16 23 13 4 2 2.70999124060388841 7 18 8 8 6 2 1 30 12 14 1 11 15 3 12 14 2 6.96245171630185755 6 9 4 4 6 7 17 24 10 3 8 11 13 1 9 14 32 7 18.3548111319541931 201.741775087227865 
17 31 2.70999124060388841 3.36768017929769181 11 1 15 3 5 6 1 4 5 29 9 1 24 7 14 32 10 11 14 8 16 15 11 3.36768017929769181 12 8 4 16 12 2 8 1 15 33 5 10 28 3 14 32 5 6 22 3 18 24 2 16 30 11 9 2 2 12 12 1 22.8213696479797363 77.6009579789537014 
5 31 5 12 16 6 13 8 9 14 32 7 15 14 11 11 24 2 3 1 9 6 6 11 6 26 12 10 2 12 17 12 5 2 12 3 1 15 11 14 26 9 2 1 3 12 6 12 9 9 9 3.36768017929769181 25 3 15 26 10 8 24 6.96245171630185755 18.6581977903842926 193.962567600957641 
17 31 2.70999124060388841 3.36768017929769181 11 1 15 3 5 6 1 4 5 29 9 1 24 7 10 6 2 11 14 8 16 15 11 9 11 13 4 16 12 2 8 1 15 33 5 10 28 3 14 32 5 6 22 3 18 24 2 16 30 11 9 2 2 12 12 1 23.9557867050170898 69.4772105580110804 
17 31 2.70999124060388841 3.36768017929769181 11 1 15 3 5 6 1 4 5 29 9 1 24 7 14 30 7 11 14 8 16 15 11 9 11 13 4 16 12 2 8 1 1 22 10 10 28 3 14 32 5 6 22 3 18 24 2 16 30 11 9 2 2 12 12 1 22.728975772857666 79.630431806600086 
17 31 2.70999124060388841 3.36768017929769181 11 1 15 3 5 6 1 4 2 31 1 1 24 7 10 24 2 11 14 8 16 15 11 9 11 13 4 16 12 15 6 5 15 33 5 6 19 3 14 32 5 6 22 3 3.36768017929769181 6 1 16 30 11 9 2 2 12 12 1 20.524201512336731 115.308476517591771 
17 31 2.70999124060388841 3.36768017929769181 11 1 15 3 5 6 1 4 5 29 9 1 24 7 18 10 2 11 14 8 16 15 11 9 11 13 4 16 12 2 8 1 15 33 5 10 28 3 14 32 5 6 22 3 18 24 2 16 30 11 3 31 13 12 12 1 26.7242527604103088 65.2883572033218371 
17 31 2.70999124060388841 3.36768017929769181 11 1 15 3 5 6 1 4 14 19 9 1 24 7 10 33 2.70999124060388841 11 14 8 16 15 11 9 11 13 4 16 12 2 8 1 15 33 5 10 28 3 14 32 5 6 22 3 18 24 2 16 30 11 9 2 2 12 12 1 23.3654599785804749 74.4381488586890185 

Current Evaluation = 30000000(30000050)
Front Size = 45
13 8 6 14 19 2.70999124060388841 9 15 10 12 20 11 13 20 13 12 16 6 15 25 1 14 20 7 13 18 6.96245171630185755 17 7 13 1 19 3.84646942076222631 3 6 7 14 24 8 17 23.4025356524426229 8 4 18 5 14 25 5 12 2 8 15 30 9 14 20 11 14 6 2 17.4184637367725372 259.945328406655619 
17 31 2.70999124060388841 3.36768017929769181 11 1 15 3 5 6 1 4 5 29 9 1 24 7 2 32 3 4 14 10 16 15 11 9 11 13 4 16 12 3 30 12 15 33 5 5 26 10 14 32 5 6 22 3 18 24 2 16 30 11 9 2 2 12 12 1 21.7241435647010803 89.829269398077443 
12 3 12 1 16 7 3 24 2.70999124060388841 3 5 11 17 6 6.96245171630185755 3 25 7 15 1 8 6 30 12 2 8 6 6 26 7 17 32 4 6 31 2 4 6 12 13 3 9 4 20 12 6 11 9 4.94126535182462057 6 5 10 32 13 2 18 2 3 30 10 17.6846107244491577 209.662667887667908 
17 31 2.70999124060388841 3.36768017929769181 11 1 15 3 5 6 1 4 5 29 9 1 24 7 14 3 4 11 14 8 16 15 11 9 11 13 4 16 12 3 30 10 15 33 5 6 6 11 14 32 5 6 22 3 1 25 2.70999124060388841 16 30 11 9 2 2 12 12 1 20.594939649105072 108.349860003940194 
8 14 3 13 2 3 15 24 3 14 32 2.70999124060388841 18 1 8 17 5 13 8 24 11 14 12 7 9.25570237641795579 26 4 4.94126535182462057 22 9.82524131762891173 16 6 8 17 30 1 9 28 1 6 9 13 15 32 1 16 12 4 9 6 8 12 20 13.151007650947605 10.3494946964094545 20 10 14 6 4 18.9502649307250977 188.602233189067533 
17 31 2.70999124060388841 3.36768017929769181 11 1 15 3 5 6 1 4 12 6 9 1 24 7 8 32 6 11 14 8 16 15 11 9 11 13 4 16 12 2 8 1 3 30 4 6 15 12 14 32 5 6 22 3 18 24 2 16 30 11 9 2 2 12 12 1 20.3850978016853333 125.987716363358416 
3 31 3 15 26 2 18 30 11 9 5 7 15 32 7 12 24 8 13 16 5 1 15 9 2 32 11 16 14 4 14 20 5 15 8 12 16 12 2.70999124060388841 4 26 7 16 15 4 10 15 4 9 8 10 2 24 11 13 9 3 1 26 4 18.7363370060920715 189.049872349872373 
17 31 2.70999124060388841 14 5.34074699537910114 10 15 3 5 6 1 4 13 26 8 1 24 7 14 6 9 11 14 8 16 15 11 9 11 13 4 16 12 2 8 1 15 33 5 10 28 3 14 32 5 6 22 3 18 24 2 16 30 11 9 2 2 12 12 1 21.1721349954605103 104.166510838474991 
17 31 2.70999124060388841 3.36768017929769181 11 1 15 3 5 6 1 4 14 25 9 1 24 7 12 19 7 11 14 8 16 15 11 3 18 8 4 16 12 2 8 1 15 33 5 10 28 3 14 32 5 6 22 3 18 24 2 16 30 11 1 20 9 12 12 1 21.1969918608665466 101.87840626096434 
13 1 8 14 31 9 16 15 3 1 20 9 4 11 6 14 18 11 17 28 6 6 6 1 4 25 5 3 19 2 16 19 1 14 32 9 8 5 4 1 1 13 2 23 2 8 22 9 16 32 7 4 30 9 15 5.34074699537910114 5 4 16 8 18.2076438665390015 205.167616439288253 
17 31 2.70999124060388841 3.36768017929769181 11 1 15 3 5 6 1 4 9 5 6 1 24 7 15 30 6 11 14 8 16 15 11 13 6 7 4 16 12 2 8 1 14 26 2 14 12 7 14 32 5 6 22 3 18 24 2 16 30 11 9 2 2 12 12 1 19.3843487203121185 127.446433451114999 
17 31 2.70999124060388841 3.36768017929769181 11 1 15 3 5 6 1 4 5 29 9 1 24 7 14 32 9 11 31 2.70999124060388841 16 15 11 9 11 13 4 16 12 14 26 9 15 33 5 10 28 3 14 32 5 6 22 3 18 24 2 16 30 11 9 2 2 12 12 1 21.8318817317485809 87.2023850171737394 
17 31 2.70999124060388841 3.36768017929769181 11 1 15 3 5 6 1 4 5 29 9 1 24 7 2 2 10 4 31 12 16 15 11 9 11 13 4 16 12 12 20 9 15 33 5 2 24 6 14 32 5 6 22 3 18 24 2 16 30 11 9 2 2 12 12 1 21.3899956941604614 92.3870947886925364 
17 31 2.70999124060388841 3.36768017929769181 11 1 15 3 5 6 1 4 5 29 9 1 24 7 14 30 12 8 32 9 16 15 11 9 11 13 4 16 12 2 8 1 15 33 5 6 6 7 14 32 5 6 22 3 18 24 2 16 30 11 9 2 2 12 12 1 21.0393826961517334 105.801554330652209 
17 31 2.70999124060388841 3.36768017929769181 11 1 15 3 5 6 1 4 13 6 6 1 24 7 14 5.34074699537910114 3 11 14 8 16 15 11 9 11 13 4 16 12 2 8 1 15 33 5 6 20 7 14 32 5 6 22 3 18 24 2 16 30 11 9 2 2 12 12 1 20.8220078349113464 107.925083309522705 
4 6 10 15 26 5 18 6 4 14 30 13 3.36768017929769181 12 2 17 17 8 2 15 9 6 19 5 11 28 4 14 6 5 1 15 3 9 14 13 1 16 10 14 19 10 4 2 2 13 24 5 5 25 6 6 30 1 4 24 6 2 26 4 19.1509780883789062 177.257162813626593 
17 31 2.70999124060388841 3.36768017929769181 11 1 15 3 5 6 1 4 9 6 9 1 24 7 14 15 6 11 14 8 16 15 11 9 11 13 4 16 12 2 8 1 15 33 5 4 26 7 14 32 5 13 1 4 18 24 2 16 30 11 9 2 2 12 12 1 20.4916678071022034 121.741577874861818 
14 5 12 3 32 6 3.36768017929769181 9 6 4 20 6.96245171630185755 6 17 3.84646942076222631 13.2195649013323386 25 6 1 6 8 17 1 10 15 28 11 2 30 13 4 19 10 2 6 4 12 31.8448655754823804 8 1 1 7.75241283629571765 12 20 13 16 20 8 2 31 8 15 30 3 1 30 7 12 31 7 17.4397767782211304 256.331935548111971 
17 31 2.70999124060388841 3.36768017929769181 11 1 15 3 5 6 1 4 5 29 9 1 24 7 15 32 4 12 12 2 16 15 11 1 1 7 4 16 12 16 24 10 8 31 9 10 28 3 14 32 5 6 22 3 18 24 2 16 30 11 9 2 2 8 31 5 20.3532927632331848 126.999094084326444 
17 31 2.70999124060388841 4 26 9 15 3 5 6 1 4 14 6 3 1 24 7 6 6 7 11 14 8 16 15 11 9 11 13 4 16 12 2 8 1 15 33 5 10 28 3 14 32 5 6 22 3 18 24 2 16 30 11 9 2 2 12 12 1 21.0599809885025024 105.16661427165937 
17 31 2.70999124060388841 3.36768017929769181 11 1 15 3 5 6 1 4 5 29 9 1 24 7 14 1 9 11 14 8 16 15 11 9 11 13 4 16 12 2 8 1 15 33 5 6 26 9 14 32 5 6 22 3 18 24 2 16 30 11 9 2 2 12 12 1 21.9405365884304047 83.4087806035139465 
5 31 5 12 16 6 13 8 9 14 32 7 15 14 11 11 24 2 3 1 9 6 6 11 6 26 12 10 2 12 17 12 5 2 12 3 1 15 11 14 26 9 2 1 3 12 6 12 9 9 9 3.36768017929769181 25 3 15 26 10 8 24 6.96245171630185755 18.6581977903842926 193.962567600957641 
17 31 2.70999124060388841 3.36768017929769181 11 1 15 3 5 6 1 4 2 31 1 1 24 7 10 24 2 11 14 8 16 15 11 9 11 13 4 16 12 15 6 5 15 33 5 6 19 3 14 32 5 6 22 3 3.36768017929769181 6 1 16 30 11 9 2 2 12 12 1 20.524201512336731 115.308476517591771 
17 31 2.70999124060388841 3.36768017929769181 11 1 15 3 5 6 1 4 4 6 3 1 24 7 3 31 7 11 14 8 16 15 11 9 11 13 4 16 12 2 8 1 1 6 4 10 28 3 14 32 5 6 22 3 18 24 2 16 30 11 9 2 2 12 12 1 21.2571879625320435 100.822518459728258 
17 31 2.70999124060388841 3.36768017929769181 25 13 15 3 5 6 1 4 5 29 9 1 24 7 18 10 2 11 14 8 16 15 11 9 11 13 4 16 12 2 8 1 5 3 6 10 28 3 14 32 5 6 22 3 18 26 8 16 30 11 9 2 2 12 12 1 26.843069851398468 61.9247819688662346 
10 6 8 13 30 5 4 16 1 14 25 5 15 5 3 14 5 7 6 32 2.70999124060388841 9.25570237641795579 26 7 6 25 10 8 20 2 17 20 10 16 6 4 14 5 12 4 9 5 14 16 4 15 24 13 4.94126535182462057 32 2 11 9 10 12 20 12 16 11 8 17.6241089701652527 243.204836623644667 
17 31 2.70999124060388841 3.36768017929769181 11 1 15 3 5 6 1 4 5 29 9 1 24 7 10 6 2 11 14 8 16 15 11 9 11 13 4 16 12 2 8 1 5 3 6 10 28 3 14 32 5 6 22 3 18 26 8 16 30 11 9 2 2 12 12 1 24.1409677267074585 63.6642638979242008 
17 31 2.70999124060388841 3.36768017929769181 11 1 15 3 5 6 1 4 5 29 9 1 24 7 18 10 2 11 14 8 16 15 11 9 11 13 4 16 12 2 9 10 5 3 6 10 28 3 14 32 5 6 22 3 18 26 8 16 30 11 9 2 2 12 12 1 26.8637127876281738 61.5672244854675199 
17 31 2.70999124060388841 3 5 12 15 3 5 6 1 4 5 29 9 1 24 7 14 9 4 11 14 8 16 15 11 9 11 13 4 16 12 2 8 1 5 3 6 10 28 3 14 32 5 6 22 3 18 26 8 16 30 11 9 2 2 12 12 1 23.2816609144210815 71.7105463611535896 
17 31 2.70999124060388841 3.36768017929769181 11 1 15 3 5 6 1 4 5 29 9 1 24 7 10 26 2.70999124060388841 11 14 8 16 15 11 9 11 13 4 16 12 2 8 1 5 3 6 10 24 9 14 32 5 6 22 3 18 26 8 16 30 11 9 2 2 12 12 1 23.4591535329818726 64.2283127436994192 
17 31 2.70999124060388841 3.36768017929769181 11 1 15 3 5 6 1 4 5 29 9 1 24 7 10 2 2.70999124060388841 11 14 8 16 15 11 9 11 13 4 16 12 2 8 1 5 3 6 10 28 3 14 32 5 6 22 3 18 26 8 16 30 11 9 2 2 12 12 1 24.5047117471694946 62.8151130857746836 
17 31 2.70999124060388841 3.36768017929769181 11 1 15 3 5 6 1 4 14 23 5 1 24 7 6 2 9 11 14 8 16 15 11 9 11 13 4 16 12 2 8 1 5 3 6 10 28 3 14 32 5 6 22 3 18 26 8 16 30 11 9 2 2 12 12 1 22.7544618844985962 76.0368403867017975 
17 31 2.70999124060388841 3.36768017929769181 11 1 15 3 5 6 1 4 5 29 9 1 24 7 18 10 2 11 14 8 16 15 11 9 11 13 4 16 12 1 18 9 5 3 6 10 28 3 14 32 5 6 22 3 18 26 8 16 30 11 9 2 2 12 12 1 26.5603297352790833 62.3767763786317815 
17 31 2.70999124060388841 3.36768017929769181 11 1 15 3 5 6 1 4 14 19 10 1 24 7 18 10 2 11 14 8 16 15 11 9 11 13 4 16 12 2 8 1 5 3 6 10 28 3 14 32 5 6 22 3 18 26 8 16 30 11 9 2 2 12 12 1 25.9601050615310669 62.7094754309793387 
17 31 2.70999124060388841 3.36768017929769181 11 1 15 3 5 6 1 4 14 32 4 1 24 7 15 30 3 11 14 8 16 15 11 9 11 13 4 16 12 2 8 1 5 3 6 10 28 3 14 32 5 6 22 3 18 26 8 16 30 11 9 2 2 12 12 1 22.0062319934368134 83.3559163059163097 
17 31 2.70999124060388841 3.36768017929769181 11 1 15 3 5 6 1 4 14 19 7 1 24 7 2 30 5 11 14 8 16 15 11 9 11 13 4 16 12 2 8 1 5 3 6 10 28 3 14 32 5 6 22 3 18 26 8 16 30 11 9 2 2 12 12 1 22.3885529637336731 76.2928602466594299 
1 16 4 1 17 10 6 24 7 3.36768017929769181 9 1 1 18 3 6 30 5 9.25570237641795579 9 7 17 23 3 14 6 5 4.94126535182462057 30 12 6 17 9 8 17 12 1 24 4 6 25 9 9 18 2 16 1 9.82524131762891173 6 32 1 13 31 10 13 25 12 2 15 5 17.5097237229347229 246.931875305636936 
17 31 2.70999124060388841 3.36768017929769181 11 1 15 3 5 6 1 4 5 26 5 1 24 7 10 31 9 11 14 8 16 15 11 9 11 13 4 16 12 2 8 1 5 3 6 10 28 3 14 32 5 6 22 3 18 26 8 16 30 11 9 2 2 12 12 1 23.2745027542114258 74.6577274686098349 
17 31 2.70999124060388841 3.36768017929769181 11 1 15 3 5 6 1 4 5 29 9 1 24 7 14 19 5 11 14 8 16 15 11 9 25 2 4 16 12 2 8 1 5 3 6 10 28 3 14 32 5 6 22 3 18 26 8 16 30 11 9 2 2 12 12 1 23.3334385752677917 69.4509826191289648 
17 31 2.70999124060388841 4 12 11 15 3 5 6 1 4 5 29 9 1 24 7 18 10 2 11 14 8 16 15 11 9 11 13 4 16 12 2 8 1 5 3 6 10 28 3 14 32 5 6 22 3 18 26 8 16 30 11 9 2 2 12 12 1 26.7102488875389099 61.9841456498680259 
17 31 2.70999124060388841 3.36768017929769181 11 1 15 3 5 6 1 4 14 30 10 1 24 7 5 6 9 11 14 8 16 15 11 9 11 13 4 16 12 2 8 1 5 3 6 10 28 3 14 32 5 6 22 3 18 26 8 16 30 11 9 2 2 12 12 1 22.38622185587883 82.8097023275609132 
10 6 7 14 25 3 12 15 11 14 5 11 6 22 2 14 18 2.70999124060388841 1 30 4 16 1 1 15 15 7 9.25570237641795579 23 12 15 6 3.84646942076222631 1 23 4 14 16 3 3 3 11 16 1 1 6 31 3 15 14 9 6 26 8 13.2195649013323386 14 1 8 31 7 18.2153530716896057 198.377539972105183 
17 31 2.70999124060388841 3.36768017929769181 11 1 15 3 5 6 1 4 5 29 9 1 24 7 14 9 10 11 14 8 16 15 11 9 20 2.70999124060388841 4 16 12 2 8 1 5 3 6 10 28 3 14 32 5 6 22 3 18 26 8 16 30 11 9 2 2 12 12 1 23.1820186376571655 74.8977632432996359 
14 30 8 16 9 5 1 24 2 12 12 4 14 18 5 8 31 7 17 9 2 4 15 12 3 19 7 14 25 11 17 30 11 17 6 2.70999124060388841 9 8 6 1 22 2 14 15 6.96245171630185755 13 9 4 14 28 1 2 25 4 3 8 1 14 9 10 17.6245119571685791 227.296584581569078 
17 31 2.70999124060388841 3.36768017929769181 11 1 15 3 5 6 1 4 5 29 9 1 24 7 18 10 2 11 14 8 16 15 11 9 11 13 4 16 12 2 8 1 5 3 6 10 28 3 14 32 5 6 22 3 18 26 8 16 30 11 9 2 2 12 12 1 27.2725797891616821 60.0913317572722363 

Current Evaluation = 40000000(40000130)
Front Size = 42
17 31 2.70999124060388841 3.36768017929769181 11 1 15 3 5 6 1 4 5 29 9 1 24 7 2 32 3 4 14 10 16 15 11 9 11 13 4 16 12 3 30 12 15 33 5 5 26 10 14 32 5 6 22 3 18 24 2 16 30 11 9 2 2 12 12 1 21.7241435647010803 89.829269398077443 
17 31 2.70999124060388841 3.36768017929769181 11 1 15 3 5 6 1 4 5 29 9 1 24 7 14 3 4 11 14 8 16 15 11 9 11 13 4 16 12 3 30 10 15 33 5 6 6 11 14 32 5 6 22 3 1 25 2.70999124060388841 16 30 11 9 2 2 12 12 1 20.594939649105072 108.349860003940194 
17 31 2.70999124060388841 3.36768017929769181 11 1 15 3 5 6 1 4 12 6 9 1 24 7 8 32 6 11 14 8 16 15 11 9 11 13 4 16 12 2 8 1 3 30 4 6 15 12 14 32 5 6 22 3 18 24 2 16 30 11 9 2 2 12 12 1 20.3850978016853333 125.987716363358416 
3 31 3 15 26 2 18 30 11 9 5 7 15 32 7 12 24 8 13 16 5 1 15 9 2 32 11 16 14 4 14 20 5 15 8 12 16 12 2.70999124060388841 4 26 7 16 15 4 10 15 4 9 8 10 2 24 11 13 9 3 1 26 4 18.7363370060920715 189.049872349872373 
17 31 2.70999124060388841 14 5.34074699537910114 10 15 3 5 6 1 4 13 26 8 1 24 7 14 6 9 11 14 8 16 15 11 9 11 13 4 16 12 2 8 1 15 33 5 10 28 3 14 32 5 6 22 3 18 24 2 16 30 11 9 2 2 12 12 1 21.1721349954605103 104.166510838474991 
17 31 2.70999124060388841 3.36768017929769181 11 1 15 3 5 6 1 4 14 25 9 1 24 7 12 19 7 11 14 8 16 15 11 3 18 8 4 16 12 2 8 1 15 33 5 10 28 3 14 32 5 6 22 3 18 24 2 16 30 11 1 20 9 12 12 1 21.1969918608665466 101.87840626096434 
17 31 2.70999124060388841 3.36768017929769181 11 1 15 3 5 6 1 4 9 5 6 1 24 7 15 30 6 11 14 8 16 15 11 13 6 7 4 16 12 2 8 1 14 26 2 14 12 7 14 32 5 6 22 3 18 24 2 16 30 11 9 2 2 12 12 1 19.3843487203121185 127.446433451114999 
17 31 2.70999124060388841 3.36768017929769181 11 1 15 3 5 6 1 4 5 29 9 1 24 7 14 32 9 11 31 2.70999124060388841 16 15 11 9 11 13 4 16 12 14 26 9 15 33 5 10 28 3 14 32 5 6 22 3 18 24 2 16 30 11 9 2 2 12 12 1 21.8318817317485809 87.2023850171737394 
17 31 2.70999124060388841 3.36768017929769181 11 1 15 3 5 6 1 4 5 29 9 1 24 7 2 2 10 4 31 12 16 15 11 9 11 13 4 16 12 12 20 9 15 33 5 2 24 6 14 32 5 6 22 3 18 24 2 16 30 11 9 2 2 12 12 1 21.3899956941604614 92.3870947886925364 
17 31 2.70999124060388841 3.36768017929769181 11 1 15 3 5 6 1 4 5 29 9 1 24 7 14 30 12 8 32 9 16 15 11 9 11 13 4 16 12 2 8 1 15 33 5 6 6 7 14 32 5 6 22 3 18 24 2 16 30 11 9 2 2 12 12 1 21.0393826961517334 105.801554330652209 
17 31 2.70999124060388841 3.36768017929769181 11 1 15 3 5 6 1 4 13 6 6 1 24 7 14 5.34074699537910114 3 11 14 8 16 15 11 9 11 13 4 16 12 2 8 1 15 33 5 6 20 7 14 32 5 6 22 3 18 24 2 16 30 11 9 2 2 12 12 1 20.8220078349113464 107.925083309522705 
17 31 2.70999124060388841 3.36768017929769181 11 1 15 3 5 6 1 4 9 6 9 1 24 7 14 15 6 11 14 8 16 15 11 9 11 13 4 16 12 2 8 1 15 33 5 4 26 7 14 32 5 13 1 4 18 24 2 16 30 11 9 2 2 12 12 1 20.4916678071022034 121.741577874861818 
17 31 2.70999124060388841 3.36768017929769181 11 1 15 3 5 6 1 4 5 29 9 1 24 7 15 32 4 12 12 2 16 15 11 1 1 7 4 16 12 16 24 10 8 31 9 10 28 3 14 32 5 6 22 3 18 24 2 16 30 11 9 2 2 8 31 5 20.3532927632331848 126.999094084326444 
17 31 2.70999124060388841 4 26 9 15 3 5 6 1 4 14 6 3 1 24 7 6 6 7 11 14 8 16 15 11 9 11 13 4 16 12 2 8 1 15 33 5 10 28 3 14 32 5 6 22 3 18 24 2 16 30 11 9 2 2 12 12 1 21.0599809885025024 105.16661427165937 
17 31 2.70999124060388841 3.36768017929769181 11 1 15 3 5 6 1 4 5 29 9 1 24 7 14 1 9 11 14 8 16 15 11 9 11 13 4 16 12 2 8 1 15 33 5 6 26 9 14 32 5 6 22 3 18 24 2 16 30 11 9 2 2 12 12 1 21.9405365884304047 83.4087806035139465 
5 31 5 12 16 6 13 8 9 14 32 7 15 14 11 11 24 2 3 1 9 6 6 11 6 26 12 10 2 12 17 12 5 2 12 3 1 15 11 14 26 9 2 1 3 12 6 12 9 9 9 3.36768017929769181 25 3 15 26 10 8 24 6.96245171630185755 18.6581977903842926 193.962567600957641 
17 31 2.70999124060388841 3.36768017929769181 11 1 15 3 5 6 1 4 2 31 1 1 24 7 10 24 2 11 14 8 16 15 11 9 11 13 4 16 12 15 6 5 15 33 5 6 19 3 14 32 5 6 22 3 3.36768017929769181 6 1 16 30 11 9 2 2 12 12 1 20.524201512336731 115.308476517591771 
17 31 2.70999124060388841 3.36768017929769181 11 1 15 3 5 6 1 4 5 29 9 1 24 7 10 6 2 11 14 8 16 15 11 9 11 13 4 16 12 2 8 1 5 3 6 10 28 3 14 32 5 6 22 3 18 26 8 16 30 11 9 2 2 12 12 1 24.1409677267074585 63.6642638979242008 
17 31 2.70999124060388841 3 5 12 15 3 5 6 1 4 5 29 9 1 24 7 14 9 4 11 14 8 16 15 11 9 11 13 4 16 12 2 8 1 5 3 6 10 28 3 14 32 5 6 22 3 18 26 8 16 30 11 9 2 2 12 12 1 23.2816609144210815 71.7105463611535896 
17 31 2.70999124060388841 3.36768017929769181 11 1 15 3 5 6 1 4 5 29 9 1 24 7 10 26 2.70999124060388841 11 14 8 16 15 11 9 11 13 4 16 12 2 8 1 5 3 6 10 24 9 14 32 5 6 22 3 18 26 8 16 30 11 9 2 2 12 12 1 23.4591535329818726 64.2283127436994192 
17 31 2.70999124060388841 3.36768017929769181 11 1 15 3 5 6 1 4 5 29 9 1 24 7 10 2 2.70999124060388841 11 14 8 16 15 11 9 11 13 4 16 12 2 8 1 5 3 6 10 28 3 14 32 5 6 22 3 18 26 8 16 30 11 9 2 2 12 12 1 24.5047117471694946 62.8151130857746836 
17 31 2.70999124060388841 3.36768017929769181 11 1 15 3 5 6 1 4 5 29 9 1 24 7 18 10 2 11 14 8 16 15 11 9 11 13 4 16 12 1 18 9 5 3 6 10 28 3 14 32 5 6 22 3 18 26 8 16 30 11 9 2 2 12 12 1 26.5603297352790833 62.3767763786317815 
17 31 2.70999124060388841 3.36768017929769181 11 1 15 3 5 6 1 4 14 32 4 1 24 7 15 30 3 11 14 8 16 15 11 9 11 13 4 16 12 2 8 1 5 3 6 10 28 3 14 32 5 6 22 3 18 26 8 16 30 11 9 2 2 12 12 1 22.0062319934368134 83.3559163059163097 
17 31 2.70999124060388841 3.36768017929769181 11 1 15 3 5 6 1 4 14 19 7 1 24 7 2 30 5 11 14 8 16 15 11 9 11 13 4 16 12 2 8 1 5 3 6 10 28 3 14 32 5 6 22 3 18 26 8 16 30 11 9 2 2 12 12 1 22.3885529637336731 76.2928602466594299 
17 31 2.70999124060388841 3.36768017929769181 11 1 15 3 5 6 1 4 5 29 9 1 24 7 14 19 5 11 14 8 16 15 11 9 25 2 4 16 12 2 8 1 5 3 6 10 28 3 14 32 5 6 22 3 18 26 8 16 30 11 9 2 2 12 12 1 23.3334385752677917 69.4509826191289648 
17 31 2.70999124060388841 4 12 11 15 3 5 6 1 4 5 29 9 1 24 7 18 10 2 11 14 8 16 15 11 9 11 13 4 16 12 2 8 1 5 3 6 10 28 3 14 32 5 6 22 3 18 26 8 16 30 11 9 2 2 12 12 1 26.7102488875389099 61.9841456498680259 
10 6 7 14 25 3 12 15 11 14 5 11 6 22 2 14 18 2.70999124060388841 1 30 4 16 1 1 15 15 7 9.25570237641795579 23 12 15 6 3.84646942076222631 1 23 4 14 16 3 3 3 11 16 1 1 6 31 3 15 14 9 6 26 8 13.2195649013323386 14 1 8 31 7 18.2153530716896057 198.377539972105183 
17 31 2.70999124060388841 3.36768017929769181 11 1 15 3 5 6 1 4 5 29 9 1 24 7 18 10 2 11 14 8 16 15 11 9 11 13 4 16 12 2 8 1 5 3 6 10 28 3 14 32 5 6 22 3 18 26 8 16 30 11 9 2 2 12 12 1 27.2725797891616821 60.0913317572722363 
17 31 2.70999124060388841 3.36768017929769181 11 1 15 3 5 6 1 4 13 30 4 1 24 7 10 1 9 11 14 8 16 15 11 9 11 13 4 16 12 2 8 1 5 3 6 13 26 9 14 32 5 6 22 3 18 26 8 16 30 11 9 2 2 12 12 1 21.2401768565177917 98.9982385264343208 
17 31 2.70999124060388841 3.36768017929769181 11 1 15 3 5 6 1 4 14 32 9 1 24 7 15 18 5 11 14 8 16 15 11 9 11 13 4 16 12 2 8 1 5 3 6 10 28 3 14 32 5 6 22 3 18 26 8 16 30 11 9 2 2 12 12 1 22.1862159967422485 80.0206892243994758 
17 31 2.70999124060388841 3.36768017929769181 11 1 15 3 5 6 1 4 5 29 9 1 24 7 15 19 3 3 6 7 16 15 11 12 9 2 4 16 12 2 8 1 5 3 6 1 15 5 14 32 5 6 22 3 15 1 2 16 30 11 9 2 2 12 12 1 20.5413974523544312 109.923936318306659 
17 31 2.70999124060388841 3.36768017929769181 11 1 15 3 5 6 1 4 14 26 7 1 24 7 10 23 10 11 14 8 16 15 11 12 31 2 4 16 12 2 8 1 5 3 6 10 28 3 14 32 5 6 22 3 18 26 8 16 30 11 9 2 2 12 12 1 22.5259918868541718 72.7354055666991428 
17 31 2.70999124060388841 3.36768017929769181 11 1 15 3 5 6 1 4 14 2 2.70999124060388841 1 24 7 6 6 5 10 26 13 16 15 11 9 11 13 4 16 12 2 8 1 5 3 6 10 28 3 14 32 5 6 22 3 18 26 8 16 30 11 9 2 2 12 12 1 21.9242291450500488 84.9892590039891189 
9 15 9 14 3 3 15 32 2.70999124060388841 14 31 12 9.25570237641795579 17 4 15 32 3.84646942076222631 6 12 10 13.2195649013323386 31 11 16 18 6 6 25 6 13 31.8448655754823804 9 1 16 2 16 5 4 15 18 1 9 8 6 13 31 2 6 31 7.75241283629571765 1 20 1 14 30 10 3 31 11 16.8791526257991791 268.356419234360374 
17 31 2.70999124060388841 3.36768017929769181 11 1 15 3 5 6 1 4 11 6 4 1 24 7 14 30 3 11 14 8 16 15 11 9 11 13 4 16 12 2 8 1 5 3 6 6 25 11 14 32 5 6 22 3 15 20 12 16 30 11 9 2 2 12 12 1 20.4643158614635468 123.432430071980704 
17 31 2.70999124060388841 12 25 11 15 3 5 6 1 4 5 29 9 1 24 7 18 10 2 11 14 8 16 15 11 9 11 13 4 16 12 2 8 1 5 3 6 10 28 3 14 32 5 6 22 3 18 26 8 16 30 11 9 2 2 12 12 1 26.8232969045639038 61.3493598478865749 
17 31 2.70999124060388841 3.36768017929769181 11 1 15 3 5 6 1 4 5 29 9 1 24 7 10 33 2.70999124060388841 11 14 8 16 15 11 9 11 13 4 16 12 2 8 1 5 3 6 10 28 3 14 32 5 6 22 3 18 26 8 16 30 11 9 2 2 12 12 1 24.9651397466659546 62.670028025654112 
6 15 3 16 6 6 9 31 4 6 26 12 3 5.34074699537910114 12 4 25 2 13 31 5 8 1 6 9.25570237641795579 30 2 14 22 3.84646942076222631 16 5 9.82524131762891173 12 31.8448655754823804 4 16 2 12 9 6 7.75241283629571765 1 1 1 15 26 2 6 7 5 13 30 13 8 24 7 6 1 13 17.2676756978034973 207.726083550019723 
15 1 2 17 8 1 14 31 10 16 2 2 11 11 8 3 6 3 12 32 4 2 32 11 14 29 4 1 24 8 4 5 9 17 26 2.70999124060388841 1 32 3 15 2 11 4 1 8 16 16.1354543567662532 3 15 19 9 12 14 10 6 30 5 14 26 9 18.8450687229633331 175.767396673279023 
17 31 2.70999124060388841 4 20 1 15 3 5 6 1 4 5 29 9 1 24 7 18 10 2 11 14 8 16 15 11 9 11 13 4 16 12 2 8 1 5 3 6 10 28 3 14 32 5 6 22 3 18 26 8 16 30 11 9 2 2 12 12 1 26.7824868559837341 61.5026800574448558 
17 31 2.70999124060388841 3.36768017929769181 11 1 15 3 5 6 1 4 14 26 7 1 24 7 3.36768017929769181 30 2 11 14 8 16 15 11 9 11 13 4 16 12 2 8 1 5 3 6 10 28 3 14 32 5 6 22 3 18 26 8 16 30 11 9 2 2 12 12 1 22.0916379392147064 82.415458214371256 
14 31 10 6 26 2 1 6 5 14 12 9 3.36768017929769181 24 5 10 6 12 4 1 2 14 23 2 2 22 1 3 5 8 16 30 1 13 8 11 17 1 5 2 19 10 1 15 8 14 15 2 12 31 6.96245171630185755 3 5 3 15 1 11 17 3 6 18.0029528439044952 199.24852903374574 

Current Evaluation = 50000000(50000020)
Front Size = 36
17 31 2.70999124060388841 3.36768017929769181 11 1 15 3 5 6 1 4 5 29 9 1 24 7 14 3 4 11 14 8 16 15 11 9 11 13 4 16 12 3 30 10 15 33 5 6 6 11 14 32 5 6 22 3 1 25 2.70999124060388841 16 30 11 9 2 2 12 12 1 20.594939649105072 108.349860003940194 
17 31 2.70999124060388841 3.36768017929769181 11 1 15 3 5 6 1 4 14 25 9 1 24 7 12 19 7 11 14 8 16 15 11 3 18 8 4 16 12 2 8 1 15 33 5 10 28 3 14 32 5 6 22 3 18 24 2 16 30 11 1 20 9 12 12 1 21.1969918608665466 101.87840626096434 
17 31 2.70999124060388841 3.36768017929769181 11 1 15 3 5 6 1 4 9 5 6 1 24 7 15 30 6 11 14 8 16 15 11 13 6 7 4 16 12 2 8 1 14 26 2 14 12 7 14 32 5 6 22 3 18 24 2 16 30 11 9 2 2 12 12 1 19.3843487203121185 127.446433451114999 
17 31 2.70999124060388841 3.36768017929769181 11 1 15 3 5 6 1 4 5 29 9 1 24 7 2 2 10 4 31 12 16 15 11 9 11 13 4 16 12 12 20 9 15 33 5 2 24 6 14 32 5 6 22 3 18 24 2 16 30 11 9 2 2 12 12 1 21.3899956941604614 92.3870947886925364 
17 31 2.70999124060388841 3.36768017929769181 11 1 15 3 5 6 1 4 13 6 6 1 24 7 14 5.34074699537910114 3 11 14 8 16 15 11 9 11 13 4 16 12 2 8 1 15 33 5 6 20 7 14 32 5 6 22 3 18 24 2 16 30 11 9 2 2 12 12 1 20.8220078349113464 107.925083309522705 
17 31 2.70999124060388841 3.36768017929769181 11 1 15 3 5 6 1 4 2 31 1 1 24 7 10 24 2 11 14 8 16 15 11 9 11 13 4 16 12 15 6 5 15 33 5 6 19 3 14 32 5 6 22 3 3.36768017929769181 6 1 16 30 11 9 2 2 12 12 1 20.524201512336731 115.308476517591771 
17 31 2.70999124060388841 3.36768017929769181 11 1 15 3 5 6 1 4 5 29 9 1 24 7 10 6 2 11 14 8 16 15 11 9 11 13 4 16 12 2 8 1 5 3 6 10 28 3 14 32 5 6 22 3 18 26 8 16 30 11 9 2 2 12 12 1 24.1409677267074585 63.6642638979242008 
17 31 2.70999124060388841 3 5 12 15 3 5 6 1 4 5 29 9 1 24 7 14 9 4 11 14 8 16 15 11 9 11 13 4 16 12 2 8 1 5 3 6 10 28 3 14 32 5 6 22 3 18 26 8 16 30 11 9 2 2 12 12 1 23.2816609144210815 71.7105463611535896 
17 31 2.70999124060388841 3.36768017929769181 11 1 15 3 5 6 1 4 5 29 9 1 24 7 10 26 2.70999124060388841 11 14 8 16 15 11 9 11 13 4 16 12 2 8 1 5 3 6 10 24 9 14 32 5 6 22 3 18 26 8 16 30 11 9 2 2 12 12 1 23.4591535329818726 64.2283127436994192 
17 31 2.70999124060388841 3.36768017929769181 11 1 15 3 5 6 1 4 5 29 9 1 24 7 18 10 2 11 14 8 16 15 11 9 11 13 4 16 12 1 18 9 5 3 6 10 28 3 14 32 5 6 22 3 18 26 8 16 30 11 9 2 2 12 12 1 26.5603297352790833 62.3767763786317815 
17 31 2.70999124060388841 3.36768017929769181 11 1 15 3 5 6 1 4 14 19 7 1 24 7 2 30 5 11 14 8 16 15 11 9 11 13 4 16 12 2 8 1 5 3 6 10 28 3 14 32 5 6 22 3 18 26 8 16 30 11 9 2 2 12 12 1 22.3885529637336731 76.2928602466594299 
17 31 2.70999124060388841 3.36768017929769181 11 1 15 3 5 6 1 4 5 29 9 1 24 7 14 19 5 11 14 8 16 15 11 9 25 2 4 16 12 2 8 1 5 3 6 10 28 3 14 32 5 6 22 3 18 26 8 16 30 11 9 2 2 12 12 1 23.3334385752677917 69.4509826191289648 
17 31 2.70999124060388841 4 12 11 15 3 5 6 1 4 5 29 9 1 24 7 18 10 2 11 14 8 16 15 11 9 11 13 4 16 12 2 8 1 5 3 6 10 28 3 14 32 5 6 22 3 18 26 8 16 30 11 9 2 2 12 12 1 26.7102488875389099 61.9841456498680259 
17 31 2.70999124060388841 3.36768017929769181 11 1 15 3 5 6 1 4 5 29 9 1 24 7 18 10 2 11 14 8 16 15 11 9 11 13 4 16 12 2 8 1 5 3 6 10 28 3 14 32 5 6 22 3 18 26 8 16 30 11 9 2 2 12 12 1 27.2725797891616821 60.0913317572722363 
17 31 2.70999124060388841 3.36768017929769181 11 1 15 3 5 6 1 4 13 30 4 1 24 7 10 1 9 11 14 8 16 15 11 9 11 13 4 16 12 2 8 1 5 3 6 13 26 9 14 32 5 6 22 3 18 26 8 16 30 11 9 2 2 12 12 1 21.2401768565177917 98.9982385264343208 
17 31 2.70999124060388841 3.36768017929769181 11 1 15 3 5 6 1 4 14 32 9 1 24 7 15 18 5 11 14 8 16 15 11 9 11 13 4 16 12 2 8 1 5 3 6 10 28 3 14 32 5 6 22 3 18 26 8 16 30 11 9 2 2 12 12 1 22.1862159967422485 80.0206892243994758 
17 31 2.70999124060388841 3.36768017929769181 11 1 15 3 5 6 1 4 5 29 9 1 24 7 15 19 3 3 6 7 16 15 11 12 9 2 4 16 12 2 8 1 5 3 6 1 15 5 14 32 5 6 22 3 15 1 2 16 30 11 9 2 2 12 12 1 20.5413974523544312 109.923936318306659 
17 31 2.70999124060388841 3.36768017929769181 11 1 15 3 5 6 1 4 14 26 7 1 24 7 10 23 10 11 14 8 16 15 11 12 31 2 4 16 12 2 8 1 5 3 6 10 28 3 14 32 5 6 22 3 18 26 8 16 30 11 9 2 2 12 12 1 22.5259918868541718 72.7354055666991428 
9 15 9 14 3 3 15 32 2.70999124060388841 14 31 12 9.25570237641795579 17 4 15 32 3.84646942076222631 6 12 10 13.2195649013323386 31 11 16 18 6 6 25 6 13 31.8448655754823804 9 1 16 2 16 5 4 15 18 1 9 8 6 13 31 2 6 31 7.75241283629571765 1 20 1 14 30 10 3 31 11 16.8791526257991791 268.356419234360374 
6 15 3 16 6 6 9 31 4 6 26 12 3 5.34074699537910114 12 4 25 2 13 31 5 8 1 6 9.25570237641795579 30 2 14 22 3.84646942076222631 16 5 9.82524131762891173 12 31.8448655754823804 4 16 2 12 9 6 7.75241283629571765 1 1 1 15 26 2 6 7 5 13 30 13 8 24 7 6 1 13 17.2676756978034973 207.726083550019723 
15 1 2 17 8 1 14 31 10 16 2 2 11 11 8 3 6 3 12 32 4 2 32 11 14 29 4 1 24 8 4 5 9 17 26 2.70999124060388841 1 32 3 15 2 11 4 1 8 16 16.1354543567662532 3 15 19 9 12 14 10 6 30 5 14 26 9 18.8450687229633331 175.767396673279023 
17 31 2.70999124060388841 3.36768017929769181 11 1 15 3 5 6 1 4 14 26 7 1 24 7 3.36768017929769181 30 2 11 14 8 16 15 11 9 11 13 4 16 12 2 8 1 5 3 6 10 28 3 14 32 5 6 22 3 18 26 8 16 30 11 9 2 2 12 12 1 22.0916379392147064 82.415458214371256 
17 31 2.70999124060388841 3.36768017929769181 11 1 15 3 5 6 1 4 14 32 1 1 24 7 6 1 9 11 14 8 16 15 11 9 11 13 4 16 12 2 8 1 5 3 6 10 28 3 14 32 5 6 22 3 18 26 8 16 30 11 9 2 2 12 12 1 22.1220159530639648 81.5310330685717162 
8 9 2 4 8 7 3 32 1 16 20 1 11 9 4 1 6 10 12 22 13 3.36768017929769181 24 10 17 26 6 6 12 13 1 2 13 12 1 3 8 6 5 15 15 5 9 16 6.96245171630185755 16 11 13 4.94126535182462057 30 9 15 6 9 13 3 4 6 26 4 18.7317312359809875 184.808682691577417 
14 30 10 17 6 9 9 26 1 12 3 2.70999124060388841 14 19 6.96245171630185755 15 28 4 12 26 3.84646942076222631 6 6 8 17 8 7 12 15 2 14 32 2 2 3 9 13.2195649013323386 26 11 4 9 10 2 18 11 14 20 9 1 22 12 8 13 4 17 6 4 6 24 6 17.4277279675006866 199.540154419376393 
17 31 2.70999124060388841 3.36768017929769181 11 1 15 3 5 6 1 4 5 29 9 1 24 7 10 2 2.70999124060388841 11 14 8 16 15 11 9 11 13 4 16 12 2 8 1 5 3 6 10 28 3 14 32 5 6 22 3 18 26 8 16 30 11 9 2 2 12 12 1 24.5047117471694946 62.3916068120446354 
17 31 2.70999124060388841 3.36768017929769181 11 1 15 3 5 6 1 4 5 29 9 1 24 7 18 10 2 11 14 8 16 15 11 9 11 13 4 16 12 15 31 5 5 3 6 10 28 3 14 32 5 6 22 3 18 26 8 16 30 11 9 2 2 12 12 1 26.5358217358589172 62.3781309177273968 
14 12 10 15 26 2 9 17 2.70999124060388841 6 20 6.96245171630185755 1 30 4 17 15 10 15 1 1 13 30 10 13 5 4 3 3 10 14 3 8 9 26 6 6 2 9 15 25 8 14 18 4 14 23 3 15 12 8 14 16 5 12 25 3.84646942076222631 9 9 5 17.2527908682823181 255.194297798864341 
6 3 13 17 6 12 5 26 4 14 22 4 13 24 13 11 25 2.70999124060388841 12 9 13 4 25 6.96245171630185755 1 12 6 14 19 2 14 6 9 6 29 9 17 18 5 12 16 11 9 20 6 14 25 13 14 3 2 15 12 11 17 6 3.84646942076222631 12 16 5 18.5227475762367249 191.848207884866383 
17 31 2.70999124060388841 3.36768017929769181 11 1 15 3 5 6 1 4 5 29 9 1 24 7 18 10 2 11 14 8 16 15 11 3 20 13 4 16 12 2 8 1 5 3 6 10 28 3 14 32 5 6 22 3 18 26 8 16 30 11 9 2 2 12 12 1 26.7379927039146423 61.0301049716410589 
17 31 2.70999124060388841 3.36768017929769181 11 1 15 3 5 6 1 4 5 29 9 1 24 7 14 6 9 11 14 8 16 15 11 9 11 13 4 16 12 2 8 1 5 3 6 10 28 3 14 32 5 6 22 3 18 26 8 16 30 11 9 2 2 12 12 1 23.3196467161178589 71.255290244232441 
17 31 2.70999124060388841 3.36768017929769181 11 1 15 3 5 6 1 4 5 29 9 1 24 7 14 6 2.70999124060388841 11 14 8 16 15 11 9 11 13 4 16 12 2 8 1 15 26 6.96245171630185755 4.94126535182462057 13 9 14 32 5 6 22 3 12 26 11 16 30 11 9 2 2 12 12 1 20.9199136197566986 103.013817469312826 
6 13 4 16 9 5 15 25 13 13 32 7 4 17 10 9 19 9 14 20 13 15 31 2 14 22 7 6 5 2 17 15 13 14 6 1 9 11 6 6 26 10 1 22 13 15 3 2 3 31 3 17 12 2 6 26 13 4 6 10 17.531960666179657 195.7549395049395 
17 31 2.70999124060388841 3.36768017929769181 11 1 15 3 5 6 1 4 5 29 9 1 24 7 6 12 4 3 30 2.70999124060388841 16 15 11 9 11 13 4 16 12 2 8 1 5 3 6 2 24 11 14 32 5 15 1 6 14 26 12 16 30 11 9 2 2 12 12 1 20.2272826433181763 121.235245310245304 
17 31 2.70999124060388841 3.36768017929769181 11 1 15 3 5 6 1 4 12 18 3 1 24 7 6 33 5 14 19 9 16 15 11 9 11 13 4 16 12 3 30 2 5 3 6 10 28 3 14 32 5 6 22 3 18 26 8 16 30 11 9 2 2 12 12 1 21.576244056224823 90.8845040668758628 
17 31 2.70999124060388841 3.36768017929769181 11 1 15 3 5 6 1 4 5 29 9 1 24 7 14 1 4 11 14 8 16 15 11 3 30 13 4 16 12 2 8 1 5 3 6 1 31 7 14 32 5 6 22 3 18 26 8 16 30 11 9 2 2 12 12 1 21.5956515073776245 82.9430631211572944 

Current Evaluation = 60000000(60000100)
Front Size = 36
17 31 2.70999124060388841 3.36768017929769181 11 1 15 3 5 6 1 4 5 29 9 1 24 7 14 3 4 11 14 8 16 15 11 9 11 13 4 16 12 3 30 10 15 33 5 6 6 11 14 32 5 6 22 3 1 25 2.70999124060388841 16 30 11 9 2 2 12 12 1 20.594939649105072 108.349860003940194 
17 31 2.70999124060388841 3.36768017929769181 11 1 15 3 5 6 1 4 9 5 6 1 24 7 15 30 6 11 14 8 16 15 11 13 6 7 4 16 12 2 8 1 14 26 2 14 12 7 14 32 5 6 22 3 18 24 2 16 30 11 9 2 2 12 12 1 19.3843487203121185 127.446433451114999 
17 31 2.70999124060388841 3.36768017929769181 11 1 15 3 5 6 1 4 5 29 9 1 24 7 2 2 10 4 31 12 16 15 11 9 11 13 4 16 12 12 20 9 15 33 5 2 24 6 14 32 5 6 22 3 18 24 2 16 30 11 9 2 2 12 12 1 21.3899956941604614 92.3870947886925364 
17 31 2.70999124060388841 3.36768017929769181 11 1 15 3 5 6 1 4 2 31 1 1 24 7 10 24 2 11 14 8 16 15 11 9 11 13 4 16 12 15 6 5 15 33 5 6 19 3 14 32 5 6 22 3 3.36768017929769181 6 1 16 30 11 9 2 2 12 12 1 20.524201512336731 115.308476517591771 
17 31 2.70999124060388841 3.36768017929769181 11 1 15 3 5 6 1 4 5 29 9 1 24 7 10 6 2 11 14 8 16 15 11 9 11 13 4 16 12 2 8 1 5 3 6 10 28 3 14 32 5 6 22 3 18 26 8 16 30 11 9 2 2 12 12 1 24.1409677267074585 63.6642638979242008 
17 31 2.70999124060388841 3 5 12 15 3 5 6 1 4 5 29 9 1 24 7 14 9 4 11 14 8 16 15 11 9 11 13 4 16 12 2 8 1 5 3 6 10 28 3 14 32 5 6 22 3 18 26 8 16 30 11 9 2 2 12 12 1 23.2816609144210815 71.7105463611535896 
17 31 2.70999124060388841 3.36768017929769181 11 1 15 3 5 6 1 4 5 29 9 1 24 7 10 26 2.70999124060388841 11 14 8 16 15 11 9 11 13 4 16 12 2 8 1 5 3 6 10 24 9 14 32 5 6 22 3 18 26 8 16 30 11 9 2 2 12 12 1 23.4591535329818726 64.2283127436994192 
17 31 2.70999124060388841 3.36768017929769181 11 1 15 3 5 6 1 4 5 29 9 1 24 7 18 10 2 11 14 8 16 15 11 9 11 13 4 16 12 1 18 9 5 3 6 10 28 3 14 32 5 6 22 3 18 26 8 16 30 11 9 2 2 12 12 1 26.5603297352790833 62.3767763786317815 
17 31 2.70999124060388841 3.36768017929769181 11 1 15 3 5 6 1 4 14 19 7 1 24 7 2 30 5 11 14 8 16 15 11 9 11 13 4 16 12 2 8 1 5 3 6 10 28 3 14 32 5 6 22 3 18 26 8 16 30 11 9 2 2 12 12 1 22.3885529637336731 76.2928602466594299 
17 31 2.70999124060388841 3.36768017929769181 11 1 15 3 5 6 1 4 5 29 9 1 24 7 14 19 5 11 14 8 16 15 11 9 25 2 4 16 12 2 8 1 5 3 6 10 28 3 14 32 5 6 22 3 18 26 8 16 30 11 9 2 2 12 12 1 23.3334385752677917 69.4509826191289648 
17 31 2.70999124060388841 3.36768017929769181 11 1 15 3 5 6 1 4 5 29 9 1 24 7 18 10 2 11 14 8 16 15 11 9 11 13 4 16 12 2 8 1 5 3 6 10 28 3 14 32 5 6 22 3 18 26 8 16 30 11 9 2 2 12 12 1 27.2725797891616821 60.0913317572722363 
17 31 2.70999124060388841 3.36768017929769181 11 1 15 3 5 6 1 4 14 32 9 1 24 7 15 18 5 11 14 8 16 15 11 9 11 13 4 16 12 2 8 1 5 3 6 10 28 3 14 32 5 6 22 3 18 26 8 16 30 11 9 2 2 12 12 1 22.1862159967422485 80.0206892243994758 
17 31 2.70999124060388841 3.36768017929769181 11 1 15 3 5 6 1 4 5 29 9 1 24 7 15 19 3 3 6 7 16 15 11 12 9 2 4 16 12 2 8 1 5 3 6 1 15 5 14 32 5 6 22 3 15 1 2 16 30 11 9 2 2 12 12 1 20.5413974523544312 109.923936318306659 
17 31 2.70999124060388841 3.36768017929769181 11 1 15 3 5 6 1 4 14 26 7 1 24 7 10 23 10 11 14 8 16 15 11 12 31 2 4 16 12 2 8 1 5 3 6 10 28 3 14 32 5 6 22 3 18 26 8 16 30 11 9 2 2 12 12 1 22.5259918868541718 72.7354055666991428 
6 15 3 16 6 6 9 31 4 6 26 12 3 5.34074699537910114 12 4 25 2 13 31 5 8 1 6 9.25570237641795579 30 2 14 22 3.84646942076222631 16 5 9.82524131762891173 12 31.8448655754823804 4 16 2 12 9 6 7.75241283629571765 1 1 1 15 26 2 6 7 5 13 30 13 8 24 7 6 1 13 17.2676756978034973 207.726083550019723 
15 1 2 17 8 1 14 31 10 16 2 2 11 11 8 3 6 3 12 32 4 2 32 11 14 29 4 1 24 8 4 5 9 17 26 2.70999124060388841 1 32 3 15 2 11 4 1 8 16 16.1354543567662532 3 15 19 9 12 14 10 6 30 5 14 26 9 18.8450687229633331 175.767396673279023 
17 31 2.70999124060388841 3.36768017929769181 11 1 15 3 5 6 1 4 14 26 7 1 24 7 3.36768017929769181 30 2 11 14 8 16 15 11 9 11 13 4 16 12 2 8 1 5 3 6 10 28 3 14 32 5 6 22 3 18 26 8 16 30 11 9 2 2 12 12 1 22.0916379392147064 82.415458214371256 
8 9 2 4 8 7 3 32 1 16 20 1 11 9 4 1 6 10 12 22 13 3.36768017929769181 24 10 17 26 6 6 12 13 1 2 13 12 1 3 8 6 5 15 15 5 9 16 6.96245171630185755 16 11 13 4.94126535182462057 30 9 15 6 9 13 3 4 6 26 4 18.7317312359809875 184.808682691577417 
14 30 10 17 6 9 9 26 1 12 3 2.70999124060388841 14 19 6.96245171630185755 15 28 4 12 26 3.84646942076222631 6 6 8 17 8 7 12 15 2 14 32 2 2 3 9 13.2195649013323386 26 11 4 9 10 2 18 11 14 20 9 1 22 12 8 13 4 17 6 4 6 24 6 17.4277279675006866 199.540154419376393 
17 31 2.70999124060388841 3.36768017929769181 11 1 15 3 5 6 1 4 5 29 9 1 24 7 10 2 2.70999124060388841 11 14 8 16 15 11 9 11 13 4 16 12 2 8 1 5 3 6 10 28 3 14 32 5 6 22 3 18 26 8 16 30 11 9 2 2 12 12 1 24.5047117471694946 62.3916068120446354 
17 31 2.70999124060388841 3.36768017929769181 11 1 15 3 5 6 1 4 5 29 9 1 24 7 18 10 2 11 14 8 16 15 11 9 11 13 4 16 12 15 31 5 5 3 6 10 28 3 14 32 5 6 22 3 18 26 8 16 30 11 9 2 2 12 12 1 26.5358217358589172 62.3781309177273968 
6 3 13 17 6 12 5 26 4 14 22 4 13 24 13 11 25 2.70999124060388841 12 9 13 4 25 6.96245171630185755 1 12 6 14 19 2 14 6 9 6 29 9 17 18 5 12 16 11 9 20 6 14 25 13 14 3 2 15 12 11 17 6 3.84646942076222631 12 16 5 18.5227475762367249 191.848207884866383 
17 31 2.70999124060388841 3.36768017929769181 11 1 15 3 5 6 1 4 5 29 9 1 24 7 18 10 2 11 14 8 16 15 11 3 20 13 4 16 12 2 8 1 5 3 6 10 28 3 14 32 5 6 22 3 18 26 8 16 30 11 9 2 2 12 12 1 26.7379927039146423 61.0301049716410589 
6 13 4 16 9 5 15 25 13 13 32 7 4 17 10 9 19 9 14 20 13 15 31 2 14 22 7 6 5 2 17 15 13 14 6 1 9 11 6 6 26 10 1 22 13 15 3 2 3 31 3 17 12 2 6 26 13 4 6 10 17.531960666179657 195.7549395049395 
17 31 2.70999124060388841 3.36768017929769181 11 1 15 3 5 6 1 4 5 29 9 1 24 7 6 12 4 3 30 2.70999124060388841 16 15 11 9 11 13 4 16 12 2 8 1 5 3 6 2 24 11 14 32 5 15 1 6 14 26 12 16 30 11 9 2 2 12 12 1 20.2272826433181763 121.235245310245304 
17 31 2.70999124060388841 3.36768017929769181 11 1 15 3 5 6 1 4 12 18 3 1 24 7 6 33 5 14 19 9 16 15 11 9 11 13 4 16 12 3 30 2 5 3 6 10 28 3 14 32 5 6 22 3 18 26 8 16 30 11 9 2 2 12 12 1 21.576244056224823 90.8845040668758628 
17 31 2.70999124060388841 3.36768017929769181 11 1 15 3 5 6 1 4 5 29 9 1 24 7 14 1 4 11 14 8 16 15 11 3 30 13 4 16 12 2 8 1 5 3 6 1 31 7 14 32 5 6 22 3 18 26 8 16 30 11 9 2 2 12 12 1 21.5956515073776245 82.9430631211572944 
17 31 2.70999124060388841 3.36768017929769181 11 1 15 3 5 6 1 4 5 29 9 1 24 7 14 31 7 11 14 8 16 15 11 9 11 13 4 16 12 2 8 1 5 3 6 15 20 10 14 32 5 6 22 3 18 26 8 16 30 11 9 2 2 12 12 1 22.2805576324462891 79.003727818997902 
17 31 2.70999124060388841 3.36768017929769181 11 1 15 3 5 6 1 4 5 29 9 1 24 7 10 19 2.70999124060388841 11 14 8 16 15 11 9 11 13 4 16 12 2 8 1 5 3 6 10 28 3 14 32 5 6 22 3 18 26 8 16 30 11 9 2 2 12 12 1 24.4662317037582397 63.4806674567943503 
17 31 2.70999124060388841 3.36768017929769181 11 1 15 3 5 6 1 4 5 29 9 1 24 7 18 10 2 11 14 8 16 15 11 9 11 13 4 16 12 2 8 1 5 3 6 10 1 4 14 32 5 6 22 3 18 26 8 16 30 11 9 2 2 12 12 1 26.5795707702636719 61.3731774170273354 
4 12 5 12 3 11 4 5.34074699537910114 4 13 24 10 6 16.1354543567662532 3.84646942076222631 17 30 11 1 5 5 6 8 2 15 31 9.82524131762891173 14 29 2 12 24 4 14 28 6 3 3 13.151007650947605 9 12 12 2 26 10 1 1 4 4 18.140740276750666 8 17 6 10 14 5 1 16 20 10 18.2711727023124695 192.992302902008788 
17 31 2.70999124060388841 3.36768017929769181 11 1 15 3 5 6 1 4 14 6 3 1 24 7 14 9 3 11 14 8 16 15 11 9 11 13 4 16 12 2 8 1 5 3 6 10 28 3 14 32 5 6 22 3 18 26 8 16 30 11 9 2 2 12 12 1 22.1065629720687866 81.4987834447973682 
17 31 2.70999124060388841 3.36768017929769181 11 1 15 3 5 6 1 4 14 30 3 1 24 7 6 26 6 11 14 8 16 15 11 9 11 13 4 16 12 2 8 1 5 3 6 10 28 3 14 32 5 6 22 3 18 26 8 16 30 11 9 2 2 12 12 1 22.1019419729709625 82.2282879527591462 
17 31 2.70999124060388841 3.36768017929769181 11 1 15 3 5 6 1 4 14 6 3 1 24 7 6 2 7 11 14 8 16 15 11 9 11 13 4 16 12 2 8 1 5 3 6 3.36768017929769181 13 5 14 32 5 6 22 3 18 26 8 16 30 11 14 24 10 12 12 1 20.7884799838066101 95.6455085626240873 
17 31 2.70999124060388841 3.36768017929769181 11 1 15 3 5 6 1 4 5 29 9 1 24 7 14 30 6 11 14 8 16 15 11 9 2 2.70999124060388841 4 16 12 2 8 1 5 3 6 10 28 3 14 32 5 6 22 3 18 26 8 16 30 11 9 2 2 12 12 1 23.306714653968811 70.4228234809167617 
9 26 6 14 14 10 12 6 11 14 20 7 4 31 12 17 24 2.70999124060388841 6 1 11 14 16 3 4 31 13 17 30 6 9.25570237641795579 6 5 6 14 7 14 2 3 14 5 9 15 1 11 6 25 7 3 14 8 15 1 1 17 18 2 17 30 6 16.3252878189086914 227.184643624349519 

Current Evaluation = 70000000(70000180)
Front Size = 34
17 31 2.70999124060388841 3.36768017929769181 11 1 15 3 5 6 1 4 5 29 9 1 24 7 14 3 4 11 14 8 16 15 11 9 11 13 4 16 12 3 30 10 15 33 5 6 6 11 14 32 5 6 22 3 1 25 2.70999124060388841 16 30 11 9 2 2 12 12 1 20.594939649105072 108.349860003940194 
17 31 2.70999124060388841 3.36768017929769181 11 1 15 3 5 6 1 4 9 5 6 1 24 7 15 30 6 11 14 8 16 15 11 13 6 7 4 16 12 2 8 1 14 26 2 14 12 7 14 32 5 6 22 3 18 24 2 16 30 11 9 2 2 12 12 1 19.3843487203121185 127.446433451114999 
17 31 2.70999124060388841 3.36768017929769181 11 1 15 3 5 6 1 4 5 29 9 1 24 7 2 2 10 4 31 12 16 15 11 9 11 13 4 16 12 12 20 9 15 33 5 2 24 6 14 32 5 6 22 3 18 24 2 16 30 11 9 2 2 12 12 1 21.3899956941604614 92.3870947886925364 
17 31 2.70999124060388841 3.36768017929769181 11 1 15 3 5 6 1 4 5 29 9 1 24 7 10 6 2 11 14 8 16 15 11 9 11 13 4 16 12 2 8 1 5 3 6 10 28 3 14 32 5 6 22 3 18 26 8 16 30 11 9 2 2 12 12 1 24.1409677267074585 63.6642638979242008 
17 31 2.70999124060388841 3.36768017929769181 11 1 15 3 5 6 1 4 5 29 9 1 24 7 10 26 2.70999124060388841 11 14 8 16 15 11 9 11 13 4 16 12 2 8 1 5 3 6 10 24 9 14 32 5 6 22 3 18 26 8 16 30 11 9 2 2 12 12 1 23.4591535329818726 64.2283127436994192 
17 31 2.70999124060388841 3.36768017929769181 11 1 15 3 5 6 1 4 14 19 7 1 24 7 2 30 5 11 14 8 16 15 11 9 11 13 4 16 12 2 8 1 5 3 6 10 28 3 14 32 5 6 22 3 18 26 8 16 30 11 9 2 2 12 12 1 22.3885529637336731 76.2928602466594299 
17 31 2.70999124060388841 3.36768017929769181 11 1 15 3 5 6 1 4 5 29 9 1 24 7 14 19 5 11 14 8 16 15 11 9 25 2 4 16 12 2 8 1 5 3 6 10 28 3 14 32 5 6 22 3 18 26 8 16 30 11 9 2 2 12 12 1 23.3334385752677917 69.4509826191289648 
17 31 2.70999124060388841 3.36768017929769181 11 1 15 3 5 6 1 4 5 29 9 1 24 7 18 10 2 11 14 8 16 15 11 9 11 13 4 16 12 2 8 1 5 3 6 10 28 3 14 32 5 6 22 3 18 26 8 16 30 11 9 2 2 12 12 1 27.2725797891616821 60.0913317572722363 
17 31 2.70999124060388841 3.36768017929769181 11 1 15 3 5 6 1 4 5 29 9 1 24 7 15 19 3 3 6 7 16 15 11 12 9 2 4 16 12 2 8 1 5 3 6 1 15 5 14 32 5 6 22 3 15 1 2 16 30 11 9 2 2 12 12 1 20.5413974523544312 109.923936318306659 
17 31 2.70999124060388841 3.36768017929769181 11 1 15 3 5 6 1 4 14 26 7 1 24 7 10 23 10 11 14 8 16 15 11 12 31 2 4 16 12 2 8 1 5 3 6 10 28 3 14 32 5 6 22 3 18 26 8 16 30 11 9 2 2 12 12 1 22.5259918868541718 72.7354055666991428 
6 15 3 16 6 6 9 31 4 6 26 12 3 5.34074699537910114 12 4 25 2 13 31 5 8 1 6 9.25570237641795579 30 2 14 22 3.84646942076222631 16 5 9.82524131762891173 12 31.8448655754823804 4 16 2 12 9 6 7.75241283629571765 1 1 1 15 26 2 6 7 5 13 30 13 8 24 7 6 1 13 17.2676756978034973 207.726083550019723 
15 1 2 17 8 1 14 31 10 16 2 2 11 11 8 3 6 3 12 32 4 2 32 11 14 29 4 1 24 8 4 5 9 17 26 2.70999124060388841 1 32 3 15 2 11 4 1 8 16 16.1354543567662532 3 15 19 9 12 14 10 6 30 5 14 26 9 18.8450687229633331 175.767396673279023 
17 31 2.70999124060388841 3.36768017929769181 11 1 15 3 5 6 1 4 14 26 7 1 24 7 3.36768017929769181 30 2 11 14 8 16 15 11 9 11 13 4 16 12 2 8 1 5 3 6 10 28 3 14 32 5 6 22 3 18 26 8 16 30 11 9 2 2 12 12 1 22.0916379392147064 82.415458214371256 
8 9 2 4 8 7 3 32 1 16 20 1 11 9 4 1 6 10 12 22 13 3.36768017929769181 24 10 17 26 6 6 12 13 1 2 13 12 1 3 8 6 5 15 15 5 9 16 6.96245171630185755 16 11 13 4.94126535182462057 30 9 15 6 9 13 3 4 6 26 4 18.7317312359809875 184.808682691577417 
14 30 10 17 6 9 9 26 1 12 3 2.70999124060388841 14 19 6.96245171630185755 15 28 4 12 26 3.84646942076222631 6 6 8 17 8 7 12 15 2 14 32 2 2 3 9 13.2195649013323386 26 11 4 9 10 2 18 11 14 20 9 1 22 12 8 13 4 17 6 4 6 24 6 17.4277279675006866 199.540154419376393 
17 31 2.70999124060388841 3.36768017929769181 11 1 15 3 5 6 1 4 5 29 9 1 24 7 10 2 2.70999124060388841 11 14 8 16 15 11 9 11 13 4 16 12 2 8 1 5 3 6 10 28 3 14 32 5 6 22 3 18 26 8 16 30 11 9 2 2 12 12 1 24.5047117471694946 62.3916068120446354 
6 3 13 17 6 12 5 26 4 14 22 4 13 24 13 11 25 2.70999124060388841 12 9 13 4 25 6.96245171630185755 1 12 6 14 19 2 14 6 9 6 29 9 17 18 5 12 16 11 9 20 6 14 25 13 14 3 2 15 12 11 17 6 3.84646942076222631 12 16 5 18.5227475762367249 191.848207884866383 
17 31 2.70999124060388841 3.36768017929769181 11 1 15 3 5 6 1 4 5 29 9 1 24 7 18 10 2 11 14 8 16 15 11 3 20 13 4 16 12 2 8 1 5 3 6 10 28 3 14 32 5 6 22 3 18 26 8 16 30 11 9 2 2 12 12 1 26.7379927039146423 61.0301049716410589 
6 13 4 16 9 5 15 25 13 13 32 7 4 17 10 9 19 9 14 20 13 15 31 2 14 22 7 6 5 2 17 15 13 14 6 1 9 11 6 6 26 10 1 22 13 15 3 2 3 31 3 17 12 2 6 26 13 4 6 10 17.531960666179657 195.7549395049395 
17 31 2.70999124060388841 3.36768017929769181 11 1 15 3 5 6 1 4 5 29 9 1 24 7 6 12 4 3 30 2.70999124060388841 16 15 11 9 11 13 4 16 12 2 8 1 5 3 6 2 24 11 14 32 5 15 1 6 14 26 12 16 30 11 9 2 2 12 12 1 20.2272826433181763 121.235245310245304 
17 31 2.70999124060388841 3.36768017929769181 11 1 15 3 5 6 1 4 12 18 3 1 24 7 6 33 5 14 19 9 16 15 11 9 11 13 4 16 12 3 30 2 5 3 6 10 28 3 14 32 5 6 22 3 18 26 8 16 30 11 9 2 2 12 12 1 21.576244056224823 90.8845040668758628 
17 31 2.70999124060388841 3.36768017929769181 11 1 15 3 5 6 1 4 5 29 9 1 24 7 14 1 4 11 14 8 16 15 11 3 30 13 4 16 12 2 8 1 5 3 6 1 31 7 14 32 5 6 22 3 18 26 8 16 30 11 9 2 2 12 12 1 21.5956515073776245 82.9430631211572944 
17 31 2.70999124060388841 3.36768017929769181 11 1 15 3 5 6 1 4 5 29 9 1 24 7 10 19 2.70999124060388841 11 14 8 16 15 11 9 11 13 4 16 12 2 8 1 5 3 6 10 28 3 14 32 5 6 22 3 18 26 8 16 30 11 9 2 2 12 12 1 24.4662317037582397 63.4806674567943503 
17 31 2.70999124060388841 3.36768017929769181 11 1 15 3 5 6 1 4 5 29 9 1 24 7 18 10 2 11 14 8 16 15 11 9 11 13 4 16 12 2 8 1 5 3 6 10 1 4 14 32 5 6 22 3 18 26 8 16 30 11 9 2 2 12 12 1 26.5795707702636719 61.3731774170273354 
4 12 5 12 3 11 4 5.34074699537910114 4 13 24 10 6 16.1354543567662532 3.84646942076222631 17 30 11 1 5 5 6 8 2 15 31 9.82524131762891173 14 29 2 12 24 4 14 28 6 3 3 13.151007650947605 9 12 12 2 26 10 1 1 4 4 18.140740276750666 8 17 6 10 14 5 1 16 20 10 18.2711727023124695 192.992302902008788 
17 31 2.70999124060388841 3.36768017929769181 11 1 15 3 5 6 1 4 14 6 3 1 24 7 14 9 3 11 14 8 16 15 11 9 11 13 4 16 12 2 8 1 5 3 6 10 28 3 14 32 5 6 22 3 18 26 8 16 30 11 9 2 2 12 12 1 22.1065629720687866 81.4987834447973682 
17 31 2.70999124060388841 3.36768017929769181 11 1 15 3 5 6 1 4 14 30 3 1 24 7 6 26 6 11 14 8 16 15 11 9 11 13 4 16 12 2 8 1 5 3 6 10 28 3 14 32 5 6 22 3 18 26 8 16 30 11 9 2 2 12 12 1 22.1019419729709625 82.2282879527591462 
17 31 2.70999124060388841 3.36768017929769181 11 1 15 3 5 6 1 4 14 6 3 1 24 7 6 2 7 11 14 8 16 15 11 9 11 13 4 16 12 2 8 1 5 3 6 3.36768017929769181 13 5 14 32 5 6 22 3 18 26 8 16 30 11 14 24 10 12 12 1 20.7884799838066101 95.6455085626240873 
9 26 6 14 14 10 12 6 11 14 20 7 4 31 12 17 24 2.70999124060388841 6 1 11 14 16 3 4 31 13 17 30 6 9.25570237641795579 6 5 6 14 7 14 2 3 14 5 9 15 1 11 6 25 7 3 14 8 15 1 1 17 18 2 17 30 6 16.3252878189086914 227.184643624349519 
17 31 2.70999124060388841 3.36768017929769181 11 1 15 3 5 6 1 4 13 30 9 1 24 7 15 9 2 11 14 8 16 15 11 9 11 13 4 16 12 1 30 7 5 3 6 10 28 3 14 32 5 6 22 3 3.36768017929769181 18 7 16 30 11 9 2 2 12 12 1 20.5045928955078125 110.651794743099089 
17 31 2.70999124060388841 3.36768017929769181 11 1 15 3 5 6 1 4 2 30 3 1 24 7 14 32 9 11 14 8 16 15 11 9 11 13 4 16 12 2 8 1 5 3 6 10 28 3 14 32 5 6 22 3 18 26 8 16 30 11 9 2 2 12 12 1 22.1283699870109558 78.2789244076576125 
17 31 2.70999124060388841 3.36768017929769181 11 1 15 3 5 6 1 4 14 22 6 1 24 7 18 10 2 11 14 8 16 15 11 9 11 13 4 16 12 2 8 1 5 3 6 10 28 3 14 32 5 6 6 9 18 26 8 16 30 11 9 2 2 12 12 1 25.5528169870376587 61.5726593186085864 
17 31 2.70999124060388841 3.36768017929769181 17 12 15 3 5 6 1 4 5 29 9 1 24 7 18 10 2 11 14 8 16 15 11 9 11 13 4 16 12 2 8 1 5 3 6 10 28 3 14 32 5 6 22 3 18 26 8 16 30 11 9 2 2 12 12 1 27.1703438758850098 61.0150707787597213 
17 31 2.70999124060388841 3.36768017929769181 11 1 15 3 5 6 1 4 5 29 9 1 24 7 10 6 2 11 14 8 16 15 11 9 11 13 4 16 12 14 30 7 5 3 6 10 28 3 14 32 5 6 22 3 18 26 8 16 30 11 9 2 2 12 12 1 23.0313587188720703 70.2546664523651714 

Current Evaluation = 80000000(80000070)
Front Size = 31
17 31 2.70999124060388841 3.36768017929769181 11 1 15 3 5 6 1 4 5 29 9 1 24 7 14 3 4 11 14 8 16 15 11 9 11 13 4 16 12 3 30 10 15 33 5 6 6 11 14 32 5 6 22 3 1 25 2.70999124060388841 16 30 11 9 2 2 12 12 1 20.594939649105072 108.349860003940194 
17 31 2.70999124060388841 3.36768017929769181 11 1 15 3 5 6 1 4 9 5 6 1 24 7 15 30 6 11 14 8 16 15 11 13 6 7 4 16 12 2 8 1 14 26 2 14 12 7 14 32 5 6 22 3 18 24 2 16 30 11 9 2 2 12 12 1 19.3843487203121185 127.446433451114999 
17 31 2.70999124060388841 3.36768017929769181 11 1 15 3 5 6 1 4 5 29 9 1 24 7 2 2 10 4 31 12 16 15 11 9 11 13 4 16 12 12 20 9 15 33 5 2 24 6 14 32 5 6 22 3 18 24 2 16 30 11 9 2 2 12 12 1 21.3899956941604614 92.3870947886925364 
17 31 2.70999124060388841 3.36768017929769181 11 1 15 3 5 6 1 4 5 29 9 1 24 7 10 6 2 11 14 8 16 15 11 9 11 13 4 16 12 2 8 1 5 3 6 10 28 3 14 32 5 6 22 3 18 26 8 16 30 11 9 2 2 12 12 1 24.1409677267074585 63.6642638979242008 
17 31 2.70999124060388841 3.36768017929769181 11 1 15 3 5 6 1 4 5 29 9 1 24 7 10 26 2.70999124060388841 11 14 8 16 15 11 9 11 13 4 16 12 2 8 1 5 3 6 10 24 9 14 32 5 6 22 3 18 26 8 16 30 11 9 2 2 12 12 1 23.4591535329818726 64.2283127436994192 
17 31 2.70999124060388841 3.36768017929769181 11 1 15 3 5 6 1 4 5 29 9 1 24 7 14 19 5 11 14 8 16 15 11 9 25 2 4 16 12 2 8 1 5 3 6 10 28 3 14 32 5 6 22 3 18 26 8 16 30 11 9 2 2 12 12 1 23.3334385752677917 69.4509826191289648 
17 31 2.70999124060388841 3.36768017929769181 11 1 15 3 5 6 1 4 5 29 9 1 24 7 18 10 2 11 14 8 16 15 11 9 11 13 4 16 12 2 8 1 5 3 6 10 28 3 14 32 5 6 22 3 18 26 8 16 30 11 9 2 2 12 12 1 27.2725797891616821 60.0913317572722363 
17 31 2.70999124060388841 3.36768017929769181 11 1 15 3 5 6 1 4 5 29 9 1 24 7 15 19 3 3 6 7 16 15 11 12 9 2 4 16 12 2 8 1 5 3 6 1 15 5 14 32 5 6 22 3 15 1 2 16 30 11 9 2 2 12 12 1 20.5413974523544312 109.923936318306659 
17 31 2.70999124060388841 3.36768017929769181 11 1 15 3 5 6 1 4 14 26 7 1 24 7 10 23 10 11 14 8 16 15 11 12 31 2 4 16 12 2 8 1 5 3 6 10 28 3 14 32 5 6 22 3 18 26 8 16 30 11 9 2 2 12 12 1 22.5259918868541718 72.7354055666991428 
6 15 3 16 6 6 9 31 4 6 26 12 3 5.34074699537910114 12 4 25 2 13 31 5 8 1 6 9.25570237641795579 30 2 14 22 3.84646942076222631 16 5 9.82524131762891173 12 31.8448655754823804 4 16 2 12 9 6 7.75241283629571765 1 1 1 15 26 2 6 7 5 13 30 13 8 24 7 6 1 13 17.2676756978034973 207.726083550019723 
15 1 2 17 8 1 14 31 10 16 2 2 11 11 8 3 6 3 12 32 4 2 32 11 14 29 4 1 24 8 4 5 9 17 26 2.70999124060388841 1 32 3 15 2 11 4 1 8 16 16.1354543567662532 3 15 19 9 12 14 10 6 30 5 14 26 9 18.8450687229633331 175.767396673279023 
8 9 2 4 8 7 3 32 1 16 20 1 11 9 4 1 6 10 12 22 13 3.36768017929769181 24 10 17 26 6 6 12 13 1 2 13 12 1 3 8 6 5 15 15 5 9 16 6.96245171630185755 16 11 13 4.94126535182462057 30 9 15 6 9 13 3 4 6 26 4 18.7317312359809875 184.808682691577417 
14 30 10 17 6 9 9 26 1 12 3 2.70999124060388841 14 19 6.96245171630185755 15 28 4 12 26 3.84646942076222631 6 6 8 17 8 7 12 15 2 14 32 2 2 3 9 13.2195649013323386 26 11 4 9 10 2 18 11 14 20 9 1 22 12 8 13 4 17 6 4 6 24 6 17.4277279675006866 199.540154419376393 
17 31 2.70999124060388841 3.36768017929769181 11 1 15 3 5 6 1 4 5 29 9 1 24 7 10 2 2.70999124060388841 11 14 8 16 15 11 9 11 13 4 16 12 2 8 1 5 3 6 10 28 3 14 32 5 6 22 3 18 26 8 16 30 11 9 2 2 12 12 1 24.5047117471694946 62.3916068120446354 
6 13 4 16 9 5 15 25 13 13 32 7 4 17 10 9 19 9 14 20 13 15 31 2 14 22 7 6 5 2 17 15 13 14 6 1 9 11 6 6 26 10 1 22 13 15 3 2 3 31 3 17 12 2 6 26 13 4 6 10 17.531960666179657 195.7549395049395 
17 31 2.70999124060388841 3.36768017929769181 11 1 15 3 5 6 1 4 5 29 9 1 24 7 6 12 4 3 30 2.70999124060388841 16 15 11 9 11 13 4 16 12 2 8 1 5 3 6 2 24 11 14 32 5 15 1 6 14 26 12 16 30 11 9 2 2 12 12 1 20.2272826433181763 121.235245310245304 
17 31 2.70999124060388841 3.36768017929769181 11 1 15 3 5 6 1 4 12 18 3 1 24 7 6 33 5 14 19 9 16 15 11 9 11 13 4 16 12 3 30 2 5 3 6 10 28 3 14 32 5 6 22 3 18 26 8 16 30 11 9 2 2 12 12 1 21.576244056224823 90.8845040668758628 
17 31 2.70999124060388841 3.36768017929769181 11 1 15 3 5 6 1 4 5 29 9 1 24 7 14 1 4 11 14 8 16 15 11 3 30 13 4 16 12 2 8 1 5 3 6 1 31 7 14 32 5 6 22 3 18 26 8 16 30 11 9 2 2 12 12 1 21.5956515073776245 82.9430631211572944 
17 31 2.70999124060388841 3.36768017929769181 11 1 15 3 5 6 1 4 5 29 9 1 24 7 10 19 2.70999124060388841 11 14 8 16 15 11 9 11 13 4 16 12 2 8 1 5 3 6 10 28 3 14 32 5 6 22 3 18 26 8 16 30 11 9 2 2 12 12 1 24.4662317037582397 63.4806674567943503 
17 31 2.70999124060388841 3.36768017929769181 11 1 15 3 5 6 1 4 5 29 9 1 24 7 18 10 2 11 14 8 16 15 11 9 11 13 4 16 12 2 8 1 5 3 6 10 1 4 14 32 5 6 22 3 18 26 8 16 30 11 9 2 2 12 12 1 26.5795707702636719 61.3731774170273354 
4 12 5 12 3 11 4 5.34074699537910114 4 13 24 10 6 16.1354543567662532 3.84646942076222631 17 30 11 1 5 5 6 8 2 15 31 9.82524131762891173 14 29 2 12 24 4 14 28 6 3 3 13.151007650947605 9 12 12 2 26 10 1 1 4 4 18.140740276750666 8 17 6 10 14 5 1 16 20 10 18.2711727023124695 192.992302902008788 
17 31 2.70999124060388841 3.36768017929769181 11 1 15 3 5 6 1 4 14 6 3 1 24 7 6 2 7 11 14 8 16 15 11 9 11 13 4 16 12 2 8 1 5 3 6 3.36768017929769181 13 5 14 32 5 6 22 3 18 26 8 16 30 11 14 24 10 12 12 1 20.7884799838066101 95.6455085626240873 
9 26 6 14 14 10 12 6 11 14 20 7 4 31 12 17 24 2.70999124060388841 6 1 11 14 16 3 4 31 13 17 30 6 9.25570237641795579 6 5 6 14 7 14 2 3 14 5 9 15 1 11 6 25 7 3 14 8 15 1 1 17 18 2 17 30 6 16.3252878189086914 227.184643624349519 
17 31 2.70999124060388841 3.36768017929769181 11 1 15 3 5 6 1 4 13 30 9 1 24 7 15 9 2 11 14 8 16 15 11 9 11 13 4 16 12 1 30 7 5 3 6 10 28 3 14 32 5 6 22 3 3.36768017929769181 18 7 16 30 11 9 2 2 12 12 1 20.5045928955078125 110.651794743099089 
17 31 2.70999124060388841 3.36768017929769181 11 1 15 3 5 6 1 4 14 22 6 1 24 7 18 10 2 11 14 8 16 15 11 9 11 13 4 16 12 2 8 1 5 3 6 10 28 3 14 32 5 6 6 9 18 26 8 16 30 11 9 2 2 12 12 1 25.5528169870376587 61.5726593186085864 
17 31 2.70999124060388841 3.36768017929769181 11 1 15 3 5 6 1 4 5 29 9 1 24 7 10 6 2 11 14 8 16 15 11 9 11 13 4 16 12 14 30 7 5 3 6 10 28 3 14 32 5 6 22 3 18 26 8 16 30 11 9 2 2 12 12 1 23.0313587188720703 70.2546664523651714 
17 31 2.70999124060388841 3.36768017929769181 11 1 15 3 5 6 1 4 5 29 9 1 24 7 18 10 2 11 14 8 16 15 11 3.36768017929769181 20 13 4 16 12 2 8 1 5 3 6 10 28 3 14 32 5 6 22 3 18 26 8 16 30 11 9 2 2 12 12 1 26.7379927039146423 60.7415989399704301 
17 31 2.70999124060388841 3.36768017929769181 11 1 15 3 5 6 1 4 14 26 9 1 24 7 14 18 4 11 14 8 16 15 11 9 11 13 4 16 12 2 8 1 5 3 6 15 11 2.70999124060388841 14 32 5 6 22 3 18 26 8 16 30 11 9 2 2 12 12 1 21.1935538351535797 94.1408860404472847 
17 31 2.70999124060388841 3.36768017929769181 11 1 15 3 5 6 1 4 14 6 7 1 24 7 2 30 7 11 14 8 16 15 11 9 11 13 4 16 12 2 8 1 5 3 6 10 28 3 14 32 5 6 22 3 18 26 8 16 30 11 9 2 2 12 12 1 22.0212889313697815 75.9145166504630851 
17 31 2.70999124060388841 3.36768017929769181 11 1 15 3 5 6 1 4 14 30 10 1 24 7 15 32 7 11 14 8 16 15 11 9 11 13 4 16 12 2 8 1 5 3 6 10 28 3 14 32 5 6 22 3 18 26 8 16 30 11 9 2 2 12 12 1 21.9802319705486298 80.0360402646774958 
14 30 5 8 15 6 12 2 11 13 24 13 16 5 13 2 32 13 6 29 7 13 31 2 14 9 7 12 12 11 3.36768017929769181 24 12 1 18 13 16 15 1 13 6 5 1 25 4 14 3 13 6 15 8 4 14 12 10 26 1 15 2 11 18.4776095747947693 191.332217595662996 

Current Evaluation = 90000000(90000150)
Front Size = 32
17 31 2.70999124060388841 3.36768017929769181 11 1 15 3 5 6 1 4 5 29 9 1 24 7 14 3 4 11 14 8 16 15 11 9 11 13 4 16 12 3 30 10 15 33 5 6 6 11 14 32 5 6 22 3 1 25 2.70999124060388841 16 30 11 9 2 2 12 12 1 20.594939649105072 108.349860003940194 
17 31 2.70999124060388841 3.36768017929769181 11 1 15 3 5 6 1 4 9 5 6 1 24 7 15 30 6 11 14 8 16 15 11 13 6 7 4 16 12 2 8 1 14 26 2 14 12 7 14 32 5 6 22 3 18 24 2 16 30 11 9 2 2 12 12 1 19.3843487203121185 127.446433451114999 
17 31 2.70999124060388841 3.36768017929769181 11 1 15 3 5 6 1 4 5 29 9 1 24 7 2 2 10 4 31 12 16 15 11 9 11 13 4 16 12 12 20 9 15 33 5 2 24 6 14 32 5 6 22 3 18 24 2 16 30 11 9 2 2 12 12 1 21.3899956941604614 92.3870947886925364 
17 31 2.70999124060388841 3.36768017929769181 11 1 15 3 5 6 1 4 5 29 9 1 24 7 10 6 2 11 14 8 16 15 11 9 11 13 4 16 12 2 8 1 5 3 6 10 28 3 14 32 5 6 22 3 18 26 8 16 30 11 9 2 2 12 12 1 24.1409677267074585 63.6642638979242008 
17 31 2.70999124060388841 3.36768017929769181 11 1 15 3 5 6 1 4 5 29 9 1 24 7 10 26 2.70999124060388841 11 14 8 16 15 11 9 11 13 4 16 12 2 8 1 5 3 6 10 24 9 14 32 5 6 22 3 18 26 8 16 30 11 9 2 2 12 12 1 23.4591535329818726 64.2283127436994192 
17 31 2.70999124060388841 3.36768017929769181 11 1 15 3 5 6 1 4 5 29 9 1 24 7 14 19 5 11 14 8 16 15 11 9 25 2 4 16 12 2 8 1 5 3 6 10 28 3 14 32 5 6 22 3 18 26 8 16 30 11 9 2 2 12 12 1 23.3334385752677917 69.4509826191289648 
17 31 2.70999124060388841 3.36768017929769181 11 1 15 3 5 6 1 4 5 29 9 1 24 7 18 10 2 11 14 8 16 15 11 9 11 13 4 16 12 2 8 1 5 3 6 10 28 3 14 32 5 6 22 3 18 26 8 16 30 11 9 2 2 12 12 1 27.2725797891616821 60.0913317572722363 
17 31 2.70999124060388841 3.36768017929769181 11 1 15 3 5 6 1 4 5 29 9 1 24 7 15 19 3 3 6 7 16 15 11 12 9 2 4 16 12 2 8 1 5 3 6 1 15 5 14 32 5 6 22 3 15 1 2 16 30 11 9 2 2 12 12 1 20.5413974523544312 109.923936318306659 
17 31 2.70999124060388841 3.36768017929769181 11 1 15 3 5 6 1 4 14 26 7 1 24 7 10 23 10 11 14 8 16 15 11 12 31 2 4 16 12 2 8 1 5 3 6 10 28 3 14 32 5 6 22 3 18 26 8 16 30 11 9 2 2 12 12 1 22.5259918868541718 72.7354055666991428 
6 15 3 16 6 6 9 31 4 6 26 12 3 5.34074699537910114 12 4 25 2 13 31 5 8 1 6 9.25570237641795579 30 2 14 22 3.84646942076222631 16 5 9.82524131762891173 12 31.8448655754823804 4 16 2 12 9 6 7.75241283629571765 1 1 1 15 26 2 6 7 5 13 30 13 8 24 7 6 1 13 17.2676756978034973 207.726083550019723 
8 9 2 4 8 7 3 32 1 16 20 1 11 9 4 1 6 10 12 22 13 3.36768017929769181 24 10 17 26 6 6 12 13 1 2 13 12 1 3 8 6 5 15 15 5 9 16 6.96245171630185755 16 11 13 4.94126535182462057 30 9 15 6 9 13 3 4 6 26 4 18.7317312359809875 184.808682691577417 
14 30 10 17 6 9 9 26 1 12 3 2.70999124060388841 14 19 6.96245171630185755 15 28 4 12 26 3.84646942076222631 6 6 8 17 8 7 12 15 2 14 32 2 2 3 9 13.2195649013323386 26 11 4 9 10 2 18 11 14 20 9 1 22 12 8 13 4 17 6 4 6 24 6 17.4277279675006866 199.540154419376393 
17 31 2.70999124060388841 3.36768017929769181 11 1 15 3 5 6 1 4 5 29 9 1 24 7 10 2 2.70999124060388841 11 14 8 16 15 11 9 11 13 4 16 12 2 8 1 5 3 6 10 28 3 14 32 5 6 22 3 18 26 8 16 30 11 9 2 2 12 12 1 24.5047117471694946 62.3916068120446354 
6 13 4 16 9 5 15 25 13 13 32 7 4 17 10 9 19 9 14 20 13 15 31 2 14 22 7 6 5 2 17 15 13 14 6 1 9 11 6 6 26 10 1 22 13 15 3 2 3 31 3 17 12 2 6 26 13 4 6 10 17.531960666179657 195.7549395049395 
17 31 2.70999124060388841 3.36768017929769181 11 1 15 3 5 6 1 4 5 29 9 1 24 7 6 12 4 3 30 2.70999124060388841 16 15 11 9 11 13 4 16 12 2 8 1 5 3 6 2 24 11 14 32 5 15 1 6 14 26 12 16 30 11 9 2 2 12 12 1 20.2272826433181763 121.235245310245304 
17 31 2.70999124060388841 3.36768017929769181 11 1 15 3 5 6 1 4 12 18 3 1 24 7 6 33 5 14 19 9 16 15 11 9 11 13 4 16 12 3 30 2 5 3 6 10 28 3 14 32 5 6 22 3 18 26 8 16 30 11 9 2 2 12 12 1 21.576244056224823 90.8845040668758628 
17 31 2.70999124060388841 3.36768017929769181 11 1 15 3 5 6 1 4 5 29 9 1 24 7 14 1 4 11 14 8 16 15 11 3 30 13 4 16 12 2 8 1 5 3 6 1 31 7 14 32 5 6 22 3 18 26 8 16 30 11 9 2 2 12 12 1 21.5956515073776245 82.9430631211572944 
17 31 2.70999124060388841 3.36768017929769181 11 1 15 3 5 6 1 4 5 29 9 1 24 7 10 19 2.70999124060388841 11 14 8 16 15 11 9 11 13 4 16 12 2 8 1 5 3 6 10 28 3 14 32 5 6 22 3 18 26 8 16 30 11 9 2 2 12 12 1 24.4662317037582397 63.4806674567943503 
17 31 2.70999124060388841 3.36768017929769181 11 1 15 3 5 6 1 4 5 29 9 1 24 7 18 10 2 11 14 8 16 15 11 9 11 13 4 16 12 2 8 1 5 3 6 10 1 4 14 32 5 6 22 3 18 26 8 16 30 11 9 2 2 12 12 1 26.5795707702636719 61.3731774170273354 
4 12 5 12 3 11 4 5.34074699537910114 4 13 24 10 6 16.1354543567662532 3.84646942076222631 17 30 11 1 5 5 6 8 2 15 31 9.82524131762891173 14 29 2 12 24 4 14 28 6 3 3 13.151007650947605 9 12 12 2 26 10 1 1 4 4 18.140740276750666 8 17 6 10 14 5 1 16 20 10 18.2711727023124695 192.992302902008788 
17 31 2.70999124060388841 3.36768017929769181 11 1 15 3 5 6 1 4 14 6 3 1 24 7 6 2 7 11 14 8 16 15 11 9 11 13 4 16 12 2 8 1 5 3 6 3.36768017929769181 13 5 14 32 5 6 22 3 18 26 8 16 30 11 14 24 10 12 12 1 20.7884799838066101 95.6455085626240873 
9 26 6 14 14 10 12 6 11 14 20 7 4 31 12 17 24 2.70999124060388841 6 1 11 14 16 3 4 31 13 17 30 6 9.25570237641795579 6 5 6 14 7 14 2 3 14 5 9 15 1 11 6 25 7 3 14 8 15 1 1 17 18 2 17 30 6 16.3252878189086914 227.184643624349519 
17 31 2.70999124060388841 3.36768017929769181 11 1 15 3 5 6 1 4 13 30 9 1 24 7 15 9 2 11 14 8 16 15 11 9 11 13 4 16 12 1 30 7 5 3 6 10 28 3 14 32 5 6 22 3 3.36768017929769181 18 7 16 30 11 9 2 2 12 12 1 20.5045928955078125 110.651794743099089 
17 31 2.70999124060388841 3.36768017929769181 11 1 15 3 5 6 1 4 14 22 6 1 24 7 18 10 2 11 14 8 16 15 11 9 11 13 4 16 12 2 8 1 5 3 6 10 28 3 14 32 5 6 6 9 18 26 8 16 30 11 9 2 2 12 12 1 25.5528169870376587 61.5726593186085864 
17 31 2.70999124060388841 3.36768017929769181 11 1 15 3 5 6 1 4 5 29 9 1 24 7 18 10 2 11 14 8 16 15 11 3.36768017929769181 20 13 4 16 12 2 8 1 5 3 6 10 28 3 14 32 5 6 22 3 18 26 8 16 30 11 9 2 2 12 12 1 26.7379927039146423 60.7415989399704301 
17 31 2.70999124060388841 3.36768017929769181 11 1 15 3 5 6 1 4 14 26 9 1 24 7 14 18 4 11 14 8 16 15 11 9 11 13 4 16 12 2 8 1 5 3 6 15 11 2.70999124060388841 14 32 5 6 22 3 18 26 8 16 30 11 9 2 2 12 12 1 21.1935538351535797 94.1408860404472847 
17 31 2.70999124060388841 3.36768017929769181 11 1 15 3 5 6 1 4 14 6 7 1 24 7 2 30 7 11 14 8 16 15 11 9 11 13 4 16 12 2 8 1 5 3 6 10 28 3 14 32 5 6 22 3 18 26 8 16 30 11 9 2 2 12 12 1 22.0212889313697815 75.9145166504630851 
17 31 2.70999124060388841 3.36768017929769181 11 1 15 3 5 6 1 4 14 30 10 1 24 7 15 32 7 11 14 8 16 15 11 9 11 13 4 16 12 2 8 1 5 3 6 10 28 3 14 32 5 6 22 3 18 26 8 16 30 11 9 2 2 12 12 1 21.9802319705486298 80.0360402646774958 
14 30 5 8 15 6 12 2 11 13 24 13 16 5 13 2 32 13 6 29 7 13 31 2 14 9 7 12 12 11 3.36768017929769181 24 12 1 18 13 16 15 1 13 6 5 1 25 4 14 3 13 6 15 8 4 14 12 10 26 1 15 2 11 18.4776095747947693 191.332217595662996 
3.36768017929769181 9 7 9.25570237641795579 25 7 4.94126535182462057 1 9.82524131762891173 15 5 13 12 30 1 16 16 2 16 31.8448655754823804 9 3 6 13 10.3494946964094545 15 4 6 13 1.44943743604301667 1 6 9 14 9 13 5 9 10 4 18.4801063736548876 5 17 24 2 3 16 10 14 20 12 1.1385673491087851 6 4 5 1 4 10 15 9 18.6401728987693787 189.875709644174407 
2 15 6 12 26 4 3 1 13 4 31 4 15 6 8 3.36768017929769181 18 11 14 16.1354543567662532 1 4 32 2 16 15 6 2 20 3 17 11 8 6 30 1 2 22 6 3 6 7 14 2 6 2 32 10 4 16 2 9 18 12 14 32 9 17 8 13 18.747110903263092 171.699320940497387 
17 31 2.70999124060388841 3.36768017929769181 11 1 15 3 5 6 1 4 5 29 9 1 24 7 10 6 2 11 14 8 16 15 11 9 11 13 4 16 12 2 8 1 5 3 6 15 26 9 14 32 5 6 22 3 18 26 8 16 30 11 9 2 2 12 12 1 22.9336076378822327 69.6968150349813698 

Current Evaluation = 100000000(100000040)
Front Size = 33
17 31 2.70999124060388841 3.36768017929769181 11 1 15 3 5 6 1 4 5 29 9 1 24 7 14 3 4 11 14 8 16 15 11 9 11 13 4 16 12 3 30 10 15 33 5 6 6 11 14 32 5 6 22 3 1 25 2.70999124060388841 16 30 11 9 2 2 12 12 1 20.594939649105072 108.349860003940194 
17 31 2.70999124060388841 3.36768017929769181 11 1 15 3 5 6 1 4 9 5 6 1 24 7 15 30 6 11 14 8 16 15 11 13 6 7 4 16 12 2 8 1 14 26 2 14 12 7 14 32 5 6 22 3 18 24 2 16 30 11 9 2 2 12 12 1 19.3843487203121185 127.446433451114999 
17 31 2.70999124060388841 3.36768017929769181 11 1 15 3 5 6 1 4 5 29 9 1 24 7 2 2 10 4 31 12 16 15 11 9 11 13 4 16 12 12 20 9 15 33 5 2 24 6 14 32 5 6 22 3 18 24 2 16 30 11 9 2 2 12 12 1 21.3899956941604614 92.3870947886925364 
17 31 2.70999124060388841 3.36768017929769181 11 1 15 3 5 6 1 4 5 29 9 1 24 7 10 26 2.70999124060388841 11 14 8 16 15 11 9 11 13 4 16 12 2 8 1 5 3 6 10 24 9 14 32 5 6 22 3 18 26 8 16 30 11 9 2 2 12 12 1 23.4591535329818726 64.2283127436994192 
17 31 2.70999124060388841 3.36768017929769181 11 1 15 3 5 6 1 4 5 29 9 1 24 7 14 19 5 11 14 8 16 15 11 9 25 2 4 16 12 2 8 1 5 3 6 10 28 3 14 32 5 6 22 3 18 26 8 16 30 11 9 2 2 12 12 1 23.3334385752677917 69.4509826191289648 
17 31 2.70999124060388841 3.36768017929769181 11 1 15 3 5 6 1 4 5 29 9 1 24 7 18 10 2 11 14 8 16 15 11 9 11 13 4 16 12 2 8 1 5 3 6 10 28 3 14 32 5 6 22 3 18 26 8 16 30 11 9 2 2 12 12 1 27.2725797891616821 60.0913317572722363 
17 31 2.70999124060388841 3.36768017929769181 11 1 15 3 5 6 1 4 5 29 9 1 24 7 15 19 3 3 6 7 16 15 11 12 9 2 4 16 12 2 8 1 5 3 6 1 15 5 14 32 5 6 22 3 15 1 2 16 30 11 9 2 2 12 12 1 20.5413974523544312 109.923936318306659 
17 31 2.70999124060388841 3.36768017929769181 11 1 15 3 5 6 1 4 14 26 7 1 24 7 10 23 10 11 14 8 16 15 11 12 31 2 4 16 12 2 8 1 5 3 6 10 28 3 14 32 5 6 22 3 18 26 8 16 30 11 9 2 2 12 12 1 22.5259918868541718 72.7354055666991428 
6 15 3 16 6 6 9 31 4 6 26 12 3 5.34074699537910114 12 4 25 2 13 31 5 8 1 6 9.25570237641795579 30 2 14 22 3.84646942076222631 16 5 9.82524131762891173 12 31.8448655754823804 4 16 2 12 9 6 7.75241283629571765 1 1 1 15 26 2 6 7 5 13 30 13 8 24 7 6 1 13 17.2676756978034973 207.726083550019723 
8 9 2 4 8 7 3 32 1 16 20 1 11 9 4 1 6 10 12 22 13 3.36768017929769181 24 10 17 26 6 6 12 13 1 2 13 12 1 3 8 6 5 15 15 5 9 16 6.96245171630185755 16 11 13 4.94126535182462057 30 9 15 6 9 13 3 4 6 26 4 18.7317312359809875 184.808682691577417 
14 30 10 17 6 9 9 26 1 12 3 2.70999124060388841 14 19 6.96245171630185755 15 28 4 12 26 3.84646942076222631 6 6 8 17 8 7 12 15 2 14 32 2 2 3 9 13.2195649013323386 26 11 4 9 10 2 18 11 14 20 9 1 22 12 8 13 4 17 6 4 6 24 6 17.4277279675006866 199.540154419376393 
17 31 2.70999124060388841 3.36768017929769181 11 1 15 3 5 6 1 4 5 29 9 1 24 7 10 2 2.70999124060388841 11 14 8 16 15 11 9 11 13 4 16 12 2 8 1 5 3 6 10 28 3 14 32 5 6 22 3 18 26 8 16 30 11 9 2 2 12 12 1 24.5047117471694946 62.3916068120446354 
6 13 4 16 9 5 15 25 13 13 32 7 4 17 10 9 19 9 14 20 13 15 31 2 14 22 7 6 5 2 17 15 13 14 6 1 9 11 6 6 26 10 1 22 13 15 3 2 3 31 3 17 12 2 6 26 13 4 6 10 17.531960666179657 195.7549395049395 
17 31 2.70999124060388841 3.36768017929769181 11 1 15 3 5 6 1 4 5 29 9 1 24 7 6 12 4 3 30 2.70999124060388841 16 15 11 9 11 13 4 16 12 2 8 1 5 3 6 2 24 11 14 32 5 15 1 6 14 26 12 16 30 11 9 2 2 12 12 1 20.2272826433181763 121.235245310245304 
17 31 2.70999124060388841 3.36768017929769181 11 1 15 3 5 6 1 4 5 29 9 1 24 7 14 1 4 11 14 8 16 15 11 3 30 13 4 16 12 2 8 1 5 3 6 1 31 7 14 32 5 6 22 3 18 26 8 16 30 11 9 2 2 12 12 1 21.5956515073776245 82.9430631211572944 
17 31 2.70999124060388841 3.36768017929769181 11 1 15 3 5 6 1 4 5 29 9 1 24 7 10 19 2.70999124060388841 11 14 8 16 15 11 9 11 13 4 16 12 2 8 1 5 3 6 10 28 3 14 32 5 6 22 3 18 26 8 16 30 11 9 2 2 12 12 1 24.4662317037582397 63.4806674567943503 
4 12 5 12 3 11 4 5.34074699537910114 4 13 24 10 6 16.1354543567662532 3.84646942076222631 17 30 11 1 5 5 6 8 2 15 31 9.82524131762891173 14 29 2 12 24 4 14 28 6 3 3 13.151007650947605 9 12 12 2 26 10 1 1 4 4 18.140740276750666 8 17 6 10 14 5 1 16 20 10 18.2711727023124695 192.992302902008788 
17 31 2.70999124060388841 3.36768017929769181 11 1 15 3 5 6 1 4 14 6 3 1 24 7 6 2 7 11 14 8 16 15 11 9 11 13 4 16 12 2 8 1 5 3 6 3.36768017929769181 13 5 14 32 5 6 22 3 18 26 8 16 30 11 14 24 10 12 12 1 20.7884799838066101 95.6455085626240873 
9 26 6 14 14 10 12 6 11 14 20 7 4 31 12 17 24 2.70999124060388841 6 1 11 14 16 3 4 31 13 17 30 6 9.25570237641795579 6 5 6 14 7 14 2 3 14 5 9 15 1 11 6 25 7 3 14 8 15 1 1 17 18 2 17 30 6 16.3252878189086914 227.184643624349519 
17 31 2.70999124060388841 3.36768017929769181 11 1 15 3 5 6 1 4 13 30 9 1 24 7 15 9 2 11 14 8 16 15 11 9 11 13 4 16 12 1 30 7 5 3 6 10 28 3 14 32 5 6 22 3 3.36768017929769181 18 7 16 30 11 9 2 2 12 12 1 20.5045928955078125 110.651794743099089 
17 31 2.70999124060388841 3.36768017929769181 11 1 15 3 5 6 1 4 14 22 6 1 24 7 18 10 2 11 14 8 16 15 11 9 11 13 4 16 12 2 8 1 5 3 6 10 28 3 14 32 5 6 6 9 18 26 8 16 30 11 9 2 2 12 12 1 25.5528169870376587 61.5726593186085864 
17 31 2.70999124060388841 3.36768017929769181 11 1 15 3 5 6 1 4 5 29 9 1 24 7 18 10 2 11 14 8 16 15 11 3.36768017929769181 20 13 4 16 12 2 8 1 5 3 6 10 28 3 14 32 5 6 22 3 18 26 8 16 30 11 9 2 2 12 12 1 26.7379927039146423 60.7415989399704301 
17 31 2.70999124060388841 3.36768017929769181 11 1 15 3 5 6 1 4 14 26 9 1 24 7 14 18 4 11 14 8 16 15 11 9 11 13 4 16 12 2 8 1 5 3 6 15 11 2.70999124060388841 14 32 5 6 22 3 18 26 8 16 30 11 9 2 2 12 12 1 21.1935538351535797 94.1408860404472847 
17 31 2.70999124060388841 3.36768017929769181 11 1 15 3 5 6 1 4 14 6 7 1 24 7 2 30 7 11 14 8 16 15 11 9 11 13 4 16 12 2 8 1 5 3 6 10 28 3 14 32 5 6 22 3 18 26 8 16 30 11 9 2 2 12 12 1 22.0212889313697815 75.9145166504630851 
17 31 2.70999124060388841 3.36768017929769181 11 1 15 3 5 6 1 4 14 30 10 1 24 7 15 32 7 11 14 8 16 15 11 9 11 13 4 16 12 2 8 1 5 3 6 10 28 3 14 32 5 6 22 3 18 26 8 16 30 11 9 2 2 12 12 1 21.9802319705486298 80.0360402646774958 
14 30 5 8 15 6 12 2 11 13 24 13 16 5 13 2 32 13 6 29 7 13 31 2 14 9 7 12 12 11 3.36768017929769181 24 12 1 18 13 16 15 1 13 6 5 1 25 4 14 3 13 6 15 8 4 14 12 10 26 1 15 2 11 18.4776095747947693 191.332217595662996 
2 15 6 12 26 4 3 1 13 4 31 4 15 6 8 3.36768017929769181 18 11 14 16.1354543567662532 1 4 32 2 16 15 6 2 20 3 17 11 8 6 30 1 2 22 6 3 6 7 14 2 6 2 32 10 4 16 2 9 18 12 14 32 9 17 8 13 18.747110903263092 171.699320940497387 
17 31 2.70999124060388841 3.36768017929769181 11 1 15 3 5 6 1 4 5 29 9 1 24 7 10 6 2 11 14 8 16 15 11 9 11 13 4 16 12 2 8 1 5 3 6 15 26 9 14 32 5 6 22 3 18 26 8 16 30 11 9 2 2 12 12 1 22.9336076378822327 69.6968150349813698 
17 31 2.70999124060388841 3.36768017929769181 11 1 15 3 5 6 1 4 5 29 9 1 24 7 10 6 2.70999124060388841 11 14 8 16 15 11 9 11 13 4 16 12 2 8 1 5 3 6 10 28 3 14 32 5 6 22 3 18 26 8 16 30 11 9 2 2 12 12 1 24.1409677267074585 63.6353210529491804 
17 31 2.70999124060388841 3.36768017929769181 11 1 15 3 5 6 1 4 5 6 3 1 24 7 14 6 9 11 14 8 16 15 11 9 11 13 4 16 12 2 8 1 5 3 6 8 6 3 14 32 5 6 22 3 18 26 8 16 30 11 9 2 2 12 12 1 21.4692507982254028 86.8119894156016159 
17 31 2.70999124060388841 3.36768017929769181 11 1 15 3 5 6 1 4 5 29 9 1 24 7 18 10 2 11 14 8 16 15 11 9 11 13 4 16 12 2 8 1 5 3 6 10 1 9 14 32 5 6 22 3 18 26 8 16 30 11 9 2 2 12 12 1 26.5515466928482056 61.2295070128567147 
3 9 6 2 26 10 14 31 3 3 6 4 15 11 2.70999124060388841 4 15 11 6 12 5 9.25570237641795579 22 3.84646942076222631 16 1 9 12 23.4025356524426229 12 9 1 3 17 12 1 15 3 11 3 6 9 16 5 1 3 1 12 1 15 5 4 2 9 2 30 4 3 24 13.151007650947605 18.4808248281478882 185.151348781937003 
17 31 2.70999124060388841 3.36768017929769181 11 1 15 3 5 6 1 4 14 33 6 1 24 7 12 32 5 9 30 2.70999124060388841 16 15 11 9 11 13 4 16 12 2 8 1 14 19 9 10 28 3 14 32 5 6 22 3 3 19 3 16 30 11 9 2 2 12 12 1 20.6799489855766296 103.922436489565982 

MOEA/D: Multiobjective Evolutionary Algorithm Based on Decomposition
Number of Evaluations = 100000000
Mutation Probability = 0.0500000007450580597
Population Size = 190
Neighborhood size = 57
Seed: 13

Time =  26183.2719169999982

Current Evaluation = 100000040
Front Size = 33
17 31 2.70999124060388841 3.36768017929769181 11 1 15 3 5 6 1 4 5 29 9 1 24 7 14 3 4 11 14 8 16 15 11 9 11 13 4 16 12 3 30 10 15 33 5 6 6 11 14 32 5 6 22 3 1 25 2.70999124060388841 16 30 11 9 2 2 12 12 1 20.594939649105072 108.349860003940194 
17 31 2.70999124060388841 3.36768017929769181 11 1 15 3 5 6 1 4 9 5 6 1 24 7 15 30 6 11 14 8 16 15 11 13 6 7 4 16 12 2 8 1 14 26 2 14 12 7 14 32 5 6 22 3 18 24 2 16 30 11 9 2 2 12 12 1 19.3843487203121185 127.446433451114999 
17 31 2.70999124060388841 3.36768017929769181 11 1 15 3 5 6 1 4 5 29 9 1 24 7 2 2 10 4 31 12 16 15 11 9 11 13 4 16 12 12 20 9 15 33 5 2 24 6 14 32 5 6 22 3 18 24 2 16 30 11 9 2 2 12 12 1 21.3899956941604614 92.3870947886925364 
17 31 2.70999124060388841 3.36768017929769181 11 1 15 3 5 6 1 4 5 29 9 1 24 7 10 26 2.70999124060388841 11 14 8 16 15 11 9 11 13 4 16 12 2 8 1 5 3 6 10 24 9 14 32 5 6 22 3 18 26 8 16 30 11 9 2 2 12 12 1 23.4591535329818726 64.2283127436994192 
17 31 2.70999124060388841 3.36768017929769181 11 1 15 3 5 6 1 4 5 29 9 1 24 7 14 19 5 11 14 8 16 15 11 9 25 2 4 16 12 2 8 1 5 3 6 10 28 3 14 32 5 6 22 3 18 26 8 16 30 11 9 2 2 12 12 1 23.3334385752677917 69.4509826191289648 
17 31 2.70999124060388841 3.36768017929769181 11 1 15 3 5 6 1 4 5 29 9 1 24 7 18 10 2 11 14 8 16 15 11 9 11 13 4 16 12 2 8 1 5 3 6 10 28 3 14 32 5 6 22 3 18 26 8 16 30 11 9 2 2 12 12 1 27.2725797891616821 60.0913317572722363 
17 31 2.70999124060388841 3.36768017929769181 11 1 15 3 5 6 1 4 5 29 9 1 24 7 15 19 3 3 6 7 16 15 11 12 9 2 4 16 12 2 8 1 5 3 6 1 15 5 14 32 5 6 22 3 15 1 2 16 30 11 9 2 2 12 12 1 20.5413974523544312 109.923936318306659 
17 31 2.70999124060388841 3.36768017929769181 11 1 15 3 5 6 1 4 14 26 7 1 24 7 10 23 10 11 14 8 16 15 11 12 31 2 4 16 12 2 8 1 5 3 6 10 28 3 14 32 5 6 22 3 18 26 8 16 30 11 9 2 2 12 12 1 22.5259918868541718 72.7354055666991428 
6 15 3 16 6 6 9 31 4 6 26 12 3 5.34074699537910114 12 4 25 2 13 31 5 8 1 6 9.25570237641795579 30 2 14 22 3.84646942076222631 16 5 9.82524131762891173 12 31.8448655754823804 4 16 2 12 9 6 7.75241283629571765 1 1 1 15 26 2 6 7 5 13 30 13 8 24 7 6 1 13 17.2676756978034973 207.726083550019723 
8 9 2 4 8 7 3 32 1 16 20 1 11 9 4 1 6 10 12 22 13 3.36768017929769181 24 10 17 26 6 6 12 13 1 2 13 12 1 3 8 6 5 15 15 5 9 16 6.96245171630185755 16 11 13 4.94126535182462057 30 9 15 6 9 13 3 4 6 26 4 18.7317312359809875 184.808682691577417 
14 30 10 17 6 9 9 26 1 12 3 2.70999124060388841 14 19 6.96245171630185755 15 28 4 12 26 3.84646942076222631 6 6 8 17 8 7 12 15 2 14 32 2 2 3 9 13.2195649013323386 26 11 4 9 10 2 18 11 14 20 9 1 22 12 8 13 4 17 6 4 6 24 6 17.4277279675006866 199.540154419376393 
17 31 2.70999124060388841 3.36768017929769181 11 1 15 3 5 6 1 4 5 29 9 1 24 7 10 2 2.70999124060388841 11 14 8 16 15 11 9 11 13 4 16 12 2 8 1 5 3 6 10 28 3 14 32 5 6 22 3 18 26 8 16 30 11 9 2 2 12 12 1 24.5047117471694946 62.3916068120446354 
6 13 4 16 9 5 15 25 13 13 32 7 4 17 10 9 19 9 14 20 13 15 31 2 14 22 7 6 5 2 17 15 13 14 6 1 9 11 6 6 26 10 1 22 13 15 3 2 3 31 3 17 12 2 6 26 13 4 6 10 17.531960666179657 195.7549395049395 
17 31 2.70999124060388841 3.36768017929769181 11 1 15 3 5 6 1 4 5 29 9 1 24 7 6 12 4 3 30 2.70999124060388841 16 15 11 9 11 13 4 16 12 2 8 1 5 3 6 2 24 11 14 32 5 15 1 6 14 26 12 16 30 11 9 2 2 12 12 1 20.2272826433181763 121.235245310245304 
17 31 2.70999124060388841 3.36768017929769181 11 1 15 3 5 6 1 4 5 29 9 1 24 7 14 1 4 11 14 8 16 15 11 3 30 13 4 16 12 2 8 1 5 3 6 1 31 7 14 32 5 6 22 3 18 26 8 16 30 11 9 2 2 12 12 1 21.5956515073776245 82.9430631211572944 
17 31 2.70999124060388841 3.36768017929769181 11 1 15 3 5 6 1 4 5 29 9 1 24 7 10 19 2.70999124060388841 11 14 8 16 15 11 9 11 13 4 16 12 2 8 1 5 3 6 10 28 3 14 32 5 6 22 3 18 26 8 16 30 11 9 2 2 12 12 1 24.4662317037582397 63.4806674567943503 
4 12 5 12 3 11 4 5.34074699537910114 4 13 24 10 6 16.1354543567662532 3.84646942076222631 17 30 11 1 5 5 6 8 2 15 31 9.82524131762891173 14 29 2 12 24 4 14 28 6 3 3 13.151007650947605 9 12 12 2 26 10 1 1 4 4 18.140740276750666 8 17 6 10 14 5 1 16 20 10 18.2711727023124695 192.992302902008788 
17 31 2.70999124060388841 3.36768017929769181 11 1 15 3 5 6 1 4 14 6 3 1 24 7 6 2 7 11 14 8 16 15 11 9 11 13 4 16 12 2 8 1 5 3 6 3.36768017929769181 13 5 14 32 5 6 22 3 18 26 8 16 30 11 14 24 10 12 12 1 20.7884799838066101 95.6455085626240873 
9 26 6 14 14 10 12 6 11 14 20 7 4 31 12 17 24 2.70999124060388841 6 1 11 14 16 3 4 31 13 17 30 6 9.25570237641795579 6 5 6 14 7 14 2 3 14 5 9 15 1 11 6 25 7 3 14 8 15 1 1 17 18 2 17 30 6 16.3252878189086914 227.184643624349519 
17 31 2.70999124060388841 3.36768017929769181 11 1 15 3 5 6 1 4 13 30 9 1 24 7 15 9 2 11 14 8 16 15 11 9 11 13 4 16 12 1 30 7 5 3 6 10 28 3 14 32 5 6 22 3 3.36768017929769181 18 7 16 30 11 9 2 2 12 12 1 20.5045928955078125 110.651794743099089 
17 31 2.70999124060388841 3.36768017929769181 11 1 15 3 5 6 1 4 14 22 6 1 24 7 18 10 2 11 14 8 16 15 11 9 11 13 4 16 12 2 8 1 5 3 6 10 28 3 14 32 5 6 6 9 18 26 8 16 30 11 9 2 2 12 12 1 25.5528169870376587 61.5726593186085864 
17 31 2.70999124060388841 3.36768017929769181 11 1 15 3 5 6 1 4 5 29 9 1 24 7 18 10 2 11 14 8 16 15 11 3.36768017929769181 20 13 4 16 12 2 8 1 5 3 6 10 28 3 14 32 5 6 22 3 18 26 8 16 30 11 9 2 2 12 12 1 26.7379927039146423 60.7415989399704301 
17 31 2.70999124060388841 3.36768017929769181 11 1 15 3 5 6 1 4 14 26 9 1 24 7 14 18 4 11 14 8 16 15 11 9 11 13 4 16 12 2 8 1 5 3 6 15 11 2.70999124060388841 14 32 5 6 22 3 18 26 8 16 30 11 9 2 2 12 12 1 21.1935538351535797 94.1408860404472847 
17 31 2.70999124060388841 3.36768017929769181 11 1 15 3 5 6 1 4 14 6 7 1 24 7 2 30 7 11 14 8 16 15 11 9 11 13 4 16 12 2 8 1 5 3 6 10 28 3 14 32 5 6 22 3 18 26 8 16 30 11 9 2 2 12 12 1 22.0212889313697815 75.9145166504630851 
17 31 2.70999124060388841 3.36768017929769181 11 1 15 3 5 6 1 4 14 30 10 1 24 7 15 32 7 11 14 8 16 15 11 9 11 13 4 16 12 2 8 1 5 3 6 10 28 3 14 32 5 6 22 3 18 26 8 16 30 11 9 2 2 12 12 1 21.9802319705486298 80.0360402646774958 
14 30 5 8 15 6 12 2 11 13 24 13 16 5 13 2 32 13 6 29 7 13 31 2 14 9 7 12 12 11 3.36768017929769181 24 12 1 18 13 16 15 1 13 6 5 1 25 4 14 3 13 6 15 8 4 14 12 10 26 1 15 2 11 18.4776095747947693 191.332217595662996 
2 15 6 12 26 4 3 1 13 4 31 4 15 6 8 3.36768017929769181 18 11 14 16.1354543567662532 1 4 32 2 16 15 6 2 20 3 17 11 8 6 30 1 2 22 6 3 6 7 14 2 6 2 32 10 4 16 2 9 18 12 14 32 9 17 8 13 18.747110903263092 171.699320940497387 
17 31 2.70999124060388841 3.36768017929769181 11 1 15 3 5 6 1 4 5 29 9 1 24 7 10 6 2 11 14 8 16 15 11 9 11 13 4 16 12 2 8 1 5 3 6 15 26 9 14 32 5 6 22 3 18 26 8 16 30 11 9 2 2 12 12 1 22.9336076378822327 69.6968150349813698 
17 31 2.70999124060388841 3.36768017929769181 11 1 15 3 5 6 1 4 5 29 9 1 24 7 10 6 2.70999124060388841 11 14 8 16 15 11 9 11 13 4 16 12 2 8 1 5 3 6 10 28 3 14 32 5 6 22 3 18 26 8 16 30 11 9 2 2 12 12 1 24.1409677267074585 63.6353210529491804 
17 31 2.70999124060388841 3.36768017929769181 11 1 15 3 5 6 1 4 5 6 3 1 24 7 14 6 9 11 14 8 16 15 11 9 11 13 4 16 12 2 8 1 5 3 6 8 6 3 14 32 5 6 22 3 18 26 8 16 30 11 9 2 2 12 12 1 21.4692507982254028 86.8119894156016159 
17 31 2.70999124060388841 3.36768017929769181 11 1 15 3 5 6 1 4 5 29 9 1 24 7 18 10 2 11 14 8 16 15 11 9 11 13 4 16 12 2 8 1 5 3 6 10 1 9 14 32 5 6 22 3 18 26 8 16 30 11 9 2 2 12 12 1 26.5515466928482056 61.2295070128567147 
3 9 6 2 26 10 14 31 3 3 6 4 15 11 2.70999124060388841 4 15 11 6 12 5 9.25570237641795579 22 3.84646942076222631 16 1 9 12 23.4025356524426229 12 9 1 3 17 12 1 15 3 11 3 6 9 16 5 1 3 1 12 1 15 5 4 2 9 2 30 4 3 24 13.151007650947605 18.4808248281478882 185.151348781937003 
17 31 2.70999124060388841 3.36768017929769181 11 1 15 3 5 6 1 4 14 33 6 1 24 7 12 32 5 9 30 2.70999124060388841 16 15 11 9 11 13 4 16 12 2 8 1 14 19 9 10 28 3 14 32 5 6 22 3 3 19 3 16 30 11 9 2 2 12 12 1 20.6799489855766296 103.922436489565982 

