Current Evaluation = 10000000(10000060)
Front Size = 35
10 17 4 16 26 2.70999124060388841 11 15 11 17 20 9 4 30 11 6 3 9 2 7 7 15 32 9 14 19 3 18 6 2 4 8 1 16 29 2 1 32 13 2 14 5 5 3 11 15 31 11 1 32 5 6 1 2 10 30 12 3 30 3 21.0920888781547546 135.619293913072596 
9 29 2 2 25 10 11 18 12 13 32 1 16 24 2 5 2 9 6 30 1 6 24 2 1 12 9 12 3 10 2 15 7 3.36768017929769181 7 10 12 8 8 17 30 11 15 24 5 9 18 13 10 6 6.96245171630185755 16 25 3.84646942076222631 3 31 10 14 1 6 20.3511399030685425 164.333912157673808 
6 31 2 3 20 9 6 2 7 14 6 10 13 32 10 8 24 6 15 25 8 3 2 2.70999124060388841 17 8 10 11 32 9 9.25570237641795579 30 13 15 12 11 13 1 5 1 9 3 13 1 3 6 2 6 2 15 3 4 28 9 14 30 9 12 20 10 17.5194317996501923 225.44855468547587 
10 17 4 16 26 2.70999124060388841 11 15 11 9 16 12 4 30 11 6 3 9 2 7 7 15 32 9 14 19 3 18 6 2 4 8 1 16 29 2 3.36768017929769181 31 1 12 15 1 5 3 11 2 21 8 1 32 5 6 1 2 18 9 3 10 33 1 25.3922070264816284 64.4980198731997234 
10 17 4 16 26 2.70999124060388841 14 15 9 9 16 12 4 30 11 6 3 9 2 7 7 15 32 9 14 19 3 18 6 2 4 8 1 16 29 2 17 31 11 12 15 1 5 3 11 1 14 2.70999124060388841 1 32 5 6 1 2 18 9 3 4 32 1 21.7056978344917297 107.298877893785786 
10 17 4 16 26 2.70999124060388841 11 15 11 9 16 12 4 30 11 6 3 9 2 7 7 15 32 9 14 19 3 18 6 2 4 8 1 16 29 2 9 28 1 12 15 1 5 3 11 2 21 8 1 32 5 6 1 2 18 9 3 10 33 1 26.1069391369819641 63.2509064586158161 
10 17 4 16 26 2.70999124060388841 11 15 11 9 16 12 4 30 11 6 3 9 2 7 7 15 32 9 14 19 3 18 6 2 4 8 1 17 2 2.70999124060388841 3.36768017929769181 10 1 12 15 1 5 3 11 2 21 8 1 32 5 6 1 2 18 9 3 10 33 1 27.383569061756134 60.7166251236234018 
10 17 4 16 26 2.70999124060388841 11 15 11 9 16 12 4 30 11 6 3 9 2 7 7 15 32 9 14 19 3 18 6 2 4 8 1 16 29 2 3 20 13 12 15 1 5 3 11 2 21 8 1 32 5 6 1 2 18 9 3 10 33 1 25.2843450307846069 64.6787853677352729 
10 17 4 16 26 2.70999124060388841 11 15 11 9 16 12 4 30 11 6 3 9 2 7 7 15 32 9 14 19 3 18 6 2 4 8 1 16 2 2.70999124060388841 3.36768017929769181 10 1 12 15 1 5 3 11 2 21 8 1 32 5 6 1 2 18 9 3 10 33 1 27.4104090332984924 60.1941669138995508 
10 9 7 16 26 2.70999124060388841 11 15 11 9 16 12 4 30 11 6 3 9 2 7 7 15 32 9 14 19 3 18 6 2 4 8 1 16 29 2 3 12 1 12 15 1 5 3 11 14 9 2 1 32 5 6 1 2 3.36768017929769181 16.1354543567662532 3 10 33 1 23.0494098663330078 81.4365964763840822 
10 17 4 16 26 2.70999124060388841 11 15 11 9 16 12 4 30 11 6 3 9 2 7 7 15 32 9 14 19 3 18 6 2 4 8 1 16 29 2 14 6 3 12 15 1 5 3 11 15 20 7 1 32 5 6 1 2 18 9 3 3.36768017929769181 31 1 22.2313578128814697 96.860279840692229 
12 2 6 6 18 4 1 16 11 15 1 5 1 26 2 16 18 7 14 6 1 15 2 4 16 1 5 14 12 6 2 33 12 14 6 2.70999124060388841 3 30 2 17 5 10 13 25 12 6 9 6 4 26 8 14 17 6 14 3 10 9 24 10 17.5943926274776459 223.977914242620159 
10 9 1 15 12 11 17 30 6 15 1 11 4 11 5 13 24 11 11 31 7 14 7 1 16 6 13 3 5.34074699537910114 11 4 31 6 14 1 9 9 3 3 10 1 6.96245171630185755 10 22 3 14 16 9 16 19 2 14 30 3 15 6 9 12 25 4 19.2609608173370361 190.405109038248582 
10 17 4 16 26 2.70999124060388841 11 15 11 14 31 9 4 30 11 6 3 9 2 7 7 15 32 9 14 19 3 18 6 2 4 8 1 16 29 2 12 24 8 12 15 1 5 3 11 2 21 8 1 32 5 6 1 2 14 30 4 16 6 10 21.4551138579845428 111.013094300520606 
12 15 9 14 30 6 1 30 3 12 28 1 15 31 2.70999124060388841 14 6 10 15 20 3 16 24 3 5 19 7 4 25 12 16 15 12 1 9 4 8 26 1 12 15 9 4 1 2 6 1 6.96245171630185755 5 8.22565314501180467 12 13 26 12 17 9 9 13 25 6 18.0235498249530792 215.182302760280947 
10 17 4 16 26 2.70999124060388841 11 15 11 9 16 12 4 30 11 6 3 9 2 7 7 15 32 9 14 19 3 14 15 6 4 8 1 15 30 8 3 30 13 12 15 1 17 20 5 2 21 8 1 32 5 6 1 2 14 3 12 10 33 1 21.4483150243759155 135.386632176396631 
10 17 4 16 26 2.70999124060388841 11 15 11 9 16 12 4 30 11 6 3 9 2 7 7 15 32 9 14 19 3 18 6 2 4 8 1 16 29 2 3.36768017929769181 10 1 12 15 1 5 3 11 2 21 8 1 32 5 6 1 2 18 9 3 10 33 1 28.046737015247345 58.9518801446579204 
10 17 4 16 26 2.70999124060388841 11 15 11 9 16 12 4 30 11 6 3 9 2 7 7 15 32 9 14 19 3 18 6 2 4 8 1 16 29 2 17 16 8 12 15 1 5 3 11 13 12 9 1 32 5 6 1 2 18 9 3 11 6 1 23.2743657827377319 72.7989623960385046 
1 23 9 3 24 5 14 16 2 14 26 4 1 2 2 6 31 2 12 19 1 14 12 4 10 20 8 15 9 5 1 1 12 14 31 5 3 32 7 16 20 2 18 25 2.70999124060388841 1 19 11 11 20 3 2 22 3 9 15 10 9.25570237641795579 16 9 19.4491945505142212 186.023905910051411 
10 17 4 16 26 2.70999124060388841 11 15 11 9 16 12 4 30 11 6 3 9 2 7 7 15 32 9 14 19 3 18 6 2 4 8 1 16 29 2 3 16 1 12 15 1 5 3 11 14 12 7 1 32 5 6 1 2 18 9 3 10 33 1 23.994979053735733 64.9035347001125587 
10 17 4 16 26 2.70999124060388841 11 15 11 9 16 12 4 30 11 6 3 9 2 7 7 15 32 9 14 19 3 18 6 2 4 8 1 16 29 2 14 13 12 12 15 1 5 3 11 17 25 4 1 32 5 6 1 2 18 9 3 4 15 7 22.4650639295578003 88.6270975962848553 
10 17 4 16 26 2.70999124060388841 11 15 11 9 16 12 4 30 11 6 3 9 2 7 7 15 32 9 14 19 3 18 6 2 4 8 1 16 29 2 3.36768017929769181 10 1 12 15 1 5 3 11 14 20 13 1 32 5 6 1 2 18 9 3 10 33 1 26.4017709493637085 62.0957182153242613 
10 17 4 16 26 2.70999124060388841 11 15 11 9 16 12 4 30 11 6 3 9 2 7 7 15 32 9 14 19 3 18 6 2 4 8 1 16 29 2 3.36768017929769181 10 1 12 15 1 5 3 11 2 21 8 1 32 5 6 1 2 18 9 3 16 30 1 26.721217930316925 61.589334045161344 
10 17 4 16 26 2.70999124060388841 11 15 11 9 16 12 4 30 11 6 3 9 2 7 7 15 32 9 14 19 3 18 6 2 4 8 1 16 29 2 3 16 12 12 15 1 5 3 11 2 21 8 1 32 5 6 1 2 18 9 3 10 33 1 25.647783100605011 63.3514654835827713 
13 15 1 5 26 13 2 13 7 16 9 6 17 16 9 6 5.34074699537910114 7 14 32 4 14 22 6.96245171630185755 16 3 5 13 26 5 12 15 11 14 30 11 14 1 4 9 16 2 3 31 2 4.94126535182462057 32 2 11 1 6 14 24 8 6 12 5 15 29 9.82524131762891173 18.5113565623760223 192.217357436165457 
10 17 4 16 26 2.70999124060388841 11 15 11 9 16 12 4 30 11 6 3 9 2 7 7 15 32 9 14 19 3 18 6 2 4 8 1 16 29 2 9 25 13 12 15 1 5 3 11 2 21 8 1 32 5 6 1 2 14 30 7 15 19 9 22.7533078193664551 83.4058013155675013 
10 17 4 16 26 2.70999124060388841 11 15 11 9 16 12 4 30 11 6 3 9 2 7 7 15 32 9 14 19 3 18 6 2 4 8 1 16 29 2 8 12 10 12 15 1 5 3 11 11 25 11 1 32 5 6 1 2 15 6 3 14 1 9 21.7502535879611969 99.6837506672716529 
3.36768017929769181 18 7 17 13 6.96245171630185755 1 5 12 13 30 2 14 26 9 15 5 1 12 15 4 17 8 4 1 6 11 2 28 9 3 6 5 13 3 4 16 32 8 14 25 2 4.94126535182462057 21 10 6 25 6 3 6 3 6 9 10 15 31 6 14 3 13 18.3180590569972992 209.450632047690874 
10 17 4 16 26 2.70999124060388841 11 15 11 9 16 12 4 30 11 6 3 9 2 7 7 15 32 9 14 19 3 18 6 2 4 8 1 16 29 2 9 30 11 12 15 1 5 3 11 6 18 4 1 32 5 6 1 2 18 9 3 1 20 2 22.4280849099159241 92.9394252973757631 
15 24 7 8 16 11 13 26 4 3 19 6 3 25 5 12 24 5 12 31 2.70999124060388841 14 3 6.96245171630185755 13 2 11 4 1 5 12 25 11 4.94126535182462057 32 11 13 18 7 1 12 3 3 30 9.82524131762891173 13 17 11 10 24 10 12 24 7 6 20 3 14 31 10 17.140256941318512 263.591918381370704 
10 17 4 16 26 2.70999124060388841 11 15 11 9 16 12 4 30 11 6 3 9 2 7 7 15 32 9 14 19 3 18 6 2 4 8 1 16 31 2 3.36768017929769181 10 1 12 15 1 5 3 11 2 21 8 1 32 5 6 1 2 18 9 3 10 33 1 27.1115670800209045 61.1834608922770258 
10 17 4 16 26 2.70999124060388841 11 15 11 9 16 12 4 30 11 6 3 9 2 7 7 15 32 9 14 19 3 18 6 2 4 8 1 16 29 2 3.36768017929769181 25 12 12 15 1 5 3 11 15 20 6.96245171630185755 1 32 5 6 1 2 18 9 3 10 33 1 23.9457379579544067 72.6532009916933816 
10 17 4 16 26 2.70999124060388841 11 15 11 9 16 12 4 30 11 6 3 9 2 7 7 15 32 9 14 19 3 18 6 2 4 8 1 16 29 2 3.36768017929769181 10 1 12 15 1 5 3 11 2 5 12 1 32 5 6 1 2 18 9 3 10 33 1 26.9841609597206116 61.4760755506660672 
10 17 4 16 26 2.70999124060388841 11 15 11 9 16 12 4 30 11 6 3 9 2 7 7 15 32 9 14 19 3 18 6 2 4 8 1 16 29 2 9 30 8 12 15 1 5 3 11 16 1 9 1 32 5 6 1 2 2 22 5 10 33 1 23.2719076871871948 78.3464573541247802 
12 24 12 11 19 2 12 13 8 2 31 1 1 9 5 15 28 7 16 30 9 15 19 1 6 14 10 13 31 9 8 18 13 12 24 4 11 15 5 3 19 1 8 1 10 14 20 11 16 31 13 17 3 12 6 6 4 10 6 2 19.8616160750389099 174.31372445923526 

Current Evaluation = 20000000(20000120)
Front Size = 36
9 29 2 2 25 10 11 18 12 13 32 1 16 24 2 5 2 9 6 30 1 6 24 2 1 12 9 12 3 10 2 15 7 3.36768017929769181 7 10 12 8 8 17 30 11 15 24 5 9 18 13 10 6 6.96245171630185755 16 25 3.84646942076222631 3 31 10 14 1 6 20.3511399030685425 164.333912157673808 
6 31 2 3 20 9 6 2 7 14 6 10 13 32 10 8 24 6 15 25 8 3 2 2.70999124060388841 17 8 10 11 32 9 9.25570237641795579 30 13 15 12 11 13 1 5 1 9 3 13 1 3 6 2 6 2 15 3 4 28 9 14 30 9 12 20 10 17.5194317996501923 225.44855468547587 
10 17 4 16 26 2.70999124060388841 11 15 11 9 16 12 4 30 11 6 3 9 2 7 7 15 32 9 14 19 3 18 6 2 4 8 1 16 29 2 3.36768017929769181 31 1 12 15 1 5 3 11 2 21 8 1 32 5 6 1 2 18 9 3 10 33 1 25.3922070264816284 64.4980198731997234 
10 17 4 16 26 2.70999124060388841 14 15 9 9 16 12 4 30 11 6 3 9 2 7 7 15 32 9 14 19 3 18 6 2 4 8 1 16 29 2 17 31 11 12 15 1 5 3 11 1 14 2.70999124060388841 1 32 5 6 1 2 18 9 3 4 32 1 21.7056978344917297 107.298877893785786 
10 17 4 16 26 2.70999124060388841 11 15 11 9 16 12 4 30 11 6 3 9 2 7 7 15 32 9 14 19 3 18 6 2 4 8 1 16 29 2 3 20 13 12 15 1 5 3 11 2 21 8 1 32 5 6 1 2 18 9 3 10 33 1 25.2843450307846069 64.6787853677352729 
10 9 1 15 12 11 17 30 6 15 1 11 4 11 5 13 24 11 11 31 7 14 7 1 16 6 13 3 5.34074699537910114 11 4 31 6 14 1 9 9 3 3 10 1 6.96245171630185755 10 22 3 14 16 9 16 19 2 14 30 3 15 6 9 12 25 4 19.2609608173370361 190.405109038248582 
10 17 4 16 26 2.70999124060388841 11 15 11 14 31 9 4 30 11 6 3 9 2 7 7 15 32 9 14 19 3 18 6 2 4 8 1 16 29 2 12 24 8 12 15 1 5 3 11 2 21 8 1 32 5 6 1 2 14 30 4 16 6 10 21.4551138579845428 111.013094300520606 
10 17 4 16 26 2.70999124060388841 11 15 11 9 16 12 4 30 11 6 3 9 2 7 7 15 32 9 14 19 3 18 6 2 4 8 1 16 29 2 17 16 8 12 15 1 5 3 11 13 12 9 1 32 5 6 1 2 18 9 3 11 6 1 23.2743657827377319 72.7989623960385046 
10 17 4 16 26 2.70999124060388841 11 15 11 9 16 12 4 30 11 6 3 9 2 7 7 15 32 9 14 19 3 18 6 2 4 8 1 16 29 2 3 16 1 12 15 1 5 3 11 14 12 7 1 32 5 6 1 2 18 9 3 10 33 1 23.994979053735733 64.9035347001125587 
10 17 4 16 26 2.70999124060388841 11 15 11 9 16 12 4 30 11 6 3 9 2 7 7 15 32 9 14 19 3 18 6 2 4 8 1 16 29 2 14 13 12 12 15 1 5 3 11 17 25 4 1 32 5 6 1 2 18 9 3 4 15 7 22.4650639295578003 88.6270975962848553 
10 17 4 16 26 2.70999124060388841 11 15 11 9 16 12 4 30 11 6 3 9 2 7 7 15 32 9 14 19 3 18 6 2 4 8 1 16 29 2 3 16 12 12 15 1 5 3 11 2 21 8 1 32 5 6 1 2 18 9 3 10 33 1 25.647783100605011 63.3514654835827713 
13 15 1 5 26 13 2 13 7 16 9 6 17 16 9 6 5.34074699537910114 7 14 32 4 14 22 6.96245171630185755 16 3 5 13 26 5 12 15 11 14 30 11 14 1 4 9 16 2 3 31 2 4.94126535182462057 32 2 11 1 6 14 24 8 6 12 5 15 29 9.82524131762891173 18.5113565623760223 192.217357436165457 
10 17 4 16 26 2.70999124060388841 11 15 11 9 16 12 4 30 11 6 3 9 2 7 7 15 32 9 14 19 3 18 6 2 4 8 1 16 29 2 9 25 13 12 15 1 5 3 11 2 21 8 1 32 5 6 1 2 14 30 7 15 19 9 22.7533078193664551 83.4058013155675013 
10 17 4 16 26 2.70999124060388841 11 15 11 9 16 12 4 30 11 6 3 9 2 7 7 15 32 9 14 19 3 18 6 2 4 8 1 16 29 2 8 12 10 12 15 1 5 3 11 11 25 11 1 32 5 6 1 2 15 6 3 14 1 9 21.7502535879611969 99.6837506672716529 
15 24 7 8 16 11 13 26 4 3 19 6 3 25 5 12 24 5 12 31 2.70999124060388841 14 3 6.96245171630185755 13 2 11 4 1 5 12 25 11 4.94126535182462057 32 11 13 18 7 1 12 3 3 30 9.82524131762891173 13 17 11 10 24 10 12 24 7 6 20 3 14 31 10 17.140256941318512 263.591918381370704 
10 17 4 16 26 2.70999124060388841 11 15 11 9 16 12 4 30 11 6 3 9 2 7 7 15 32 9 14 19 3 18 6 2 4 8 1 16 29 2 3.36768017929769181 25 12 12 15 1 5 3 11 15 20 6.96245171630185755 1 32 5 6 1 2 18 9 3 10 33 1 23.9457379579544067 72.6532009916933816 
12 24 12 11 19 2 12 13 8 2 31 1 1 9 5 15 28 7 16 30 9 15 19 1 6 14 10 13 31 9 8 18 13 12 24 4 11 15 5 3 19 1 8 1 10 14 20 11 16 31 13 17 3 12 6 6 4 10 6 2 19.8616160750389099 174.31372445923526 
5 24 4 6 33 8 10 5 2.70999124060388841 3 6 7 15 20 6 14 18 13 9.25570237641795579 30 12 11 22 4 6 15 11 14 26 5 4 20 2 16 23 11 14 13 2 1 28 8 6 24 10 14 32 7 14 15 3 9 19 2 10 20 13 6 31 7 19.6390677690505981 177.458961300137759 
10 17 4 16 26 2.70999124060388841 11 15 11 9 16 12 4 30 11 6 3 9 2 7 7 15 32 9 14 19 3 18 6 2 4 8 1 16 29 2 17 25 1 12 15 1 5 3 11 9 26 13 1 32 5 6 1 2 2 23 13 14 31 5 22.1518366932868958 92.4580984170130762 
10 17 4 16 26 2.70999124060388841 11 15 11 9 16 12 4 30 11 6 3 9 2 7 7 15 32 9 14 19 3 18 6 2 4 8 1 16 29 2 12 31 9 12 15 1 5 3 11 16 6 6 1 32 5 6 1 2 1 5 8 12 9 2 21.687460720539093 110.538142127386962 
10 17 4 16 26 2.70999124060388841 11 15 11 9 16 12 4 30 11 6 3 9 2 7 7 15 32 9 14 19 3 18 6 2 4 8 1 16 29 2 3.36768017929769181 10 1 12 15 1 5 3 11 15 13 12 1 32 5 6 1 2 18 9 3 10 33 1 26.9652790427207947 61.2244586968227011 
10 6 1 3.36768017929769181 13 7 12 6 10 15 3 7 8 32 9 1 33 11 12 19 11 6 24 10 13 1 10 14 9 13 16 20 2 3 26 7 13 6 6.96245171630185755 14 20 7 2 26 9 12 14 10 14 18 4 1 16 3.84646942076222631 13.2195649013323386 31.8448655754823804 9 3 9 5 17.5905721783638 212.896896653398159 
10 17 4 16 26 2.70999124060388841 11 15 11 9 16 12 4 30 11 6 3 9 2 7 7 15 32 9 14 19 3 18 6 2 4 8 1 16 29 2 11 25 12 12 15 1 5 3 11 14 12 9 1 32 5 6 1 2 18 9 3 9 24 7 22.8370368778705597 73.0093260930856331 
10 17 4 16 26 2.70999124060388841 15 24 12 1 31 11 4 30 11 6 3 9 2 7 7 15 32 9 14 19 3 18 6 2 4 8 1 16 29 2 12 6 7 12 15 1 5 3 11 2 24 4 1 32 5 6 1 2 18 9 3 16 5 3 21.2938118577003479 129.403979953922658 
10 17 4 16 26 2.70999124060388841 14 30 8 9 16 12 4 30 11 6 3 9 2 7 7 15 32 9 14 19 3 18 6 2 1 24 7 16 29 2 14 9 4 12 15 1 5 3 11 17 31 10 1 32 5 6 1 2 1 1 13 10 33 1 20.8351488709449768 135.504985000095587 
10 17 4 16 26 2.70999124060388841 11 15 11 9 16 12 4 30 11 6 3 9 2 7 7 15 32 9 14 19 3 18 6 2 4 8 1 16 29 2 3.36768017929769181 10 1 12 15 1 5 3 11 2 21 8 1 32 5 6 1 2 18 9 3 9 24 1 26.9747568964958191 60.1882062353193774 
10 17 4 16 26 2.70999124060388841 11 15 11 9 16 12 4 30 11 6 3 9 2 7 7 15 32 9 14 19 3 3 31 9 4 8 1 6 24 6 3 20 6 12 15 1 5 3 11 6 24 4 1 32 5 6 1 2 3 1 9 10 33 1 20.7092639803886414 142.188760481293201 
14 31 5 2 20 12 3.36768017929769181 26 8 12 24 2 12 5 2 13 12 3 6 25 13 16 20 6.96245171630185755 14 6 11 3 6 5 2 19 13 1 20 1 6 3 11 9 28 2 3 16 1 16 1 7 12 2 11 2 32 11 14 6 7 17 2 10 18.1081340909004211 199.925575737086859 
14 23 2 17 32 6 2 24 12 16 5.34074699537910114 2 2 18 12 14 12 10 8 30 10 12 16.1354543567662532 3 4 28 5 4.94126535182462057 1 4 8 23.4025356524426229 7 1 7 11 14 2 11 9 31 2 1 3 8 12 1 5 15 3 5 15 26 9 3 15 1 15 20 13.151007650947605 19.3147047758102417 181.455965670710725 
10 17 4 16 26 2.70999124060388841 11 15 11 9 16 12 4 30 11 6 3 9 2 7 7 15 32 9 14 19 3 18 6 2 4 8 1 16 29 2 3.36768017929769181 10 1 12 15 1 5 3 11 14 25 13 1 32 5 6 1 2 18 9 3 10 33 1 26.4705579280853271 61.4143258603842455 
10 17 4 16 26 2.70999124060388841 11 15 11 9 16 12 4 30 11 6 3 9 2 7 7 15 32 9 14 19 3 18 6 2 4 8 1 16 29 2 9 12 12 12 15 1 5 3 11 14 5.34074699537910114 6.96245171630185755 1 32 5 6 1 2 18 9 3 10 33 1 23.9894869923591614 71.4897254821898542 
10 17 4 16 26 2.70999124060388841 11 15 11 9 16 12 4 30 11 6 3 9 2 7 7 15 32 9 14 19 3 18 6 2 4 8 1 17 2 2 3.36768017929769181 10 1 12 15 1 5 3 11 2 21 8 1 32 5 6 1 2 18 9 3 10 33 1 27.383569061756134 60.1140961280693844 
14 14 10 16 26 2.70999124060388841 9 28 12 9 16 12 4 30 11 6 3 9 2 7 7 15 32 9 14 19 3 18 6 2 4 8 1 16 29 2 17 24 12 12 15 1 5 3 11 13 18 4 1 32 5 6 1 2 3 24 2.70999124060388841 10 33 1 22.0495378375053406 96.6631850540028097 
10 17 4 16 26 2.70999124060388841 11 15 11 9 16 12 4 30 11 6 3 9 2 7 7 15 32 9 14 19 3 18 6 2 4 8 1 16 29 2 3 28 1 12 15 1 5 3 11 2 21 8 1 32 5 6 1 2 18 9 3 10 33 1 25.9886489510536194 61.5680492085320097 
10 17 4 16 26 2.70999124060388841 11 15 11 9 16 12 4 30 11 6 3 9 2 7 7 15 32 9 14 1 10 18 6 2 4 8 1 16 29 2 3.36768017929769181 10 1 12 15 1 5 3 11 2 21 8 1 32 5 6 1 2 18 9 3 10 33 1 27.7638079524040222 59.8808540370192972 
10 17 4 16 26 2.70999124060388841 11 15 11 9 16 12 4 30 11 6 3 9 2 7 7 15 32 9 14 19 3 18 6 2 4 8 1 16 29 2 3.36768017929769181 10 1 12 15 1 5 3 11 2 21 8 1 32 5 6 1 2 18 9 3 10 33 1 28.046737015247345 58.5458264683606728 

Current Evaluation = 30000000(30000040)
Front Size = 37
9 29 2 2 25 10 11 18 12 13 32 1 16 24 2 5 2 9 6 30 1 6 24 2 1 12 9 12 3 10 2 15 7 3.36768017929769181 7 10 12 8 8 17 30 11 15 24 5 9 18 13 10 6 6.96245171630185755 16 25 3.84646942076222631 3 31 10 14 1 6 20.3511399030685425 164.333912157673808 
6 31 2 3 20 9 6 2 7 14 6 10 13 32 10 8 24 6 15 25 8 3 2 2.70999124060388841 17 8 10 11 32 9 9.25570237641795579 30 13 15 12 11 13 1 5 1 9 3 13 1 3 6 2 6 2 15 3 4 28 9 14 30 9 12 20 10 17.5194317996501923 225.44855468547587 
10 17 4 16 26 2.70999124060388841 11 15 11 9 16 12 4 30 11 6 3 9 2 7 7 15 32 9 14 19 3 18 6 2 4 8 1 16 29 2 3.36768017929769181 31 1 12 15 1 5 3 11 2 21 8 1 32 5 6 1 2 18 9 3 10 33 1 25.3922070264816284 64.4980198731997234 
10 17 4 16 26 2.70999124060388841 11 15 11 9 16 12 4 30 11 6 3 9 2 7 7 15 32 9 14 19 3 18 6 2 4 8 1 16 29 2 3 20 13 12 15 1 5 3 11 2 21 8 1 32 5 6 1 2 18 9 3 10 33 1 25.2843450307846069 64.6787853677352729 
10 17 4 16 26 2.70999124060388841 11 15 11 14 31 9 4 30 11 6 3 9 2 7 7 15 32 9 14 19 3 18 6 2 4 8 1 16 29 2 12 24 8 12 15 1 5 3 11 2 21 8 1 32 5 6 1 2 14 30 4 16 6 10 21.4551138579845428 111.013094300520606 
10 17 4 16 26 2.70999124060388841 11 15 11 9 16 12 4 30 11 6 3 9 2 7 7 15 32 9 14 19 3 18 6 2 4 8 1 16 29 2 17 16 8 12 15 1 5 3 11 13 12 9 1 32 5 6 1 2 18 9 3 11 6 1 23.2743657827377319 72.7989623960385046 
10 17 4 16 26 2.70999124060388841 11 15 11 9 16 12 4 30 11 6 3 9 2 7 7 15 32 9 14 19 3 18 6 2 4 8 1 16 29 2 3 16 1 12 15 1 5 3 11 14 12 7 1 32 5 6 1 2 18 9 3 10 33 1 23.994979053735733 64.9035347001125587 
10 17 4 16 26 2.70999124060388841 11 15 11 9 16 12 4 30 11 6 3 9 2 7 7 15 32 9 14 19 3 18 6 2 4 8 1 16 29 2 14 13 12 12 15 1 5 3 11 17 25 4 1 32 5 6 1 2 18 9 3 4 15 7 22.4650639295578003 88.6270975962848553 
13 15 1 5 26 13 2 13 7 16 9 6 17 16 9 6 5.34074699537910114 7 14 32 4 14 22 6.96245171630185755 16 3 5 13 26 5 12 15 11 14 30 11 14 1 4 9 16 2 3 31 2 4.94126535182462057 32 2 11 1 6 14 24 8 6 12 5 15 29 9.82524131762891173 18.5113565623760223 192.217357436165457 
10 17 4 16 26 2.70999124060388841 11 15 11 9 16 12 4 30 11 6 3 9 2 7 7 15 32 9 14 19 3 18 6 2 4 8 1 16 29 2 9 25 13 12 15 1 5 3 11 2 21 8 1 32 5 6 1 2 14 30 7 15 19 9 22.7533078193664551 83.4058013155675013 
15 24 7 8 16 11 13 26 4 3 19 6 3 25 5 12 24 5 12 31 2.70999124060388841 14 3 6.96245171630185755 13 2 11 4 1 5 12 25 11 4.94126535182462057 32 11 13 18 7 1 12 3 3 30 9.82524131762891173 13 17 11 10 24 10 12 24 7 6 20 3 14 31 10 17.140256941318512 263.591918381370704 
12 24 12 11 19 2 12 13 8 2 31 1 1 9 5 15 28 7 16 30 9 15 19 1 6 14 10 13 31 9 8 18 13 12 24 4 11 15 5 3 19 1 8 1 10 14 20 11 16 31 13 17 3 12 6 6 4 10 6 2 19.8616160750389099 174.31372445923526 
10 17 4 16 26 2.70999124060388841 11 15 11 9 16 12 4 30 11 6 3 9 2 7 7 15 32 9 14 19 3 18 6 2 4 8 1 16 29 2 17 25 1 12 15 1 5 3 11 9 26 13 1 32 5 6 1 2 2 23 13 14 31 5 22.1518366932868958 92.4580984170130762 
10 6 1 3.36768017929769181 13 7 12 6 10 15 3 7 8 32 9 1 33 11 12 19 11 6 24 10 13 1 10 14 9 13 16 20 2 3 26 7 13 6 6.96245171630185755 14 20 7 2 26 9 12 14 10 14 18 4 1 16 3.84646942076222631 13.2195649013323386 31.8448655754823804 9 3 9 5 17.5905721783638 212.896896653398159 
10 17 4 16 26 2.70999124060388841 11 15 11 9 16 12 4 30 11 6 3 9 2 7 7 15 32 9 14 19 3 18 6 2 4 8 1 16 29 2 11 25 12 12 15 1 5 3 11 14 12 9 1 32 5 6 1 2 18 9 3 9 24 7 22.8370368778705597 73.0093260930856331 
10 17 4 16 26 2.70999124060388841 14 30 8 9 16 12 4 30 11 6 3 9 2 7 7 15 32 9 14 19 3 18 6 2 1 24 7 16 29 2 14 9 4 12 15 1 5 3 11 17 31 10 1 32 5 6 1 2 1 1 13 10 33 1 20.8351488709449768 135.504985000095587 
10 17 4 16 26 2.70999124060388841 11 15 11 9 16 12 4 30 11 6 3 9 2 7 7 15 32 9 14 19 3 18 6 2 4 8 1 16 29 2 3.36768017929769181 10 1 12 15 1 5 3 11 2 21 8 1 32 5 6 1 2 18 9 3 9 24 1 26.9747568964958191 60.1882062353193774 
14 31 5 2 20 12 3.36768017929769181 26 8 12 24 2 12 5 2 13 12 3 6 25 13 16 20 6.96245171630185755 14 6 11 3 6 5 2 19 13 1 20 1 6 3 11 9 28 2 3 16 1 16 1 7 12 2 11 2 32 11 14 6 7 17 2 10 18.1081340909004211 199.925575737086859 
10 17 4 16 26 2.70999124060388841 11 15 11 9 16 12 4 30 11 6 3 9 2 7 7 15 32 9 14 19 3 18 6 2 4 8 1 16 29 2 3.36768017929769181 10 1 12 15 1 5 3 11 14 25 13 1 32 5 6 1 2 18 9 3 10 33 1 26.4705579280853271 61.4143258603842455 
10 17 4 16 26 2.70999124060388841 11 15 11 9 16 12 4 30 11 6 3 9 2 7 7 15 32 9 14 19 3 18 6 2 4 8 1 16 29 2 3 28 1 12 15 1 5 3 11 2 21 8 1 32 5 6 1 2 18 9 3 10 33 1 25.9886489510536194 61.5680492085320097 
10 17 4 16 26 2.70999124060388841 11 15 11 9 16 12 4 30 11 6 3 9 2 7 7 15 32 9 14 19 3 18 6 2 4 8 1 16 29 2 3.36768017929769181 10 1 12 15 1 5 3 11 2 21 8 1 32 5 6 1 2 18 9 3 10 33 1 28.046737015247345 58.5458264683606728 
10 17 4 16 26 2.70999124060388841 11 15 11 9 16 12 4 30 11 6 3 9 2 7 7 15 32 9 14 19 3 18 6 2 4 8 1 16 29 2 3 5 12 12 15 1 5 3 11 14 12 7 1 32 5 6 1 2 18 9 3 10 33 1 23.7511970102787018 70.4715158157808901 
10 17 4 16 26 2.70999124060388841 11 15 11 9 16 12 4 30 11 6 3 9 2 7 7 15 32 9 14 19 3 18 6 2 4 8 1 16 29 2 3.36768017929769181 10 1 12 15 1 5 3 11 15 5 12 1 32 5 6 1 2 18 9 3 10 33 1 26.8339989185333252 60.7530065681473133 
10 17 4 16 26 2.70999124060388841 11 15 11 9 16 12 4 30 11 6 3 9 2 7 7 15 32 9 14 19 3 18 6 2 4 8 1 16 29 2 17 13 12 12 15 1 5 3 11 14 20 9 1 32 5 6 1 2 18 9 3 1 1 8 22.414868950843811 89.1505103083506611 
13 1 10 18 30 2 14 13 2.70999124060388841 6 30 4 4 23 6.96245171630185755 10 15 1 12 16 3.84646942076222631 8 6 12 17 24 1 14 25 9 16 20 12 14 32 3 2 28 9.82524131762891173 12 5 6 3 9 5 12 26 5 1 15 1 17.8244721320812971 9 7 12 32 5 17 25 7 18.9501230120658875 187.682580654639452 
10 17 4 16 26 2.70999124060388841 11 15 11 9 16 12 4 30 11 6 3 9 2 7 7 15 32 9 14 19 3 18 6 2 4 8 1 16 29 2 3.36768017929769181 10 1 12 15 1 5 3 11 2 14 13 1 32 5 6 1 2 18 9 3 10 33 1 27.0343329310417175 59.8686231967268583 
10 17 4 16 26 2.70999124060388841 11 15 11 9 16 12 4 30 11 6 3 9 3.36768017929769181 16.1354543567662532 3 15 32 9 14 19 3 18 6 2 4 8 1 4 31 2 3 30 11 12 15 1 5 3 11 13 26 7 1 32 5 6 1 2 4 26 9 10 33 1 21.4053248763084412 111.308445105941402 
1 5.34074699537910114 13 2 31 12 17 6 8 11 30 9 14 23 12 9.25570237641795579 14 2 1 19 11 4 25 3 16 24 5 17 16 10 10 1 5 2 22 2 8 22 8 2 24 13 14 13 2 4.94126535182462057 18 11 13 26 4 10 24 3 3 12 3 14 9 10 20.0754777193069458 169.502960351975588 
10 17 4 16 26 2.70999124060388841 11 15 11 9 16 12 4 30 11 6 3 9 2 7 7 15 32 9 14 19 3 18 6 2 4 8 1 16 29 2 17 18 1 12 15 1 5 3 11 2 21 8 1 32 5 6 1 2 18 9 3 10 33 1 25.4730589985847473 64.0678829464995658 
10 17 4 16 26 2.70999124060388841 11 15 11 9 16 12 4 30 11 6 3 9 2 7 7 15 32 9 14 19 3 18 6 2 4 8 1 16 29 2 3.36768017929769181 10 1 12 15 1 5 3 11 2 21 8 1 32 5 6 1 2 17 24 4 10 33 1 26.8329509496688843 61.0352922100394935 
14 26 2 6 18 3 17 9 9 3.36768017929769181 25 4 14 5 12 15 24 3 15 20 9 3 29 5 9 6 1 17 28 11 15 26 11 12 32 7 6 20 6.96245171630185755 16 26 5 18 24 4 14 1 2 8 12 13 13 26 4 16 6 2 2 25 11 18.0318869352340698 208.227758352758343 
15 19 9 14 1 2 11 15 11 9 16 12 4 30 11 6 3 9 1 15 4 15 32 9 14 19 3 14 15 6 4 8 1 16 29 2 15 31 3 12 15 1 5 3 11 16 19 3 1 32 5 6 1 2 17 12 2.70999124060388841 10 33 1 20.5932538509368896 137.064894266345362 
9 15 8 12 20 12 17 1 3 3.36768017929769181 19 5 2 26 6.96245171630185755 14 31 10 4 1 4 14 22 1 3 25 13 8 24 4 4 28 11 5 15 3 1 14 12 4.94126535182462057 23 5 12 26 2 8 5 7 16 1 4 17 18 13 15 32 4 4 14 4 19.2240898013114929 176.674847757606329 
10 17 4 16 26 2.70999124060388841 11 15 11 9 16 12 4 30 11 6 3 9 2 7 7 15 32 9 14 19 3 18 6 2 4 8 1 16 29 2 3 18 13 12 15 1 5 3 11 2 21 8 1 32 5 6 1 2 18 9 3 10 33 1 25.4759361147880554 62.4213598123503957 
10 17 4 16 26 2.70999124060388841 11 15 11 9 16 12 4 30 11 6 3 9 2 7 7 15 32 9 14 19 3 18 6 2 4 8 1 16 29 2 3.36768017929769181 10 1 12 15 1 5 3 11 2 21 8 1 32 5 6 1 2 16 30 4 10 33 1 26.7825789451599121 61.1679258262706185 
6 25 2 16 26 2.70999124060388841 11 15 11 9 16 12 4 30 11 6 3 9 2 7 7 15 32 9 14 19 3 18 6 2 4 8 1 16 29 2 14 12 9 12 15 1 5 3 11 1 26 1 1 32 5 6 1 2 18 9 3 14 5 7 21.2035867273807526 115.087080617563529 
14 5 7 16 26 2.70999124060388841 11 15 11 9 16 12 4 30 11 6 3 9 2 7 7 15 32 9 14 19 3 18 6 2 4 8 1 16 29 2 15 24 3 12 15 1 5 3 11 2 21 8 1 32 5 6 1 2 14 30 13 17 24 7 21.4600557684898376 93.6652179238504061 

Current Evaluation = 40000000(40000100)
Front Size = 40
9 29 2 2 25 10 11 18 12 13 32 1 16 24 2 5 2 9 6 30 1 6 24 2 1 12 9 12 3 10 2 15 7 3.36768017929769181 7 10 12 8 8 17 30 11 15 24 5 9 18 13 10 6 6.96245171630185755 16 25 3.84646942076222631 3 31 10 14 1 6 20.3511399030685425 164.333912157673808 
10 17 4 16 26 2.70999124060388841 11 15 11 9 16 12 4 30 11 6 3 9 2 7 7 15 32 9 14 19 3 18 6 2 4 8 1 16 29 2 3 20 13 12 15 1 5 3 11 2 21 8 1 32 5 6 1 2 18 9 3 10 33 1 25.2843450307846069 64.6787853677352729 
10 17 4 16 26 2.70999124060388841 11 15 11 14 31 9 4 30 11 6 3 9 2 7 7 15 32 9 14 19 3 18 6 2 4 8 1 16 29 2 12 24 8 12 15 1 5 3 11 2 21 8 1 32 5 6 1 2 14 30 4 16 6 10 21.4551138579845428 111.013094300520606 
10 17 4 16 26 2.70999124060388841 11 15 11 9 16 12 4 30 11 6 3 9 2 7 7 15 32 9 14 19 3 18 6 2 4 8 1 16 29 2 17 16 8 12 15 1 5 3 11 13 12 9 1 32 5 6 1 2 18 9 3 11 6 1 23.2743657827377319 72.7989623960385046 
10 17 4 16 26 2.70999124060388841 11 15 11 9 16 12 4 30 11 6 3 9 2 7 7 15 32 9 14 19 3 18 6 2 4 8 1 16 29 2 3 16 1 12 15 1 5 3 11 14 12 7 1 32 5 6 1 2 18 9 3 10 33 1 23.994979053735733 64.9035347001125587 
10 17 4 16 26 2.70999124060388841 11 15 11 9 16 12 4 30 11 6 3 9 2 7 7 15 32 9 14 19 3 18 6 2 4 8 1 16 29 2 14 13 12 12 15 1 5 3 11 17 25 4 1 32 5 6 1 2 18 9 3 4 15 7 22.4650639295578003 88.6270975962848553 
13 15 1 5 26 13 2 13 7 16 9 6 17 16 9 6 5.34074699537910114 7 14 32 4 14 22 6.96245171630185755 16 3 5 13 26 5 12 15 11 14 30 11 14 1 4 9 16 2 3 31 2 4.94126535182462057 32 2 11 1 6 14 24 8 6 12 5 15 29 9.82524131762891173 18.5113565623760223 192.217357436165457 
10 17 4 16 26 2.70999124060388841 11 15 11 9 16 12 4 30 11 6 3 9 2 7 7 15 32 9 14 19 3 18 6 2 4 8 1 16 29 2 9 25 13 12 15 1 5 3 11 2 21 8 1 32 5 6 1 2 14 30 7 15 19 9 22.7533078193664551 83.4058013155675013 
15 24 7 8 16 11 13 26 4 3 19 6 3 25 5 12 24 5 12 31 2.70999124060388841 14 3 6.96245171630185755 13 2 11 4 1 5 12 25 11 4.94126535182462057 32 11 13 18 7 1 12 3 3 30 9.82524131762891173 13 17 11 10 24 10 12 24 7 6 20 3 14 31 10 17.140256941318512 263.591918381370704 
10 17 4 16 26 2.70999124060388841 11 15 11 9 16 12 4 30 11 6 3 9 2 7 7 15 32 9 14 19 3 18 6 2 4 8 1 16 29 2 17 25 1 12 15 1 5 3 11 9 26 13 1 32 5 6 1 2 2 23 13 14 31 5 22.1518366932868958 92.4580984170130762 
10 17 4 16 26 2.70999124060388841 11 15 11 9 16 12 4 30 11 6 3 9 2 7 7 15 32 9 14 19 3 18 6 2 4 8 1 16 29 2 11 25 12 12 15 1 5 3 11 14 12 9 1 32 5 6 1 2 18 9 3 9 24 7 22.8370368778705597 73.0093260930856331 
10 17 4 16 26 2.70999124060388841 14 30 8 9 16 12 4 30 11 6 3 9 2 7 7 15 32 9 14 19 3 18 6 2 1 24 7 16 29 2 14 9 4 12 15 1 5 3 11 17 31 10 1 32 5 6 1 2 1 1 13 10 33 1 20.8351488709449768 135.504985000095587 
10 17 4 16 26 2.70999124060388841 11 15 11 9 16 12 4 30 11 6 3 9 2 7 7 15 32 9 14 19 3 18 6 2 4 8 1 16 29 2 3.36768017929769181 10 1 12 15 1 5 3 11 2 21 8 1 32 5 6 1 2 18 9 3 9 24 1 26.9747568964958191 60.1882062353193774 
14 31 5 2 20 12 3.36768017929769181 26 8 12 24 2 12 5 2 13 12 3 6 25 13 16 20 6.96245171630185755 14 6 11 3 6 5 2 19 13 1 20 1 6 3 11 9 28 2 3 16 1 16 1 7 12 2 11 2 32 11 14 6 7 17 2 10 18.1081340909004211 199.925575737086859 
10 17 4 16 26 2.70999124060388841 11 15 11 9 16 12 4 30 11 6 3 9 2 7 7 15 32 9 14 19 3 18 6 2 4 8 1 16 29 2 3.36768017929769181 10 1 12 15 1 5 3 11 14 25 13 1 32 5 6 1 2 18 9 3 10 33 1 26.4705579280853271 61.4143258603842455 
10 17 4 16 26 2.70999124060388841 11 15 11 9 16 12 4 30 11 6 3 9 2 7 7 15 32 9 14 19 3 18 6 2 4 8 1 16 29 2 3.36768017929769181 10 1 12 15 1 5 3 11 2 21 8 1 32 5 6 1 2 18 9 3 10 33 1 28.046737015247345 58.5458264683606728 
10 17 4 16 26 2.70999124060388841 11 15 11 9 16 12 4 30 11 6 3 9 2 7 7 15 32 9 14 19 3 18 6 2 4 8 1 16 29 2 3 5 12 12 15 1 5 3 11 14 12 7 1 32 5 6 1 2 18 9 3 10 33 1 23.7511970102787018 70.4715158157808901 
10 17 4 16 26 2.70999124060388841 11 15 11 9 16 12 4 30 11 6 3 9 2 7 7 15 32 9 14 19 3 18 6 2 4 8 1 16 29 2 3.36768017929769181 10 1 12 15 1 5 3 11 15 5 12 1 32 5 6 1 2 18 9 3 10 33 1 26.8339989185333252 60.7530065681473133 
10 17 4 16 26 2.70999124060388841 11 15 11 9 16 12 4 30 11 6 3 9 2 7 7 15 32 9 14 19 3 18 6 2 4 8 1 16 29 2 17 13 12 12 15 1 5 3 11 14 20 9 1 32 5 6 1 2 18 9 3 1 1 8 22.414868950843811 89.1505103083506611 
13 1 10 18 30 2 14 13 2.70999124060388841 6 30 4 4 23 6.96245171630185755 10 15 1 12 16 3.84646942076222631 8 6 12 17 24 1 14 25 9 16 20 12 14 32 3 2 28 9.82524131762891173 12 5 6 3 9 5 12 26 5 1 15 1 17.8244721320812971 9 7 12 32 5 17 25 7 18.9501230120658875 187.682580654639452 
10 17 4 16 26 2.70999124060388841 11 15 11 9 16 12 4 30 11 6 3 9 2 7 7 15 32 9 14 19 3 18 6 2 4 8 1 16 29 2 3.36768017929769181 10 1 12 15 1 5 3 11 2 14 13 1 32 5 6 1 2 18 9 3 10 33 1 27.0343329310417175 59.8686231967268583 
10 17 4 16 26 2.70999124060388841 11 15 11 9 16 12 4 30 11 6 3 9 3.36768017929769181 16.1354543567662532 3 15 32 9 14 19 3 18 6 2 4 8 1 4 31 2 3 30 11 12 15 1 5 3 11 13 26 7 1 32 5 6 1 2 4 26 9 10 33 1 21.4053248763084412 111.308445105941402 
1 5.34074699537910114 13 2 31 12 17 6 8 11 30 9 14 23 12 9.25570237641795579 14 2 1 19 11 4 25 3 16 24 5 17 16 10 10 1 5 2 22 2 8 22 8 2 24 13 14 13 2 4.94126535182462057 18 11 13 26 4 10 24 3 3 12 3 14 9 10 20.0754777193069458 169.502960351975588 
10 17 4 16 26 2.70999124060388841 11 15 11 9 16 12 4 30 11 6 3 9 2 7 7 15 32 9 14 19 3 18 6 2 4 8 1 16 29 2 17 18 1 12 15 1 5 3 11 2 21 8 1 32 5 6 1 2 18 9 3 10 33 1 25.4730589985847473 64.0678829464995658 
10 17 4 16 26 2.70999124060388841 11 15 11 9 16 12 4 30 11 6 3 9 2 7 7 15 32 9 14 19 3 18 6 2 4 8 1 16 29 2 3.36768017929769181 10 1 12 15 1 5 3 11 2 21 8 1 32 5 6 1 2 17 24 4 10 33 1 26.8329509496688843 61.0352922100394935 
14 26 2 6 18 3 17 9 9 3.36768017929769181 25 4 14 5 12 15 24 3 15 20 9 3 29 5 9 6 1 17 28 11 15 26 11 12 32 7 6 20 6.96245171630185755 16 26 5 18 24 4 14 1 2 8 12 13 13 26 4 16 6 2 2 25 11 18.0318869352340698 208.227758352758343 
15 19 9 14 1 2 11 15 11 9 16 12 4 30 11 6 3 9 1 15 4 15 32 9 14 19 3 14 15 6 4 8 1 16 29 2 15 31 3 12 15 1 5 3 11 16 19 3 1 32 5 6 1 2 17 12 2.70999124060388841 10 33 1 20.5932538509368896 137.064894266345362 
10 17 4 16 26 2.70999124060388841 11 15 11 9 16 12 4 30 11 6 3 9 2 7 7 15 32 9 14 19 3 18 6 2 4 8 1 16 29 2 3 18 13 12 15 1 5 3 11 2 21 8 1 32 5 6 1 2 18 9 3 10 33 1 25.4759361147880554 62.4213598123503957 
10 17 4 16 26 2.70999124060388841 11 15 11 9 16 12 4 30 11 6 3 9 2 7 7 15 32 9 14 19 3 18 6 2 4 8 1 16 29 2 3.36768017929769181 10 1 12 15 1 5 3 11 2 21 8 1 32 5 6 1 2 16 30 4 10 33 1 26.7825789451599121 61.1679258262706185 
6 25 2 16 26 2.70999124060388841 11 15 11 9 16 12 4 30 11 6 3 9 2 7 7 15 32 9 14 19 3 18 6 2 4 8 1 16 29 2 14 12 9 12 15 1 5 3 11 1 26 1 1 32 5 6 1 2 18 9 3 14 5 7 21.2035867273807526 115.087080617563529 
14 5 7 16 26 2.70999124060388841 11 15 11 9 16 12 4 30 11 6 3 9 2 7 7 15 32 9 14 19 3 18 6 2 4 8 1 16 29 2 15 24 3 12 15 1 5 3 11 2 21 8 1 32 5 6 1 2 14 30 13 17 24 7 21.4600557684898376 93.6652179238504061 
10 17 4 16 26 2.70999124060388841 11 15 11 9 16 12 4 30 11 6 3 9 2 7 7 15 32 9 14 19 3 18 6 2 4 8 1 16 29 2 14 20 9 12 15 1 5 3 11 14 2 11 1 32 5 6 1 2 1 2 4 6 30 10 20.9901698231697083 115.57119935213413 
10 17 4 16 26 2.70999124060388841 11 15 11 9 16 12 4 30 11 6 3 9 2 7 7 15 32 9 14 19 3 18 6 2 4 8 1 16 29 2 3.36768017929769181 28 1 12 15 1 5 3 11 2 21 8 1 32 5 6 1 2 18 9 3 10 33 1 25.9886489510536194 61.4410849439274855 
10 17 4 16 26 2.70999124060388841 11 15 11 9 16 12 4 30 11 6 3 9 2 7 7 15 32 9 14 19 3 18 6 2 4 8 1 16 29 2 3.36768017929769181 30 1 12 15 1 5 3 11 2 21 8 1 32 5 6 1 2 18 9 3 10 33 1 25.2919280529022217 64.3801177769669835 
10 17 4 16 26 2.70999124060388841 11 15 11 9 16 12 4 30 11 6 3 9 2 7 7 15 32 9 14 19 3 18 6 2 4 8 1 16 29 2 3.36768017929769181 10 1 12 15 1 5 3 11 2 21 8 1 32 5 6 1 2 18 9 3 3.36768017929769181 28 1 27.4759758114814758 59.5420425143165488 
2 25 9 13 19 2.70999124060388841 2 26 11 3 18 12 14 6 3 1 24 13 17 16.1354543567662532 9 6 25 10 9 31 3.84646942076222631 4 15 2 14 24 11 15 20 2 17 1 4 12 13 5 14 9 7 10 19 13 3 23.4025356524426229 11 13 31.8448655754823804 8 11 20 1 5 5 4 19.058874785900116 169.619981826958593 
10 17 4 16 26 2.70999124060388841 11 15 11 9 16 12 4 30 11 6 3 9 2 7 7 15 32 9 14 19 3 18 6 2 4 8 1 16 29 2 3.36768017929769181 28 11 12 15 1 5 3 11 2 21 8 1 32 5 6 1 2 18 9 3 10 33 1 25.893248975276947 61.9517184723795395 
13 1 8 6 32 6 16 8 2 4 12 7 4 12 11 17 2 7 3.36768017929769181 18 5 6 15 2 1 32 8 14 25 4 3 31 5 14 2 12 6 17 10 17 24 12 12 18 3 6 20 11 3 3 11 15 22 10 4 12 2 14 6 11 17.2080288529396057 210.60866078366081 
10 17 4 16 26 2.70999124060388841 11 15 11 9 16 12 4 30 11 6 3 9 2 7 7 15 32 9 14 19 3 18 6 2 4 8 1 16 29 2 17 30 13 12 15 1 5 3 11 2 21 8 1 32 5 6 1 2 14 9 8 15 32 6 22.7250097990036011 84.9185729843198374 
10 17 4 16 26 2.70999124060388841 11 15 11 9 16 12 4 30 11 6 3 9 2 7 7 15 32 9 14 19 3 18 6 2 4 8 1 16 29 2 3.36768017929769181 10 1 12 15 1 5 3 11 14 5 8 1 32 5 6 1 2 18 9 3 10 33 1 26.6446269154548645 61.4010129765427024 

Current Evaluation = 50000000(50000020)
Front Size = 38
9 29 2 2 25 10 11 18 12 13 32 1 16 24 2 5 2 9 6 30 1 6 24 2 1 12 9 12 3 10 2 15 7 3.36768017929769181 7 10 12 8 8 17 30 11 15 24 5 9 18 13 10 6 6.96245171630185755 16 25 3.84646942076222631 3 31 10 14 1 6 20.3511399030685425 164.333912157673808 
10 17 4 16 26 2.70999124060388841 11 15 11 14 31 9 4 30 11 6 3 9 2 7 7 15 32 9 14 19 3 18 6 2 4 8 1 16 29 2 12 24 8 12 15 1 5 3 11 2 21 8 1 32 5 6 1 2 14 30 4 16 6 10 21.4551138579845428 111.013094300520606 
10 17 4 16 26 2.70999124060388841 11 15 11 9 16 12 4 30 11 6 3 9 2 7 7 15 32 9 14 19 3 18 6 2 4 8 1 16 29 2 17 16 8 12 15 1 5 3 11 13 12 9 1 32 5 6 1 2 18 9 3 11 6 1 23.2743657827377319 72.7989623960385046 
10 17 4 16 26 2.70999124060388841 11 15 11 9 16 12 4 30 11 6 3 9 2 7 7 15 32 9 14 19 3 18 6 2 4 8 1 16 29 2 3 16 1 12 15 1 5 3 11 14 12 7 1 32 5 6 1 2 18 9 3 10 33 1 23.994979053735733 64.9035347001125587 
13 15 1 5 26 13 2 13 7 16 9 6 17 16 9 6 5.34074699537910114 7 14 32 4 14 22 6.96245171630185755 16 3 5 13 26 5 12 15 11 14 30 11 14 1 4 9 16 2 3 31 2 4.94126535182462057 32 2 11 1 6 14 24 8 6 12 5 15 29 9.82524131762891173 18.5113565623760223 192.217357436165457 
10 17 4 16 26 2.70999124060388841 11 15 11 9 16 12 4 30 11 6 3 9 2 7 7 15 32 9 14 19 3 18 6 2 4 8 1 16 29 2 9 25 13 12 15 1 5 3 11 2 21 8 1 32 5 6 1 2 14 30 7 15 19 9 22.7533078193664551 83.4058013155675013 
15 24 7 8 16 11 13 26 4 3 19 6 3 25 5 12 24 5 12 31 2.70999124060388841 14 3 6.96245171630185755 13 2 11 4 1 5 12 25 11 4.94126535182462057 32 11 13 18 7 1 12 3 3 30 9.82524131762891173 13 17 11 10 24 10 12 24 7 6 20 3 14 31 10 17.140256941318512 263.591918381370704 
10 17 4 16 26 2.70999124060388841 11 15 11 9 16 12 4 30 11 6 3 9 2 7 7 15 32 9 14 19 3 18 6 2 4 8 1 16 29 2 17 25 1 12 15 1 5 3 11 9 26 13 1 32 5 6 1 2 2 23 13 14 31 5 22.1518366932868958 92.4580984170130762 
10 17 4 16 26 2.70999124060388841 11 15 11 9 16 12 4 30 11 6 3 9 2 7 7 15 32 9 14 19 3 18 6 2 4 8 1 16 29 2 11 25 12 12 15 1 5 3 11 14 12 9 1 32 5 6 1 2 18 9 3 9 24 7 22.8370368778705597 73.0093260930856331 
10 17 4 16 26 2.70999124060388841 14 30 8 9 16 12 4 30 11 6 3 9 2 7 7 15 32 9 14 19 3 18 6 2 1 24 7 16 29 2 14 9 4 12 15 1 5 3 11 17 31 10 1 32 5 6 1 2 1 1 13 10 33 1 20.8351488709449768 135.504985000095587 
10 17 4 16 26 2.70999124060388841 11 15 11 9 16 12 4 30 11 6 3 9 2 7 7 15 32 9 14 19 3 18 6 2 4 8 1 16 29 2 3.36768017929769181 10 1 12 15 1 5 3 11 2 21 8 1 32 5 6 1 2 18 9 3 9 24 1 26.9747568964958191 60.1882062353193774 
10 17 4 16 26 2.70999124060388841 11 15 11 9 16 12 4 30 11 6 3 9 2 7 7 15 32 9 14 19 3 18 6 2 4 8 1 16 29 2 3.36768017929769181 10 1 12 15 1 5 3 11 14 25 13 1 32 5 6 1 2 18 9 3 10 33 1 26.4705579280853271 61.4143258603842455 
10 17 4 16 26 2.70999124060388841 11 15 11 9 16 12 4 30 11 6 3 9 2 7 7 15 32 9 14 19 3 18 6 2 4 8 1 16 29 2 3.36768017929769181 10 1 12 15 1 5 3 11 2 21 8 1 32 5 6 1 2 18 9 3 10 33 1 28.046737015247345 58.5458264683606728 
10 17 4 16 26 2.70999124060388841 11 15 11 9 16 12 4 30 11 6 3 9 2 7 7 15 32 9 14 19 3 18 6 2 4 8 1 16 29 2 3 5 12 12 15 1 5 3 11 14 12 7 1 32 5 6 1 2 18 9 3 10 33 1 23.7511970102787018 70.4715158157808901 
10 17 4 16 26 2.70999124060388841 11 15 11 9 16 12 4 30 11 6 3 9 2 7 7 15 32 9 14 19 3 18 6 2 4 8 1 16 29 2 3.36768017929769181 10 1 12 15 1 5 3 11 15 5 12 1 32 5 6 1 2 18 9 3 10 33 1 26.8339989185333252 60.7530065681473133 
13 1 10 18 30 2 14 13 2.70999124060388841 6 30 4 4 23 6.96245171630185755 10 15 1 12 16 3.84646942076222631 8 6 12 17 24 1 14 25 9 16 20 12 14 32 3 2 28 9.82524131762891173 12 5 6 3 9 5 12 26 5 1 15 1 17.8244721320812971 9 7 12 32 5 17 25 7 18.9501230120658875 187.682580654639452 
10 17 4 16 26 2.70999124060388841 11 15 11 9 16 12 4 30 11 6 3 9 2 7 7 15 32 9 14 19 3 18 6 2 4 8 1 16 29 2 3.36768017929769181 10 1 12 15 1 5 3 11 2 14 13 1 32 5 6 1 2 18 9 3 10 33 1 27.0343329310417175 59.8686231967268583 
10 17 4 16 26 2.70999124060388841 11 15 11 9 16 12 4 30 11 6 3 9 3.36768017929769181 16.1354543567662532 3 15 32 9 14 19 3 18 6 2 4 8 1 4 31 2 3 30 11 12 15 1 5 3 11 13 26 7 1 32 5 6 1 2 4 26 9 10 33 1 21.4053248763084412 111.308445105941402 
1 5.34074699537910114 13 2 31 12 17 6 8 11 30 9 14 23 12 9.25570237641795579 14 2 1 19 11 4 25 3 16 24 5 17 16 10 10 1 5 2 22 2 8 22 8 2 24 13 14 13 2 4.94126535182462057 18 11 13 26 4 10 24 3 3 12 3 14 9 10 20.0754777193069458 169.502960351975588 
10 17 4 16 26 2.70999124060388841 11 15 11 9 16 12 4 30 11 6 3 9 2 7 7 15 32 9 14 19 3 18 6 2 4 8 1 16 29 2 3.36768017929769181 10 1 12 15 1 5 3 11 2 21 8 1 32 5 6 1 2 17 24 4 10 33 1 26.8329509496688843 61.0352922100394935 
15 19 9 14 1 2 11 15 11 9 16 12 4 30 11 6 3 9 1 15 4 15 32 9 14 19 3 14 15 6 4 8 1 16 29 2 15 31 3 12 15 1 5 3 11 16 19 3 1 32 5 6 1 2 17 12 2.70999124060388841 10 33 1 20.5932538509368896 137.064894266345362 
10 17 4 16 26 2.70999124060388841 11 15 11 9 16 12 4 30 11 6 3 9 2 7 7 15 32 9 14 19 3 18 6 2 4 8 1 16 29 2 3 18 13 12 15 1 5 3 11 2 21 8 1 32 5 6 1 2 18 9 3 10 33 1 25.4759361147880554 62.4213598123503957 
10 17 4 16 26 2.70999124060388841 11 15 11 9 16 12 4 30 11 6 3 9 2 7 7 15 32 9 14 19 3 18 6 2 4 8 1 16 29 2 3.36768017929769181 10 1 12 15 1 5 3 11 2 21 8 1 32 5 6 1 2 16 30 4 10 33 1 26.7825789451599121 61.1679258262706185 
6 25 2 16 26 2.70999124060388841 11 15 11 9 16 12 4 30 11 6 3 9 2 7 7 15 32 9 14 19 3 18 6 2 4 8 1 16 29 2 14 12 9 12 15 1 5 3 11 1 26 1 1 32 5 6 1 2 18 9 3 14 5 7 21.2035867273807526 115.087080617563529 
14 5 7 16 26 2.70999124060388841 11 15 11 9 16 12 4 30 11 6 3 9 2 7 7 15 32 9 14 19 3 18 6 2 4 8 1 16 29 2 15 24 3 12 15 1 5 3 11 2 21 8 1 32 5 6 1 2 14 30 13 17 24 7 21.4600557684898376 93.6652179238504061 
10 17 4 16 26 2.70999124060388841 11 15 11 9 16 12 4 30 11 6 3 9 2 7 7 15 32 9 14 19 3 18 6 2 4 8 1 16 29 2 14 20 9 12 15 1 5 3 11 14 2 11 1 32 5 6 1 2 1 2 4 6 30 10 20.9901698231697083 115.57119935213413 
10 17 4 16 26 2.70999124060388841 11 15 11 9 16 12 4 30 11 6 3 9 2 7 7 15 32 9 14 19 3 18 6 2 4 8 1 16 29 2 3.36768017929769181 28 1 12 15 1 5 3 11 2 21 8 1 32 5 6 1 2 18 9 3 10 33 1 25.9886489510536194 61.4410849439274855 
10 17 4 16 26 2.70999124060388841 11 15 11 9 16 12 4 30 11 6 3 9 2 7 7 15 32 9 14 19 3 18 6 2 4 8 1 16 29 2 3.36768017929769181 10 1 12 15 1 5 3 11 2 21 8 1 32 5 6 1 2 18 9 3 3.36768017929769181 28 1 27.4759758114814758 59.5420425143165488 
2 25 9 13 19 2.70999124060388841 2 26 11 3 18 12 14 6 3 1 24 13 17 16.1354543567662532 9 6 25 10 9 31 3.84646942076222631 4 15 2 14 24 11 15 20 2 17 1 4 12 13 5 14 9 7 10 19 13 3 23.4025356524426229 11 13 31.8448655754823804 8 11 20 1 5 5 4 19.058874785900116 169.619981826958593 
10 17 4 16 26 2.70999124060388841 11 15 11 9 16 12 4 30 11 6 3 9 2 7 7 15 32 9 14 19 3 18 6 2 4 8 1 16 29 2 3.36768017929769181 28 11 12 15 1 5 3 11 2 21 8 1 32 5 6 1 2 18 9 3 10 33 1 25.893248975276947 61.9517184723795395 
13 1 8 6 32 6 16 8 2 4 12 7 4 12 11 17 2 7 3.36768017929769181 18 5 6 15 2 1 32 8 14 25 4 3 31 5 14 2 12 6 17 10 17 24 12 12 18 3 6 20 11 3 3 11 15 22 10 4 12 2 14 6 11 17.2080288529396057 210.60866078366081 
10 17 4 16 26 2.70999124060388841 11 15 11 9 16 12 4 30 11 6 3 9 2 7 7 15 32 9 14 19 3 18 6 2 4 8 1 16 29 2 17 30 13 12 15 1 5 3 11 2 21 8 1 32 5 6 1 2 14 9 8 15 32 6 22.7250097990036011 84.9185729843198374 
10 17 4 16 26 2.70999124060388841 11 15 11 9 16 12 4 30 11 6 3 9 2 7 7 15 32 9 14 19 3 18 6 2 4 8 1 16 29 2 3.36768017929769181 10 1 12 15 1 5 3 11 14 5 8 1 32 5 6 1 2 18 9 3 10 33 1 26.6446269154548645 61.4010129765427024 
10 17 4 16 26 2.70999124060388841 11 15 11 9 16 12 4 30 11 6 3 9 2 7 7 15 32 9 14 19 3 18 6 2 4 8 1 16 29 2 17 28 13 12 15 1 5 3 11 2 21 8 1 32 5 6 1 2 18 9 3 4 16 1 24.9183490872383118 62.9387723019820271 
10 17 4 16 26 2.70999124060388841 11 15 11 9 16 12 4 30 11 6 3 9 2 7 7 15 32 9 14 19 3 18 6 2 4 8 1 16 29 2 3 31 13 12 15 1 5 3 11 2 21 8 1 32 5 6 1 2 18 9 3 14 24 12 23.7315868735313416 72.7335584603715546 
11 5.34074699537910114 1 17 18 2 14 26 6 2 13 2 10 32 2 6 19 1 6 6 10 15 18 2 12 24 7 12 30 10 13 5 8 9.25570237641795579 12 2 15 1 3 8 15 4 4 26 5 16 6 6 13 1 4 12 20 12 16 6 7 14 32 13 17.8088445067405701 194.486181783472773 
8 1 9 16 15 11 12 26 8 16 6 4 3.36768017929769181 13 4 1 14 6 14 31 9 6 2 5 14 6 5 15 17 9 13 15 10 14 17 4 6 25 10 15 30 12 15 24 6.96245171630185755 10 32 8 13 20 13 6 25 6 12 18 2 13 28 9 17.1913028359413147 241.711345963977521 
10 17 4 16 26 2.70999124060388841 11 15 11 9 16 12 4 30 11 6 3 9 2 7 7 15 32 9 14 19 3 18 6 2 4 8 1 16 29 2 17 18 1 12 15 1 5 3 11 14 20 11 1 32 5 6 1 2 18 9 3 13 1 9 22.2730288505554199 84.9496230199780911 

Current Evaluation = 60000000(60000080)
Front Size = 31
9 29 2 2 25 10 11 18 12 13 32 1 16 24 2 5 2 9 6 30 1 6 24 2 1 12 9 12 3 10 2 15 7 3.36768017929769181 7 10 12 8 8 17 30 11 15 24 5 9 18 13 10 6 6.96245171630185755 16 25 3.84646942076222631 3 31 10 14 1 6 20.3511399030685425 164.333912157673808 
10 17 4 16 26 2.70999124060388841 11 15 11 14 31 9 4 30 11 6 3 9 2 7 7 15 32 9 14 19 3 18 6 2 4 8 1 16 29 2 12 24 8 12 15 1 5 3 11 2 21 8 1 32 5 6 1 2 14 30 4 16 6 10 21.4551138579845428 111.013094300520606 
10 17 4 16 26 2.70999124060388841 11 15 11 9 16 12 4 30 11 6 3 9 2 7 7 15 32 9 14 19 3 18 6 2 4 8 1 16 29 2 17 16 8 12 15 1 5 3 11 13 12 9 1 32 5 6 1 2 18 9 3 11 6 1 23.2743657827377319 72.7989623960385046 
10 17 4 16 26 2.70999124060388841 11 15 11 9 16 12 4 30 11 6 3 9 2 7 7 15 32 9 14 19 3 18 6 2 4 8 1 16 29 2 3 16 1 12 15 1 5 3 11 14 12 7 1 32 5 6 1 2 18 9 3 10 33 1 23.994979053735733 64.9035347001125587 
13 15 1 5 26 13 2 13 7 16 9 6 17 16 9 6 5.34074699537910114 7 14 32 4 14 22 6.96245171630185755 16 3 5 13 26 5 12 15 11 14 30 11 14 1 4 9 16 2 3 31 2 4.94126535182462057 32 2 11 1 6 14 24 8 6 12 5 15 29 9.82524131762891173 18.5113565623760223 192.217357436165457 
10 17 4 16 26 2.70999124060388841 11 15 11 9 16 12 4 30 11 6 3 9 2 7 7 15 32 9 14 19 3 18 6 2 4 8 1 16 29 2 9 25 13 12 15 1 5 3 11 2 21 8 1 32 5 6 1 2 14 30 7 15 19 9 22.7533078193664551 83.4058013155675013 
10 17 4 16 26 2.70999124060388841 11 15 11 9 16 12 4 30 11 6 3 9 2 7 7 15 32 9 14 19 3 18 6 2 4 8 1 16 29 2 17 25 1 12 15 1 5 3 11 9 26 13 1 32 5 6 1 2 2 23 13 14 31 5 22.1518366932868958 92.4580984170130762 
10 17 4 16 26 2.70999124060388841 11 15 11 9 16 12 4 30 11 6 3 9 2 7 7 15 32 9 14 19 3 18 6 2 4 8 1 16 29 2 11 25 12 12 15 1 5 3 11 14 12 9 1 32 5 6 1 2 18 9 3 9 24 7 22.8370368778705597 73.0093260930856331 
10 17 4 16 26 2.70999124060388841 14 30 8 9 16 12 4 30 11 6 3 9 2 7 7 15 32 9 14 19 3 18 6 2 1 24 7 16 29 2 14 9 4 12 15 1 5 3 11 17 31 10 1 32 5 6 1 2 1 1 13 10 33 1 20.8351488709449768 135.504985000095587 
10 17 4 16 26 2.70999124060388841 11 15 11 9 16 12 4 30 11 6 3 9 2 7 7 15 32 9 14 19 3 18 6 2 4 8 1 16 29 2 3.36768017929769181 10 1 12 15 1 5 3 11 2 21 8 1 32 5 6 1 2 18 9 3 9 24 1 26.9747568964958191 60.1882062353193774 
10 17 4 16 26 2.70999124060388841 11 15 11 9 16 12 4 30 11 6 3 9 2 7 7 15 32 9 14 19 3 18 6 2 4 8 1 16 29 2 3.36768017929769181 10 1 12 15 1 5 3 11 2 21 8 1 32 5 6 1 2 18 9 3 10 33 1 28.046737015247345 58.5458264683606728 
10 17 4 16 26 2.70999124060388841 11 15 11 9 16 12 4 30 11 6 3 9 2 7 7 15 32 9 14 19 3 18 6 2 4 8 1 16 29 2 3.36768017929769181 10 1 12 15 1 5 3 11 15 5 12 1 32 5 6 1 2 18 9 3 10 33 1 26.8339989185333252 60.7530065681473133 
13 1 10 18 30 2 14 13 2.70999124060388841 6 30 4 4 23 6.96245171630185755 10 15 1 12 16 3.84646942076222631 8 6 12 17 24 1 14 25 9 16 20 12 14 32 3 2 28 9.82524131762891173 12 5 6 3 9 5 12 26 5 1 15 1 17.8244721320812971 9 7 12 32 5 17 25 7 18.9501230120658875 187.682580654639452 
10 17 4 16 26 2.70999124060388841 11 15 11 9 16 12 4 30 11 6 3 9 2 7 7 15 32 9 14 19 3 18 6 2 4 8 1 16 29 2 3.36768017929769181 10 1 12 15 1 5 3 11 2 14 13 1 32 5 6 1 2 18 9 3 10 33 1 27.0343329310417175 59.8686231967268583 
10 17 4 16 26 2.70999124060388841 11 15 11 9 16 12 4 30 11 6 3 9 3.36768017929769181 16.1354543567662532 3 15 32 9 14 19 3 18 6 2 4 8 1 4 31 2 3 30 11 12 15 1 5 3 11 13 26 7 1 32 5 6 1 2 4 26 9 10 33 1 21.4053248763084412 111.308445105941402 
1 5.34074699537910114 13 2 31 12 17 6 8 11 30 9 14 23 12 9.25570237641795579 14 2 1 19 11 4 25 3 16 24 5 17 16 10 10 1 5 2 22 2 8 22 8 2 24 13 14 13 2 4.94126535182462057 18 11 13 26 4 10 24 3 3 12 3 14 9 10 20.0754777193069458 169.502960351975588 
15 19 9 14 1 2 11 15 11 9 16 12 4 30 11 6 3 9 1 15 4 15 32 9 14 19 3 14 15 6 4 8 1 16 29 2 15 31 3 12 15 1 5 3 11 16 19 3 1 32 5 6 1 2 17 12 2.70999124060388841 10 33 1 20.5932538509368896 137.064894266345362 
6 25 2 16 26 2.70999124060388841 11 15 11 9 16 12 4 30 11 6 3 9 2 7 7 15 32 9 14 19 3 18 6 2 4 8 1 16 29 2 14 12 9 12 15 1 5 3 11 1 26 1 1 32 5 6 1 2 18 9 3 14 5 7 21.2035867273807526 115.087080617563529 
14 5 7 16 26 2.70999124060388841 11 15 11 9 16 12 4 30 11 6 3 9 2 7 7 15 32 9 14 19 3 18 6 2 4 8 1 16 29 2 15 24 3 12 15 1 5 3 11 2 21 8 1 32 5 6 1 2 14 30 13 17 24 7 21.4600557684898376 93.6652179238504061 
10 17 4 16 26 2.70999124060388841 11 15 11 9 16 12 4 30 11 6 3 9 2 7 7 15 32 9 14 19 3 18 6 2 4 8 1 16 29 2 14 20 9 12 15 1 5 3 11 14 2 11 1 32 5 6 1 2 1 2 4 6 30 10 20.9901698231697083 115.57119935213413 
10 17 4 16 26 2.70999124060388841 11 15 11 9 16 12 4 30 11 6 3 9 2 7 7 15 32 9 14 19 3 18 6 2 4 8 1 16 29 2 3.36768017929769181 10 1 12 15 1 5 3 11 2 21 8 1 32 5 6 1 2 18 9 3 3.36768017929769181 28 1 27.4759758114814758 59.5420425143165488 
2 25 9 13 19 2.70999124060388841 2 26 11 3 18 12 14 6 3 1 24 13 17 16.1354543567662532 9 6 25 10 9 31 3.84646942076222631 4 15 2 14 24 11 15 20 2 17 1 4 12 13 5 14 9 7 10 19 13 3 23.4025356524426229 11 13 31.8448655754823804 8 11 20 1 5 5 4 19.058874785900116 169.619981826958593 
13 1 8 6 32 6 16 8 2 4 12 7 4 12 11 17 2 7 3.36768017929769181 18 5 6 15 2 1 32 8 14 25 4 3 31 5 14 2 12 6 17 10 17 24 12 12 18 3 6 20 11 3 3 11 15 22 10 4 12 2 14 6 11 17.2080288529396057 210.60866078366081 
10 17 4 16 26 2.70999124060388841 11 15 11 9 16 12 4 30 11 6 3 9 2 7 7 15 32 9 14 19 3 18 6 2 4 8 1 16 29 2 17 30 13 12 15 1 5 3 11 2 21 8 1 32 5 6 1 2 14 9 8 15 32 6 22.7250097990036011 84.9185729843198374 
11 5.34074699537910114 1 17 18 2 14 26 6 2 13 2 10 32 2 6 19 1 6 6 10 15 18 2 12 24 7 12 30 10 13 5 8 9.25570237641795579 12 2 15 1 3 8 15 4 4 26 5 16 6 6 13 1 4 12 20 12 16 6 7 14 32 13 17.8088445067405701 194.486181783472773 
10 17 4 16 26 2.70999124060388841 11 15 11 9 16 12 4 30 11 6 3 9 2 7 7 15 32 9 14 19 3 18 6 2 4 8 1 16 29 2 17 18 1 12 15 1 5 3 11 14 20 11 1 32 5 6 1 2 18 9 3 13 1 9 22.2730288505554199 84.9496230199780911 
10 17 4 16 26 2.70999124060388841 11 15 11 9 16 12 4 30 11 6 3 9 2 7 7 15 32 9 14 19 3 18 6 2 4 8 1 16 29 2 17 31 8 12 15 1 5 3 11 14 20 3 1 32 5 6 1 2 18 9 3 10 33 1 23.6085639595985413 68.0583422570611418 
14 18 5 14 30 13 1 8 11 3 5.34074699537910114 1 9.25570237641795579 1 6 3 25 10 1 16 7 13 31 2 2 6 4 2 26 3.84646942076222631 17 9 4 13 31 9 13.2195649013323386 32 13 13 13 7 14 32 4 14 22 7 2 30 7 12 8 2 1 6 5 4 19 1 17.1381396353244781 239.493600459336079 
10 17 4 16 26 2.70999124060388841 11 15 11 9 16 12 4 30 11 6 3 9 2 7 7 15 32 9 14 19 3 18 6 2 4 8 1 16 29 2 3 28 1 12 15 1 5 3 11 2 21 8 1 32 5 6 1 2 17 26 7 10 33 1 24.8387468457221985 62.0515275236970894 
10 17 4 16 26 2.70999124060388841 11 15 11 9 16 12 4 30 11 6 3 9 2 7 7 15 32 9 14 19 3 18 6 2 4 8 1 16 29 2 3 20 11 12 15 1 5 3 11 15 25 13 1 32 5 6 1 2 18 9 3 10 33 1 23.9253379702568054 66.3910775084441127 
10 17 4 16 26 2.70999124060388841 11 15 11 9 16 12 4 30 11 6 3 9 2 7 7 15 32 9 14 19 3 18 6 2 4 8 1 16 29 2 3 16 1 12 15 1 5 3 11 2 21 8 1 32 5 6 1 2 18 9 3 10 33 1 25.7297831177711487 60.7774789415745005 

Current Evaluation = 70000000(70000000)
Front Size = 34
9 29 2 2 25 10 11 18 12 13 32 1 16 24 2 5 2 9 6 30 1 6 24 2 1 12 9 12 3 10 2 15 7 3.36768017929769181 7 10 12 8 8 17 30 11 15 24 5 9 18 13 10 6 6.96245171630185755 16 25 3.84646942076222631 3 31 10 14 1 6 20.3511399030685425 164.333912157673808 
10 17 4 16 26 2.70999124060388841 11 15 11 14 31 9 4 30 11 6 3 9 2 7 7 15 32 9 14 19 3 18 6 2 4 8 1 16 29 2 12 24 8 12 15 1 5 3 11 2 21 8 1 32 5 6 1 2 14 30 4 16 6 10 21.4551138579845428 111.013094300520606 
10 17 4 16 26 2.70999124060388841 11 15 11 9 16 12 4 30 11 6 3 9 2 7 7 15 32 9 14 19 3 18 6 2 4 8 1 16 29 2 17 16 8 12 15 1 5 3 11 13 12 9 1 32 5 6 1 2 18 9 3 11 6 1 23.2743657827377319 72.7989623960385046 
10 17 4 16 26 2.70999124060388841 11 15 11 9 16 12 4 30 11 6 3 9 2 7 7 15 32 9 14 19 3 18 6 2 4 8 1 16 29 2 3 16 1 12 15 1 5 3 11 14 12 7 1 32 5 6 1 2 18 9 3 10 33 1 23.994979053735733 64.9035347001125587 
13 15 1 5 26 13 2 13 7 16 9 6 17 16 9 6 5.34074699537910114 7 14 32 4 14 22 6.96245171630185755 16 3 5 13 26 5 12 15 11 14 30 11 14 1 4 9 16 2 3 31 2 4.94126535182462057 32 2 11 1 6 14 24 8 6 12 5 15 29 9.82524131762891173 18.5113565623760223 192.217357436165457 
10 17 4 16 26 2.70999124060388841 11 15 11 9 16 12 4 30 11 6 3 9 2 7 7 15 32 9 14 19 3 18 6 2 4 8 1 16 29 2 9 25 13 12 15 1 5 3 11 2 21 8 1 32 5 6 1 2 14 30 7 15 19 9 22.7533078193664551 83.4058013155675013 
10 17 4 16 26 2.70999124060388841 11 15 11 9 16 12 4 30 11 6 3 9 2 7 7 15 32 9 14 19 3 18 6 2 4 8 1 16 29 2 17 25 1 12 15 1 5 3 11 9 26 13 1 32 5 6 1 2 2 23 13 14 31 5 22.1518366932868958 92.4580984170130762 
10 17 4 16 26 2.70999124060388841 11 15 11 9 16 12 4 30 11 6 3 9 2 7 7 15 32 9 14 19 3 18 6 2 4 8 1 16 29 2 11 25 12 12 15 1 5 3 11 14 12 9 1 32 5 6 1 2 18 9 3 9 24 7 22.8370368778705597 73.0093260930856331 
10 17 4 16 26 2.70999124060388841 14 30 8 9 16 12 4 30 11 6 3 9 2 7 7 15 32 9 14 19 3 18 6 2 1 24 7 16 29 2 14 9 4 12 15 1 5 3 11 17 31 10 1 32 5 6 1 2 1 1 13 10 33 1 20.8351488709449768 135.504985000095587 
10 17 4 16 26 2.70999124060388841 11 15 11 9 16 12 4 30 11 6 3 9 2 7 7 15 32 9 14 19 3 18 6 2 4 8 1 16 29 2 3.36768017929769181 10 1 12 15 1 5 3 11 2 21 8 1 32 5 6 1 2 18 9 3 9 24 1 26.9747568964958191 60.1882062353193774 
10 17 4 16 26 2.70999124060388841 11 15 11 9 16 12 4 30 11 6 3 9 2 7 7 15 32 9 14 19 3 18 6 2 4 8 1 16 29 2 3.36768017929769181 10 1 12 15 1 5 3 11 2 21 8 1 32 5 6 1 2 18 9 3 10 33 1 28.046737015247345 58.5458264683606728 
10 17 4 16 26 2.70999124060388841 11 15 11 9 16 12 4 30 11 6 3 9 2 7 7 15 32 9 14 19 3 18 6 2 4 8 1 16 29 2 3.36768017929769181 10 1 12 15 1 5 3 11 2 14 13 1 32 5 6 1 2 18 9 3 10 33 1 27.0343329310417175 59.8686231967268583 
10 17 4 16 26 2.70999124060388841 11 15 11 9 16 12 4 30 11 6 3 9 3.36768017929769181 16.1354543567662532 3 15 32 9 14 19 3 18 6 2 4 8 1 4 31 2 3 30 11 12 15 1 5 3 11 13 26 7 1 32 5 6 1 2 4 26 9 10 33 1 21.4053248763084412 111.308445105941402 
1 5.34074699537910114 13 2 31 12 17 6 8 11 30 9 14 23 12 9.25570237641795579 14 2 1 19 11 4 25 3 16 24 5 17 16 10 10 1 5 2 22 2 8 22 8 2 24 13 14 13 2 4.94126535182462057 18 11 13 26 4 10 24 3 3 12 3 14 9 10 20.0754777193069458 169.502960351975588 
15 19 9 14 1 2 11 15 11 9 16 12 4 30 11 6 3 9 1 15 4 15 32 9 14 19 3 14 15 6 4 8 1 16 29 2 15 31 3 12 15 1 5 3 11 16 19 3 1 32 5 6 1 2 17 12 2.70999124060388841 10 33 1 20.5932538509368896 137.064894266345362 
6 25 2 16 26 2.70999124060388841 11 15 11 9 16 12 4 30 11 6 3 9 2 7 7 15 32 9 14 19 3 18 6 2 4 8 1 16 29 2 14 12 9 12 15 1 5 3 11 1 26 1 1 32 5 6 1 2 18 9 3 14 5 7 21.2035867273807526 115.087080617563529 
14 5 7 16 26 2.70999124060388841 11 15 11 9 16 12 4 30 11 6 3 9 2 7 7 15 32 9 14 19 3 18 6 2 4 8 1 16 29 2 15 24 3 12 15 1 5 3 11 2 21 8 1 32 5 6 1 2 14 30 13 17 24 7 21.4600557684898376 93.6652179238504061 
10 17 4 16 26 2.70999124060388841 11 15 11 9 16 12 4 30 11 6 3 9 2 7 7 15 32 9 14 19 3 18 6 2 4 8 1 16 29 2 14 20 9 12 15 1 5 3 11 14 2 11 1 32 5 6 1 2 1 2 4 6 30 10 20.9901698231697083 115.57119935213413 
10 17 4 16 26 2.70999124060388841 11 15 11 9 16 12 4 30 11 6 3 9 2 7 7 15 32 9 14 19 3 18 6 2 4 8 1 16 29 2 3.36768017929769181 10 1 12 15 1 5 3 11 2 21 8 1 32 5 6 1 2 18 9 3 3.36768017929769181 28 1 27.4759758114814758 59.5420425143165488 
2 25 9 13 19 2.70999124060388841 2 26 11 3 18 12 14 6 3 1 24 13 17 16.1354543567662532 9 6 25 10 9 31 3.84646942076222631 4 15 2 14 24 11 15 20 2 17 1 4 12 13 5 14 9 7 10 19 13 3 23.4025356524426229 11 13 31.8448655754823804 8 11 20 1 5 5 4 19.058874785900116 169.619981826958593 
13 1 8 6 32 6 16 8 2 4 12 7 4 12 11 17 2 7 3.36768017929769181 18 5 6 15 2 1 32 8 14 25 4 3 31 5 14 2 12 6 17 10 17 24 12 12 18 3 6 20 11 3 3 11 15 22 10 4 12 2 14 6 11 17.2080288529396057 210.60866078366081 
10 17 4 16 26 2.70999124060388841 11 15 11 9 16 12 4 30 11 6 3 9 2 7 7 15 32 9 14 19 3 18 6 2 4 8 1 16 29 2 17 30 13 12 15 1 5 3 11 2 21 8 1 32 5 6 1 2 14 9 8 15 32 6 22.7250097990036011 84.9185729843198374 
11 5.34074699537910114 1 17 18 2 14 26 6 2 13 2 10 32 2 6 19 1 6 6 10 15 18 2 12 24 7 12 30 10 13 5 8 9.25570237641795579 12 2 15 1 3 8 15 4 4 26 5 16 6 6 13 1 4 12 20 12 16 6 7 14 32 13 17.8088445067405701 194.486181783472773 
10 17 4 16 26 2.70999124060388841 11 15 11 9 16 12 4 30 11 6 3 9 2 7 7 15 32 9 14 19 3 18 6 2 4 8 1 16 29 2 17 18 1 12 15 1 5 3 11 14 20 11 1 32 5 6 1 2 18 9 3 13 1 9 22.2730288505554199 84.9496230199780911 
10 17 4 16 26 2.70999124060388841 11 15 11 9 16 12 4 30 11 6 3 9 2 7 7 15 32 9 14 19 3 18 6 2 4 8 1 16 29 2 17 31 8 12 15 1 5 3 11 14 20 3 1 32 5 6 1 2 18 9 3 10 33 1 23.6085639595985413 68.0583422570611418 
14 18 5 14 30 13 1 8 11 3 5.34074699537910114 1 9.25570237641795579 1 6 3 25 10 1 16 7 13 31 2 2 6 4 2 26 3.84646942076222631 17 9 4 13 31 9 13.2195649013323386 32 13 13 13 7 14 32 4 14 22 7 2 30 7 12 8 2 1 6 5 4 19 1 17.1381396353244781 239.493600459336079 
10 17 4 16 26 2.70999124060388841 11 15 11 9 16 12 4 30 11 6 3 9 2 7 7 15 32 9 14 19 3 18 6 2 4 8 1 16 29 2 3 28 1 12 15 1 5 3 11 2 21 8 1 32 5 6 1 2 17 26 7 10 33 1 24.8387468457221985 62.0515275236970894 
10 17 4 16 26 2.70999124060388841 11 15 11 9 16 12 4 30 11 6 3 9 2 7 7 15 32 9 14 19 3 18 6 2 4 8 1 16 29 2 3 20 11 12 15 1 5 3 11 15 25 13 1 32 5 6 1 2 18 9 3 10 33 1 23.9253379702568054 66.3910775084441127 
10 17 4 16 26 2.70999124060388841 11 15 11 9 16 12 4 30 11 6 3 9 2 7 7 15 32 9 14 19 3 18 6 2 4 8 1 16 29 2 3 16 1 12 15 1 5 3 11 2 21 8 1 32 5 6 1 2 18 9 3 10 33 1 25.7297831177711487 60.7774789415745005 
10 17 4 16 26 2.70999124060388841 11 15 11 9 16 12 4 30 11 6 3 9 2 7 7 15 32 9 1 1 3 18 6 2 4 8 1 16 29 2 3.36768017929769181 10 1 12 15 1 5 3 11 2 21 8 1 32 5 6 1 2 18 9 3 10 33 1 27.9891830086708069 59.1975798072182329 
10 17 4 16 26 2.70999124060388841 11 15 11 9 16 12 4 30 11 6 3 9 2 7 7 15 32 9 14 19 3 18 6 2 4 8 1 16 2 2 3.36768017929769181 10 1 12 15 1 5 3 11 2 21 8 1 32 5 6 1 2 18 9 3 10 33 1 27.4104090332984924 59.7178008001604539 
10 17 4 16 26 2.70999124060388841 11 15 11 9 16 12 4 30 11 6 3 9 2 7 7 15 32 9 14 19 3 18 6 2 4 8 1 16 29 2 3.36768017929769181 10 1 12 15 1 5 3 11 15 5 13 1 32 5 6 1 2 18 9 3 10 33 1 26.8339989185333252 60.6787707021201115 
10 17 4 16 26 2.70999124060388841 11 15 11 9 16 12 4 30 11 6 3 9 2 7 7 15 32 9 14 19 3 18 6 2 4 8 1 16 29 2 4 14 12 12 15 1 5 3 11 14 31 4 1 32 5 6 1 2 9 25 4 10 33 1 22.7656457722187042 74.2360733621498525 
13 18 2 16 31 13 3.36768017929769181 28 6.96245171630185755 1 1 2 12 15 10 2 30 6 4.94126535182462057 24 9 17 9 2 2 17 13 12 6 1 4 32 7 18 28 2 1 6 10 14 11 5 17 9 1 13 20 11 2 32 7 12 30 11 13.2195649013323386 31.8448655754823804 4 16 15 4 18.8569168448448181 183.598015503588272 

Current Evaluation = 80000000(80000060)
Front Size = 35
9 29 2 2 25 10 11 18 12 13 32 1 16 24 2 5 2 9 6 30 1 6 24 2 1 12 9 12 3 10 2 15 7 3.36768017929769181 7 10 12 8 8 17 30 11 15 24 5 9 18 13 10 6 6.96245171630185755 16 25 3.84646942076222631 3 31 10 14 1 6 20.3511399030685425 164.333912157673808 
10 17 4 16 26 2.70999124060388841 11 15 11 14 31 9 4 30 11 6 3 9 2 7 7 15 32 9 14 19 3 18 6 2 4 8 1 16 29 2 12 24 8 12 15 1 5 3 11 2 21 8 1 32 5 6 1 2 14 30 4 16 6 10 21.4551138579845428 111.013094300520606 
10 17 4 16 26 2.70999124060388841 11 15 11 9 16 12 4 30 11 6 3 9 2 7 7 15 32 9 14 19 3 18 6 2 4 8 1 16 29 2 17 16 8 12 15 1 5 3 11 13 12 9 1 32 5 6 1 2 18 9 3 11 6 1 23.2743657827377319 72.7989623960385046 
10 17 4 16 26 2.70999124060388841 11 15 11 9 16 12 4 30 11 6 3 9 2 7 7 15 32 9 14 19 3 18 6 2 4 8 1 16 29 2 3 16 1 12 15 1 5 3 11 14 12 7 1 32 5 6 1 2 18 9 3 10 33 1 23.994979053735733 64.9035347001125587 
13 15 1 5 26 13 2 13 7 16 9 6 17 16 9 6 5.34074699537910114 7 14 32 4 14 22 6.96245171630185755 16 3 5 13 26 5 12 15 11 14 30 11 14 1 4 9 16 2 3 31 2 4.94126535182462057 32 2 11 1 6 14 24 8 6 12 5 15 29 9.82524131762891173 18.5113565623760223 192.217357436165457 
10 17 4 16 26 2.70999124060388841 11 15 11 9 16 12 4 30 11 6 3 9 2 7 7 15 32 9 14 19 3 18 6 2 4 8 1 16 29 2 9 25 13 12 15 1 5 3 11 2 21 8 1 32 5 6 1 2 14 30 7 15 19 9 22.7533078193664551 83.4058013155675013 
10 17 4 16 26 2.70999124060388841 11 15 11 9 16 12 4 30 11 6 3 9 2 7 7 15 32 9 14 19 3 18 6 2 4 8 1 16 29 2 17 25 1 12 15 1 5 3 11 9 26 13 1 32 5 6 1 2 2 23 13 14 31 5 22.1518366932868958 92.4580984170130762 
10 17 4 16 26 2.70999124060388841 11 15 11 9 16 12 4 30 11 6 3 9 2 7 7 15 32 9 14 19 3 18 6 2 4 8 1 16 29 2 11 25 12 12 15 1 5 3 11 14 12 9 1 32 5 6 1 2 18 9 3 9 24 7 22.8370368778705597 73.0093260930856331 
10 17 4 16 26 2.70999124060388841 11 15 11 9 16 12 4 30 11 6 3 9 2 7 7 15 32 9 14 19 3 18 6 2 4 8 1 16 29 2 3.36768017929769181 10 1 12 15 1 5 3 11 2 21 8 1 32 5 6 1 2 18 9 3 9 24 1 26.9747568964958191 60.1882062353193774 
10 17 4 16 26 2.70999124060388841 11 15 11 9 16 12 4 30 11 6 3 9 2 7 7 15 32 9 14 19 3 18 6 2 4 8 1 16 29 2 3.36768017929769181 10 1 12 15 1 5 3 11 2 14 13 1 32 5 6 1 2 18 9 3 10 33 1 27.0343329310417175 59.8686231967268583 
10 17 4 16 26 2.70999124060388841 11 15 11 9 16 12 4 30 11 6 3 9 3.36768017929769181 16.1354543567662532 3 15 32 9 14 19 3 18 6 2 4 8 1 4 31 2 3 30 11 12 15 1 5 3 11 13 26 7 1 32 5 6 1 2 4 26 9 10 33 1 21.4053248763084412 111.308445105941402 
6 25 2 16 26 2.70999124060388841 11 15 11 9 16 12 4 30 11 6 3 9 2 7 7 15 32 9 14 19 3 18 6 2 4 8 1 16 29 2 14 12 9 12 15 1 5 3 11 1 26 1 1 32 5 6 1 2 18 9 3 14 5 7 21.2035867273807526 115.087080617563529 
14 5 7 16 26 2.70999124060388841 11 15 11 9 16 12 4 30 11 6 3 9 2 7 7 15 32 9 14 19 3 18 6 2 4 8 1 16 29 2 15 24 3 12 15 1 5 3 11 2 21 8 1 32 5 6 1 2 14 30 13 17 24 7 21.4600557684898376 93.6652179238504061 
10 17 4 16 26 2.70999124060388841 11 15 11 9 16 12 4 30 11 6 3 9 2 7 7 15 32 9 14 19 3 18 6 2 4 8 1 16 29 2 14 20 9 12 15 1 5 3 11 14 2 11 1 32 5 6 1 2 1 2 4 6 30 10 20.9901698231697083 115.57119935213413 
10 17 4 16 26 2.70999124060388841 11 15 11 9 16 12 4 30 11 6 3 9 2 7 7 15 32 9 14 19 3 18 6 2 4 8 1 16 29 2 3.36768017929769181 10 1 12 15 1 5 3 11 2 21 8 1 32 5 6 1 2 18 9 3 3.36768017929769181 28 1 27.4759758114814758 59.5420425143165488 
2 25 9 13 19 2.70999124060388841 2 26 11 3 18 12 14 6 3 1 24 13 17 16.1354543567662532 9 6 25 10 9 31 3.84646942076222631 4 15 2 14 24 11 15 20 2 17 1 4 12 13 5 14 9 7 10 19 13 3 23.4025356524426229 11 13 31.8448655754823804 8 11 20 1 5 5 4 19.058874785900116 169.619981826958593 
13 1 8 6 32 6 16 8 2 4 12 7 4 12 11 17 2 7 3.36768017929769181 18 5 6 15 2 1 32 8 14 25 4 3 31 5 14 2 12 6 17 10 17 24 12 12 18 3 6 20 11 3 3 11 15 22 10 4 12 2 14 6 11 17.2080288529396057 210.60866078366081 
11 5.34074699537910114 1 17 18 2 14 26 6 2 13 2 10 32 2 6 19 1 6 6 10 15 18 2 12 24 7 12 30 10 13 5 8 9.25570237641795579 12 2 15 1 3 8 15 4 4 26 5 16 6 6 13 1 4 12 20 12 16 6 7 14 32 13 17.8088445067405701 194.486181783472773 
10 17 4 16 26 2.70999124060388841 11 15 11 9 16 12 4 30 11 6 3 9 2 7 7 15 32 9 14 19 3 18 6 2 4 8 1 16 29 2 17 18 1 12 15 1 5 3 11 14 20 11 1 32 5 6 1 2 18 9 3 13 1 9 22.2730288505554199 84.9496230199780911 
10 17 4 16 26 2.70999124060388841 11 15 11 9 16 12 4 30 11 6 3 9 2 7 7 15 32 9 14 19 3 18 6 2 4 8 1 16 29 2 17 31 8 12 15 1 5 3 11 14 20 3 1 32 5 6 1 2 18 9 3 10 33 1 23.6085639595985413 68.0583422570611418 
14 18 5 14 30 13 1 8 11 3 5.34074699537910114 1 9.25570237641795579 1 6 3 25 10 1 16 7 13 31 2 2 6 4 2 26 3.84646942076222631 17 9 4 13 31 9 13.2195649013323386 32 13 13 13 7 14 32 4 14 22 7 2 30 7 12 8 2 1 6 5 4 19 1 17.1381396353244781 239.493600459336079 
10 17 4 16 26 2.70999124060388841 11 15 11 9 16 12 4 30 11 6 3 9 2 7 7 15 32 9 14 19 3 18 6 2 4 8 1 16 29 2 3 28 1 12 15 1 5 3 11 2 21 8 1 32 5 6 1 2 17 26 7 10 33 1 24.8387468457221985 62.0515275236970894 
10 17 4 16 26 2.70999124060388841 11 15 11 9 16 12 4 30 11 6 3 9 2 7 7 15 32 9 14 19 3 18 6 2 4 8 1 16 29 2 3 20 11 12 15 1 5 3 11 15 25 13 1 32 5 6 1 2 18 9 3 10 33 1 23.9253379702568054 66.3910775084441127 
10 17 4 16 26 2.70999124060388841 11 15 11 9 16 12 4 30 11 6 3 9 2 7 7 15 32 9 14 19 3 18 6 2 4 8 1 16 29 2 3 16 1 12 15 1 5 3 11 2 21 8 1 32 5 6 1 2 18 9 3 10 33 1 25.7297831177711487 60.7774789415745005 
10 17 4 16 26 2.70999124060388841 11 15 11 9 16 12 4 30 11 6 3 9 2 7 7 15 32 9 14 19 3 18 6 2 4 8 1 16 2 2 3.36768017929769181 10 1 12 15 1 5 3 11 2 21 8 1 32 5 6 1 2 18 9 3 10 33 1 27.4104090332984924 59.7178008001604539 
10 17 4 16 26 2.70999124060388841 11 15 11 9 16 12 4 30 11 6 3 9 2 7 7 15 32 9 14 19 3 18 6 2 4 8 1 16 29 2 3.36768017929769181 10 1 12 15 1 5 3 11 15 5 13 1 32 5 6 1 2 18 9 3 10 33 1 26.8339989185333252 60.6787707021201115 
10 17 4 16 26 2.70999124060388841 11 15 11 9 16 12 4 30 11 6 3 9 2 7 7 15 32 9 14 19 3 18 6 2 4 8 1 16 29 2 4 14 12 12 15 1 5 3 11 14 31 4 1 32 5 6 1 2 9 25 4 10 33 1 22.7656457722187042 74.2360733621498525 
13 18 2 16 31 13 3.36768017929769181 28 6.96245171630185755 1 1 2 12 15 10 2 30 6 4.94126535182462057 24 9 17 9 2 2 17 13 12 6 1 4 32 7 18 28 2 1 6 10 14 11 5 17 9 1 13 20 11 2 32 7 12 30 11 13.2195649013323386 31.8448655754823804 4 16 15 4 18.8569168448448181 183.598015503588272 
3.36768017929769181 6 5 8 20 2 10 19 6.96245171630185755 1 3 11 4 6 5 5 8.22565314501180467 2 1 14 1 14 20 3 6 2 2 12 1 9.82524131762891173 3 16 8 17.8244721320812971 23 11 4 24 2 14 26 13 6 3 8 18 12 4 6 24 10 3 31 2 3 17 2 16 32 7 19.950736939907074 167.279412608752637 
10 17 4 16 26 2.70999124060388841 11 15 11 9 16 12 4 30 11 6 3 9 2 7 7 15 32 9 14 19 3 18 6 2 4 8 1 16 29 2 3.36768017929769181 10 1 12 15 1 5 3 11 2 21 8 1 32 5 6 1 2 18 9 3 10 33 1 28.046737015247345 58.5042506197724919 
5 12 9 16 26 2.70999124060388841 11 15 11 9 16 12 4 30 11 6 3 9 2 7 7 15 32 9 14 19 3 18 6 2 4 8 1 16 29 2 3 18 13 12 15 1 5 3 11 14 25 6 1 32 5 6 1 2 18 9 3 10 33 1 23.5312419533729553 70.411703871706024 
10 17 4 16 26 2.70999124060388841 11 15 11 9 16 12 4 30 11 6 3 9 2 7 7 15 32 9 14 19 3 3 24 7 14 24 2 6 15 11 4 12 1 12 15 1 5 3 11 9 14 4 1 32 5 6 1 2 18 9 3 15 18 6 20.4900749325752258 134.002066194860333 
10 17 4 16 26 2.70999124060388841 11 15 11 9 16 12 4 30 11 6 3 9 2 7 7 15 32 9 14 19 3 18 6 2 4 8 1 16 29 2 3.36768017929769181 10 1 12 15 1 5 3 11 2 21 8 1 32 5 6 1 2 18 9 3 9 24 2 26.8387709259986877 60.6066399620761729 
10 17 4 16 26 2.70999124060388841 11 15 11 9 16 12 4 30 11 6 3 9 2 7 7 15 32 9 14 1 5 18 6 2 4 8 1 16 29 2 3.36768017929769181 10 1 12 15 1 5 3 11 2 21 8 1 32 5 6 1 2 18 9 3 10 33 1 27.7518079876899719 59.1972221009430655 
10 17 4 16 26 2.70999124060388841 11 15 11 9 16 12 4 30 11 6 3 9 2 7 7 15 32 9 14 19 3 18 6 2 4 8 1 16 29 2 13 26 1 12 15 1 5 3 11 2 21 8 1 32 5 6 1 2 17 24 9 4 6 1 22.710442841053009 83.799973496137838 

Current Evaluation = 90000000(90000120)
Front Size = 41
9 29 2 2 25 10 11 18 12 13 32 1 16 24 2 5 2 9 6 30 1 6 24 2 1 12 9 12 3 10 2 15 7 3.36768017929769181 7 10 12 8 8 17 30 11 15 24 5 9 18 13 10 6 6.96245171630185755 16 25 3.84646942076222631 3 31 10 14 1 6 20.3511399030685425 164.333912157673808 
10 17 4 16 26 2.70999124060388841 11 15 11 14 31 9 4 30 11 6 3 9 2 7 7 15 32 9 14 19 3 18 6 2 4 8 1 16 29 2 12 24 8 12 15 1 5 3 11 2 21 8 1 32 5 6 1 2 14 30 4 16 6 10 21.4551138579845428 111.013094300520606 
10 17 4 16 26 2.70999124060388841 11 15 11 9 16 12 4 30 11 6 3 9 2 7 7 15 32 9 14 19 3 18 6 2 4 8 1 16 29 2 17 16 8 12 15 1 5 3 11 13 12 9 1 32 5 6 1 2 18 9 3 11 6 1 23.2743657827377319 72.7989623960385046 
10 17 4 16 26 2.70999124060388841 11 15 11 9 16 12 4 30 11 6 3 9 2 7 7 15 32 9 14 19 3 18 6 2 4 8 1 16 29 2 3 16 1 12 15 1 5 3 11 14 12 7 1 32 5 6 1 2 18 9 3 10 33 1 23.994979053735733 64.9035347001125587 
13 15 1 5 26 13 2 13 7 16 9 6 17 16 9 6 5.34074699537910114 7 14 32 4 14 22 6.96245171630185755 16 3 5 13 26 5 12 15 11 14 30 11 14 1 4 9 16 2 3 31 2 4.94126535182462057 32 2 11 1 6 14 24 8 6 12 5 15 29 9.82524131762891173 18.5113565623760223 192.217357436165457 
10 17 4 16 26 2.70999124060388841 11 15 11 9 16 12 4 30 11 6 3 9 2 7 7 15 32 9 14 19 3 18 6 2 4 8 1 16 29 2 17 25 1 12 15 1 5 3 11 9 26 13 1 32 5 6 1 2 2 23 13 14 31 5 22.1518366932868958 92.4580984170130762 
10 17 4 16 26 2.70999124060388841 11 15 11 9 16 12 4 30 11 6 3 9 2 7 7 15 32 9 14 19 3 18 6 2 4 8 1 16 29 2 11 25 12 12 15 1 5 3 11 14 12 9 1 32 5 6 1 2 18 9 3 9 24 7 22.8370368778705597 73.0093260930856331 
10 17 4 16 26 2.70999124060388841 11 15 11 9 16 12 4 30 11 6 3 9 2 7 7 15 32 9 14 19 3 18 6 2 4 8 1 16 29 2 3.36768017929769181 10 1 12 15 1 5 3 11 2 21 8 1 32 5 6 1 2 18 9 3 9 24 1 26.9747568964958191 60.1882062353193774 
10 17 4 16 26 2.70999124060388841 11 15 11 9 16 12 4 30 11 6 3 9 2 7 7 15 32 9 14 19 3 18 6 2 4 8 1 16 29 2 3.36768017929769181 10 1 12 15 1 5 3 11 2 14 13 1 32 5 6 1 2 18 9 3 10 33 1 27.0343329310417175 59.8686231967268583 
10 17 4 16 26 2.70999124060388841 11 15 11 9 16 12 4 30 11 6 3 9 3.36768017929769181 16.1354543567662532 3 15 32 9 14 19 3 18 6 2 4 8 1 4 31 2 3 30 11 12 15 1 5 3 11 13 26 7 1 32 5 6 1 2 4 26 9 10 33 1 21.4053248763084412 111.308445105941402 
6 25 2 16 26 2.70999124060388841 11 15 11 9 16 12 4 30 11 6 3 9 2 7 7 15 32 9 14 19 3 18 6 2 4 8 1 16 29 2 14 12 9 12 15 1 5 3 11 1 26 1 1 32 5 6 1 2 18 9 3 14 5 7 21.2035867273807526 115.087080617563529 
14 5 7 16 26 2.70999124060388841 11 15 11 9 16 12 4 30 11 6 3 9 2 7 7 15 32 9 14 19 3 18 6 2 4 8 1 16 29 2 15 24 3 12 15 1 5 3 11 2 21 8 1 32 5 6 1 2 14 30 13 17 24 7 21.4600557684898376 93.6652179238504061 
10 17 4 16 26 2.70999124060388841 11 15 11 9 16 12 4 30 11 6 3 9 2 7 7 15 32 9 14 19 3 18 6 2 4 8 1 16 29 2 14 20 9 12 15 1 5 3 11 14 2 11 1 32 5 6 1 2 1 2 4 6 30 10 20.9901698231697083 115.57119935213413 
10 17 4 16 26 2.70999124060388841 11 15 11 9 16 12 4 30 11 6 3 9 2 7 7 15 32 9 14 19 3 18 6 2 4 8 1 16 29 2 3.36768017929769181 10 1 12 15 1 5 3 11 2 21 8 1 32 5 6 1 2 18 9 3 3.36768017929769181 28 1 27.4759758114814758 59.5420425143165488 
2 25 9 13 19 2.70999124060388841 2 26 11 3 18 12 14 6 3 1 24 13 17 16.1354543567662532 9 6 25 10 9 31 3.84646942076222631 4 15 2 14 24 11 15 20 2 17 1 4 12 13 5 14 9 7 10 19 13 3 23.4025356524426229 11 13 31.8448655754823804 8 11 20 1 5 5 4 19.058874785900116 169.619981826958593 
13 1 8 6 32 6 16 8 2 4 12 7 4 12 11 17 2 7 3.36768017929769181 18 5 6 15 2 1 32 8 14 25 4 3 31 5 14 2 12 6 17 10 17 24 12 12 18 3 6 20 11 3 3 11 15 22 10 4 12 2 14 6 11 17.2080288529396057 210.60866078366081 
11 5.34074699537910114 1 17 18 2 14 26 6 2 13 2 10 32 2 6 19 1 6 6 10 15 18 2 12 24 7 12 30 10 13 5 8 9.25570237641795579 12 2 15 1 3 8 15 4 4 26 5 16 6 6 13 1 4 12 20 12 16 6 7 14 32 13 17.8088445067405701 194.486181783472773 
10 17 4 16 26 2.70999124060388841 11 15 11 9 16 12 4 30 11 6 3 9 2 7 7 15 32 9 14 19 3 18 6 2 4 8 1 16 29 2 17 18 1 12 15 1 5 3 11 14 20 11 1 32 5 6 1 2 18 9 3 13 1 9 22.2730288505554199 84.9496230199780911 
10 17 4 16 26 2.70999124060388841 11 15 11 9 16 12 4 30 11 6 3 9 2 7 7 15 32 9 14 19 3 18 6 2 4 8 1 16 29 2 17 31 8 12 15 1 5 3 11 14 20 3 1 32 5 6 1 2 18 9 3 10 33 1 23.6085639595985413 68.0583422570611418 
14 18 5 14 30 13 1 8 11 3 5.34074699537910114 1 9.25570237641795579 1 6 3 25 10 1 16 7 13 31 2 2 6 4 2 26 3.84646942076222631 17 9 4 13 31 9 13.2195649013323386 32 13 13 13 7 14 32 4 14 22 7 2 30 7 12 8 2 1 6 5 4 19 1 17.1381396353244781 239.493600459336079 
10 17 4 16 26 2.70999124060388841 11 15 11 9 16 12 4 30 11 6 3 9 2 7 7 15 32 9 14 19 3 18 6 2 4 8 1 16 29 2 3 28 1 12 15 1 5 3 11 2 21 8 1 32 5 6 1 2 17 26 7 10 33 1 24.8387468457221985 62.0515275236970894 
10 17 4 16 26 2.70999124060388841 11 15 11 9 16 12 4 30 11 6 3 9 2 7 7 15 32 9 14 19 3 18 6 2 4 8 1 16 29 2 3 20 11 12 15 1 5 3 11 15 25 13 1 32 5 6 1 2 18 9 3 10 33 1 23.9253379702568054 66.3910775084441127 
10 17 4 16 26 2.70999124060388841 11 15 11 9 16 12 4 30 11 6 3 9 2 7 7 15 32 9 14 19 3 18 6 2 4 8 1 16 29 2 3 16 1 12 15 1 5 3 11 2 21 8 1 32 5 6 1 2 18 9 3 10 33 1 25.7297831177711487 60.7774789415745005 
10 17 4 16 26 2.70999124060388841 11 15 11 9 16 12 4 30 11 6 3 9 2 7 7 15 32 9 14 19 3 18 6 2 4 8 1 16 2 2 3.36768017929769181 10 1 12 15 1 5 3 11 2 21 8 1 32 5 6 1 2 18 9 3 10 33 1 27.4104090332984924 59.7178008001604539 
10 17 4 16 26 2.70999124060388841 11 15 11 9 16 12 4 30 11 6 3 9 2 7 7 15 32 9 14 19 3 18 6 2 4 8 1 16 29 2 3.36768017929769181 10 1 12 15 1 5 3 11 15 5 13 1 32 5 6 1 2 18 9 3 10 33 1 26.8339989185333252 60.6787707021201115 
10 17 4 16 26 2.70999124060388841 11 15 11 9 16 12 4 30 11 6 3 9 2 7 7 15 32 9 14 19 3 18 6 2 4 8 1 16 29 2 4 14 12 12 15 1 5 3 11 14 31 4 1 32 5 6 1 2 9 25 4 10 33 1 22.7656457722187042 74.2360733621498525 
13 18 2 16 31 13 3.36768017929769181 28 6.96245171630185755 1 1 2 12 15 10 2 30 6 4.94126535182462057 24 9 17 9 2 2 17 13 12 6 1 4 32 7 18 28 2 1 6 10 14 11 5 17 9 1 13 20 11 2 32 7 12 30 11 13.2195649013323386 31.8448655754823804 4 16 15 4 18.8569168448448181 183.598015503588272 
3.36768017929769181 6 5 8 20 2 10 19 6.96245171630185755 1 3 11 4 6 5 5 8.22565314501180467 2 1 14 1 14 20 3 6 2 2 12 1 9.82524131762891173 3 16 8 17.8244721320812971 23 11 4 24 2 14 26 13 6 3 8 18 12 4 6 24 10 3 31 2 3 17 2 16 32 7 19.950736939907074 167.279412608752637 
10 17 4 16 26 2.70999124060388841 11 15 11 9 16 12 4 30 11 6 3 9 2 7 7 15 32 9 14 19 3 18 6 2 4 8 1 16 29 2 3.36768017929769181 10 1 12 15 1 5 3 11 2 21 8 1 32 5 6 1 2 18 9 3 10 33 1 28.046737015247345 58.5042506197724919 
5 12 9 16 26 2.70999124060388841 11 15 11 9 16 12 4 30 11 6 3 9 2 7 7 15 32 9 14 19 3 18 6 2 4 8 1 16 29 2 3 18 13 12 15 1 5 3 11 14 25 6 1 32 5 6 1 2 18 9 3 10 33 1 23.5312419533729553 70.411703871706024 
10 17 4 16 26 2.70999124060388841 11 15 11 9 16 12 4 30 11 6 3 9 2 7 7 15 32 9 14 19 3 3 24 7 14 24 2 6 15 11 4 12 1 12 15 1 5 3 11 9 14 4 1 32 5 6 1 2 18 9 3 15 18 6 20.4900749325752258 134.002066194860333 
10 17 4 16 26 2.70999124060388841 11 15 11 9 16 12 4 30 11 6 3 9 2 7 7 15 32 9 14 19 3 18 6 2 4 8 1 16 29 2 3.36768017929769181 10 1 12 15 1 5 3 11 2 21 8 1 32 5 6 1 2 18 9 3 9 24 2 26.8387709259986877 60.6066399620761729 
10 17 4 16 26 2.70999124060388841 11 15 11 9 16 12 4 30 11 6 3 9 2 7 7 15 32 9 14 1 5 18 6 2 4 8 1 16 29 2 3.36768017929769181 10 1 12 15 1 5 3 11 2 21 8 1 32 5 6 1 2 18 9 3 10 33 1 27.7518079876899719 59.1972221009430655 
10 17 4 16 26 2.70999124060388841 11 15 11 9 16 12 4 30 11 6 3 9 2 7 7 15 32 9 14 19 3 18 6 2 4 8 1 16 29 2 13 26 1 12 15 1 5 3 11 2 21 8 1 32 5 6 1 2 17 24 9 4 6 1 22.710442841053009 83.799973496137838 
17 31 13 12 26 6 15 31 2 14 12 2.70999124060388841 6 26 7 4 25 10 15 29 5 12 18 2 4 25 10 15 24 5 3 31 10 16 12 2 15 6 4 17 17 4 1 2 6 10 18 8 4 19 11 2 6 10 14 20 9 1 24 1 17.7730345129966736 210.558366263939035 
10 17 4 16 26 2.70999124060388841 11 15 11 9 16 12 4 30 11 6 3 9 2 7 7 15 32 9 14 24 5 18 6 2 4 8 1 16 29 2 3.36768017929769181 10 1 12 15 1 5 3 11 2 21 8 1 32 5 6 1 2 18 9 3 10 33 1 27.7053079605102539 59.4997277784642264 
17 32 13 16 26 2.70999124060388841 11 15 11 9 16 12 4 30 11 6 3 9 2 7 7 15 32 9 14 19 3 18 6 2 4 8 1 16 29 2 1 25 11 14 26 9 5 3 11 14 5.34074699537910114 13 1 32 5 6 1 2 18 9 3 4 6 7 20.9287178218364716 120.821259460502915 
10 17 4 16 26 2.70999124060388841 11 15 11 9 16 12 4 30 11 6 3 9 2 7 7 15 32 9 14 19 3 18 6 2 4 8 1 16 29 2 3.36768017929769181 10 1 12 15 1 5 3 11 2 21 8 1 32 5 6 1 2 17 24 7 10 33 1 26.8529509305953979 60.1980434335332788 
10 17 4 16 26 2.70999124060388841 11 15 11 9 16 12 4 30 11 6 3 9 2 7 7 15 32 9 14 19 3 18 6 2 4 8 1 16 29 2 4 31 12 12 15 1 5 3 11 14 5 8 1 32 5 6 1 2 3 25 9 10 33 1 22.7433597445487976 79.8433687584686851 
6 2 2 16 31 1 12 16 11 15 17 11 3.36768017929769181 16 9 9.25570237641795579 19 3.84646942076222631 4 24 1 16 24 9 13.2195649013323386 1 5 16 30 13.151007650947605 5 12 13 12 24 4 16 32 12 4 26 7 15 22 13 10 1 4 12 8 3 8 20 11 14 5 1 13 30 9 19.2268279194831848 169.372169497169523 
2 1 9 16 26 2.70999124060388841 3.36768017929769181 9 2 9 16 12 4 30 11 6 3 9 2 7 7 15 32 9 14 19 3 18 6 2 4 8 1 16 29 2 9 16.1354543567662532 11 12 15 1 5 3 11 14 6 4 1 32 5 6 1 2 18 9 3 10 33 1 22.7409197986125946 81.183792768339174 

Current Evaluation = 100000000(100000040)
Front Size = 32
10 17 4 16 26 2.70999124060388841 11 15 11 9 16 12 4 30 11 6 3 9 2 7 7 15 32 9 14 19 3 18 6 2 4 8 1 16 29 2 17 16 8 12 15 1 5 3 11 13 12 9 1 32 5 6 1 2 18 9 3 11 6 1 23.2743657827377319 72.7989623960385046 
10 17 4 16 26 2.70999124060388841 11 15 11 9 16 12 4 30 11 6 3 9 2 7 7 15 32 9 14 19 3 18 6 2 4 8 1 16 29 2 3 16 1 12 15 1 5 3 11 14 12 7 1 32 5 6 1 2 18 9 3 10 33 1 23.994979053735733 64.9035347001125587 
10 17 4 16 26 2.70999124060388841 11 15 11 9 16 12 4 30 11 6 3 9 2 7 7 15 32 9 14 19 3 18 6 2 4 8 1 16 29 2 17 25 1 12 15 1 5 3 11 9 26 13 1 32 5 6 1 2 2 23 13 14 31 5 22.1518366932868958 92.4580984170130762 
10 17 4 16 26 2.70999124060388841 11 15 11 9 16 12 4 30 11 6 3 9 2 7 7 15 32 9 14 19 3 18 6 2 4 8 1 16 29 2 11 25 12 12 15 1 5 3 11 14 12 9 1 32 5 6 1 2 18 9 3 9 24 7 22.8370368778705597 73.0093260930856331 
14 5 7 16 26 2.70999124060388841 11 15 11 9 16 12 4 30 11 6 3 9 2 7 7 15 32 9 14 19 3 18 6 2 4 8 1 16 29 2 15 24 3 12 15 1 5 3 11 2 21 8 1 32 5 6 1 2 14 30 13 17 24 7 21.4600557684898376 93.6652179238504061 
10 17 4 16 26 2.70999124060388841 11 15 11 9 16 12 4 30 11 6 3 9 2 7 7 15 32 9 14 19 3 18 6 2 4 8 1 16 29 2 14 20 9 12 15 1 5 3 11 14 2 11 1 32 5 6 1 2 1 2 4 6 30 10 20.9901698231697083 115.57119935213413 
2 25 9 13 19 2.70999124060388841 2 26 11 3 18 12 14 6 3 1 24 13 17 16.1354543567662532 9 6 25 10 9 31 3.84646942076222631 4 15 2 14 24 11 15 20 2 17 1 4 12 13 5 14 9 7 10 19 13 3 23.4025356524426229 11 13 31.8448655754823804 8 11 20 1 5 5 4 19.058874785900116 169.619981826958593 
13 1 8 6 32 6 16 8 2 4 12 7 4 12 11 17 2 7 3.36768017929769181 18 5 6 15 2 1 32 8 14 25 4 3 31 5 14 2 12 6 17 10 17 24 12 12 18 3 6 20 11 3 3 11 15 22 10 4 12 2 14 6 11 17.2080288529396057 210.60866078366081 
11 5.34074699537910114 1 17 18 2 14 26 6 2 13 2 10 32 2 6 19 1 6 6 10 15 18 2 12 24 7 12 30 10 13 5 8 9.25570237641795579 12 2 15 1 3 8 15 4 4 26 5 16 6 6 13 1 4 12 20 12 16 6 7 14 32 13 17.8088445067405701 194.486181783472773 
10 17 4 16 26 2.70999124060388841 11 15 11 9 16 12 4 30 11 6 3 9 2 7 7 15 32 9 14 19 3 18 6 2 4 8 1 16 29 2 17 18 1 12 15 1 5 3 11 14 20 11 1 32 5 6 1 2 18 9 3 13 1 9 22.2730288505554199 84.9496230199780911 
10 17 4 16 26 2.70999124060388841 11 15 11 9 16 12 4 30 11 6 3 9 2 7 7 15 32 9 14 19 3 18 6 2 4 8 1 16 29 2 17 31 8 12 15 1 5 3 11 14 20 3 1 32 5 6 1 2 18 9 3 10 33 1 23.6085639595985413 68.0583422570611418 
14 18 5 14 30 13 1 8 11 3 5.34074699537910114 1 9.25570237641795579 1 6 3 25 10 1 16 7 13 31 2 2 6 4 2 26 3.84646942076222631 17 9 4 13 31 9 13.2195649013323386 32 13 13 13 7 14 32 4 14 22 7 2 30 7 12 8 2 1 6 5 4 19 1 17.1381396353244781 239.493600459336079 
10 17 4 16 26 2.70999124060388841 11 15 11 9 16 12 4 30 11 6 3 9 2 7 7 15 32 9 14 19 3 18 6 2 4 8 1 16 29 2 3 28 1 12 15 1 5 3 11 2 21 8 1 32 5 6 1 2 17 26 7 10 33 1 24.8387468457221985 62.0515275236970894 
10 17 4 16 26 2.70999124060388841 11 15 11 9 16 12 4 30 11 6 3 9 2 7 7 15 32 9 14 19 3 18 6 2 4 8 1 16 29 2 3 20 11 12 15 1 5 3 11 15 25 13 1 32 5 6 1 2 18 9 3 10 33 1 23.9253379702568054 66.3910775084441127 
10 17 4 16 26 2.70999124060388841 11 15 11 9 16 12 4 30 11 6 3 9 2 7 7 15 32 9 14 19 3 18 6 2 4 8 1 16 29 2 3 16 1 12 15 1 5 3 11 2 21 8 1 32 5 6 1 2 18 9 3 10 33 1 25.7297831177711487 60.7774789415745005 
10 17 4 16 26 2.70999124060388841 11 15 11 9 16 12 4 30 11 6 3 9 2 7 7 15 32 9 14 19 3 18 6 2 4 8 1 16 29 2 4 14 12 12 15 1 5 3 11 14 31 4 1 32 5 6 1 2 9 25 4 10 33 1 22.7656457722187042 74.2360733621498525 
13 18 2 16 31 13 3.36768017929769181 28 6.96245171630185755 1 1 2 12 15 10 2 30 6 4.94126535182462057 24 9 17 9 2 2 17 13 12 6 1 4 32 7 18 28 2 1 6 10 14 11 5 17 9 1 13 20 11 2 32 7 12 30 11 13.2195649013323386 31.8448655754823804 4 16 15 4 18.8569168448448181 183.598015503588272 
3.36768017929769181 6 5 8 20 2 10 19 6.96245171630185755 1 3 11 4 6 5 5 8.22565314501180467 2 1 14 1 14 20 3 6 2 2 12 1 9.82524131762891173 3 16 8 17.8244721320812971 23 11 4 24 2 14 26 13 6 3 8 18 12 4 6 24 10 3 31 2 3 17 2 16 32 7 19.950736939907074 167.279412608752637 
10 17 4 16 26 2.70999124060388841 11 15 11 9 16 12 4 30 11 6 3 9 2 7 7 15 32 9 14 19 3 18 6 2 4 8 1 16 29 2 3.36768017929769181 10 1 12 15 1 5 3 11 2 21 8 1 32 5 6 1 2 18 9 3 10 33 1 28.046737015247345 58.5042506197724919 
5 12 9 16 26 2.70999124060388841 11 15 11 9 16 12 4 30 11 6 3 9 2 7 7 15 32 9 14 19 3 18 6 2 4 8 1 16 29 2 3 18 13 12 15 1 5 3 11 14 25 6 1 32 5 6 1 2 18 9 3 10 33 1 23.5312419533729553 70.411703871706024 
10 17 4 16 26 2.70999124060388841 11 15 11 9 16 12 4 30 11 6 3 9 2 7 7 15 32 9 14 19 3 3 24 7 14 24 2 6 15 11 4 12 1 12 15 1 5 3 11 9 14 4 1 32 5 6 1 2 18 9 3 15 18 6 20.4900749325752258 134.002066194860333 
10 17 4 16 26 2.70999124060388841 11 15 11 9 16 12 4 30 11 6 3 9 2 7 7 15 32 9 14 1 5 18 6 2 4 8 1 16 29 2 3.36768017929769181 10 1 12 15 1 5 3 11 2 21 8 1 32 5 6 1 2 18 9 3 10 33 1 27.7518079876899719 59.1972221009430655 
10 17 4 16 26 2.70999124060388841 11 15 11 9 16 12 4 30 11 6 3 9 2 7 7 15 32 9 14 19 3 18 6 2 4 8 1 16 29 2 13 26 1 12 15 1 5 3 11 2 21 8 1 32 5 6 1 2 17 24 9 4 6 1 22.710442841053009 83.799973496137838 
17 31 13 12 26 6 15 31 2 14 12 2.70999124060388841 6 26 7 4 25 10 15 29 5 12 18 2 4 25 10 15 24 5 3 31 10 16 12 2 15 6 4 17 17 4 1 2 6 10 18 8 4 19 11 2 6 10 14 20 9 1 24 1 17.7730345129966736 210.558366263939035 
17 32 13 16 26 2.70999124060388841 11 15 11 9 16 12 4 30 11 6 3 9 2 7 7 15 32 9 14 19 3 18 6 2 4 8 1 16 29 2 1 25 11 14 26 9 5 3 11 14 5.34074699537910114 13 1 32 5 6 1 2 18 9 3 4 6 7 20.9287178218364716 120.821259460502915 
10 17 4 16 26 2.70999124060388841 11 15 11 9 16 12 4 30 11 6 3 9 2 7 7 15 32 9 14 19 3 18 6 2 4 8 1 16 29 2 4 31 12 12 15 1 5 3 11 14 5 8 1 32 5 6 1 2 3 25 9 10 33 1 22.7433597445487976 79.8433687584686851 
6 2 2 16 31 1 12 16 11 15 17 11 3.36768017929769181 16 9 9.25570237641795579 19 3.84646942076222631 4 24 1 16 24 9 13.2195649013323386 1 5 16 30 13.151007650947605 5 12 13 12 24 4 16 32 12 4 26 7 15 22 13 10 1 4 12 8 3 8 20 11 14 5 1 13 30 9 19.2268279194831848 169.372169497169523 
2 1 9 16 26 2.70999124060388841 3.36768017929769181 9 2 9 16 12 4 30 11 6 3 9 2 7 7 15 32 9 14 19 3 18 6 2 4 8 1 16 29 2 9 16.1354543567662532 11 12 15 1 5 3 11 14 6 4 1 32 5 6 1 2 18 9 3 10 33 1 22.7409197986125946 81.183792768339174 
10 17 4 16 26 2.70999124060388841 11 15 11 9 16 12 4 30 11 6 3 9 2 7 7 15 32 9 14 19 3 18 6 2 4 8 1 16 29 2 6 16 11 12 15 1 5 3 11 14 20 4 1 32 5 6 1 2 4 30 7 12 20 4 21.0313797891139984 107.349481250114167 
1 5.34074699537910114 6 16 26 2.70999124060388841 11 15 11 9 16 12 4 30 11 6 3 9 2 7 7 15 32 9 14 19 3 18 6 2 4 8 1 16 2 2 3.36768017929769181 10 1 12 15 1 5 3 11 2 21 8 1 32 5 6 1 2 18 9 3 10 33 1 26.8210959434509277 59.4427176253585046 
3 12 12 14 26 6 14 6 13 15 20 6 18 6 8 6 24 12 12 15 2 9 16 12 10 12 3 9 18 9 1 20 8 14 32 2 2 3 2 4 31 6 14 2 6 10 32 10 4 12 10 17 30 6 1 32 12 14 15 12 18.1808357834815979 191.188683006020483 
18 6 8 13 30 7 3 13 10 9 31 1 10 11 3 2 31 5 1 32 2.70999124060388841 12 16 13 13 3 9 14 6 8 4 24 11 1 25 11 17 26 8 15 3 11 6 16.1354543567662532 4 4.94126535182462057 1 9.82524131762891173 16 6 4 5 16 10 8 20 4 12 33 8 20.2482390403747559 162.892423208599666 

MOEA/D: Multiobjective Evolutionary Algorithm Based on Decomposition
Number of Evaluations = 100000000
Mutation Probability = 0.0500000007450580597
Population Size = 140
Neighborhood size = 22
Seed: 13

Time =  79651.6451760000054

Current Evaluation = 100000040
Front Size = 32
10 17 4 16 26 2.70999124060388841 11 15 11 9 16 12 4 30 11 6 3 9 2 7 7 15 32 9 14 19 3 18 6 2 4 8 1 16 29 2 17 16 8 12 15 1 5 3 11 13 12 9 1 32 5 6 1 2 18 9 3 11 6 1 23.2743657827377319 72.7989623960385046 
10 17 4 16 26 2.70999124060388841 11 15 11 9 16 12 4 30 11 6 3 9 2 7 7 15 32 9 14 19 3 18 6 2 4 8 1 16 29 2 3 16 1 12 15 1 5 3 11 14 12 7 1 32 5 6 1 2 18 9 3 10 33 1 23.994979053735733 64.9035347001125587 
10 17 4 16 26 2.70999124060388841 11 15 11 9 16 12 4 30 11 6 3 9 2 7 7 15 32 9 14 19 3 18 6 2 4 8 1 16 29 2 17 25 1 12 15 1 5 3 11 9 26 13 1 32 5 6 1 2 2 23 13 14 31 5 22.1518366932868958 92.4580984170130762 
10 17 4 16 26 2.70999124060388841 11 15 11 9 16 12 4 30 11 6 3 9 2 7 7 15 32 9 14 19 3 18 6 2 4 8 1 16 29 2 11 25 12 12 15 1 5 3 11 14 12 9 1 32 5 6 1 2 18 9 3 9 24 7 22.8370368778705597 73.0093260930856331 
14 5 7 16 26 2.70999124060388841 11 15 11 9 16 12 4 30 11 6 3 9 2 7 7 15 32 9 14 19 3 18 6 2 4 8 1 16 29 2 15 24 3 12 15 1 5 3 11 2 21 8 1 32 5 6 1 2 14 30 13 17 24 7 21.4600557684898376 93.6652179238504061 
10 17 4 16 26 2.70999124060388841 11 15 11 9 16 12 4 30 11 6 3 9 2 7 7 15 32 9 14 19 3 18 6 2 4 8 1 16 29 2 14 20 9 12 15 1 5 3 11 14 2 11 1 32 5 6 1 2 1 2 4 6 30 10 20.9901698231697083 115.57119935213413 
2 25 9 13 19 2.70999124060388841 2 26 11 3 18 12 14 6 3 1 24 13 17 16.1354543567662532 9 6 25 10 9 31 3.84646942076222631 4 15 2 14 24 11 15 20 2 17 1 4 12 13 5 14 9 7 10 19 13 3 23.4025356524426229 11 13 31.8448655754823804 8 11 20 1 5 5 4 19.058874785900116 169.619981826958593 
13 1 8 6 32 6 16 8 2 4 12 7 4 12 11 17 2 7 3.36768017929769181 18 5 6 15 2 1 32 8 14 25 4 3 31 5 14 2 12 6 17 10 17 24 12 12 18 3 6 20 11 3 3 11 15 22 10 4 12 2 14 6 11 17.2080288529396057 210.60866078366081 
11 5.34074699537910114 1 17 18 2 14 26 6 2 13 2 10 32 2 6 19 1 6 6 10 15 18 2 12 24 7 12 30 10 13 5 8 9.25570237641795579 12 2 15 1 3 8 15 4 4 26 5 16 6 6 13 1 4 12 20 12 16 6 7 14 32 13 17.8088445067405701 194.486181783472773 
10 17 4 16 26 2.70999124060388841 11 15 11 9 16 12 4 30 11 6 3 9 2 7 7 15 32 9 14 19 3 18 6 2 4 8 1 16 29 2 17 18 1 12 15 1 5 3 11 14 20 11 1 32 5 6 1 2 18 9 3 13 1 9 22.2730288505554199 84.9496230199780911 
10 17 4 16 26 2.70999124060388841 11 15 11 9 16 12 4 30 11 6 3 9 2 7 7 15 32 9 14 19 3 18 6 2 4 8 1 16 29 2 17 31 8 12 15 1 5 3 11 14 20 3 1 32 5 6 1 2 18 9 3 10 33 1 23.6085639595985413 68.0583422570611418 
14 18 5 14 30 13 1 8 11 3 5.34074699537910114 1 9.25570237641795579 1 6 3 25 10 1 16 7 13 31 2 2 6 4 2 26 3.84646942076222631 17 9 4 13 31 9 13.2195649013323386 32 13 13 13 7 14 32 4 14 22 7 2 30 7 12 8 2 1 6 5 4 19 1 17.1381396353244781 239.493600459336079 
10 17 4 16 26 2.70999124060388841 11 15 11 9 16 12 4 30 11 6 3 9 2 7 7 15 32 9 14 19 3 18 6 2 4 8 1 16 29 2 3 28 1 12 15 1 5 3 11 2 21 8 1 32 5 6 1 2 17 26 7 10 33 1 24.8387468457221985 62.0515275236970894 
10 17 4 16 26 2.70999124060388841 11 15 11 9 16 12 4 30 11 6 3 9 2 7 7 15 32 9 14 19 3 18 6 2 4 8 1 16 29 2 3 20 11 12 15 1 5 3 11 15 25 13 1 32 5 6 1 2 18 9 3 10 33 1 23.9253379702568054 66.3910775084441127 
10 17 4 16 26 2.70999124060388841 11 15 11 9 16 12 4 30 11 6 3 9 2 7 7 15 32 9 14 19 3 18 6 2 4 8 1 16 29 2 3 16 1 12 15 1 5 3 11 2 21 8 1 32 5 6 1 2 18 9 3 10 33 1 25.7297831177711487 60.7774789415745005 
10 17 4 16 26 2.70999124060388841 11 15 11 9 16 12 4 30 11 6 3 9 2 7 7 15 32 9 14 19 3 18 6 2 4 8 1 16 29 2 4 14 12 12 15 1 5 3 11 14 31 4 1 32 5 6 1 2 9 25 4 10 33 1 22.7656457722187042 74.2360733621498525 
13 18 2 16 31 13 3.36768017929769181 28 6.96245171630185755 1 1 2 12 15 10 2 30 6 4.94126535182462057 24 9 17 9 2 2 17 13 12 6 1 4 32 7 18 28 2 1 6 10 14 11 5 17 9 1 13 20 11 2 32 7 12 30 11 13.2195649013323386 31.8448655754823804 4 16 15 4 18.8569168448448181 183.598015503588272 
3.36768017929769181 6 5 8 20 2 10 19 6.96245171630185755 1 3 11 4 6 5 5 8.22565314501180467 2 1 14 1 14 20 3 6 2 2 12 1 9.82524131762891173 3 16 8 17.8244721320812971 23 11 4 24 2 14 26 13 6 3 8 18 12 4 6 24 10 3 31 2 3 17 2 16 32 7 19.950736939907074 167.279412608752637 
10 17 4 16 26 2.70999124060388841 11 15 11 9 16 12 4 30 11 6 3 9 2 7 7 15 32 9 14 19 3 18 6 2 4 8 1 16 29 2 3.36768017929769181 10 1 12 15 1 5 3 11 2 21 8 1 32 5 6 1 2 18 9 3 10 33 1 28.046737015247345 58.5042506197724919 
5 12 9 16 26 2.70999124060388841 11 15 11 9 16 12 4 30 11 6 3 9 2 7 7 15 32 9 14 19 3 18 6 2 4 8 1 16 29 2 3 18 13 12 15 1 5 3 11 14 25 6 1 32 5 6 1 2 18 9 3 10 33 1 23.5312419533729553 70.411703871706024 
10 17 4 16 26 2.70999124060388841 11 15 11 9 16 12 4 30 11 6 3 9 2 7 7 15 32 9 14 19 3 3 24 7 14 24 2 6 15 11 4 12 1 12 15 1 5 3 11 9 14 4 1 32 5 6 1 2 18 9 3 15 18 6 20.4900749325752258 134.002066194860333 
10 17 4 16 26 2.70999124060388841 11 15 11 9 16 12 4 30 11 6 3 9 2 7 7 15 32 9 14 1 5 18 6 2 4 8 1 16 29 2 3.36768017929769181 10 1 12 15 1 5 3 11 2 21 8 1 32 5 6 1 2 18 9 3 10 33 1 27.7518079876899719 59.1972221009430655 
10 17 4 16 26 2.70999124060388841 11 15 11 9 16 12 4 30 11 6 3 9 2 7 7 15 32 9 14 19 3 18 6 2 4 8 1 16 29 2 13 26 1 12 15 1 5 3 11 2 21 8 1 32 5 6 1 2 17 24 9 4 6 1 22.710442841053009 83.799973496137838 
17 31 13 12 26 6 15 31 2 14 12 2.70999124060388841 6 26 7 4 25 10 15 29 5 12 18 2 4 25 10 15 24 5 3 31 10 16 12 2 15 6 4 17 17 4 1 2 6 10 18 8 4 19 11 2 6 10 14 20 9 1 24 1 17.7730345129966736 210.558366263939035 
17 32 13 16 26 2.70999124060388841 11 15 11 9 16 12 4 30 11 6 3 9 2 7 7 15 32 9 14 19 3 18 6 2 4 8 1 16 29 2 1 25 11 14 26 9 5 3 11 14 5.34074699537910114 13 1 32 5 6 1 2 18 9 3 4 6 7 20.9287178218364716 120.821259460502915 
10 17 4 16 26 2.70999124060388841 11 15 11 9 16 12 4 30 11 6 3 9 2 7 7 15 32 9 14 19 3 18 6 2 4 8 1 16 29 2 4 31 12 12 15 1 5 3 11 14 5 8 1 32 5 6 1 2 3 25 9 10 33 1 22.7433597445487976 79.8433687584686851 
6 2 2 16 31 1 12 16 11 15 17 11 3.36768017929769181 16 9 9.25570237641795579 19 3.84646942076222631 4 24 1 16 24 9 13.2195649013323386 1 5 16 30 13.151007650947605 5 12 13 12 24 4 16 32 12 4 26 7 15 22 13 10 1 4 12 8 3 8 20 11 14 5 1 13 30 9 19.2268279194831848 169.372169497169523 
2 1 9 16 26 2.70999124060388841 3.36768017929769181 9 2 9 16 12 4 30 11 6 3 9 2 7 7 15 32 9 14 19 3 18 6 2 4 8 1 16 29 2 9 16.1354543567662532 11 12 15 1 5 3 11 14 6 4 1 32 5 6 1 2 18 9 3 10 33 1 22.7409197986125946 81.183792768339174 
10 17 4 16 26 2.70999124060388841 11 15 11 9 16 12 4 30 11 6 3 9 2 7 7 15 32 9 14 19 3 18 6 2 4 8 1 16 29 2 6 16 11 12 15 1 5 3 11 14 20 4 1 32 5 6 1 2 4 30 7 12 20 4 21.0313797891139984 107.349481250114167 
1 5.34074699537910114 6 16 26 2.70999124060388841 11 15 11 9 16 12 4 30 11 6 3 9 2 7 7 15 32 9 14 19 3 18 6 2 4 8 1 16 2 2 3.36768017929769181 10 1 12 15 1 5 3 11 2 21 8 1 32 5 6 1 2 18 9 3 10 33 1 26.8210959434509277 59.4427176253585046 
3 12 12 14 26 6 14 6 13 15 20 6 18 6 8 6 24 12 12 15 2 9 16 12 10 12 3 9 18 9 1 20 8 14 32 2 2 3 2 4 31 6 14 2 6 10 32 10 4 12 10 17 30 6 1 32 12 14 15 12 18.1808357834815979 191.188683006020483 
18 6 8 13 30 7 3 13 10 9 31 1 10 11 3 2 31 5 1 32 2.70999124060388841 12 16 13 13 3 9 14 6 8 4 24 11 1 25 11 17 26 8 15 3 11 6 16.1354543567662532 4 4.94126535182462057 1 9.82524131762891173 16 6 4 5 16 10 8 20 4 12 33 8 20.2482390403747559 162.892423208599666 

