Current Evaluation = 10000000(10000000)
Front Size = 41
15 12 2 3 15 8 17 16 12 2 5.34074699537910114 13 1 3 2 10 19 5 3.36768017929769181 6 5 4 29 10 9 26 1 6 12 11 14 20 8 15 22 13 5 30 11 11 23 3 16 2 1 9 1 2.70999124060388841 12 25 9 3 16 6 17 11 8 14 32 13 21.827195942401886 99.5393467042073894 
4 26 10 3 15 8 17 16 12 2 5.34074699537910114 13 1 3 2 10 19 5 3.36768017929769181 6 5 4 29 10 9 26 1 6 12 11 14 20 8 15 22 13 5 30 11 16 15 9 16 2 1 9 1 2.70999124060388841 12 25 9 3 16 6 14 25 7 18 19 12 21.3589438796043396 113.454327715864807 
6 6 2 3 15 8 17 16 12 2 5.34074699537910114 13 1 3 2 10 19 5 3.36768017929769181 6 5 6 31 10 9 26 1 6 12 11 14 20 8 1 30 2.70999124060388841 5 30 11 6 22 9 16 2 1 9 1 2.70999124060388841 9 32 5 3 16 6 17 11 8 8 12 11 19.672853946685791 159.568043292113657 
14 31 7 3 15 8 17 16 12 2 5.34074699537910114 13 1 3 2 10 19 5 3.36768017929769181 6 5 4 29 10 9 26 1 6 12 11 14 20 8 15 22 13 5 30 11 11 23 3 16 2 1 9 1 2.70999124060388841 12 25 9 3 16 6 17 11 8 18 19 12 22.9369319677352905 92.5931451383910797 
6 25 9 3 15 8 17 16 12 2 5.34074699537910114 13 1 3 2 10 19 5 3.36768017929769181 6 5 4 29 10 9 26 1 6 12 11 14 20 8 15 22 13 5 30 11 1 30 9 16 2 1 9 1 2.70999124060388841 12 25 9 3 16 6 17 11 8 1 26 2 20.4376508593559265 127.309128530568159 
15 32 2 3 15 8 17 16 12 2 5.34074699537910114 13 1 3 2 10 19 5 3.36768017929769181 6 5 4 29 10 9 26 1 6 12 11 14 20 8 15 22 13 5 30 11 11 23 3 16 2 1 9 1 2.70999124060388841 12 25 9 3 16 6 17 11 8 18 19 12 23.2167209386825562 90.1520509373253844 
9 6 9 3 15 8 17 16 12 2 5.34074699537910114 13 1 3 2 10 19 5 3.36768017929769181 6 5 4 29 10 9 26 1 6 12 11 14 20 8 15 22 13 5 30 11 11 23 3 16 2 1 9 1 2.70999124060388841 12 25 9 3 16 6 17 11 8 18 19 12 23.2486459612846375 88.6025562279605055 
6 6 4 3 15 8 4 20 4 2 5.34074699537910114 13 1 3 2 10 19 5 3.36768017929769181 6 5 4 29 10 9 26 1 6 12 11 14 20 8 15 22 13 5 30 11 11 23 3 16 2 1 9 1 2.70999124060388841 12 25 9 3 16 6 17 11 8 13 20 9 21.1001099348068237 124.673066077538152 
18 28 4 3 15 8 17 16 12 2 5.34074699537910114 13 1 3 2 10 19 5 3.36768017929769181 6 5 4 29 10 9 26 1 6 12 11 14 20 8 15 22 13 5 30 11 6 32 2.70999124060388841 16 2 1 9 1 2.70999124060388841 12 25 9 3 16 6 17 11 8 18 19 12 23.4044188261032104 84.716455008096645 
12 6 5 3 15 8 17 16 12 2 5.34074699537910114 13 1 3 2 10 19 5 3.36768017929769181 6 5 4 29 10 9 26 1 6 12 11 14 20 8 15 22 13 5 30 11 11 23 3 16 2 1 9 1 2.70999124060388841 12 25 9 3 16 6 17 11 8 18 19 12 23.2140069603919983 90.4296826871199642 
6 24 7 3 15 8 17 16 12 2 5.34074699537910114 13 1 3 2 10 19 5 3.36768017929769181 6 5 4 29 10 9 26 1 6 12 11 14 20 8 15 22 13 5 30 11 11 23 3 16 2 1 9 1 2.70999124060388841 12 25 9 3 16 6 17 11 8 18 19 12 23.0695329904556274 91.9889422812948538 
12 12 10 3 15 8 17 16 12 2 5.34074699537910114 13 1 3 2 10 19 5 3.36768017929769181 6 5 4 29 10 9 26 1 6 12 11 14 20 8 15 22 13 5 30 11 18 28 1 16 2 1 9 1 2.70999124060388841 12 25 9 3 16 6 17 11 8 8 31 5 22.6852650046348572 96.8813456528911416 
6 9 10 3 15 8 17 16 12 2 5.34074699537910114 13 1 3 2 10 19 5 3.36768017929769181 6 5 4 29 10 9 26 1 6 12 11 14 20 8 15 22 13 5 30 11 11 23 3 16 2 1 9 1 2.70999124060388841 12 25 9 6 32 7 17 11 8 18 19 12 22.6942738890647888 96.238877135541486 
13 5 11 3 15 8 17 16 12 2 5.34074699537910114 13 1 3 2 10 19 5 3.36768017929769181 6 5 4 29 10 9 26 1 6 12 11 14 20 8 15 22 13 5 30 11 4 18 10 16 2 1 9 1 2.70999124060388841 12 25 9 3 16 6 6 15 7 11 9 9 21.3011267781257629 120.253332286478582 
18 19 6 3 15 8 17 16 12 2 5.34074699537910114 13 1 3 2 10 2 2 18 1 7 4 29 10 9 26 1 11 24 3 14 20 8 15 22 13 5 30 11 2 32 2 16 2 1 11 1 4 4 28 10 3 16 6 17 11 8 18 19 12 25.944301962852478 56.8070562536841308 
14 5 13 5 15 12 17 2 12 4 25 1 17 19 9 3.36768017929769181 2 9 6 31 7 9.25570237641795579 15 13 15 22 1 6 2 11 16 24 12 8 20 9 14 26 9 2 1 5 3 6 8 14 22 4 4 20 3 16 31 5 3 23 1 4.94126535182462057 11 7 19.0633549392223358 190.339183528889407 
15 26 4 3 15 8 17 16 12 2 5.34074699537910114 13 1 3 2 10 2 2 18 1 7 4 29 10 9 26 1 11 24 3 14 20 8 15 22 13 5 30 11 2 32 2 16 2 1 11 1 4 14 24 2.70999124060388841 3 16 6 17 11 8 2 24 2 22.7386729717254639 93.0334998334998318 
16 23 10 12 15 8 1 2 2 16 9 2.70999124060388841 12 6 12 14 7 7 9 32 9 4 24 1 6 32 13 15 1 3 17 2 8 8 6 8 6 32 4 6 12 3 14 25 5 3 2 10 1 9 8 10 16 6 4 12 6.96245171630185755 12 22 12 19.1922378540039062 188.176690466396337 
18 19 6 3 15 8 17 16 12 2 5.34074699537910114 13 1 3 2 10 2 2 18 1 7 4 29 10 9 26 1 11 24 3 14 20 8 15 22 13 5 30 11 2 32 2 16 2 1 11 1 4 10 24 7 3 16 6 17 11 8 1 8 12 24.9786678552627563 58.786376980512884 
18 19 6 3 15 8 17 16 12 2 5.34074699537910114 13 1 3 2 10 2 2 18 1 7 4 29 10 9 26 1 11 24 3 14 20 8 15 22 13 5 30 11 2 32 2 16 2 1 11 1 4 12 10 3 3 16 6 17 11 8 18 19 12 28.1158128976821899 52.2560165075272423 
18 19 6 3 15 8 17 16 12 2 5.34074699537910114 13 1 3 2 10 2 2 18 1 7 4 29 10 9 26 1 11 24 3 14 20 8 15 22 13 5 30 11 2 32 2 16 2 1 11 1 4 10 15 10 3 16 6 17 11 8 18 19 12 25.9074269533157349 58.3748015551299844 
18 19 6 3 15 8 17 16 12 2 5.34074699537910114 13 1 3 2 10 2 2 18 1 7 4 29 10 9 26 1 11 24 3 14 20 8 15 22 13 5 30 11 2 32 2 16 2 1 11 1 4 12 33 5 3 16 6 17 11 8 18 19 12 26.1625529527664185 56.1839915592953787 
18 19 6 3 15 8 17 16 12 2 5.34074699537910114 13 1 3 2 10 2 2 18 1 7 4 29 10 9 26 1 11 24 3 14 20 8 15 22 13 5 30 11 2 32 2 16 2 1 14 6 12 12 15 7 3 16 6 17 11 8 9 18 10 23.7882668972015381 70.7235509187524514 
18 19 6 3 15 8 17 16 12 6 12 2 1 3 2 10 2 2 18 1 7 4 29 10 9 26 1 11 24 3 14 20 8 15 22 13 5 30 11 2 32 2 16 2 1 11 1 4 12 10 3 3 16 6 17 11 8 18 19 12 27.6582669019699097 52.384690537983353 
18 19 6 3 15 8 17 16 12 2 5.34074699537910114 13 1 3 2 10 2 2 18 1 7 4 29 10 9 26 1 11 24 3 14 20 8 15 22 13 5 30 11 2 32 2 16 2 1 11 1 4 12 28 9 3 16 6 17 11 8 18 19 12 25.909700870513916 57.4538784555530953 
18 19 6 3 15 8 17 16 12 2 5.34074699537910114 13 1 3 2 10 2 2 18 1 7 4 29 10 9 26 1 11 24 3 14 20 8 15 22 13 5 30 11 2 32 2 16 2 1 11 1 4 12 15 7 3 16 6 17 11 8 18 19 12 25.439120888710022 58.3982849409418776 
3 31 9 3 15 8 17 16 12 2 5.34074699537910114 13 1 3 2 10 2 2 18 1 7 12 12 7 9 26 1 11 24 3 14 20 8 15 22 13 5 30 11 2 32 2 16 2 1 11 1 4 12 30 7 3 16 6 17 11 8 18 19 12 23.0880578756332397 91.8914029712294393 
18 19 6 3 15 8 17 16 12 2 5.34074699537910114 13 1 3 2 10 2 2 14 26 9 4 29 10 9 26 1 11 24 3 14 20 8 15 22 13 5 30 11 2 32 2 16 2 1 11 1 4 12 26 7 3 16 6 17 11 8 13 16 2.70999124060388841 23.2532418072223663 85.6915384695484477 
4 26 9 3 15 8 17 16 12 2 5.34074699537910114 13 1 3 2 10 2 2 18 1 7 4 29 10 9 26 1 11 24 3 14 20 8 15 22 13 5 30 11 2 32 2 16 2 1 11 1 4 1 31 2.70999124060388841 3 16 6 17 11 8 2 18 10 23.0988549590110779 90.8187416008866961 
16 26 7 2 12 8 16 30 7 4 28 9 13 3 8 4 7 6 14 24 13 8 26 5 14 32 7 1 20 2 10 9 4 2 31 8 12 6 1 4 16 5 13 23 7 16 30 2 12 24 12 14 25 2 1 26 10 2 9 12 18.0778017640113831 194.477875719052179 
6 9 4 3 15 8 17 16 12 2 5.34074699537910114 13 1 3 2 10 2 2 18 1 7 4 29 10 9 26 1 11 24 3 14 20 8 15 22 13 5 30 11 2 32 2 16 2 1 11 1 4 1 19 10 3 16 6 17 11 8 1 8 3 23.5627608895301819 84.002677736432986 
10 13 9 3 15 8 17 16 12 2 5.34074699537910114 13 1 3 2 10 2 2 18 1 7 4 29 10 9 26 1 11 24 3 14 20 8 15 22 13 5 30 11 2 32 2 16 2 1 11 1 4 12 6 10 3 16 6 17 11 8 15 26 7 23.5684529542922974 72.8964803925881455 
18 19 6 3 15 8 17 16 12 2 5.34074699537910114 13 1 3 2 10 2 2 18 1 7 4 29 10 9 26 1 11 24 3 14 20 8 15 22 13 5 30 11 2 32 2 16 2 1 3.36768017929769181 1 9 9 6 4 3 16 6 17 11 8 18 19 12 24.8393068909645081 62.6753459271431765 
18 19 6 3 15 8 17 16 12 2 5.34074699537910114 13 1 3 2 10 2 2 18 1 7 4 29 10 9 26 1 11 24 3 14 20 8 15 22 13 5 30 11 2 32 2 16 2 1 11 1 4 4 26 9 3 16 6 17 11 8 13 9 12 24.1970368623733521 63.0005048726757266 
18 19 6 3 15 8 17 16 12 2 5.34074699537910114 13 1 3 2 10 2 2 18 1 7 4 29 10 9 26 1 11 24 3 14 20 8 15 22 13 5 30 11 2 32 2 16 2 1 11 1 4 9 28 5 3 16 6 17 11 8 18 19 12 26.1243878602981567 56.7558907119828575 
4 26 6 3 15 8 17 16 12 2 5.34074699537910114 13 1 3 2 10 2 2 18 1 7 4 29 10 9 26 1 11 24 3 14 20 8 15 22 13 5 30 11 2 32 2 16 2 1 11 1 4 3.36768017929769181 24 5 9.25570237641795579 20 10 17 11 8 18 19 12 23.9419868588447571 68.6086874206021662 
18 19 6 3 15 8 17 16 12 2 5.34074699537910114 13 1 3 2 10 2 2 18 1 7 4 29 10 9 26 1 11 24 3 14 20 8 15 22 13 5 30 11 2 32 2 16 2 1 12 1 10 4 15 2 3 16 6 17 11 8 18 19 12 24.9646259546279907 61.2416631831137224 
17 30 6 16 5 3 4 24 2.70999124060388841 1 15 11 17 30 9 11 12 13 1 2 13 14 26 9 12 9 11 8 24 2 2 24 12 15 5 11 3 6 9 6 15 4 16 18 4 14 24 10 9.25570237641795579 31 6 6 14 5 15 22 2 1 18 1 17.5234617292881012 204.290807146070307 
14 26 2 3 15 8 17 16 12 2 5.34074699537910114 13 1 3 2 10 2 2 18 1 7 4 29 10 9 26 1 11 24 3 14 20 8 15 22 13 5 30 11 2 32 2 16 2 1 11 1 4 17 31 1 3 16 6 13 31 10 14 5 11 22.26572585105896 96.9281195092170833 
4 6 2 2 5.34074699537910114 12 15 19 5 16 20 9 13 18 7 3 16 13 4 16 9 14 6 2 10 1 6.96245171630185755 14 12 8 6 2 3.84646942076222631 8 7 2 4 24 11 12 26 3 15 9 11 1 20 9 14 9 2 8 32 9.82524131762891173 9 2 1 3 31.8448655754823804 8 18.4851849377155304 193.619048488227918 
18 19 6 3 15 8 17 16 12 2 5.34074699537910114 13 1 3 2 10 2 2 18 1 7 4 29 10 9 26 1 11 24 3 14 20 8 15 22 13 5 30 11 2 32 2 16 2 1 11 1 4 12 10 3 3 16 6 17 11 8 14 6 12 26.664085865020752 53.3978094353635413 

Current Evaluation = 20000000(20000000)
Front Size = 34
15 12 2 3 15 8 17 16 12 2 5.34074699537910114 13 1 3 2 10 19 5 3.36768017929769181 6 5 4 29 10 9 26 1 6 12 11 14 20 8 15 22 13 5 30 11 11 23 3 16 2 1 9 1 2.70999124060388841 12 25 9 3 16 6 17 11 8 14 32 13 21.827195942401886 99.5393467042073894 
4 26 10 3 15 8 17 16 12 2 5.34074699537910114 13 1 3 2 10 19 5 3.36768017929769181 6 5 4 29 10 9 26 1 6 12 11 14 20 8 15 22 13 5 30 11 16 15 9 16 2 1 9 1 2.70999124060388841 12 25 9 3 16 6 14 25 7 18 19 12 21.3589438796043396 113.454327715864807 
6 6 2 3 15 8 17 16 12 2 5.34074699537910114 13 1 3 2 10 19 5 3.36768017929769181 6 5 6 31 10 9 26 1 6 12 11 14 20 8 1 30 2.70999124060388841 5 30 11 6 22 9 16 2 1 9 1 2.70999124060388841 9 32 5 3 16 6 17 11 8 8 12 11 19.672853946685791 159.568043292113657 
6 25 9 3 15 8 17 16 12 2 5.34074699537910114 13 1 3 2 10 19 5 3.36768017929769181 6 5 4 29 10 9 26 1 6 12 11 14 20 8 15 22 13 5 30 11 1 30 9 16 2 1 9 1 2.70999124060388841 12 25 9 3 16 6 17 11 8 1 26 2 20.4376508593559265 127.309128530568159 
6 6 4 3 15 8 4 20 4 2 5.34074699537910114 13 1 3 2 10 19 5 3.36768017929769181 6 5 4 29 10 9 26 1 6 12 11 14 20 8 15 22 13 5 30 11 11 23 3 16 2 1 9 1 2.70999124060388841 12 25 9 3 16 6 17 11 8 13 20 9 21.1001099348068237 124.673066077538152 
13 5 11 3 15 8 17 16 12 2 5.34074699537910114 13 1 3 2 10 19 5 3.36768017929769181 6 5 4 29 10 9 26 1 6 12 11 14 20 8 15 22 13 5 30 11 4 18 10 16 2 1 9 1 2.70999124060388841 12 25 9 3 16 6 6 15 7 11 9 9 21.3011267781257629 120.253332286478582 
18 19 6 3 15 8 17 16 12 2 5.34074699537910114 13 1 3 2 10 2 2 18 1 7 4 29 10 9 26 1 11 24 3 14 20 8 15 22 13 5 30 11 2 32 2 16 2 1 11 1 4 4 28 10 3 16 6 17 11 8 18 19 12 25.944301962852478 56.8070562536841308 
15 26 4 3 15 8 17 16 12 2 5.34074699537910114 13 1 3 2 10 2 2 18 1 7 4 29 10 9 26 1 11 24 3 14 20 8 15 22 13 5 30 11 2 32 2 16 2 1 11 1 4 14 24 2.70999124060388841 3 16 6 17 11 8 2 24 2 22.7386729717254639 93.0334998334998318 
18 19 6 3 15 8 17 16 12 2 5.34074699537910114 13 1 3 2 10 2 2 18 1 7 4 29 10 9 26 1 11 24 3 14 20 8 15 22 13 5 30 11 2 32 2 16 2 1 11 1 4 10 24 7 3 16 6 17 11 8 1 8 12 24.9786678552627563 58.786376980512884 
18 19 6 3 15 8 17 16 12 2 5.34074699537910114 13 1 3 2 10 2 2 18 1 7 4 29 10 9 26 1 11 24 3 14 20 8 15 22 13 5 30 11 2 32 2 16 2 1 11 1 4 12 10 3 3 16 6 17 11 8 18 19 12 28.1158128976821899 52.2560165075272423 
18 19 6 3 15 8 17 16 12 2 5.34074699537910114 13 1 3 2 10 2 2 18 1 7 4 29 10 9 26 1 11 24 3 14 20 8 15 22 13 5 30 11 2 32 2 16 2 1 14 6 12 12 15 7 3 16 6 17 11 8 9 18 10 23.7882668972015381 70.7235509187524514 
18 19 6 3 15 8 17 16 12 6 12 2 1 3 2 10 2 2 18 1 7 4 29 10 9 26 1 11 24 3 14 20 8 15 22 13 5 30 11 2 32 2 16 2 1 11 1 4 12 10 3 3 16 6 17 11 8 18 19 12 27.6582669019699097 52.384690537983353 
16 26 7 2 12 8 16 30 7 4 28 9 13 3 8 4 7 6 14 24 13 8 26 5 14 32 7 1 20 2 10 9 4 2 31 8 12 6 1 4 16 5 13 23 7 16 30 2 12 24 12 14 25 2 1 26 10 2 9 12 18.0778017640113831 194.477875719052179 
10 13 9 3 15 8 17 16 12 2 5.34074699537910114 13 1 3 2 10 2 2 18 1 7 4 29 10 9 26 1 11 24 3 14 20 8 15 22 13 5 30 11 2 32 2 16 2 1 11 1 4 12 6 10 3 16 6 17 11 8 15 26 7 23.5684529542922974 72.8964803925881455 
18 19 6 3 15 8 17 16 12 2 5.34074699537910114 13 1 3 2 10 2 2 18 1 7 4 29 10 9 26 1 11 24 3 14 20 8 15 22 13 5 30 11 2 32 2 16 2 1 3.36768017929769181 1 9 9 6 4 3 16 6 17 11 8 18 19 12 24.8393068909645081 62.6753459271431765 
18 19 6 3 15 8 17 16 12 2 5.34074699537910114 13 1 3 2 10 2 2 18 1 7 4 29 10 9 26 1 11 24 3 14 20 8 15 22 13 5 30 11 2 32 2 16 2 1 11 1 4 4 26 9 3 16 6 17 11 8 13 9 12 24.1970368623733521 63.0005048726757266 
4 26 6 3 15 8 17 16 12 2 5.34074699537910114 13 1 3 2 10 2 2 18 1 7 4 29 10 9 26 1 11 24 3 14 20 8 15 22 13 5 30 11 2 32 2 16 2 1 11 1 4 3.36768017929769181 24 5 9.25570237641795579 20 10 17 11 8 18 19 12 23.9419868588447571 68.6086874206021662 
17 30 6 16 5 3 4 24 2.70999124060388841 1 15 11 17 30 9 11 12 13 1 2 13 14 26 9 12 9 11 8 24 2 2 24 12 15 5 11 3 6 9 6 15 4 16 18 4 14 24 10 9.25570237641795579 31 6 6 14 5 15 22 2 1 18 1 17.5234617292881012 204.290807146070307 
14 26 2 3 15 8 17 16 12 2 5.34074699537910114 13 1 3 2 10 2 2 18 1 7 4 29 10 9 26 1 11 24 3 14 20 8 15 22 13 5 30 11 2 32 2 16 2 1 11 1 4 17 31 1 3 16 6 13 31 10 14 5 11 22.26572585105896 96.9281195092170833 
4 6 2 2 5.34074699537910114 12 15 19 5 16 20 9 13 18 7 3 16 13 4 16 9 14 6 2 10 1 6.96245171630185755 14 12 8 6 2 3.84646942076222631 8 7 2 4 24 11 12 26 3 15 9 11 1 20 9 14 9 2 8 32 9.82524131762891173 9 2 1 3 31.8448655754823804 8 18.4851849377155304 193.619048488227918 
18 19 6 3 15 8 17 16 12 2 5.34074699537910114 13 1 3 2 10 2 2 18 1 7 4 29 10 9 26 1 11 24 3 14 20 8 15 22 13 5 30 11 2 32 2 16 2 1 11 1 4 12 10 3 3 16 6 17 11 8 14 6 12 26.664085865020752 53.3978094353635413 
12 6 10 3 15 8 17 16 12 2 5.34074699537910114 13 1 3 2 10 2 2 18 1 7 4 29 10 9 26 1 11 24 3 14 20 8 15 22 13 5 30 11 2 32 2 16 2 1 11 1 4 10 12 6 3 16 6 17 11 8 6 30 5 23.2727029323577881 76.4691875548340789 
18 19 6 3 15 8 17 16 12 2 5.34074699537910114 13 1 3 2 10 2 2 18 1 7 4 29 10 9 26 1 11 24 3 14 20 8 15 22 13 5 30 11 2 32 2 16 2 1 11 1 4 9 6 3 3 16 6 17 11 8 18 19 12 25.5210438966751099 56.8124109445375964 
6 6 4 3 15 8 17 16 12 2 5.34074699537910114 13 1 3 2 10 2 2 9 16 5 4 29 10 9 26 1 4 24 7 14 20 8 15 22 13 5 30 11 2 32 2 16 2 1 11 1 4 14 18 9 3 16 6 17 11 8 18 19 12 22.6897628903388977 93.4325581218420922 
18 19 6 3 15 8 17 16 12 2 5.34074699537910114 13 1 3 2 10 2 2 18 1 7 4 29 10 9 26 1 11 24 3 14 20 8 15 22 13 5 30 11 2 32 2 16 2 1 11 1 4 12 28 10 3 16 6 17 11 8 18 19 12 26.0117249488830566 56.6077701327169791 
18 19 6 3 15 8 17 16 12 2 5.34074699537910114 13 1 3 2 10 2 2 18 1 7 4 29 10 9 26 1 11 24 3 14 20 8 15 22 13 5 30 11 2 32 2 16 2 1 11 1 4 12 23 9 3 16 6 17 11 8 15 13 12 24.9643199443817139 59.8822083380099599 
18 19 6 3 15 8 17 16 12 15 32 7 1 3 2 10 2 2 18 1 7 4 29 10 9 26 1 11 24 3 14 20 8 15 22 13 5 30 11 2 32 2 16 2 1 11 1 4 6 6 10 3 16 6 14 24 8 17 6 13 22.8920897841453552 79.1971435906223746 
6 24 5 3 15 8 17 16 12 2 5.34074699537910114 13 1 3 2 10 2 2 12 24 2 10 6 5 9 26 1 11 24 3 14 20 8 15 22 13 5 30 11 2 32 2 16 2 1 11 1 4 1 32 6 3 16 6 17 11 8 18 19 12 22.6743448972702026 96.5199403467650967 
18 19 6 3 15 8 17 16 12 2 5.34074699537910114 13 1 3 2 10 2 2 18 1 7 4 29 10 9 26 1 11 24 3 14 20 8 15 22 13 5 30 11 2 32 2 16 2 1 11 1 4 12 28 3 3 16 6 17 11 8 18 19 12 26.0577249526977539 56.0543547521687486 
12 13 3 3 15 8 17 16 12 2 5.34074699537910114 13 1 3 2 14 28 12 18 1 7 4 29 10 9 26 1 11 24 3 14 20 8 15 22 13 5 30 11 2 32 2 16 2 1 11 1 4 13 15 9 3 16 6 17 11 8 6 24 3 22.8129050135612488 88.9319615066549574 
14 14 12 6 16 1 12 6 2.70999124060388841 2 15 6.96245171630185755 12 24 5 3 25 3 4 30 1 3 6 5 10 24 11 2 30 13 12 31 3 6 1 10 3 30 8 10 17 2 17 16 10 16 26 1 13 6 6 6 18 3.84646942076222631 8 16 4 16 32 13 18.9313597679138184 183.359938917291856 
18 19 6 3 15 8 17 16 12 2 5.34074699537910114 13 1 3 2 10 2 2 18 1 7 4 29 10 9 26 1 11 24 3 14 20 8 15 22 13 5 30 11 2 32 2 16 2 1 11 1 4 12 6 5 3 16 6 17 11 8 18 19 12 25.3383808732032776 57.7897688241241454 
18 19 6 3 15 8 17 16 12 2 5.34074699537910114 13 1 3 2 10 2 2 18 1 7 4 29 10 9 26 1 11 24 3 14 20 8 15 22 13 5 30 11 2 32 2 16 2 1 11 1 4 9 6 7 3 16 6 17 11 8 1 30 2 24.0593289136886597 64.979436157687374 
18 19 6 3 15 8 17 16 12 2 5.34074699537910114 13 1 3 2 10 2 2 18 1 7 4 29 10 9 26 1 11 24 3 14 20 8 15 22 13 5 30 11 2 32 2 16 2 1 11 1 4 12 28 7 3 16 6 17 11 8 18 19 12 25.957724928855896 56.7462615705748519 

Current Evaluation = 30000000(30000000)
Front Size = 44
15 12 2 3 15 8 17 16 12 2 5.34074699537910114 13 1 3 2 10 19 5 3.36768017929769181 6 5 4 29 10 9 26 1 6 12 11 14 20 8 15 22 13 5 30 11 11 23 3 16 2 1 9 1 2.70999124060388841 12 25 9 3 16 6 17 11 8 14 32 13 21.827195942401886 99.5393467042073894 
4 26 10 3 15 8 17 16 12 2 5.34074699537910114 13 1 3 2 10 19 5 3.36768017929769181 6 5 4 29 10 9 26 1 6 12 11 14 20 8 15 22 13 5 30 11 16 15 9 16 2 1 9 1 2.70999124060388841 12 25 9 3 16 6 14 25 7 18 19 12 21.3589438796043396 113.454327715864807 
6 6 2 3 15 8 17 16 12 2 5.34074699537910114 13 1 3 2 10 19 5 3.36768017929769181 6 5 6 31 10 9 26 1 6 12 11 14 20 8 1 30 2.70999124060388841 5 30 11 6 22 9 16 2 1 9 1 2.70999124060388841 9 32 5 3 16 6 17 11 8 8 12 11 19.672853946685791 159.568043292113657 
6 25 9 3 15 8 17 16 12 2 5.34074699537910114 13 1 3 2 10 19 5 3.36768017929769181 6 5 4 29 10 9 26 1 6 12 11 14 20 8 15 22 13 5 30 11 1 30 9 16 2 1 9 1 2.70999124060388841 12 25 9 3 16 6 17 11 8 1 26 2 20.4376508593559265 127.309128530568159 
6 6 4 3 15 8 4 20 4 2 5.34074699537910114 13 1 3 2 10 19 5 3.36768017929769181 6 5 4 29 10 9 26 1 6 12 11 14 20 8 15 22 13 5 30 11 11 23 3 16 2 1 9 1 2.70999124060388841 12 25 9 3 16 6 17 11 8 13 20 9 21.1001099348068237 124.673066077538152 
13 5 11 3 15 8 17 16 12 2 5.34074699537910114 13 1 3 2 10 19 5 3.36768017929769181 6 5 4 29 10 9 26 1 6 12 11 14 20 8 15 22 13 5 30 11 4 18 10 16 2 1 9 1 2.70999124060388841 12 25 9 3 16 6 6 15 7 11 9 9 21.3011267781257629 120.253332286478582 
18 19 6 3 15 8 17 16 12 2 5.34074699537910114 13 1 3 2 10 2 2 18 1 7 4 29 10 9 26 1 11 24 3 14 20 8 15 22 13 5 30 11 2 32 2 16 2 1 11 1 4 4 28 10 3 16 6 17 11 8 18 19 12 25.944301962852478 56.8070562536841308 
15 26 4 3 15 8 17 16 12 2 5.34074699537910114 13 1 3 2 10 2 2 18 1 7 4 29 10 9 26 1 11 24 3 14 20 8 15 22 13 5 30 11 2 32 2 16 2 1 11 1 4 14 24 2.70999124060388841 3 16 6 17 11 8 2 24 2 22.7386729717254639 93.0334998334998318 
18 19 6 3 15 8 17 16 12 2 5.34074699537910114 13 1 3 2 10 2 2 18 1 7 4 29 10 9 26 1 11 24 3 14 20 8 15 22 13 5 30 11 2 32 2 16 2 1 11 1 4 10 24 7 3 16 6 17 11 8 1 8 12 24.9786678552627563 58.786376980512884 
18 19 6 3 15 8 17 16 12 2 5.34074699537910114 13 1 3 2 10 2 2 18 1 7 4 29 10 9 26 1 11 24 3 14 20 8 15 22 13 5 30 11 2 32 2 16 2 1 11 1 4 12 10 3 3 16 6 17 11 8 18 19 12 28.1158128976821899 52.2560165075272423 
18 19 6 3 15 8 17 16 12 2 5.34074699537910114 13 1 3 2 10 2 2 18 1 7 4 29 10 9 26 1 11 24 3 14 20 8 15 22 13 5 30 11 2 32 2 16 2 1 14 6 12 12 15 7 3 16 6 17 11 8 9 18 10 23.7882668972015381 70.7235509187524514 
18 19 6 3 15 8 17 16 12 6 12 2 1 3 2 10 2 2 18 1 7 4 29 10 9 26 1 11 24 3 14 20 8 15 22 13 5 30 11 2 32 2 16 2 1 11 1 4 12 10 3 3 16 6 17 11 8 18 19 12 27.6582669019699097 52.384690537983353 
16 26 7 2 12 8 16 30 7 4 28 9 13 3 8 4 7 6 14 24 13 8 26 5 14 32 7 1 20 2 10 9 4 2 31 8 12 6 1 4 16 5 13 23 7 16 30 2 12 24 12 14 25 2 1 26 10 2 9 12 18.0778017640113831 194.477875719052179 
10 13 9 3 15 8 17 16 12 2 5.34074699537910114 13 1 3 2 10 2 2 18 1 7 4 29 10 9 26 1 11 24 3 14 20 8 15 22 13 5 30 11 2 32 2 16 2 1 11 1 4 12 6 10 3 16 6 17 11 8 15 26 7 23.5684529542922974 72.8964803925881455 
18 19 6 3 15 8 17 16 12 2 5.34074699537910114 13 1 3 2 10 2 2 18 1 7 4 29 10 9 26 1 11 24 3 14 20 8 15 22 13 5 30 11 2 32 2 16 2 1 11 1 4 4 26 9 3 16 6 17 11 8 13 9 12 24.1970368623733521 63.0005048726757266 
4 26 6 3 15 8 17 16 12 2 5.34074699537910114 13 1 3 2 10 2 2 18 1 7 4 29 10 9 26 1 11 24 3 14 20 8 15 22 13 5 30 11 2 32 2 16 2 1 11 1 4 3.36768017929769181 24 5 9.25570237641795579 20 10 17 11 8 18 19 12 23.9419868588447571 68.6086874206021662 
17 30 6 16 5 3 4 24 2.70999124060388841 1 15 11 17 30 9 11 12 13 1 2 13 14 26 9 12 9 11 8 24 2 2 24 12 15 5 11 3 6 9 6 15 4 16 18 4 14 24 10 9.25570237641795579 31 6 6 14 5 15 22 2 1 18 1 17.5234617292881012 204.290807146070307 
14 26 2 3 15 8 17 16 12 2 5.34074699537910114 13 1 3 2 10 2 2 18 1 7 4 29 10 9 26 1 11 24 3 14 20 8 15 22 13 5 30 11 2 32 2 16 2 1 11 1 4 17 31 1 3 16 6 13 31 10 14 5 11 22.26572585105896 96.9281195092170833 
4 6 2 2 5.34074699537910114 12 15 19 5 16 20 9 13 18 7 3 16 13 4 16 9 14 6 2 10 1 6.96245171630185755 14 12 8 6 2 3.84646942076222631 8 7 2 4 24 11 12 26 3 15 9 11 1 20 9 14 9 2 8 32 9.82524131762891173 9 2 1 3 31.8448655754823804 8 18.4851849377155304 193.619048488227918 
18 19 6 3 15 8 17 16 12 2 5.34074699537910114 13 1 3 2 10 2 2 18 1 7 4 29 10 9 26 1 11 24 3 14 20 8 15 22 13 5 30 11 2 32 2 16 2 1 11 1 4 12 10 3 3 16 6 17 11 8 14 6 12 26.664085865020752 53.3978094353635413 
12 6 10 3 15 8 17 16 12 2 5.34074699537910114 13 1 3 2 10 2 2 18 1 7 4 29 10 9 26 1 11 24 3 14 20 8 15 22 13 5 30 11 2 32 2 16 2 1 11 1 4 10 12 6 3 16 6 17 11 8 6 30 5 23.2727029323577881 76.4691875548340789 
18 19 6 3 15 8 17 16 12 2 5.34074699537910114 13 1 3 2 10 2 2 18 1 7 4 29 10 9 26 1 11 24 3 14 20 8 15 22 13 5 30 11 2 32 2 16 2 1 11 1 4 9 6 3 3 16 6 17 11 8 18 19 12 25.5210438966751099 56.8124109445375964 
6 6 4 3 15 8 17 16 12 2 5.34074699537910114 13 1 3 2 10 2 2 9 16 5 4 29 10 9 26 1 4 24 7 14 20 8 15 22 13 5 30 11 2 32 2 16 2 1 11 1 4 14 18 9 3 16 6 17 11 8 18 19 12 22.6897628903388977 93.4325581218420922 
18 19 6 3 15 8 17 16 12 2 5.34074699537910114 13 1 3 2 10 2 2 18 1 7 4 29 10 9 26 1 11 24 3 14 20 8 15 22 13 5 30 11 2 32 2 16 2 1 11 1 4 12 28 10 3 16 6 17 11 8 18 19 12 26.0117249488830566 56.6077701327169791 
18 19 6 3 15 8 17 16 12 2 5.34074699537910114 13 1 3 2 10 2 2 18 1 7 4 29 10 9 26 1 11 24 3 14 20 8 15 22 13 5 30 11 2 32 2 16 2 1 11 1 4 12 23 9 3 16 6 17 11 8 15 13 12 24.9643199443817139 59.8822083380099599 
18 19 6 3 15 8 17 16 12 15 32 7 1 3 2 10 2 2 18 1 7 4 29 10 9 26 1 11 24 3 14 20 8 15 22 13 5 30 11 2 32 2 16 2 1 11 1 4 6 6 10 3 16 6 14 24 8 17 6 13 22.8920897841453552 79.1971435906223746 
6 24 5 3 15 8 17 16 12 2 5.34074699537910114 13 1 3 2 10 2 2 12 24 2 10 6 5 9 26 1 11 24 3 14 20 8 15 22 13 5 30 11 2 32 2 16 2 1 11 1 4 1 32 6 3 16 6 17 11 8 18 19 12 22.6743448972702026 96.5199403467650967 
18 19 6 3 15 8 17 16 12 2 5.34074699537910114 13 1 3 2 10 2 2 18 1 7 4 29 10 9 26 1 11 24 3 14 20 8 15 22 13 5 30 11 2 32 2 16 2 1 11 1 4 12 28 3 3 16 6 17 11 8 18 19 12 26.0577249526977539 56.0543547521687486 
12 13 3 3 15 8 17 16 12 2 5.34074699537910114 13 1 3 2 14 28 12 18 1 7 4 29 10 9 26 1 11 24 3 14 20 8 15 22 13 5 30 11 2 32 2 16 2 1 11 1 4 13 15 9 3 16 6 17 11 8 6 24 3 22.8129050135612488 88.9319615066549574 
14 14 12 6 16 1 12 6 2.70999124060388841 2 15 6.96245171630185755 12 24 5 3 25 3 4 30 1 3 6 5 10 24 11 2 30 13 12 31 3 6 1 10 3 30 8 10 17 2 17 16 10 16 26 1 13 6 6 6 18 3.84646942076222631 8 16 4 16 32 13 18.9313597679138184 183.359938917291856 
18 19 6 3 15 8 17 16 12 2 5.34074699537910114 13 1 3 2 10 2 2 18 1 7 4 29 10 9 26 1 11 24 3 14 20 8 15 22 13 5 30 11 2 32 2 16 2 1 11 1 4 12 6 5 3 16 6 17 11 8 18 19 12 25.3383808732032776 57.7897688241241454 
18 19 6 3 15 8 17 16 12 2 5.34074699537910114 13 1 3 2 10 2 2 18 1 7 4 29 10 9 26 1 11 24 3 14 20 8 15 22 13 5 30 11 2 32 2 16 2 1 11 1 4 9 6 7 3 16 6 17 11 8 1 30 2 24.0593289136886597 64.979436157687374 
18 19 6 3 15 8 17 16 12 2 5.34074699537910114 13 1 3 2 10 2 2 18 1 7 4 29 10 9 26 1 11 24 3 14 20 8 15 22 13 5 30 11 2 32 2 16 2 1 11 1 4 12 28 7 3 16 6 17 11 8 18 19 12 25.957724928855896 56.7462615705748519 
12 24 12 13 14 2.70999124060388841 13 5 2 4 12 3 16 6 5 4 14 7 17 8 11 14 24 8 15 17 5 6 12 4 17 6 5 4 11 3 14 26 8 14 16.1354543567662532 3.84646942076222631 15 1 5 1 12 13 14 14 11 13 31 1 8 14 4 16 26 9 17.0641536116600037 262.60476365739521 
18 19 6 3 15 8 17 16 12 2 5.34074699537910114 13 1 3 2 10 2 2 18 1 7 4 29 10 9 26 1 11 24 3 14 20 8 15 22 13 5 30 11 2 32 2 16 2 1 11 1 4 9 15 9 3 16 6 17 11 8 18 19 12 25.5157598853111267 57.3305756017846022 
18 19 6 3 15 8 17 16 12 2 5.34074699537910114 13 1 3 2 10 2 2 18 1 7 4 29 10 9 26 1 11 24 3 14 20 8 15 22 13 5 30 11 2 32 2 16 2 1 11 1 4 10 14 10 3 16 6 17 11 8 6 6 13 24.7594959735870361 60.2420051596045383 
16 32 6 9 15 9 8 30 2 3.36768017929769181 26 6.96245171630185755 17 30 13 1 31 8 6 22 11 2 14 2 12 15 4 16 20 5 15 19 13 14 16 4 16 12 13 4.94126535182462057 27 7 3 30 1 1 1 9 9 2 11 13 23 5 14 32 12 6 28 5 19.6386048197746277 165.609309020050659 
1 30 2 16 1 7 9 16 1 3 6 11 6 6 9 4 14 9 13 17 1 4 6 2.70999124060388841 10 20 6 1 25 7 13 1 1 3 15 8 16 17 12 14 1 2 1 6 13 13 24 11 9 19 11 13 25 7 6 20 7 16 6 5 17.2273338437080383 244.218250170881788 
18 19 6 3 15 8 17 16 12 2 5.34074699537910114 13 1 3 2 10 2 2 18 1 7 4 29 10 9 26 1 11 24 3 14 20 8 15 22 13 5 30 11 2 32 2 16 2 1 11 1 4 12 24 9 3 16 6 17 11 8 18 19 12 25.2901918888092041 58.4690823811068441 
18 19 6 3 15 8 17 16 12 2 5.34074699537910114 13 1 3 2 10 2 2 18 1 7 4 29 10 9 26 1 11 24 3 14 20 8 15 22 13 5 30 11 2 32 2 16 2 1 11 1 4 9 28 7 3 16 6 17 11 8 18 19 12 26.0823879241943359 55.1316667108304443 
18 19 6 3 15 8 17 16 12 2 5.34074699537910114 13 1 3 2 10 2 2 18 1 7 4 29 10 9 26 1 11 24 3 14 20 8 15 22 13 5 30 11 2 32 2 16 2 1 11 1 4 12 15 9 3 16 6 17 11 8 18 19 12 25.3910968899726868 57.6941856639462358 
18 19 6 3 15 8 17 16 12 2 5.34074699537910114 13 1 3 2 10 2 2 18 1 7 4 29 10 9 26 1 11 24 3 14 20 8 15 22 13 5 30 11 2 32 2 16 2 1 11 1 4 4 6 9 3 16 6 17 11 8 1 18 2.70999124060388841 24.085226833820343 63.9911573083380887 
18 19 6 3 15 8 17 16 12 2 5.34074699537910114 13 1 3 2 10 2 2 18 1 7 4 29 10 9 26 1 11 24 3 14 20 8 15 22 13 5 30 11 2 32 2 16 2 1 11 1 4 12 15 1 3 16 6 17 11 8 1 12 12 24.4239707589149475 62.6386315493278545 
15 15 2.70999124060388841 9.25570237641795579 24 9 4.94126535182462057 11 10 17 20 1 16 8 11 13.2195649013323386 32 9 15 24 1 4 33 5 17.8244721320812971 31 9 4 26 7.75241283629571765 10 30 11 3 22 1 8 12 3 14 6 11 6 30 3 12 7 2 14 18 8 6 14 9 8 5 9 1.62229798836725392 1 7 18.543980598449707 192.568189272600989 

Current Evaluation = 40000000(40000000)
Front Size = 46
15 12 2 3 15 8 17 16 12 2 5.34074699537910114 13 1 3 2 10 19 5 3.36768017929769181 6 5 4 29 10 9 26 1 6 12 11 14 20 8 15 22 13 5 30 11 11 23 3 16 2 1 9 1 2.70999124060388841 12 25 9 3 16 6 17 11 8 14 32 13 21.827195942401886 99.5393467042073894 
4 26 10 3 15 8 17 16 12 2 5.34074699537910114 13 1 3 2 10 19 5 3.36768017929769181 6 5 4 29 10 9 26 1 6 12 11 14 20 8 15 22 13 5 30 11 16 15 9 16 2 1 9 1 2.70999124060388841 12 25 9 3 16 6 14 25 7 18 19 12 21.3589438796043396 113.454327715864807 
6 6 2 3 15 8 17 16 12 2 5.34074699537910114 13 1 3 2 10 19 5 3.36768017929769181 6 5 6 31 10 9 26 1 6 12 11 14 20 8 1 30 2.70999124060388841 5 30 11 6 22 9 16 2 1 9 1 2.70999124060388841 9 32 5 3 16 6 17 11 8 8 12 11 19.672853946685791 159.568043292113657 
6 25 9 3 15 8 17 16 12 2 5.34074699537910114 13 1 3 2 10 19 5 3.36768017929769181 6 5 4 29 10 9 26 1 6 12 11 14 20 8 15 22 13 5 30 11 1 30 9 16 2 1 9 1 2.70999124060388841 12 25 9 3 16 6 17 11 8 1 26 2 20.4376508593559265 127.309128530568159 
6 6 4 3 15 8 4 20 4 2 5.34074699537910114 13 1 3 2 10 19 5 3.36768017929769181 6 5 4 29 10 9 26 1 6 12 11 14 20 8 15 22 13 5 30 11 11 23 3 16 2 1 9 1 2.70999124060388841 12 25 9 3 16 6 17 11 8 13 20 9 21.1001099348068237 124.673066077538152 
13 5 11 3 15 8 17 16 12 2 5.34074699537910114 13 1 3 2 10 19 5 3.36768017929769181 6 5 4 29 10 9 26 1 6 12 11 14 20 8 15 22 13 5 30 11 4 18 10 16 2 1 9 1 2.70999124060388841 12 25 9 3 16 6 6 15 7 11 9 9 21.3011267781257629 120.253332286478582 
18 19 6 3 15 8 17 16 12 2 5.34074699537910114 13 1 3 2 10 2 2 18 1 7 4 29 10 9 26 1 11 24 3 14 20 8 15 22 13 5 30 11 2 32 2 16 2 1 11 1 4 4 28 10 3 16 6 17 11 8 18 19 12 25.944301962852478 56.8070562536841308 
18 19 6 3 15 8 17 16 12 2 5.34074699537910114 13 1 3 2 10 2 2 18 1 7 4 29 10 9 26 1 11 24 3 14 20 8 15 22 13 5 30 11 2 32 2 16 2 1 11 1 4 10 24 7 3 16 6 17 11 8 1 8 12 24.9786678552627563 58.786376980512884 
18 19 6 3 15 8 17 16 12 2 5.34074699537910114 13 1 3 2 10 2 2 18 1 7 4 29 10 9 26 1 11 24 3 14 20 8 15 22 13 5 30 11 2 32 2 16 2 1 11 1 4 12 10 3 3 16 6 17 11 8 18 19 12 28.1158128976821899 52.2560165075272423 
18 19 6 3 15 8 17 16 12 6 12 2 1 3 2 10 2 2 18 1 7 4 29 10 9 26 1 11 24 3 14 20 8 15 22 13 5 30 11 2 32 2 16 2 1 11 1 4 12 10 3 3 16 6 17 11 8 18 19 12 27.6582669019699097 52.384690537983353 
16 26 7 2 12 8 16 30 7 4 28 9 13 3 8 4 7 6 14 24 13 8 26 5 14 32 7 1 20 2 10 9 4 2 31 8 12 6 1 4 16 5 13 23 7 16 30 2 12 24 12 14 25 2 1 26 10 2 9 12 18.0778017640113831 194.477875719052179 
10 13 9 3 15 8 17 16 12 2 5.34074699537910114 13 1 3 2 10 2 2 18 1 7 4 29 10 9 26 1 11 24 3 14 20 8 15 22 13 5 30 11 2 32 2 16 2 1 11 1 4 12 6 10 3 16 6 17 11 8 15 26 7 23.5684529542922974 72.8964803925881455 
18 19 6 3 15 8 17 16 12 2 5.34074699537910114 13 1 3 2 10 2 2 18 1 7 4 29 10 9 26 1 11 24 3 14 20 8 15 22 13 5 30 11 2 32 2 16 2 1 11 1 4 4 26 9 3 16 6 17 11 8 13 9 12 24.1970368623733521 63.0005048726757266 
4 26 6 3 15 8 17 16 12 2 5.34074699537910114 13 1 3 2 10 2 2 18 1 7 4 29 10 9 26 1 11 24 3 14 20 8 15 22 13 5 30 11 2 32 2 16 2 1 11 1 4 3.36768017929769181 24 5 9.25570237641795579 20 10 17 11 8 18 19 12 23.9419868588447571 68.6086874206021662 
17 30 6 16 5 3 4 24 2.70999124060388841 1 15 11 17 30 9 11 12 13 1 2 13 14 26 9 12 9 11 8 24 2 2 24 12 15 5 11 3 6 9 6 15 4 16 18 4 14 24 10 9.25570237641795579 31 6 6 14 5 15 22 2 1 18 1 17.5234617292881012 204.290807146070307 
4 6 2 2 5.34074699537910114 12 15 19 5 16 20 9 13 18 7 3 16 13 4 16 9 14 6 2 10 1 6.96245171630185755 14 12 8 6 2 3.84646942076222631 8 7 2 4 24 11 12 26 3 15 9 11 1 20 9 14 9 2 8 32 9.82524131762891173 9 2 1 3 31.8448655754823804 8 18.4851849377155304 193.619048488227918 
18 19 6 3 15 8 17 16 12 2 5.34074699537910114 13 1 3 2 10 2 2 18 1 7 4 29 10 9 26 1 11 24 3 14 20 8 15 22 13 5 30 11 2 32 2 16 2 1 11 1 4 12 10 3 3 16 6 17 11 8 14 6 12 26.664085865020752 53.3978094353635413 
12 6 10 3 15 8 17 16 12 2 5.34074699537910114 13 1 3 2 10 2 2 18 1 7 4 29 10 9 26 1 11 24 3 14 20 8 15 22 13 5 30 11 2 32 2 16 2 1 11 1 4 10 12 6 3 16 6 17 11 8 6 30 5 23.2727029323577881 76.4691875548340789 
18 19 6 3 15 8 17 16 12 2 5.34074699537910114 13 1 3 2 10 2 2 18 1 7 4 29 10 9 26 1 11 24 3 14 20 8 15 22 13 5 30 11 2 32 2 16 2 1 11 1 4 9 6 3 3 16 6 17 11 8 18 19 12 25.5210438966751099 56.8124109445375964 
18 19 6 3 15 8 17 16 12 2 5.34074699537910114 13 1 3 2 10 2 2 18 1 7 4 29 10 9 26 1 11 24 3 14 20 8 15 22 13 5 30 11 2 32 2 16 2 1 11 1 4 12 28 10 3 16 6 17 11 8 18 19 12 26.0117249488830566 56.6077701327169791 
18 19 6 3 15 8 17 16 12 2 5.34074699537910114 13 1 3 2 10 2 2 18 1 7 4 29 10 9 26 1 11 24 3 14 20 8 15 22 13 5 30 11 2 32 2 16 2 1 11 1 4 12 23 9 3 16 6 17 11 8 15 13 12 24.9643199443817139 59.8822083380099599 
18 19 6 3 15 8 17 16 12 15 32 7 1 3 2 10 2 2 18 1 7 4 29 10 9 26 1 11 24 3 14 20 8 15 22 13 5 30 11 2 32 2 16 2 1 11 1 4 6 6 10 3 16 6 14 24 8 17 6 13 22.8920897841453552 79.1971435906223746 
18 19 6 3 15 8 17 16 12 2 5.34074699537910114 13 1 3 2 10 2 2 18 1 7 4 29 10 9 26 1 11 24 3 14 20 8 15 22 13 5 30 11 2 32 2 16 2 1 11 1 4 12 28 3 3 16 6 17 11 8 18 19 12 26.0577249526977539 56.0543547521687486 
12 13 3 3 15 8 17 16 12 2 5.34074699537910114 13 1 3 2 14 28 12 18 1 7 4 29 10 9 26 1 11 24 3 14 20 8 15 22 13 5 30 11 2 32 2 16 2 1 11 1 4 13 15 9 3 16 6 17 11 8 6 24 3 22.8129050135612488 88.9319615066549574 
14 14 12 6 16 1 12 6 2.70999124060388841 2 15 6.96245171630185755 12 24 5 3 25 3 4 30 1 3 6 5 10 24 11 2 30 13 12 31 3 6 1 10 3 30 8 10 17 2 17 16 10 16 26 1 13 6 6 6 18 3.84646942076222631 8 16 4 16 32 13 18.9313597679138184 183.359938917291856 
18 19 6 3 15 8 17 16 12 2 5.34074699537910114 13 1 3 2 10 2 2 18 1 7 4 29 10 9 26 1 11 24 3 14 20 8 15 22 13 5 30 11 2 32 2 16 2 1 11 1 4 12 6 5 3 16 6 17 11 8 18 19 12 25.3383808732032776 57.7897688241241454 
18 19 6 3 15 8 17 16 12 2 5.34074699537910114 13 1 3 2 10 2 2 18 1 7 4 29 10 9 26 1 11 24 3 14 20 8 15 22 13 5 30 11 2 32 2 16 2 1 11 1 4 9 6 7 3 16 6 17 11 8 1 30 2 24.0593289136886597 64.979436157687374 
18 19 6 3 15 8 17 16 12 2 5.34074699537910114 13 1 3 2 10 2 2 18 1 7 4 29 10 9 26 1 11 24 3 14 20 8 15 22 13 5 30 11 2 32 2 16 2 1 11 1 4 12 28 7 3 16 6 17 11 8 18 19 12 25.957724928855896 56.7462615705748519 
12 24 12 13 14 2.70999124060388841 13 5 2 4 12 3 16 6 5 4 14 7 17 8 11 14 24 8 15 17 5 6 12 4 17 6 5 4 11 3 14 26 8 14 16.1354543567662532 3.84646942076222631 15 1 5 1 12 13 14 14 11 13 31 1 8 14 4 16 26 9 17.0641536116600037 262.60476365739521 
18 19 6 3 15 8 17 16 12 2 5.34074699537910114 13 1 3 2 10 2 2 18 1 7 4 29 10 9 26 1 11 24 3 14 20 8 15 22 13 5 30 11 2 32 2 16 2 1 11 1 4 9 15 9 3 16 6 17 11 8 18 19 12 25.5157598853111267 57.3305756017846022 
18 19 6 3 15 8 17 16 12 2 5.34074699537910114 13 1 3 2 10 2 2 18 1 7 4 29 10 9 26 1 11 24 3 14 20 8 15 22 13 5 30 11 2 32 2 16 2 1 11 1 4 10 14 10 3 16 6 17 11 8 6 6 13 24.7594959735870361 60.2420051596045383 
16 32 6 9 15 9 8 30 2 3.36768017929769181 26 6.96245171630185755 17 30 13 1 31 8 6 22 11 2 14 2 12 15 4 16 20 5 15 19 13 14 16 4 16 12 13 4.94126535182462057 27 7 3 30 1 1 1 9 9 2 11 13 23 5 14 32 12 6 28 5 19.6386048197746277 165.609309020050659 
1 30 2 16 1 7 9 16 1 3 6 11 6 6 9 4 14 9 13 17 1 4 6 2.70999124060388841 10 20 6 1 25 7 13 1 1 3 15 8 16 17 12 14 1 2 1 6 13 13 24 11 9 19 11 13 25 7 6 20 7 16 6 5 17.2273338437080383 244.218250170881788 
18 19 6 3 15 8 17 16 12 2 5.34074699537910114 13 1 3 2 10 2 2 18 1 7 4 29 10 9 26 1 11 24 3 14 20 8 15 22 13 5 30 11 2 32 2 16 2 1 11 1 4 12 24 9 3 16 6 17 11 8 18 19 12 25.2901918888092041 58.4690823811068441 
18 19 6 3 15 8 17 16 12 2 5.34074699537910114 13 1 3 2 10 2 2 18 1 7 4 29 10 9 26 1 11 24 3 14 20 8 15 22 13 5 30 11 2 32 2 16 2 1 11 1 4 9 28 7 3 16 6 17 11 8 18 19 12 26.0823879241943359 55.1316667108304443 
18 19 6 3 15 8 17 16 12 2 5.34074699537910114 13 1 3 2 10 2 2 18 1 7 4 29 10 9 26 1 11 24 3 14 20 8 15 22 13 5 30 11 2 32 2 16 2 1 11 1 4 4 6 9 3 16 6 17 11 8 1 18 2.70999124060388841 24.085226833820343 63.9911573083380887 
18 19 6 3 15 8 17 16 12 2 5.34074699537910114 13 1 3 2 10 2 2 18 1 7 4 29 10 9 26 1 11 24 3 14 20 8 15 22 13 5 30 11 2 32 2 16 2 1 11 1 4 12 15 1 3 16 6 17 11 8 1 12 12 24.4239707589149475 62.6386315493278545 
15 15 2.70999124060388841 9.25570237641795579 24 9 4.94126535182462057 11 10 17 20 1 16 8 11 13.2195649013323386 32 9 15 24 1 4 33 5 17.8244721320812971 31 9 4 26 7.75241283629571765 10 30 11 3 22 1 8 12 3 14 6 11 6 30 3 12 7 2 14 18 8 6 14 9 8 5 9 1.62229798836725392 1 7 18.543980598449707 192.568189272600989 
14 26 7 3 15 8 17 16 12 2 5.34074699537910114 13 1 3 2 10 2 2 18 1 7 4 29 10 9 26 1 11 24 3 14 20 8 15 22 13 5 30 11 2 32 2 16 2 1 11 1 4 10 6 1 3 16 6 17 11 8 6 8 2 23.5681320130825043 75.5306512201249234 
18 19 6 3 15 8 17 16 12 2 5.34074699537910114 13 1 3 2 10 2 2 18 1 7 4 29 10 9 26 1 11 24 3 14 20 8 15 22 13 5 30 11 2 32 2 16 2 1 11 1 4 6 6 9 3 16 6 17 11 8 14 12 12 23.7145228981971741 69.6218032590362697 
18 19 6 3 15 8 17 16 12 6 12 9 1 3 2 10 2 2 18 1 7 4 29 10 9 26 1 11 24 3 14 20 8 15 22 13 5 30 11 2 32 2 16 2 1 14 31 4 15 14 5 3 12 10 13 1 4 17 24 13 21.9258738458156586 89.9244036345423297 
18 19 6 3 15 8 17 16 12 2 5.34074699537910114 13 1 3 2 10 2 2 18 1 7 4 29 10 9 26 1 11 24 3 14 20 8 15 22 13 5 30 11 2 32 2 16 2 1 11 1 4 4 33 9 3 16 6 17 11 8 18 19 12 26.0051058530807495 56.6272685824834099 
18 19 6 3 15 8 17 16 12 2 5.34074699537910114 13 1 3 2 10 2 2 18 1 7 4 29 10 9 26 1 11 24 3 14 20 8 15 22 13 5 30 11 2 32 2 16 2 1 11 1 4 4 6 7 3 16 6 17 11 8 6 33 11 24.7436708211898804 61.4345498103435261 
18 19 6 3 15 8 17 16 12 2 5.34074699537910114 13 1 3 2 10 2 2 18 1 7 4 29 10 9 26 1 11 24 3 14 20 8 15 22 13 5 30 11 2 32 2 16 2 1 11 1 4 12 15 9 3 16 6 17 11 8 18 19 12 25.3910968899726868 57.4624267996546578 
18 19 6 3 15 8 17 16 12 2 5.34074699537910114 13 1 3 2 10 2 2 18 1 7 4 29 10 9 26 1 11 24 3 14 20 8 15 22 13 5 30 11 2 32 2 16 2 1 11 1 4 12 28 5 3 16 6 17 11 8 18 19 12 25.9997249841690063 56.6459753757867333 
4 30 9 14 5 2.70999124060388841 1 3 6.96245171630185755 14 6 7 3 19 13 1 22 11 12 12 11 17 17 13 9 28 13 6 2 3.84646942076222631 3 1 2 14 6 9 1 20 12 13.2195649013323386 31.8448655754823804 7.75241283629571765 4 30 1 3 7 7 12 22 10 18 2.14087964533996544 7 6 5 7 3 31 1 19.2576188445091248 180.535294988808943 

Current Evaluation = 50000000(50000000)
Front Size = 45
15 12 2 3 15 8 17 16 12 2 5.34074699537910114 13 1 3 2 10 19 5 3.36768017929769181 6 5 4 29 10 9 26 1 6 12 11 14 20 8 15 22 13 5 30 11 11 23 3 16 2 1 9 1 2.70999124060388841 12 25 9 3 16 6 17 11 8 14 32 13 21.827195942401886 99.5393467042073894 
4 26 10 3 15 8 17 16 12 2 5.34074699537910114 13 1 3 2 10 19 5 3.36768017929769181 6 5 4 29 10 9 26 1 6 12 11 14 20 8 15 22 13 5 30 11 16 15 9 16 2 1 9 1 2.70999124060388841 12 25 9 3 16 6 14 25 7 18 19 12 21.3589438796043396 113.454327715864807 
6 6 2 3 15 8 17 16 12 2 5.34074699537910114 13 1 3 2 10 19 5 3.36768017929769181 6 5 6 31 10 9 26 1 6 12 11 14 20 8 1 30 2.70999124060388841 5 30 11 6 22 9 16 2 1 9 1 2.70999124060388841 9 32 5 3 16 6 17 11 8 8 12 11 19.672853946685791 159.568043292113657 
6 25 9 3 15 8 17 16 12 2 5.34074699537910114 13 1 3 2 10 19 5 3.36768017929769181 6 5 4 29 10 9 26 1 6 12 11 14 20 8 15 22 13 5 30 11 1 30 9 16 2 1 9 1 2.70999124060388841 12 25 9 3 16 6 17 11 8 1 26 2 20.4376508593559265 127.309128530568159 
6 6 4 3 15 8 4 20 4 2 5.34074699537910114 13 1 3 2 10 19 5 3.36768017929769181 6 5 4 29 10 9 26 1 6 12 11 14 20 8 15 22 13 5 30 11 11 23 3 16 2 1 9 1 2.70999124060388841 12 25 9 3 16 6 17 11 8 13 20 9 21.1001099348068237 124.673066077538152 
13 5 11 3 15 8 17 16 12 2 5.34074699537910114 13 1 3 2 10 19 5 3.36768017929769181 6 5 4 29 10 9 26 1 6 12 11 14 20 8 15 22 13 5 30 11 4 18 10 16 2 1 9 1 2.70999124060388841 12 25 9 3 16 6 6 15 7 11 9 9 21.3011267781257629 120.253332286478582 
18 19 6 3 15 8 17 16 12 2 5.34074699537910114 13 1 3 2 10 2 2 18 1 7 4 29 10 9 26 1 11 24 3 14 20 8 15 22 13 5 30 11 2 32 2 16 2 1 11 1 4 10 24 7 3 16 6 17 11 8 1 8 12 24.9786678552627563 58.786376980512884 
18 19 6 3 15 8 17 16 12 6 12 2 1 3 2 10 2 2 18 1 7 4 29 10 9 26 1 11 24 3 14 20 8 15 22 13 5 30 11 2 32 2 16 2 1 11 1 4 12 10 3 3 16 6 17 11 8 18 19 12 27.6582669019699097 52.384690537983353 
16 26 7 2 12 8 16 30 7 4 28 9 13 3 8 4 7 6 14 24 13 8 26 5 14 32 7 1 20 2 10 9 4 2 31 8 12 6 1 4 16 5 13 23 7 16 30 2 12 24 12 14 25 2 1 26 10 2 9 12 18.0778017640113831 194.477875719052179 
10 13 9 3 15 8 17 16 12 2 5.34074699537910114 13 1 3 2 10 2 2 18 1 7 4 29 10 9 26 1 11 24 3 14 20 8 15 22 13 5 30 11 2 32 2 16 2 1 11 1 4 12 6 10 3 16 6 17 11 8 15 26 7 23.5684529542922974 72.8964803925881455 
18 19 6 3 15 8 17 16 12 2 5.34074699537910114 13 1 3 2 10 2 2 18 1 7 4 29 10 9 26 1 11 24 3 14 20 8 15 22 13 5 30 11 2 32 2 16 2 1 11 1 4 4 26 9 3 16 6 17 11 8 13 9 12 24.1970368623733521 63.0005048726757266 
4 26 6 3 15 8 17 16 12 2 5.34074699537910114 13 1 3 2 10 2 2 18 1 7 4 29 10 9 26 1 11 24 3 14 20 8 15 22 13 5 30 11 2 32 2 16 2 1 11 1 4 3.36768017929769181 24 5 9.25570237641795579 20 10 17 11 8 18 19 12 23.9419868588447571 68.6086874206021662 
17 30 6 16 5 3 4 24 2.70999124060388841 1 15 11 17 30 9 11 12 13 1 2 13 14 26 9 12 9 11 8 24 2 2 24 12 15 5 11 3 6 9 6 15 4 16 18 4 14 24 10 9.25570237641795579 31 6 6 14 5 15 22 2 1 18 1 17.5234617292881012 204.290807146070307 
4 6 2 2 5.34074699537910114 12 15 19 5 16 20 9 13 18 7 3 16 13 4 16 9 14 6 2 10 1 6.96245171630185755 14 12 8 6 2 3.84646942076222631 8 7 2 4 24 11 12 26 3 15 9 11 1 20 9 14 9 2 8 32 9.82524131762891173 9 2 1 3 31.8448655754823804 8 18.4851849377155304 193.619048488227918 
18 19 6 3 15 8 17 16 12 2 5.34074699537910114 13 1 3 2 10 2 2 18 1 7 4 29 10 9 26 1 11 24 3 14 20 8 15 22 13 5 30 11 2 32 2 16 2 1 11 1 4 12 10 3 3 16 6 17 11 8 14 6 12 26.664085865020752 53.3978094353635413 
12 6 10 3 15 8 17 16 12 2 5.34074699537910114 13 1 3 2 10 2 2 18 1 7 4 29 10 9 26 1 11 24 3 14 20 8 15 22 13 5 30 11 2 32 2 16 2 1 11 1 4 10 12 6 3 16 6 17 11 8 6 30 5 23.2727029323577881 76.4691875548340789 
18 19 6 3 15 8 17 16 12 2 5.34074699537910114 13 1 3 2 10 2 2 18 1 7 4 29 10 9 26 1 11 24 3 14 20 8 15 22 13 5 30 11 2 32 2 16 2 1 11 1 4 9 6 3 3 16 6 17 11 8 18 19 12 25.5210438966751099 56.8124109445375964 
18 19 6 3 15 8 17 16 12 2 5.34074699537910114 13 1 3 2 10 2 2 18 1 7 4 29 10 9 26 1 11 24 3 14 20 8 15 22 13 5 30 11 2 32 2 16 2 1 11 1 4 12 28 10 3 16 6 17 11 8 18 19 12 26.0117249488830566 56.6077701327169791 
18 19 6 3 15 8 17 16 12 2 5.34074699537910114 13 1 3 2 10 2 2 18 1 7 4 29 10 9 26 1 11 24 3 14 20 8 15 22 13 5 30 11 2 32 2 16 2 1 11 1 4 12 23 9 3 16 6 17 11 8 15 13 12 24.9643199443817139 59.8822083380099599 
18 19 6 3 15 8 17 16 12 2 5.34074699537910114 13 1 3 2 10 2 2 18 1 7 4 29 10 9 26 1 11 24 3 14 20 8 15 22 13 5 30 11 2 32 2 16 2 1 11 1 4 12 28 3 3 16 6 17 11 8 18 19 12 26.0577249526977539 56.0543547521687486 
14 14 12 6 16 1 12 6 2.70999124060388841 2 15 6.96245171630185755 12 24 5 3 25 3 4 30 1 3 6 5 10 24 11 2 30 13 12 31 3 6 1 10 3 30 8 10 17 2 17 16 10 16 26 1 13 6 6 6 18 3.84646942076222631 8 16 4 16 32 13 18.9313597679138184 183.359938917291856 
18 19 6 3 15 8 17 16 12 2 5.34074699537910114 13 1 3 2 10 2 2 18 1 7 4 29 10 9 26 1 11 24 3 14 20 8 15 22 13 5 30 11 2 32 2 16 2 1 11 1 4 12 6 5 3 16 6 17 11 8 18 19 12 25.3383808732032776 57.7897688241241454 
18 19 6 3 15 8 17 16 12 2 5.34074699537910114 13 1 3 2 10 2 2 18 1 7 4 29 10 9 26 1 11 24 3 14 20 8 15 22 13 5 30 11 2 32 2 16 2 1 11 1 4 9 6 7 3 16 6 17 11 8 1 30 2 24.0593289136886597 64.979436157687374 
18 19 6 3 15 8 17 16 12 2 5.34074699537910114 13 1 3 2 10 2 2 18 1 7 4 29 10 9 26 1 11 24 3 14 20 8 15 22 13 5 30 11 2 32 2 16 2 1 11 1 4 12 28 7 3 16 6 17 11 8 18 19 12 25.957724928855896 56.7462615705748519 
12 24 12 13 14 2.70999124060388841 13 5 2 4 12 3 16 6 5 4 14 7 17 8 11 14 24 8 15 17 5 6 12 4 17 6 5 4 11 3 14 26 8 14 16.1354543567662532 3.84646942076222631 15 1 5 1 12 13 14 14 11 13 31 1 8 14 4 16 26 9 17.0641536116600037 262.60476365739521 
18 19 6 3 15 8 17 16 12 2 5.34074699537910114 13 1 3 2 10 2 2 18 1 7 4 29 10 9 26 1 11 24 3 14 20 8 15 22 13 5 30 11 2 32 2 16 2 1 11 1 4 9 15 9 3 16 6 17 11 8 18 19 12 25.5157598853111267 57.3305756017846022 
18 19 6 3 15 8 17 16 12 2 5.34074699537910114 13 1 3 2 10 2 2 18 1 7 4 29 10 9 26 1 11 24 3 14 20 8 15 22 13 5 30 11 2 32 2 16 2 1 11 1 4 10 14 10 3 16 6 17 11 8 6 6 13 24.7594959735870361 60.2420051596045383 
16 32 6 9 15 9 8 30 2 3.36768017929769181 26 6.96245171630185755 17 30 13 1 31 8 6 22 11 2 14 2 12 15 4 16 20 5 15 19 13 14 16 4 16 12 13 4.94126535182462057 27 7 3 30 1 1 1 9 9 2 11 13 23 5 14 32 12 6 28 5 19.6386048197746277 165.609309020050659 
1 30 2 16 1 7 9 16 1 3 6 11 6 6 9 4 14 9 13 17 1 4 6 2.70999124060388841 10 20 6 1 25 7 13 1 1 3 15 8 16 17 12 14 1 2 1 6 13 13 24 11 9 19 11 13 25 7 6 20 7 16 6 5 17.2273338437080383 244.218250170881788 
18 19 6 3 15 8 17 16 12 2 5.34074699537910114 13 1 3 2 10 2 2 18 1 7 4 29 10 9 26 1 11 24 3 14 20 8 15 22 13 5 30 11 2 32 2 16 2 1 11 1 4 12 24 9 3 16 6 17 11 8 18 19 12 25.2901918888092041 58.4690823811068441 
18 19 6 3 15 8 17 16 12 2 5.34074699537910114 13 1 3 2 10 2 2 18 1 7 4 29 10 9 26 1 11 24 3 14 20 8 15 22 13 5 30 11 2 32 2 16 2 1 11 1 4 9 28 7 3 16 6 17 11 8 18 19 12 26.0823879241943359 55.1316667108304443 
18 19 6 3 15 8 17 16 12 2 5.34074699537910114 13 1 3 2 10 2 2 18 1 7 4 29 10 9 26 1 11 24 3 14 20 8 15 22 13 5 30 11 2 32 2 16 2 1 11 1 4 4 6 9 3 16 6 17 11 8 1 18 2.70999124060388841 24.085226833820343 63.9911573083380887 
18 19 6 3 15 8 17 16 12 2 5.34074699537910114 13 1 3 2 10 2 2 18 1 7 4 29 10 9 26 1 11 24 3 14 20 8 15 22 13 5 30 11 2 32 2 16 2 1 11 1 4 12 15 1 3 16 6 17 11 8 1 12 12 24.4239707589149475 62.6386315493278545 
15 15 2.70999124060388841 9.25570237641795579 24 9 4.94126535182462057 11 10 17 20 1 16 8 11 13.2195649013323386 32 9 15 24 1 4 33 5 17.8244721320812971 31 9 4 26 7.75241283629571765 10 30 11 3 22 1 8 12 3 14 6 11 6 30 3 12 7 2 14 18 8 6 14 9 8 5 9 1.62229798836725392 1 7 18.543980598449707 192.568189272600989 
14 26 7 3 15 8 17 16 12 2 5.34074699537910114 13 1 3 2 10 2 2 18 1 7 4 29 10 9 26 1 11 24 3 14 20 8 15 22 13 5 30 11 2 32 2 16 2 1 11 1 4 10 6 1 3 16 6 17 11 8 6 8 2 23.5681320130825043 75.5306512201249234 
18 19 6 3 15 8 17 16 12 2 5.34074699537910114 13 1 3 2 10 2 2 18 1 7 4 29 10 9 26 1 11 24 3 14 20 8 15 22 13 5 30 11 2 32 2 16 2 1 11 1 4 6 6 9 3 16 6 17 11 8 14 12 12 23.7145228981971741 69.6218032590362697 
18 19 6 3 15 8 17 16 12 6 12 9 1 3 2 10 2 2 18 1 7 4 29 10 9 26 1 11 24 3 14 20 8 15 22 13 5 30 11 2 32 2 16 2 1 14 31 4 15 14 5 3 12 10 13 1 4 17 24 13 21.9258738458156586 89.9244036345423297 
18 19 6 3 15 8 17 16 12 2 5.34074699537910114 13 1 3 2 10 2 2 18 1 7 4 29 10 9 26 1 11 24 3 14 20 8 15 22 13 5 30 11 2 32 2 16 2 1 11 1 4 4 33 9 3 16 6 17 11 8 18 19 12 26.0051058530807495 56.6272685824834099 
18 19 6 3 15 8 17 16 12 2 5.34074699537910114 13 1 3 2 10 2 2 18 1 7 4 29 10 9 26 1 11 24 3 14 20 8 15 22 13 5 30 11 2 32 2 16 2 1 11 1 4 4 6 7 3 16 6 17 11 8 6 33 11 24.7436708211898804 61.4345498103435261 
18 19 6 3 15 8 17 16 12 2 5.34074699537910114 13 1 3 2 10 2 2 18 1 7 4 29 10 9 26 1 11 24 3 14 20 8 15 22 13 5 30 11 2 32 2 16 2 1 11 1 4 12 15 9 3 16 6 17 11 8 18 19 12 25.3910968899726868 57.4624267996546578 
18 19 6 3 15 8 17 16 12 2 5.34074699537910114 13 1 3 2 10 2 2 18 1 7 4 29 10 9 26 1 11 24 3 14 20 8 15 22 13 5 30 11 2 32 2 16 2 1 11 1 4 12 28 5 3 16 6 17 11 8 18 19 12 25.9997249841690063 56.6459753757867333 
4 30 9 14 5 2.70999124060388841 1 3 6.96245171630185755 14 6 7 3 19 13 1 22 11 12 12 11 17 17 13 9 28 13 6 2 3.84646942076222631 3 1 2 14 6 9 1 20 12 13.2195649013323386 31.8448655754823804 7.75241283629571765 4 30 1 3 7 7 12 22 10 18 2.14087964533996544 7 6 5 7 3 31 1 19.2576188445091248 180.535294988808943 
18 19 6 3 15 8 17 16 12 2 5.34074699537910114 13 1 3 2 10 2 2 18 1 7 4 29 10 9 26 1 11 24 3 14 20 8 15 22 13 5 30 11 2 32 2 16 2 1 11 1 4 12 10 3 3 16 6 17 11 8 18 19 12 28.1158128976821899 51.7331409417749342 
6 6 6 3 15 8 17 16 12 2 5.34074699537910114 13 1 3 2 10 2 2 18 1 7 4 29 10 9 26 1 11 24 3 14 20 8 15 22 13 5 30 11 2 32 2 16 2 1 11 1 4 12 24 10 3 16 6 17 11 8 6 26 9 22.7247928977012634 77.1559054417324717 
18 19 6 3 15 8 17 16 12 2 5.34074699537910114 13 1 3 2 10 2 2 18 1 7 4 29 10 9 26 1 11 24 3 14 20 8 15 22 13 5 30 11 2 32 2 16 2 1 11 1 4 10 15 9 3 16 6 17 11 8 18 19 12 25.8054028749465942 56.7843876605676243 

Current Evaluation = 60000000(60000000)
Front Size = 39
15 12 2 3 15 8 17 16 12 2 5.34074699537910114 13 1 3 2 10 19 5 3.36768017929769181 6 5 4 29 10 9 26 1 6 12 11 14 20 8 15 22 13 5 30 11 11 23 3 16 2 1 9 1 2.70999124060388841 12 25 9 3 16 6 17 11 8 14 32 13 21.827195942401886 99.5393467042073894 
4 26 10 3 15 8 17 16 12 2 5.34074699537910114 13 1 3 2 10 19 5 3.36768017929769181 6 5 4 29 10 9 26 1 6 12 11 14 20 8 15 22 13 5 30 11 16 15 9 16 2 1 9 1 2.70999124060388841 12 25 9 3 16 6 14 25 7 18 19 12 21.3589438796043396 113.454327715864807 
6 6 2 3 15 8 17 16 12 2 5.34074699537910114 13 1 3 2 10 19 5 3.36768017929769181 6 5 6 31 10 9 26 1 6 12 11 14 20 8 1 30 2.70999124060388841 5 30 11 6 22 9 16 2 1 9 1 2.70999124060388841 9 32 5 3 16 6 17 11 8 8 12 11 19.672853946685791 159.568043292113657 
6 25 9 3 15 8 17 16 12 2 5.34074699537910114 13 1 3 2 10 19 5 3.36768017929769181 6 5 4 29 10 9 26 1 6 12 11 14 20 8 15 22 13 5 30 11 1 30 9 16 2 1 9 1 2.70999124060388841 12 25 9 3 16 6 17 11 8 1 26 2 20.4376508593559265 127.309128530568159 
6 6 4 3 15 8 4 20 4 2 5.34074699537910114 13 1 3 2 10 19 5 3.36768017929769181 6 5 4 29 10 9 26 1 6 12 11 14 20 8 15 22 13 5 30 11 11 23 3 16 2 1 9 1 2.70999124060388841 12 25 9 3 16 6 17 11 8 13 20 9 21.1001099348068237 124.673066077538152 
13 5 11 3 15 8 17 16 12 2 5.34074699537910114 13 1 3 2 10 19 5 3.36768017929769181 6 5 4 29 10 9 26 1 6 12 11 14 20 8 15 22 13 5 30 11 4 18 10 16 2 1 9 1 2.70999124060388841 12 25 9 3 16 6 6 15 7 11 9 9 21.3011267781257629 120.253332286478582 
18 19 6 3 15 8 17 16 12 2 5.34074699537910114 13 1 3 2 10 2 2 18 1 7 4 29 10 9 26 1 11 24 3 14 20 8 15 22 13 5 30 11 2 32 2 16 2 1 11 1 4 10 24 7 3 16 6 17 11 8 1 8 12 24.9786678552627563 58.786376980512884 
18 19 6 3 15 8 17 16 12 6 12 2 1 3 2 10 2 2 18 1 7 4 29 10 9 26 1 11 24 3 14 20 8 15 22 13 5 30 11 2 32 2 16 2 1 11 1 4 12 10 3 3 16 6 17 11 8 18 19 12 27.6582669019699097 52.384690537983353 
16 26 7 2 12 8 16 30 7 4 28 9 13 3 8 4 7 6 14 24 13 8 26 5 14 32 7 1 20 2 10 9 4 2 31 8 12 6 1 4 16 5 13 23 7 16 30 2 12 24 12 14 25 2 1 26 10 2 9 12 18.0778017640113831 194.477875719052179 
10 13 9 3 15 8 17 16 12 2 5.34074699537910114 13 1 3 2 10 2 2 18 1 7 4 29 10 9 26 1 11 24 3 14 20 8 15 22 13 5 30 11 2 32 2 16 2 1 11 1 4 12 6 10 3 16 6 17 11 8 15 26 7 23.5684529542922974 72.8964803925881455 
18 19 6 3 15 8 17 16 12 2 5.34074699537910114 13 1 3 2 10 2 2 18 1 7 4 29 10 9 26 1 11 24 3 14 20 8 15 22 13 5 30 11 2 32 2 16 2 1 11 1 4 4 26 9 3 16 6 17 11 8 13 9 12 24.1970368623733521 63.0005048726757266 
4 26 6 3 15 8 17 16 12 2 5.34074699537910114 13 1 3 2 10 2 2 18 1 7 4 29 10 9 26 1 11 24 3 14 20 8 15 22 13 5 30 11 2 32 2 16 2 1 11 1 4 3.36768017929769181 24 5 9.25570237641795579 20 10 17 11 8 18 19 12 23.9419868588447571 68.6086874206021662 
17 30 6 16 5 3 4 24 2.70999124060388841 1 15 11 17 30 9 11 12 13 1 2 13 14 26 9 12 9 11 8 24 2 2 24 12 15 5 11 3 6 9 6 15 4 16 18 4 14 24 10 9.25570237641795579 31 6 6 14 5 15 22 2 1 18 1 17.5234617292881012 204.290807146070307 
4 6 2 2 5.34074699537910114 12 15 19 5 16 20 9 13 18 7 3 16 13 4 16 9 14 6 2 10 1 6.96245171630185755 14 12 8 6 2 3.84646942076222631 8 7 2 4 24 11 12 26 3 15 9 11 1 20 9 14 9 2 8 32 9.82524131762891173 9 2 1 3 31.8448655754823804 8 18.4851849377155304 193.619048488227918 
18 19 6 3 15 8 17 16 12 2 5.34074699537910114 13 1 3 2 10 2 2 18 1 7 4 29 10 9 26 1 11 24 3 14 20 8 15 22 13 5 30 11 2 32 2 16 2 1 11 1 4 12 10 3 3 16 6 17 11 8 14 6 12 26.664085865020752 53.3978094353635413 
12 6 10 3 15 8 17 16 12 2 5.34074699537910114 13 1 3 2 10 2 2 18 1 7 4 29 10 9 26 1 11 24 3 14 20 8 15 22 13 5 30 11 2 32 2 16 2 1 11 1 4 10 12 6 3 16 6 17 11 8 6 30 5 23.2727029323577881 76.4691875548340789 
18 19 6 3 15 8 17 16 12 2 5.34074699537910114 13 1 3 2 10 2 2 18 1 7 4 29 10 9 26 1 11 24 3 14 20 8 15 22 13 5 30 11 2 32 2 16 2 1 11 1 4 9 6 3 3 16 6 17 11 8 18 19 12 25.5210438966751099 56.8124109445375964 
18 19 6 3 15 8 17 16 12 2 5.34074699537910114 13 1 3 2 10 2 2 18 1 7 4 29 10 9 26 1 11 24 3 14 20 8 15 22 13 5 30 11 2 32 2 16 2 1 11 1 4 12 23 9 3 16 6 17 11 8 15 13 12 24.9643199443817139 59.8822083380099599 
14 14 12 6 16 1 12 6 2.70999124060388841 2 15 6.96245171630185755 12 24 5 3 25 3 4 30 1 3 6 5 10 24 11 2 30 13 12 31 3 6 1 10 3 30 8 10 17 2 17 16 10 16 26 1 13 6 6 6 18 3.84646942076222631 8 16 4 16 32 13 18.9313597679138184 183.359938917291856 
18 19 6 3 15 8 17 16 12 2 5.34074699537910114 13 1 3 2 10 2 2 18 1 7 4 29 10 9 26 1 11 24 3 14 20 8 15 22 13 5 30 11 2 32 2 16 2 1 11 1 4 9 6 7 3 16 6 17 11 8 1 30 2 24.0593289136886597 64.979436157687374 
12 24 12 13 14 2.70999124060388841 13 5 2 4 12 3 16 6 5 4 14 7 17 8 11 14 24 8 15 17 5 6 12 4 17 6 5 4 11 3 14 26 8 14 16.1354543567662532 3.84646942076222631 15 1 5 1 12 13 14 14 11 13 31 1 8 14 4 16 26 9 17.0641536116600037 262.60476365739521 
18 19 6 3 15 8 17 16 12 2 5.34074699537910114 13 1 3 2 10 2 2 18 1 7 4 29 10 9 26 1 11 24 3 14 20 8 15 22 13 5 30 11 2 32 2 16 2 1 11 1 4 10 14 10 3 16 6 17 11 8 6 6 13 24.7594959735870361 60.2420051596045383 
16 32 6 9 15 9 8 30 2 3.36768017929769181 26 6.96245171630185755 17 30 13 1 31 8 6 22 11 2 14 2 12 15 4 16 20 5 15 19 13 14 16 4 16 12 13 4.94126535182462057 27 7 3 30 1 1 1 9 9 2 11 13 23 5 14 32 12 6 28 5 19.6386048197746277 165.609309020050659 
18 19 6 3 15 8 17 16 12 2 5.34074699537910114 13 1 3 2 10 2 2 18 1 7 4 29 10 9 26 1 11 24 3 14 20 8 15 22 13 5 30 11 2 32 2 16 2 1 11 1 4 9 28 7 3 16 6 17 11 8 18 19 12 26.0823879241943359 55.1316667108304443 
18 19 6 3 15 8 17 16 12 2 5.34074699537910114 13 1 3 2 10 2 2 18 1 7 4 29 10 9 26 1 11 24 3 14 20 8 15 22 13 5 30 11 2 32 2 16 2 1 11 1 4 4 6 9 3 16 6 17 11 8 1 18 2.70999124060388841 24.085226833820343 63.9911573083380887 
18 19 6 3 15 8 17 16 12 2 5.34074699537910114 13 1 3 2 10 2 2 18 1 7 4 29 10 9 26 1 11 24 3 14 20 8 15 22 13 5 30 11 2 32 2 16 2 1 11 1 4 12 15 1 3 16 6 17 11 8 1 12 12 24.4239707589149475 62.6386315493278545 
15 15 2.70999124060388841 9.25570237641795579 24 9 4.94126535182462057 11 10 17 20 1 16 8 11 13.2195649013323386 32 9 15 24 1 4 33 5 17.8244721320812971 31 9 4 26 7.75241283629571765 10 30 11 3 22 1 8 12 3 14 6 11 6 30 3 12 7 2 14 18 8 6 14 9 8 5 9 1.62229798836725392 1 7 18.543980598449707 192.568189272600989 
14 26 7 3 15 8 17 16 12 2 5.34074699537910114 13 1 3 2 10 2 2 18 1 7 4 29 10 9 26 1 11 24 3 14 20 8 15 22 13 5 30 11 2 32 2 16 2 1 11 1 4 10 6 1 3 16 6 17 11 8 6 8 2 23.5681320130825043 75.5306512201249234 
18 19 6 3 15 8 17 16 12 2 5.34074699537910114 13 1 3 2 10 2 2 18 1 7 4 29 10 9 26 1 11 24 3 14 20 8 15 22 13 5 30 11 2 32 2 16 2 1 11 1 4 6 6 9 3 16 6 17 11 8 14 12 12 23.7145228981971741 69.6218032590362697 
18 19 6 3 15 8 17 16 12 6 12 9 1 3 2 10 2 2 18 1 7 4 29 10 9 26 1 11 24 3 14 20 8 15 22 13 5 30 11 2 32 2 16 2 1 14 31 4 15 14 5 3 12 10 13 1 4 17 24 13 21.9258738458156586 89.9244036345423297 
18 19 6 3 15 8 17 16 12 2 5.34074699537910114 13 1 3 2 10 2 2 18 1 7 4 29 10 9 26 1 11 24 3 14 20 8 15 22 13 5 30 11 2 32 2 16 2 1 11 1 4 4 6 7 3 16 6 17 11 8 6 33 11 24.7436708211898804 61.4345498103435261 
4 30 9 14 5 2.70999124060388841 1 3 6.96245171630185755 14 6 7 3 19 13 1 22 11 12 12 11 17 17 13 9 28 13 6 2 3.84646942076222631 3 1 2 14 6 9 1 20 12 13.2195649013323386 31.8448655754823804 7.75241283629571765 4 30 1 3 7 7 12 22 10 18 2.14087964533996544 7 6 5 7 3 31 1 19.2576188445091248 180.535294988808943 
18 19 6 3 15 8 17 16 12 2 5.34074699537910114 13 1 3 2 10 2 2 18 1 7 4 29 10 9 26 1 11 24 3 14 20 8 15 22 13 5 30 11 2 32 2 16 2 1 11 1 4 12 10 3 3 16 6 17 11 8 18 19 12 28.1158128976821899 51.7331409417749342 
6 6 6 3 15 8 17 16 12 2 5.34074699537910114 13 1 3 2 10 2 2 18 1 7 4 29 10 9 26 1 11 24 3 14 20 8 15 22 13 5 30 11 2 32 2 16 2 1 11 1 4 12 24 10 3 16 6 17 11 8 6 26 9 22.7247928977012634 77.1559054417324717 
16 13 2 13 26 7 3.36768017929769181 2 6.96245171630185755 10 32 10 17 18 4 13 31 11 1 5 2 12 16 11 14 30 5 13 20 6 14 9 9 16 18 3.84646942076222631 12 2 6 13.2195649013323386 17 7 13 31 7 3 15 7 15 2 10 6 1 2 1 32 4 14 20 7 17.1604309678077698 226.23292720351543 
18 19 6 3 15 8 17 16 12 2 5.34074699537910114 13 1 3 2 10 2 2 18 1 7 4 29 10 9 26 1 11 24 3 14 20 8 15 22 13 5 30 11 2 32 2 16 2 1 11 1 4 12 6 9 3 16 6 17 11 8 18 19 12 25.2483568787574768 57.0708380913827966 
17 30 3 16 26 9 4 24 9 14 30 4 5 16 2 4 30 3 1 8 2 9 6 11 15 25 12 13 32 4 16 2 12 6 25 2.70999124060388841 13 25 3 3 24 11 1 3 10 15 30 10 9 19 1 4 31 13 6 3 6 9 6 4 17.3616868555545807 214.723644243613279 
18 19 6 3 15 8 17 16 12 2 5.34074699537910114 13 1 3 2 10 2 2 18 1 7 4 29 10 9 26 1 11 24 3 14 20 8 15 22 13 5 30 11 2 32 2 16 2 1 11 1 4 10 15 10 3 16 6 17 11 8 18 19 12 25.9074269533157349 55.5183841063738157 
18 19 6 3 15 8 17 16 12 2 5.34074699537910114 13 1 3 2 10 2 2 18 1 7 4 29 10 9 26 1 11 24 3 14 20 8 15 22 13 5 30 11 2 32 2 16 2 1 11 1 4 10 24 7 3 16 6 17 11 8 18 19 12 25.7525218725204468 56.5832755969203092 

Current Evaluation = 70000000(70000000)
Front Size = 42
15 12 2 3 15 8 17 16 12 2 5.34074699537910114 13 1 3 2 10 19 5 3.36768017929769181 6 5 4 29 10 9 26 1 6 12 11 14 20 8 15 22 13 5 30 11 11 23 3 16 2 1 9 1 2.70999124060388841 12 25 9 3 16 6 17 11 8 14 32 13 21.827195942401886 99.5393467042073894 
4 26 10 3 15 8 17 16 12 2 5.34074699537910114 13 1 3 2 10 19 5 3.36768017929769181 6 5 4 29 10 9 26 1 6 12 11 14 20 8 15 22 13 5 30 11 16 15 9 16 2 1 9 1 2.70999124060388841 12 25 9 3 16 6 14 25 7 18 19 12 21.3589438796043396 113.454327715864807 
6 6 2 3 15 8 17 16 12 2 5.34074699537910114 13 1 3 2 10 19 5 3.36768017929769181 6 5 6 31 10 9 26 1 6 12 11 14 20 8 1 30 2.70999124060388841 5 30 11 6 22 9 16 2 1 9 1 2.70999124060388841 9 32 5 3 16 6 17 11 8 8 12 11 19.672853946685791 159.568043292113657 
6 25 9 3 15 8 17 16 12 2 5.34074699537910114 13 1 3 2 10 19 5 3.36768017929769181 6 5 4 29 10 9 26 1 6 12 11 14 20 8 15 22 13 5 30 11 1 30 9 16 2 1 9 1 2.70999124060388841 12 25 9 3 16 6 17 11 8 1 26 2 20.4376508593559265 127.309128530568159 
6 6 4 3 15 8 4 20 4 2 5.34074699537910114 13 1 3 2 10 19 5 3.36768017929769181 6 5 4 29 10 9 26 1 6 12 11 14 20 8 15 22 13 5 30 11 11 23 3 16 2 1 9 1 2.70999124060388841 12 25 9 3 16 6 17 11 8 13 20 9 21.1001099348068237 124.673066077538152 
13 5 11 3 15 8 17 16 12 2 5.34074699537910114 13 1 3 2 10 19 5 3.36768017929769181 6 5 4 29 10 9 26 1 6 12 11 14 20 8 15 22 13 5 30 11 4 18 10 16 2 1 9 1 2.70999124060388841 12 25 9 3 16 6 6 15 7 11 9 9 21.3011267781257629 120.253332286478582 
18 19 6 3 15 8 17 16 12 2 5.34074699537910114 13 1 3 2 10 2 2 18 1 7 4 29 10 9 26 1 11 24 3 14 20 8 15 22 13 5 30 11 2 32 2 16 2 1 11 1 4 10 24 7 3 16 6 17 11 8 1 8 12 24.9786678552627563 58.786376980512884 
18 19 6 3 15 8 17 16 12 6 12 2 1 3 2 10 2 2 18 1 7 4 29 10 9 26 1 11 24 3 14 20 8 15 22 13 5 30 11 2 32 2 16 2 1 11 1 4 12 10 3 3 16 6 17 11 8 18 19 12 27.6582669019699097 52.384690537983353 
16 26 7 2 12 8 16 30 7 4 28 9 13 3 8 4 7 6 14 24 13 8 26 5 14 32 7 1 20 2 10 9 4 2 31 8 12 6 1 4 16 5 13 23 7 16 30 2 12 24 12 14 25 2 1 26 10 2 9 12 18.0778017640113831 194.477875719052179 
10 13 9 3 15 8 17 16 12 2 5.34074699537910114 13 1 3 2 10 2 2 18 1 7 4 29 10 9 26 1 11 24 3 14 20 8 15 22 13 5 30 11 2 32 2 16 2 1 11 1 4 12 6 10 3 16 6 17 11 8 15 26 7 23.5684529542922974 72.8964803925881455 
18 19 6 3 15 8 17 16 12 2 5.34074699537910114 13 1 3 2 10 2 2 18 1 7 4 29 10 9 26 1 11 24 3 14 20 8 15 22 13 5 30 11 2 32 2 16 2 1 11 1 4 4 26 9 3 16 6 17 11 8 13 9 12 24.1970368623733521 63.0005048726757266 
4 26 6 3 15 8 17 16 12 2 5.34074699537910114 13 1 3 2 10 2 2 18 1 7 4 29 10 9 26 1 11 24 3 14 20 8 15 22 13 5 30 11 2 32 2 16 2 1 11 1 4 3.36768017929769181 24 5 9.25570237641795579 20 10 17 11 8 18 19 12 23.9419868588447571 68.6086874206021662 
4 6 2 2 5.34074699537910114 12 15 19 5 16 20 9 13 18 7 3 16 13 4 16 9 14 6 2 10 1 6.96245171630185755 14 12 8 6 2 3.84646942076222631 8 7 2 4 24 11 12 26 3 15 9 11 1 20 9 14 9 2 8 32 9.82524131762891173 9 2 1 3 31.8448655754823804 8 18.4851849377155304 193.619048488227918 
18 19 6 3 15 8 17 16 12 2 5.34074699537910114 13 1 3 2 10 2 2 18 1 7 4 29 10 9 26 1 11 24 3 14 20 8 15 22 13 5 30 11 2 32 2 16 2 1 11 1 4 12 10 3 3 16 6 17 11 8 14 6 12 26.664085865020752 53.3978094353635413 
12 6 10 3 15 8 17 16 12 2 5.34074699537910114 13 1 3 2 10 2 2 18 1 7 4 29 10 9 26 1 11 24 3 14 20 8 15 22 13 5 30 11 2 32 2 16 2 1 11 1 4 10 12 6 3 16 6 17 11 8 6 30 5 23.2727029323577881 76.4691875548340789 
18 19 6 3 15 8 17 16 12 2 5.34074699537910114 13 1 3 2 10 2 2 18 1 7 4 29 10 9 26 1 11 24 3 14 20 8 15 22 13 5 30 11 2 32 2 16 2 1 11 1 4 9 6 3 3 16 6 17 11 8 18 19 12 25.5210438966751099 56.8124109445375964 
18 19 6 3 15 8 17 16 12 2 5.34074699537910114 13 1 3 2 10 2 2 18 1 7 4 29 10 9 26 1 11 24 3 14 20 8 15 22 13 5 30 11 2 32 2 16 2 1 11 1 4 12 23 9 3 16 6 17 11 8 15 13 12 24.9643199443817139 59.8822083380099599 
14 14 12 6 16 1 12 6 2.70999124060388841 2 15 6.96245171630185755 12 24 5 3 25 3 4 30 1 3 6 5 10 24 11 2 30 13 12 31 3 6 1 10 3 30 8 10 17 2 17 16 10 16 26 1 13 6 6 6 18 3.84646942076222631 8 16 4 16 32 13 18.9313597679138184 183.359938917291856 
18 19 6 3 15 8 17 16 12 2 5.34074699537910114 13 1 3 2 10 2 2 18 1 7 4 29 10 9 26 1 11 24 3 14 20 8 15 22 13 5 30 11 2 32 2 16 2 1 11 1 4 9 6 7 3 16 6 17 11 8 1 30 2 24.0593289136886597 64.979436157687374 
12 24 12 13 14 2.70999124060388841 13 5 2 4 12 3 16 6 5 4 14 7 17 8 11 14 24 8 15 17 5 6 12 4 17 6 5 4 11 3 14 26 8 14 16.1354543567662532 3.84646942076222631 15 1 5 1 12 13 14 14 11 13 31 1 8 14 4 16 26 9 17.0641536116600037 262.60476365739521 
18 19 6 3 15 8 17 16 12 2 5.34074699537910114 13 1 3 2 10 2 2 18 1 7 4 29 10 9 26 1 11 24 3 14 20 8 15 22 13 5 30 11 2 32 2 16 2 1 11 1 4 10 14 10 3 16 6 17 11 8 6 6 13 24.7594959735870361 60.2420051596045383 
16 32 6 9 15 9 8 30 2 3.36768017929769181 26 6.96245171630185755 17 30 13 1 31 8 6 22 11 2 14 2 12 15 4 16 20 5 15 19 13 14 16 4 16 12 13 4.94126535182462057 27 7 3 30 1 1 1 9 9 2 11 13 23 5 14 32 12 6 28 5 19.6386048197746277 165.609309020050659 
18 19 6 3 15 8 17 16 12 2 5.34074699537910114 13 1 3 2 10 2 2 18 1 7 4 29 10 9 26 1 11 24 3 14 20 8 15 22 13 5 30 11 2 32 2 16 2 1 11 1 4 9 28 7 3 16 6 17 11 8 18 19 12 26.0823879241943359 55.1316667108304443 
18 19 6 3 15 8 17 16 12 2 5.34074699537910114 13 1 3 2 10 2 2 18 1 7 4 29 10 9 26 1 11 24 3 14 20 8 15 22 13 5 30 11 2 32 2 16 2 1 11 1 4 4 6 9 3 16 6 17 11 8 1 18 2.70999124060388841 24.085226833820343 63.9911573083380887 
18 19 6 3 15 8 17 16 12 2 5.34074699537910114 13 1 3 2 10 2 2 18 1 7 4 29 10 9 26 1 11 24 3 14 20 8 15 22 13 5 30 11 2 32 2 16 2 1 11 1 4 12 15 1 3 16 6 17 11 8 1 12 12 24.4239707589149475 62.6386315493278545 
15 15 2.70999124060388841 9.25570237641795579 24 9 4.94126535182462057 11 10 17 20 1 16 8 11 13.2195649013323386 32 9 15 24 1 4 33 5 17.8244721320812971 31 9 4 26 7.75241283629571765 10 30 11 3 22 1 8 12 3 14 6 11 6 30 3 12 7 2 14 18 8 6 14 9 8 5 9 1.62229798836725392 1 7 18.543980598449707 192.568189272600989 
14 26 7 3 15 8 17 16 12 2 5.34074699537910114 13 1 3 2 10 2 2 18 1 7 4 29 10 9 26 1 11 24 3 14 20 8 15 22 13 5 30 11 2 32 2 16 2 1 11 1 4 10 6 1 3 16 6 17 11 8 6 8 2 23.5681320130825043 75.5306512201249234 
18 19 6 3 15 8 17 16 12 2 5.34074699537910114 13 1 3 2 10 2 2 18 1 7 4 29 10 9 26 1 11 24 3 14 20 8 15 22 13 5 30 11 2 32 2 16 2 1 11 1 4 6 6 9 3 16 6 17 11 8 14 12 12 23.7145228981971741 69.6218032590362697 
18 19 6 3 15 8 17 16 12 6 12 9 1 3 2 10 2 2 18 1 7 4 29 10 9 26 1 11 24 3 14 20 8 15 22 13 5 30 11 2 32 2 16 2 1 14 31 4 15 14 5 3 12 10 13 1 4 17 24 13 21.9258738458156586 89.9244036345423297 
18 19 6 3 15 8 17 16 12 2 5.34074699537910114 13 1 3 2 10 2 2 18 1 7 4 29 10 9 26 1 11 24 3 14 20 8 15 22 13 5 30 11 2 32 2 16 2 1 11 1 4 4 6 7 3 16 6 17 11 8 6 33 11 24.7436708211898804 61.4345498103435261 
4 30 9 14 5 2.70999124060388841 1 3 6.96245171630185755 14 6 7 3 19 13 1 22 11 12 12 11 17 17 13 9 28 13 6 2 3.84646942076222631 3 1 2 14 6 9 1 20 12 13.2195649013323386 31.8448655754823804 7.75241283629571765 4 30 1 3 7 7 12 22 10 18 2.14087964533996544 7 6 5 7 3 31 1 19.2576188445091248 180.535294988808943 
18 19 6 3 15 8 17 16 12 2 5.34074699537910114 13 1 3 2 10 2 2 18 1 7 4 29 10 9 26 1 11 24 3 14 20 8 15 22 13 5 30 11 2 32 2 16 2 1 11 1 4 12 10 3 3 16 6 17 11 8 18 19 12 28.1158128976821899 51.7331409417749342 
6 6 6 3 15 8 17 16 12 2 5.34074699537910114 13 1 3 2 10 2 2 18 1 7 4 29 10 9 26 1 11 24 3 14 20 8 15 22 13 5 30 11 2 32 2 16 2 1 11 1 4 12 24 10 3 16 6 17 11 8 6 26 9 22.7247928977012634 77.1559054417324717 
16 13 2 13 26 7 3.36768017929769181 2 6.96245171630185755 10 32 10 17 18 4 13 31 11 1 5 2 12 16 11 14 30 5 13 20 6 14 9 9 16 18 3.84646942076222631 12 2 6 13.2195649013323386 17 7 13 31 7 3 15 7 15 2 10 6 1 2 1 32 4 14 20 7 17.1604309678077698 226.23292720351543 
18 19 6 3 15 8 17 16 12 2 5.34074699537910114 13 1 3 2 10 2 2 18 1 7 4 29 10 9 26 1 11 24 3 14 20 8 15 22 13 5 30 11 2 32 2 16 2 1 11 1 4 12 6 9 3 16 6 17 11 8 18 19 12 25.2483568787574768 57.0708380913827966 
18 19 6 3 15 8 17 16 12 2 5.34074699537910114 13 1 3 2 10 2 2 18 1 7 4 29 10 9 26 1 11 24 3 14 20 8 15 22 13 5 30 11 2 32 2 16 2 1 11 1 4 10 15 10 3 16 6 17 11 8 18 19 12 25.9074269533157349 55.5183841063738157 
18 19 6 3 15 8 17 16 12 2 5.34074699537910114 13 1 3 2 10 2 2 18 1 7 4 29 10 9 26 1 11 24 3 14 20 8 15 22 13 5 30 11 2 32 2 16 2 1 11 1 4 10 24 7 3 16 6 17 11 8 18 19 12 25.7525218725204468 56.5832755969203092 
12 16 2 7 30 9 17 15 2 2 7 11 4 6 9 8 31 10 15 6 3 14 26 2 14 22 12 16 16 11 6 9 11 11 17 8 3 5 3 14 32 4 9 6 11 1 9 2 6 32 12 14 6 9 16 18 1 10 1 10 19.5611715614795685 174.736381592263967 
8 30 7 12 1 12 10 5 5 15 15 11 8 32 13 14 19 6 10 9 4 3 28 1 14 20 8 16 15 5 6 11 9 14 2 2.70999124060388841 2 32 4 12 16.1354543567662532 5 17 19 11 4.94126535182462057 15 8 6 31 11 8 31 10 14 1 10 16 31 9 18.8452948927879333 190.366799557511655 
2 12 5 6 1 6 10 20 8 8 22 10 14 15 10 9 26 2 1 31 11 10 15 11 3.36768017929769181 19 12 12 26 10 13 19 8 9.25570237641795579 12 1 14 18 9 1 6 3 15 22 10 14 9 9 12 23 2 9 24 3 3 31 12 14 13 1 19.3948108553886414 179.683184582874958 
8 31 7 14 9 7 16 14 12 17 2 2.70999124060388841 8 25 2 1 19 7 2 15 9 15 15 11 17 31 11 4 18 1 13 16.1354543567662532 2 4.94126535182462057 13 1 6 24 9 2 26 5 16 6 9 15 23 6 13 15 11 14 1 5 4 25 4 14 26 9.82524131762891173 17.3610729277133942 196.047621822621807 
18 19 6 3 15 8 17 16 12 2 5.34074699537910114 13 1 3 2 10 2 2 18 1 7 4 29 10 9 26 1 11 24 3 14 20 8 15 22 13 5 30 11 2 32 2 16 2 1 11 1 4 12 15 3 3 16 6 17 11 8 18 19 12 25.5391209125518799 56.7950008853995882 

Current Evaluation = 80000000(80000000)
Front Size = 40
15 12 2 3 15 8 17 16 12 2 5.34074699537910114 13 1 3 2 10 19 5 3.36768017929769181 6 5 4 29 10 9 26 1 6 12 11 14 20 8 15 22 13 5 30 11 11 23 3 16 2 1 9 1 2.70999124060388841 12 25 9 3 16 6 17 11 8 14 32 13 21.827195942401886 99.5393467042073894 
4 26 10 3 15 8 17 16 12 2 5.34074699537910114 13 1 3 2 10 19 5 3.36768017929769181 6 5 4 29 10 9 26 1 6 12 11 14 20 8 15 22 13 5 30 11 16 15 9 16 2 1 9 1 2.70999124060388841 12 25 9 3 16 6 14 25 7 18 19 12 21.3589438796043396 113.454327715864807 
6 6 2 3 15 8 17 16 12 2 5.34074699537910114 13 1 3 2 10 19 5 3.36768017929769181 6 5 6 31 10 9 26 1 6 12 11 14 20 8 1 30 2.70999124060388841 5 30 11 6 22 9 16 2 1 9 1 2.70999124060388841 9 32 5 3 16 6 17 11 8 8 12 11 19.672853946685791 159.568043292113657 
6 25 9 3 15 8 17 16 12 2 5.34074699537910114 13 1 3 2 10 19 5 3.36768017929769181 6 5 4 29 10 9 26 1 6 12 11 14 20 8 15 22 13 5 30 11 1 30 9 16 2 1 9 1 2.70999124060388841 12 25 9 3 16 6 17 11 8 1 26 2 20.4376508593559265 127.309128530568159 
6 6 4 3 15 8 4 20 4 2 5.34074699537910114 13 1 3 2 10 19 5 3.36768017929769181 6 5 4 29 10 9 26 1 6 12 11 14 20 8 15 22 13 5 30 11 11 23 3 16 2 1 9 1 2.70999124060388841 12 25 9 3 16 6 17 11 8 13 20 9 21.1001099348068237 124.673066077538152 
13 5 11 3 15 8 17 16 12 2 5.34074699537910114 13 1 3 2 10 19 5 3.36768017929769181 6 5 4 29 10 9 26 1 6 12 11 14 20 8 15 22 13 5 30 11 4 18 10 16 2 1 9 1 2.70999124060388841 12 25 9 3 16 6 6 15 7 11 9 9 21.3011267781257629 120.253332286478582 
18 19 6 3 15 8 17 16 12 2 5.34074699537910114 13 1 3 2 10 2 2 18 1 7 4 29 10 9 26 1 11 24 3 14 20 8 15 22 13 5 30 11 2 32 2 16 2 1 11 1 4 10 24 7 3 16 6 17 11 8 1 8 12 24.9786678552627563 58.786376980512884 
18 19 6 3 15 8 17 16 12 6 12 2 1 3 2 10 2 2 18 1 7 4 29 10 9 26 1 11 24 3 14 20 8 15 22 13 5 30 11 2 32 2 16 2 1 11 1 4 12 10 3 3 16 6 17 11 8 18 19 12 27.6582669019699097 52.384690537983353 
16 26 7 2 12 8 16 30 7 4 28 9 13 3 8 4 7 6 14 24 13 8 26 5 14 32 7 1 20 2 10 9 4 2 31 8 12 6 1 4 16 5 13 23 7 16 30 2 12 24 12 14 25 2 1 26 10 2 9 12 18.0778017640113831 194.477875719052179 
10 13 9 3 15 8 17 16 12 2 5.34074699537910114 13 1 3 2 10 2 2 18 1 7 4 29 10 9 26 1 11 24 3 14 20 8 15 22 13 5 30 11 2 32 2 16 2 1 11 1 4 12 6 10 3 16 6 17 11 8 15 26 7 23.5684529542922974 72.8964803925881455 
18 19 6 3 15 8 17 16 12 2 5.34074699537910114 13 1 3 2 10 2 2 18 1 7 4 29 10 9 26 1 11 24 3 14 20 8 15 22 13 5 30 11 2 32 2 16 2 1 11 1 4 4 26 9 3 16 6 17 11 8 13 9 12 24.1970368623733521 63.0005048726757266 
4 26 6 3 15 8 17 16 12 2 5.34074699537910114 13 1 3 2 10 2 2 18 1 7 4 29 10 9 26 1 11 24 3 14 20 8 15 22 13 5 30 11 2 32 2 16 2 1 11 1 4 3.36768017929769181 24 5 9.25570237641795579 20 10 17 11 8 18 19 12 23.9419868588447571 68.6086874206021662 
4 6 2 2 5.34074699537910114 12 15 19 5 16 20 9 13 18 7 3 16 13 4 16 9 14 6 2 10 1 6.96245171630185755 14 12 8 6 2 3.84646942076222631 8 7 2 4 24 11 12 26 3 15 9 11 1 20 9 14 9 2 8 32 9.82524131762891173 9 2 1 3 31.8448655754823804 8 18.4851849377155304 193.619048488227918 
18 19 6 3 15 8 17 16 12 2 5.34074699537910114 13 1 3 2 10 2 2 18 1 7 4 29 10 9 26 1 11 24 3 14 20 8 15 22 13 5 30 11 2 32 2 16 2 1 11 1 4 12 10 3 3 16 6 17 11 8 14 6 12 26.664085865020752 53.3978094353635413 
12 6 10 3 15 8 17 16 12 2 5.34074699537910114 13 1 3 2 10 2 2 18 1 7 4 29 10 9 26 1 11 24 3 14 20 8 15 22 13 5 30 11 2 32 2 16 2 1 11 1 4 10 12 6 3 16 6 17 11 8 6 30 5 23.2727029323577881 76.4691875548340789 
18 19 6 3 15 8 17 16 12 2 5.34074699537910114 13 1 3 2 10 2 2 18 1 7 4 29 10 9 26 1 11 24 3 14 20 8 15 22 13 5 30 11 2 32 2 16 2 1 11 1 4 12 23 9 3 16 6 17 11 8 15 13 12 24.9643199443817139 59.8822083380099599 
12 24 12 13 14 2.70999124060388841 13 5 2 4 12 3 16 6 5 4 14 7 17 8 11 14 24 8 15 17 5 6 12 4 17 6 5 4 11 3 14 26 8 14 16.1354543567662532 3.84646942076222631 15 1 5 1 12 13 14 14 11 13 31 1 8 14 4 16 26 9 17.0641536116600037 262.60476365739521 
18 19 6 3 15 8 17 16 12 2 5.34074699537910114 13 1 3 2 10 2 2 18 1 7 4 29 10 9 26 1 11 24 3 14 20 8 15 22 13 5 30 11 2 32 2 16 2 1 11 1 4 10 14 10 3 16 6 17 11 8 6 6 13 24.7594959735870361 60.2420051596045383 
16 32 6 9 15 9 8 30 2 3.36768017929769181 26 6.96245171630185755 17 30 13 1 31 8 6 22 11 2 14 2 12 15 4 16 20 5 15 19 13 14 16 4 16 12 13 4.94126535182462057 27 7 3 30 1 1 1 9 9 2 11 13 23 5 14 32 12 6 28 5 19.6386048197746277 165.609309020050659 
18 19 6 3 15 8 17 16 12 2 5.34074699537910114 13 1 3 2 10 2 2 18 1 7 4 29 10 9 26 1 11 24 3 14 20 8 15 22 13 5 30 11 2 32 2 16 2 1 11 1 4 9 28 7 3 16 6 17 11 8 18 19 12 26.0823879241943359 55.1316667108304443 
18 19 6 3 15 8 17 16 12 2 5.34074699537910114 13 1 3 2 10 2 2 18 1 7 4 29 10 9 26 1 11 24 3 14 20 8 15 22 13 5 30 11 2 32 2 16 2 1 11 1 4 4 6 9 3 16 6 17 11 8 1 18 2.70999124060388841 24.085226833820343 63.9911573083380887 
18 19 6 3 15 8 17 16 12 2 5.34074699537910114 13 1 3 2 10 2 2 18 1 7 4 29 10 9 26 1 11 24 3 14 20 8 15 22 13 5 30 11 2 32 2 16 2 1 11 1 4 12 15 1 3 16 6 17 11 8 1 12 12 24.4239707589149475 62.6386315493278545 
15 15 2.70999124060388841 9.25570237641795579 24 9 4.94126535182462057 11 10 17 20 1 16 8 11 13.2195649013323386 32 9 15 24 1 4 33 5 17.8244721320812971 31 9 4 26 7.75241283629571765 10 30 11 3 22 1 8 12 3 14 6 11 6 30 3 12 7 2 14 18 8 6 14 9 8 5 9 1.62229798836725392 1 7 18.543980598449707 192.568189272600989 
14 26 7 3 15 8 17 16 12 2 5.34074699537910114 13 1 3 2 10 2 2 18 1 7 4 29 10 9 26 1 11 24 3 14 20 8 15 22 13 5 30 11 2 32 2 16 2 1 11 1 4 10 6 1 3 16 6 17 11 8 6 8 2 23.5681320130825043 75.5306512201249234 
18 19 6 3 15 8 17 16 12 2 5.34074699537910114 13 1 3 2 10 2 2 18 1 7 4 29 10 9 26 1 11 24 3 14 20 8 15 22 13 5 30 11 2 32 2 16 2 1 11 1 4 6 6 9 3 16 6 17 11 8 14 12 12 23.7145228981971741 69.6218032590362697 
18 19 6 3 15 8 17 16 12 6 12 9 1 3 2 10 2 2 18 1 7 4 29 10 9 26 1 11 24 3 14 20 8 15 22 13 5 30 11 2 32 2 16 2 1 14 31 4 15 14 5 3 12 10 13 1 4 17 24 13 21.9258738458156586 89.9244036345423297 
18 19 6 3 15 8 17 16 12 2 5.34074699537910114 13 1 3 2 10 2 2 18 1 7 4 29 10 9 26 1 11 24 3 14 20 8 15 22 13 5 30 11 2 32 2 16 2 1 11 1 4 4 6 7 3 16 6 17 11 8 6 33 11 24.7436708211898804 61.4345498103435261 
4 30 9 14 5 2.70999124060388841 1 3 6.96245171630185755 14 6 7 3 19 13 1 22 11 12 12 11 17 17 13 9 28 13 6 2 3.84646942076222631 3 1 2 14 6 9 1 20 12 13.2195649013323386 31.8448655754823804 7.75241283629571765 4 30 1 3 7 7 12 22 10 18 2.14087964533996544 7 6 5 7 3 31 1 19.2576188445091248 180.535294988808943 
18 19 6 3 15 8 17 16 12 2 5.34074699537910114 13 1 3 2 10 2 2 18 1 7 4 29 10 9 26 1 11 24 3 14 20 8 15 22 13 5 30 11 2 32 2 16 2 1 11 1 4 12 10 3 3 16 6 17 11 8 18 19 12 28.1158128976821899 51.7331409417749342 
6 6 6 3 15 8 17 16 12 2 5.34074699537910114 13 1 3 2 10 2 2 18 1 7 4 29 10 9 26 1 11 24 3 14 20 8 15 22 13 5 30 11 2 32 2 16 2 1 11 1 4 12 24 10 3 16 6 17 11 8 6 26 9 22.7247928977012634 77.1559054417324717 
16 13 2 13 26 7 3.36768017929769181 2 6.96245171630185755 10 32 10 17 18 4 13 31 11 1 5 2 12 16 11 14 30 5 13 20 6 14 9 9 16 18 3.84646942076222631 12 2 6 13.2195649013323386 17 7 13 31 7 3 15 7 15 2 10 6 1 2 1 32 4 14 20 7 17.1604309678077698 226.23292720351543 
18 19 6 3 15 8 17 16 12 2 5.34074699537910114 13 1 3 2 10 2 2 18 1 7 4 29 10 9 26 1 11 24 3 14 20 8 15 22 13 5 30 11 2 32 2 16 2 1 11 1 4 12 6 9 3 16 6 17 11 8 18 19 12 25.2483568787574768 57.0708380913827966 
18 19 6 3 15 8 17 16 12 2 5.34074699537910114 13 1 3 2 10 2 2 18 1 7 4 29 10 9 26 1 11 24 3 14 20 8 15 22 13 5 30 11 2 32 2 16 2 1 11 1 4 10 15 10 3 16 6 17 11 8 18 19 12 25.9074269533157349 55.5183841063738157 
12 16 2 7 30 9 17 15 2 2 7 11 4 6 9 8 31 10 15 6 3 14 26 2 14 22 12 16 16 11 6 9 11 11 17 8 3 5 3 14 32 4 9 6 11 1 9 2 6 32 12 14 6 9 16 18 1 10 1 10 19.5611715614795685 174.736381592263967 
2 12 5 6 1 6 10 20 8 8 22 10 14 15 10 9 26 2 1 31 11 10 15 11 3.36768017929769181 19 12 12 26 10 13 19 8 9.25570237641795579 12 1 14 18 9 1 6 3 15 22 10 14 9 9 12 23 2 9 24 3 3 31 12 14 13 1 19.3948108553886414 179.683184582874958 
8 31 7 14 9 7 16 14 12 17 2 2.70999124060388841 8 25 2 1 19 7 2 15 9 15 15 11 17 31 11 4 18 1 13 16.1354543567662532 2 4.94126535182462057 13 1 6 24 9 2 26 5 16 6 9 15 23 6 13 15 11 14 1 5 4 25 4 14 26 9.82524131762891173 17.3610729277133942 196.047621822621807 
14 19 8 17 25 2.70999124060388841 12 6 9 15 1 11 11 14 6 13 1 4 12 24 1 3 18 7 14 32 8 16 7 8 4 12 11 14 8 2 11 25 2 14 1 3 6 6 6 9.25570237641795579 25 5 10 15 11 12 15 11 4 30 13 6 31 10 18.5791395902633667 182.538624591782508 
18 19 6 3 15 8 17 16 12 2 5.34074699537910114 13 1 3 2 10 2 2 18 1 7 4 29 10 9 26 1 11 24 3 14 20 8 15 22 13 5 30 11 2 32 2 16 2 1 11 1 4 4 6 7 3 16 6 17 11 8 18 19 12 25.2289578914642334 58.7253816613408048 
18 19 6 3 15 8 17 16 12 2 5.34074699537910114 13 1 3 2 10 2 2 18 1 7 4 29 10 9 26 1 11 24 3 14 20 8 15 22 13 5 30 11 2 32 2 16 2 1 11 1 4 12 16 10 3.36768017929769181 24 9 17 11 8 6 24 13 23.9699678421020508 64.1341857402577773 
18 19 6 3 15 8 17 16 12 2 5.34074699537910114 13 1 3 2 10 2 2 18 1 7 4 29 10 9 26 1 11 24 3 14 20 8 15 22 13 5 30 11 2 32 2 16 2 1 11 1 4 4 15 7 3 16 6 17 11 8 18 19 12 25.3716979026794434 56.07996449940795 

Current Evaluation = 90000000(90000000)
Front Size = 41
15 12 2 3 15 8 17 16 12 2 5.34074699537910114 13 1 3 2 10 19 5 3.36768017929769181 6 5 4 29 10 9 26 1 6 12 11 14 20 8 15 22 13 5 30 11 11 23 3 16 2 1 9 1 2.70999124060388841 12 25 9 3 16 6 17 11 8 14 32 13 21.827195942401886 99.5393467042073894 
4 26 10 3 15 8 17 16 12 2 5.34074699537910114 13 1 3 2 10 19 5 3.36768017929769181 6 5 4 29 10 9 26 1 6 12 11 14 20 8 15 22 13 5 30 11 16 15 9 16 2 1 9 1 2.70999124060388841 12 25 9 3 16 6 14 25 7 18 19 12 21.3589438796043396 113.454327715864807 
6 6 2 3 15 8 17 16 12 2 5.34074699537910114 13 1 3 2 10 19 5 3.36768017929769181 6 5 6 31 10 9 26 1 6 12 11 14 20 8 1 30 2.70999124060388841 5 30 11 6 22 9 16 2 1 9 1 2.70999124060388841 9 32 5 3 16 6 17 11 8 8 12 11 19.672853946685791 159.568043292113657 
6 25 9 3 15 8 17 16 12 2 5.34074699537910114 13 1 3 2 10 19 5 3.36768017929769181 6 5 4 29 10 9 26 1 6 12 11 14 20 8 15 22 13 5 30 11 1 30 9 16 2 1 9 1 2.70999124060388841 12 25 9 3 16 6 17 11 8 1 26 2 20.4376508593559265 127.309128530568159 
6 6 4 3 15 8 4 20 4 2 5.34074699537910114 13 1 3 2 10 19 5 3.36768017929769181 6 5 4 29 10 9 26 1 6 12 11 14 20 8 15 22 13 5 30 11 11 23 3 16 2 1 9 1 2.70999124060388841 12 25 9 3 16 6 17 11 8 13 20 9 21.1001099348068237 124.673066077538152 
13 5 11 3 15 8 17 16 12 2 5.34074699537910114 13 1 3 2 10 19 5 3.36768017929769181 6 5 4 29 10 9 26 1 6 12 11 14 20 8 15 22 13 5 30 11 4 18 10 16 2 1 9 1 2.70999124060388841 12 25 9 3 16 6 6 15 7 11 9 9 21.3011267781257629 120.253332286478582 
18 19 6 3 15 8 17 16 12 2 5.34074699537910114 13 1 3 2 10 2 2 18 1 7 4 29 10 9 26 1 11 24 3 14 20 8 15 22 13 5 30 11 2 32 2 16 2 1 11 1 4 10 24 7 3 16 6 17 11 8 1 8 12 24.9786678552627563 58.786376980512884 
18 19 6 3 15 8 17 16 12 6 12 2 1 3 2 10 2 2 18 1 7 4 29 10 9 26 1 11 24 3 14 20 8 15 22 13 5 30 11 2 32 2 16 2 1 11 1 4 12 10 3 3 16 6 17 11 8 18 19 12 27.6582669019699097 52.384690537983353 
16 26 7 2 12 8 16 30 7 4 28 9 13 3 8 4 7 6 14 24 13 8 26 5 14 32 7 1 20 2 10 9 4 2 31 8 12 6 1 4 16 5 13 23 7 16 30 2 12 24 12 14 25 2 1 26 10 2 9 12 18.0778017640113831 194.477875719052179 
10 13 9 3 15 8 17 16 12 2 5.34074699537910114 13 1 3 2 10 2 2 18 1 7 4 29 10 9 26 1 11 24 3 14 20 8 15 22 13 5 30 11 2 32 2 16 2 1 11 1 4 12 6 10 3 16 6 17 11 8 15 26 7 23.5684529542922974 72.8964803925881455 
18 19 6 3 15 8 17 16 12 2 5.34074699537910114 13 1 3 2 10 2 2 18 1 7 4 29 10 9 26 1 11 24 3 14 20 8 15 22 13 5 30 11 2 32 2 16 2 1 11 1 4 4 26 9 3 16 6 17 11 8 13 9 12 24.1970368623733521 63.0005048726757266 
4 26 6 3 15 8 17 16 12 2 5.34074699537910114 13 1 3 2 10 2 2 18 1 7 4 29 10 9 26 1 11 24 3 14 20 8 15 22 13 5 30 11 2 32 2 16 2 1 11 1 4 3.36768017929769181 24 5 9.25570237641795579 20 10 17 11 8 18 19 12 23.9419868588447571 68.6086874206021662 
4 6 2 2 5.34074699537910114 12 15 19 5 16 20 9 13 18 7 3 16 13 4 16 9 14 6 2 10 1 6.96245171630185755 14 12 8 6 2 3.84646942076222631 8 7 2 4 24 11 12 26 3 15 9 11 1 20 9 14 9 2 8 32 9.82524131762891173 9 2 1 3 31.8448655754823804 8 18.4851849377155304 193.619048488227918 
18 19 6 3 15 8 17 16 12 2 5.34074699537910114 13 1 3 2 10 2 2 18 1 7 4 29 10 9 26 1 11 24 3 14 20 8 15 22 13 5 30 11 2 32 2 16 2 1 11 1 4 12 10 3 3 16 6 17 11 8 14 6 12 26.664085865020752 53.3978094353635413 
12 6 10 3 15 8 17 16 12 2 5.34074699537910114 13 1 3 2 10 2 2 18 1 7 4 29 10 9 26 1 11 24 3 14 20 8 15 22 13 5 30 11 2 32 2 16 2 1 11 1 4 10 12 6 3 16 6 17 11 8 6 30 5 23.2727029323577881 76.4691875548340789 
18 19 6 3 15 8 17 16 12 2 5.34074699537910114 13 1 3 2 10 2 2 18 1 7 4 29 10 9 26 1 11 24 3 14 20 8 15 22 13 5 30 11 2 32 2 16 2 1 11 1 4 12 23 9 3 16 6 17 11 8 15 13 12 24.9643199443817139 59.8822083380099599 
12 24 12 13 14 2.70999124060388841 13 5 2 4 12 3 16 6 5 4 14 7 17 8 11 14 24 8 15 17 5 6 12 4 17 6 5 4 11 3 14 26 8 14 16.1354543567662532 3.84646942076222631 15 1 5 1 12 13 14 14 11 13 31 1 8 14 4 16 26 9 17.0641536116600037 262.60476365739521 
18 19 6 3 15 8 17 16 12 2 5.34074699537910114 13 1 3 2 10 2 2 18 1 7 4 29 10 9 26 1 11 24 3 14 20 8 15 22 13 5 30 11 2 32 2 16 2 1 11 1 4 10 14 10 3 16 6 17 11 8 6 6 13 24.7594959735870361 60.2420051596045383 
16 32 6 9 15 9 8 30 2 3.36768017929769181 26 6.96245171630185755 17 30 13 1 31 8 6 22 11 2 14 2 12 15 4 16 20 5 15 19 13 14 16 4 16 12 13 4.94126535182462057 27 7 3 30 1 1 1 9 9 2 11 13 23 5 14 32 12 6 28 5 19.6386048197746277 165.609309020050659 
18 19 6 3 15 8 17 16 12 2 5.34074699537910114 13 1 3 2 10 2 2 18 1 7 4 29 10 9 26 1 11 24 3 14 20 8 15 22 13 5 30 11 2 32 2 16 2 1 11 1 4 9 28 7 3 16 6 17 11 8 18 19 12 26.0823879241943359 55.1316667108304443 
18 19 6 3 15 8 17 16 12 2 5.34074699537910114 13 1 3 2 10 2 2 18 1 7 4 29 10 9 26 1 11 24 3 14 20 8 15 22 13 5 30 11 2 32 2 16 2 1 11 1 4 4 6 9 3 16 6 17 11 8 1 18 2.70999124060388841 24.085226833820343 63.9911573083380887 
18 19 6 3 15 8 17 16 12 2 5.34074699537910114 13 1 3 2 10 2 2 18 1 7 4 29 10 9 26 1 11 24 3 14 20 8 15 22 13 5 30 11 2 32 2 16 2 1 11 1 4 12 15 1 3 16 6 17 11 8 1 12 12 24.4239707589149475 62.6386315493278545 
15 15 2.70999124060388841 9.25570237641795579 24 9 4.94126535182462057 11 10 17 20 1 16 8 11 13.2195649013323386 32 9 15 24 1 4 33 5 17.8244721320812971 31 9 4 26 7.75241283629571765 10 30 11 3 22 1 8 12 3 14 6 11 6 30 3 12 7 2 14 18 8 6 14 9 8 5 9 1.62229798836725392 1 7 18.543980598449707 192.568189272600989 
14 26 7 3 15 8 17 16 12 2 5.34074699537910114 13 1 3 2 10 2 2 18 1 7 4 29 10 9 26 1 11 24 3 14 20 8 15 22 13 5 30 11 2 32 2 16 2 1 11 1 4 10 6 1 3 16 6 17 11 8 6 8 2 23.5681320130825043 75.5306512201249234 
18 19 6 3 15 8 17 16 12 2 5.34074699537910114 13 1 3 2 10 2 2 18 1 7 4 29 10 9 26 1 11 24 3 14 20 8 15 22 13 5 30 11 2 32 2 16 2 1 11 1 4 6 6 9 3 16 6 17 11 8 14 12 12 23.7145228981971741 69.6218032590362697 
18 19 6 3 15 8 17 16 12 6 12 9 1 3 2 10 2 2 18 1 7 4 29 10 9 26 1 11 24 3 14 20 8 15 22 13 5 30 11 2 32 2 16 2 1 14 31 4 15 14 5 3 12 10 13 1 4 17 24 13 21.9258738458156586 89.9244036345423297 
18 19 6 3 15 8 17 16 12 2 5.34074699537910114 13 1 3 2 10 2 2 18 1 7 4 29 10 9 26 1 11 24 3 14 20 8 15 22 13 5 30 11 2 32 2 16 2 1 11 1 4 4 6 7 3 16 6 17 11 8 6 33 11 24.7436708211898804 61.4345498103435261 
4 30 9 14 5 2.70999124060388841 1 3 6.96245171630185755 14 6 7 3 19 13 1 22 11 12 12 11 17 17 13 9 28 13 6 2 3.84646942076222631 3 1 2 14 6 9 1 20 12 13.2195649013323386 31.8448655754823804 7.75241283629571765 4 30 1 3 7 7 12 22 10 18 2.14087964533996544 7 6 5 7 3 31 1 19.2576188445091248 180.535294988808943 
18 19 6 3 15 8 17 16 12 2 5.34074699537910114 13 1 3 2 10 2 2 18 1 7 4 29 10 9 26 1 11 24 3 14 20 8 15 22 13 5 30 11 2 32 2 16 2 1 11 1 4 12 10 3 3 16 6 17 11 8 18 19 12 28.1158128976821899 51.7331409417749342 
6 6 6 3 15 8 17 16 12 2 5.34074699537910114 13 1 3 2 10 2 2 18 1 7 4 29 10 9 26 1 11 24 3 14 20 8 15 22 13 5 30 11 2 32 2 16 2 1 11 1 4 12 24 10 3 16 6 17 11 8 6 26 9 22.7247928977012634 77.1559054417324717 
16 13 2 13 26 7 3.36768017929769181 2 6.96245171630185755 10 32 10 17 18 4 13 31 11 1 5 2 12 16 11 14 30 5 13 20 6 14 9 9 16 18 3.84646942076222631 12 2 6 13.2195649013323386 17 7 13 31 7 3 15 7 15 2 10 6 1 2 1 32 4 14 20 7 17.1604309678077698 226.23292720351543 
18 19 6 3 15 8 17 16 12 2 5.34074699537910114 13 1 3 2 10 2 2 18 1 7 4 29 10 9 26 1 11 24 3 14 20 8 15 22 13 5 30 11 2 32 2 16 2 1 11 1 4 10 15 10 3 16 6 17 11 8 18 19 12 25.9074269533157349 55.5183841063738157 
12 16 2 7 30 9 17 15 2 2 7 11 4 6 9 8 31 10 15 6 3 14 26 2 14 22 12 16 16 11 6 9 11 11 17 8 3 5 3 14 32 4 9 6 11 1 9 2 6 32 12 14 6 9 16 18 1 10 1 10 19.5611715614795685 174.736381592263967 
2 12 5 6 1 6 10 20 8 8 22 10 14 15 10 9 26 2 1 31 11 10 15 11 3.36768017929769181 19 12 12 26 10 13 19 8 9.25570237641795579 12 1 14 18 9 1 6 3 15 22 10 14 9 9 12 23 2 9 24 3 3 31 12 14 13 1 19.3948108553886414 179.683184582874958 
8 31 7 14 9 7 16 14 12 17 2 2.70999124060388841 8 25 2 1 19 7 2 15 9 15 15 11 17 31 11 4 18 1 13 16.1354543567662532 2 4.94126535182462057 13 1 6 24 9 2 26 5 16 6 9 15 23 6 13 15 11 14 1 5 4 25 4 14 26 9.82524131762891173 17.3610729277133942 196.047621822621807 
14 19 8 17 25 2.70999124060388841 12 6 9 15 1 11 11 14 6 13 1 4 12 24 1 3 18 7 14 32 8 16 7 8 4 12 11 14 8 2 11 25 2 14 1 3 6 6 6 9.25570237641795579 25 5 10 15 11 12 15 11 4 30 13 6 31 10 18.5791395902633667 182.538624591782508 
18 19 6 3 15 8 17 16 12 2 5.34074699537910114 13 1 3 2 10 2 2 18 1 7 4 29 10 9 26 1 11 24 3 14 20 8 15 22 13 5 30 11 2 32 2 16 2 1 11 1 4 12 16 10 3.36768017929769181 24 9 17 11 8 6 24 13 23.9699678421020508 64.1341857402577773 
18 19 6 3 15 8 17 16 12 2 5.34074699537910114 13 1 3 2 10 2 2 18 1 7 4 29 10 9 26 1 11 24 3 14 20 8 15 22 13 5 30 11 2 32 2 16 2 1 11 1 4 4 15 7 3 16 6 17 11 8 18 19 12 25.3716979026794434 56.07996449940795 
1 31 10 11 26 7 13 30 2 15 3 11 12 22 2.70999124060388841 1 15 8 10 28 1 12 19 6.96245171630185755 17 6 10 4 23 4 14 5 8 4.94126535182462057 30 10 1 15 8 17 12 2 2 1 9.82524131762891173 15 2 3 1 18 4 16 17 3 9 32 6 15 15 9 19.622877836227417 170.649348364054276 
18 19 6 3 15 8 17 16 12 2 5.34074699537910114 13 1 3 2 10 2 2 18 1 7 4 29 10 9 26 1 11 24 3 14 20 8 15 22 13 5 30 11 2 32 2 16 2 1 11 1 4 1 24 10 3 16 6 17 11 8 14 32 11 23.8615918755531311 69.5278828511710856 
18 19 6 3 15 8 17 16 12 2 5.34074699537910114 13 1 3 2 10 2 2 18 1 7 4 29 10 9 26 1 11 24 3 14 20 8 15 22 13 5 30 11 2 32 2 16 2 1 11 1 4 4 13 3 3 16 6 17 6 11 18 19 12 25.1909969449043274 56.4074657904499404 

