Current Evaluation = 10000000(10000000)
Front Size = 41
5 5.34074699537910114 12 1 30 9 16 1 6.96245171630185755 12 22 2 3 16 11 6 32 2 18 20 3.84646942076222631 4 6 7 2 30 6 14 32 11 12 12 9 14 33 3 4 13 4 6 2 12 13.2195649013323386 9 13.151007650947605 2 26 10 16 16 7.75241283629571765 17 26 3 16 24 7 13 8 10 19.4514081478118896 193.480576905197125 
16 26 2 2 30 8 9 9 4 15 32 6 6 19 5 11 14 8 2 15 12 16 3 3 14 17 5 11 6 5 3 16 9 13 26 4 2 32 13 6 15 7 16 24 5 13 3 5 14 23 2 12 30 3 8 23 7 15 12 11 19.5082217454910278 192.735789210789221 
6 6 5 9 18 7 3 11 8 4 5 12 17 15 10 9 17 3 16 24 1 14 30 9 4 22 13 6 1 3 1 2 2.70999124060388841 13 13 8 17 22 6.96245171630185755 5 6 11 2 12 12 5 1 12 16 9 2 11 26 4 2 20 2 4.94126535182462057 26 5 20.2370136380195618 185.865942244889624 
13 20 9 5 3 2 10 9 1 11 1 6 15 24 7 6 32 13 18 6 8 2 24 5 17 23 12 3 2 1 16 31 2 4 16 1 10 15 2 14 12 7 5 32 3 1 1 4 6 6 5 3 8 2.70999124060388841 9 9 12 16 17 1 21.8319189846515656 93.5230282446017469 
14 5 3 6 20 2 1 6 5 13 8 4 16 1 1 12 31 10 3.36768017929769181 16 2 13 24 4 4 15 13 14 32 8 6 6 13 3 16.1354543567662532 8 9 30 10 9 17 10 12 11 10 17 8.22565314501180467 5 10 30 9 13 16 5 8 20 11 18 2 13 19.7229048013687134 190.512484728893384 
14 30 13 5 3 2 10 9 1 11 1 6 4 5.34074699537910114 5 6 32 13 18 6 8 2 24 5 17 23 12 3 2 1 16 31 2 4 16 1 10 15 2 14 12 7 5 32 3 1 1 4 6 6 5 1 13 12 9 9 12 16 17 1 21.8103780448436737 98.2393170625371255 
18 8 1 5 3 2 10 9 1 11 1 6 15 27 10 6 32 13 18 6 8 2 24 5 17 23 12 3 2 1 16 31 2 4 16 1 10 15 2 14 12 7 5 32 3 1 1 4 6 6 5 12 24 8 9 9 12 16 17 1 24.7071211040019989 64.9358976712872646 
17 7 5 5 3 2 10 9 1 11 1 6 6 5.34074699537910114 2 6 32 13 3 25 3 2 24 5 17 23 12 3 2 1 16 31 2 4 16 1 10 15 2 14 12 7 5 32 3 1 1 4 6 6 5 8 30 9 9 9 12 16 17 1 21.3211131989955902 104.946003263900266 
18 8 1 5 3 2 10 9 1 11 1 6 15 27 10 6 32 13 18 6 8 14 24 11 17 23 12 3 2 1 16 31 2 4 16 1 10 15 2 14 12 7 5 32 3 1 1 4 6 6 5 18 23 13 9 9 12 16 17 1 25.6925800144672394 64.4895678064583677 
14 25 2.70999124060388841 1 11 2 11 6 4 10 1 13 9.25570237641795579 9 11 14 24 10 12 5 6 4 9 13 17 6 8 14 32 3 4.94126535182462057 8 8 9 15 9.82524131762891173 13 13 13.151007650947605 15 3 9 10.3494946964094545 32 11 2 3 13 14 26 8 9 6 1.44943743604301667 10 20 8 15 8 7.88610251083374347 20.1453039646148682 187.764860817081825 
18 8 1 16 2 2 10 9 1 11 1 6 15 27 10 6 32 13 18 6 8 2 24 5 17 23 12 3 2 1 16 31 2 4 16 1 10 15 2 14 12 7 5 32 3 1 1 4 6 6 5 18 23 13 9 9 12 16 17 1 25.6049160659313202 64.5019639415426838 
18 8 1 16 12 9 10 9 1 11 1 6 4 20 2.70999124060388841 6 32 13 18 6 8 2 24 5 17 23 12 3 2 1 16 31 2 4 16 1 10 15 2 14 12 7 5 32 3 1 1 4 6 6 5 18 23 13 9 9 12 16 17 1 23.6889499723911285 73.1743153319963824 
17 31 12 5 3 2 10 9 1 11 1 6 1 5.34074699537910114 7 6 32 13 18 6 8 2 24 5 17 23 12 3 2 1 16 31 2 4 16 1 10 15 2 14 12 7 5 32 3 1 1 4 6 6 5 18 23 13 9 9 12 16 17 1 23.1772049367427826 75.6350499626398829 
18 8 1 5 3 2 10 9 1 11 1 6 9 11 9 6 32 13 18 6 8 2 24 5 17 23 12 3 2 1 16 31 2 4 16 1 10 15 2 14 12 7 5 32 3 1 1 4 6 6 5 12 26 8 9 9 12 16 17 1 23.7449639737606049 69.1825579102406181 
9 24 1 5 3 2 10 9 1 11 1 6 1 5.34074699537910114 9 6 32 13 18 6 8 2 24 5 17 23 12 3 2 1 16 31 2 4 16 1 10 15 2 14 12 7 5 32 3 1 1 4 6 6 5 12 16.1354543567662532 13 9 9 12 16 17 1 22.402131050825119 76.2732038437930981 
18 8 1 5 3 2 10 9 1 11 1 6 1 20 3 6 32 13 18 6 8 2 24 5 17 23 12 3 2 1 16 31 2 4 16 1 10 15 2 14 12 7 5 32 3 1 1 4 6 6 5 18 23 13 9 9 12 16 17 1 24.4961349666118622 66.2624167947385558 
18 8 1 5 3 2 10 9 1 11 1 6 2 25 7 6 32 13 18 6 8 2 24 5 17 23 12 3 2 1 16 31 2 4 16 1 10 15 2 14 12 7 5 32 3 1 1 4 6 6 5 15 30 12 9 9 12 16 17 1 23.1698710024356842 75.7101678361822081 
18 8 1 5 3 2 10 9 1 11 1 6 15 11 7 6 32 13 18 6 8 2 24 5 17 23 12 3 2 1 16 31 2 4 16 1 10 15 2 14 12 7 5 32 3 1 1 4 6 6 5 18 23 13 9 9 12 16 17 1 24.8636289536952972 64.5414282503492842 
15 30 12 10 26 9 14 24 5 16 18 7 13 5.34074699537910114 1 17 32 12 9.25570237641795579 12 11 15 6 12 13 2 9 6 32 8 17 30 8 8 12 7 2 29 7 2 20 9 17 15 3 1 9 11 3 30 11 9 9 5 13 13 1 14 19 6 18.3815088272094727 223.01254202526502 
18 8 1 5 3 2 10 9 1 11 1 6 15 27 10 6 32 13 18 6 8 2 24 5 17 23 12 3 2 1 16 31 2 4 16 1 10 15 2 14 12 7 5 32 3 1 1 4 6 6 5 18 23 13 9 9 12 16 17 1 26.015714019536972 62.3384557496742033 
18 8 1 5 3 2 10 9 1 11 1 6 1 5 9 6 32 13 18 6 8 2 24 5 17 23 12 3 2 1 16 31 2 4 16 1 10 15 2 14 12 7 5 32 3 1 1 4 6 6 5 18 23 13 9 9 12 16 17 1 24.5497669875621796 66.1296189673144852 
18 8 1 5 3 2 10 9 1 11 1 6 14 12 4 6 32 13 18 6 8 2 24 5 17 23 12 3 2 1 16 31 2 4 16 1 10 15 2 14 12 7 5 32 3 1 1 4 6 6 5 18 23 13 9 9 12 16 17 1 24.2199219763278961 68.7305433537175077 
15 2 2.70999124060388841 5 3 2 10 9 1 11 1 6 3 20 11 6 32 13 18 6 8 2 24 5 17 23 12 3 2 1 16 31 2 4 16 1 10 15 2 14 12 7 5 32 3 1 1 4 6 6 5 18 23 13 9 9 12 16 17 1 23.4560790359973907 75.2488054702446192 
18 8 1 5 3 2 10 9 1 11 1 6 15 27 10 6 32 13 18 6 8 2 24 5 17 23 12 3 2 1 16 31 2 4 16 1 10 15 2 14 12 7 5 32 3 1 1 4 6 6 5 12 30 8 9 9 12 16 17 1 24.6299091279506683 65.0162775275709919 
4 26 10 5 3 2 10 9 1 11 1 6 15 14 2 6 32 13 18 6 8 2 24 5 17 23 12 3 2 1 16 31 2 4 16 1 10 15 2 14 12 7 5 32 3 1 1 4 6 6 5 18 23 13 9 9 12 16 17 1 23.3104859292507172 75.5066655572572927 
16 14 1 10 15 10 3 12 2.70999124060388841 14 22 9 13 19 6 9.25570237641795579 13 3 14 8.22565314501180467 1 13.2195649013323386 15 11 16 6 1 10 9 7 14 17 12 4 24 3 17.8244721320812971 6 1 8 26 11 9 2 9 17 16 7.75241283629571765 10 30 2 3 1 7 6 31 13 16 3 11 20.0839070081710815 187.985362712025136 
13 12 2.70999124060388841 9.25570237641795579 30 3.84646942076222631 2 5 7 15 6 8 6 32 7 5 16 9.82524131762891173 4 9 8 14 1 7 3 20 10 12 20 10 17 2 6 16 3 4 13 30 6 14 12 13.151007650947605 15 31 7.75241283629571765 5 26 6 13 17 1.44943743604301667 12 32 7 9 30 5 15 32 5 17.6175916790962219 232.880216294519698 
1 32 3 14 13 4 10 9 1 11 1 6 16 30 11 6 32 13 18 6 8 2 24 5 17 23 12 3 2 1 16 31 2 4 16 1 10 15 2 14 12 7 5 32 3 1 1 4 6 6 5 18 23 13 9 9 12 16 17 1 22.2748821675777435 91.6427072577867534 
4 19 12 5 3 2 10 9 1 11 1 6 2 3 9 6 32 13 18 6 8 2 24 5 17 23 12 3 2 1 16 31 2 4 16 1 10 15 2 14 12 7 5 32 3 1 1 4 6 6 5 18 23 13 9 9 12 16 17 1 23.6444509923458099 73.335939472849816 
12 25 11 5 3 2 10 9 1 11 1 6 1 9 11 6 32 13 18 6 8 2 24 5 17 23 12 3 2 1 16 31 2 4 16 1 10 15 2 14 12 7 5 32 3 1 1 4 6 6 5 13 24 10 9 9 12 16 17 1 21.8174790441989899 96.6442871105272729 
18 8 1 5 3 2 10 9 1 11 1 6 15 20 7 6 32 13 18 6 8 2 24 5 17 23 12 3 2 1 16 31 2 4 16 1 10 15 2 14 12 7 5 32 3 1 1 4 6 6 5 18 23 13 9 9 12 16 17 1 24.4473319947719574 67.1122998423579844 
18 8 1 5 3 2 10 9 1 11 1 6 15 27 10 6 32 13 18 6 8 2 24 5 17 23 12 3 2 1 16 31 2 4 16 1 10 15 2 14 12 7 5 32 3 1 1 4 6 6 5 12 26 8 9 9 12 16 17 1 24.7510050237178802 64.5714247078283137 
12 26 9 8 17 9 16 5.34074699537910114 6.96245171630185755 13 22 7 10 11 5 5 18 12 4 30 4 1 1 8 3 13 4 4.94126535182462057 32 9 10 25 9.82524131762891173 14 24 5 1 31.8448655754823804 9 4 25 9 14 1 11 12 24 13 14 19 11 17 6 8 3 32 2 13 2 8 18.2613465785980225 227.992533773416142 
14 15 12 5 3 2 10 9 1 11 1 6 12 3 1 6 32 13 18 6 8 1 5.34074699537910114 9 17 23 12 3 2 1 16 31 2 4 16 1 10 15 2 14 12 7 5 32 3 1 1 4 6 6 5 4 30 8 9 9 12 16 17 1 21.8458898961544037 92.6610023941631482 
18 8 1 5 3 2 10 9 1 11 1 6 14 12 3 6 32 13 18 6 8 2 24 5 17 23 12 3 2 1 16 31 2 4 16 1 10 15 2 14 12 7 5 32 3 1 1 4 6 6 5 18 23 13 9 9 12 16 17 1 24.3399219810962677 67.9613524730574028 
15 24 11 5 3 2 12 25 3 11 1 6 14 5 4 6 32 13 18 6 8 2 24 5 17 23 12 3 2 1 16 31 2 4 16 1 10 15 2 14 12 7 5 32 3 1 1 4 6 6 5 18 23 13 9 9 12 16 17 1 22.3183520138263702 86.5803221273780537 
8 28 2 5 3 2 1 6 5 11 1 6 4 19 4 6 32 13 15 20 4 2 24 5 17 23 12 3 2 1 16 31 2 4 16 1 10 15 2 14 12 7 5 32 3 1 1 4 6 6 5 3 30 11 9 9 12 16 17 1 20.6095921695232391 108.818416746449131 
13 9 7 4 14 7 14 2 4 8 9 6 10 15 12 18 24 10 15 7 13 1 22 5 14 30 9 3.36768017929769181 16.1354543567662532 11 6 8 2 15 32 4 10 25 9 2 15 3.84646942076222631 2 2 2 12 26 12 1 12 5 6 18 9.82524131762891173 6 25 10 14 19 10 19.7055462598800659 191.649070949690184 
5 18 13 12 20 4 3.36768017929769181 15 1 1 26 1 10 1 4 12 30 7 17 9 2 8 30 9 4 7 9 2 23 12 14 16 4 14 5 6 4 13 2 2 1 8 16 30 11 6 31 4 4 20 3 13 25 3 3 8 7 12 15 8 19.0815179944038391 200.246311720615068 
1 6 7 10 28 1 6 20 2 9 3 10 3 31 11 12 24 13 16 7 4 4 1 3 6 5.34074699537910114 13 9.25570237641795579 1 10 17 30 3 1 18 7 14 23 10 14 20 11 11 6 12 9 33 2 5 23 11 14 1 5 15 6 1 13 14 8 20.4920099377632141 179.735379644435397 
3 25 4 15 15 5 12 14 9 14 1 9 15 26 2 11 3 10 5 32 11 16 12 13 17 22 3 3 9 3 6 26 5 13 1 4 2 26 9 12 30 6 9 31 1 3.36768017929769181 32 2 9 1 10 4 6 10 3 26 11 1 33 4 18.6886368691921234 206.201392518730017 

Current Evaluation = 20000000(20000000)
Front Size = 41
18 8 1 5 3 2 10 9 1 11 1 6 15 27 10 6 32 13 18 6 8 2 24 5 17 23 12 3 2 1 16 31 2 4 16 1 10 15 2 14 12 7 5 32 3 1 1 4 6 6 5 12 24 8 9 9 12 16 17 1 24.7071211040019989 64.9358976712872646 
18 8 1 5 3 2 10 9 1 11 1 6 9 11 9 6 32 13 18 6 8 2 24 5 17 23 12 3 2 1 16 31 2 4 16 1 10 15 2 14 12 7 5 32 3 1 1 4 6 6 5 12 26 8 9 9 12 16 17 1 23.7449639737606049 69.1825579102406181 
9 24 1 5 3 2 10 9 1 11 1 6 1 5.34074699537910114 9 6 32 13 18 6 8 2 24 5 17 23 12 3 2 1 16 31 2 4 16 1 10 15 2 14 12 7 5 32 3 1 1 4 6 6 5 12 16.1354543567662532 13 9 9 12 16 17 1 22.402131050825119 76.2732038437930981 
15 30 12 10 26 9 14 24 5 16 18 7 13 5.34074699537910114 1 17 32 12 9.25570237641795579 12 11 15 6 12 13 2 9 6 32 8 17 30 8 8 12 7 2 29 7 2 20 9 17 15 3 1 9 11 3 30 11 9 9 5 13 13 1 14 19 6 18.3815088272094727 223.01254202526502 
18 8 1 5 3 2 10 9 1 11 1 6 15 27 10 6 32 13 18 6 8 2 24 5 17 23 12 3 2 1 16 31 2 4 16 1 10 15 2 14 12 7 5 32 3 1 1 4 6 6 5 18 23 13 9 9 12 16 17 1 26.015714019536972 62.3384557496742033 
18 8 1 5 3 2 10 9 1 11 1 6 15 27 10 6 32 13 18 6 8 2 24 5 17 23 12 3 2 1 16 31 2 4 16 1 10 15 2 14 12 7 5 32 3 1 1 4 6 6 5 12 30 8 9 9 12 16 17 1 24.6299091279506683 65.0162775275709919 
13 12 2.70999124060388841 9.25570237641795579 30 3.84646942076222631 2 5 7 15 6 8 6 32 7 5 16 9.82524131762891173 4 9 8 14 1 7 3 20 10 12 20 10 17 2 6 16 3 4 13 30 6 14 12 13.151007650947605 15 31 7.75241283629571765 5 26 6 13 17 1.44943743604301667 12 32 7 9 30 5 15 32 5 17.6175916790962219 232.880216294519698 
18 8 1 5 3 2 10 9 1 11 1 6 15 27 10 6 32 13 18 6 8 2 24 5 17 23 12 3 2 1 16 31 2 4 16 1 10 15 2 14 12 7 5 32 3 1 1 4 6 6 5 12 26 8 9 9 12 16 17 1 24.7510050237178802 64.5714247078283137 
12 26 9 8 17 9 16 5.34074699537910114 6.96245171630185755 13 22 7 10 11 5 5 18 12 4 30 4 1 1 8 3 13 4 4.94126535182462057 32 9 10 25 9.82524131762891173 14 24 5 1 31.8448655754823804 9 4 25 9 14 1 11 12 24 13 14 19 11 17 6 8 3 32 2 13 2 8 18.2613465785980225 227.992533773416142 
15 24 11 5 3 2 12 25 3 11 1 6 14 5 4 6 32 13 18 6 8 2 24 5 17 23 12 3 2 1 16 31 2 4 16 1 10 15 2 14 12 7 5 32 3 1 1 4 6 6 5 18 23 13 9 9 12 16 17 1 22.3183520138263702 86.5803221273780537 
8 28 2 5 3 2 1 6 5 11 1 6 4 19 4 6 32 13 15 20 4 2 24 5 17 23 12 3 2 1 16 31 2 4 16 1 10 15 2 14 12 7 5 32 3 1 1 4 6 6 5 3 30 11 9 9 12 16 17 1 20.6095921695232391 108.818416746449131 
14 24 2 5 3 2 10 9 1 11 1 6 12 25 8 6 32 13 18 6 8 2 24 5 17 23 12 8 14 10 16 31 2 4 16 1 10 15 2 14 12 7 5 32 3 1 1 4 6 6 5 14 31 4 9 9 12 16 17 1 21.1179619431495667 105.13080954133585 
14 26 9 13 30 13 10 9 1 11 1 6 13 24 9 6 32 13 18 6 8 2 24 5 17 23 12 3 2 1 16 31 2 4 16 1 10 15 2 14 12 7 5 32 3 1 1 4 6 6 5 16 24 9 9 9 12 16 17 1 20.1254981160163879 117.987253658540638 
15 16 9 4 30 1 3.36768017929769181 18 8 13 24 13 17 30 2 8 12 3 7 26 1 9 9 12 3 18 6.96245171630185755 14 30 1 9 24 3 6 31 10 15 20 4 6 33 10 4.94126535182462057 19 9.82524131762891173 17.8244721320812971 26 5 14 14 13 13 31 7.75241283629571765 1 25 12 14 1 7 18.313356876373291 224.276437941143826 
18 8 1 5 3 2 10 9 1 11 1 6 14 5.34074699537910114 10 6 32 13 18 6 8 2 24 5 17 23 12 3 2 1 16 31 2 4 16 1 10 15 2 14 12 7 5 32 3 1 1 4 6 6 5 18 23 13 9 9 12 16 17 1 24.4724160134792328 65.8785805039949253 
18 8 1 5 3 2 10 9 1 11 1 6 14 20 9 6 32 13 18 6 8 2 24 5 17 23 12 3 2 1 16 31 2 4 16 1 10 15 2 14 12 7 5 32 3 1 1 4 6 6 5 18 23 13 9 9 12 16 17 1 24.1687360107898712 67.9821183003861051 
15 32 5 6 14 8 3.36768017929769181 15 3 9 11 4 14 30 3 14 19 4 12 15 9 6 26 4 1 28 12 3 5 8 2 31 2 10 22 13 13 23 6.96245171630185755 9 24 4 17 9 10 6 2 13 12 18 5 15 28 13 15 20 2 4 20 3 19.7368338406085968 187.663407237511564 
18 8 1 5 3 2 10 9 1 11 1 6 14 25 5 6 32 13 18 6 8 2 24 5 17 23 12 3 2 1 16 31 2 4 16 1 10 15 2 14 12 7 5 32 3 1 1 4 6 6 5 18 23 13 9 9 12 16 17 1 24.3275469839572906 66.7778640543054252 
18 19 11 5 3 2 10 9 1 11 1 6 15 27 10 6 32 13 18 6 8 2 24 5 17 23 12 3 2 1 16 31 2 4 16 1 10 15 2 14 12 7 5 32 3 1 1 4 6 6 5 18 23 13 9 9 12 16 17 1 25.7470799386501312 64.00151164570822 
15 6 11 5 3 2 10 9 1 11 1 6 4 14 4 6 32 13 18 6 8 2 24 5 17 23 12 3 2 1 16 31 2 4 16 1 10 15 2 14 12 7 5 32 3 1 1 4 6 6 5 18 23 13 9 9 12 16 17 1 23.1913529932498932 71.5046094830277923 
3 7 8 5 3 2 10 9 1 11 1 6 1 31 9 6 32 13 18 6 8 2 24 5 17 23 12 3 2 1 16 31 2 4 16 1 10 15 2 14 12 7 5 32 3 1 1 4 6 6 5 3 24 6 9 9 12 16 17 1 22.1998580396175385 87.286024496397502 
6 26 5 5 3 2 10 9 1 11 1 6 15 25 4 6 32 13 18 6 8 2 24 5 17 23 12 3 2 1 16 31 2 4 16 1 10 15 2 14 12 7 5 32 3 1 1 4 6 6 5 13 5.34074699537910114 9 9 9 12 16 17 1 21.4990920126438141 92.8768689874847553 
1 28 11 4 25 2 5 12 9 2 24 10 12 26 5 15 3 13 14 9 9 14 33 13 14 16 3 4 19 5 3 2 3 6 32 10 17 15 2 4 30 7 15 6 9 12 32 8 17 24 1 13 20 2 2 18 13 14 2 6 18.391610860824585 189.889252414252411 
10 15 4 7 7 1 1 25 4 8 6 9 2 1 6 15 30 12 1 19 2.70999124060388841 3 2 2 9.25570237641795579 1 10 17 8.22565314501180467 5 14 29 9.82524131762891173 4 6 7 15 32 7 16 5 13 12 6 10 14 19 8 17 25 13.151007650947605 13 6 12 13 26 5 5 31 13 20.0746707320213318 185.031545250906163 
2 26 12 5 3 2 10 9 1 11 1 6 15 12 9 6 32 13 18 6 8 2 24 5 17 23 12 3 2 1 16 31 2 4 16 1 10 15 2 14 12 7 5 32 3 1 1 4 6 6 5 18 23 13 9 9 12 16 17 1 23.1819619834423065 71.8404379413419889 
13 24 13 5 3 2 10 9 1 11 1 6 16 25 2.70999124060388841 6 32 13 18 6 8 2 24 5 17 23 12 3 2 1 16 31 2 4 16 1 10 15 2 14 12 7 5 32 3 1 1 4 6 6 5 18 23 13 9 9 12 16 17 1 23.079228013753891 72.6395629208629714 
18 8 1 5 3 2 10 9 1 11 1 6 14 20 10 6 32 13 18 6 8 2 24 5 17 23 12 3 2 1 16 31 2 4 16 1 10 15 2 14 12 7 5 32 3 1 1 4 6 6 5 18 23 13 9 9 12 16 17 1 24.2707600295543671 67.6827217799866219 
12 26 4 5 3 2 10 9 1 11 1 6 15 22 2.70999124060388841 6 32 13 18 6 8 2 24 5 17 23 12 3 2 1 16 31 2 4 16 1 10 15 2 14 12 7 5 32 3 1 1 4 6 6 5 18 23 13 9 9 12 16 17 1 23.4582729041576385 71.0547062571763632 
18 8 1 5 3 2 10 9 1 11 1 6 15 27 10 14 32 5 18 6 8 2 24 5 17 23 12 3 2 1 16 31 2 4 16 1 10 15 2 14 12 7 5 32 3 1 1 4 6 6 5 18 23 13 9 9 12 16 17 1 25.7890460789203644 63.6497939826302641 
3 26 5 5 3 2 10 9 1 11 1 6 14 3 4 6 32 13 18 6 8 2 24 5 17 23 12 3 2 1 16 31 2 4 16 1 10 15 2 14 12 7 5 32 3 1 1 4 6 6 5 18 23 13 9 9 12 16 17 1 23.0549920499324799 75.2545724193994658 
16 26 9 5 3 2 10 9 1 11 1 6 4 17 4 6 32 13 18 6 8 2 24 5 17 23 12 3 2 1 16 31 2 4 16 1 10 15 2 14 12 7 5 32 3 1 1 4 6 6 5 18 23 13 9 9 12 16 17 1 23.2914219200611115 71.480253291141139 
9 1 5 5 3 2 10 9 1 11 1 6 1 14 9 6 32 13 18 6 8 2 24 5 17 23 12 3 2 1 16 31 2 4 16 1 10 15 2 14 12 7 5 32 3 1 1 4 6 6 5 18 23 13 9 9 12 16 17 1 23.3349529802799225 71.2203704226397036 
3 26 4 5 3 2 10 9 1 11 1 6 15 27 10 6 32 13 18 6 8 2 24 5 17 23 12 3 2 1 16 31 2 4 16 1 10 15 2 14 12 7 5 32 3 1 1 4 6 6 5 18 23 13 9 9 12 16 17 1 24.5678220689296722 65.3760674567710538 
6 17 12 14 25 4 10 9 1 11 1 6 1 19 2 6 32 13 18 6 8 2 24 5 17 23 12 3 2 1 16 31 2 4 16 1 10 15 2 14 12 7 5 32 3 1 1 4 6 6 5 12 31 2 9 9 12 16 17 1 21.2504270970821381 101.648263324072872 
18 26 8 5 3 2 10 9 1 11 1 6 15 27 10 6 32 13 18 6 8 2 24 5 17 23 12 3 2 1 16 31 2 4 16 1 10 15 2 14 12 7 5 32 3 1 1 4 6 6 5 18 23 13 9 9 12 16 17 1 25.5621350705623627 64.1027810422414461 
18 8 1 5 3 2 10 9 1 11 1 6 14 25 3 6 32 13 18 6 8 2 24 5 17 23 12 3 2 1 16 31 2 4 16 1 10 15 2 14 12 7 5 32 3 1 1 4 6 6 5 18 23 13 9 9 12 16 17 1 24.385547012090683 66.290409275642233 
12 24 13 5 3 2 10 9 1 11 1 6 9 26 4 6 32 13 18 6 8 2 24 5 17 23 12 3 2 1 16 31 2 4 16 1 10 15 2 14 12 7 5 32 3 1 1 4 6 6 5 4 26 11 9 9 12 16 17 1 21.9161980450153351 87.3397540336176661 
12 12 8 5 3 2 10 9 1 11 1 6 4 14 10 6 32 13 18 6 8 2 24 5 1 30 13 3 2 1 16 31 2 4 16 1 10 15 2 14 12 7 5 32 3 1 1 4 6 6 5 13 1 8 9 9 12 16 17 1 21.3983529508113861 94.0264649753653146 
14 17 2 5 3 2 10 9 1 11 1 6 9 30 5 6 32 13 18 6 8 2 24 5 17 23 12 3 2 1 16 31 2 4 16 1 10 15 2 14 12 7 5 32 3 1 1 4 6 6 5 1 32 5 9 9 12 16 17 1 21.7550119459629059 91.7410643403915174 
13 5.34074699537910114 11 5 3 2 10 9 1 11 1 6 15 14 3 6 32 13 18 6 8 2 24 5 17 23 12 3 2 1 16 31 2 4 16 1 10 15 2 14 12 7 5 32 3 1 1 4 6 6 5 12 3 9 9 9 12 16 17 1 22.2014870345592499 87.1492108861211108 
18 8 1 5 3 2 10 9 1 11 1 6 1 11 7 6 32 13 18 6 8 2 24 5 17 23 12 3 2 1 16 31 2 4 16 1 10 15 2 14 12 7 5 32 3 1 1 4 6 6 5 18 23 13 9 9 12 16 17 1 24.8124320209026337 64.47962747457251 

Current Evaluation = 30000000(30000000)
Front Size = 33
18 8 1 5 3 2 10 9 1 11 1 6 9 11 9 6 32 13 18 6 8 2 24 5 17 23 12 3 2 1 16 31 2 4 16 1 10 15 2 14 12 7 5 32 3 1 1 4 6 6 5 12 26 8 9 9 12 16 17 1 23.7449639737606049 69.1825579102406181 
9 24 1 5 3 2 10 9 1 11 1 6 1 5.34074699537910114 9 6 32 13 18 6 8 2 24 5 17 23 12 3 2 1 16 31 2 4 16 1 10 15 2 14 12 7 5 32 3 1 1 4 6 6 5 12 16.1354543567662532 13 9 9 12 16 17 1 22.402131050825119 76.2732038437930981 
18 8 1 5 3 2 10 9 1 11 1 6 15 27 10 6 32 13 18 6 8 2 24 5 17 23 12 3 2 1 16 31 2 4 16 1 10 15 2 14 12 7 5 32 3 1 1 4 6 6 5 18 23 13 9 9 12 16 17 1 26.015714019536972 62.3384557496742033 
13 12 2.70999124060388841 9.25570237641795579 30 3.84646942076222631 2 5 7 15 6 8 6 32 7 5 16 9.82524131762891173 4 9 8 14 1 7 3 20 10 12 20 10 17 2 6 16 3 4 13 30 6 14 12 13.151007650947605 15 31 7.75241283629571765 5 26 6 13 17 1.44943743604301667 12 32 7 9 30 5 15 32 5 17.6175916790962219 232.880216294519698 
14 26 9 13 30 13 10 9 1 11 1 6 13 24 9 6 32 13 18 6 8 2 24 5 17 23 12 3 2 1 16 31 2 4 16 1 10 15 2 14 12 7 5 32 3 1 1 4 6 6 5 16 24 9 9 9 12 16 17 1 20.1254981160163879 117.987253658540638 
18 8 1 5 3 2 10 9 1 11 1 6 14 20 9 6 32 13 18 6 8 2 24 5 17 23 12 3 2 1 16 31 2 4 16 1 10 15 2 14 12 7 5 32 3 1 1 4 6 6 5 18 23 13 9 9 12 16 17 1 24.1687360107898712 67.9821183003861051 
18 8 1 5 3 2 10 9 1 11 1 6 14 25 5 6 32 13 18 6 8 2 24 5 17 23 12 3 2 1 16 31 2 4 16 1 10 15 2 14 12 7 5 32 3 1 1 4 6 6 5 18 23 13 9 9 12 16 17 1 24.3275469839572906 66.7778640543054252 
15 6 11 5 3 2 10 9 1 11 1 6 4 14 4 6 32 13 18 6 8 2 24 5 17 23 12 3 2 1 16 31 2 4 16 1 10 15 2 14 12 7 5 32 3 1 1 4 6 6 5 18 23 13 9 9 12 16 17 1 23.1913529932498932 71.5046094830277923 
6 26 5 5 3 2 10 9 1 11 1 6 15 25 4 6 32 13 18 6 8 2 24 5 17 23 12 3 2 1 16 31 2 4 16 1 10 15 2 14 12 7 5 32 3 1 1 4 6 6 5 13 5.34074699537910114 9 9 9 12 16 17 1 21.4990920126438141 92.8768689874847553 
1 28 11 4 25 2 5 12 9 2 24 10 12 26 5 15 3 13 14 9 9 14 33 13 14 16 3 4 19 5 3 2 3 6 32 10 17 15 2 4 30 7 15 6 9 12 32 8 17 24 1 13 20 2 2 18 13 14 2 6 18.391610860824585 189.889252414252411 
2 26 12 5 3 2 10 9 1 11 1 6 15 12 9 6 32 13 18 6 8 2 24 5 17 23 12 3 2 1 16 31 2 4 16 1 10 15 2 14 12 7 5 32 3 1 1 4 6 6 5 18 23 13 9 9 12 16 17 1 23.1819619834423065 71.8404379413419889 
13 24 13 5 3 2 10 9 1 11 1 6 16 25 2.70999124060388841 6 32 13 18 6 8 2 24 5 17 23 12 3 2 1 16 31 2 4 16 1 10 15 2 14 12 7 5 32 3 1 1 4 6 6 5 18 23 13 9 9 12 16 17 1 23.079228013753891 72.6395629208629714 
12 26 4 5 3 2 10 9 1 11 1 6 15 22 2.70999124060388841 6 32 13 18 6 8 2 24 5 17 23 12 3 2 1 16 31 2 4 16 1 10 15 2 14 12 7 5 32 3 1 1 4 6 6 5 18 23 13 9 9 12 16 17 1 23.4582729041576385 71.0547062571763632 
3 26 5 5 3 2 10 9 1 11 1 6 14 3 4 6 32 13 18 6 8 2 24 5 17 23 12 3 2 1 16 31 2 4 16 1 10 15 2 14 12 7 5 32 3 1 1 4 6 6 5 18 23 13 9 9 12 16 17 1 23.0549920499324799 75.2545724193994658 
16 26 9 5 3 2 10 9 1 11 1 6 4 17 4 6 32 13 18 6 8 2 24 5 17 23 12 3 2 1 16 31 2 4 16 1 10 15 2 14 12 7 5 32 3 1 1 4 6 6 5 18 23 13 9 9 12 16 17 1 23.2914219200611115 71.480253291141139 
9 1 5 5 3 2 10 9 1 11 1 6 1 14 9 6 32 13 18 6 8 2 24 5 17 23 12 3 2 1 16 31 2 4 16 1 10 15 2 14 12 7 5 32 3 1 1 4 6 6 5 18 23 13 9 9 12 16 17 1 23.3349529802799225 71.2203704226397036 
18 8 1 5 3 2 10 9 1 11 1 6 14 25 3 6 32 13 18 6 8 2 24 5 17 23 12 3 2 1 16 31 2 4 16 1 10 15 2 14 12 7 5 32 3 1 1 4 6 6 5 18 23 13 9 9 12 16 17 1 24.385547012090683 66.290409275642233 
12 12 8 5 3 2 10 9 1 11 1 6 4 14 10 6 32 13 18 6 8 2 24 5 1 30 13 3 2 1 16 31 2 4 16 1 10 15 2 14 12 7 5 32 3 1 1 4 6 6 5 13 1 8 9 9 12 16 17 1 21.3983529508113861 94.0264649753653146 
1 24 10 5 3 2 10 9 1 11 1 6 13 26 7 6 32 13 14 20 5 2 24 5 17 23 12 3 2 1 16 31 2 4 16 1 10 15 2 14 12 7 5 32 3 1 1 4 6 6 5 17 11 4 9 9 12 16 17 1 20.522750049829483 102.864668682787098 
18 8 1 5 3 2 10 9 1 11 1 6 14 12 9 6 32 13 18 6 8 2 24 5 17 23 12 3 2 1 16 31 2 4 16 1 10 15 2 14 12 7 5 32 3 1 1 4 6 6 5 18 23 13 9 9 12 16 17 1 24.191897988319397 67.1729166226465395 
15 24 11 5 3 2 10 9 1 11 1 6 6 20 5 6 32 13 18 6 8 2 24 5 17 23 12 3 2 1 16 31 2 4 16 1 10 15 2 14 12 7 5 32 3 1 1 4 6 6 5 4 5.34074699537910114 13 9 9 12 16 17 1 21.7481190264225006 87.3158243687118727 
12 24 4 5 3 2 10 9 1 11 1 6 15 27 10 6 32 13 18 6 8 2 24 5 17 30 11 3 2 1 16 31 2 4 16 1 10 15 2 14 12 7 5 32 3 1 1 4 6 6 5 18 23 13 9 9 12 16 17 1 23.9036460816860199 68.0276499503079606 
14 25 2 5 3 2 10 9 1 11 1 6 12 24 4 6 32 13 18 6 8 2 24 5 17 23 12 3 2 1 16 31 2 4 16 1 10 15 2 14 12 7 5 32 3 1 1 4 6 6 5 14 1 13 9 9 12 16 17 1 21.2431420385837555 96.9949265152303042 
18 8 1 5 3 2 10 9 1 11 1 6 15 27 10 6 32 13 18 6 8 2 24 5 17 23 12 3 2 1 16 31 2 4 16 1 10 15 2 14 12 7 5 32 3 1 1 4 6 6 5 12 26 13 9 9 12 16 17 1 24.70980504155159 63.8388075849940435 
18 8 1 5 3 2 10 9 1 11 1 6 1 25 9 6 32 13 18 6 8 2 24 5 17 23 12 3 2 1 16 31 2 4 16 1 10 15 2 14 12 7 5 32 3 1 1 4 6 6 5 18 23 13 9 9 12 16 17 1 24.4168979823589325 64.9465008875015855 
9 5.34074699537910114 11 5 3 2 10 9 1 11 1 6 15 25 5 6 32 13 18 6 8 2 24 5 17 23 12 3 2 1 16 31 2 4 16 1 10 15 2 14 12 7 5 32 3 1 1 4 6 6 5 15 26 4 9 9 12 16 17 1 21.9947799742221832 84.7323572679930237 
2 30 10 17 17 3 13 1 2 1 25 3 15 24 2.70999124060388841 6 32 1 13 26 2 9.25570237641795579 20 5 17 20 8 4 12 10 14 28 6 2 26 2 3 13 13 1 8.22565314501180467 2 14 26 4 1 1 4 15 9 2 16 14 11 1 26 1 13 2 11 17.8087865710258484 221.132866848363591 
18 8 1 5 3 2 10 9 1 11 1 6 15 27 10 6 32 13 18 6 8 2 24 5 17 23 12 3 2 1 16 31 2 4 16 1 10 15 2 14 12 7 5 32 3 1 1 4 6 6 5 3.36768017929769181 30 11 9 9 12 16 17 1 24.5816821157932281 64.7504106926334941 
6 30 3 15 3 2 9 13 11 13 32 3 12 23 9 16 5 8 15 9 6 15 19 4 17 15 3 3 18 1 12 24 8 13 16 13 6 22 2 1 20 12 14 33 2 8 6 11 1 5.34074699537910114 4 9 1 1 6 19 9 17 6 9 19.2800458669662476 171.221223710929564 
3.36768017929769181 12 6 5 3 2 10 9 1 11 1 6 14 3 12 6 32 13 18 6 8 2 24 5 17 23 12 3 2 1 16 31 2 4 16 1 10 15 2 14 12 7 5 32 3 1 1 4 6 6 5 6 32 5 9 9 12 16 17 1 21.6906430423259735 90.0525697663258313 
14 30 12 5 3 2 10 9 1 11 1 6 12 14 4 6 32 13 18 6 8 2 24 5 17 23 12 3 2 1 16 31 2 4 16 1 10 15 2 14 12 7 5 32 3 1 1 4 6 6 5 18 23 13 9 9 12 16 17 1 23.006227046251297 75.7887640840231853 
2 32 12 6 9 1 16 30 9 9 28 5 13 1 9 3.36768017929769181 31 7 16 1 11 14 30 6 18 25 4 2 9 6.96245171630185755 4 30 2 4.94126535182462057 24 3 13 6 5 14 30 7 6 1 2 15 6 1 12 24 11 15 17 7 2 19 9.82524131762891173 1 3 1 17.6743728518486023 227.052966826952627 
18 8 1 16 2 2 10 9 1 11 1 6 15 27 10 6 32 13 18 6 8 2 24 5 17 23 12 3 2 1 16 31 2 4 16 1 10 15 2 14 12 7 5 32 3 1 1 4 6 6 5 18 23 13 9 9 12 16 17 1 25.6049160659313202 62.5674378175541364 

Current Evaluation = 40000000(40000000)
Front Size = 35
18 8 1 5 3 2 10 9 1 11 1 6 9 11 9 6 32 13 18 6 8 2 24 5 17 23 12 3 2 1 16 31 2 4 16 1 10 15 2 14 12 7 5 32 3 1 1 4 6 6 5 12 26 8 9 9 12 16 17 1 23.7449639737606049 69.1825579102406181 
9 24 1 5 3 2 10 9 1 11 1 6 1 5.34074699537910114 9 6 32 13 18 6 8 2 24 5 17 23 12 3 2 1 16 31 2 4 16 1 10 15 2 14 12 7 5 32 3 1 1 4 6 6 5 12 16.1354543567662532 13 9 9 12 16 17 1 22.402131050825119 76.2732038437930981 
18 8 1 5 3 2 10 9 1 11 1 6 15 27 10 6 32 13 18 6 8 2 24 5 17 23 12 3 2 1 16 31 2 4 16 1 10 15 2 14 12 7 5 32 3 1 1 4 6 6 5 18 23 13 9 9 12 16 17 1 26.015714019536972 62.3384557496742033 
13 12 2.70999124060388841 9.25570237641795579 30 3.84646942076222631 2 5 7 15 6 8 6 32 7 5 16 9.82524131762891173 4 9 8 14 1 7 3 20 10 12 20 10 17 2 6 16 3 4 13 30 6 14 12 13.151007650947605 15 31 7.75241283629571765 5 26 6 13 17 1.44943743604301667 12 32 7 9 30 5 15 32 5 17.6175916790962219 232.880216294519698 
14 26 9 13 30 13 10 9 1 11 1 6 13 24 9 6 32 13 18 6 8 2 24 5 17 23 12 3 2 1 16 31 2 4 16 1 10 15 2 14 12 7 5 32 3 1 1 4 6 6 5 16 24 9 9 9 12 16 17 1 20.1254981160163879 117.987253658540638 
15 6 11 5 3 2 10 9 1 11 1 6 4 14 4 6 32 13 18 6 8 2 24 5 17 23 12 3 2 1 16 31 2 4 16 1 10 15 2 14 12 7 5 32 3 1 1 4 6 6 5 18 23 13 9 9 12 16 17 1 23.1913529932498932 71.5046094830277923 
6 26 5 5 3 2 10 9 1 11 1 6 15 25 4 6 32 13 18 6 8 2 24 5 17 23 12 3 2 1 16 31 2 4 16 1 10 15 2 14 12 7 5 32 3 1 1 4 6 6 5 13 5.34074699537910114 9 9 9 12 16 17 1 21.4990920126438141 92.8768689874847553 
1 28 11 4 25 2 5 12 9 2 24 10 12 26 5 15 3 13 14 9 9 14 33 13 14 16 3 4 19 5 3 2 3 6 32 10 17 15 2 4 30 7 15 6 9 12 32 8 17 24 1 13 20 2 2 18 13 14 2 6 18.391610860824585 189.889252414252411 
2 26 12 5 3 2 10 9 1 11 1 6 15 12 9 6 32 13 18 6 8 2 24 5 17 23 12 3 2 1 16 31 2 4 16 1 10 15 2 14 12 7 5 32 3 1 1 4 6 6 5 18 23 13 9 9 12 16 17 1 23.1819619834423065 71.8404379413419889 
13 24 13 5 3 2 10 9 1 11 1 6 16 25 2.70999124060388841 6 32 13 18 6 8 2 24 5 17 23 12 3 2 1 16 31 2 4 16 1 10 15 2 14 12 7 5 32 3 1 1 4 6 6 5 18 23 13 9 9 12 16 17 1 23.079228013753891 72.6395629208629714 
12 26 4 5 3 2 10 9 1 11 1 6 15 22 2.70999124060388841 6 32 13 18 6 8 2 24 5 17 23 12 3 2 1 16 31 2 4 16 1 10 15 2 14 12 7 5 32 3 1 1 4 6 6 5 18 23 13 9 9 12 16 17 1 23.4582729041576385 71.0547062571763632 
16 26 9 5 3 2 10 9 1 11 1 6 4 17 4 6 32 13 18 6 8 2 24 5 17 23 12 3 2 1 16 31 2 4 16 1 10 15 2 14 12 7 5 32 3 1 1 4 6 6 5 18 23 13 9 9 12 16 17 1 23.2914219200611115 71.480253291141139 
9 1 5 5 3 2 10 9 1 11 1 6 1 14 9 6 32 13 18 6 8 2 24 5 17 23 12 3 2 1 16 31 2 4 16 1 10 15 2 14 12 7 5 32 3 1 1 4 6 6 5 18 23 13 9 9 12 16 17 1 23.3349529802799225 71.2203704226397036 
12 12 8 5 3 2 10 9 1 11 1 6 4 14 10 6 32 13 18 6 8 2 24 5 1 30 13 3 2 1 16 31 2 4 16 1 10 15 2 14 12 7 5 32 3 1 1 4 6 6 5 13 1 8 9 9 12 16 17 1 21.3983529508113861 94.0264649753653146 
1 24 10 5 3 2 10 9 1 11 1 6 13 26 7 6 32 13 14 20 5 2 24 5 17 23 12 3 2 1 16 31 2 4 16 1 10 15 2 14 12 7 5 32 3 1 1 4 6 6 5 17 11 4 9 9 12 16 17 1 20.522750049829483 102.864668682787098 
14 25 2 5 3 2 10 9 1 11 1 6 12 24 4 6 32 13 18 6 8 2 24 5 17 23 12 3 2 1 16 31 2 4 16 1 10 15 2 14 12 7 5 32 3 1 1 4 6 6 5 14 1 13 9 9 12 16 17 1 21.2431420385837555 96.9949265152303042 
18 8 1 5 3 2 10 9 1 11 1 6 15 27 10 6 32 13 18 6 8 2 24 5 17 23 12 3 2 1 16 31 2 4 16 1 10 15 2 14 12 7 5 32 3 1 1 4 6 6 5 12 26 13 9 9 12 16 17 1 24.70980504155159 63.8388075849940435 
18 8 1 5 3 2 10 9 1 11 1 6 1 25 9 6 32 13 18 6 8 2 24 5 17 23 12 3 2 1 16 31 2 4 16 1 10 15 2 14 12 7 5 32 3 1 1 4 6 6 5 18 23 13 9 9 12 16 17 1 24.4168979823589325 64.9465008875015855 
2 30 10 17 17 3 13 1 2 1 25 3 15 24 2.70999124060388841 6 32 1 13 26 2 9.25570237641795579 20 5 17 20 8 4 12 10 14 28 6 2 26 2 3 13 13 1 8.22565314501180467 2 14 26 4 1 1 4 15 9 2 16 14 11 1 26 1 13 2 11 17.8087865710258484 221.132866848363591 
18 8 1 5 3 2 10 9 1 11 1 6 15 27 10 6 32 13 18 6 8 2 24 5 17 23 12 3 2 1 16 31 2 4 16 1 10 15 2 14 12 7 5 32 3 1 1 4 6 6 5 3.36768017929769181 30 11 9 9 12 16 17 1 24.5816821157932281 64.7504106926334941 
6 30 3 15 3 2 9 13 11 13 32 3 12 23 9 16 5 8 15 9 6 15 19 4 17 15 3 3 18 1 12 24 8 13 16 13 6 22 2 1 20 12 14 33 2 8 6 11 1 5.34074699537910114 4 9 1 1 6 19 9 17 6 9 19.2800458669662476 171.221223710929564 
3.36768017929769181 12 6 5 3 2 10 9 1 11 1 6 14 3 12 6 32 13 18 6 8 2 24 5 17 23 12 3 2 1 16 31 2 4 16 1 10 15 2 14 12 7 5 32 3 1 1 4 6 6 5 6 32 5 9 9 12 16 17 1 21.6906430423259735 90.0525697663258313 
2 32 12 6 9 1 16 30 9 9 28 5 13 1 9 3.36768017929769181 31 7 16 1 11 14 30 6 18 25 4 2 9 6.96245171630185755 4 30 2 4.94126535182462057 24 3 13 6 5 14 30 7 6 1 2 15 6 1 12 24 11 15 17 7 2 19 9.82524131762891173 1 3 1 17.6743728518486023 227.052966826952627 
18 8 1 16 2 2 10 9 1 11 1 6 15 27 10 6 32 13 18 6 8 2 24 5 17 23 12 3 2 1 16 31 2 4 16 1 10 15 2 14 12 7 5 32 3 1 1 4 6 6 5 18 23 13 9 9 12 16 17 1 25.6049160659313202 62.5674378175541364 
6 32 2 14 20 6 1 19 2 6 20 12 2 32 9 8 18 2 4 5.34074699537910114 8 13 17 6.96245171630185755 4 18 6 15 9 3.84646942076222631 3 25 2 14 6 7 16 30 8 16 26 4 14 31 11 10 22 7 13.2195649013323386 2 9 14 13 3 1 14 1 2 15 9 17.6734909415245056 230.220113155326032 
17 30 9 5 3 2 10 9 1 11 1 6 4 20 5 6 32 13 18 6 8 2 24 5 17 23 12 3 2 1 16 31 2 4 16 1 10 15 2 14 12 7 5 32 3 1 1 4 6 6 5 18 23 13 9 9 12 16 17 1 22.8094249665737152 74.6694178793326415 
18 8 1 5 3 2 10 9 1 11 1 6 14 20 9 6 32 13 18 6 8 2 24 5 17 23 12 3 2 1 16 31 2 4 16 1 10 15 2 14 12 7 5 32 3 1 1 4 6 6 5 18 23 13 9 9 12 16 17 1 24.1687360107898712 66.196303553495639 
3 31 12 14 24 7 18 32 5 15 20 9 9 12 13 17 26 11 12 22 7 1 24 12 2 1 9 1 30 11 12 25 10 15 23 12 10 28 6 15 26 9 17 9 1 3 20 1 14 6 13 2 2 9 14 23 10 4 30 8 19.1057179570198059 180.593721921353506 
3.36768017929769181 26 8 5 3 2 10 9 1 11 1 6 14 20 11 6 32 13 18 6 8 2 24 5 17 23 12 3 2 1 16 31 2 4 16 1 10 15 2 14 12 7 5 32 3 1 1 4 6 6 5 18 23 13 9 9 12 16 17 1 23.0426680147647858 74.5362961149648982 
18 8 1 3 12 7 10 9 1 11 1 6 14 3 10 6 32 13 18 6 8 2 24 5 17 23 12 3 2 1 16 31 2 4 16 1 10 15 2 14 12 7 5 32 3 1 1 4 6 6 5 18 23 13 9 9 12 16 17 1 23.8015670478343964 67.6048845065004258 
3.36768017929769181 2 10 14 24 6 10 16 2 8 9 5 14 22 9 4 9 11 15 6 11 9 26 4 14 2 7 12 31 1 15 32 5 16 15 1 16 32 5 6 19 4 14 16.1354543567662532 4 16 26 2 12 31 3.84646942076222631 5 24 2 2 12 12 9 32 9 18.4863409996032715 182.414401600097676 
17 5.34074699537910114 9 5 3 2 10 9 1 11 1 6 3 17 12 6 32 13 4 19 10 2 24 5 17 23 12 3 2 1 16 31 2 4 16 1 10 15 2 14 12 7 5 32 3 1 1 4 6 6 5 14 26 9 9 9 12 16 17 1 21.1906000971794128 99.1462411865183668 
18 8 1 5 3 2 10 9 1 11 1 6 6 32 9 1 20 6 18 6 8 2 24 5 17 23 12 3 2 1 16 31 2 4 16 1 10 15 2 14 12 7 5 32 3 1 1 4 6 6 5 18 23 13 9 9 12 16 17 1 24.3551110327243805 64.947846359571983 
12 5.34074699537910114 4 5 3 2 10 9 1 11 1 6 14 26 12 6 32 13 18 6 8 2 24 5 17 23 12 3 2 1 16 31 2 4 16 1 10 15 2 14 12 7 5 32 3 1 1 4 6 6 5 4 26 6 9 9 12 16 17 1 21.7108190953731537 82.6459437450734953 
15 13 9 14 5.34074699537910114 2 18 16 8 17 23 13 4 18 11 1 1 7 17 25 2 4 15 11 14 12 10 14 20 4 16 15 5 3 28 5 4 16 6.96245171630185755 1 18 3 14 24 11 4 25 10 15 6 12 4.94126535182462057 31 9 14 32 13 15 19 1 18.3033808171749115 196.726777591173857 

Current Evaluation = 50000000(50000000)
Front Size = 39
18 8 1 5 3 2 10 9 1 11 1 6 9 11 9 6 32 13 18 6 8 2 24 5 17 23 12 3 2 1 16 31 2 4 16 1 10 15 2 14 12 7 5 32 3 1 1 4 6 6 5 12 26 8 9 9 12 16 17 1 23.7449639737606049 69.1825579102406181 
9 24 1 5 3 2 10 9 1 11 1 6 1 5.34074699537910114 9 6 32 13 18 6 8 2 24 5 17 23 12 3 2 1 16 31 2 4 16 1 10 15 2 14 12 7 5 32 3 1 1 4 6 6 5 12 16.1354543567662532 13 9 9 12 16 17 1 22.402131050825119 76.2732038437930981 
18 8 1 5 3 2 10 9 1 11 1 6 15 27 10 6 32 13 18 6 8 2 24 5 17 23 12 3 2 1 16 31 2 4 16 1 10 15 2 14 12 7 5 32 3 1 1 4 6 6 5 18 23 13 9 9 12 16 17 1 26.015714019536972 62.3384557496742033 
13 12 2.70999124060388841 9.25570237641795579 30 3.84646942076222631 2 5 7 15 6 8 6 32 7 5 16 9.82524131762891173 4 9 8 14 1 7 3 20 10 12 20 10 17 2 6 16 3 4 13 30 6 14 12 13.151007650947605 15 31 7.75241283629571765 5 26 6 13 17 1.44943743604301667 12 32 7 9 30 5 15 32 5 17.6175916790962219 232.880216294519698 
14 26 9 13 30 13 10 9 1 11 1 6 13 24 9 6 32 13 18 6 8 2 24 5 17 23 12 3 2 1 16 31 2 4 16 1 10 15 2 14 12 7 5 32 3 1 1 4 6 6 5 16 24 9 9 9 12 16 17 1 20.1254981160163879 117.987253658540638 
15 6 11 5 3 2 10 9 1 11 1 6 4 14 4 6 32 13 18 6 8 2 24 5 17 23 12 3 2 1 16 31 2 4 16 1 10 15 2 14 12 7 5 32 3 1 1 4 6 6 5 18 23 13 9 9 12 16 17 1 23.1913529932498932 71.5046094830277923 
6 26 5 5 3 2 10 9 1 11 1 6 15 25 4 6 32 13 18 6 8 2 24 5 17 23 12 3 2 1 16 31 2 4 16 1 10 15 2 14 12 7 5 32 3 1 1 4 6 6 5 13 5.34074699537910114 9 9 9 12 16 17 1 21.4990920126438141 92.8768689874847553 
1 28 11 4 25 2 5 12 9 2 24 10 12 26 5 15 3 13 14 9 9 14 33 13 14 16 3 4 19 5 3 2 3 6 32 10 17 15 2 4 30 7 15 6 9 12 32 8 17 24 1 13 20 2 2 18 13 14 2 6 18.391610860824585 189.889252414252411 
2 26 12 5 3 2 10 9 1 11 1 6 15 12 9 6 32 13 18 6 8 2 24 5 17 23 12 3 2 1 16 31 2 4 16 1 10 15 2 14 12 7 5 32 3 1 1 4 6 6 5 18 23 13 9 9 12 16 17 1 23.1819619834423065 71.8404379413419889 
13 24 13 5 3 2 10 9 1 11 1 6 16 25 2.70999124060388841 6 32 13 18 6 8 2 24 5 17 23 12 3 2 1 16 31 2 4 16 1 10 15 2 14 12 7 5 32 3 1 1 4 6 6 5 18 23 13 9 9 12 16 17 1 23.079228013753891 72.6395629208629714 
12 26 4 5 3 2 10 9 1 11 1 6 15 22 2.70999124060388841 6 32 13 18 6 8 2 24 5 17 23 12 3 2 1 16 31 2 4 16 1 10 15 2 14 12 7 5 32 3 1 1 4 6 6 5 18 23 13 9 9 12 16 17 1 23.4582729041576385 71.0547062571763632 
16 26 9 5 3 2 10 9 1 11 1 6 4 17 4 6 32 13 18 6 8 2 24 5 17 23 12 3 2 1 16 31 2 4 16 1 10 15 2 14 12 7 5 32 3 1 1 4 6 6 5 18 23 13 9 9 12 16 17 1 23.2914219200611115 71.480253291141139 
9 1 5 5 3 2 10 9 1 11 1 6 1 14 9 6 32 13 18 6 8 2 24 5 17 23 12 3 2 1 16 31 2 4 16 1 10 15 2 14 12 7 5 32 3 1 1 4 6 6 5 18 23 13 9 9 12 16 17 1 23.3349529802799225 71.2203704226397036 
12 12 8 5 3 2 10 9 1 11 1 6 4 14 10 6 32 13 18 6 8 2 24 5 1 30 13 3 2 1 16 31 2 4 16 1 10 15 2 14 12 7 5 32 3 1 1 4 6 6 5 13 1 8 9 9 12 16 17 1 21.3983529508113861 94.0264649753653146 
1 24 10 5 3 2 10 9 1 11 1 6 13 26 7 6 32 13 14 20 5 2 24 5 17 23 12 3 2 1 16 31 2 4 16 1 10 15 2 14 12 7 5 32 3 1 1 4 6 6 5 17 11 4 9 9 12 16 17 1 20.522750049829483 102.864668682787098 
14 25 2 5 3 2 10 9 1 11 1 6 12 24 4 6 32 13 18 6 8 2 24 5 17 23 12 3 2 1 16 31 2 4 16 1 10 15 2 14 12 7 5 32 3 1 1 4 6 6 5 14 1 13 9 9 12 16 17 1 21.2431420385837555 96.9949265152303042 
18 8 1 5 3 2 10 9 1 11 1 6 15 27 10 6 32 13 18 6 8 2 24 5 17 23 12 3 2 1 16 31 2 4 16 1 10 15 2 14 12 7 5 32 3 1 1 4 6 6 5 12 26 13 9 9 12 16 17 1 24.70980504155159 63.8388075849940435 
18 8 1 5 3 2 10 9 1 11 1 6 1 25 9 6 32 13 18 6 8 2 24 5 17 23 12 3 2 1 16 31 2 4 16 1 10 15 2 14 12 7 5 32 3 1 1 4 6 6 5 18 23 13 9 9 12 16 17 1 24.4168979823589325 64.9465008875015855 
2 30 10 17 17 3 13 1 2 1 25 3 15 24 2.70999124060388841 6 32 1 13 26 2 9.25570237641795579 20 5 17 20 8 4 12 10 14 28 6 2 26 2 3 13 13 1 8.22565314501180467 2 14 26 4 1 1 4 15 9 2 16 14 11 1 26 1 13 2 11 17.8087865710258484 221.132866848363591 
18 8 1 5 3 2 10 9 1 11 1 6 15 27 10 6 32 13 18 6 8 2 24 5 17 23 12 3 2 1 16 31 2 4 16 1 10 15 2 14 12 7 5 32 3 1 1 4 6 6 5 3.36768017929769181 30 11 9 9 12 16 17 1 24.5816821157932281 64.7504106926334941 
6 30 3 15 3 2 9 13 11 13 32 3 12 23 9 16 5 8 15 9 6 15 19 4 17 15 3 3 18 1 12 24 8 13 16 13 6 22 2 1 20 12 14 33 2 8 6 11 1 5.34074699537910114 4 9 1 1 6 19 9 17 6 9 19.2800458669662476 171.221223710929564 
3.36768017929769181 12 6 5 3 2 10 9 1 11 1 6 14 3 12 6 32 13 18 6 8 2 24 5 17 23 12 3 2 1 16 31 2 4 16 1 10 15 2 14 12 7 5 32 3 1 1 4 6 6 5 6 32 5 9 9 12 16 17 1 21.6906430423259735 90.0525697663258313 
2 32 12 6 9 1 16 30 9 9 28 5 13 1 9 3.36768017929769181 31 7 16 1 11 14 30 6 18 25 4 2 9 6.96245171630185755 4 30 2 4.94126535182462057 24 3 13 6 5 14 30 7 6 1 2 15 6 1 12 24 11 15 17 7 2 19 9.82524131762891173 1 3 1 17.6743728518486023 227.052966826952627 
18 8 1 16 2 2 10 9 1 11 1 6 15 27 10 6 32 13 18 6 8 2 24 5 17 23 12 3 2 1 16 31 2 4 16 1 10 15 2 14 12 7 5 32 3 1 1 4 6 6 5 18 23 13 9 9 12 16 17 1 25.6049160659313202 62.5674378175541364 
6 32 2 14 20 6 1 19 2 6 20 12 2 32 9 8 18 2 4 5.34074699537910114 8 13 17 6.96245171630185755 4 18 6 15 9 3.84646942076222631 3 25 2 14 6 7 16 30 8 16 26 4 14 31 11 10 22 7 13.2195649013323386 2 9 14 13 3 1 14 1 2 15 9 17.6734909415245056 230.220113155326032 
17 30 9 5 3 2 10 9 1 11 1 6 4 20 5 6 32 13 18 6 8 2 24 5 17 23 12 3 2 1 16 31 2 4 16 1 10 15 2 14 12 7 5 32 3 1 1 4 6 6 5 18 23 13 9 9 12 16 17 1 22.8094249665737152 74.6694178793326415 
18 8 1 5 3 2 10 9 1 11 1 6 14 20 9 6 32 13 18 6 8 2 24 5 17 23 12 3 2 1 16 31 2 4 16 1 10 15 2 14 12 7 5 32 3 1 1 4 6 6 5 18 23 13 9 9 12 16 17 1 24.1687360107898712 66.196303553495639 
3 31 12 14 24 7 18 32 5 15 20 9 9 12 13 17 26 11 12 22 7 1 24 12 2 1 9 1 30 11 12 25 10 15 23 12 10 28 6 15 26 9 17 9 1 3 20 1 14 6 13 2 2 9 14 23 10 4 30 8 19.1057179570198059 180.593721921353506 
3.36768017929769181 26 8 5 3 2 10 9 1 11 1 6 14 20 11 6 32 13 18 6 8 2 24 5 17 23 12 3 2 1 16 31 2 4 16 1 10 15 2 14 12 7 5 32 3 1 1 4 6 6 5 18 23 13 9 9 12 16 17 1 23.0426680147647858 74.5362961149648982 
18 8 1 3 12 7 10 9 1 11 1 6 14 3 10 6 32 13 18 6 8 2 24 5 17 23 12 3 2 1 16 31 2 4 16 1 10 15 2 14 12 7 5 32 3 1 1 4 6 6 5 18 23 13 9 9 12 16 17 1 23.8015670478343964 67.6048845065004258 
3.36768017929769181 2 10 14 24 6 10 16 2 8 9 5 14 22 9 4 9 11 15 6 11 9 26 4 14 2 7 12 31 1 15 32 5 16 15 1 16 32 5 6 19 4 14 16.1354543567662532 4 16 26 2 12 31 3.84646942076222631 5 24 2 2 12 12 9 32 9 18.4863409996032715 182.414401600097676 
17 5.34074699537910114 9 5 3 2 10 9 1 11 1 6 3 17 12 6 32 13 4 19 10 2 24 5 17 23 12 3 2 1 16 31 2 4 16 1 10 15 2 14 12 7 5 32 3 1 1 4 6 6 5 14 26 9 9 9 12 16 17 1 21.1906000971794128 99.1462411865183668 
18 8 1 5 3 2 10 9 1 11 1 6 6 32 9 1 20 6 18 6 8 2 24 5 17 23 12 3 2 1 16 31 2 4 16 1 10 15 2 14 12 7 5 32 3 1 1 4 6 6 5 18 23 13 9 9 12 16 17 1 24.3551110327243805 64.947846359571983 
12 5.34074699537910114 4 5 3 2 10 9 1 11 1 6 14 26 12 6 32 13 18 6 8 2 24 5 17 23 12 3 2 1 16 31 2 4 16 1 10 15 2 14 12 7 5 32 3 1 1 4 6 6 5 4 26 6 9 9 12 16 17 1 21.7108190953731537 82.6459437450734953 
4 20 7 5 3 2 10 9 1 11 1 6 15 5 9 6 32 13 18 6 8 2 24 5 17 23 12 3 2 1 16 31 2 4 16 1 10 15 2 14 12 7 5 32 3 1 1 4 6 6 5 18 23 13 9 9 12 16 17 1 23.0525969564914703 72.7741286276469594 
15 32 2.70999124060388841 6 24 4 1 1 7 9.25570237641795579 9 13 4 22 3 17 17 13 3 24 8 9 6 2 16 26 4 6 28 10 4 32 6 3 32 9 14 30 6 6 13 5 1 23 8 11 20 3 4.94126535182462057 26 1 16 24 3 14 32 4 4 26 12 18.1814937889575958 192.084726384726395 
16 19 2 4 26 2.70999124060388841 10 9 1 11 1 6 15 27 10 6 32 13 18 6 8 2 24 5 17 23 12 3 2 1 16 31 2 4 16 1 10 15 2 14 12 7 5 32 3 1 1 4 6 6 5 18 23 13 9 9 12 16 17 1 24.1237619817256927 67.3262495059139212 
18 8 1 5 3 2 10 9 1 11 1 6 3.36768017929769181 14 6 6 32 13 18 6 8 2 24 5 17 23 12 3 2 1 16 31 2 4 16 1 10 15 2 14 12 7 5 32 3 1 1 4 6 6 5 3 30 8 9 9 12 16 17 1 23.5155059993267059 70.4396082558930487 
18 8 1 5 3 2 10 9 1 11 1 6 1 13 5 6 32 13 18 6 8 2 24 5 17 23 12 3 2 1 16 31 2 4 16 1 10 15 2 14 12 7 5 32 3 1 1 4 6 6 5 4 18 13 9 9 12 16 17 1 23.5426510870456696 69.96240505342098 

Current Evaluation = 60000000(60000000)
Front Size = 39
9 24 1 5 3 2 10 9 1 11 1 6 1 5.34074699537910114 9 6 32 13 18 6 8 2 24 5 17 23 12 3 2 1 16 31 2 4 16 1 10 15 2 14 12 7 5 32 3 1 1 4 6 6 5 12 16.1354543567662532 13 9 9 12 16 17 1 22.402131050825119 76.2732038437930981 
18 8 1 5 3 2 10 9 1 11 1 6 15 27 10 6 32 13 18 6 8 2 24 5 17 23 12 3 2 1 16 31 2 4 16 1 10 15 2 14 12 7 5 32 3 1 1 4 6 6 5 18 23 13 9 9 12 16 17 1 26.015714019536972 62.3384557496742033 
13 12 2.70999124060388841 9.25570237641795579 30 3.84646942076222631 2 5 7 15 6 8 6 32 7 5 16 9.82524131762891173 4 9 8 14 1 7 3 20 10 12 20 10 17 2 6 16 3 4 13 30 6 14 12 13.151007650947605 15 31 7.75241283629571765 5 26 6 13 17 1.44943743604301667 12 32 7 9 30 5 15 32 5 17.6175916790962219 232.880216294519698 
14 26 9 13 30 13 10 9 1 11 1 6 13 24 9 6 32 13 18 6 8 2 24 5 17 23 12 3 2 1 16 31 2 4 16 1 10 15 2 14 12 7 5 32 3 1 1 4 6 6 5 16 24 9 9 9 12 16 17 1 20.1254981160163879 117.987253658540638 
15 6 11 5 3 2 10 9 1 11 1 6 4 14 4 6 32 13 18 6 8 2 24 5 17 23 12 3 2 1 16 31 2 4 16 1 10 15 2 14 12 7 5 32 3 1 1 4 6 6 5 18 23 13 9 9 12 16 17 1 23.1913529932498932 71.5046094830277923 
6 26 5 5 3 2 10 9 1 11 1 6 15 25 4 6 32 13 18 6 8 2 24 5 17 23 12 3 2 1 16 31 2 4 16 1 10 15 2 14 12 7 5 32 3 1 1 4 6 6 5 13 5.34074699537910114 9 9 9 12 16 17 1 21.4990920126438141 92.8768689874847553 
1 28 11 4 25 2 5 12 9 2 24 10 12 26 5 15 3 13 14 9 9 14 33 13 14 16 3 4 19 5 3 2 3 6 32 10 17 15 2 4 30 7 15 6 9 12 32 8 17 24 1 13 20 2 2 18 13 14 2 6 18.391610860824585 189.889252414252411 
2 26 12 5 3 2 10 9 1 11 1 6 15 12 9 6 32 13 18 6 8 2 24 5 17 23 12 3 2 1 16 31 2 4 16 1 10 15 2 14 12 7 5 32 3 1 1 4 6 6 5 18 23 13 9 9 12 16 17 1 23.1819619834423065 71.8404379413419889 
13 24 13 5 3 2 10 9 1 11 1 6 16 25 2.70999124060388841 6 32 13 18 6 8 2 24 5 17 23 12 3 2 1 16 31 2 4 16 1 10 15 2 14 12 7 5 32 3 1 1 4 6 6 5 18 23 13 9 9 12 16 17 1 23.079228013753891 72.6395629208629714 
12 12 8 5 3 2 10 9 1 11 1 6 4 14 10 6 32 13 18 6 8 2 24 5 1 30 13 3 2 1 16 31 2 4 16 1 10 15 2 14 12 7 5 32 3 1 1 4 6 6 5 13 1 8 9 9 12 16 17 1 21.3983529508113861 94.0264649753653146 
1 24 10 5 3 2 10 9 1 11 1 6 13 26 7 6 32 13 14 20 5 2 24 5 17 23 12 3 2 1 16 31 2 4 16 1 10 15 2 14 12 7 5 32 3 1 1 4 6 6 5 17 11 4 9 9 12 16 17 1 20.522750049829483 102.864668682787098 
14 25 2 5 3 2 10 9 1 11 1 6 12 24 4 6 32 13 18 6 8 2 24 5 17 23 12 3 2 1 16 31 2 4 16 1 10 15 2 14 12 7 5 32 3 1 1 4 6 6 5 14 1 13 9 9 12 16 17 1 21.2431420385837555 96.9949265152303042 
18 8 1 5 3 2 10 9 1 11 1 6 15 27 10 6 32 13 18 6 8 2 24 5 17 23 12 3 2 1 16 31 2 4 16 1 10 15 2 14 12 7 5 32 3 1 1 4 6 6 5 12 26 13 9 9 12 16 17 1 24.70980504155159 63.8388075849940435 
18 8 1 5 3 2 10 9 1 11 1 6 1 25 9 6 32 13 18 6 8 2 24 5 17 23 12 3 2 1 16 31 2 4 16 1 10 15 2 14 12 7 5 32 3 1 1 4 6 6 5 18 23 13 9 9 12 16 17 1 24.4168979823589325 64.9465008875015855 
2 30 10 17 17 3 13 1 2 1 25 3 15 24 2.70999124060388841 6 32 1 13 26 2 9.25570237641795579 20 5 17 20 8 4 12 10 14 28 6 2 26 2 3 13 13 1 8.22565314501180467 2 14 26 4 1 1 4 15 9 2 16 14 11 1 26 1 13 2 11 17.8087865710258484 221.132866848363591 
18 8 1 5 3 2 10 9 1 11 1 6 15 27 10 6 32 13 18 6 8 2 24 5 17 23 12 3 2 1 16 31 2 4 16 1 10 15 2 14 12 7 5 32 3 1 1 4 6 6 5 3.36768017929769181 30 11 9 9 12 16 17 1 24.5816821157932281 64.7504106926334941 
6 30 3 15 3 2 9 13 11 13 32 3 12 23 9 16 5 8 15 9 6 15 19 4 17 15 3 3 18 1 12 24 8 13 16 13 6 22 2 1 20 12 14 33 2 8 6 11 1 5.34074699537910114 4 9 1 1 6 19 9 17 6 9 19.2800458669662476 171.221223710929564 
3.36768017929769181 12 6 5 3 2 10 9 1 11 1 6 14 3 12 6 32 13 18 6 8 2 24 5 17 23 12 3 2 1 16 31 2 4 16 1 10 15 2 14 12 7 5 32 3 1 1 4 6 6 5 6 32 5 9 9 12 16 17 1 21.6906430423259735 90.0525697663258313 
2 32 12 6 9 1 16 30 9 9 28 5 13 1 9 3.36768017929769181 31 7 16 1 11 14 30 6 18 25 4 2 9 6.96245171630185755 4 30 2 4.94126535182462057 24 3 13 6 5 14 30 7 6 1 2 15 6 1 12 24 11 15 17 7 2 19 9.82524131762891173 1 3 1 17.6743728518486023 227.052966826952627 
18 8 1 16 2 2 10 9 1 11 1 6 15 27 10 6 32 13 18 6 8 2 24 5 17 23 12 3 2 1 16 31 2 4 16 1 10 15 2 14 12 7 5 32 3 1 1 4 6 6 5 18 23 13 9 9 12 16 17 1 25.6049160659313202 62.5674378175541364 
6 32 2 14 20 6 1 19 2 6 20 12 2 32 9 8 18 2 4 5.34074699537910114 8 13 17 6.96245171630185755 4 18 6 15 9 3.84646942076222631 3 25 2 14 6 7 16 30 8 16 26 4 14 31 11 10 22 7 13.2195649013323386 2 9 14 13 3 1 14 1 2 15 9 17.6734909415245056 230.220113155326032 
17 30 9 5 3 2 10 9 1 11 1 6 4 20 5 6 32 13 18 6 8 2 24 5 17 23 12 3 2 1 16 31 2 4 16 1 10 15 2 14 12 7 5 32 3 1 1 4 6 6 5 18 23 13 9 9 12 16 17 1 22.8094249665737152 74.6694178793326415 
18 8 1 5 3 2 10 9 1 11 1 6 14 20 9 6 32 13 18 6 8 2 24 5 17 23 12 3 2 1 16 31 2 4 16 1 10 15 2 14 12 7 5 32 3 1 1 4 6 6 5 18 23 13 9 9 12 16 17 1 24.1687360107898712 66.196303553495639 
3 31 12 14 24 7 18 32 5 15 20 9 9 12 13 17 26 11 12 22 7 1 24 12 2 1 9 1 30 11 12 25 10 15 23 12 10 28 6 15 26 9 17 9 1 3 20 1 14 6 13 2 2 9 14 23 10 4 30 8 19.1057179570198059 180.593721921353506 
3.36768017929769181 26 8 5 3 2 10 9 1 11 1 6 14 20 11 6 32 13 18 6 8 2 24 5 17 23 12 3 2 1 16 31 2 4 16 1 10 15 2 14 12 7 5 32 3 1 1 4 6 6 5 18 23 13 9 9 12 16 17 1 23.0426680147647858 74.5362961149648982 
18 8 1 3 12 7 10 9 1 11 1 6 14 3 10 6 32 13 18 6 8 2 24 5 17 23 12 3 2 1 16 31 2 4 16 1 10 15 2 14 12 7 5 32 3 1 1 4 6 6 5 18 23 13 9 9 12 16 17 1 23.8015670478343964 67.6048845065004258 
3.36768017929769181 2 10 14 24 6 10 16 2 8 9 5 14 22 9 4 9 11 15 6 11 9 26 4 14 2 7 12 31 1 15 32 5 16 15 1 16 32 5 6 19 4 14 16.1354543567662532 4 16 26 2 12 31 3.84646942076222631 5 24 2 2 12 12 9 32 9 18.4863409996032715 182.414401600097676 
17 5.34074699537910114 9 5 3 2 10 9 1 11 1 6 3 17 12 6 32 13 4 19 10 2 24 5 17 23 12 3 2 1 16 31 2 4 16 1 10 15 2 14 12 7 5 32 3 1 1 4 6 6 5 14 26 9 9 9 12 16 17 1 21.1906000971794128 99.1462411865183668 
18 8 1 5 3 2 10 9 1 11 1 6 6 32 9 1 20 6 18 6 8 2 24 5 17 23 12 3 2 1 16 31 2 4 16 1 10 15 2 14 12 7 5 32 3 1 1 4 6 6 5 18 23 13 9 9 12 16 17 1 24.3551110327243805 64.947846359571983 
12 5.34074699537910114 4 5 3 2 10 9 1 11 1 6 14 26 12 6 32 13 18 6 8 2 24 5 17 23 12 3 2 1 16 31 2 4 16 1 10 15 2 14 12 7 5 32 3 1 1 4 6 6 5 4 26 6 9 9 12 16 17 1 21.7108190953731537 82.6459437450734953 
4 20 7 5 3 2 10 9 1 11 1 6 15 5 9 6 32 13 18 6 8 2 24 5 17 23 12 3 2 1 16 31 2 4 16 1 10 15 2 14 12 7 5 32 3 1 1 4 6 6 5 18 23 13 9 9 12 16 17 1 23.0525969564914703 72.7741286276469594 
15 32 2.70999124060388841 6 24 4 1 1 7 9.25570237641795579 9 13 4 22 3 17 17 13 3 24 8 9 6 2 16 26 4 6 28 10 4 32 6 3 32 9 14 30 6 6 13 5 1 23 8 11 20 3 4.94126535182462057 26 1 16 24 3 14 32 4 4 26 12 18.1814937889575958 192.084726384726395 
16 19 2 4 26 2.70999124060388841 10 9 1 11 1 6 15 27 10 6 32 13 18 6 8 2 24 5 17 23 12 3 2 1 16 31 2 4 16 1 10 15 2 14 12 7 5 32 3 1 1 4 6 6 5 18 23 13 9 9 12 16 17 1 24.1237619817256927 67.3262495059139212 
18 8 1 5 3 2 10 9 1 11 1 6 1 13 5 6 32 13 18 6 8 2 24 5 17 23 12 3 2 1 16 31 2 4 16 1 10 15 2 14 12 7 5 32 3 1 1 4 6 6 5 4 18 13 9 9 12 16 17 1 23.5426510870456696 69.96240505342098 
4 24 5 12 25 12 16 2 2 15 11 1 3.36768017929769181 6 6.96245171630185755 12 20 7 1 32 1 15 24 12 9 19 9 4.94126535182462057 1 9 17 11 8 3 2 1 14 32 3 18 25 2 1 14 4 2 6 9.82524131762891173 17.8244721320812971 30 11 11 24 13 10.3494946964094545 1 4 13 22 5 19.8554620146751404 161.236846775699519 
3.36768017929769181 19 9 5 3 2 10 9 1 11 1 6 14 11 5 6 32 13 18 6 8 2 24 5 17 23 12 3 2 1 16 31 2 4 16 1 10 15 2 14 12 7 5 32 3 1 1 4 6 6 5 18 23 13 9 9 12 16 17 1 23.4386859834194183 70.3404835082870221 
15 26 13 5 3 2 10 9 1 11 1 6 1 20 4 6 32 13 18 6 8 2 24 5 17 23 12 3 2 1 16 31 2 4 16 1 10 15 2 14 12 7 5 32 3 1 1 4 6 6 5 18 23 13 10 18 11 16 17 1 23.261707991361618 70.8621115291898604 
4 19 7 5 3 2 10 9 1 11 1 6 15 11 9 6 32 13 18 6 8 2 24 5 17 23 12 3 2 1 16 31 2 4 16 1 10 15 2 14 12 7 5 32 3 1 1 4 6 6 5 18 23 13 9 9 12 16 17 1 23.553461879491806 68.611673520965681 
3.36768017929769181 14 6 5 3 2 10 9 1 11 1 6 14 20 4 6 32 13 18 6 8 2 24 5 17 23 12 3 2 1 16 31 2 4 16 1 10 15 2 14 12 7 5 32 3 1 1 4 6 6 5 6 24 6 9 9 12 16 17 1 21.6069150567054749 92.3322740984505685 

Current Evaluation = 70000000(70000000)
Front Size = 40
9 24 1 5 3 2 10 9 1 11 1 6 1 5.34074699537910114 9 6 32 13 18 6 8 2 24 5 17 23 12 3 2 1 16 31 2 4 16 1 10 15 2 14 12 7 5 32 3 1 1 4 6 6 5 12 16.1354543567662532 13 9 9 12 16 17 1 22.402131050825119 76.2732038437930981 
13 12 2.70999124060388841 9.25570237641795579 30 3.84646942076222631 2 5 7 15 6 8 6 32 7 5 16 9.82524131762891173 4 9 8 14 1 7 3 20 10 12 20 10 17 2 6 16 3 4 13 30 6 14 12 13.151007650947605 15 31 7.75241283629571765 5 26 6 13 17 1.44943743604301667 12 32 7 9 30 5 15 32 5 17.6175916790962219 232.880216294519698 
14 26 9 13 30 13 10 9 1 11 1 6 13 24 9 6 32 13 18 6 8 2 24 5 17 23 12 3 2 1 16 31 2 4 16 1 10 15 2 14 12 7 5 32 3 1 1 4 6 6 5 16 24 9 9 9 12 16 17 1 20.1254981160163879 117.987253658540638 
15 6 11 5 3 2 10 9 1 11 1 6 4 14 4 6 32 13 18 6 8 2 24 5 17 23 12 3 2 1 16 31 2 4 16 1 10 15 2 14 12 7 5 32 3 1 1 4 6 6 5 18 23 13 9 9 12 16 17 1 23.1913529932498932 71.5046094830277923 
2 26 12 5 3 2 10 9 1 11 1 6 15 12 9 6 32 13 18 6 8 2 24 5 17 23 12 3 2 1 16 31 2 4 16 1 10 15 2 14 12 7 5 32 3 1 1 4 6 6 5 18 23 13 9 9 12 16 17 1 23.1819619834423065 71.8404379413419889 
13 24 13 5 3 2 10 9 1 11 1 6 16 25 2.70999124060388841 6 32 13 18 6 8 2 24 5 17 23 12 3 2 1 16 31 2 4 16 1 10 15 2 14 12 7 5 32 3 1 1 4 6 6 5 18 23 13 9 9 12 16 17 1 23.079228013753891 72.6395629208629714 
12 12 8 5 3 2 10 9 1 11 1 6 4 14 10 6 32 13 18 6 8 2 24 5 1 30 13 3 2 1 16 31 2 4 16 1 10 15 2 14 12 7 5 32 3 1 1 4 6 6 5 13 1 8 9 9 12 16 17 1 21.3983529508113861 94.0264649753653146 
1 24 10 5 3 2 10 9 1 11 1 6 13 26 7 6 32 13 14 20 5 2 24 5 17 23 12 3 2 1 16 31 2 4 16 1 10 15 2 14 12 7 5 32 3 1 1 4 6 6 5 17 11 4 9 9 12 16 17 1 20.522750049829483 102.864668682787098 
14 25 2 5 3 2 10 9 1 11 1 6 12 24 4 6 32 13 18 6 8 2 24 5 17 23 12 3 2 1 16 31 2 4 16 1 10 15 2 14 12 7 5 32 3 1 1 4 6 6 5 14 1 13 9 9 12 16 17 1 21.2431420385837555 96.9949265152303042 
2 30 10 17 17 3 13 1 2 1 25 3 15 24 2.70999124060388841 6 32 1 13 26 2 9.25570237641795579 20 5 17 20 8 4 12 10 14 28 6 2 26 2 3 13 13 1 8.22565314501180467 2 14 26 4 1 1 4 15 9 2 16 14 11 1 26 1 13 2 11 17.8087865710258484 221.132866848363591 
6 30 3 15 3 2 9 13 11 13 32 3 12 23 9 16 5 8 15 9 6 15 19 4 17 15 3 3 18 1 12 24 8 13 16 13 6 22 2 1 20 12 14 33 2 8 6 11 1 5.34074699537910114 4 9 1 1 6 19 9 17 6 9 19.2800458669662476 171.221223710929564 
2 32 12 6 9 1 16 30 9 9 28 5 13 1 9 3.36768017929769181 31 7 16 1 11 14 30 6 18 25 4 2 9 6.96245171630185755 4 30 2 4.94126535182462057 24 3 13 6 5 14 30 7 6 1 2 15 6 1 12 24 11 15 17 7 2 19 9.82524131762891173 1 3 1 17.6743728518486023 227.052966826952627 
6 32 2 14 20 6 1 19 2 6 20 12 2 32 9 8 18 2 4 5.34074699537910114 8 13 17 6.96245171630185755 4 18 6 15 9 3.84646942076222631 3 25 2 14 6 7 16 30 8 16 26 4 14 31 11 10 22 7 13.2195649013323386 2 9 14 13 3 1 14 1 2 15 9 17.6734909415245056 230.220113155326032 
17 30 9 5 3 2 10 9 1 11 1 6 4 20 5 6 32 13 18 6 8 2 24 5 17 23 12 3 2 1 16 31 2 4 16 1 10 15 2 14 12 7 5 32 3 1 1 4 6 6 5 18 23 13 9 9 12 16 17 1 22.8094249665737152 74.6694178793326415 
3 31 12 14 24 7 18 32 5 15 20 9 9 12 13 17 26 11 12 22 7 1 24 12 2 1 9 1 30 11 12 25 10 15 23 12 10 28 6 15 26 9 17 9 1 3 20 1 14 6 13 2 2 9 14 23 10 4 30 8 19.1057179570198059 180.593721921353506 
3.36768017929769181 26 8 5 3 2 10 9 1 11 1 6 14 20 11 6 32 13 18 6 8 2 24 5 17 23 12 3 2 1 16 31 2 4 16 1 10 15 2 14 12 7 5 32 3 1 1 4 6 6 5 18 23 13 9 9 12 16 17 1 23.0426680147647858 74.5362961149648982 
3.36768017929769181 2 10 14 24 6 10 16 2 8 9 5 14 22 9 4 9 11 15 6 11 9 26 4 14 2 7 12 31 1 15 32 5 16 15 1 16 32 5 6 19 4 14 16.1354543567662532 4 16 26 2 12 31 3.84646942076222631 5 24 2 2 12 12 9 32 9 18.4863409996032715 182.414401600097676 
17 5.34074699537910114 9 5 3 2 10 9 1 11 1 6 3 17 12 6 32 13 4 19 10 2 24 5 17 23 12 3 2 1 16 31 2 4 16 1 10 15 2 14 12 7 5 32 3 1 1 4 6 6 5 14 26 9 9 9 12 16 17 1 21.1906000971794128 99.1462411865183668 
12 5.34074699537910114 4 5 3 2 10 9 1 11 1 6 14 26 12 6 32 13 18 6 8 2 24 5 17 23 12 3 2 1 16 31 2 4 16 1 10 15 2 14 12 7 5 32 3 1 1 4 6 6 5 4 26 6 9 9 12 16 17 1 21.7108190953731537 82.6459437450734953 
4 20 7 5 3 2 10 9 1 11 1 6 15 5 9 6 32 13 18 6 8 2 24 5 17 23 12 3 2 1 16 31 2 4 16 1 10 15 2 14 12 7 5 32 3 1 1 4 6 6 5 18 23 13 9 9 12 16 17 1 23.0525969564914703 72.7741286276469594 
15 32 2.70999124060388841 6 24 4 1 1 7 9.25570237641795579 9 13 4 22 3 17 17 13 3 24 8 9 6 2 16 26 4 6 28 10 4 32 6 3 32 9 14 30 6 6 13 5 1 23 8 11 20 3 4.94126535182462057 26 1 16 24 3 14 32 4 4 26 12 18.1814937889575958 192.084726384726395 
4 24 5 12 25 12 16 2 2 15 11 1 3.36768017929769181 6 6.96245171630185755 12 20 7 1 32 1 15 24 12 9 19 9 4.94126535182462057 1 9 17 11 8 3 2 1 14 32 3 18 25 2 1 14 4 2 6 9.82524131762891173 17.8244721320812971 30 11 11 24 13 10.3494946964094545 1 4 13 22 5 19.8554620146751404 161.236846775699519 
15 26 13 5 3 2 10 9 1 11 1 6 1 20 4 6 32 13 18 6 8 2 24 5 17 23 12 3 2 1 16 31 2 4 16 1 10 15 2 14 12 7 5 32 3 1 1 4 6 6 5 18 23 13 10 18 11 16 17 1 23.261707991361618 70.8621115291898604 
6 1 7 4 8 9 16 6 13 15 25 10 3 20 9 14 32 9 4 18 2.70999124060388841 10 16 13 8 32 10 12 23 2 17 19 6 11 32 6.96245171630185755 4 16 7 13 22 3.84646942076222631 6 12 9.82524131762891173 16 30 9 13 24 5 14 15 11 17.8244721320812971 32 13 9 24 12 18.2246817350387573 189.590828452593144 
14 1 5 5 3 2 10 9 1 11 1 6 1 20 4 6 32 13 18 6 8 2 24 5 17 23 12 3 2 1 16 31 2 4 16 1 10 15 2 14 12 7 5 32 3 1 1 4 6 6 5 3 20 11 9 9 12 16 17 1 21.3268941342830658 95.5994564325252583 
13 32 10 5 3 2 10 9 1 3 32 4 1 5.34074699537910114 6.96245171630185755 6 32 13 18 6 8 2 24 5 17 23 12 3 2 1 16 31 2 4 16 1 10 15 2 14 12 7 5 32 3 1 1 4 6 6 5 12 30 3.84646942076222631 9 9 12 16 17 1 21.0114671289920807 99.3120084735789703 
3 30 7 5 3 2 10 9 1 11 1 6 14 15 9 6 32 13 18 6 8 2 24 5 17 23 12 3 2 1 16 31 2 4 16 1 10 15 2 14 12 7 5 32 3 1 1 4 6 6 5 3.36768017929769181 31 13 9 9 12 16 17 1 21.4030950367450714 88.8178112004504499 
18 8 1 16 2 2 10 9 1 11 1 6 15 27 10 6 32 13 18 6 8 2 24 5 17 23 12 3 2 1 16 31 2 4 16 1 10 15 2 14 12 7 5 32 3 1 1 4 6 6 5 3 30 11 9 9 12 16 17 1 24.1708841621875763 61.793046732254723 
18 8 1 16 2 2 10 9 1 11 1 6 14 25 7 6 32 13 18 6 8 2 24 5 17 23 12 3 2 1 16 31 2 4 16 1 10 15 2 14 12 7 5 32 3 1 1 4 15 22 10 18 23 13 9 9 12 16 17 1 24.4068849980831146 61.7921144784232581 
18 8 1 16 2 2 10 9 1 11 1 6 15 27 10 6 32 13 18 6 8 2 24 5 17 23 12 3 2 1 16 31 2 4 16 1 10 15 2 14 12 7 5 32 3 1 1 4 15 22 10 12 29 8 9 9 12 16 17 1 25.7866960465908051 58.8519648663973882 
18 8 1 16 2 2 10 9 1 11 1 6 15 27 10 6 32 13 18 6 8 2 24 5 17 23 12 3 2 1 16 31 2 4 16 1 10 15 2 14 12 7 5 32 3 1 1 4 15 22 10 18 23 13 9 9 12 16 17 1 26.1370520293712616 57.2513594538306378 
4 24 3 16 2 2 10 9 1 11 1 6 2 22 9 6 32 13 18 6 8 2 24 5 17 23 12 3 2 1 16 31 2 4 16 1 10 15 2 14 12 7 5 32 3 1 1 4 15 22 10 18 23 13 9 9 12 16 17 1 23.6314278542995453 66.5188089519526642 
18 8 1 16 2 2 10 9 1 11 1 6 15 27 10 6 32 13 18 6 8 2 24 5 17 23 12 3 2 1 16 31 2 4 16 1 10 15 2 14 12 7 5 32 3 1 1 4 15 22 10 18 6 13 9 9 12 16 17 1 25.5719101130962372 59.5130344580575183 
18 8 1 16 2 2 10 9 1 11 1 6 15 12 4 6 32 13 18 6 8 2 24 5 17 23 12 3 2 1 16 31 2 4 16 1 10 15 2 14 12 7 5 32 3 1 1 4 15 22 10 12 26 8 9 9 12 16 17 1 23.3071230351924896 67.1247882517152306 
18 8 1 16 2 2 10 9 1 11 1 6 14 20 9 6 32 13 18 6 8 2 24 5 17 23 12 3 2 1 16 31 2 4 16 1 10 15 2 14 12 7 5 32 3 1 1 4 15 22 10 15 6 9 9 9 12 16 17 1 22.6680170595645905 75.0269371700715766 
18 8 1 16 2 2 10 9 1 11 1 6 15 25 7 6 32 13 18 6 8 2 24 5 17 23 12 3 2 1 16 31 2 4 16 1 10 15 2 14 12 7 5 32 3 1 1 4 15 22 10 18 23 13 9 9 12 16 17 1 24.6374569833278656 59.6367217193464541 
12 24 9 16 2 2 10 9 1 11 1 6 15 27 10 6 32 13 18 6 8 2 24 5 17 23 12 3 2 1 16 31 2 4 16 1 10 15 2 14 12 7 5 32 3 1 1 4 15 22 10 18 23 13 9 9 12 16 17 1 24.6108790338039398 61.2103297267361057 
12 26 7 16 2 2 14 30 5 11 1 6 14 20 3 6 32 13 18 6 8 2 24 5 17 23 12 3 2 1 16 31 2 4 16 1 10 15 2 14 12 7 5 32 3 1 1 4 15 22 10 18 23 13 9 9 12 16 17 1 21.8705420792102814 80.4104295427547555 
15 19 1 16 2 2 10 9 1 11 1 6 15 27 10 6 32 13 18 6 8 2 24 5 17 23 12 3 2 1 16 31 2 4 16 1 10 15 2 14 12 7 5 32 3 1 1 4 15 22 10 12 26 8 9 9 12 16 17 1 23.8032180964946747 64.4031891612190179 
18 8 1 16 2 2 10 9 1 11 1 6 1 20 9 6 32 13 18 6 8 2 24 5 17 23 12 3 2 1 16 31 2 4 16 1 10 15 2 14 12 7 5 32 3 1 1 4 15 22 10 18 23 13 9 9 12 16 17 1 24.4694490134716034 61.3738301099681607 

Current Evaluation = 80000000(80000000)
Front Size = 43
9 24 1 5 3 2 10 9 1 11 1 6 1 5.34074699537910114 9 6 32 13 18 6 8 2 24 5 17 23 12 3 2 1 16 31 2 4 16 1 10 15 2 14 12 7 5 32 3 1 1 4 6 6 5 12 16.1354543567662532 13 9 9 12 16 17 1 22.402131050825119 76.2732038437930981 
13 12 2.70999124060388841 9.25570237641795579 30 3.84646942076222631 2 5 7 15 6 8 6 32 7 5 16 9.82524131762891173 4 9 8 14 1 7 3 20 10 12 20 10 17 2 6 16 3 4 13 30 6 14 12 13.151007650947605 15 31 7.75241283629571765 5 26 6 13 17 1.44943743604301667 12 32 7 9 30 5 15 32 5 17.6175916790962219 232.880216294519698 
14 26 9 13 30 13 10 9 1 11 1 6 13 24 9 6 32 13 18 6 8 2 24 5 17 23 12 3 2 1 16 31 2 4 16 1 10 15 2 14 12 7 5 32 3 1 1 4 6 6 5 16 24 9 9 9 12 16 17 1 20.1254981160163879 117.987253658540638 
12 12 8 5 3 2 10 9 1 11 1 6 4 14 10 6 32 13 18 6 8 2 24 5 1 30 13 3 2 1 16 31 2 4 16 1 10 15 2 14 12 7 5 32 3 1 1 4 6 6 5 13 1 8 9 9 12 16 17 1 21.3983529508113861 94.0264649753653146 
1 24 10 5 3 2 10 9 1 11 1 6 13 26 7 6 32 13 14 20 5 2 24 5 17 23 12 3 2 1 16 31 2 4 16 1 10 15 2 14 12 7 5 32 3 1 1 4 6 6 5 17 11 4 9 9 12 16 17 1 20.522750049829483 102.864668682787098 
14 25 2 5 3 2 10 9 1 11 1 6 12 24 4 6 32 13 18 6 8 2 24 5 17 23 12 3 2 1 16 31 2 4 16 1 10 15 2 14 12 7 5 32 3 1 1 4 6 6 5 14 1 13 9 9 12 16 17 1 21.2431420385837555 96.9949265152303042 
2 30 10 17 17 3 13 1 2 1 25 3 15 24 2.70999124060388841 6 32 1 13 26 2 9.25570237641795579 20 5 17 20 8 4 12 10 14 28 6 2 26 2 3 13 13 1 8.22565314501180467 2 14 26 4 1 1 4 15 9 2 16 14 11 1 26 1 13 2 11 17.8087865710258484 221.132866848363591 
6 30 3 15 3 2 9 13 11 13 32 3 12 23 9 16 5 8 15 9 6 15 19 4 17 15 3 3 18 1 12 24 8 13 16 13 6 22 2 1 20 12 14 33 2 8 6 11 1 5.34074699537910114 4 9 1 1 6 19 9 17 6 9 19.2800458669662476 171.221223710929564 
2 32 12 6 9 1 16 30 9 9 28 5 13 1 9 3.36768017929769181 31 7 16 1 11 14 30 6 18 25 4 2 9 6.96245171630185755 4 30 2 4.94126535182462057 24 3 13 6 5 14 30 7 6 1 2 15 6 1 12 24 11 15 17 7 2 19 9.82524131762891173 1 3 1 17.6743728518486023 227.052966826952627 
6 32 2 14 20 6 1 19 2 6 20 12 2 32 9 8 18 2 4 5.34074699537910114 8 13 17 6.96245171630185755 4 18 6 15 9 3.84646942076222631 3 25 2 14 6 7 16 30 8 16 26 4 14 31 11 10 22 7 13.2195649013323386 2 9 14 13 3 1 14 1 2 15 9 17.6734909415245056 230.220113155326032 
3.36768017929769181 2 10 14 24 6 10 16 2 8 9 5 14 22 9 4 9 11 15 6 11 9 26 4 14 2 7 12 31 1 15 32 5 16 15 1 16 32 5 6 19 4 14 16.1354543567662532 4 16 26 2 12 31 3.84646942076222631 5 24 2 2 12 12 9 32 9 18.4863409996032715 182.414401600097676 
17 5.34074699537910114 9 5 3 2 10 9 1 11 1 6 3 17 12 6 32 13 4 19 10 2 24 5 17 23 12 3 2 1 16 31 2 4 16 1 10 15 2 14 12 7 5 32 3 1 1 4 6 6 5 14 26 9 9 9 12 16 17 1 21.1906000971794128 99.1462411865183668 
12 5.34074699537910114 4 5 3 2 10 9 1 11 1 6 14 26 12 6 32 13 18 6 8 2 24 5 17 23 12 3 2 1 16 31 2 4 16 1 10 15 2 14 12 7 5 32 3 1 1 4 6 6 5 4 26 6 9 9 12 16 17 1 21.7108190953731537 82.6459437450734953 
15 32 2.70999124060388841 6 24 4 1 1 7 9.25570237641795579 9 13 4 22 3 17 17 13 3 24 8 9 6 2 16 26 4 6 28 10 4 32 6 3 32 9 14 30 6 6 13 5 1 23 8 11 20 3 4.94126535182462057 26 1 16 24 3 14 32 4 4 26 12 18.1814937889575958 192.084726384726395 
6 1 7 4 8 9 16 6 13 15 25 10 3 20 9 14 32 9 4 18 2.70999124060388841 10 16 13 8 32 10 12 23 2 17 19 6 11 32 6.96245171630185755 4 16 7 13 22 3.84646942076222631 6 12 9.82524131762891173 16 30 9 13 24 5 14 15 11 17.8244721320812971 32 13 9 24 12 18.2246817350387573 189.590828452593144 
14 1 5 5 3 2 10 9 1 11 1 6 1 20 4 6 32 13 18 6 8 2 24 5 17 23 12 3 2 1 16 31 2 4 16 1 10 15 2 14 12 7 5 32 3 1 1 4 6 6 5 3 20 11 9 9 12 16 17 1 21.3268941342830658 95.5994564325252583 
13 32 10 5 3 2 10 9 1 3 32 4 1 5.34074699537910114 6.96245171630185755 6 32 13 18 6 8 2 24 5 17 23 12 3 2 1 16 31 2 4 16 1 10 15 2 14 12 7 5 32 3 1 1 4 6 6 5 12 30 3.84646942076222631 9 9 12 16 17 1 21.0114671289920807 99.3120084735789703 
3 30 7 5 3 2 10 9 1 11 1 6 14 15 9 6 32 13 18 6 8 2 24 5 17 23 12 3 2 1 16 31 2 4 16 1 10 15 2 14 12 7 5 32 3 1 1 4 6 6 5 3.36768017929769181 31 13 9 9 12 16 17 1 21.4030950367450714 88.8178112004504499 
18 8 1 16 2 2 10 9 1 11 1 6 15 27 10 6 32 13 18 6 8 2 24 5 17 23 12 3 2 1 16 31 2 4 16 1 10 15 2 14 12 7 5 32 3 1 1 4 6 6 5 3 30 11 9 9 12 16 17 1 24.1708841621875763 61.793046732254723 
18 8 1 16 2 2 10 9 1 11 1 6 14 20 9 6 32 13 18 6 8 2 24 5 17 23 12 3 2 1 16 31 2 4 16 1 10 15 2 14 12 7 5 32 3 1 1 4 15 22 10 15 6 9 9 9 12 16 17 1 22.6680170595645905 75.0269371700715766 
12 26 7 16 2 2 14 30 5 11 1 6 14 20 3 6 32 13 18 6 8 2 24 5 17 23 12 3 2 1 16 31 2 4 16 1 10 15 2 14 12 7 5 32 3 1 1 4 15 22 10 18 23 13 9 9 12 16 17 1 21.8705420792102814 80.4104295427547555 
15 12 11 1 20 3 17 30 4 16 9 9 4 15 10 3 5.34074699537910114 11 14 15 11 16 21 13 8 6 1 12 16.1354543567662532 4 14 22 3.84646942076222631 10 18 2 14 3 4 1 20 8 16 8 11 13 32 10 14 1 3 14 7 4 1 15 4 4 23 3 18.9679010510444641 175.623042454621412 
1 26 9 16 2 2 10 9 1 11 1 6 13 12 4 6 32 13 18 6 8 2 24 5 17 23 12 3 2 1 16 31 2 4 16 1 10 15 2 14 12 7 5 32 3 1 1 4 15 22 10 18 23 13 9 9 12 16 5 1 22.6954438984394073 73.0884664926574033 
4 20 10 16 2 2 10 9 1 11 1 6 14 15 9 6 32 13 18 6 8 2 24 5 17 23 12 3 2 1 16 31 2 4 16 1 10 15 2 14 12 7 5 32 3 1 1 4 15 22 10 18 23 13 9 9 12 16 17 1 22.8994069993495941 69.5529715368959955 
18 8 1 16 2 2 10 9 1 11 1 6 14 20 9 6 32 13 18 6 8 2 24 5 17 23 12 3 2 1 16 31 2 4 16 1 10 15 2 14 12 7 5 32 3 1 1 4 15 22 10 18 23 13 9 9 12 16 17 1 24.2900740206241608 60.2645252188306699 
13 24 7 16 2 2 10 9 1 11 1 6 14 20 11 6 32 13 18 6 8 2 24 5 17 23 12 3 2 1 16 31 2 4 16 1 10 15 2 14 12 7 5 32 3 1 1 4 15 22 10 18 23 13 9 9 12 16 17 1 22.8110520541667938 71.8356584788140253 
18 8 1 16 2 2 10 9 1 11 1 6 14 20 4 6 32 13 18 6 8 2 24 5 17 23 12 3 2 1 16 31 2 4 16 1 10 15 2 14 12 7 5 32 3 1 1 4 15 22 10 18 23 13 9 9 12 16 17 1 24.3180980086326599 59.6380507759214851 
3.36768017929769181 26 9 16 2 2 10 9 1 11 1 6 15 20 2 6 32 13 18 6 8 2 24 5 4 26 6 3 2 1 16 31 2 4 16 1 10 15 2 14 12 7 5 32 3 1 1 4 15 22 10 18 23 13 9 9 12 16 17 1 22.6904260218143463 74.1367921658941071 
4 22 6 16 2 2 10 9 1 11 1 6 14 20 10 6 32 13 18 6 8 2 24 5 17 23 12 3 2 1 16 31 2 4 16 1 10 15 2 14 12 7 5 32 3 1 1 4 15 22 10 18 23 13 9 9 12 16 17 1 23.3699229657649994 66.6714341893702169 
18 8 1 16 2 2 10 9 1 11 1 6 15 25 4 6 32 13 18 6 8 2 24 5 17 23 12 3 2 1 16 31 2 4 16 1 10 15 2 14 12 7 5 32 3 1 1 4 15 22 10 18 23 13 9 9 12 16 17 1 24.6174570024013519 59.1157795272801891 
15 14 7 16 24 2 1 20 1 6 1 5 4 14 13 12 23 7 3 30 13 5 32 5 15 24 9 2 2 2.70999124060388841 16 16 12 8 3 4 4 1 12 16 20 13 9 25 6 3 19 9 2 15 5 10 24 8 1 31 10 4 3 4 19.3464247584342957 157.154043179043185 
18 8 1 16 2 2 10 9 1 11 1 6 14 20 10 6 32 13 18 6 8 2 24 5 17 30 11 3 2 1 16 31 2 4 16 1 10 15 2 14 12 7 5 32 3 1 1 4 15 22 10 18 23 13 9 9 12 16 17 1 23.7781790792942047 62.389859200245823 
18 8 1 16 2 2 10 9 1 11 1 6 15 27 10 6 32 13 18 6 8 2 24 5 17 23 12 3 2 1 16 31 2 4 16 1 10 15 2 14 12 7 5 32 3 1 1 4 15 22 10 18 23 13 9 9 12 16 17 1 26.1370520293712616 57.241567817851795 
8 20 4 3.36768017929769181 32 3 14 30 7 1 26 11 4 16 12 9 17 12 6 25 1 1 31 5 18 3 3 13 26 4 15 1 4 15 25 4 16 1 8 13 16.1354543567662532 1 6 30 3 14 32 12 14 15 11 8 30 9 15 25 10 1 22 7 17.4600940942764282 233.995567209514093 
3 24 2.70999124060388841 9.25570237641795579 26 3 6 32 2 16 30 2 17 20 1 12 32 3.84646942076222631 8 19 8 2 16 9 4 8 8 2 31 1 1 12 9 10 25 4 13.2195649013323386 1 6 3 12 13 1 19 3 14 18 7 4 9 4 15 32 13 6 6 11 15 26 5 17.9973297119140625 205.233043207148029 
13 1 3 16 2 2 10 9 1 11 1 6 15 26 7 6 32 13 18 6 8 2 24 5 17 23 12 3 2 1 16 31 2 4 16 1 10 15 2 14 12 7 5 32 3 1 1 4 15 18 10 2 1 5 9 9 12 16 17 1 21.6270661056041718 85.726056847578576 
4 26 5 16 2 2 10 9 1 11 1 6 15 27 10 6 32 13 18 6 8 2 24 5 17 23 12 3 2 1 16 31 2 4 16 1 10 15 2 14 12 7 5 32 3 1 1 4 15 22 10 18 23 13 9 9 12 16 17 1 24.6773640215396881 58.8213655757386391 
18 29 13 16 2 2 10 9 1 11 1 6 15 27 10 6 32 13 18 6 8 2 24 5 17 23 12 3 2 1 16 31 2 4 16 1 10 15 2 14 12 7 5 32 3 1 1 4 15 22 10 4 26 11 9 9 12 16 17 1 25.1698941290378571 57.4066055407244988 
14 5 8 16 2 2 10 9 1 11 1 6 15 29 7 6 32 13 18 6 8 2 24 5 17 23 12 3 2 1 16 31 2 4 16 1 10 15 2 14 12 7 5 32 3 1 1 4 15 22 10 14 24 6 9 9 12 16 17 1 22.4618669450283051 75.0348491091464069 
18 8 1 16 2 2 10 9 1 11 1 6 14 14 9 6 32 13 18 6 8 2 24 5 17 23 12 3 2 1 16 31 2 4 16 1 10 15 2 14 12 7 5 32 3 1 1 4 15 22 10 3 6 8 9 9 12 16 17 1 23.1978470385074615 66.6946174501585887 
10 19 1 16 2 2 10 9 1 11 1 6 14 12 9 6 32 13 18 6 8 2 24 5 17 23 12 3 2 1 16 31 2 4 16 1 10 15 2 14 12 7 5 32 3 1 1 4 15 22 10 18 23 13 9 9 12 16 17 1 23.7278220653533936 65.2358158274602573 
15 20 7 3 25 11 3 5 4 12 30 11 14 31 10 3 14 6 1 30 4 1 20 12 6 20 10 13 6 11 4 24 2 12 18 7 17 5 4 9 24 9 12 9 4 17 8 12 13 2 12 3.36768017929769181 15 10 14 3 2 3 31 2 16.7198240160942078 265.540855377852267 
3.36768017929769181 25 6 16 2 2 10 9 1 11 1 6 14 14 6.96245171630185755 6 32 13 18 6 8 2 24 5 17 23 12 3 2 1 16 31 2 4 16 1 10 15 2 14 12 7 5 32 3 1 1 4 15 22 10 18 23 13 9 9 12 16 17 1 23.4241419732570648 65.5519195596250626 

Current Evaluation = 90000000(90000000)
Front Size = 51
9 24 1 5 3 2 10 9 1 11 1 6 1 5.34074699537910114 9 6 32 13 18 6 8 2 24 5 17 23 12 3 2 1 16 31 2 4 16 1 10 15 2 14 12 7 5 32 3 1 1 4 6 6 5 12 16.1354543567662532 13 9 9 12 16 17 1 22.402131050825119 76.2732038437930981 
14 26 9 13 30 13 10 9 1 11 1 6 13 24 9 6 32 13 18 6 8 2 24 5 17 23 12 3 2 1 16 31 2 4 16 1 10 15 2 14 12 7 5 32 3 1 1 4 6 6 5 16 24 9 9 9 12 16 17 1 20.1254981160163879 117.987253658540638 
1 24 10 5 3 2 10 9 1 11 1 6 13 26 7 6 32 13 14 20 5 2 24 5 17 23 12 3 2 1 16 31 2 4 16 1 10 15 2 14 12 7 5 32 3 1 1 4 6 6 5 17 11 4 9 9 12 16 17 1 20.522750049829483 102.864668682787098 
6 30 3 15 3 2 9 13 11 13 32 3 12 23 9 16 5 8 15 9 6 15 19 4 17 15 3 3 18 1 12 24 8 13 16 13 6 22 2 1 20 12 14 33 2 8 6 11 1 5.34074699537910114 4 9 1 1 6 19 9 17 6 9 19.2800458669662476 171.221223710929564 
2 32 12 6 9 1 16 30 9 9 28 5 13 1 9 3.36768017929769181 31 7 16 1 11 14 30 6 18 25 4 2 9 6.96245171630185755 4 30 2 4.94126535182462057 24 3 13 6 5 14 30 7 6 1 2 15 6 1 12 24 11 15 17 7 2 19 9.82524131762891173 1 3 1 17.6743728518486023 227.052966826952627 
3.36768017929769181 2 10 14 24 6 10 16 2 8 9 5 14 22 9 4 9 11 15 6 11 9 26 4 14 2 7 12 31 1 15 32 5 16 15 1 16 32 5 6 19 4 14 16.1354543567662532 4 16 26 2 12 31 3.84646942076222631 5 24 2 2 12 12 9 32 9 18.4863409996032715 182.414401600097676 
17 5.34074699537910114 9 5 3 2 10 9 1 11 1 6 3 17 12 6 32 13 4 19 10 2 24 5 17 23 12 3 2 1 16 31 2 4 16 1 10 15 2 14 12 7 5 32 3 1 1 4 6 6 5 14 26 9 9 9 12 16 17 1 21.1906000971794128 99.1462411865183668 
12 5.34074699537910114 4 5 3 2 10 9 1 11 1 6 14 26 12 6 32 13 18 6 8 2 24 5 17 23 12 3 2 1 16 31 2 4 16 1 10 15 2 14 12 7 5 32 3 1 1 4 6 6 5 4 26 6 9 9 12 16 17 1 21.7108190953731537 82.6459437450734953 
15 32 2.70999124060388841 6 24 4 1 1 7 9.25570237641795579 9 13 4 22 3 17 17 13 3 24 8 9 6 2 16 26 4 6 28 10 4 32 6 3 32 9 14 30 6 6 13 5 1 23 8 11 20 3 4.94126535182462057 26 1 16 24 3 14 32 4 4 26 12 18.1814937889575958 192.084726384726395 
6 1 7 4 8 9 16 6 13 15 25 10 3 20 9 14 32 9 4 18 2.70999124060388841 10 16 13 8 32 10 12 23 2 17 19 6 11 32 6.96245171630185755 4 16 7 13 22 3.84646942076222631 6 12 9.82524131762891173 16 30 9 13 24 5 14 15 11 17.8244721320812971 32 13 9 24 12 18.2246817350387573 189.590828452593144 
13 32 10 5 3 2 10 9 1 3 32 4 1 5.34074699537910114 6.96245171630185755 6 32 13 18 6 8 2 24 5 17 23 12 3 2 1 16 31 2 4 16 1 10 15 2 14 12 7 5 32 3 1 1 4 6 6 5 12 30 3.84646942076222631 9 9 12 16 17 1 21.0114671289920807 99.3120084735789703 
18 8 1 16 2 2 10 9 1 11 1 6 14 20 9 6 32 13 18 6 8 2 24 5 17 23 12 3 2 1 16 31 2 4 16 1 10 15 2 14 12 7 5 32 3 1 1 4 15 22 10 15 6 9 9 9 12 16 17 1 22.6680170595645905 75.0269371700715766 
12 26 7 16 2 2 14 30 5 11 1 6 14 20 3 6 32 13 18 6 8 2 24 5 17 23 12 3 2 1 16 31 2 4 16 1 10 15 2 14 12 7 5 32 3 1 1 4 15 22 10 18 23 13 9 9 12 16 17 1 21.8705420792102814 80.4104295427547555 
15 12 11 1 20 3 17 30 4 16 9 9 4 15 10 3 5.34074699537910114 11 14 15 11 16 21 13 8 6 1 12 16.1354543567662532 4 14 22 3.84646942076222631 10 18 2 14 3 4 1 20 8 16 8 11 13 32 10 14 1 3 14 7 4 1 15 4 4 23 3 18.9679010510444641 175.623042454621412 
1 26 9 16 2 2 10 9 1 11 1 6 13 12 4 6 32 13 18 6 8 2 24 5 17 23 12 3 2 1 16 31 2 4 16 1 10 15 2 14 12 7 5 32 3 1 1 4 15 22 10 18 23 13 9 9 12 16 5 1 22.6954438984394073 73.0884664926574033 
4 20 10 16 2 2 10 9 1 11 1 6 14 15 9 6 32 13 18 6 8 2 24 5 17 23 12 3 2 1 16 31 2 4 16 1 10 15 2 14 12 7 5 32 3 1 1 4 15 22 10 18 23 13 9 9 12 16 17 1 22.8994069993495941 69.5529715368959955 
18 8 1 16 2 2 10 9 1 11 1 6 14 20 9 6 32 13 18 6 8 2 24 5 17 23 12 3 2 1 16 31 2 4 16 1 10 15 2 14 12 7 5 32 3 1 1 4 15 22 10 18 23 13 9 9 12 16 17 1 24.2900740206241608 60.2645252188306699 
13 24 7 16 2 2 10 9 1 11 1 6 14 20 11 6 32 13 18 6 8 2 24 5 17 23 12 3 2 1 16 31 2 4 16 1 10 15 2 14 12 7 5 32 3 1 1 4 15 22 10 18 23 13 9 9 12 16 17 1 22.8110520541667938 71.8356584788140253 
18 8 1 16 2 2 10 9 1 11 1 6 14 20 4 6 32 13 18 6 8 2 24 5 17 23 12 3 2 1 16 31 2 4 16 1 10 15 2 14 12 7 5 32 3 1 1 4 15 22 10 18 23 13 9 9 12 16 17 1 24.3180980086326599 59.6380507759214851 
3.36768017929769181 26 9 16 2 2 10 9 1 11 1 6 15 20 2 6 32 13 18 6 8 2 24 5 4 26 6 3 2 1 16 31 2 4 16 1 10 15 2 14 12 7 5 32 3 1 1 4 15 22 10 18 23 13 9 9 12 16 17 1 22.6904260218143463 74.1367921658941071 
18 8 1 16 2 2 10 9 1 11 1 6 15 25 4 6 32 13 18 6 8 2 24 5 17 23 12 3 2 1 16 31 2 4 16 1 10 15 2 14 12 7 5 32 3 1 1 4 15 22 10 18 23 13 9 9 12 16 17 1 24.6174570024013519 59.1157795272801891 
15 14 7 16 24 2 1 20 1 6 1 5 4 14 13 12 23 7 3 30 13 5 32 5 15 24 9 2 2 2.70999124060388841 16 16 12 8 3 4 4 1 12 16 20 13 9 25 6 3 19 9 2 15 5 10 24 8 1 31 10 4 3 4 19.3464247584342957 157.154043179043185 
8 20 4 3.36768017929769181 32 3 14 30 7 1 26 11 4 16 12 9 17 12 6 25 1 1 31 5 18 3 3 13 26 4 15 1 4 15 25 4 16 1 8 13 16.1354543567662532 1 6 30 3 14 32 12 14 15 11 8 30 9 15 25 10 1 22 7 17.4600940942764282 233.995567209514093 
3 24 2.70999124060388841 9.25570237641795579 26 3 6 32 2 16 30 2 17 20 1 12 32 3.84646942076222631 8 19 8 2 16 9 4 8 8 2 31 1 1 12 9 10 25 4 13.2195649013323386 1 6 3 12 13 1 19 3 14 18 7 4 9 4 15 32 13 6 6 11 15 26 5 17.9973297119140625 205.233043207148029 
4 26 5 16 2 2 10 9 1 11 1 6 15 27 10 6 32 13 18 6 8 2 24 5 17 23 12 3 2 1 16 31 2 4 16 1 10 15 2 14 12 7 5 32 3 1 1 4 15 22 10 18 23 13 9 9 12 16 17 1 24.6773640215396881 58.8213655757386391 
14 5 8 16 2 2 10 9 1 11 1 6 15 29 7 6 32 13 18 6 8 2 24 5 17 23 12 3 2 1 16 31 2 4 16 1 10 15 2 14 12 7 5 32 3 1 1 4 15 22 10 14 24 6 9 9 12 16 17 1 22.4618669450283051 75.0348491091464069 
15 20 7 3 25 11 3 5 4 12 30 11 14 31 10 3 14 6 1 30 4 1 20 12 6 20 10 13 6 11 4 24 2 12 18 7 17 5 4 9 24 9 12 9 4 17 8 12 13 2 12 3.36768017929769181 15 10 14 3 2 3 31 2 16.7198240160942078 265.540855377852267 
12 26 7 16 2 2 10 9 1 11 1 6 15 27 10 6 32 13 18 6 8 2 24 5 17 23 12 3 2 1 16 31 2 4 16 1 10 15 2 14 12 7 5 32 3 1 1 4 15 22 10 11 31 13 9 9 12 16 17 1 23.9161470830440521 60.5105433547735174 
5 12 1 16 2 2 10 9 1 11 1 6 15 24 4 6 32 13 18 6 8 2 24 5 17 23 12 3 2 1 16 31 2 4 16 1 10 15 2 14 12 7 5 32 3 1 1 4 15 22 10 4 6 11 9 9 12 16 17 1 22.2559461891651154 78.311705983916724 
14 30 12 16 2 2 10 9 1 11 1 6 14 12 9 6 32 13 18 6 8 2 24 5 17 23 12 3 2 1 16 31 2 4 16 1 10 15 2 14 12 7 5 32 3 1 1 4 15 22 10 3 15 7 9 9 12 16 17 1 21.2153830528259277 83.1375050688241686 
3.36768017929769181 19 5 16 2 2 10 9 1 11 1 6 15 13 7 6 32 13 18 6 8 2 24 5 17 23 12 3 2 1 16 31 2 4 16 1 10 15 2 14 12 7 5 32 3 1 1 4 15 22 10 18 23 13 9 9 12 16 17 1 23.7552590072154999 61.3348249155936216 
4 24 5 16 2 2 10 9 1 11 1 6 15 5 10 6 32 13 18 6 8 2 24 5 17 23 12 3 2 1 16 31 2 4 16 1 10 15 2 14 12 7 5 32 3 1 1 4 15 22 10 18 23 13 9 9 12 16 17 1 23.3207540214061737 63.5300270342871869 
14 6 11 16 2 2 10 9 1 11 1 6 4 25 2 6 32 13 18 6 8 2 24 5 17 23 12 3 2 1 16 31 2 4 16 1 10 15 2 14 12 7 5 32 3 1 1 4 15 22 10 18 23 13 9 9 12 16 17 1 22.9780919253826141 64.5914143174348965 
3 5.34074699537910114 9 15 30 9 14 19 6 3 24 3 14 15 7 2 1 8 14 25 6.96245171630185755 14 26 6 6 2 7 16 22 3 4 16 1 15 25 11 3 6 11 16 32 5 2 31 3.84646942076222631 1 12 9 1 5 1 14 2 7 9 13 7 13 14 1 17.5054211020469666 230.099656337814224 
18 4 13 16 2 2 10 9 1 11 1 6 15 27 10 6 22 4 18 6 8 1 26 11 17 23 12 3 2 1 16 31 2 4 16 1 10 15 2 14 12 7 5 32 3 1 1 4 15 22 10 18 23 13 9 9 12 16 17 1 28.0188283026218414 52.7925705893833026 
18 4 13 16 2 2 10 9 1 11 1 6 15 27 10 6 22 4 18 6 8 2 24 5 17 23 12 3 2 1 16 31 2 4 16 1 10 15 2 14 12 7 5 32 3 1 1 4 15 22 10 4 24 13 9 9 12 16 17 1 26.7014873921871185 54.0201178001268687 
18 4 13 16 2 2 10 9 1 11 1 6 15 20 10 6 22 4 18 6 8 2 24 5 17 23 12 3 2 1 16 31 2 4 16 1 10 15 2 14 12 7 5 32 3 1 1 4 15 22 10 18 23 13 9 9 12 16 17 1 26.6043213307857513 55.0882601139815833 
18 4 13 16 2 2 10 9 1 11 1 6 14 5.34074699537910114 7 6 22 4 18 6 8 2 24 5 17 23 12 3 2 1 16 31 2 4 16 1 10 15 2 14 12 7 5 32 3 1 1 4 15 22 10 18 23 13 9 9 12 16 17 1 26.5214053094387054 55.4124605549768248 
2 6 12 3 14 3 15 14 7 13 31 7 17 6 12 4 3 1 8 18 13 10 6 11 14 9 2 13 25 13 3 31 2.70999124060388841 12 6 6.96245171630185755 9 1 10 4 3 9 8 24 7 13 12 3.84646942076222631 17 24 11 16 5 1 6 9 9.82524131762891173 15 24 7 17.7279168367385864 216.435008404048602 
18 26 11 16 2 2 10 9 1 11 1 6 15 27 10 6 22 4 18 6 8 2 24 5 17 23 12 3 2 1 16 31 2 4 16 1 10 15 2 14 12 7 5 32 3 1 1 4 15 22 10 18 23 13 9 9 12 16 17 1 25.8860001266002655 56.026319271520272 
4 24 11 16 2 2 10 9 1 11 1 6 15 27 10 6 22 4 18 6 8 2 24 5 17 23 12 3 2 1 16 31 2 4 16 1 10 15 2 14 12 7 5 32 3 1 1 4 15 22 10 18 23 13 9 9 12 16 17 1 24.9482071101665497 57.6348445036900969 
18 4 13 16 2 2 10 9 1 11 1 6 15 27 10 6 22 4 18 6 8 2 24 5 17 23 12 3 2 1 16 31 2 4 16 1 10 15 2 14 12 7 5 32 3 1 1 4 15 22 10 18 23 13 9 9 12 16 17 1 28.1187033355236053 50.6724694643668769 
18 4 13 16 2 2 10 9 1 11 1 6 15 5.34074699537910114 7 6 22 4 18 6 8 2 24 5 17 23 12 3 2 1 16 31 2 4 16 1 10 15 2 14 12 7 5 32 3 1 1 4 15 22 10 18 23 13 9 9 12 16 17 1 26.7519772946834564 53.5205418367191754 
3.36768017929769181 23 13 16 2 2 10 9 1 11 1 6 15 27 10 6 22 4 18 6 8 2 24 5 17 23 12 3 2 1 16 31 2 4 16 1 10 15 2 14 12 7 5 32 3 1 1 4 15 22 10 18 23 13 9 9 12 16 17 1 25.5587100684642792 56.6366923626163867 
18 4 13 16 2 2 10 9 1 11 1 6 15 27 10 6 22 4 18 6 8 2 24 5 17 23 12 3 2 1 16 31 2 4 16 1 10 15 2 14 12 7 5 32 3 1 1 4 15 22 10 3 24 13 9 9 12 16 17 1 26.7752833664417267 53.148865356313209 
18 4 13 16 2 2 10 9 1 11 1 6 1 5 9 6 22 4 18 6 8 2 24 5 17 23 12 3 2 1 16 31 2 4 16 1 10 15 2 14 12 7 5 32 3 1 1 4 15 22 10 18 23 13 9 9 12 16 17 1 26.6527563035488129 54.8267094883344512 
4 19 12 16 2 2 10 9 1 11 1 6 15 27 10 6 22 4 18 6 8 2 24 5 17 23 12 3 2 1 16 31 2 4 16 1 10 15 2 14 12 7 5 32 3 1 1 4 15 22 10 18 23 13 9 9 12 16 17 1 25.2450360953807831 57.1133024081428076 
18 19 11 16 2 2 10 9 1 11 1 6 15 27 10 6 22 4 18 6 8 2 24 5 17 23 12 3 2 1 16 31 2 4 16 1 10 15 2 14 12 7 5 32 3 1 1 4 15 22 10 18 23 13 9 9 12 16 17 1 26.1255449950695038 55.6827253991087261 
3.36768017929769181 6 13 8 26 9 14 30 1 8 26 10 6 20 10 12 14 1 9 17 10 14 32 7 17 26 13 13 15 12 17 30 10 16 18 5 9.25570237641795579 3 9 13 8 9 15 15 7 8 12 12 4 31 9 10 5 5 14 1 7 6 23 3.84646942076222631 17.7277785539627075 217.623752422993419 
3.36768017929769181 13 8 16 2 2 10 9 1 11 1 6 14 32 3 6 22 4 18 6 8 2 24 5 17 23 12 3 2 1 16 31 2 4 16 1 10 15 2 14 12 7 5 32 3 1 1 4 15 22 10 18 23 13 9 9 12 16 17 1 23.7238551080226898 61.5255840572358039 
12 24 8 16 2 2 10 9 1 11 1 6 15 27 10 6 22 4 18 6 8 2 24 5 17 23 12 3 2 1 16 31 2 4 16 1 10 15 2 14 12 7 5 32 3 1 1 4 15 22 10 18 23 13 9 9 12 16 17 1 25.070230096578598 57.1469107678754824 

Current Evaluation = 100000000(100000000)
Front Size = 55
9 24 1 5 3 2 10 9 1 11 1 6 1 5.34074699537910114 9 6 32 13 18 6 8 2 24 5 17 23 12 3 2 1 16 31 2 4 16 1 10 15 2 14 12 7 5 32 3 1 1 4 6 6 5 12 16.1354543567662532 13 9 9 12 16 17 1 22.402131050825119 76.2732038437930981 
14 26 9 13 30 13 10 9 1 11 1 6 13 24 9 6 32 13 18 6 8 2 24 5 17 23 12 3 2 1 16 31 2 4 16 1 10 15 2 14 12 7 5 32 3 1 1 4 6 6 5 16 24 9 9 9 12 16 17 1 20.1254981160163879 117.987253658540638 
1 24 10 5 3 2 10 9 1 11 1 6 13 26 7 6 32 13 14 20 5 2 24 5 17 23 12 3 2 1 16 31 2 4 16 1 10 15 2 14 12 7 5 32 3 1 1 4 6 6 5 17 11 4 9 9 12 16 17 1 20.522750049829483 102.864668682787098 
6 30 3 15 3 2 9 13 11 13 32 3 12 23 9 16 5 8 15 9 6 15 19 4 17 15 3 3 18 1 12 24 8 13 16 13 6 22 2 1 20 12 14 33 2 8 6 11 1 5.34074699537910114 4 9 1 1 6 19 9 17 6 9 19.2800458669662476 171.221223710929564 
2 32 12 6 9 1 16 30 9 9 28 5 13 1 9 3.36768017929769181 31 7 16 1 11 14 30 6 18 25 4 2 9 6.96245171630185755 4 30 2 4.94126535182462057 24 3 13 6 5 14 30 7 6 1 2 15 6 1 12 24 11 15 17 7 2 19 9.82524131762891173 1 3 1 17.6743728518486023 227.052966826952627 
3.36768017929769181 2 10 14 24 6 10 16 2 8 9 5 14 22 9 4 9 11 15 6 11 9 26 4 14 2 7 12 31 1 15 32 5 16 15 1 16 32 5 6 19 4 14 16.1354543567662532 4 16 26 2 12 31 3.84646942076222631 5 24 2 2 12 12 9 32 9 18.4863409996032715 182.414401600097676 
17 5.34074699537910114 9 5 3 2 10 9 1 11 1 6 3 17 12 6 32 13 4 19 10 2 24 5 17 23 12 3 2 1 16 31 2 4 16 1 10 15 2 14 12 7 5 32 3 1 1 4 6 6 5 14 26 9 9 9 12 16 17 1 21.1906000971794128 99.1462411865183668 
12 5.34074699537910114 4 5 3 2 10 9 1 11 1 6 14 26 12 6 32 13 18 6 8 2 24 5 17 23 12 3 2 1 16 31 2 4 16 1 10 15 2 14 12 7 5 32 3 1 1 4 6 6 5 4 26 6 9 9 12 16 17 1 21.7108190953731537 82.6459437450734953 
15 32 2.70999124060388841 6 24 4 1 1 7 9.25570237641795579 9 13 4 22 3 17 17 13 3 24 8 9 6 2 16 26 4 6 28 10 4 32 6 3 32 9 14 30 6 6 13 5 1 23 8 11 20 3 4.94126535182462057 26 1 16 24 3 14 32 4 4 26 12 18.1814937889575958 192.084726384726395 
6 1 7 4 8 9 16 6 13 15 25 10 3 20 9 14 32 9 4 18 2.70999124060388841 10 16 13 8 32 10 12 23 2 17 19 6 11 32 6.96245171630185755 4 16 7 13 22 3.84646942076222631 6 12 9.82524131762891173 16 30 9 13 24 5 14 15 11 17.8244721320812971 32 13 9 24 12 18.2246817350387573 189.590828452593144 
13 32 10 5 3 2 10 9 1 3 32 4 1 5.34074699537910114 6.96245171630185755 6 32 13 18 6 8 2 24 5 17 23 12 3 2 1 16 31 2 4 16 1 10 15 2 14 12 7 5 32 3 1 1 4 6 6 5 12 30 3.84646942076222631 9 9 12 16 17 1 21.0114671289920807 99.3120084735789703 
18 8 1 16 2 2 10 9 1 11 1 6 14 20 9 6 32 13 18 6 8 2 24 5 17 23 12 3 2 1 16 31 2 4 16 1 10 15 2 14 12 7 5 32 3 1 1 4 15 22 10 15 6 9 9 9 12 16 17 1 22.6680170595645905 75.0269371700715766 
12 26 7 16 2 2 14 30 5 11 1 6 14 20 3 6 32 13 18 6 8 2 24 5 17 23 12 3 2 1 16 31 2 4 16 1 10 15 2 14 12 7 5 32 3 1 1 4 15 22 10 18 23 13 9 9 12 16 17 1 21.8705420792102814 80.4104295427547555 
15 12 11 1 20 3 17 30 4 16 9 9 4 15 10 3 5.34074699537910114 11 14 15 11 16 21 13 8 6 1 12 16.1354543567662532 4 14 22 3.84646942076222631 10 18 2 14 3 4 1 20 8 16 8 11 13 32 10 14 1 3 14 7 4 1 15 4 4 23 3 18.9679010510444641 175.623042454621412 
1 26 9 16 2 2 10 9 1 11 1 6 13 12 4 6 32 13 18 6 8 2 24 5 17 23 12 3 2 1 16 31 2 4 16 1 10 15 2 14 12 7 5 32 3 1 1 4 15 22 10 18 23 13 9 9 12 16 5 1 22.6954438984394073 73.0884664926574033 
18 8 1 16 2 2 10 9 1 11 1 6 14 20 9 6 32 13 18 6 8 2 24 5 17 23 12 3 2 1 16 31 2 4 16 1 10 15 2 14 12 7 5 32 3 1 1 4 15 22 10 18 23 13 9 9 12 16 17 1 24.2900740206241608 60.2645252188306699 
13 24 7 16 2 2 10 9 1 11 1 6 14 20 11 6 32 13 18 6 8 2 24 5 17 23 12 3 2 1 16 31 2 4 16 1 10 15 2 14 12 7 5 32 3 1 1 4 15 22 10 18 23 13 9 9 12 16 17 1 22.8110520541667938 71.8356584788140253 
18 8 1 16 2 2 10 9 1 11 1 6 14 20 4 6 32 13 18 6 8 2 24 5 17 23 12 3 2 1 16 31 2 4 16 1 10 15 2 14 12 7 5 32 3 1 1 4 15 22 10 18 23 13 9 9 12 16 17 1 24.3180980086326599 59.6380507759214851 
3.36768017929769181 26 9 16 2 2 10 9 1 11 1 6 15 20 2 6 32 13 18 6 8 2 24 5 4 26 6 3 2 1 16 31 2 4 16 1 10 15 2 14 12 7 5 32 3 1 1 4 15 22 10 18 23 13 9 9 12 16 17 1 22.6904260218143463 74.1367921658941071 
18 8 1 16 2 2 10 9 1 11 1 6 15 25 4 6 32 13 18 6 8 2 24 5 17 23 12 3 2 1 16 31 2 4 16 1 10 15 2 14 12 7 5 32 3 1 1 4 15 22 10 18 23 13 9 9 12 16 17 1 24.6174570024013519 59.1157795272801891 
15 14 7 16 24 2 1 20 1 6 1 5 4 14 13 12 23 7 3 30 13 5 32 5 15 24 9 2 2 2.70999124060388841 16 16 12 8 3 4 4 1 12 16 20 13 9 25 6 3 19 9 2 15 5 10 24 8 1 31 10 4 3 4 19.3464247584342957 157.154043179043185 
8 20 4 3.36768017929769181 32 3 14 30 7 1 26 11 4 16 12 9 17 12 6 25 1 1 31 5 18 3 3 13 26 4 15 1 4 15 25 4 16 1 8 13 16.1354543567662532 1 6 30 3 14 32 12 14 15 11 8 30 9 15 25 10 1 22 7 17.4600940942764282 233.995567209514093 
3 24 2.70999124060388841 9.25570237641795579 26 3 6 32 2 16 30 2 17 20 1 12 32 3.84646942076222631 8 19 8 2 16 9 4 8 8 2 31 1 1 12 9 10 25 4 13.2195649013323386 1 6 3 12 13 1 19 3 14 18 7 4 9 4 15 32 13 6 6 11 15 26 5 17.9973297119140625 205.233043207148029 
4 26 5 16 2 2 10 9 1 11 1 6 15 27 10 6 32 13 18 6 8 2 24 5 17 23 12 3 2 1 16 31 2 4 16 1 10 15 2 14 12 7 5 32 3 1 1 4 15 22 10 18 23 13 9 9 12 16 17 1 24.6773640215396881 58.8213655757386391 
14 5 8 16 2 2 10 9 1 11 1 6 15 29 7 6 32 13 18 6 8 2 24 5 17 23 12 3 2 1 16 31 2 4 16 1 10 15 2 14 12 7 5 32 3 1 1 4 15 22 10 14 24 6 9 9 12 16 17 1 22.4618669450283051 75.0348491091464069 
12 26 7 16 2 2 10 9 1 11 1 6 15 27 10 6 32 13 18 6 8 2 24 5 17 23 12 3 2 1 16 31 2 4 16 1 10 15 2 14 12 7 5 32 3 1 1 4 15 22 10 11 31 13 9 9 12 16 17 1 23.9161470830440521 60.5105433547735174 
5 12 1 16 2 2 10 9 1 11 1 6 15 24 4 6 32 13 18 6 8 2 24 5 17 23 12 3 2 1 16 31 2 4 16 1 10 15 2 14 12 7 5 32 3 1 1 4 15 22 10 4 6 11 9 9 12 16 17 1 22.2559461891651154 78.311705983916724 
14 30 12 16 2 2 10 9 1 11 1 6 14 12 9 6 32 13 18 6 8 2 24 5 17 23 12 3 2 1 16 31 2 4 16 1 10 15 2 14 12 7 5 32 3 1 1 4 15 22 10 3 15 7 9 9 12 16 17 1 21.2153830528259277 83.1375050688241686 
3.36768017929769181 19 5 16 2 2 10 9 1 11 1 6 15 13 7 6 32 13 18 6 8 2 24 5 17 23 12 3 2 1 16 31 2 4 16 1 10 15 2 14 12 7 5 32 3 1 1 4 15 22 10 18 23 13 9 9 12 16 17 1 23.7552590072154999 61.3348249155936216 
4 24 5 16 2 2 10 9 1 11 1 6 15 5 10 6 32 13 18 6 8 2 24 5 17 23 12 3 2 1 16 31 2 4 16 1 10 15 2 14 12 7 5 32 3 1 1 4 15 22 10 18 23 13 9 9 12 16 17 1 23.3207540214061737 63.5300270342871869 
14 6 11 16 2 2 10 9 1 11 1 6 4 25 2 6 32 13 18 6 8 2 24 5 17 23 12 3 2 1 16 31 2 4 16 1 10 15 2 14 12 7 5 32 3 1 1 4 15 22 10 18 23 13 9 9 12 16 17 1 22.9780919253826141 64.5914143174348965 
3 5.34074699537910114 9 15 30 9 14 19 6 3 24 3 14 15 7 2 1 8 14 25 6.96245171630185755 14 26 6 6 2 7 16 22 3 4 16 1 15 25 11 3 6 11 16 32 5 2 31 3.84646942076222631 1 12 9 1 5 1 14 2 7 9 13 7 13 14 1 17.5054211020469666 230.099656337814224 
18 4 13 16 2 2 10 9 1 11 1 6 15 27 10 6 22 4 18 6 8 2 24 5 17 23 12 3 2 1 16 31 2 4 16 1 10 15 2 14 12 7 5 32 3 1 1 4 15 22 10 4 24 13 9 9 12 16 17 1 26.7014873921871185 54.0201178001268687 
2 6 12 3 14 3 15 14 7 13 31 7 17 6 12 4 3 1 8 18 13 10 6 11 14 9 2 13 25 13 3 31 2.70999124060388841 12 6 6.96245171630185755 9 1 10 4 3 9 8 24 7 13 12 3.84646942076222631 17 24 11 16 5 1 6 9 9.82524131762891173 15 24 7 17.7279168367385864 216.435008404048602 
4 24 11 16 2 2 10 9 1 11 1 6 15 27 10 6 22 4 18 6 8 2 24 5 17 23 12 3 2 1 16 31 2 4 16 1 10 15 2 14 12 7 5 32 3 1 1 4 15 22 10 18 23 13 9 9 12 16 17 1 24.9482071101665497 57.6348445036900969 
18 4 13 16 2 2 10 9 1 11 1 6 15 5.34074699537910114 7 6 22 4 18 6 8 2 24 5 17 23 12 3 2 1 16 31 2 4 16 1 10 15 2 14 12 7 5 32 3 1 1 4 15 22 10 18 23 13 9 9 12 16 17 1 26.7519772946834564 53.5205418367191754 
18 4 13 16 2 2 10 9 1 11 1 6 15 27 10 6 22 4 18 6 8 2 24 5 17 23 12 3 2 1 16 31 2 4 16 1 10 15 2 14 12 7 5 32 3 1 1 4 15 22 10 3 24 13 9 9 12 16 17 1 26.7752833664417267 53.148865356313209 
3.36768017929769181 6 13 8 26 9 14 30 1 8 26 10 6 20 10 12 14 1 9 17 10 14 32 7 17 26 13 13 15 12 17 30 10 16 18 5 9.25570237641795579 3 9 13 8 9 15 15 7 8 12 12 4 31 9 10 5 5 14 1 7 6 23 3.84646942076222631 17.7277785539627075 217.623752422993419 
3.36768017929769181 13 8 16 2 2 10 9 1 11 1 6 14 32 3 6 22 4 18 6 8 2 24 5 17 23 12 3 2 1 16 31 2 4 16 1 10 15 2 14 12 7 5 32 3 1 1 4 15 22 10 18 23 13 9 9 12 16 17 1 23.7238551080226898 61.5255840572358039 
12 6 8 16 2 2 10 9 1 11 1 6 15 27 10 6 22 4 18 6 8 2 24 5 17 23 12 3 2 1 16 31 2 4 16 1 10 15 2 14 12 7 5 32 3 1 1 4 15 22 10 18 23 13 9 9 12 16 17 1 25.028395026922226 57.3266731307518853 
3.36768017929769181 26 12 16 2 2 10 9 1 11 1 6 15 27 10 6 22 4 18 6 8 2 24 5 17 23 12 3 2 1 16 31 2 4 16 1 10 15 2 14 12 7 5 32 3 1 1 4 15 22 10 18 23 13 9 9 12 16 17 1 25.0792870819568634 55.0070680204513494 
18 4 13 16 2 2 10 9 1 11 1 6 14 20 9 6 22 4 18 6 8 2 24 5 17 23 12 3 2 1 16 31 2 4 16 1 10 15 2 14 12 7 5 32 3 1 1 4 15 22 10 18 23 13 9 9 12 16 17 1 26.2717253267765045 54.3466789239740677 
4 19 11 16 2 2 10 9 1 11 1 6 15 27 10 6 22 4 18 6 8 2 24 5 17 23 12 3 2 1 16 31 2 4 16 1 10 15 2 14 12 7 5 32 3 1 1 4 15 22 10 18 23 13 9 9 12 16 17 1 25.2316360175609589 54.9966324975718095 
18 4 13 16 2 2 10 9 1 11 1 6 15 27 10 6 22 4 18 6 8 2 24 5 17 23 12 3 2 1 16 31 2 4 16 1 10 15 2 14 12 7 5 32 3 1 1 4 15 22 10 11 30 11 9 9 12 16 17 1 27.2183843553066254 52.9333709508054895 
4 32 13 16 2 2 10 9 1 11 1 6 14 6 12 6 22 4 18 6 8 2 24 5 17 23 12 3 2 1 16 31 2 4 16 1 10 15 2 14 12 7 5 32 3 1 1 4 15 22 10 3.36768017929769181 6 12 9 9 12 16 17 1 21.8646279871463776 82.0941805051360376 
18 4 13 16 2 2 10 9 1 11 1 6 15 27 10 6 22 4 18 6 8 2 24 5 17 26 11 3 2 1 16 31 2 4 16 1 10 15 2 14 12 7 5 32 3 1 1 4 15 22 10 18 23 13 9 9 12 16 17 1 27.6258803904056549 51.9957783679375183 
4 26 8 16 2 2 10 9 1 11 1 6 15 27 10 6 22 4 18 6 8 2 24 5 17 23 12 3 2 1 16 31 2 4 16 1 10 15 2 14 12 7 5 32 3 1 1 4 15 22 10 18 23 13 9 9 12 16 17 1 25.0466910302639008 56.2082331061489953 
4 26 13 16 2 2 10 9 1 11 1 6 15 27 10 6 22 4 18 6 8 2 24 5 17 23 12 3 2 1 16 31 2 4 16 1 10 15 2 14 12 7 5 32 3 1 1 4 15 22 10 18 23 13 9 9 12 16 17 1 25.0054910480976105 57.6196004585409085 
9 30 11 16 2 2 10 9 1 11 1 6 15 27 10 6 22 4 1 5 10 2 24 5 17 23 12 3 2 1 16 31 2 4 16 1 10 15 2 14 12 7 5 32 3 1 1 4 15 22 10 3 30 9 9 9 12 16 17 1 22.6748331487178802 74.9785954457263983 
18 4 13 16 2 2 10 9 1 11 1 6 15 27 10 6 22 4 18 6 8 2 24 5 17 23 12 3 2 1 16 31 2 4 16 1 10 15 2 14 12 7 5 32 3 1 1 4 15 22 10 18 23 13 9 9 12 16 17 1 28.1187033355236053 50.5234136223218329 
14 11 3 15 30 10 12 6 12 13 20 7 3 9 6 4 26 3 14 12 12 8 30 2.70999124060388841 6 15 3 14 7 6.96245171630185755 1 5 4 4 2 10 14 6 3 15 16 7 15 12 12 13 6 12 2 6 9 2 15 7 17 1 12 13 1 11 16.4535050392150879 261.403284726968934 
12 14 2.70999124060388841 16 2 2 10 9 1 11 1 6 15 32 6.96245171630185755 6 22 4 18 6 8 2 24 5 17 23 12 3 2 1 16 31 2 4 16 1 10 15 2 14 12 7 5 32 3 1 1 4 15 22 10 4 8.22565314501180467 11 9 9 12 16 17 1 22.8178070485591888 67.8412427286359758 
18 4 13 16 2 2 10 9 1 11 1 6 14 12 9 6 22 4 18 6 8 2 24 5 17 23 12 3 2 1 16 31 2 4 16 1 10 15 2 14 12 7 5 32 3 1 1 4 15 22 10 18 23 13 9 9 12 16 17 1 26.2948873043060303 54.1331542981610667 
14 6 12 16 2 2 10 9 1 11 1 6 1 6 8 6 22 4 14 25 6 2 24 5 17 23 12 3 2 1 16 31 2 4 16 1 10 15 2 14 12 7 5 32 3 1 1 4 15 22 10 18 23 13 9 9 12 16 17 1 22.1299630105495453 79.970903130685727 
3 20 11 16 2 2 10 9 1 11 1 6 15 27 10 6 22 4 18 6 8 2 24 5 17 23 12 3 2 1 16 31 2 4 16 1 10 15 2 14 12 7 5 32 3 1 1 4 15 22 10 4 6 13 9 9 12 16 17 1 23.5601571500301361 62.9764425908507306 

MOEA/D: Multiobjective Evolutionary Algorithm Based on Decomposition
Number of Evaluations = 100000000
Mutation Probability = 0.0500000007450580597
Population Size = 25
Neighborhood size = 8
Seed: 13

Time =  231925.819840000011

Current Evaluation = 100000000
Front Size = 55
9 24 1 5 3 2 10 9 1 11 1 6 1 5.34074699537910114 9 6 32 13 18 6 8 2 24 5 17 23 12 3 2 1 16 31 2 4 16 1 10 15 2 14 12 7 5 32 3 1 1 4 6 6 5 12 16.1354543567662532 13 9 9 12 16 17 1 22.402131050825119 76.2732038437930981 
14 26 9 13 30 13 10 9 1 11 1 6 13 24 9 6 32 13 18 6 8 2 24 5 17 23 12 3 2 1 16 31 2 4 16 1 10 15 2 14 12 7 5 32 3 1 1 4 6 6 5 16 24 9 9 9 12 16 17 1 20.1254981160163879 117.987253658540638 
1 24 10 5 3 2 10 9 1 11 1 6 13 26 7 6 32 13 14 20 5 2 24 5 17 23 12 3 2 1 16 31 2 4 16 1 10 15 2 14 12 7 5 32 3 1 1 4 6 6 5 17 11 4 9 9 12 16 17 1 20.522750049829483 102.864668682787098 
6 30 3 15 3 2 9 13 11 13 32 3 12 23 9 16 5 8 15 9 6 15 19 4 17 15 3 3 18 1 12 24 8 13 16 13 6 22 2 1 20 12 14 33 2 8 6 11 1 5.34074699537910114 4 9 1 1 6 19 9 17 6 9 19.2800458669662476 171.221223710929564 
2 32 12 6 9 1 16 30 9 9 28 5 13 1 9 3.36768017929769181 31 7 16 1 11 14 30 6 18 25 4 2 9 6.96245171630185755 4 30 2 4.94126535182462057 24 3 13 6 5 14 30 7 6 1 2 15 6 1 12 24 11 15 17 7 2 19 9.82524131762891173 1 3 1 17.6743728518486023 227.052966826952627 
3.36768017929769181 2 10 14 24 6 10 16 2 8 9 5 14 22 9 4 9 11 15 6 11 9 26 4 14 2 7 12 31 1 15 32 5 16 15 1 16 32 5 6 19 4 14 16.1354543567662532 4 16 26 2 12 31 3.84646942076222631 5 24 2 2 12 12 9 32 9 18.4863409996032715 182.414401600097676 
17 5.34074699537910114 9 5 3 2 10 9 1 11 1 6 3 17 12 6 32 13 4 19 10 2 24 5 17 23 12 3 2 1 16 31 2 4 16 1 10 15 2 14 12 7 5 32 3 1 1 4 6 6 5 14 26 9 9 9 12 16 17 1 21.1906000971794128 99.1462411865183668 
12 5.34074699537910114 4 5 3 2 10 9 1 11 1 6 14 26 12 6 32 13 18 6 8 2 24 5 17 23 12 3 2 1 16 31 2 4 16 1 10 15 2 14 12 7 5 32 3 1 1 4 6 6 5 4 26 6 9 9 12 16 17 1 21.7108190953731537 82.6459437450734953 
15 32 2.70999124060388841 6 24 4 1 1 7 9.25570237641795579 9 13 4 22 3 17 17 13 3 24 8 9 6 2 16 26 4 6 28 10 4 32 6 3 32 9 14 30 6 6 13 5 1 23 8 11 20 3 4.94126535182462057 26 1 16 24 3 14 32 4 4 26 12 18.1814937889575958 192.084726384726395 
6 1 7 4 8 9 16 6 13 15 25 10 3 20 9 14 32 9 4 18 2.70999124060388841 10 16 13 8 32 10 12 23 2 17 19 6 11 32 6.96245171630185755 4 16 7 13 22 3.84646942076222631 6 12 9.82524131762891173 16 30 9 13 24 5 14 15 11 17.8244721320812971 32 13 9 24 12 18.2246817350387573 189.590828452593144 
13 32 10 5 3 2 10 9 1 3 32 4 1 5.34074699537910114 6.96245171630185755 6 32 13 18 6 8 2 24 5 17 23 12 3 2 1 16 31 2 4 16 1 10 15 2 14 12 7 5 32 3 1 1 4 6 6 5 12 30 3.84646942076222631 9 9 12 16 17 1 21.0114671289920807 99.3120084735789703 
18 8 1 16 2 2 10 9 1 11 1 6 14 20 9 6 32 13 18 6 8 2 24 5 17 23 12 3 2 1 16 31 2 4 16 1 10 15 2 14 12 7 5 32 3 1 1 4 15 22 10 15 6 9 9 9 12 16 17 1 22.6680170595645905 75.0269371700715766 
12 26 7 16 2 2 14 30 5 11 1 6 14 20 3 6 32 13 18 6 8 2 24 5 17 23 12 3 2 1 16 31 2 4 16 1 10 15 2 14 12 7 5 32 3 1 1 4 15 22 10 18 23 13 9 9 12 16 17 1 21.8705420792102814 80.4104295427547555 
15 12 11 1 20 3 17 30 4 16 9 9 4 15 10 3 5.34074699537910114 11 14 15 11 16 21 13 8 6 1 12 16.1354543567662532 4 14 22 3.84646942076222631 10 18 2 14 3 4 1 20 8 16 8 11 13 32 10 14 1 3 14 7 4 1 15 4 4 23 3 18.9679010510444641 175.623042454621412 
1 26 9 16 2 2 10 9 1 11 1 6 13 12 4 6 32 13 18 6 8 2 24 5 17 23 12 3 2 1 16 31 2 4 16 1 10 15 2 14 12 7 5 32 3 1 1 4 15 22 10 18 23 13 9 9 12 16 5 1 22.6954438984394073 73.0884664926574033 
18 8 1 16 2 2 10 9 1 11 1 6 14 20 9 6 32 13 18 6 8 2 24 5 17 23 12 3 2 1 16 31 2 4 16 1 10 15 2 14 12 7 5 32 3 1 1 4 15 22 10 18 23 13 9 9 12 16 17 1 24.2900740206241608 60.2645252188306699 
13 24 7 16 2 2 10 9 1 11 1 6 14 20 11 6 32 13 18 6 8 2 24 5 17 23 12 3 2 1 16 31 2 4 16 1 10 15 2 14 12 7 5 32 3 1 1 4 15 22 10 18 23 13 9 9 12 16 17 1 22.8110520541667938 71.8356584788140253 
18 8 1 16 2 2 10 9 1 11 1 6 14 20 4 6 32 13 18 6 8 2 24 5 17 23 12 3 2 1 16 31 2 4 16 1 10 15 2 14 12 7 5 32 3 1 1 4 15 22 10 18 23 13 9 9 12 16 17 1 24.3180980086326599 59.6380507759214851 
3.36768017929769181 26 9 16 2 2 10 9 1 11 1 6 15 20 2 6 32 13 18 6 8 2 24 5 4 26 6 3 2 1 16 31 2 4 16 1 10 15 2 14 12 7 5 32 3 1 1 4 15 22 10 18 23 13 9 9 12 16 17 1 22.6904260218143463 74.1367921658941071 
18 8 1 16 2 2 10 9 1 11 1 6 15 25 4 6 32 13 18 6 8 2 24 5 17 23 12 3 2 1 16 31 2 4 16 1 10 15 2 14 12 7 5 32 3 1 1 4 15 22 10 18 23 13 9 9 12 16 17 1 24.6174570024013519 59.1157795272801891 
15 14 7 16 24 2 1 20 1 6 1 5 4 14 13 12 23 7 3 30 13 5 32 5 15 24 9 2 2 2.70999124060388841 16 16 12 8 3 4 4 1 12 16 20 13 9 25 6 3 19 9 2 15 5 10 24 8 1 31 10 4 3 4 19.3464247584342957 157.154043179043185 
8 20 4 3.36768017929769181 32 3 14 30 7 1 26 11 4 16 12 9 17 12 6 25 1 1 31 5 18 3 3 13 26 4 15 1 4 15 25 4 16 1 8 13 16.1354543567662532 1 6 30 3 14 32 12 14 15 11 8 30 9 15 25 10 1 22 7 17.4600940942764282 233.995567209514093 
3 24 2.70999124060388841 9.25570237641795579 26 3 6 32 2 16 30 2 17 20 1 12 32 3.84646942076222631 8 19 8 2 16 9 4 8 8 2 31 1 1 12 9 10 25 4 13.2195649013323386 1 6 3 12 13 1 19 3 14 18 7 4 9 4 15 32 13 6 6 11 15 26 5 17.9973297119140625 205.233043207148029 
4 26 5 16 2 2 10 9 1 11 1 6 15 27 10 6 32 13 18 6 8 2 24 5 17 23 12 3 2 1 16 31 2 4 16 1 10 15 2 14 12 7 5 32 3 1 1 4 15 22 10 18 23 13 9 9 12 16 17 1 24.6773640215396881 58.8213655757386391 
14 5 8 16 2 2 10 9 1 11 1 6 15 29 7 6 32 13 18 6 8 2 24 5 17 23 12 3 2 1 16 31 2 4 16 1 10 15 2 14 12 7 5 32 3 1 1 4 15 22 10 14 24 6 9 9 12 16 17 1 22.4618669450283051 75.0348491091464069 
12 26 7 16 2 2 10 9 1 11 1 6 15 27 10 6 32 13 18 6 8 2 24 5 17 23 12 3 2 1 16 31 2 4 16 1 10 15 2 14 12 7 5 32 3 1 1 4 15 22 10 11 31 13 9 9 12 16 17 1 23.9161470830440521 60.5105433547735174 
5 12 1 16 2 2 10 9 1 11 1 6 15 24 4 6 32 13 18 6 8 2 24 5 17 23 12 3 2 1 16 31 2 4 16 1 10 15 2 14 12 7 5 32 3 1 1 4 15 22 10 4 6 11 9 9 12 16 17 1 22.2559461891651154 78.311705983916724 
14 30 12 16 2 2 10 9 1 11 1 6 14 12 9 6 32 13 18 6 8 2 24 5 17 23 12 3 2 1 16 31 2 4 16 1 10 15 2 14 12 7 5 32 3 1 1 4 15 22 10 3 15 7 9 9 12 16 17 1 21.2153830528259277 83.1375050688241686 
3.36768017929769181 19 5 16 2 2 10 9 1 11 1 6 15 13 7 6 32 13 18 6 8 2 24 5 17 23 12 3 2 1 16 31 2 4 16 1 10 15 2 14 12 7 5 32 3 1 1 4 15 22 10 18 23 13 9 9 12 16 17 1 23.7552590072154999 61.3348249155936216 
4 24 5 16 2 2 10 9 1 11 1 6 15 5 10 6 32 13 18 6 8 2 24 5 17 23 12 3 2 1 16 31 2 4 16 1 10 15 2 14 12 7 5 32 3 1 1 4 15 22 10 18 23 13 9 9 12 16 17 1 23.3207540214061737 63.5300270342871869 
14 6 11 16 2 2 10 9 1 11 1 6 4 25 2 6 32 13 18 6 8 2 24 5 17 23 12 3 2 1 16 31 2 4 16 1 10 15 2 14 12 7 5 32 3 1 1 4 15 22 10 18 23 13 9 9 12 16 17 1 22.9780919253826141 64.5914143174348965 
3 5.34074699537910114 9 15 30 9 14 19 6 3 24 3 14 15 7 2 1 8 14 25 6.96245171630185755 14 26 6 6 2 7 16 22 3 4 16 1 15 25 11 3 6 11 16 32 5 2 31 3.84646942076222631 1 12 9 1 5 1 14 2 7 9 13 7 13 14 1 17.5054211020469666 230.099656337814224 
18 4 13 16 2 2 10 9 1 11 1 6 15 27 10 6 22 4 18 6 8 2 24 5 17 23 12 3 2 1 16 31 2 4 16 1 10 15 2 14 12 7 5 32 3 1 1 4 15 22 10 4 24 13 9 9 12 16 17 1 26.7014873921871185 54.0201178001268687 
2 6 12 3 14 3 15 14 7 13 31 7 17 6 12 4 3 1 8 18 13 10 6 11 14 9 2 13 25 13 3 31 2.70999124060388841 12 6 6.96245171630185755 9 1 10 4 3 9 8 24 7 13 12 3.84646942076222631 17 24 11 16 5 1 6 9 9.82524131762891173 15 24 7 17.7279168367385864 216.435008404048602 
4 24 11 16 2 2 10 9 1 11 1 6 15 27 10 6 22 4 18 6 8 2 24 5 17 23 12 3 2 1 16 31 2 4 16 1 10 15 2 14 12 7 5 32 3 1 1 4 15 22 10 18 23 13 9 9 12 16 17 1 24.9482071101665497 57.6348445036900969 
18 4 13 16 2 2 10 9 1 11 1 6 15 5.34074699537910114 7 6 22 4 18 6 8 2 24 5 17 23 12 3 2 1 16 31 2 4 16 1 10 15 2 14 12 7 5 32 3 1 1 4 15 22 10 18 23 13 9 9 12 16 17 1 26.7519772946834564 53.5205418367191754 
18 4 13 16 2 2 10 9 1 11 1 6 15 27 10 6 22 4 18 6 8 2 24 5 17 23 12 3 2 1 16 31 2 4 16 1 10 15 2 14 12 7 5 32 3 1 1 4 15 22 10 3 24 13 9 9 12 16 17 1 26.7752833664417267 53.148865356313209 
3.36768017929769181 6 13 8 26 9 14 30 1 8 26 10 6 20 10 12 14 1 9 17 10 14 32 7 17 26 13 13 15 12 17 30 10 16 18 5 9.25570237641795579 3 9 13 8 9 15 15 7 8 12 12 4 31 9 10 5 5 14 1 7 6 23 3.84646942076222631 17.7277785539627075 217.623752422993419 
3.36768017929769181 13 8 16 2 2 10 9 1 11 1 6 14 32 3 6 22 4 18 6 8 2 24 5 17 23 12 3 2 1 16 31 2 4 16 1 10 15 2 14 12 7 5 32 3 1 1 4 15 22 10 18 23 13 9 9 12 16 17 1 23.7238551080226898 61.5255840572358039 
12 6 8 16 2 2 10 9 1 11 1 6 15 27 10 6 22 4 18 6 8 2 24 5 17 23 12 3 2 1 16 31 2 4 16 1 10 15 2 14 12 7 5 32 3 1 1 4 15 22 10 18 23 13 9 9 12 16 17 1 25.028395026922226 57.3266731307518853 
3.36768017929769181 26 12 16 2 2 10 9 1 11 1 6 15 27 10 6 22 4 18 6 8 2 24 5 17 23 12 3 2 1 16 31 2 4 16 1 10 15 2 14 12 7 5 32 3 1 1 4 15 22 10 18 23 13 9 9 12 16 17 1 25.0792870819568634 55.0070680204513494 
18 4 13 16 2 2 10 9 1 11 1 6 14 20 9 6 22 4 18 6 8 2 24 5 17 23 12 3 2 1 16 31 2 4 16 1 10 15 2 14 12 7 5 32 3 1 1 4 15 22 10 18 23 13 9 9 12 16 17 1 26.2717253267765045 54.3466789239740677 
4 19 11 16 2 2 10 9 1 11 1 6 15 27 10 6 22 4 18 6 8 2 24 5 17 23 12 3 2 1 16 31 2 4 16 1 10 15 2 14 12 7 5 32 3 1 1 4 15 22 10 18 23 13 9 9 12 16 17 1 25.2316360175609589 54.9966324975718095 
18 4 13 16 2 2 10 9 1 11 1 6 15 27 10 6 22 4 18 6 8 2 24 5 17 23 12 3 2 1 16 31 2 4 16 1 10 15 2 14 12 7 5 32 3 1 1 4 15 22 10 11 30 11 9 9 12 16 17 1 27.2183843553066254 52.9333709508054895 
4 32 13 16 2 2 10 9 1 11 1 6 14 6 12 6 22 4 18 6 8 2 24 5 17 23 12 3 2 1 16 31 2 4 16 1 10 15 2 14 12 7 5 32 3 1 1 4 15 22 10 3.36768017929769181 6 12 9 9 12 16 17 1 21.8646279871463776 82.0941805051360376 
18 4 13 16 2 2 10 9 1 11 1 6 15 27 10 6 22 4 18 6 8 2 24 5 17 26 11 3 2 1 16 31 2 4 16 1 10 15 2 14 12 7 5 32 3 1 1 4 15 22 10 18 23 13 9 9 12 16 17 1 27.6258803904056549 51.9957783679375183 
4 26 8 16 2 2 10 9 1 11 1 6 15 27 10 6 22 4 18 6 8 2 24 5 17 23 12 3 2 1 16 31 2 4 16 1 10 15 2 14 12 7 5 32 3 1 1 4 15 22 10 18 23 13 9 9 12 16 17 1 25.0466910302639008 56.2082331061489953 
4 26 13 16 2 2 10 9 1 11 1 6 15 27 10 6 22 4 18 6 8 2 24 5 17 23 12 3 2 1 16 31 2 4 16 1 10 15 2 14 12 7 5 32 3 1 1 4 15 22 10 18 23 13 9 9 12 16 17 1 25.0054910480976105 57.6196004585409085 
9 30 11 16 2 2 10 9 1 11 1 6 15 27 10 6 22 4 1 5 10 2 24 5 17 23 12 3 2 1 16 31 2 4 16 1 10 15 2 14 12 7 5 32 3 1 1 4 15 22 10 3 30 9 9 9 12 16 17 1 22.6748331487178802 74.9785954457263983 
18 4 13 16 2 2 10 9 1 11 1 6 15 27 10 6 22 4 18 6 8 2 24 5 17 23 12 3 2 1 16 31 2 4 16 1 10 15 2 14 12 7 5 32 3 1 1 4 15 22 10 18 23 13 9 9 12 16 17 1 28.1187033355236053 50.5234136223218329 
14 11 3 15 30 10 12 6 12 13 20 7 3 9 6 4 26 3 14 12 12 8 30 2.70999124060388841 6 15 3 14 7 6.96245171630185755 1 5 4 4 2 10 14 6 3 15 16 7 15 12 12 13 6 12 2 6 9 2 15 7 17 1 12 13 1 11 16.4535050392150879 261.403284726968934 
12 14 2.70999124060388841 16 2 2 10 9 1 11 1 6 15 32 6.96245171630185755 6 22 4 18 6 8 2 24 5 17 23 12 3 2 1 16 31 2 4 16 1 10 15 2 14 12 7 5 32 3 1 1 4 15 22 10 4 8.22565314501180467 11 9 9 12 16 17 1 22.8178070485591888 67.8412427286359758 
18 4 13 16 2 2 10 9 1 11 1 6 14 12 9 6 22 4 18 6 8 2 24 5 17 23 12 3 2 1 16 31 2 4 16 1 10 15 2 14 12 7 5 32 3 1 1 4 15 22 10 18 23 13 9 9 12 16 17 1 26.2948873043060303 54.1331542981610667 
14 6 12 16 2 2 10 9 1 11 1 6 1 6 8 6 22 4 14 25 6 2 24 5 17 23 12 3 2 1 16 31 2 4 16 1 10 15 2 14 12 7 5 32 3 1 1 4 15 22 10 18 23 13 9 9 12 16 17 1 22.1299630105495453 79.970903130685727 
3 20 11 16 2 2 10 9 1 11 1 6 15 27 10 6 22 4 18 6 8 2 24 5 17 23 12 3 2 1 16 31 2 4 16 1 10 15 2 14 12 7 5 32 3 1 1 4 15 22 10 4 6 13 9 9 12 16 17 1 23.5601571500301361 62.9764425908507306 

