Current Evaluation = 10000000(10000000)
Front Size = 36
16 5 13 12 15 6 13 20 3 15 2 12 11 15 2.70999124060388841 14 22 11 13 31 8 13 24 4 2 33 6.96245171630185755 4 1 6 1 26 11 4 25 8 4 24 12 14 19 10 3 9 2 14 31 10 17 31 2 4.94126535182462057 16 2 13 22 3 1 6 12 18.7101497054100037 209.75998070556895 
16 20 2 14 1 9 3.36768017929769181 16 13 14 6 2 10 8 1 14 30 6 16 24 2.70999124060388841 10 14 2 4 13 12 14 31 2 12 16 1 6 15 9 1 3 7 14 2 10 10 24 11 17 18 2.70999124060388841 3 26 11 11 5 1 2 30 9 2 22 2.70999124060388841 19.6412959098815918 119.067898378424687 
13 5 2.70999124060388841 2 25 8 17 11 9 15 23 2 12 26 9 13 30 13 8 19 8 5 32 12 2 26 10 6 15 8 16 25 6.96245171630185755 13 20 7 14 18 10 12 15 13 4 31 10 15 15 12 12 8.22565314501180467 11 1 26 5 13 12 6 9 23.4025356524426229 13 19.1501484513282776 199.76974773592417 
17 5.34074699537910114 4 8 30 1 2 19 7 9.25570237641795579 15 4 14 3 12 10 26 7 2 12 11 6 5 2 3 31 3.84646942076222631 17 31 13 17 18 11 6 32 11 16 20 4 18 15 5 8 9 9 4 13 5 9 31 4 3 2 7 13.2195649013323386 13 13.151007650947605 14 1 2 19.1495460867881775 201.00348711546701 
16 20 2 14 1 9 3.36768017929769181 16 13 9 33 12 6 24 7 14 30 6 16 24 2.70999124060388841 2 29 7 4 13 12 6 24 10 12 16 1 6 15 9 1 3 7 14 2 10 6 9 4 17 18 2.70999124060388841 3 26 11 11 5 1 9 16 13 2 22 2.70999124060388841 20.3314100801944733 114.268607495866448 
16 20 2 14 1 9 3.36768017929769181 16 13 9 33 12 10 8 1 6 32 4 16 24 2.70999124060388841 2 29 7 4 13 12 18 19 13 12 16 1 6 15 9 1 3 7 14 2 10 15 30 4 17 18 2.70999124060388841 3 26 11 11 5 1 9 16 13 2 22 2.70999124060388841 22.7699580490589142 70.9417806975176717 
16 20 2 14 1 9 3.36768017929769181 16 13 9 33 12 1 6 5 6 32 4 16 24 2.70999124060388841 2 29 7 4 13 12 18 19 13 12 16 1 6 15 9 1 3 7 14 2 10 2 31 4 17 18 2.70999124060388841 3 26 11 11 5 1 15 32 4 2 22 2.70999124060388841 21.1595519483089447 84.0228870046611434 
16 20 2 14 1 9 3.36768017929769181 16 13 9 33 12 10 8 1 6 32 4 16 24 2.70999124060388841 4 1 8 4 13 12 3 31 8 12 16 1 6 15 9 1 3 7 14 2 10 9 20 12 17 18 2.70999124060388841 3 26 11 11 5 1 9 16 13 14 1 7 20.4298059642314911 105.389632528878607 
16 20 2 14 1 9 3.36768017929769181 16 13 9 33 12 10 8 1 6 32 4 16 24 2.70999124060388841 14 31 7 4 13 12 18 19 13 12 16 1 6 15 9 1 3 7 14 2 10 15 32 4 17 18 2.70999124060388841 3 26 11 11 5 1 9 16 13 2 22 2.70999124060388841 21.5445360243320465 82.0314451357859866 
16 20 2 14 1 9 3.36768017929769181 16 13 9 33 12 10 8 1 6 32 4 16 24 2.70999124060388841 15 22 4 4 13 12 18 19 13 12 16 1 6 15 9 1 3 7 14 2 10 10 10 5 17 18 2.70999124060388841 3 26 11 11 5 1 9 16 13 2 22 2.70999124060388841 25.345475822687149 66.7987428840998376 
16 20 2 14 1 9 3.36768017929769181 16 13 13 31 8 10 8 1 6 32 4 16 24 2.70999124060388841 14 30 5 4 13 12 18 19 13 12 16 1 6 15 9 1 3 7 14 2 10 2 33 7 17 18 2.70999124060388841 3 26 11 11 5 1 9 16 13 2 22 2.70999124060388841 21.4342559278011322 82.868086723341932 
9 1 11 15 15 5 15 26 4 17 32 4 14 30 7 17 7 2 3 5.34074699537910114 2 6 31 7 10 30 1 9.25570237641795579 24 9 6 26 6 17 3 10 12 5 8 13 3 10 2 31 2 1 25 3 2 15 11 14 20 4 8 16 10 4 31 10 17.5711890757083893 212.390617707026365 
16 20 2 14 1 9 3.36768017929769181 16 13 9 33 12 1 31 6 6 32 4 16 24 2.70999124060388841 14 1 10 4 13 12 18 19 13 12 16 1 6 15 9 1 3 7 14 2 10 6 32 10 17 18 2.70999124060388841 3 26 11 11 5 1 9 16 13 2 22 2.70999124060388841 20.5775608718395233 84.9733089251805893 
16 20 2 14 1 9 3.36768017929769181 16 13 1 32 10 10 8 1 6 32 4 16 24 2.70999124060388841 2 29 7 4 13 12 18 19 13 12 16 1 6 15 9 1 3 7 14 2 10 6 15 9 17 18 2.70999124060388841 3 26 11 2 24 5 14 17 4 2 22 2.70999124060388841 20.4356079995632172 101.674020295027404 
16 20 2 14 1 9 3.36768017929769181 16 13 9 33 12 10 8 1 6 32 4 16 24 2.70999124060388841 1 1 9 4 13 12 18 19 13 12 16 1 6 15 9 1 3 7 14 2 10 10 10 5 17 18 2.70999124060388841 3 26 11 11 5 1 9 16 13 2 22 2.70999124060388841 24.909357875585556 67.3928602367453067 
16 20 2 14 1 9 3.36768017929769181 16 13 9 33 12 10 8 1 6 32 4 16 24 2.70999124060388841 2 29 7 4 13 12 18 19 13 12 16 1 6 15 9 1 3 7 14 2 10 15 1 4 17 18 2.70999124060388841 3 26 11 11 5 1 9 16 13 2 22 2.70999124060388841 22.893669992685318 70.8682784284151381 
16 20 2 14 1 9 3.36768017929769181 16 13 9 31 1 10 8 1 6 32 4 16 24 2.70999124060388841 2 29 7 4 13 12 15 5.34074699537910114 3 12 16 1 6 15 9 1 3 7 14 2 10 14 26 5 17 18 2.70999124060388841 3 26 11 14 25 12 9 16 13 2 22 2.70999124060388841 19.9968208968639374 115.441709568063189 
16 20 2 14 1 9 3.36768017929769181 16 13 9 33 12 4 32 1 6 32 4 16 24 2.70999124060388841 9 11 3 4 13 12 6 30 5 12 16 1 6 15 9 1 3 7 14 2 10 15 31 12 17 18 2.70999124060388841 3 26 11 14 16 2 9 16 13 2 22 2.70999124060388841 19.4605830013751984 152.347211249921116 
15 31 5 6 11 8 3 3 7 1 13 3 9 8 7 4 16 2.70999124060388841 13 24 1 14 31 6.96245171630185755 1 19 8 17 28 3.84646942076222631 15 20 5 3 25 9 1 32 9.82524131762891173 1 31 9 8 32 8 17.8244721320812971 3 4 12 26 12 6 16 13 2 25 13 6 17 9 18.9033437371253967 209.058666800322783 
6 26 8 15 2 11 10 11 5 14 6 4 1 12 13 15 9 8 2 2 10 5 16 6 1 24 2.70999124060388841 16 9 1 1 6 9 9.25570237641795579 20 2 6 32 13 9 1 5 4 31 12 12 17 11 2 16 7 4.94126535182462057 1 12 3 25 9.82524131762891173 16 15 7 19.3000515997409821 190.417049290578717 
3 2 3 4 18 13 15 24 2 4 29 2.70999124060388841 17 26 5 1 12 9 5 6 7 6 5 4 1 8 11 16 2 3 14 31 7 1 15 12 8 16 6.96245171630185755 9 31 9 13 25 7 4 12 2 14 30 10 17 9 6 16 26 8 12 33 12 19.1700467169284821 195.39640490228723 
16 20 2 14 1 9 3.36768017929769181 16 13 12 9 12 10 8 1 6 32 4 16 24 2.70999124060388841 6 30 6 4 13 12 18 19 13 12 16 1 6 15 9 1 3 7 14 2 10 12 13 1 17 18 2.70999124060388841 3 26 11 15 13 9 3 31 7 2 22 2.70999124060388841 20.3128961622714996 114.270220222271504 
16 20 2 14 1 9 3.36768017929769181 16 13 9 33 12 10 8 1 6 32 4 16 24 2.70999124060388841 14 30 6 4 13 12 18 19 13 12 16 1 6 15 9 1 3 7 14 2 10 15 30 3 17 18 2.70999124060388841 3 26 11 11 5 1 9 16 13 2 22 2.70999124060388841 21.5937750637531281 80.3497299842920256 
16 20 2 14 1 9 3.36768017929769181 16 13 9 33 12 10 8 1 6 32 4 16 24 2.70999124060388841 2 5 3 4 13 12 18 19 13 12 16 1 6 15 9 1 3 7 14 2 10 10 10 5 17 18 2.70999124060388841 3 26 11 11 5 1 9 16 13 2 22 2.70999124060388841 25.4111018478870392 66.7024036782029697 
16 20 2 14 1 9 3.36768017929769181 16 13 9 33 12 10 8 1 6 32 4 16 24 2.70999124060388841 15 18 10 4 13 12 18 19 13 12 16 1 6 15 9 1 3 7 14 2 10 10 31 5 17 18 2.70999124060388841 3 26 11 11 5 1 9 16 13 2 22 2.70999124060388841 22.5503450930118561 72.3604881981684116 
16 20 2 14 1 9 3.36768017929769181 16 13 9 33 12 10 8 1 6 32 4 16 24 2.70999124060388841 2 29 7 4 13 12 18 19 13 12 16 1 6 15 9 1 3 7 14 2 10 10 30 3 17 18 2.70999124060388841 3 26 11 11 5 1 9 16 13 2 22 2.70999124060388841 23.3736690580844879 67.4542562661864906 
16 20 2 14 1 9 3.36768017929769181 16 13 9 33 12 10 8 1 6 32 4 16 24 2.70999124060388841 2 29 7 4 13 12 18 19 13 12 16 1 6 15 9 1 3 7 14 2 10 10 30 7 17 18 2.70999124060388841 3 26 11 11 5 1 9 16 13 2 22 2.70999124060388841 23.27366903424263 68.8632233844323736 
16 20 2 14 1 9 3.36768017929769181 16 13 6 32 5 10 8 1 6 32 4 16 24 2.70999124060388841 2 29 7 4 13 12 18 19 13 12 16 1 6 15 9 1 3 7 14 2 10 6 32 6 17 18 2.70999124060388841 3 26 11 11 5 1 9 16 13 2 22 2.70999124060388841 21.8164969384670258 77.7382154910792877 
16 20 2 14 1 9 3.36768017929769181 16 13 9 33 12 15 9 6 6 32 4 16 24 2.70999124060388841 2 29 7 4 13 12 18 19 13 12 16 1 6 15 9 1 3 7 14 2 10 10 10 5 17 18 2.70999124060388841 3 26 11 11 5 1 9 16 13 2 22 2.70999124060388841 25.2438998520374298 66.9080812925200092 
3 1 5 14 30 6 14 26 11 14 29 3 14 12 5 4 12 2.70999124060388841 14 15 6 12 32 13 1 18 13 15 18 8 14 9 13 13 25 11 6 16 9 3 5 12 2 26 4 13 20 11 1 5 8 8 20 10 17 5 11 8 22 3 17.5539507269859314 290.494498861991133 
3 20 6 13 15 2 16 16 9 1 23 12 3 30 9 8 18 11 14 25 6 17 1 9 4 3 9 6 5.34074699537910114 3 2 17 10 14 30 9 4 32 1 15 15 8 9.25570237641795579 9 7 8 31 7 11 28 4 16 12 2 5 6 11 3 25 5 18.9853969216346741 205.026516361213169 
16 20 2 14 1 9 3.36768017929769181 16 13 9 33 12 10 8 1 6 32 4 16 24 2.70999124060388841 2 29 7 4 13 12 18 19 13 12 16 1 6 15 9 1 3 7 14 2 10 15 25 10 17 18 2.70999124060388841 3 26 11 11 5 1 9 16 13 14 1 7 22.1905170977115631 74.5450237834399445 
16 20 2 14 1 9 3.36768017929769181 16 13 9 33 12 10 8 1 6 32 4 16 24 2.70999124060388841 2 29 7 4 13 12 18 19 13 12 16 1 6 15 9 1 3 7 14 2 10 10 10 5 17 18 2.70999124060388841 3 26 11 11 5 1 9 16 13 2 22 2.70999124060388841 26.0704778730869293 65.0345070833629819 
16 20 2 14 1 9 3.36768017929769181 16 13 9 33 12 10 8 1 6 32 4 16 24 2.70999124060388841 15 22 10 4 13 12 18 19 13 12 16 1 6 15 9 1 3 7 14 2 10 10 10 5 17 18 2.70999124060388841 3 26 11 11 5 1 9 16 13 2 22 2.70999124060388841 25.4194758236408234 66.3814319934328125 
16 20 2 14 1 9 3.36768017929769181 16 13 9 33 12 10 8 1 6 32 4 16 24 2.70999124060388841 2 29 7 4 13 12 18 19 13 12 16 1 6 15 9 1 3 7 14 2 10 15 31 3 17 18 2.70999124060388841 3 26 11 11 5 1 9 16 13 2 22 2.70999124060388841 22.9902370274066925 70.1354988215346253 
16 20 2 14 1 9 3.36768017929769181 16 13 9 33 12 14 3 9 6 32 4 16 24 2.70999124060388841 2 29 7 4 13 12 18 19 13 12 16 1 6 15 9 1 3 7 14 2 10 15 9 5 17 18 2.70999124060388841 3 26 11 11 5 1 9 16 13 2 22 2.70999124060388841 21.9253250062465668 75.4883447653134851 

Current Evaluation = 20000000(20000000)
Front Size = 34
16 20 2 14 1 9 3.36768017929769181 16 13 14 6 2 10 8 1 14 30 6 16 24 2.70999124060388841 10 14 2 4 13 12 14 31 2 12 16 1 6 15 9 1 3 7 14 2 10 10 24 11 17 18 2.70999124060388841 3 26 11 11 5 1 2 30 9 2 22 2.70999124060388841 19.6412959098815918 119.067898378424687 
16 20 2 14 1 9 3.36768017929769181 16 13 9 33 12 10 8 1 6 32 4 16 24 2.70999124060388841 2 29 7 4 13 12 18 19 13 12 16 1 6 15 9 1 3 7 14 2 10 15 30 4 17 18 2.70999124060388841 3 26 11 11 5 1 9 16 13 2 22 2.70999124060388841 22.7699580490589142 70.9417806975176717 
16 20 2 14 1 9 3.36768017929769181 16 13 9 33 12 1 6 5 6 32 4 16 24 2.70999124060388841 2 29 7 4 13 12 18 19 13 12 16 1 6 15 9 1 3 7 14 2 10 2 31 4 17 18 2.70999124060388841 3 26 11 11 5 1 15 32 4 2 22 2.70999124060388841 21.1595519483089447 84.0228870046611434 
16 20 2 14 1 9 3.36768017929769181 16 13 9 33 12 10 8 1 6 32 4 16 24 2.70999124060388841 14 31 7 4 13 12 18 19 13 12 16 1 6 15 9 1 3 7 14 2 10 15 32 4 17 18 2.70999124060388841 3 26 11 11 5 1 9 16 13 2 22 2.70999124060388841 21.5445360243320465 82.0314451357859866 
16 20 2 14 1 9 3.36768017929769181 16 13 13 31 8 10 8 1 6 32 4 16 24 2.70999124060388841 14 30 5 4 13 12 18 19 13 12 16 1 6 15 9 1 3 7 14 2 10 2 33 7 17 18 2.70999124060388841 3 26 11 11 5 1 9 16 13 2 22 2.70999124060388841 21.4342559278011322 82.868086723341932 
9 1 11 15 15 5 15 26 4 17 32 4 14 30 7 17 7 2 3 5.34074699537910114 2 6 31 7 10 30 1 9.25570237641795579 24 9 6 26 6 17 3 10 12 5 8 13 3 10 2 31 2 1 25 3 2 15 11 14 20 4 8 16 10 4 31 10 17.5711890757083893 212.390617707026365 
16 20 2 14 1 9 3.36768017929769181 16 13 9 33 12 1 31 6 6 32 4 16 24 2.70999124060388841 14 1 10 4 13 12 18 19 13 12 16 1 6 15 9 1 3 7 14 2 10 6 32 10 17 18 2.70999124060388841 3 26 11 11 5 1 9 16 13 2 22 2.70999124060388841 20.5775608718395233 84.9733089251805893 
16 20 2 14 1 9 3.36768017929769181 16 13 1 32 10 10 8 1 6 32 4 16 24 2.70999124060388841 2 29 7 4 13 12 18 19 13 12 16 1 6 15 9 1 3 7 14 2 10 6 15 9 17 18 2.70999124060388841 3 26 11 2 24 5 14 17 4 2 22 2.70999124060388841 20.4356079995632172 101.674020295027404 
16 20 2 14 1 9 3.36768017929769181 16 13 9 33 12 10 8 1 6 32 4 16 24 2.70999124060388841 1 1 9 4 13 12 18 19 13 12 16 1 6 15 9 1 3 7 14 2 10 10 10 5 17 18 2.70999124060388841 3 26 11 11 5 1 9 16 13 2 22 2.70999124060388841 24.909357875585556 67.3928602367453067 
16 20 2 14 1 9 3.36768017929769181 16 13 9 33 12 10 8 1 6 32 4 16 24 2.70999124060388841 2 29 7 4 13 12 18 19 13 12 16 1 6 15 9 1 3 7 14 2 10 15 1 4 17 18 2.70999124060388841 3 26 11 11 5 1 9 16 13 2 22 2.70999124060388841 22.893669992685318 70.8682784284151381 
16 20 2 14 1 9 3.36768017929769181 16 13 9 31 1 10 8 1 6 32 4 16 24 2.70999124060388841 2 29 7 4 13 12 15 5.34074699537910114 3 12 16 1 6 15 9 1 3 7 14 2 10 14 26 5 17 18 2.70999124060388841 3 26 11 14 25 12 9 16 13 2 22 2.70999124060388841 19.9968208968639374 115.441709568063189 
16 20 2 14 1 9 3.36768017929769181 16 13 9 33 12 4 32 1 6 32 4 16 24 2.70999124060388841 9 11 3 4 13 12 6 30 5 12 16 1 6 15 9 1 3 7 14 2 10 15 31 12 17 18 2.70999124060388841 3 26 11 14 16 2 9 16 13 2 22 2.70999124060388841 19.4605830013751984 152.347211249921116 
16 20 2 14 1 9 3.36768017929769181 16 13 12 9 12 10 8 1 6 32 4 16 24 2.70999124060388841 6 30 6 4 13 12 18 19 13 12 16 1 6 15 9 1 3 7 14 2 10 12 13 1 17 18 2.70999124060388841 3 26 11 15 13 9 3 31 7 2 22 2.70999124060388841 20.3128961622714996 114.270220222271504 
16 20 2 14 1 9 3.36768017929769181 16 13 9 33 12 10 8 1 6 32 4 16 24 2.70999124060388841 14 30 6 4 13 12 18 19 13 12 16 1 6 15 9 1 3 7 14 2 10 15 30 3 17 18 2.70999124060388841 3 26 11 11 5 1 9 16 13 2 22 2.70999124060388841 21.5937750637531281 80.3497299842920256 
16 20 2 14 1 9 3.36768017929769181 16 13 9 33 12 10 8 1 6 32 4 16 24 2.70999124060388841 15 18 10 4 13 12 18 19 13 12 16 1 6 15 9 1 3 7 14 2 10 10 31 5 17 18 2.70999124060388841 3 26 11 11 5 1 9 16 13 2 22 2.70999124060388841 22.5503450930118561 72.3604881981684116 
16 20 2 14 1 9 3.36768017929769181 16 13 9 33 12 10 8 1 6 32 4 16 24 2.70999124060388841 2 29 7 4 13 12 18 19 13 12 16 1 6 15 9 1 3 7 14 2 10 10 30 3 17 18 2.70999124060388841 3 26 11 11 5 1 9 16 13 2 22 2.70999124060388841 23.3736690580844879 67.4542562661864906 
16 20 2 14 1 9 3.36768017929769181 16 13 9 33 12 10 8 1 6 32 4 16 24 2.70999124060388841 2 29 7 4 13 12 18 19 13 12 16 1 6 15 9 1 3 7 14 2 10 10 30 7 17 18 2.70999124060388841 3 26 11 11 5 1 9 16 13 2 22 2.70999124060388841 23.27366903424263 68.8632233844323736 
16 20 2 14 1 9 3.36768017929769181 16 13 9 33 12 10 8 1 6 32 4 16 24 2.70999124060388841 2 29 7 4 13 12 18 19 13 12 16 1 6 15 9 1 3 7 14 2 10 10 10 5 17 18 2.70999124060388841 3 26 11 11 5 1 9 16 13 2 22 2.70999124060388841 26.0704778730869293 65.0345070833629819 
16 20 2 14 1 9 3.36768017929769181 16 13 9 33 12 10 8 1 6 32 4 16 24 2.70999124060388841 2 29 7 4 13 12 18 19 13 12 16 1 6 15 9 1 3 7 14 2 10 15 31 3 17 18 2.70999124060388841 3 26 11 11 5 1 9 16 13 2 22 2.70999124060388841 22.9902370274066925 70.1354988215346253 
3.36768017929769181 30 3 15 32 2 14 5 12 6 9 3 9 20 12 3 14 9 4 5 10 14 24 4 16 19 1 4 24 7 4 16.1354543567662532 9 5 31 8 12 1 5 2 20 6 8 24 11 16 1 13 12 30 10 10 18 2 17 18 2 1 16 10 18.5092317163944244 206.971900107116795 
16 20 2 14 1 9 3.36768017929769181 16 13 15 22 5 10 8 1 6 32 4 16 24 2.70999124060388841 2 29 7 4 13 12 18 19 13 12 16 1 6 15 9 1 3 7 14 2 10 10 10 5 17 18 2.70999124060388841 3 26 11 11 5 1 9 16 13 2 22 2.70999124060388841 25.4264697134494781 66.0440270846459327 
14 30 5 9 26 6 8 18 5 12 23 8 15 5 11 6 30 7 14 5 12 6 6 6 16 6 5 4 6 3 3 15 11 16 30 4 10 17 8 13 5 8 13 12 13 4 2 11 4 20 9 8 30 7 4 26 2 16 18 4 17.5473698377609253 243.610077332368292 
16 20 2 14 1 9 3.36768017929769181 16 13 9 33 12 10 8 1 6 32 4 16 24 2.70999124060388841 2 29 7 4 13 12 18 19 13 12 16 1 6 15 9 1 3 7 14 2 10 10 30 9 17 18 2.70999124060388841 3 26 11 11 5 1 9 16 13 2 22 2.70999124060388841 23.22564497590065 69.6419553906674622 
16 20 2 14 1 9 3.36768017929769181 16 13 9 33 12 10 8 1 6 32 4 16 24 2.70999124060388841 2 29 7 4 13 12 18 19 13 12 16 1 6 15 9 1 3 7 14 2 10 15 30 9 17 18 2.70999124060388841 3 26 11 11 5 1 9 16 13 2 22 2.70999124060388841 22.7419340312480927 72.1561616215328172 
16 20 2 14 1 9 3.36768017929769181 16 13 9 33 12 10 8 1 6 32 4 16 24 2.70999124060388841 15 2 10 4 13 12 18 19 13 12 16 1 6 15 9 1 3 7 14 2 10 10 10 5 17 18 2.70999124060388841 3 26 11 11 5 1 9 16 13 2 22 2.70999124060388841 25.3379879295825958 66.3571434236658035 
14 9 2 13 3 5 4 23 7 3 15 7 6 31 4 11 19 2 12 15 1 14 30 4 17 33 12 15 15 7 4 6 2.70999124060388841 8 32 6 16 3 7 6 26 6 2 14 9 16 16.1354543567662532 8 4.94126535182462057 5 12 13.2195649013323386 30 4 3 31 13.151007650947605 2 18.140740276750666 9 18.7295137941837311 174.560860725566613 
16 20 2 14 1 9 3.36768017929769181 16 13 5 22 7 10 8 1 6 32 4 16 24 2.70999124060388841 2 29 7 4 13 12 18 19 13 12 16 1 6 15 9 1 3 7 14 2 10 10 10 5 17 18 2.70999124060388841 3 26 11 11 5 1 9 16 13 2 22 2.70999124060388841 25.8935888111591339 66.0243868590422665 
17 6 5 2 15 3 1 18 6 12 6 8 9 15 12 1 18 13 15 31 10 5 1 4 3.36768017929769181 3 6 9.25570237641795579 20 12 2 24 4 6 15 8 14 31 3.84646942076222631 13 22 12 9 25 7 4 26 13 12 14 4 3 3 7 14 18 6 3 25 4 18.3988077044487 211.762673274437986 
16 20 2 14 1 9 3.36768017929769181 16 13 14 22 7 10 8 1 6 32 4 16 24 2.70999124060388841 14 13 4 4 13 12 18 19 13 12 16 1 6 15 9 1 3 7 14 2 10 15 9 4 6 1 6 3 26 11 11 5 1 9 16 13 1 20 10 20.3308761417865753 104.491902007200849 
16 20 2 14 1 9 3.36768017929769181 16 13 1 30 10 10 8 1 6 32 4 16 24 2.70999124060388841 2 29 7 4 13 12 18 19 13 12 16 1 6 15 9 1 3 7 14 2 10 6 1 9 17 18 2.70999124060388841 3 26 11 11 5 1 9 16 13 2 22 2.70999124060388841 21.6269279420375824 72.994551713284153 
16 20 2 14 1 9 3.36768017929769181 16 13 15 31 10 10 8 1 6 32 4 16 24 2.70999124060388841 2 29 7 4 13 12 18 19 13 12 16 1 6 15 9 1 3 7 14 2 10 10 10 5 17 18 2.70999124060388841 3 26 11 11 5 1 9 16 13 2 22 2.70999124060388841 25.058139830827713 66.5254387066261046 
4 13 7 6 20 4 1 24 6 17 1 10 15 30 4 14 6 13 14 31 1 1 26 6 6 8 9 15 14 7 15 30 6 13 32 3 3 6 11 1 3 2.70999124060388841 8 9 8 12 9 2 8 8 7 13 16 11 3 6 13 12 16.1354543567662532 2 17.4380976557731628 251.782658947519622 
2 18 6 1 5.34074699537910114 6 12 32 6.96245171630185755 4.94126535182462057 30 8 9 32 3 15 11 8 2 30 12 16 32 2 15 26 8 8 26 6 3 15 4 15 12 8 17 31 9 14 16 1 6 32 5 4 7 11 12 6 13 14 22 7 10 11 10 14 30 4 18.5189148485660553 204.879207342365248 
16 20 2 14 1 9 3.36768017929769181 16 13 9 33 12 10 8 1 6 32 4 16 24 2.70999124060388841 2 29 7 4 13 12 18 19 13 12 16 1 6 15 9 1 3 7 14 2 10 15 1 10 17 18 2.70999124060388841 3 26 11 11 5 1 9 16 13 2 22 2.70999124060388841 22.9676699936389923 70.846430316476372 

Current Evaluation = 30000000(30000000)
Front Size = 29
16 20 2 14 1 9 3.36768017929769181 16 13 14 6 2 10 8 1 14 30 6 16 24 2.70999124060388841 10 14 2 4 13 12 14 31 2 12 16 1 6 15 9 1 3 7 14 2 10 10 24 11 17 18 2.70999124060388841 3 26 11 11 5 1 2 30 9 2 22 2.70999124060388841 19.6412959098815918 119.067898378424687 
16 20 2 14 1 9 3.36768017929769181 16 13 9 33 12 1 6 5 6 32 4 16 24 2.70999124060388841 2 29 7 4 13 12 18 19 13 12 16 1 6 15 9 1 3 7 14 2 10 2 31 4 17 18 2.70999124060388841 3 26 11 11 5 1 15 32 4 2 22 2.70999124060388841 21.1595519483089447 84.0228870046611434 
16 20 2 14 1 9 3.36768017929769181 16 13 9 33 12 10 8 1 6 32 4 16 24 2.70999124060388841 14 31 7 4 13 12 18 19 13 12 16 1 6 15 9 1 3 7 14 2 10 15 32 4 17 18 2.70999124060388841 3 26 11 11 5 1 9 16 13 2 22 2.70999124060388841 21.5445360243320465 82.0314451357859866 
16 20 2 14 1 9 3.36768017929769181 16 13 13 31 8 10 8 1 6 32 4 16 24 2.70999124060388841 14 30 5 4 13 12 18 19 13 12 16 1 6 15 9 1 3 7 14 2 10 2 33 7 17 18 2.70999124060388841 3 26 11 11 5 1 9 16 13 2 22 2.70999124060388841 21.4342559278011322 82.868086723341932 
9 1 11 15 15 5 15 26 4 17 32 4 14 30 7 17 7 2 3 5.34074699537910114 2 6 31 7 10 30 1 9.25570237641795579 24 9 6 26 6 17 3 10 12 5 8 13 3 10 2 31 2 1 25 3 2 15 11 14 20 4 8 16 10 4 31 10 17.5711890757083893 212.390617707026365 
16 20 2 14 1 9 3.36768017929769181 16 13 9 33 12 1 31 6 6 32 4 16 24 2.70999124060388841 14 1 10 4 13 12 18 19 13 12 16 1 6 15 9 1 3 7 14 2 10 6 32 10 17 18 2.70999124060388841 3 26 11 11 5 1 9 16 13 2 22 2.70999124060388841 20.5775608718395233 84.9733089251805893 
16 20 2 14 1 9 3.36768017929769181 16 13 1 32 10 10 8 1 6 32 4 16 24 2.70999124060388841 2 29 7 4 13 12 18 19 13 12 16 1 6 15 9 1 3 7 14 2 10 6 15 9 17 18 2.70999124060388841 3 26 11 2 24 5 14 17 4 2 22 2.70999124060388841 20.4356079995632172 101.674020295027404 
16 20 2 14 1 9 3.36768017929769181 16 13 9 31 1 10 8 1 6 32 4 16 24 2.70999124060388841 2 29 7 4 13 12 15 5.34074699537910114 3 12 16 1 6 15 9 1 3 7 14 2 10 14 26 5 17 18 2.70999124060388841 3 26 11 14 25 12 9 16 13 2 22 2.70999124060388841 19.9968208968639374 115.441709568063189 
16 20 2 14 1 9 3.36768017929769181 16 13 9 33 12 10 8 1 6 32 4 16 24 2.70999124060388841 14 30 6 4 13 12 18 19 13 12 16 1 6 15 9 1 3 7 14 2 10 15 30 3 17 18 2.70999124060388841 3 26 11 11 5 1 9 16 13 2 22 2.70999124060388841 21.5937750637531281 80.3497299842920256 
16 20 2 14 1 9 3.36768017929769181 16 13 9 33 12 10 8 1 6 32 4 16 24 2.70999124060388841 2 29 7 4 13 12 18 19 13 12 16 1 6 15 9 1 3 7 14 2 10 10 10 5 17 18 2.70999124060388841 3 26 11 11 5 1 9 16 13 2 22 2.70999124060388841 26.0704778730869293 65.0345070833629819 
3.36768017929769181 30 3 15 32 2 14 5 12 6 9 3 9 20 12 3 14 9 4 5 10 14 24 4 16 19 1 4 24 7 4 16.1354543567662532 9 5 31 8 12 1 5 2 20 6 8 24 11 16 1 13 12 30 10 10 18 2 17 18 2 1 16 10 18.5092317163944244 206.971900107116795 
16 20 2 14 1 9 3.36768017929769181 16 13 15 22 5 10 8 1 6 32 4 16 24 2.70999124060388841 2 29 7 4 13 12 18 19 13 12 16 1 6 15 9 1 3 7 14 2 10 10 10 5 17 18 2.70999124060388841 3 26 11 11 5 1 9 16 13 2 22 2.70999124060388841 25.4264697134494781 66.0440270846459327 
14 30 5 9 26 6 8 18 5 12 23 8 15 5 11 6 30 7 14 5 12 6 6 6 16 6 5 4 6 3 3 15 11 16 30 4 10 17 8 13 5 8 13 12 13 4 2 11 4 20 9 8 30 7 4 26 2 16 18 4 17.5473698377609253 243.610077332368292 
14 9 2 13 3 5 4 23 7 3 15 7 6 31 4 11 19 2 12 15 1 14 30 4 17 33 12 15 15 7 4 6 2.70999124060388841 8 32 6 16 3 7 6 26 6 2 14 9 16 16.1354543567662532 8 4.94126535182462057 5 12 13.2195649013323386 30 4 3 31 13.151007650947605 2 18.140740276750666 9 18.7295137941837311 174.560860725566613 
16 20 2 14 1 9 3.36768017929769181 16 13 14 22 7 10 8 1 6 32 4 16 24 2.70999124060388841 14 13 4 4 13 12 18 19 13 12 16 1 6 15 9 1 3 7 14 2 10 15 9 4 6 1 6 3 26 11 11 5 1 9 16 13 1 20 10 20.3308761417865753 104.491902007200849 
16 20 2 14 1 9 3.36768017929769181 16 13 1 30 10 10 8 1 6 32 4 16 24 2.70999124060388841 2 29 7 4 13 12 18 19 13 12 16 1 6 15 9 1 3 7 14 2 10 6 1 9 17 18 2.70999124060388841 3 26 11 11 5 1 9 16 13 2 22 2.70999124060388841 21.6269279420375824 72.994551713284153 
4 13 7 6 20 4 1 24 6 17 1 10 15 30 4 14 6 13 14 31 1 1 26 6 6 8 9 15 14 7 15 30 6 13 32 3 3 6 11 1 3 2.70999124060388841 8 9 8 12 9 2 8 8 7 13 16 11 3 6 13 12 16.1354543567662532 2 17.4380976557731628 251.782658947519622 
2 18 6 1 5.34074699537910114 6 12 32 6.96245171630185755 4.94126535182462057 30 8 9 32 3 15 11 8 2 30 12 16 32 2 15 26 8 8 26 6 3 15 4 15 12 8 17 31 9 14 16 1 6 32 5 4 7 11 12 6 13 14 22 7 10 11 10 14 30 4 18.5189148485660553 204.879207342365248 
1 5 13 15 25 2 4 25 5 9 33 1 3 30 10 13 17 2.70999124060388841 12 26 2 1 3 7 16 14 11 3 18 7 14 15 6.96245171630185755 17 13 13 1 26 4 3 6 7 4.94126535182462057 32 10 13 26 9 12 9 5 6 31 11 9 33 3 14 30 9.82524131762891173 18.3018119931221008 210.076099339257212 
16 20 2 14 1 9 3.36768017929769181 16 13 1 30 11 14 6 3 6 32 4 16 24 2.70999124060388841 3 17 13 4 13 12 18 19 13 12 16 1 6 15 9 1 3 7 14 2 10 9 25 2 17 18 2.70999124060388841 3 26 11 11 5 1 9 16 13 2 22 2.70999124060388841 20.2338937819004059 106.540469743853208 
16 20 2 14 1 9 3.36768017929769181 16 13 9 33 12 10 8 1 6 32 4 16 24 2.70999124060388841 15 23 6 4 13 12 18 19 13 12 16 1 6 15 9 1 3 7 14 2 10 10 1 3 17 18 2.70999124060388841 3 26 11 11 5 1 9 16 13 2 22 2.70999124060388841 23.032289057970047 67.045811479132837 
16 20 2 14 1 9 3.36768017929769181 16 13 11 9 11 10 8 1 6 32 4 16 24 2.70999124060388841 2 29 7 4 13 12 18 19 13 12 16 1 6 15 9 1 3 7 14 2 10 10 10 5 17 18 2.70999124060388841 3 26 11 11 5 1 9 16 13 2 22 2.70999124060388841 25.8789598047733307 65.7026929033601306 
16 20 2 14 1 9 3.36768017929769181 16 13 9 33 12 10 8 1 6 32 4 16 24 2.70999124060388841 2 29 7 4 13 12 18 19 13 12 16 1 6 15 9 1 3 7 14 2 10 15 32 9 17 18 2.70999124060388841 3 26 11 11 5 1 9 16 13 2 22 2.70999124060388841 22.8324160277843475 69.6501991709639157 
2 15 4 14 1 9 3.36768017929769181 16 13 15 5.34074699537910114 3 14 18 3 6 32 4 16 24 2.70999124060388841 4 31 4 4 13 12 2 1 5 12 16 1 6 15 9 1 3 7 14 2 10 8 1 7 17 18 2.70999124060388841 3 26 11 11 5 1 9 16 13 2 22 2.70999124060388841 19.1927819550037384 151.445250696136497 
16 20 2 14 1 9 3.36768017929769181 16 13 14 5.34074699537910114 11 10 8 1 6 32 4 16 24 2.70999124060388841 13 6 13 4 13 12 6 9 9 12 16 1 6 15 9 1 3 7 14 2 10 9.25570237641795579 19 10 17 18 2.70999124060388841 3 26 11 11 5 1 6 32 13 2 22 2.70999124060388841 19.4180279076099396 119.217355352357984 
16 20 2 14 1 9 3.36768017929769181 16 13 9 33 12 10 8 1 6 32 4 16 24 2.70999124060388841 2 29 7 4 13 12 18 19 13 12 16 1 6 15 9 1 3 7 14 2 10 10 31 6 17 18 2.70999124060388841 3 26 11 11 5 1 9 16 13 2 22 2.70999124060388841 23.4939480125904083 66.1840210287303279 
16 20 2 14 1 9 3.36768017929769181 16 13 9 33 12 10 8 1 6 32 4 16 24 2.70999124060388841 2 1 10 4 13 12 18 19 13 12 16 1 6 15 9 1 3 7 14 2 10 10 30 7 17 18 2.70999124060388841 3 26 11 11 5 1 9 16 13 2 22 2.70999124060388841 22.4159319698810577 70.8466494158388116 
16 20 2 14 1 9 3.36768017929769181 16 13 9 33 12 8 6 11 6 32 4 16 24 2.70999124060388841 14 25 4 4 13 12 18 19 13 12 16 1 6 15 9 1 3 7 14 2 10 14 30 5 17 18 2.70999124060388841 3 26 11 11 5 1 9 16 13 2 22 2.70999124060388841 20.3775050342082977 102.978638197537606 
16 20 2 14 1 9 3.36768017929769181 16 13 9 33 12 13 30 9 6 32 4 16 24 2.70999124060388841 2 29 7 4 13 12 18 19 13 12 16 1 6 15 9 1 3 7 14 2 10 13 32 12 17 18 2.70999124060388841 3 26 11 9 1 2 9 16 13 14 12 7 20.048098087310791 114.347807033101589 

Current Evaluation = 40000000(40000000)
Front Size = 29
16 20 2 14 1 9 3.36768017929769181 16 13 14 6 2 10 8 1 14 30 6 16 24 2.70999124060388841 10 14 2 4 13 12 14 31 2 12 16 1 6 15 9 1 3 7 14 2 10 10 24 11 17 18 2.70999124060388841 3 26 11 11 5 1 2 30 9 2 22 2.70999124060388841 19.6412959098815918 119.067898378424687 
16 20 2 14 1 9 3.36768017929769181 16 13 9 33 12 1 6 5 6 32 4 16 24 2.70999124060388841 2 29 7 4 13 12 18 19 13 12 16 1 6 15 9 1 3 7 14 2 10 2 31 4 17 18 2.70999124060388841 3 26 11 11 5 1 15 32 4 2 22 2.70999124060388841 21.1595519483089447 84.0228870046611434 
16 20 2 14 1 9 3.36768017929769181 16 13 9 33 12 10 8 1 6 32 4 16 24 2.70999124060388841 14 31 7 4 13 12 18 19 13 12 16 1 6 15 9 1 3 7 14 2 10 15 32 4 17 18 2.70999124060388841 3 26 11 11 5 1 9 16 13 2 22 2.70999124060388841 21.5445360243320465 82.0314451357859866 
16 20 2 14 1 9 3.36768017929769181 16 13 13 31 8 10 8 1 6 32 4 16 24 2.70999124060388841 14 30 5 4 13 12 18 19 13 12 16 1 6 15 9 1 3 7 14 2 10 2 33 7 17 18 2.70999124060388841 3 26 11 11 5 1 9 16 13 2 22 2.70999124060388841 21.4342559278011322 82.868086723341932 
9 1 11 15 15 5 15 26 4 17 32 4 14 30 7 17 7 2 3 5.34074699537910114 2 6 31 7 10 30 1 9.25570237641795579 24 9 6 26 6 17 3 10 12 5 8 13 3 10 2 31 2 1 25 3 2 15 11 14 20 4 8 16 10 4 31 10 17.5711890757083893 212.390617707026365 
16 20 2 14 1 9 3.36768017929769181 16 13 9 33 12 1 31 6 6 32 4 16 24 2.70999124060388841 14 1 10 4 13 12 18 19 13 12 16 1 6 15 9 1 3 7 14 2 10 6 32 10 17 18 2.70999124060388841 3 26 11 11 5 1 9 16 13 2 22 2.70999124060388841 20.5775608718395233 84.9733089251805893 
16 20 2 14 1 9 3.36768017929769181 16 13 9 31 1 10 8 1 6 32 4 16 24 2.70999124060388841 2 29 7 4 13 12 15 5.34074699537910114 3 12 16 1 6 15 9 1 3 7 14 2 10 14 26 5 17 18 2.70999124060388841 3 26 11 14 25 12 9 16 13 2 22 2.70999124060388841 19.9968208968639374 115.441709568063189 
16 20 2 14 1 9 3.36768017929769181 16 13 9 33 12 10 8 1 6 32 4 16 24 2.70999124060388841 14 30 6 4 13 12 18 19 13 12 16 1 6 15 9 1 3 7 14 2 10 15 30 3 17 18 2.70999124060388841 3 26 11 11 5 1 9 16 13 2 22 2.70999124060388841 21.5937750637531281 80.3497299842920256 
3.36768017929769181 30 3 15 32 2 14 5 12 6 9 3 9 20 12 3 14 9 4 5 10 14 24 4 16 19 1 4 24 7 4 16.1354543567662532 9 5 31 8 12 1 5 2 20 6 8 24 11 16 1 13 12 30 10 10 18 2 17 18 2 1 16 10 18.5092317163944244 206.971900107116795 
16 20 2 14 1 9 3.36768017929769181 16 13 15 22 5 10 8 1 6 32 4 16 24 2.70999124060388841 2 29 7 4 13 12 18 19 13 12 16 1 6 15 9 1 3 7 14 2 10 10 10 5 17 18 2.70999124060388841 3 26 11 11 5 1 9 16 13 2 22 2.70999124060388841 25.4264697134494781 66.0440270846459327 
14 9 2 13 3 5 4 23 7 3 15 7 6 31 4 11 19 2 12 15 1 14 30 4 17 33 12 15 15 7 4 6 2.70999124060388841 8 32 6 16 3 7 6 26 6 2 14 9 16 16.1354543567662532 8 4.94126535182462057 5 12 13.2195649013323386 30 4 3 31 13.151007650947605 2 18.140740276750666 9 18.7295137941837311 174.560860725566613 
16 20 2 14 1 9 3.36768017929769181 16 13 1 30 10 10 8 1 6 32 4 16 24 2.70999124060388841 2 29 7 4 13 12 18 19 13 12 16 1 6 15 9 1 3 7 14 2 10 6 1 9 17 18 2.70999124060388841 3 26 11 11 5 1 9 16 13 2 22 2.70999124060388841 21.6269279420375824 72.994551713284153 
2 18 6 1 5.34074699537910114 6 12 32 6.96245171630185755 4.94126535182462057 30 8 9 32 3 15 11 8 2 30 12 16 32 2 15 26 8 8 26 6 3 15 4 15 12 8 17 31 9 14 16 1 6 32 5 4 7 11 12 6 13 14 22 7 10 11 10 14 30 4 18.5189148485660553 204.879207342365248 
1 5 13 15 25 2 4 25 5 9 33 1 3 30 10 13 17 2.70999124060388841 12 26 2 1 3 7 16 14 11 3 18 7 14 15 6.96245171630185755 17 13 13 1 26 4 3 6 7 4.94126535182462057 32 10 13 26 9 12 9 5 6 31 11 9 33 3 14 30 9.82524131762891173 18.3018119931221008 210.076099339257212 
16 20 2 14 1 9 3.36768017929769181 16 13 9 33 12 10 8 1 6 32 4 16 24 2.70999124060388841 15 23 6 4 13 12 18 19 13 12 16 1 6 15 9 1 3 7 14 2 10 10 1 3 17 18 2.70999124060388841 3 26 11 11 5 1 9 16 13 2 22 2.70999124060388841 23.032289057970047 67.045811479132837 
16 20 2 14 1 9 3.36768017929769181 16 13 11 9 11 10 8 1 6 32 4 16 24 2.70999124060388841 2 29 7 4 13 12 18 19 13 12 16 1 6 15 9 1 3 7 14 2 10 10 10 5 17 18 2.70999124060388841 3 26 11 11 5 1 9 16 13 2 22 2.70999124060388841 25.8789598047733307 65.7026929033601306 
2 15 4 14 1 9 3.36768017929769181 16 13 15 5.34074699537910114 3 14 18 3 6 32 4 16 24 2.70999124060388841 4 31 4 4 13 12 2 1 5 12 16 1 6 15 9 1 3 7 14 2 10 8 1 7 17 18 2.70999124060388841 3 26 11 11 5 1 9 16 13 2 22 2.70999124060388841 19.1927819550037384 151.445250696136497 
16 20 2 14 1 9 3.36768017929769181 16 13 14 5.34074699537910114 11 10 8 1 6 32 4 16 24 2.70999124060388841 13 6 13 4 13 12 6 9 9 12 16 1 6 15 9 1 3 7 14 2 10 9.25570237641795579 19 10 17 18 2.70999124060388841 3 26 11 11 5 1 6 32 13 2 22 2.70999124060388841 19.4180279076099396 119.217355352357984 
16 20 2 14 1 9 3.36768017929769181 16 13 9 33 12 10 8 1 6 32 4 16 24 2.70999124060388841 2 29 7 4 13 12 18 19 13 12 16 1 6 15 9 1 3 7 14 2 10 10 31 6 17 18 2.70999124060388841 3 26 11 11 5 1 9 16 13 2 22 2.70999124060388841 23.4939480125904083 66.1840210287303279 
16 20 2 14 1 9 3.36768017929769181 16 13 9 33 12 10 8 1 6 32 4 16 24 2.70999124060388841 2 1 10 4 13 12 18 19 13 12 16 1 6 15 9 1 3 7 14 2 10 10 30 7 17 18 2.70999124060388841 3 26 11 11 5 1 9 16 13 2 22 2.70999124060388841 22.4159319698810577 70.8466494158388116 
16 20 2 14 1 9 3.36768017929769181 16 13 9 33 12 13 30 9 6 32 4 16 24 2.70999124060388841 2 29 7 4 13 12 18 19 13 12 16 1 6 15 9 1 3 7 14 2 10 13 32 12 17 18 2.70999124060388841 3 26 11 9 1 2 9 16 13 14 12 7 20.048098087310791 114.347807033101589 
16 20 2 14 1 9 3.36768017929769181 16 13 12 28 7 10 8 1 6 32 4 16 24 2.70999124060388841 14 19 4 4 13 12 13 12 7 12 16 1 6 15 9 1 3 7 14 2 10 1 1 6 17 18 2.70999124060388841 3 26 11 11 5 1 9 16 13 2 22 2.70999124060388841 20.1553950607776642 103.962487116058568 
16 20 2 14 1 9 3.36768017929769181 16 13 9 33 12 10 8 1 6 32 4 16 24 2.70999124060388841 14 1 3 4 13 12 18 19 13 12 16 1 6 15 9 1 3 7 14 2 10 15 30 9 17 18 2.70999124060388841 3 26 11 11 5 1 9 16 13 2 22 2.70999124060388841 21.5494630038738251 81.6365995115995133 
16 20 2 14 1 9 3.36768017929769181 16 13 9 33 12 15 3 10 6 32 4 16 24 2.70999124060388841 2 29 7 4 13 12 18 19 13 12 16 1 6 15 9 1 3 7 14 2 10 10 31 5 17 18 2.70999124060388841 3 26 11 11 5 1 9 16 13 2 22 2.70999124060388841 22.5759029686450958 69.628690800060582 
12 18 8 1 14 11 14 26 2.70999124060388841 3 1 7 1 19 11 8 2 5 3 6 9 1 16 9 16 2 2 9.25570237641795579 12 9 13 24 9 16 31 12 13 31 4 15 13 9 8 20 3 12 6 3 15 25 9 16 1 3 12 31 7 4 30 2 16.952075719833374 213.550129637341882 
16 20 2 14 1 9 3.36768017929769181 16 13 8 15 10 10 8 1 6 32 4 16 24 2.70999124060388841 2 29 7 4 13 12 13 30 10 12 16 1 6 15 9 1 3 7 14 2 10 1 22 5 17 18 2.70999124060388841 3 26 11 11 5 1 9 16 13 14 6 3 20.2939731180667877 100.850693284410312 
16 20 2 14 1 9 3.36768017929769181 16 13 2 15 9 10 8 1 6 32 4 16 24 2.70999124060388841 1 33 9 4 13 12 15 12 4 12 16 1 6 15 9 1 3 7 14 2 10 3 9 4 17 18 2.70999124060388841 3 26 11 11 5 1 4 12 1 2 22 2.70999124060388841 20.0577839910984039 112.795392074298888 
16 20 2 14 1 9 3.36768017929769181 16 13 9 33 12 10 8 1 6 32 4 16 24 2.70999124060388841 14 30 4 4 13 12 18 19 13 12 16 1 6 15 9 1 3 7 14 2 10 14 6 9 17 18 2.70999124060388841 3 26 11 11 5 1 9 16 13 6 6 1 20.5762441158294678 99.6800034506556045 
16 20 2 14 1 9 3.36768017929769181 16 13 9 33 12 10 8 1 6 32 4 16 24 2.70999124060388841 2 29 7 4 13 12 18 19 13 12 16 1 6 15 9 1 3 7 14 2 10 10 10 5 17 18 2.70999124060388841 3 26 11 11 5 1 9 16 13 2 22 2.70999124060388841 26.0704778730869293 64.7583133626648362 

Current Evaluation = 50000000(50000000)
Front Size = 23
16 20 2 14 1 9 3.36768017929769181 16 13 13 31 8 10 8 1 6 32 4 16 24 2.70999124060388841 14 30 5 4 13 12 18 19 13 12 16 1 6 15 9 1 3 7 14 2 10 2 33 7 17 18 2.70999124060388841 3 26 11 11 5 1 9 16 13 2 22 2.70999124060388841 21.4342559278011322 82.868086723341932 
9 1 11 15 15 5 15 26 4 17 32 4 14 30 7 17 7 2 3 5.34074699537910114 2 6 31 7 10 30 1 9.25570237641795579 24 9 6 26 6 17 3 10 12 5 8 13 3 10 2 31 2 1 25 3 2 15 11 14 20 4 8 16 10 4 31 10 17.5711890757083893 212.390617707026365 
3.36768017929769181 30 3 15 32 2 14 5 12 6 9 3 9 20 12 3 14 9 4 5 10 14 24 4 16 19 1 4 24 7 4 16.1354543567662532 9 5 31 8 12 1 5 2 20 6 8 24 11 16 1 13 12 30 10 10 18 2 17 18 2 1 16 10 18.5092317163944244 206.971900107116795 
14 9 2 13 3 5 4 23 7 3 15 7 6 31 4 11 19 2 12 15 1 14 30 4 17 33 12 15 15 7 4 6 2.70999124060388841 8 32 6 16 3 7 6 26 6 2 14 9 16 16.1354543567662532 8 4.94126535182462057 5 12 13.2195649013323386 30 4 3 31 13.151007650947605 2 18.140740276750666 9 18.7295137941837311 174.560860725566613 
16 20 2 14 1 9 3.36768017929769181 16 13 1 30 10 10 8 1 6 32 4 16 24 2.70999124060388841 2 29 7 4 13 12 18 19 13 12 16 1 6 15 9 1 3 7 14 2 10 6 1 9 17 18 2.70999124060388841 3 26 11 11 5 1 9 16 13 2 22 2.70999124060388841 21.6269279420375824 72.994551713284153 
2 18 6 1 5.34074699537910114 6 12 32 6.96245171630185755 4.94126535182462057 30 8 9 32 3 15 11 8 2 30 12 16 32 2 15 26 8 8 26 6 3 15 4 15 12 8 17 31 9 14 16 1 6 32 5 4 7 11 12 6 13 14 22 7 10 11 10 14 30 4 18.5189148485660553 204.879207342365248 
1 5 13 15 25 2 4 25 5 9 33 1 3 30 10 13 17 2.70999124060388841 12 26 2 1 3 7 16 14 11 3 18 7 14 15 6.96245171630185755 17 13 13 1 26 4 3 6 7 4.94126535182462057 32 10 13 26 9 12 9 5 6 31 11 9 33 3 14 30 9.82524131762891173 18.3018119931221008 210.076099339257212 
16 20 2 14 1 9 3.36768017929769181 16 13 9 33 12 10 8 1 6 32 4 16 24 2.70999124060388841 15 23 6 4 13 12 18 19 13 12 16 1 6 15 9 1 3 7 14 2 10 10 1 3 17 18 2.70999124060388841 3 26 11 11 5 1 9 16 13 2 22 2.70999124060388841 23.032289057970047 67.045811479132837 
2 15 4 14 1 9 3.36768017929769181 16 13 15 5.34074699537910114 3 14 18 3 6 32 4 16 24 2.70999124060388841 4 31 4 4 13 12 2 1 5 12 16 1 6 15 9 1 3 7 14 2 10 8 1 7 17 18 2.70999124060388841 3 26 11 11 5 1 9 16 13 2 22 2.70999124060388841 19.1927819550037384 151.445250696136497 
16 20 2 14 1 9 3.36768017929769181 16 13 14 5.34074699537910114 11 10 8 1 6 32 4 16 24 2.70999124060388841 13 6 13 4 13 12 6 9 9 12 16 1 6 15 9 1 3 7 14 2 10 9.25570237641795579 19 10 17 18 2.70999124060388841 3 26 11 11 5 1 6 32 13 2 22 2.70999124060388841 19.4180279076099396 119.217355352357984 
16 20 2 14 1 9 3.36768017929769181 16 13 9 33 12 10 8 1 6 32 4 16 24 2.70999124060388841 2 1 10 4 13 12 18 19 13 12 16 1 6 15 9 1 3 7 14 2 10 10 30 7 17 18 2.70999124060388841 3 26 11 11 5 1 9 16 13 2 22 2.70999124060388841 22.4159319698810577 70.8466494158388116 
16 20 2 14 1 9 3.36768017929769181 16 13 9 33 12 15 3 10 6 32 4 16 24 2.70999124060388841 2 29 7 4 13 12 18 19 13 12 16 1 6 15 9 1 3 7 14 2 10 10 31 5 17 18 2.70999124060388841 3 26 11 11 5 1 9 16 13 2 22 2.70999124060388841 22.5759029686450958 69.628690800060582 
12 18 8 1 14 11 14 26 2.70999124060388841 3 1 7 1 19 11 8 2 5 3 6 9 1 16 9 16 2 2 9.25570237641795579 12 9 13 24 9 16 31 12 13 31 4 15 13 9 8 20 3 12 6 3 15 25 9 16 1 3 12 31 7 4 30 2 16.952075719833374 213.550129637341882 
16 20 2 14 1 9 3.36768017929769181 16 13 8 15 10 10 8 1 6 32 4 16 24 2.70999124060388841 2 29 7 4 13 12 13 30 10 12 16 1 6 15 9 1 3 7 14 2 10 1 22 5 17 18 2.70999124060388841 3 26 11 11 5 1 9 16 13 14 6 3 20.2939731180667877 100.850693284410312 
16 20 2 14 1 9 3.36768017929769181 16 13 9 33 12 10 8 1 6 32 4 16 24 2.70999124060388841 2 29 7 4 13 12 18 19 13 12 16 1 6 15 9 1 3 7 14 2 10 10 10 5 17 18 2.70999124060388841 3 26 11 11 5 1 9 16 13 2 22 2.70999124060388841 26.0704778730869293 64.7583133626648362 
16 20 2 14 1 9 3.36768017929769181 16 13 13 15 10 10 8 1 6 32 4 16 24 2.70999124060388841 1 24 10 4 13 12 3.36768017929769181 9 4 12 16 1 6 15 9 1 3 7 14 2 10 14 24 13 17 18 2.70999124060388841 3 26 11 11 5 1 9 16 13 2 22 2.70999124060388841 19.5826639831066132 113.931768490090832 
16 20 2 14 1 9 3.36768017929769181 16 13 9 33 12 2 6 2 6 32 4 16 24 2.70999124060388841 5 30 7 4 13 12 18 19 13 12 16 1 6 15 9 1 3 7 14 2 10 2 1 5 17 18 2.70999124060388841 3 26 11 11 5 1 9 16 13 2 22 2.70999124060388841 21.4613068401813507 80.0493972960404818 
16 20 2 14 1 9 3.36768017929769181 16 13 9 33 12 10 8 1 6 32 4 16 24 2.70999124060388841 14 31 4 4 13 12 8 6 9 12 16 1 6 15 9 1 3 7 14 2 10 12 31 11 17 18 2.70999124060388841 3 26 11 11 5 1 9 16 13 2 22 2.70999124060388841 20.4878660440444946 98.6477116129980374 
16 20 2 14 1 9 3.36768017929769181 16 13 9 33 12 10 8 1 6 32 4 16 24 2.70999124060388841 15 22 3 4 13 12 18 19 13 12 16 1 6 15 9 1 3 7 14 2 10 10 10 5 17 18 2.70999124060388841 3 26 11 11 5 1 9 16 13 2 22 2.70999124060388841 25.4654758274555206 65.167072884980584 
16 20 2 14 1 9 3.36768017929769181 16 13 9 33 12 15 31 5 6 32 4 16 24 2.70999124060388841 1 20 4 4 13 12 18 19 13 12 16 1 6 15 9 1 3 7 14 2 10 6 31 9 17 18 2.70999124060388841 3 26 11 11 5 1 9 16 13 2 22 2.70999124060388841 20.5146109759807587 83.5076039648164965 
16 20 2 14 1 9 3.36768017929769181 16 13 13 24 5 10 8 1 6 32 4 16 24 2.70999124060388841 2 29 7 4 13 12 18 19 13 12 16 1 6 15 9 1 3 7 14 2 10 6 32 5 17 18 2.70999124060388841 3 26 11 1 30 3 9 16 13 14 12 8 20.0207001268863678 101.312655331536817 
16 20 2 14 1 9 3.36768017929769181 16 13 9 33 12 10 8 1 6 32 4 16 24 2.70999124060388841 2 29 7 4 13 12 18 19 13 12 16 1 6 15 9 1 3 7 14 2 10 10 1 5 17 18 2.70999124060388841 3 26 11 11 5 1 9 16 13 2 22 2.70999124060388841 23.4393810331821442 65.4792698316054498 
16 20 2 14 1 9 3.36768017929769181 16 13 1 30 9 10 8 1 6 32 4 16 24 2.70999124060388841 2 29 7 4 13 12 13 20 2.70999124060388841 12 16 1 6 15 9 1 3 7 14 2 10 15 24 13 17 18 2.70999124060388841 3 26 11 11 5 1 9 16 13 2 22 2.70999124060388841 20.3991388976573944 98.8371326475722043 

Current Evaluation = 60000000(60000000)
Front Size = 25
16 20 2 14 1 9 3.36768017929769181 16 13 13 31 8 10 8 1 6 32 4 16 24 2.70999124060388841 14 30 5 4 13 12 18 19 13 12 16 1 6 15 9 1 3 7 14 2 10 2 33 7 17 18 2.70999124060388841 3 26 11 11 5 1 9 16 13 2 22 2.70999124060388841 21.4342559278011322 82.868086723341932 
9 1 11 15 15 5 15 26 4 17 32 4 14 30 7 17 7 2 3 5.34074699537910114 2 6 31 7 10 30 1 9.25570237641795579 24 9 6 26 6 17 3 10 12 5 8 13 3 10 2 31 2 1 25 3 2 15 11 14 20 4 8 16 10 4 31 10 17.5711890757083893 212.390617707026365 
3.36768017929769181 30 3 15 32 2 14 5 12 6 9 3 9 20 12 3 14 9 4 5 10 14 24 4 16 19 1 4 24 7 4 16.1354543567662532 9 5 31 8 12 1 5 2 20 6 8 24 11 16 1 13 12 30 10 10 18 2 17 18 2 1 16 10 18.5092317163944244 206.971900107116795 
14 9 2 13 3 5 4 23 7 3 15 7 6 31 4 11 19 2 12 15 1 14 30 4 17 33 12 15 15 7 4 6 2.70999124060388841 8 32 6 16 3 7 6 26 6 2 14 9 16 16.1354543567662532 8 4.94126535182462057 5 12 13.2195649013323386 30 4 3 31 13.151007650947605 2 18.140740276750666 9 18.7295137941837311 174.560860725566613 
16 20 2 14 1 9 3.36768017929769181 16 13 1 30 10 10 8 1 6 32 4 16 24 2.70999124060388841 2 29 7 4 13 12 18 19 13 12 16 1 6 15 9 1 3 7 14 2 10 6 1 9 17 18 2.70999124060388841 3 26 11 11 5 1 9 16 13 2 22 2.70999124060388841 21.6269279420375824 72.994551713284153 
2 18 6 1 5.34074699537910114 6 12 32 6.96245171630185755 4.94126535182462057 30 8 9 32 3 15 11 8 2 30 12 16 32 2 15 26 8 8 26 6 3 15 4 15 12 8 17 31 9 14 16 1 6 32 5 4 7 11 12 6 13 14 22 7 10 11 10 14 30 4 18.5189148485660553 204.879207342365248 
1 5 13 15 25 2 4 25 5 9 33 1 3 30 10 13 17 2.70999124060388841 12 26 2 1 3 7 16 14 11 3 18 7 14 15 6.96245171630185755 17 13 13 1 26 4 3 6 7 4.94126535182462057 32 10 13 26 9 12 9 5 6 31 11 9 33 3 14 30 9.82524131762891173 18.3018119931221008 210.076099339257212 
16 20 2 14 1 9 3.36768017929769181 16 13 9 33 12 10 8 1 6 32 4 16 24 2.70999124060388841 15 23 6 4 13 12 18 19 13 12 16 1 6 15 9 1 3 7 14 2 10 10 1 3 17 18 2.70999124060388841 3 26 11 11 5 1 9 16 13 2 22 2.70999124060388841 23.032289057970047 67.045811479132837 
2 15 4 14 1 9 3.36768017929769181 16 13 15 5.34074699537910114 3 14 18 3 6 32 4 16 24 2.70999124060388841 4 31 4 4 13 12 2 1 5 12 16 1 6 15 9 1 3 7 14 2 10 8 1 7 17 18 2.70999124060388841 3 26 11 11 5 1 9 16 13 2 22 2.70999124060388841 19.1927819550037384 151.445250696136497 
16 20 2 14 1 9 3.36768017929769181 16 13 14 5.34074699537910114 11 10 8 1 6 32 4 16 24 2.70999124060388841 13 6 13 4 13 12 6 9 9 12 16 1 6 15 9 1 3 7 14 2 10 9.25570237641795579 19 10 17 18 2.70999124060388841 3 26 11 11 5 1 6 32 13 2 22 2.70999124060388841 19.4180279076099396 119.217355352357984 
16 20 2 14 1 9 3.36768017929769181 16 13 9 33 12 10 8 1 6 32 4 16 24 2.70999124060388841 2 1 10 4 13 12 18 19 13 12 16 1 6 15 9 1 3 7 14 2 10 10 30 7 17 18 2.70999124060388841 3 26 11 11 5 1 9 16 13 2 22 2.70999124060388841 22.4159319698810577 70.8466494158388116 
16 20 2 14 1 9 3.36768017929769181 16 13 9 33 12 15 3 10 6 32 4 16 24 2.70999124060388841 2 29 7 4 13 12 18 19 13 12 16 1 6 15 9 1 3 7 14 2 10 10 31 5 17 18 2.70999124060388841 3 26 11 11 5 1 9 16 13 2 22 2.70999124060388841 22.5759029686450958 69.628690800060582 
12 18 8 1 14 11 14 26 2.70999124060388841 3 1 7 1 19 11 8 2 5 3 6 9 1 16 9 16 2 2 9.25570237641795579 12 9 13 24 9 16 31 12 13 31 4 15 13 9 8 20 3 12 6 3 15 25 9 16 1 3 12 31 7 4 30 2 16.952075719833374 213.550129637341882 
16 20 2 14 1 9 3.36768017929769181 16 13 8 15 10 10 8 1 6 32 4 16 24 2.70999124060388841 2 29 7 4 13 12 13 30 10 12 16 1 6 15 9 1 3 7 14 2 10 1 22 5 17 18 2.70999124060388841 3 26 11 11 5 1 9 16 13 14 6 3 20.2939731180667877 100.850693284410312 
16 20 2 14 1 9 3.36768017929769181 16 13 9 33 12 10 8 1 6 32 4 16 24 2.70999124060388841 2 29 7 4 13 12 18 19 13 12 16 1 6 15 9 1 3 7 14 2 10 10 10 5 17 18 2.70999124060388841 3 26 11 11 5 1 9 16 13 2 22 2.70999124060388841 26.0704778730869293 64.7583133626648362 
16 20 2 14 1 9 3.36768017929769181 16 13 13 15 10 10 8 1 6 32 4 16 24 2.70999124060388841 1 24 10 4 13 12 3.36768017929769181 9 4 12 16 1 6 15 9 1 3 7 14 2 10 14 24 13 17 18 2.70999124060388841 3 26 11 11 5 1 9 16 13 2 22 2.70999124060388841 19.5826639831066132 113.931768490090832 
16 20 2 14 1 9 3.36768017929769181 16 13 9 33 12 2 6 2 6 32 4 16 24 2.70999124060388841 5 30 7 4 13 12 18 19 13 12 16 1 6 15 9 1 3 7 14 2 10 2 1 5 17 18 2.70999124060388841 3 26 11 11 5 1 9 16 13 2 22 2.70999124060388841 21.4613068401813507 80.0493972960404818 
16 20 2 14 1 9 3.36768017929769181 16 13 9 33 12 10 8 1 6 32 4 16 24 2.70999124060388841 14 31 4 4 13 12 8 6 9 12 16 1 6 15 9 1 3 7 14 2 10 12 31 11 17 18 2.70999124060388841 3 26 11 11 5 1 9 16 13 2 22 2.70999124060388841 20.4878660440444946 98.6477116129980374 
16 20 2 14 1 9 3.36768017929769181 16 13 9 33 12 10 8 1 6 32 4 16 24 2.70999124060388841 15 22 3 4 13 12 18 19 13 12 16 1 6 15 9 1 3 7 14 2 10 10 10 5 17 18 2.70999124060388841 3 26 11 11 5 1 9 16 13 2 22 2.70999124060388841 25.4654758274555206 65.167072884980584 
16 20 2 14 1 9 3.36768017929769181 16 13 9 33 12 15 31 5 6 32 4 16 24 2.70999124060388841 1 20 4 4 13 12 18 19 13 12 16 1 6 15 9 1 3 7 14 2 10 6 31 9 17 18 2.70999124060388841 3 26 11 11 5 1 9 16 13 2 22 2.70999124060388841 20.5146109759807587 83.5076039648164965 
16 20 2 14 1 9 3.36768017929769181 16 13 13 24 5 10 8 1 6 32 4 16 24 2.70999124060388841 2 29 7 4 13 12 18 19 13 12 16 1 6 15 9 1 3 7 14 2 10 6 32 5 17 18 2.70999124060388841 3 26 11 1 30 3 9 16 13 14 12 8 20.0207001268863678 101.312655331536817 
16 20 2 14 1 9 3.36768017929769181 16 13 1 30 9 10 8 1 6 32 4 16 24 2.70999124060388841 2 29 7 4 13 12 13 20 2.70999124060388841 12 16 1 6 15 9 1 3 7 14 2 10 15 24 13 17 18 2.70999124060388841 3 26 11 11 5 1 9 16 13 2 22 2.70999124060388841 20.3991388976573944 98.8371326475722043 
16 20 2 14 1 9 3.36768017929769181 16 13 9 33 12 1 30 9 6 32 4 16 24 2.70999124060388841 2 29 7 4 13 12 14 30 9 12 16 1 6 15 9 1 3 7 14 2 10 3.36768017929769181 6 7 17 18 2.70999124060388841 3 26 11 11 5 1 9 16 13 2 22 2.70999124060388841 19.9411779940128326 108.824107849575142 
16 20 2 14 1 9 3.36768017929769181 16 13 9 33 12 10 8 1 6 32 4 16 24 2.70999124060388841 2 29 7 4 13 12 18 19 13 12 16 1 6 15 9 1 3 7 14 2 10 15 1 5 17 18 2.70999124060388841 3 26 11 11 5 1 9 16 13 2 22 2.70999124060388841 22.9556699693202972 69.3356496107920748 
16 20 2 14 1 9 3.36768017929769181 16 13 9 33 12 10 8 1 6 32 4 16 24 2.70999124060388841 2 29 7 4 13 12 18 19 13 12 16 1 6 15 9 1 3 7 14 2 10 10 1 5 17 18 2.70999124060388841 3 26 11 11 5 1 9 16 13 2 22 2.70999124060388841 23.4393810331821442 65.2891403766588212 

Current Evaluation = 70000000(70000000)
Front Size = 25
9 1 11 15 15 5 15 26 4 17 32 4 14 30 7 17 7 2 3 5.34074699537910114 2 6 31 7 10 30 1 9.25570237641795579 24 9 6 26 6 17 3 10 12 5 8 13 3 10 2 31 2 1 25 3 2 15 11 14 20 4 8 16 10 4 31 10 17.5711890757083893 212.390617707026365 
14 9 2 13 3 5 4 23 7 3 15 7 6 31 4 11 19 2 12 15 1 14 30 4 17 33 12 15 15 7 4 6 2.70999124060388841 8 32 6 16 3 7 6 26 6 2 14 9 16 16.1354543567662532 8 4.94126535182462057 5 12 13.2195649013323386 30 4 3 31 13.151007650947605 2 18.140740276750666 9 18.7295137941837311 174.560860725566613 
16 20 2 14 1 9 3.36768017929769181 16 13 1 30 10 10 8 1 6 32 4 16 24 2.70999124060388841 2 29 7 4 13 12 18 19 13 12 16 1 6 15 9 1 3 7 14 2 10 6 1 9 17 18 2.70999124060388841 3 26 11 11 5 1 9 16 13 2 22 2.70999124060388841 21.6269279420375824 72.994551713284153 
16 20 2 14 1 9 3.36768017929769181 16 13 9 33 12 10 8 1 6 32 4 16 24 2.70999124060388841 15 23 6 4 13 12 18 19 13 12 16 1 6 15 9 1 3 7 14 2 10 10 1 3 17 18 2.70999124060388841 3 26 11 11 5 1 9 16 13 2 22 2.70999124060388841 23.032289057970047 67.045811479132837 
2 15 4 14 1 9 3.36768017929769181 16 13 15 5.34074699537910114 3 14 18 3 6 32 4 16 24 2.70999124060388841 4 31 4 4 13 12 2 1 5 12 16 1 6 15 9 1 3 7 14 2 10 8 1 7 17 18 2.70999124060388841 3 26 11 11 5 1 9 16 13 2 22 2.70999124060388841 19.1927819550037384 151.445250696136497 
16 20 2 14 1 9 3.36768017929769181 16 13 14 5.34074699537910114 11 10 8 1 6 32 4 16 24 2.70999124060388841 13 6 13 4 13 12 6 9 9 12 16 1 6 15 9 1 3 7 14 2 10 9.25570237641795579 19 10 17 18 2.70999124060388841 3 26 11 11 5 1 6 32 13 2 22 2.70999124060388841 19.4180279076099396 119.217355352357984 
16 20 2 14 1 9 3.36768017929769181 16 13 9 33 12 10 8 1 6 32 4 16 24 2.70999124060388841 2 1 10 4 13 12 18 19 13 12 16 1 6 15 9 1 3 7 14 2 10 10 30 7 17 18 2.70999124060388841 3 26 11 11 5 1 9 16 13 2 22 2.70999124060388841 22.4159319698810577 70.8466494158388116 
16 20 2 14 1 9 3.36768017929769181 16 13 9 33 12 15 3 10 6 32 4 16 24 2.70999124060388841 2 29 7 4 13 12 18 19 13 12 16 1 6 15 9 1 3 7 14 2 10 10 31 5 17 18 2.70999124060388841 3 26 11 11 5 1 9 16 13 2 22 2.70999124060388841 22.5759029686450958 69.628690800060582 
12 18 8 1 14 11 14 26 2.70999124060388841 3 1 7 1 19 11 8 2 5 3 6 9 1 16 9 16 2 2 9.25570237641795579 12 9 13 24 9 16 31 12 13 31 4 15 13 9 8 20 3 12 6 3 15 25 9 16 1 3 12 31 7 4 30 2 16.952075719833374 213.550129637341882 
16 20 2 14 1 9 3.36768017929769181 16 13 8 15 10 10 8 1 6 32 4 16 24 2.70999124060388841 2 29 7 4 13 12 13 30 10 12 16 1 6 15 9 1 3 7 14 2 10 1 22 5 17 18 2.70999124060388841 3 26 11 11 5 1 9 16 13 14 6 3 20.2939731180667877 100.850693284410312 
16 20 2 14 1 9 3.36768017929769181 16 13 9 33 12 10 8 1 6 32 4 16 24 2.70999124060388841 2 29 7 4 13 12 18 19 13 12 16 1 6 15 9 1 3 7 14 2 10 10 10 5 17 18 2.70999124060388841 3 26 11 11 5 1 9 16 13 2 22 2.70999124060388841 26.0704778730869293 64.7583133626648362 
16 20 2 14 1 9 3.36768017929769181 16 13 13 15 10 10 8 1 6 32 4 16 24 2.70999124060388841 1 24 10 4 13 12 3.36768017929769181 9 4 12 16 1 6 15 9 1 3 7 14 2 10 14 24 13 17 18 2.70999124060388841 3 26 11 11 5 1 9 16 13 2 22 2.70999124060388841 19.5826639831066132 113.931768490090832 
16 20 2 14 1 9 3.36768017929769181 16 13 9 33 12 2 6 2 6 32 4 16 24 2.70999124060388841 5 30 7 4 13 12 18 19 13 12 16 1 6 15 9 1 3 7 14 2 10 2 1 5 17 18 2.70999124060388841 3 26 11 11 5 1 9 16 13 2 22 2.70999124060388841 21.4613068401813507 80.0493972960404818 
16 20 2 14 1 9 3.36768017929769181 16 13 9 33 12 10 8 1 6 32 4 16 24 2.70999124060388841 14 31 4 4 13 12 8 6 9 12 16 1 6 15 9 1 3 7 14 2 10 12 31 11 17 18 2.70999124060388841 3 26 11 11 5 1 9 16 13 2 22 2.70999124060388841 20.4878660440444946 98.6477116129980374 
16 20 2 14 1 9 3.36768017929769181 16 13 9 33 12 10 8 1 6 32 4 16 24 2.70999124060388841 15 22 3 4 13 12 18 19 13 12 16 1 6 15 9 1 3 7 14 2 10 10 10 5 17 18 2.70999124060388841 3 26 11 11 5 1 9 16 13 2 22 2.70999124060388841 25.4654758274555206 65.167072884980584 
16 20 2 14 1 9 3.36768017929769181 16 13 9 33 12 15 31 5 6 32 4 16 24 2.70999124060388841 1 20 4 4 13 12 18 19 13 12 16 1 6 15 9 1 3 7 14 2 10 6 31 9 17 18 2.70999124060388841 3 26 11 11 5 1 9 16 13 2 22 2.70999124060388841 20.5146109759807587 83.5076039648164965 
16 20 2 14 1 9 3.36768017929769181 16 13 13 24 5 10 8 1 6 32 4 16 24 2.70999124060388841 2 29 7 4 13 12 18 19 13 12 16 1 6 15 9 1 3 7 14 2 10 6 32 5 17 18 2.70999124060388841 3 26 11 1 30 3 9 16 13 14 12 8 20.0207001268863678 101.312655331536817 
16 20 2 14 1 9 3.36768017929769181 16 13 1 30 9 10 8 1 6 32 4 16 24 2.70999124060388841 2 29 7 4 13 12 13 20 2.70999124060388841 12 16 1 6 15 9 1 3 7 14 2 10 15 24 13 17 18 2.70999124060388841 3 26 11 11 5 1 9 16 13 2 22 2.70999124060388841 20.3991388976573944 98.8371326475722043 
16 20 2 14 1 9 3.36768017929769181 16 13 9 33 12 1 30 9 6 32 4 16 24 2.70999124060388841 2 29 7 4 13 12 14 30 9 12 16 1 6 15 9 1 3 7 14 2 10 3.36768017929769181 6 7 17 18 2.70999124060388841 3 26 11 11 5 1 9 16 13 2 22 2.70999124060388841 19.9411779940128326 108.824107849575142 
16 20 2 14 1 9 3.36768017929769181 16 13 9 33 12 10 8 1 6 32 4 16 24 2.70999124060388841 2 29 7 4 13 12 18 19 13 12 16 1 6 15 9 1 3 7 14 2 10 15 1 5 17 18 2.70999124060388841 3 26 11 11 5 1 9 16 13 2 22 2.70999124060388841 22.9556699693202972 69.3356496107920748 
16 20 2 14 1 9 3.36768017929769181 16 13 9 33 12 10 8 1 6 32 4 16 24 2.70999124060388841 2 29 7 4 13 12 18 19 13 12 16 1 6 15 9 1 3 7 14 2 10 10 1 5 17 18 2.70999124060388841 3 26 11 11 5 1 9 16 13 2 22 2.70999124060388841 23.4393810331821442 65.2891403766588212 
14 5 13 11 26 6 13 1 6 16 19 9 6 18 1 1 23 3 14 31 12 13 6 5 3 20 7 4 15 7 2 5 2 6 26 4 13 6 12 15 15 13 9 9 13 16 12 2 15 16 11 3 5 3 16 3 6 15 9 13 18.4804267883300781 192.714465067096683 
10 31 10 11 3 11 15 19 6 12 31 2 13 5 4 2 24 9 1 15 11 16 1 3 4 15 2.70999124060388841 1 1 9 3 26 10 15 6 5 15 16 4 14 19 11 10 31 8 17 20 7 16 3 8 1 26 9 13 1 6 1 26 5 18.2168279886245728 200.540656565656604 
16 20 2 14 1 9 3.36768017929769181 16 13 9 33 12 5 31 10 6 32 4 16 24 2.70999124060388841 1 26 10 4 13 12 18 19 13 12 16 1 6 15 9 1 3 7 14 2 10 15 1 3 17 18 2.70999124060388841 3 26 11 11 5 1 9 16 13 2 22 2.70999124060388841 21.4027699530124664 81.7223212887597015 
16 20 2 14 1 9 3.36768017929769181 16 13 9 33 12 10 8 1 6 32 4 16 24 2.70999124060388841 2 29 7 4 13 12 18 19 13 12 16 1 6 15 9 1 3 7 14 2 10 15 1 4 17 18 2.70999124060388841 3 26 11 11 5 1 9 16 13 2 22 2.70999124060388841 22.893669992685318 69.4025145593103758 

Current Evaluation = 80000000(80000000)
Front Size = 36
9 1 11 15 15 5 15 26 4 17 32 4 14 30 7 17 7 2 3 5.34074699537910114 2 6 31 7 10 30 1 9.25570237641795579 24 9 6 26 6 17 3 10 12 5 8 13 3 10 2 31 2 1 25 3 2 15 11 14 20 4 8 16 10 4 31 10 17.5711890757083893 212.390617707026365 
14 9 2 13 3 5 4 23 7 3 15 7 6 31 4 11 19 2 12 15 1 14 30 4 17 33 12 15 15 7 4 6 2.70999124060388841 8 32 6 16 3 7 6 26 6 2 14 9 16 16.1354543567662532 8 4.94126535182462057 5 12 13.2195649013323386 30 4 3 31 13.151007650947605 2 18.140740276750666 9 18.7295137941837311 174.560860725566613 
2 15 4 14 1 9 3.36768017929769181 16 13 15 5.34074699537910114 3 14 18 3 6 32 4 16 24 2.70999124060388841 4 31 4 4 13 12 2 1 5 12 16 1 6 15 9 1 3 7 14 2 10 8 1 7 17 18 2.70999124060388841 3 26 11 11 5 1 9 16 13 2 22 2.70999124060388841 19.1927819550037384 151.445250696136497 
16 20 2 14 1 9 3.36768017929769181 16 13 14 5.34074699537910114 11 10 8 1 6 32 4 16 24 2.70999124060388841 13 6 13 4 13 12 6 9 9 12 16 1 6 15 9 1 3 7 14 2 10 9.25570237641795579 19 10 17 18 2.70999124060388841 3 26 11 11 5 1 6 32 13 2 22 2.70999124060388841 19.4180279076099396 119.217355352357984 
12 18 8 1 14 11 14 26 2.70999124060388841 3 1 7 1 19 11 8 2 5 3 6 9 1 16 9 16 2 2 9.25570237641795579 12 9 13 24 9 16 31 12 13 31 4 15 13 9 8 20 3 12 6 3 15 25 9 16 1 3 12 31 7 4 30 2 16.952075719833374 213.550129637341882 
16 20 2 14 1 9 3.36768017929769181 16 13 9 33 12 15 31 5 6 32 4 16 24 2.70999124060388841 1 20 4 4 13 12 18 19 13 12 16 1 6 15 9 1 3 7 14 2 10 6 31 9 17 18 2.70999124060388841 3 26 11 11 5 1 9 16 13 2 22 2.70999124060388841 20.5146109759807587 83.5076039648164965 
14 5 13 11 26 6 13 1 6 16 19 9 6 18 1 1 23 3 14 31 12 13 6 5 3 20 7 4 15 7 2 5 2 6 26 4 13 6 12 15 15 13 9 9 13 16 12 2 15 16 11 3 5 3 16 3 6 15 9 13 18.4804267883300781 192.714465067096683 
10 31 10 11 3 11 15 19 6 12 31 2 13 5 4 2 24 9 1 15 11 16 1 3 4 15 2.70999124060388841 1 1 9 3 26 10 15 6 5 15 16 4 14 19 11 10 31 8 17 20 7 16 3 8 1 26 9 13 1 6 1 26 5 18.2168279886245728 200.540656565656604 
17 26 2.70999124060388841 1 30 6.96245171630185755 4 26 10 14 12 3.84646942076222631 3 1 9.82524131762891173 13 14 11 6 2 2 8 6 8 1 3 1 9 19 8 8 15 10 4 24 7 13 30 7 16 11 9 6 31 11 14 14 1 16 13 1 10 5 4 6 23 7 9 32 8 18.5379338264465332 191.819526722031696 
3 15 5 17 30 13 6 1 6 6 5.34074699537910114 10 4 25 11 2 6 5 14 16 4 1 24 9 6 15 6.96245171630185755 16 9 11 6 20 11 2 3 5 12 9 2 3 13 13 4.94126535182462057 18 10 14 18 9.82524131762891173 9 29 1 2 16 13 13 13 4 14 30 9 18.318709135055542 198.200698269738524 
16 20 2 14 1 9 4 30 13 15 22 7 10 8 1 6 32 4 16 24 2.70999124060388841 9 23 11 4 13 12 18 19 13 12 16 1 6 15 9 1 3 7 14 2 10 10 10 5 17 6 8 3 26 11 11 5 1 9 16 13 2 22 2.70999124060388841 24.445949524641037 59.9180902458445175 
16 20 2 14 1 9 3.36768017929769181 16 13 15 22 7 10 8 1 6 32 4 16 24 2.70999124060388841 9 23 11 4 13 12 18 19 13 12 16 1 6 15 9 1 3 7 14 2 10 10 10 5 17 6 8 3 26 11 11 5 1 9 16 13 2 22 2.70999124060388841 24.9576006233692169 57.2834825943652532 
16 20 2 14 1 9 3.36768017929769181 18 12 15 22 7 10 8 1 6 32 4 16 24 2.70999124060388841 9 23 11 4 13 12 18 19 13 12 16 1 6 15 9 1 3 7 14 2 10 10 31 5 17 6 8 3 26 11 11 5 1 9 16 13 2 22 2.70999124060388841 22.1312238276004791 65.2467142892087963 
16 20 2 14 1 9 3.36768017929769181 16 13 15 22 7 10 8 1 6 32 4 16 24 2.70999124060388841 9 23 11 4 13 12 18 19 13 12 16 1 6 15 9 1 3 7 14 2 10 10 31 4 17 6 8 3 26 11 11 5 1 9 16 13 2 22 2.70999124060388841 22.2410707771778107 63.3278388226342273 
16 20 2 14 1 9 3.36768017929769181 16 13 15 22 7 10 8 1 6 32 4 16 24 2.70999124060388841 9 23 11 4 13 12 18 19 13 12 16 1 6 15 9 1 3 7 14 2 10 10 12 9 17 6 8 3 26 11 11 5 1 9 16 13 2 22 2.70999124060388841 22.2103467285633087 63.66247221386066 
16 20 2 14 1 9 3.36768017929769181 16 13 15 22 7 10 8 1 6 32 4 16 24 2.70999124060388841 9 23 11 4 13 12 18 19 13 12 16 1 6 15 9 1 3 7 14 2 10 10 10 5 17 6 8 3 26 11 11 5 1 12 30 12 2 22 2.70999124060388841 24.3950826227664948 60.7171688091135735 
16 20 2 14 1 9 3.36768017929769181 16 13 15 22 7 10 8 1 6 32 4 16 24 2.70999124060388841 9 23 11 4 13 12 18 19 13 12 16 1 6 15 9 1 3 7 14 2 10 6 30 3 17 6 8 3 26 11 11 5 1 9 16 13 2 22 2.70999124060388841 21.7021767199039459 67.1650607802507693 
16 20 2 14 1 9 3.36768017929769181 16 13 15 22 7 1 30 1 6 32 4 16 24 2.70999124060388841 9 23 11 4 13 12 18 19 13 12 16 1 6 15 9 1 3 7 14 2 10 15 26 2 17 6 8 3 26 11 6 25 6 9 16 13 2 22 2.70999124060388841 19.8961438238620758 96.2965633423680458 
16 20 2 14 1 9 3.36768017929769181 16 13 15 22 7 10 8 1 6 32 4 16 24 2.70999124060388841 9 23 11 4 13 12 18 19 13 12 16 1 6 15 9 1 3 7 14 2 10 2 30 7 17 6 8 3 26 11 15 17 5 9 16 13 2 22 2.70999124060388841 21.2591568529605865 74.5888383181823542 
16 20 2 14 1 9 3.36768017929769181 16 13 15 22 7 10 8 1 6 32 4 16 24 2.70999124060388841 9 23 11 4 13 12 18 19 13 12 16 1 6 15 9 1 3 7 14 2 10 2 30 9 17 6 8 3 26 11 11 5 1 9 16 13 2 22 2.70999124060388841 21.7792187631130219 66.2543485189932397 
16 20 2 14 1 9 3.36768017929769181 16 13 15 22 7 10 8 1 6 32 4 16 24 2.70999124060388841 9 23 11 4 13 12 18 19 13 12 16 1 6 15 9 1 3 7 14 2 10 2 32 2 17 6 8 3 26 11 11 5 1 9 16 13 2 22 2.70999124060388841 21.9767387211322784 65.4816967910632428 
16 20 2 14 1 9 3.36768017929769181 16 13 15 22 7 10 8 1 6 32 4 16 24 2.70999124060388841 9 23 11 4 13 12 18 19 13 12 16 1 6 15 9 1 3 7 14 2 10 6 1 4 17 6 8 3 26 11 11 5 1 9 16 13 2 22 2.70999124060388841 21.7058887779712677 66.3819097078241214 
16 20 2 14 1 9 3.36768017929769181 16 13 15 22 7 10 8 1 6 32 4 16 24 2.70999124060388841 9 23 11 4 13 12 18 19 13 12 16 1 6 15 9 1 3 7 14 2 10 10 32 6 17 6 8 3 26 11 11 5 1 9 16 13 2 22 2.70999124060388841 22.3712737858295441 63.0481843160454005 
16 20 2 14 1 9 3.36768017929769181 16 13 15 22 7 10 8 1 6 32 4 16 24 2.70999124060388841 9 23 11 4 13 12 8 20 2 12 16 1 6 15 9 1 3 7 14 2 10 6 12 7 17 6 8 3 26 11 11 5 1 9 16 13 15 15 5 20.140693873167038 91.7694106136382288 
16 20 2 14 1 9 3.36768017929769181 16 13 15 22 7 10 8 1 6 32 4 16 24 2.70999124060388841 9 23 11 4 13 12 18 19 13 12 16 1 6 15 9 1 3 7 14 2 10 4 30 6 17 6 8 3 26 11 11 5 1 13 16 7 2 22 2.70999124060388841 21.4129027426242828 71.579992666990691 
16 20 2 14 1 9 3.36768017929769181 16 13 15 22 7 10 8 1 6 32 4 16 24 2.70999124060388841 9 23 11 4 13 12 1 30 2 12 16 1 6 15 9 1 3 7 14 2 10 15 5.34074699537910114 3 17 6 8 3 26 11 14 18 4 9 16 13 2 22 2.70999124060388841 19.6263109743595123 100.443535899095934 
16 20 2 14 1 9 3.36768017929769181 16 13 15 22 7 10 31 10 6 32 4 16 24 2.70999124060388841 9 23 11 4 13 12 18 19 13 12 16 1 6 15 9 1 3 7 14 2 10 10 10 5 17 6 8 3 26 11 11 5 1 9 16 13 2 22 2.70999124060388841 24.3830045759677887 62.250818716846176 
16 20 2 14 1 9 3.36768017929769181 16 13 15 22 7 14 30 1 6 32 4 16 24 2.70999124060388841 9 23 11 4 13 12 18 19 13 12 16 1 6 15 9 1 3 7 14 2 10 6 18 9 17 6 8 3 26 11 11 5 1 9 16 13 2 22 2.70999124060388841 20.5720027387142181 79.4867232216244588 
16 20 2 14 1 9 3.36768017929769181 16 13 15 22 7 2 18 5 6 32 4 16 24 2.70999124060388841 9 23 11 4 13 12 18 19 13 12 16 1 6 15 9 1 3 7 14 2 10 10 10 5 17 6 8 3 26 11 11 5 1 9 16 13 2 22 2.70999124060388841 24.2031846344470978 62.3754829457001421 
16 20 2 14 1 9 3.36768017929769181 16 13 15 22 7 4 31 7 6 32 4 16 24 2.70999124060388841 9 23 11 4 13 12 14 26 12 12 16 1 6 15 9 1 3 7 14 2 10 2 20 2 17 6 8 3 26 11 11 5 1 9 16 13 2 22 2.70999124060388841 19.484340637922287 106.923433327047775 
16 20 2 14 1 9 3.36768017929769181 16 13 15 22 7 10 8 1 6 32 4 16 24 2.70999124060388841 9 23 11 4 13 12 18 19 13 12 16 1 6 15 9 1 3 7 14 2 10 6 30 7 17 6 8 3 26 11 11 5 1 9 16 13 2 22 2.70999124060388841 21.6021767556667328 67.7282144728336988 
16 20 2 14 1 9 3.36768017929769181 16 13 15 22 7 10 8 1 6 32 4 16 24 2.70999124060388841 14 31 6 4 13 12 18 19 13 12 16 1 6 15 9 1 3 7 14 2 10 13 1 9 17 6 8 3 26 11 11 5 1 9 16 13 2 22 2.70999124060388841 20.7691968977451324 77.1695032131187872 
16 20 2 14 1 9 3.36768017929769181 16 13 15 22 7 10 8 1 6 32 4 16 24 2.70999124060388841 9 23 11 4 13 12 6 12 4 12 16 1 6 15 9 1 3 7 14 2 10 6 32 4 17 6 8 3 26 11 11 5 1 9 16 13 2 22 2.70999124060388841 20.3058017790317535 89.8848363579641187 
16 20 2 14 1 9 3.36768017929769181 16 13 15 22 7 10 8 1 6 32 4 16 24 2.70999124060388841 9 23 11 4 13 12 18 19 13 12 16 1 6 15 9 1 3 7 14 2 10 10 9 9 17 6 8 3 26 11 11 5 1 9 16 13 2 22 2.70999124060388841 22.3787757456302643 62.4740197465424743 
16 20 2 14 1 9 3.36768017929769181 16 13 15 22 7 10 8 1 6 32 4 16 24 2.70999124060388841 9 23 11 4 13 12 18 19 13 12 16 1 6 15 9 1 3 7 14 2 10 2 30 7 17 6 8 3 26 11 11 5 1 9 16 13 2 22 2.70999124060388841 21.8272427618503571 65.9581895574202832 
16 20 2 14 1 9 3.36768017929769181 16 13 15 22 7 10 8 1 6 32 4 16 24 2.70999124060388841 9 23 11 4 13 12 18 19 13 12 16 1 6 15 9 1 3 7 14 2 10 10 10 5 17 6 8 3 26 11 11 5 1 12 16 1 2 22 2.70999124060388841 24.9149375259876251 59.8393480547162184 

Current Evaluation = 90000000(90000000)
Front Size = 47
12 18 8 1 14 11 14 26 2.70999124060388841 3 1 7 1 19 11 8 2 5 3 6 9 1 16 9 16 2 2 9.25570237641795579 12 9 13 24 9 16 31 12 13 31 4 15 13 9 8 20 3 12 6 3 15 25 9 16 1 3 12 31 7 4 30 2 16.952075719833374 213.550129637341882 
16 20 2 14 1 9 3.36768017929769181 16 13 9 33 12 15 31 5 6 32 4 16 24 2.70999124060388841 1 20 4 4 13 12 18 19 13 12 16 1 6 15 9 1 3 7 14 2 10 6 31 9 17 18 2.70999124060388841 3 26 11 11 5 1 9 16 13 2 22 2.70999124060388841 20.5146109759807587 83.5076039648164965 
10 31 10 11 3 11 15 19 6 12 31 2 13 5 4 2 24 9 1 15 11 16 1 3 4 15 2.70999124060388841 1 1 9 3 26 10 15 6 5 15 16 4 14 19 11 10 31 8 17 20 7 16 3 8 1 26 9 13 1 6 1 26 5 18.2168279886245728 200.540656565656604 
3 15 5 17 30 13 6 1 6 6 5.34074699537910114 10 4 25 11 2 6 5 14 16 4 1 24 9 6 15 6.96245171630185755 16 9 11 6 20 11 2 3 5 12 9 2 3 13 13 4.94126535182462057 18 10 14 18 9.82524131762891173 9 29 1 2 16 13 13 13 4 14 30 9 18.318709135055542 198.200698269738524 
16 20 2 14 1 9 3.36768017929769181 16 13 15 22 7 10 8 1 6 32 4 16 24 2.70999124060388841 9 23 11 4 13 12 1 30 2 12 16 1 6 15 9 1 3 7 14 2 10 15 5.34074699537910114 3 17 6 8 3 26 11 14 18 4 9 16 13 2 22 2.70999124060388841 19.6263109743595123 100.443535899095934 
16 20 2 14 1 9 3.36768017929769181 16 13 15 22 7 14 30 1 6 32 4 16 24 2.70999124060388841 9 23 11 4 13 12 18 19 13 12 16 1 6 15 9 1 3 7 14 2 10 6 18 9 17 6 8 3 26 11 11 5 1 9 16 13 2 22 2.70999124060388841 20.5720027387142181 79.4867232216244588 
16 20 2 14 1 9 3.36768017929769181 16 13 15 22 7 10 8 1 6 32 4 16 24 2.70999124060388841 14 31 6 4 13 12 18 19 13 12 16 1 6 15 9 1 3 7 14 2 10 13 1 9 17 6 8 3 26 11 11 5 1 9 16 13 2 22 2.70999124060388841 20.7691968977451324 77.1695032131187872 
16 20 2 14 1 9 3.36768017929769181 16 13 15 22 7 10 8 1 6 32 4 16 24 2.70999124060388841 9 23 11 4 13 12 18 19 13 12 16 1 6 15 9 1 3 7 14 2 10 15 12 9 17 6 8 3 26 11 11 5 1 15 1 10 2 22 2.70999124060388841 21.159424751996994 72.2951617886203763 
16 20 2 14 1 9 3.36768017929769181 16 13 15 22 7 10 8 1 6 32 4 16 24 2.70999124060388841 9 23 11 4 13 12 18 19 13 12 16 1 6 15 9 1 3 7 14 2 10 10 10 5 17 6 8 3 26 11 11 5 1 9 16 13 2 22 2.70999124060388841 24.9576006233692169 56.9435315726804703 
16 20 2 14 1 9 3.36768017929769181 16 13 15 22 7 10 8 1 6 32 4 16 24 2.70999124060388841 9 23 11 4 13 12 18 19 13 12 16 1 6 15 9 1 3 7 14 2 10 6 30 9 17 6 8 3 26 11 11 5 1 9 16 13 2 22 2.70999124060388841 21.5541527569293976 67.7265583389620076 
16 20 2 14 1 9 3.36768017929769181 16 13 15 22 7 10 8 1 6 32 4 16 24 2.70999124060388841 1 12 10 4 13 12 18 19 13 12 16 1 6 15 9 1 3 7 14 2 10 6 30 4 17 6 8 3 26 11 11 5 1 9 16 13 2 22 2.70999124060388841 20.7883718907833099 72.4389066822178478 
16 20 2 14 1 9 3.36768017929769181 16 13 15 22 7 10 8 1 6 32 4 16 24 2.70999124060388841 9 23 11 4 13 12 18 19 13 12 16 1 6 15 9 1 3 7 14 2 10 10 10 5 17 6 8 3 26 11 11 5 1 4 31 13 2 22 2.70999124060388841 24.4279385507106781 59.361854083717887 
16 20 2 14 1 9 3.36768017929769181 16 13 15 22 7 10 8 1 6 32 4 16 24 2.70999124060388841 9 23 11 4 13 12 18 19 13 12 16 1 6 15 9 1 3 7 14 2 10 10 30 9 17 6 8 3 26 11 11 5 1 9 16 13 2 22 2.70999124060388841 22.1127677261829376 62.4358357908748545 
16 20 2 14 1 9 3.36768017929769181 16 13 15 22 7 14 9 9 6 32 4 16 24 2.70999124060388841 9 23 11 4 13 12 18 19 13 12 16 1 6 15 9 1 3 7 14 2 10 6 31 2 17 6 8 3 26 11 11 5 1 9 16 13 2 22 2.70999124060388841 20.5362957417964935 81.4288655536052346 
12 18 2.70999124060388841 16 15 6.96245171630185755 14 5 6 15 16 3 6 14 10 4.94126535182462057 24 8 9 15 4 15 22 9 12 19 11 13 11 2 13 20 9.82524131762891173 16 3 8 6 32 7 6 24 9 1 25 13 17 15 7 13 24 4 2 30 10 1 26 7 4 22 12 17.5526697635650635 209.380410233041772 
16 20 2 14 1 9 3.36768017929769181 16 13 15 22 7 2 1 4 6 32 4 16 24 2.70999124060388841 9 23 11 4 13 12 18 19 13 12 16 1 6 15 9 1 3 7 14 2 10 6 30 2 17 6 8 3 26 11 3.36768017929769181 14 6 14 26 9 2 22 2.70999124060388841 19.2415148019790649 103.386832529783064 
16 20 2 14 1 9 3.36768017929769181 16 13 15 22 7 10 8 1 6 32 4 16 24 2.70999124060388841 9 23 11 4 13 12 3.36768017929769181 31 11 12 16 1 6 15 9 1 3 7 14 2 10 15 19 2 17 6 8 3 26 11 13 14 6.96245171630185755 9 16 13 2 22 2.70999124060388841 20.2894498407840729 87.5659895696851436 
13 12 6 6 8 10 14 24 2 16 6 2.70999124060388841 15 3 11 2 5 9 9.25570237641795579 25 7 14 30 6 2 5 6 3 26 10 4.94126535182462057 6 1 14 6 3 6 17 9 4 7 7 17 16 12 6 13 10 14 15 13 9 2 1 16 26 6 13.2195649013323386 14 11 18.1015227437019348 203.763734459554911 
16 20 2 14 1 9 3.36768017929769181 16 13 15 22 7 10 8 1 6 32 4 16 24 2.70999124060388841 9 23 11 4 13 12 18 19 13 12 16 1 6 15 9 1 3 7 14 2 10 14 1 4 17 6 8 3 26 11 11 5 1 9 16 13 2 22 2.70999124060388841 21.5502207577228546 69.4655348418772007 
16 20 2 14 1 9 3.36768017929769181 16 13 15 22 7 10 8 1 6 32 4 16 24 2.70999124060388841 9 23 11 4 13 12 14 14 5 12 16 1 6 15 9 1 3 7 14 2 10 13 1 7 17 6 8 3 26 11 11 5 1 9 16 13 2 22 2.70999124060388841 20.4898417294025421 85.2513029897774146 
16 20 2 14 1 9 3.36768017929769181 16 13 15 22 7 10 8 1 6 32 4 16 24 2.70999124060388841 9 23 11 4 13 12 2 12 13 12 16 1 6 15 9 1 3 7 14 2 10 3.36768017929769181 30 6.96245171630185755 17 6 8 3 26 11 14 20 7 9 16 13 2 22 2.70999124060388841 19.6273488700389862 99.4916549137137451 
16 20 2 14 1 9 3.36768017929769181 16 13 15 22 7 14 1 9 6 32 4 16 24 2.70999124060388841 9 23 11 4 13 12 18 19 13 12 16 1 6 15 9 1 3 7 14 2 10 14 1 5 17 6 8 3 26 11 11 5 1 9 16 13 2 22 2.70999124060388841 20.2447507381439209 89.132331557331554 
16 20 2 14 1 9 3.36768017929769181 16 13 15 22 7 10 8 1 6 32 4 16 24 2.70999124060388841 9 23 11 4 13 12 18 19 13 12 16 1 6 15 9 1 3 7 14 2 10 10 10 5 17 6 8 3 26 11 11 5 1 9 9 8 2 22 2.70999124060388841 24.8269535601139069 58.9122862775730951 
16 20 2 14 1 9 3.36768017929769181 16 13 15 22 7 10 8 1 6 32 4 16 24 2.70999124060388841 2 31 5 4 13 12 9 6 11 12 16 1 6 15 9 1 3 7 14 2 10 14 24 9 17 6 8 3 26 11 11 5 1 9 16 13 2 22 2.70999124060388841 19.8334638774394989 93.6096116301998507 
16 20 2 14 1 9 3.36768017929769181 16 13 15 22 7 6 25 4 6 32 4 16 24 2.70999124060388841 9 23 11 4 13 12 2 24 11 12 16 1 6 15 9 1 3 7 14 2 10 15 25 2 17 6 8 3 26 11 3 15 4 9 16 13 2 22 2.70999124060388841 18.8257858455181122 129.508115860747438 
16 20 2 14 1 9 3.36768017929769181 6 6 15 22 7 10 8 1 6 32 4 16 24 2.70999124060388841 1 6 11 4 13 12 6 15 2 12 16 1 6 15 9 1 3 7 14 2 10 14 24 11 17 6 8 3 26 11 8 15 9 9 16 13 2 22 2.70999124060388841 18.4063668549060822 137.207623170480304 
16 20 2 14 1 9 3.36768017929769181 16 13 15 22 7 10 8 1 6 32 4 16 24 2.70999124060388841 9 23 11 4 13 12 13 1 3 12 16 1 6 15 9 1 3 7 14 2 10 2 12 7 17 6 8 3 26 11 11 5 1 9 16 13 2 22 2.70999124060388841 20.6999097168445587 77.7930417884330723 
16 20 2 14 1 9 3.36768017929769181 16 13 15 22 7 10 8 1 6 32 4 16 24 2.70999124060388841 9 23 11 4 13 12 18 19 13 12 16 1 6 15 9 1 3 7 14 2 10 10 10 5 17 6 8 3 26 11 12 12 1 9 16 13 2 22 2.70999124060388841 24.2390206754207611 59.6443431232573218 
16 20 2 14 1 9 3.36768017929769181 16 13 15 22 7 10 8 1 6 32 4 16 24 2.70999124060388841 9 23 11 4 13 12 14 12 10 12 16 1 6 15 9 1 3 7 14 2 10 14 1 9 17 6 8 3 26 11 11 5 1 1 5.34074699537910114 13 14 30 1 18.9412678480148315 117.188471155646738 
16 20 2 14 1 9 3.36768017929769181 16 13 15 22 7 10 8 1 6 32 4 16 24 2.70999124060388841 9 23 11 4 13 12 18 19 13 12 16 1 6 15 9 1 3 7 14 2 10 10 30 5 17 6 8 3 26 11 11 5 1 9 16 13 2 22 2.70999124060388841 22.2027917206287384 61.0890663802428477 
16 20 2 14 1 9 3.36768017929769181 16 13 15 22 7 14 2 9 6 32 4 16 24 2.70999124060388841 9 23 11 4 13 12 18 19 13 12 16 1 6 15 9 1 3 7 14 2 10 15 32 7 17 6 8 3 26 11 11 5 1 9 16 13 2 22 2.70999124060388841 20.6755017936229706 79.2190685427577961 
16 20 2 14 1 9 3.36768017929769181 16 13 15 22 7 13 30 4 6 32 4 16 24 2.70999124060388841 9 23 11 4 13 12 3.36768017929769181 25 8 12 16 1 6 15 9 1 3 7 14 2 10 13 31 1 17 6 8 3 26 11 11 5 1 9 16 13 2 22 2.70999124060388841 19.5852396190166473 102.72705167107695 
16 20 2 14 1 9 3.36768017929769181 16 13 15 22 7 10 8 1 6 32 4 16 24 2.70999124060388841 9 23 11 4 13 12 18 19 13 12 16 1 6 15 9 1 3 7 14 2 10 10 10 5 17 6 8 3 26 11 11 5 1 4 16 1 2 22 2.70999124060388841 24.8475146591663361 56.9979132546735556 
16 20 2 14 1 9 3.36768017929769181 16 13 15 22 7 14 30 2 6 32 4 16 24 2.70999124060388841 9 23 11 4 13 12 18 19 13 12 16 1 6 15 9 1 3 7 14 2 10 15 30 2.70999124060388841 17 6 8 3 26 11 11 5 1 9 16 13 2 22 2.70999124060388841 20.3519507050514221 85.4624753427825965 
16 20 2 14 1 9 3.36768017929769181 16 13 15 22 7 10 8 1 6 32 4 16 24 2.70999124060388841 12 20 8 4 13 12 18 19 13 12 16 1 6 15 9 1 3 7 14 2 10 2 1 4 17 6 8 3 26 11 11 5 1 9 16 13 2 22 2.70999124060388841 21.3347899615764618 69.8207926756940651 
16 20 2 14 1 9 3.36768017929769181 16 13 15 22 7 13 31 10 6 32 4 16 24 2.70999124060388841 9 23 11 4 13 12 18 19 13 12 16 1 6 15 9 1 3 7 14 2 10 14 31 3 17 6 8 3 26 11 8 25 5 9 16 13 2 22 2.70999124060388841 19.7607358396053314 97.8503862778159572 
16 20 2 14 1 9 3.36768017929769181 16 13 15 22 7 13 30 12 6 32 4 16 24 2.70999124060388841 9 23 11 4 13 12 18 19 13 12 16 1 6 15 9 1 3 7 14 2 10 1 24 10 17 6 8 3 26 11 6 25 1 9 16 13 2 22 2.70999124060388841 19.7611537277698517 95.1156454953992494 
16 20 2 14 1 9 3.36768017929769181 16 13 15 22 7 10 8 1 6 32 4 16 24 2.70999124060388841 9 23 11 4 13 12 18 19 13 12 16 1 6 15 9 1 3 7 14 2 10 6 30 4 17 6 8 3 26 11 11 5 1 9 16 13 2 22 2.70999124060388841 21.5821767747402191 66.4416005935355827 
16 20 2 14 1 9 3.36768017929769181 16 13 1 3 5 10 8 1 6 32 4 16 24 2.70999124060388841 9 23 11 4 13 12 18 19 13 12 16 1 6 15 9 1 3 7 14 2 10 10 10 5 17 6 8 3 26 11 11 5 1 9 16 13 2 22 2.70999124060388841 24.786335676908493 59.2399677956057289 
16 20 2 14 1 9 3.36768017929769181 16 13 15 22 7 10 8 1 6 32 4 16 24 2.70999124060388841 9 23 11 4 13 12 18 19 13 12 16 1 6 15 9 1 3 7 14 2 10 10 1 4 17 6 8 3 26 11 11 5 1 9 16 13 2 22 2.70999124060388841 22.2645038664340973 59.8095535450138911 
16 20 2 14 1 9 3.36768017929769181 16 13 15 22 7 10 8 1 6 32 4 16 24 2.70999124060388841 9 23 11 4 13 12 3 12 12 12 16 1 6 15 9 1 3 7 14 2 10 10 32 2.70999124060388841 17 6 8 3 26 11 11 5 1 9 16 13 2 22 2.70999124060388841 21.227112740278244 70.9608768383468913 
16 20 2 14 1 9 3.36768017929769181 16 13 15 22 7 10 8 1 6 32 4 16 24 2.70999124060388841 9 23 11 4 13 12 18 19 13 12 16 1 6 15 9 1 3 7 14 2 10 15 1 7 17 6 8 3 26 11 11 5 1 6 9 2 2 22 2.70999124060388841 21.3059877455234528 70.2382992944357483 
16 20 2 14 1 9 3.36768017929769181 16 13 15 22 7 10 8 1 6 32 4 16 24 2.70999124060388841 9 23 11 4 13 12 18 19 13 12 16 1 6 15 9 1 3 7 14 2 10 15 30 7 17 6 8 3 26 11 11 5 1 9 16 13 2 22 2.70999124060388841 21.6770807802677155 62.8767870266798568 
16 20 2 14 1 9 3.36768017929769181 16 13 15 22 7 10 8 1 6 32 4 16 24 2.70999124060388841 9 23 11 4 13 12 18 19 13 12 16 1 6 15 9 1 3 7 14 2 10 10 30 10 17 6 8 3 26 11 11 5 1 9 16 13 2 22 2.70999124060388841 22.2147918045520782 59.9454101614756851 
16 20 2 14 1 9 3.36768017929769181 16 13 15 22 7 10 8 1 6 32 4 16 24 2.70999124060388841 9 23 11 4 13 12 18 19 13 12 16 1 6 15 9 1 3 7 14 2 10 15 30 9 17 6 8 3 26 11 11 5 1 9 16 13 2 22 2.70999124060388841 21.6290567815303802 63.6200735215912232 
16 20 2 14 1 9 3.36768017929769181 16 13 15 22 7 10 8 1 6 32 4 16 24 2.70999124060388841 9 23 11 4 13 12 18 19 13 12 16 1 6 15 9 1 3 7 14 2 10 15 1 7 17 6 8 3 26 11 11 5 1 9 16 13 2 22 2.70999124060388841 21.8007927238941193 62.564818731071 
16 20 2 14 1 9 3.36768017929769181 16 13 15 22 7 2 31 4 6 32 4 16 24 2.70999124060388841 9 23 11 4 13 12 3 5.34074699537910114 6.96245171630185755 12 16 1 6 15 9 1 3 7 14 2 10 15 32 5 17 6 8 3 26 11 11 5 1 9 16 13 2 22 2.70999124060388841 19.9297367036342621 90.6752887946165345 

Current Evaluation = 100000000(100000000)
Front Size = 42
12 18 8 1 14 11 14 26 2.70999124060388841 3 1 7 1 19 11 8 2 5 3 6 9 1 16 9 16 2 2 9.25570237641795579 12 9 13 24 9 16 31 12 13 31 4 15 13 9 8 20 3 12 6 3 15 25 9 16 1 3 12 31 7 4 30 2 16.952075719833374 213.550129637341882 
10 31 10 11 3 11 15 19 6 12 31 2 13 5 4 2 24 9 1 15 11 16 1 3 4 15 2.70999124060388841 1 1 9 3 26 10 15 6 5 15 16 4 14 19 11 10 31 8 17 20 7 16 3 8 1 26 9 13 1 6 1 26 5 18.2168279886245728 200.540656565656604 
3 15 5 17 30 13 6 1 6 6 5.34074699537910114 10 4 25 11 2 6 5 14 16 4 1 24 9 6 15 6.96245171630185755 16 9 11 6 20 11 2 3 5 12 9 2 3 13 13 4.94126535182462057 18 10 14 18 9.82524131762891173 9 29 1 2 16 13 13 13 4 14 30 9 18.318709135055542 198.200698269738524 
16 20 2 14 1 9 3.36768017929769181 16 13 15 22 7 14 30 1 6 32 4 16 24 2.70999124060388841 9 23 11 4 13 12 18 19 13 12 16 1 6 15 9 1 3 7 14 2 10 6 18 9 17 6 8 3 26 11 11 5 1 9 16 13 2 22 2.70999124060388841 20.5720027387142181 79.4867232216244588 
16 20 2 14 1 9 3.36768017929769181 16 13 15 22 7 10 8 1 6 32 4 16 24 2.70999124060388841 1 12 10 4 13 12 18 19 13 12 16 1 6 15 9 1 3 7 14 2 10 6 30 4 17 6 8 3 26 11 11 5 1 9 16 13 2 22 2.70999124060388841 20.7883718907833099 72.4389066822178478 
16 20 2 14 1 9 3.36768017929769181 16 13 15 22 7 10 8 1 6 32 4 16 24 2.70999124060388841 9 23 11 4 13 12 18 19 13 12 16 1 6 15 9 1 3 7 14 2 10 10 30 9 17 6 8 3 26 11 11 5 1 9 16 13 2 22 2.70999124060388841 22.1127677261829376 62.4358357908748545 
12 18 2.70999124060388841 16 15 6.96245171630185755 14 5 6 15 16 3 6 14 10 4.94126535182462057 24 8 9 15 4 15 22 9 12 19 11 13 11 2 13 20 9.82524131762891173 16 3 8 6 32 7 6 24 9 1 25 13 17 15 7 13 24 4 2 30 10 1 26 7 4 22 12 17.5526697635650635 209.380410233041772 
16 20 2 14 1 9 3.36768017929769181 16 13 15 22 7 2 1 4 6 32 4 16 24 2.70999124060388841 9 23 11 4 13 12 18 19 13 12 16 1 6 15 9 1 3 7 14 2 10 6 30 2 17 6 8 3 26 11 3.36768017929769181 14 6 14 26 9 2 22 2.70999124060388841 19.2415148019790649 103.386832529783064 
13 12 6 6 8 10 14 24 2 16 6 2.70999124060388841 15 3 11 2 5 9 9.25570237641795579 25 7 14 30 6 2 5 6 3 26 10 4.94126535182462057 6 1 14 6 3 6 17 9 4 7 7 17 16 12 6 13 10 14 15 13 9 2 1 16 26 6 13.2195649013323386 14 11 18.1015227437019348 203.763734459554911 
16 20 2 14 1 9 3.36768017929769181 16 13 15 22 7 10 8 1 6 32 4 16 24 2.70999124060388841 9 23 11 4 13 12 2 12 13 12 16 1 6 15 9 1 3 7 14 2 10 3.36768017929769181 30 6.96245171630185755 17 6 8 3 26 11 14 20 7 9 16 13 2 22 2.70999124060388841 19.6273488700389862 99.4916549137137451 
16 20 2 14 1 9 3.36768017929769181 16 13 15 22 7 10 8 1 6 32 4 16 24 2.70999124060388841 2 31 5 4 13 12 9 6 11 12 16 1 6 15 9 1 3 7 14 2 10 14 24 9 17 6 8 3 26 11 11 5 1 9 16 13 2 22 2.70999124060388841 19.8334638774394989 93.6096116301998507 
16 20 2 14 1 9 3.36768017929769181 6 6 15 22 7 10 8 1 6 32 4 16 24 2.70999124060388841 1 6 11 4 13 12 6 15 2 12 16 1 6 15 9 1 3 7 14 2 10 14 24 11 17 6 8 3 26 11 8 15 9 9 16 13 2 22 2.70999124060388841 18.4063668549060822 137.207623170480304 
16 20 2 14 1 9 3.36768017929769181 16 13 15 22 7 10 8 1 6 32 4 16 24 2.70999124060388841 9 23 11 4 13 12 14 12 10 12 16 1 6 15 9 1 3 7 14 2 10 14 1 9 17 6 8 3 26 11 11 5 1 1 5.34074699537910114 13 14 30 1 18.9412678480148315 117.188471155646738 
16 20 2 14 1 9 3.36768017929769181 16 13 15 22 7 10 8 1 6 32 4 16 24 2.70999124060388841 9 23 11 4 13 12 18 19 13 12 16 1 6 15 9 1 3 7 14 2 10 10 10 5 17 6 8 3 26 11 11 5 1 4 16 1 2 22 2.70999124060388841 24.8475146591663361 56.9979132546735556 
16 20 2 14 1 9 3.36768017929769181 16 13 15 22 7 10 8 1 6 32 4 16 24 2.70999124060388841 12 20 8 4 13 12 18 19 13 12 16 1 6 15 9 1 3 7 14 2 10 2 1 4 17 6 8 3 26 11 11 5 1 9 16 13 2 22 2.70999124060388841 21.3347899615764618 69.8207926756940651 
16 20 2 14 1 9 3.36768017929769181 16 13 15 22 7 13 30 12 6 32 4 16 24 2.70999124060388841 9 23 11 4 13 12 18 19 13 12 16 1 6 15 9 1 3 7 14 2 10 1 24 10 17 6 8 3 26 11 6 25 1 9 16 13 2 22 2.70999124060388841 19.7611537277698517 95.1156454953992494 
16 20 2 14 1 9 3.36768017929769181 16 13 15 22 7 10 8 1 6 32 4 16 24 2.70999124060388841 9 23 11 4 13 12 18 19 13 12 16 1 6 15 9 1 3 7 14 2 10 10 1 4 17 6 8 3 26 11 11 5 1 9 16 13 2 22 2.70999124060388841 22.2645038664340973 59.8095535450138911 
16 20 2 14 1 9 3.36768017929769181 16 13 15 22 7 10 8 1 6 32 4 16 24 2.70999124060388841 9 23 11 4 13 12 3 12 12 12 16 1 6 15 9 1 3 7 14 2 10 10 32 2.70999124060388841 17 6 8 3 26 11 11 5 1 9 16 13 2 22 2.70999124060388841 21.227112740278244 70.9608768383468913 
16 20 2 14 1 9 3.36768017929769181 16 13 15 22 7 10 8 1 6 32 4 16 24 2.70999124060388841 9 23 11 4 13 12 18 19 13 12 16 1 6 15 9 1 3 7 14 2 10 15 1 7 17 6 8 3 26 11 11 5 1 6 9 2 2 22 2.70999124060388841 21.3059877455234528 70.2382992944357483 
16 20 2 14 1 9 3.36768017929769181 16 13 15 22 7 10 8 1 6 32 4 16 24 2.70999124060388841 9 23 11 4 13 12 18 19 13 12 16 1 6 15 9 1 3 7 14 2 10 15 30 7 17 6 8 3 26 11 11 5 1 9 16 13 2 22 2.70999124060388841 21.6770807802677155 62.8767870266798568 
16 20 2 14 1 9 3.36768017929769181 16 13 15 22 7 10 8 1 6 32 4 16 24 2.70999124060388841 9 23 11 4 13 12 18 19 13 12 16 1 6 15 9 1 3 7 14 2 10 10 30 10 17 6 8 3 26 11 11 5 1 9 16 13 2 22 2.70999124060388841 22.2147918045520782 59.9454101614756851 
16 20 2 14 1 9 3.36768017929769181 16 13 15 22 7 10 8 1 6 32 4 16 24 2.70999124060388841 9 23 11 4 13 12 18 19 13 12 16 1 6 15 9 1 3 7 14 2 10 15 30 9 17 6 8 3 26 11 11 5 1 9 16 13 2 22 2.70999124060388841 21.6290567815303802 63.6200735215912232 
16 20 2 14 1 9 3.36768017929769181 16 13 15 22 7 10 8 1 6 32 4 16 24 2.70999124060388841 9 23 11 4 13 12 18 19 13 12 16 1 6 15 9 1 3 7 14 2 10 15 1 7 17 6 8 3 26 11 11 5 1 9 16 13 2 22 2.70999124060388841 21.8007927238941193 62.564818731071 
16 20 2 14 1 9 3.36768017929769181 16 13 15 22 7 10 8 1 6 32 4 16 24 2.70999124060388841 9 23 11 4 13 12 18 19 13 12 16 1 6 15 9 1 3 7 14 2 10 10 18 3 17 6 8 3 26 11 11 5 1 9 16 13 2 22 2.70999124060388841 22.5267998278141022 59.7876052738727921 
16 20 2 14 1 9 3.36768017929769181 16 13 15 22 7 10 8 1 6 32 4 16 24 2.70999124060388841 9 23 11 4 13 12 18 19 13 12 16 1 6 15 9 1 3 7 14 2 10 10 18 6 17 6 8 3 26 11 11 5 1 9 16 13 2 22 2.70999124060388841 22.5467998087406158 58.6287441114868031 
16 20 2 14 1 9 3.36768017929769181 16 13 15 22 7 10 30 1 6 32 4 16 24 2.70999124060388841 9 23 11 4 13 12 18 19 13 12 16 1 6 15 9 1 3 7 14 2 10 2 32 5 17 6 8 3 26 11 11 5 1 9 16 13 2 22 2.70999124060388841 21.4258497655391693 67.6258544774798764 
16 20 2 14 1 9 3.36768017929769181 16 13 15 22 7 4 30 1 6 32 4 16 24 2.70999124060388841 9 23 11 4 13 12 1 32 6 12 16 1 6 15 9 1 3 7 14 2 10 4 12 9 17 6 8 3 26 11 11 5 1 9 16 13 2 22 2.70999124060388841 19.5027666985988617 99.6046082758115148 
16 20 2 14 1 9 3.36768017929769181 16 13 15 22 7 10 8 1 6 32 4 16 24 2.70999124060388841 9 23 11 4 13 12 18 19 13 12 16 1 6 15 9 1 3 7 14 2 10 10 32 4 17 6 8 3 26 11 11 5 1 6 15 7 12 24 2.70999124060388841 21.1054098904132843 71.2121818158968694 
9 25 8 12 24 9 14 2 12 6 16 5 2 6 10 14 17 3 14 9 13 4 30 2 11 22 5 6 24 9 6 6 9 13 5.34074699537910114 3 14 26 5 4 1 10 16 16 8 2 2 4 18 12 3 17 26 7 8 1 5 13 6 13 18.3855237364768982 196.883372836313953 
16 20 2 14 1 9 3.36768017929769181 16 13 15 22 7 10 8 1 6 32 4 16 24 2.70999124060388841 9 23 11 4 13 12 3 30 11 12 16 1 6 15 9 1 3 7 14 2 10 6 20 3 17 6 8 3 26 11 11 5 1 9 16 13 2 22 2.70999124060388841 20.5824397504329681 77.0990844858413311 
16 20 2 14 1 9 3.36768017929769181 16 13 15 22 7 10 8 1 6 32 4 16 24 2.70999124060388841 9 23 11 4 13 12 18 19 13 12 16 1 6 15 9 1 3 7 14 2 10 15 12 9 17 6 8 3 26 11 1 24 4 9 16 13 2 22 2.70999124060388841 20.6520868837833405 75.9806125573772562 
16 20 2 14 1 9 3.36768017929769181 16 13 15 22 7 10 8 1 6 32 4 16 24 2.70999124060388841 9 23 11 4 13 12 14 9 7 12 16 1 6 15 9 1 3 7 14 2 10 6 30 5 17 6 8 3 26 11 11 5 1 9 16 13 2 22 2.70999124060388841 20.3100807964801788 81.3415271542191078 
16 20 2 14 1 9 3.36768017929769181 16 13 15 22 7 10 8 1 6 32 4 16 24 2.70999124060388841 9 23 11 4 13 12 18 19 13 12 16 1 6 15 9 1 3 7 14 2 10 10 10 5 17 6 8 3 26 11 11 5 1 9 16 13 2 22 2.70999124060388841 24.9576006233692169 56.7018318839683886 
16 20 2 14 1 9 3.36768017929769181 16 13 15 22 7 10 8 1 6 32 4 16 24 2.70999124060388841 9 23 11 4 13 12 15 18 2 12 16 1 6 15 9 1 3 7 14 2 10 13 12 4 17 6 8 3 26 11 6 25 2 9 16 13 2 22 2.70999124060388841 19.6778078377246857 96.4356317846864357 
16 20 2 14 1 9 3.36768017929769181 16 13 15 22 7 10 8 1 6 32 4 16 24 2.70999124060388841 9 23 11 4 13 12 18 19 13 12 16 1 6 15 9 1 3 7 14 2 10 15 1 9 17 6 8 3 26 11 12 31 2.70999124060388841 9 16 13 2 22 2.70999124060388841 20.9009028375148773 72.0175703617605478 
16 20 2 14 1 9 3.36768017929769181 16 13 15 22 7 1 25 4 6 32 4 16 24 2.70999124060388841 9 23 11 4 13 12 18 19 13 12 16 1 6 15 9 1 3 7 14 2 10 6 30 11 17 6 8 3 26 11 14 1 6 9 16 13 2 22 2.70999124060388841 19.4937737882137299 103.171514844694656 
16 20 2 14 1 9 3.36768017929769181 16 13 15 22 7 10 8 1 6 32 4 16 24 2.70999124060388841 9 23 11 4 13 12 18 19 13 12 16 1 6 15 9 1 3 7 14 2 10 10 30 4 17 6 8 3 26 11 11 5 1 9 16 13 2 22 2.70999124060388841 22.1407918035984039 60.9645078406419785 
16 20 2 14 1 9 3.36768017929769181 16 13 15 22 7 10 8 1 6 32 4 16 24 2.70999124060388841 9 23 11 4 13 12 18 19 13 12 16 1 6 15 9 1 3 7 14 2 10 6 30 9 17 6 8 3 26 11 11 5 1 9 16 13 2 22 2.70999124060388841 21.5541527569293976 66.3866823135385573 
16 20 2 14 1 9 3.36768017929769181 16 13 15 22 7 6 30 10 6 32 4 16 24 2.70999124060388841 9 23 11 4 13 12 18 19 13 12 16 1 6 15 9 1 3 7 14 2 10 15 24 10 17 6 8 3 26 11 11 5 1 9 16 13 2 22 2.70999124060388841 20.5748026669025421 79.1549243191473693 
16 20 2 14 1 9 3.36768017929769181 16 13 15 22 7 3.36768017929769181 11 5 6 32 4 16 24 2.70999124060388841 9 23 11 4 13 12 14 1 8 12 16 1 6 15 9 1 3 7 14 2 10 3 25 13 17 6 8 3 26 11 4 20 11 12 25 12 2 22 2.70999124060388841 18.7588977515697479 129.474204883838638 
16 20 2 14 1 9 3.36768017929769181 16 13 15 22 7 4 6 9 6 32 4 16 24 2.70999124060388841 9 23 11 4 13 12 8 31 1 12 16 1 6 15 9 1 3 7 14 2 10 1 31 2 17 6 8 3.36768017929769181 9 13 11 5 1 9 16 13 13 12 4 19.101393848657608 113.902920570595413 
16 20 2 14 1 9 3.36768017929769181 16 13 15 22 7 12 30 12 6 32 4 16 24 2.70999124060388841 9 23 11 4 13 12 3.36768017929769181 2 13 12 16 1 6 15 9 1 3 7 14 2 10 15 20 4 17 6 8 3 26 11 11 5 1 9 16 13 2 22 2.70999124060388841 19.9196838438510895 86.5098770277243574 

MOEA/D: Multiobjective Evolutionary Algorithm Based on Decomposition
Number of Evaluations = 100000000
Mutation Probability = 0.0500000007450580597
Population Size = 250
Neighborhood size = 50
Seed: 13

Time =  17576.5290859999986

Current Evaluation = 100000000
Front Size = 42
12 18 8 1 14 11 14 26 2.70999124060388841 3 1 7 1 19 11 8 2 5 3 6 9 1 16 9 16 2 2 9.25570237641795579 12 9 13 24 9 16 31 12 13 31 4 15 13 9 8 20 3 12 6 3 15 25 9 16 1 3 12 31 7 4 30 2 16.952075719833374 213.550129637341882 
10 31 10 11 3 11 15 19 6 12 31 2 13 5 4 2 24 9 1 15 11 16 1 3 4 15 2.70999124060388841 1 1 9 3 26 10 15 6 5 15 16 4 14 19 11 10 31 8 17 20 7 16 3 8 1 26 9 13 1 6 1 26 5 18.2168279886245728 200.540656565656604 
3 15 5 17 30 13 6 1 6 6 5.34074699537910114 10 4 25 11 2 6 5 14 16 4 1 24 9 6 15 6.96245171630185755 16 9 11 6 20 11 2 3 5 12 9 2 3 13 13 4.94126535182462057 18 10 14 18 9.82524131762891173 9 29 1 2 16 13 13 13 4 14 30 9 18.318709135055542 198.200698269738524 
16 20 2 14 1 9 3.36768017929769181 16 13 15 22 7 14 30 1 6 32 4 16 24 2.70999124060388841 9 23 11 4 13 12 18 19 13 12 16 1 6 15 9 1 3 7 14 2 10 6 18 9 17 6 8 3 26 11 11 5 1 9 16 13 2 22 2.70999124060388841 20.5720027387142181 79.4867232216244588 
16 20 2 14 1 9 3.36768017929769181 16 13 15 22 7 10 8 1 6 32 4 16 24 2.70999124060388841 1 12 10 4 13 12 18 19 13 12 16 1 6 15 9 1 3 7 14 2 10 6 30 4 17 6 8 3 26 11 11 5 1 9 16 13 2 22 2.70999124060388841 20.7883718907833099 72.4389066822178478 
16 20 2 14 1 9 3.36768017929769181 16 13 15 22 7 10 8 1 6 32 4 16 24 2.70999124060388841 9 23 11 4 13 12 18 19 13 12 16 1 6 15 9 1 3 7 14 2 10 10 30 9 17 6 8 3 26 11 11 5 1 9 16 13 2 22 2.70999124060388841 22.1127677261829376 62.4358357908748545 
12 18 2.70999124060388841 16 15 6.96245171630185755 14 5 6 15 16 3 6 14 10 4.94126535182462057 24 8 9 15 4 15 22 9 12 19 11 13 11 2 13 20 9.82524131762891173 16 3 8 6 32 7 6 24 9 1 25 13 17 15 7 13 24 4 2 30 10 1 26 7 4 22 12 17.5526697635650635 209.380410233041772 
16 20 2 14 1 9 3.36768017929769181 16 13 15 22 7 2 1 4 6 32 4 16 24 2.70999124060388841 9 23 11 4 13 12 18 19 13 12 16 1 6 15 9 1 3 7 14 2 10 6 30 2 17 6 8 3 26 11 3.36768017929769181 14 6 14 26 9 2 22 2.70999124060388841 19.2415148019790649 103.386832529783064 
13 12 6 6 8 10 14 24 2 16 6 2.70999124060388841 15 3 11 2 5 9 9.25570237641795579 25 7 14 30 6 2 5 6 3 26 10 4.94126535182462057 6 1 14 6 3 6 17 9 4 7 7 17 16 12 6 13 10 14 15 13 9 2 1 16 26 6 13.2195649013323386 14 11 18.1015227437019348 203.763734459554911 
16 20 2 14 1 9 3.36768017929769181 16 13 15 22 7 10 8 1 6 32 4 16 24 2.70999124060388841 9 23 11 4 13 12 2 12 13 12 16 1 6 15 9 1 3 7 14 2 10 3.36768017929769181 30 6.96245171630185755 17 6 8 3 26 11 14 20 7 9 16 13 2 22 2.70999124060388841 19.6273488700389862 99.4916549137137451 
16 20 2 14 1 9 3.36768017929769181 16 13 15 22 7 10 8 1 6 32 4 16 24 2.70999124060388841 2 31 5 4 13 12 9 6 11 12 16 1 6 15 9 1 3 7 14 2 10 14 24 9 17 6 8 3 26 11 11 5 1 9 16 13 2 22 2.70999124060388841 19.8334638774394989 93.6096116301998507 
16 20 2 14 1 9 3.36768017929769181 6 6 15 22 7 10 8 1 6 32 4 16 24 2.70999124060388841 1 6 11 4 13 12 6 15 2 12 16 1 6 15 9 1 3 7 14 2 10 14 24 11 17 6 8 3 26 11 8 15 9 9 16 13 2 22 2.70999124060388841 18.4063668549060822 137.207623170480304 
16 20 2 14 1 9 3.36768017929769181 16 13 15 22 7 10 8 1 6 32 4 16 24 2.70999124060388841 9 23 11 4 13 12 14 12 10 12 16 1 6 15 9 1 3 7 14 2 10 14 1 9 17 6 8 3 26 11 11 5 1 1 5.34074699537910114 13 14 30 1 18.9412678480148315 117.188471155646738 
16 20 2 14 1 9 3.36768017929769181 16 13 15 22 7 10 8 1 6 32 4 16 24 2.70999124060388841 9 23 11 4 13 12 18 19 13 12 16 1 6 15 9 1 3 7 14 2 10 10 10 5 17 6 8 3 26 11 11 5 1 4 16 1 2 22 2.70999124060388841 24.8475146591663361 56.9979132546735556 
16 20 2 14 1 9 3.36768017929769181 16 13 15 22 7 10 8 1 6 32 4 16 24 2.70999124060388841 12 20 8 4 13 12 18 19 13 12 16 1 6 15 9 1 3 7 14 2 10 2 1 4 17 6 8 3 26 11 11 5 1 9 16 13 2 22 2.70999124060388841 21.3347899615764618 69.8207926756940651 
16 20 2 14 1 9 3.36768017929769181 16 13 15 22 7 13 30 12 6 32 4 16 24 2.70999124060388841 9 23 11 4 13 12 18 19 13 12 16 1 6 15 9 1 3 7 14 2 10 1 24 10 17 6 8 3 26 11 6 25 1 9 16 13 2 22 2.70999124060388841 19.7611537277698517 95.1156454953992494 
16 20 2 14 1 9 3.36768017929769181 16 13 15 22 7 10 8 1 6 32 4 16 24 2.70999124060388841 9 23 11 4 13 12 18 19 13 12 16 1 6 15 9 1 3 7 14 2 10 10 1 4 17 6 8 3 26 11 11 5 1 9 16 13 2 22 2.70999124060388841 22.2645038664340973 59.8095535450138911 
16 20 2 14 1 9 3.36768017929769181 16 13 15 22 7 10 8 1 6 32 4 16 24 2.70999124060388841 9 23 11 4 13 12 3 12 12 12 16 1 6 15 9 1 3 7 14 2 10 10 32 2.70999124060388841 17 6 8 3 26 11 11 5 1 9 16 13 2 22 2.70999124060388841 21.227112740278244 70.9608768383468913 
16 20 2 14 1 9 3.36768017929769181 16 13 15 22 7 10 8 1 6 32 4 16 24 2.70999124060388841 9 23 11 4 13 12 18 19 13 12 16 1 6 15 9 1 3 7 14 2 10 15 1 7 17 6 8 3 26 11 11 5 1 6 9 2 2 22 2.70999124060388841 21.3059877455234528 70.2382992944357483 
16 20 2 14 1 9 3.36768017929769181 16 13 15 22 7 10 8 1 6 32 4 16 24 2.70999124060388841 9 23 11 4 13 12 18 19 13 12 16 1 6 15 9 1 3 7 14 2 10 15 30 7 17 6 8 3 26 11 11 5 1 9 16 13 2 22 2.70999124060388841 21.6770807802677155 62.8767870266798568 
16 20 2 14 1 9 3.36768017929769181 16 13 15 22 7 10 8 1 6 32 4 16 24 2.70999124060388841 9 23 11 4 13 12 18 19 13 12 16 1 6 15 9 1 3 7 14 2 10 10 30 10 17 6 8 3 26 11 11 5 1 9 16 13 2 22 2.70999124060388841 22.2147918045520782 59.9454101614756851 
16 20 2 14 1 9 3.36768017929769181 16 13 15 22 7 10 8 1 6 32 4 16 24 2.70999124060388841 9 23 11 4 13 12 18 19 13 12 16 1 6 15 9 1 3 7 14 2 10 15 30 9 17 6 8 3 26 11 11 5 1 9 16 13 2 22 2.70999124060388841 21.6290567815303802 63.6200735215912232 
16 20 2 14 1 9 3.36768017929769181 16 13 15 22 7 10 8 1 6 32 4 16 24 2.70999124060388841 9 23 11 4 13 12 18 19 13 12 16 1 6 15 9 1 3 7 14 2 10 15 1 7 17 6 8 3 26 11 11 5 1 9 16 13 2 22 2.70999124060388841 21.8007927238941193 62.564818731071 
16 20 2 14 1 9 3.36768017929769181 16 13 15 22 7 10 8 1 6 32 4 16 24 2.70999124060388841 9 23 11 4 13 12 18 19 13 12 16 1 6 15 9 1 3 7 14 2 10 10 18 3 17 6 8 3 26 11 11 5 1 9 16 13 2 22 2.70999124060388841 22.5267998278141022 59.7876052738727921 
16 20 2 14 1 9 3.36768017929769181 16 13 15 22 7 10 8 1 6 32 4 16 24 2.70999124060388841 9 23 11 4 13 12 18 19 13 12 16 1 6 15 9 1 3 7 14 2 10 10 18 6 17 6 8 3 26 11 11 5 1 9 16 13 2 22 2.70999124060388841 22.5467998087406158 58.6287441114868031 
16 20 2 14 1 9 3.36768017929769181 16 13 15 22 7 10 30 1 6 32 4 16 24 2.70999124060388841 9 23 11 4 13 12 18 19 13 12 16 1 6 15 9 1 3 7 14 2 10 2 32 5 17 6 8 3 26 11 11 5 1 9 16 13 2 22 2.70999124060388841 21.4258497655391693 67.6258544774798764 
16 20 2 14 1 9 3.36768017929769181 16 13 15 22 7 4 30 1 6 32 4 16 24 2.70999124060388841 9 23 11 4 13 12 1 32 6 12 16 1 6 15 9 1 3 7 14 2 10 4 12 9 17 6 8 3 26 11 11 5 1 9 16 13 2 22 2.70999124060388841 19.5027666985988617 99.6046082758115148 
16 20 2 14 1 9 3.36768017929769181 16 13 15 22 7 10 8 1 6 32 4 16 24 2.70999124060388841 9 23 11 4 13 12 18 19 13 12 16 1 6 15 9 1 3 7 14 2 10 10 32 4 17 6 8 3 26 11 11 5 1 6 15 7 12 24 2.70999124060388841 21.1054098904132843 71.2121818158968694 
9 25 8 12 24 9 14 2 12 6 16 5 2 6 10 14 17 3 14 9 13 4 30 2 11 22 5 6 24 9 6 6 9 13 5.34074699537910114 3 14 26 5 4 1 10 16 16 8 2 2 4 18 12 3 17 26 7 8 1 5 13 6 13 18.3855237364768982 196.883372836313953 
16 20 2 14 1 9 3.36768017929769181 16 13 15 22 7 10 8 1 6 32 4 16 24 2.70999124060388841 9 23 11 4 13 12 3 30 11 12 16 1 6 15 9 1 3 7 14 2 10 6 20 3 17 6 8 3 26 11 11 5 1 9 16 13 2 22 2.70999124060388841 20.5824397504329681 77.0990844858413311 
16 20 2 14 1 9 3.36768017929769181 16 13 15 22 7 10 8 1 6 32 4 16 24 2.70999124060388841 9 23 11 4 13 12 18 19 13 12 16 1 6 15 9 1 3 7 14 2 10 15 12 9 17 6 8 3 26 11 1 24 4 9 16 13 2 22 2.70999124060388841 20.6520868837833405 75.9806125573772562 
16 20 2 14 1 9 3.36768017929769181 16 13 15 22 7 10 8 1 6 32 4 16 24 2.70999124060388841 9 23 11 4 13 12 14 9 7 12 16 1 6 15 9 1 3 7 14 2 10 6 30 5 17 6 8 3 26 11 11 5 1 9 16 13 2 22 2.70999124060388841 20.3100807964801788 81.3415271542191078 
16 20 2 14 1 9 3.36768017929769181 16 13 15 22 7 10 8 1 6 32 4 16 24 2.70999124060388841 9 23 11 4 13 12 18 19 13 12 16 1 6 15 9 1 3 7 14 2 10 10 10 5 17 6 8 3 26 11 11 5 1 9 16 13 2 22 2.70999124060388841 24.9576006233692169 56.7018318839683886 
16 20 2 14 1 9 3.36768017929769181 16 13 15 22 7 10 8 1 6 32 4 16 24 2.70999124060388841 9 23 11 4 13 12 15 18 2 12 16 1 6 15 9 1 3 7 14 2 10 13 12 4 17 6 8 3 26 11 6 25 2 9 16 13 2 22 2.70999124060388841 19.6778078377246857 96.4356317846864357 
16 20 2 14 1 9 3.36768017929769181 16 13 15 22 7 10 8 1 6 32 4 16 24 2.70999124060388841 9 23 11 4 13 12 18 19 13 12 16 1 6 15 9 1 3 7 14 2 10 15 1 9 17 6 8 3 26 11 12 31 2.70999124060388841 9 16 13 2 22 2.70999124060388841 20.9009028375148773 72.0175703617605478 
16 20 2 14 1 9 3.36768017929769181 16 13 15 22 7 1 25 4 6 32 4 16 24 2.70999124060388841 9 23 11 4 13 12 18 19 13 12 16 1 6 15 9 1 3 7 14 2 10 6 30 11 17 6 8 3 26 11 14 1 6 9 16 13 2 22 2.70999124060388841 19.4937737882137299 103.171514844694656 
16 20 2 14 1 9 3.36768017929769181 16 13 15 22 7 10 8 1 6 32 4 16 24 2.70999124060388841 9 23 11 4 13 12 18 19 13 12 16 1 6 15 9 1 3 7 14 2 10 10 30 4 17 6 8 3 26 11 11 5 1 9 16 13 2 22 2.70999124060388841 22.1407918035984039 60.9645078406419785 
16 20 2 14 1 9 3.36768017929769181 16 13 15 22 7 10 8 1 6 32 4 16 24 2.70999124060388841 9 23 11 4 13 12 18 19 13 12 16 1 6 15 9 1 3 7 14 2 10 6 30 9 17 6 8 3 26 11 11 5 1 9 16 13 2 22 2.70999124060388841 21.5541527569293976 66.3866823135385573 
16 20 2 14 1 9 3.36768017929769181 16 13 15 22 7 6 30 10 6 32 4 16 24 2.70999124060388841 9 23 11 4 13 12 18 19 13 12 16 1 6 15 9 1 3 7 14 2 10 15 24 10 17 6 8 3 26 11 11 5 1 9 16 13 2 22 2.70999124060388841 20.5748026669025421 79.1549243191473693 
16 20 2 14 1 9 3.36768017929769181 16 13 15 22 7 3.36768017929769181 11 5 6 32 4 16 24 2.70999124060388841 9 23 11 4 13 12 14 1 8 12 16 1 6 15 9 1 3 7 14 2 10 3 25 13 17 6 8 3 26 11 4 20 11 12 25 12 2 22 2.70999124060388841 18.7588977515697479 129.474204883838638 
16 20 2 14 1 9 3.36768017929769181 16 13 15 22 7 4 6 9 6 32 4 16 24 2.70999124060388841 9 23 11 4 13 12 8 31 1 12 16 1 6 15 9 1 3 7 14 2 10 1 31 2 17 6 8 3.36768017929769181 9 13 11 5 1 9 16 13 13 12 4 19.101393848657608 113.902920570595413 
16 20 2 14 1 9 3.36768017929769181 16 13 15 22 7 12 30 12 6 32 4 16 24 2.70999124060388841 9 23 11 4 13 12 3.36768017929769181 2 13 12 16 1 6 15 9 1 3 7 14 2 10 15 20 4 17 6 8 3 26 11 11 5 1 9 16 13 2 22 2.70999124060388841 19.9196838438510895 86.5098770277243574 

