Current Evaluation = 10000000(10000000)
Front Size = 38
7 2 2 18 29 4 15 31 8 14 32 13 1 15 12 15 16 1 12 12 7 9 24 9 16 26 2 18 14 4 16 24 12 15 32 1 6 3 10 3 15 8 11 30 2.70999124060388841 12 21 13 16 31 2.70999124060388841 6 6 9 10 24 6 2 1 5 22.9632026553153992 92.9938840459388416 
6 2 13 17 30 9 15 31 8 14 32 13 1 15 12 15 16 1 12 12 7 9 24 9 16 26 2 18 14 4 4 9 12 15 32 1 6 3 10 3 15 8 11 30 2.70999124060388841 12 21 13 3.36768017929769181 7 12 9 24 10 10 24 6 2 1 5 21.0447958111763 128.018582057481524 
7 2 2 6 30 11 15 31 8 14 32 13 1 15 12 15 16 1 12 12 7 9 24 9 16 26 2 18 14 4 17 1 5 15 32 1 6 3 10 3 15 8 11 30 2.70999124060388841 12 21 13 3.36768017929769181 7 12 5 6 2.70999124060388841 10 24 6 2 1 5 22.2851167321205139 100.344344019461516 
2 19 12 4 26 4 10 6 2.70999124060388841 2 9 3 4 15 1 7 20 7 5 22 1 15 30 6 15 1 9 14 31 8 16 9 8 11 24 2 10 32 8 16 26 7 6 31 4 14 18 2 6 5 9 9.25570237641795579 1 5 14 1 6 12 6 8 19.8802908062934875 177.82671252723884 
7 2 2 3.36768017929769181 28 4 10 9 2 14 32 13 1 15 12 15 16 1 4 31 2 9 24 9 16 26 2 18 14 4 13 19 7 15 32 1 6 3 10 3 15 8 5 1 6.96245171630185755 12 5 12 9 19 11 1 15 10 10 24 6 2 1 5 22.2351986765861511 118.323771249772733 
3.36768017929769181 11 5 18 29 4 10 9 2 14 32 13 1 15 12 15 16 1 12 12 7 9 24 9 16 26 2 18 14 4 13 15 10 15 32 1 6 3 10 3 15 8 11 31 11 8 30 9 9 19 11 9 26 10 10 24 6 2 1 5 22.2228386998176575 121.146427740438611 
15 26 3 3 31 4 17 24 8 14 3 9 7 6 9 15 25 10 4 5 10 12 18 4 6 32 9 3.36768017929769181 9 12 14 31 6.96245171630185755 4.94126535182462057 24 11 9 20 3 16 24 9 17 18 11 6 15 9.82524131762891173 14 12 5 13 31.8448655754823804 5 2 22 7 8 32 8 17.15327388048172 214.582744620360728 
7 2 2 18 29 4 10 9 2 14 32 13 1 15 12 15 16 1 12 12 7 9 24 9 16 26 2 18 14 4 17 6 2.70999124060388841 15 32 1 6 3 10 5 22 1 11 31 11 12 21 13 9 19 11 16 33 5 10 24 6 2 1 5 25.796409547328949 74.6214688195238551 
17 19 3 1 1 4 10 9 2 14 32 13 1 15 12 15 16 1 12 12 7 9 24 9 16 26 2 18 14 4 4 12 1 15 32 1 6 3 10 5 22 1 11 31 11 12 21 13 9 19 11 14 30 2 10 24 6 2 1 5 21.9656818211078644 121.494049876559302 
7 2 2 18 29 4 10 9 2 14 32 13 1 15 12 15 16 1 12 12 7 9 24 9 16 26 2 18 14 4 17 30 2.70999124060388841 15 32 1 6 3 10 5 22 1 11 31 11 12 21 13 4 2 8 16 4 2.70999124060388841 10 24 6 2 1 5 27.1598905920982361 61.4997271380955084 
4 6 7 18 29 4 10 9 2 14 32 13 1 15 12 15 16 1 12 12 7 9 24 9 16 26 2 18 14 4 17 10 2 15 32 1 6 3 10 5 22 1 11 31 11 12 21 13 4 2 8 16 4 2.70999124060388841 10 24 6 2 1 5 28.4101925492286682 60.0522584037837888 
3 4 6 18 29 4 10 9 2 14 32 13 1 15 12 15 16 1 12 12 7 9 24 9 16 26 2 18 14 4 17 10 2 15 32 1 6 3 10 5 22 1 11 31 11 12 21 13 4 2 8 16 4 2.70999124060388841 10 24 6 2 1 5 30.9090105891227722 56.6736402333802118 
12 24 7 18 29 4 10 9 2 14 32 13 1 15 12 15 16 1 12 12 7 9 24 9 16 26 2 18 14 4 17 18 11 15 32 1 6 3 10 5 22 1 11 31 11 12 21 13 4 2 8 16 4 2.70999124060388841 10 24 6 2 1 5 26.071235716342926 68.7403785474246831 
3.36768017929769181 13 7 18 29 4 10 9 2 14 32 13 1 15 12 15 16 1 12 12 7 9 24 9 16 26 2 18 14 4 17 10 2 15 32 1 6 3 10 5 22 1 11 31 11 12 21 13 4 2 8 16 19 2 10 24 6 2 1 5 26.8762065768241882 66.0311272061272092 
18 11 7 4 6 3 10 9 2 14 32 13 1 15 12 15 16 1 12 12 7 9 24 9 16 26 2 18 14 4 17 10 2 15 32 1 6 3 10 5 22 1 11 31 11 12 21 13 4 2 8 16 4 2.70999124060388841 10 24 6 2 1 5 27.985457718372345 60.4623175753433912 
12 12 3 18 29 4 10 9 2 14 32 13 1 15 12 15 16 1 12 12 7 9 24 9 16 26 2 18 14 4 14 24 10 15 32 1 6 3 10 5 22 1 11 31 11 12 21 13 4 2 8 1 32 10 10 24 6 2 1 5 23.411864697933197 85.7344223438746553 
8 30 9 13 23 7 15 6 8 13 9 7 10 20 4 17 2 12 14 2 7 16 16 13 6 32 6 3 18 10 1 6 6 16 24 12 2 1 10 2 5.34074699537910114 5 3 13 13 6 32 12 15 9 4 6 24 12 9 8 10 13 25 4 18.5123839378356934 209.723370197054408 
17 32 11 3 9 9 12 24 1 17 14 7 9 20 2.70999124060388841 8 2 4 1 16 8 14 8 11 18 26 6.96245171630185755 17 30 4 15 11 9 10 16 3.84646942076222631 14 18 2 6 32 1 13.2195649013323386 9 13 11 23 3 17.8244721320812971 24 3 15 1 7.75241283629571765 16 14 8 1.62229798836725392 26 12 20.5764039158821106 170.958577533577568 
9 5 10 18 29 4 10 9 2 14 32 13 1 15 12 15 16 1 12 12 7 9 24 9 16 26 2 18 14 4 10 1 4 15 32 1 6 3 10 5 22 1 11 31 11 12 21 13 4 2 8 8 18 13 10 24 6 2 1 5 24.7882347702980042 78.7203045988573678 
4 12 7 18 29 4 10 9 2 14 32 13 1 15 12 15 16 1 12 12 7 9 24 9 16 26 2 18 14 4 12 30 9 15 32 1 6 3 10 5 22 1 11 31 11 12 21 13 4 2 8 16 4 2.70999124060388841 10 24 6 2 1 5 25.6890516877174377 75.008026616143809 
3 25 4 18 32 12 13 1 2 3 12 9 15 6 2 6 30 8 14 22 10 15 23 11 9 11 3 16 15 1 3.36768017929769181 30 1 6 16.1354543567662532 5 15 23 6 4 12 12 1 5 2 1 1 9 16 3 1 17 26 2 15 6 3 13 30 1 18.9373729825019836 181.575346902241506 
3.36768017929769181 13 3 1 15 13 10 9 2 14 32 13 1 15 12 15 16 1 12 12 7 9 24 9 16 26 2 18 14 4 16 31 4 15 32 1 6 3 10 5 22 1 11 31 11 12 21 13 4 2 8 16 4 2.70999124060388841 10 24 6 1 6 7 24.2461468577384949 85.3414657819846525 
3 4 6 18 29 4 10 9 2 14 32 13 1 15 12 15 16 1 12 12 7 9 24 9 16 26 2 18 6 6 17 10 2 15 32 1 6 3 10 5 22 1 11 31 11 12 21 13 4 2 8 16 4 2.70999124060388841 10 24 6 2 1 5 30.7581425309181213 57.52038408884939 
3.36768017929769181 11 7 18 29 4 10 9 2 14 32 13 1 15 12 15 16 1 12 12 7 9 24 9 16 26 2 18 14 4 17 10 2 15 32 1 6 3 10 5 22 1 11 31 11 12 21 13 4 2 8 16 4 2.70999124060388841 10 24 6 2 1 5 28.9393255114555359 58.5768837114853298 
13 31 2 18 29 4 10 9 2 14 32 13 1 15 12 15 16 1 12 12 7 9 24 9 16 26 2 18 14 4 14 15 10 15 32 1 6 3 10 5 22 1 11 31 11 12 21 13 4 2 8 16 6 13 10 24 6 2 1 5 23.3988195657730103 91.6486411684779938 
4 20 13 18 29 4 10 9 2 14 32 13 1 15 12 15 16 1 12 12 7 9 24 9 16 26 2 18 14 4 3.36768017929769181 1 10 15 32 1 6 3 10 5 22 1 11 31 11 12 21 13 4 2 8 3 8 8 10 24 6 2 1 5 24.357697606086731 80.065403276738877 
3 4 6 18 29 4 10 9 2 14 32 13 1 15 12 15 16 1 12 12 7 9 24 9 16 26 2 10 2 2 17 10 2 15 32 1 6 3 10 5 22 1 11 31 11 12 21 13 4 2 8 16 4 2.70999124060388841 10 24 6 2 1 5 30.6487205624580383 57.5345227306712985 
3 4 6 18 29 4 10 9 2 14 32 13 1 15 12 15 16 1 12 12 7 9 24 9 16 26 2 18 14 4 14 2 9 15 32 1 6 3 10 5 22 1 11 31 11 3 13 12 4 2 8 16 25 2.70999124060388841 10 24 6 2 1 5 25.1438939571380615 75.8497787975609441 
4 22 13 18 29 4 10 9 2 14 32 13 1 15 12 15 16 1 12 12 7 9 24 9 16 26 2 18 14 4 17 6 2.70999124060388841 15 32 1 6 3 10 5 22 1 11 31 11 12 21 13 4 2 8 9.25570237641795579 9 12 10 24 6 2 1 5 24.4049146771430969 79.4536619454825228 
3 5.34074699537910114 9 18 29 4 10 9 2 14 32 13 1 15 12 15 16 1 12 12 7 9 24 9 16 26 2 18 14 4 17 10 2 15 32 1 6 3 10 5 22 1 11 31 11 12 21 13 4 2 8 16 4 2.70999124060388841 10 24 6 2 1 5 28.6766605377197266 59.0238949339774379 
4 6 10 14 32 12 2 3 9 15 20 5 13 2 2 2 5.34074699537910114 9 16 26 2 14 6 4 10 11 4 17 18 7 12 28 5 1 18 7 4 6 6.96245171630185755 14 18 11 14 1 5 3 11 11 4.94126535182462057 32 9 13.2195649013323386 30 12 12 16 13 15 25 8 17.650984913110733 212.423558553589544 
4 5.34074699537910114 3 18 29 4 10 9 2 14 32 13 1 15 12 15 16 1 12 12 7 9 24 9 16 26 2 18 14 4 17 19 2 15 32 1 6 3 10 5 22 1 11 31 11 12 21 13 4 2 8 16 4 2.70999124060388841 10 24 6 2 1 5 26.3567206263542175 66.6083456565459073 
3.36768017929769181 20 5 14 15 12 15 16 10 3 25 2 14 22 13 16 25 2 13 9 1 17 5 12 2 24 2 16 26 10 1 1 12 9 15 10 13 25 6 17 30 1 6 8 9 15 32 13 10 19 8 11 18 10 14 30 10 15 2 10 18.8332438766956329 188.049054213760115 
4 20 7 18 29 4 10 9 2 14 32 13 1 15 12 15 16 1 12 12 7 9 24 9 16 26 2 18 14 4 17 10 2 15 32 1 6 3 10 5 22 1 11 31 11 12 21 13 4 2 8 16 4 2.70999124060388841 10 24 6 2 1 5 28.4492325186729431 59.0306801241701322 
9 12 9 18 29 4 10 9 2 14 32 13 1 15 12 15 16 1 12 12 7 9 24 9 16 26 2 18 14 4 1 1 4 15 32 1 6 3 10 5 22 1 11 31 11 12 21 13 4 2 8 16 4 2.70999124060388841 10 24 6 2 1 5 25.8642476797103882 69.5261636002890668 
4 20 9 18 29 4 10 9 2 14 32 13 1 15 12 15 16 1 12 12 7 9 24 9 16 26 2 18 14 4 17 10 2 15 32 1 6 3 10 5 22 1 11 31 11 12 21 13 4 2 8 16 4 2.70999124060388841 10 24 6 2 1 5 28.4012085199356079 60.2200373241752374 
14 30 12 10 30 13 2 2 10 14 18 12 16 1 3 6 19 1 14 32 13 5 13 2 3 12 9 4 24 1 18 25 11 1 31 4 14 30 2.70999124060388841 17 24 10 6 14 11 4 12 1 15 33 7 13 15 2 14 3 10 2 6 12 18.7087009251117706 197.605223044928948 
9 20 7 4 6 6 10 9 2 14 32 13 1 15 12 15 16 1 12 12 7 9 24 9 16 26 2 18 14 4 17 10 2 15 32 1 6 3 10 5 22 1 11 31 11 12 21 13 4 2 8 16 4 2.70999124060388841 10 24 6 2 1 5 26.8873376250267029 65.2496332885611849 

Current Evaluation = 20000000(20000000)
Front Size = 34
6 2 13 17 30 9 15 31 8 14 32 13 1 15 12 15 16 1 12 12 7 9 24 9 16 26 2 18 14 4 4 9 12 15 32 1 6 3 10 3 15 8 11 30 2.70999124060388841 12 21 13 3.36768017929769181 7 12 9 24 10 10 24 6 2 1 5 21.0447958111763 128.018582057481524 
7 2 2 6 30 11 15 31 8 14 32 13 1 15 12 15 16 1 12 12 7 9 24 9 16 26 2 18 14 4 17 1 5 15 32 1 6 3 10 3 15 8 11 30 2.70999124060388841 12 21 13 3.36768017929769181 7 12 5 6 2.70999124060388841 10 24 6 2 1 5 22.2851167321205139 100.344344019461516 
15 26 3 3 31 4 17 24 8 14 3 9 7 6 9 15 25 10 4 5 10 12 18 4 6 32 9 3.36768017929769181 9 12 14 31 6.96245171630185755 4.94126535182462057 24 11 9 20 3 16 24 9 17 18 11 6 15 9.82524131762891173 14 12 5 13 31.8448655754823804 5 2 22 7 8 32 8 17.15327388048172 214.582744620360728 
12 12 3 18 29 4 10 9 2 14 32 13 1 15 12 15 16 1 12 12 7 9 24 9 16 26 2 18 14 4 14 24 10 15 32 1 6 3 10 5 22 1 11 31 11 12 21 13 4 2 8 1 32 10 10 24 6 2 1 5 23.411864697933197 85.7344223438746553 
17 32 11 3 9 9 12 24 1 17 14 7 9 20 2.70999124060388841 8 2 4 1 16 8 14 8 11 18 26 6.96245171630185755 17 30 4 15 11 9 10 16 3.84646942076222631 14 18 2 6 32 1 13.2195649013323386 9 13 11 23 3 17.8244721320812971 24 3 15 1 7.75241283629571765 16 14 8 1.62229798836725392 26 12 20.5764039158821106 170.958577533577568 
3 25 4 18 32 12 13 1 2 3 12 9 15 6 2 6 30 8 14 22 10 15 23 11 9 11 3 16 15 1 3.36768017929769181 30 1 6 16.1354543567662532 5 15 23 6 4 12 12 1 5 2 1 1 9 16 3 1 17 26 2 15 6 3 13 30 1 18.9373729825019836 181.575346902241506 
13 31 2 18 29 4 10 9 2 14 32 13 1 15 12 15 16 1 12 12 7 9 24 9 16 26 2 18 14 4 14 15 10 15 32 1 6 3 10 5 22 1 11 31 11 12 21 13 4 2 8 16 6 13 10 24 6 2 1 5 23.3988195657730103 91.6486411684779938 
4 20 13 18 29 4 10 9 2 14 32 13 1 15 12 15 16 1 12 12 7 9 24 9 16 26 2 18 14 4 3.36768017929769181 1 10 15 32 1 6 3 10 5 22 1 11 31 11 12 21 13 4 2 8 3 8 8 10 24 6 2 1 5 24.357697606086731 80.065403276738877 
4 6 10 14 32 12 2 3 9 15 20 5 13 2 2 2 5.34074699537910114 9 16 26 2 14 6 4 10 11 4 17 18 7 12 28 5 1 18 7 4 6 6.96245171630185755 14 18 11 14 1 5 3 11 11 4.94126535182462057 32 9 13.2195649013323386 30 12 12 16 13 15 25 8 17.650984913110733 212.423558553589544 
3.36768017929769181 20 5 14 15 12 15 16 10 3 25 2 14 22 13 16 25 2 13 9 1 17 5 12 2 24 2 16 26 10 1 1 12 9 15 10 13 25 6 17 30 1 6 8 9 15 32 13 10 19 8 11 18 10 14 30 10 15 2 10 18.8332438766956329 188.049054213760115 
14 30 12 10 30 13 2 2 10 14 18 12 16 1 3 6 19 1 14 32 13 5 13 2 3 12 9 4 24 1 18 25 11 1 31 4 14 30 2.70999124060388841 17 24 10 6 14 11 4 12 1 15 33 7 13 15 2 14 3 10 2 6 12 18.7087009251117706 197.605223044928948 
3 13 2 12 32 12 8 24 2.70999124060388841 3 3 4 5 16.1354543567662532 12 6 24 3 14 6 5 13 33 2 14 31 12 16 20 8 9 17 9 12 30 9 11 15 9 13 30 4 16 15 13 8 1 11 14 23 2 1 14 3 15 1 10 14 30 9 18.3961040377616882 197.625152951623534 
14 20 7 17 1 10 10 9 2 14 32 13 1 15 12 15 16 1 12 12 7 6 24 3 9 30 13 18 19 2 16 11 10 15 32 1 6 3 10 5 22 1 11 31 11 12 21 13 4 2 8 1 3 7 10 24 6 2 1 5 22.1835517883300781 108.150557217120678 
12 5.34074699537910114 6.96245171630185755 16 31 3.84646942076222631 10 9 2 14 32 13 1 15 12 15 16 1 12 12 7 9 24 9 16 26 2 18 19 2 14 1 5 15 32 1 6 3 10 5 22 1 11 31 11 12 21 13 4 2 8 16 4 2.70999124060388841 10 24 6 2 1 5 24.3888176083564758 68.6886445525528302 
4 13 10 18 29 4 10 9 2 14 32 13 1 15 12 15 16 1 12 12 7 3 1 3 16 26 2 18 19 2 10 6 9 15 32 1 6 3 10 5 22 1 11 31 11 12 21 13 4 2 8 16 4 2.70999124060388841 10 24 6 2 1 5 26.6921525597572327 56.7542305452544866 
9 25 9 18 29 4 10 9 2 14 32 13 1 15 12 15 16 1 12 12 7 3 1 3 16 26 2 18 19 2 17 10 2 15 32 1 6 3 10 5 22 1 11 31 11 12 21 13 4 2 8 16 4 2.70999124060388841 10 24 6 2 1 5 28.8517253398895264 52.9651043051421766 
6 5 9 18 29 4 10 9 2 14 32 13 1 15 12 15 16 1 12 12 7 3 1 3 16 26 2 18 19 2 17 9 9 15 32 1 6 3 10 5 22 1 11 31 11 12 21 13 4 2 8 15 30 9 10 24 6 2 1 5 23.6546056270599365 84.9829072395110359 
4 20 7 18 29 4 10 9 2 14 32 13 1 15 12 15 16 1 12 12 7 3 1 3 16 26 2 18 19 2 17 10 2 15 32 1 6 3 10 5 22 1 11 31 11 12 21 13 4 2 8 16 4 2.70999124060388841 10 24 6 2 1 5 28.6388763785362244 53.9478265443656468 
3 11 12 5 9 3 1 15 3 8 33 11 12 20 2 1 30 3 16 23 2 2 24 2 16 18 2 1 5.34074699537910114 8 3 32 13 14 1 8 15 24 7 16 31 10 4 8 7 2 32 5 9.25570237641795579 2 2 17 26 2 6 16 3.84646942076222631 13 1 7 19.7354526519775391 173.358101142937215 
4 6 10 18 29 4 10 9 2 14 32 13 1 15 12 15 16 1 12 12 7 3 1 3 16 26 2 18 19 2 17 10 2 15 32 1 6 3 10 5 22 1 11 31 11 12 21 13 4 2 8 16 4 2.70999124060388841 10 24 6 2 1 5 28.6538364291191101 53.8743771869720618 
3 4 6 18 29 4 10 9 2 14 32 13 1 15 12 15 16 1 12 12 7 3 1 3 16 26 2 18 19 2 17 6 2.70999124060388841 15 32 1 6 3 10 5 22 1 11 31 11 12 21 13 4 2 8 16 4 2.70999124060388841 10 24 6 2 1 5 28.379222571849823 55.5285531033929658 
4 6 10 12 25 5 10 9 2 14 32 13 1 15 12 15 16 1 12 12 7 3 1 3 16 26 2 18 19 2 6 5.34074699537910114 11 15 32 1 6 3 10 5 22 1 11 31 11 12 21 13 4 2 8 8 20 6.96245171630185755 10 24 6 2 1 5 22.4171207547187805 97.769392352997798 
9 14 4 4 23 9 10 9 2 14 32 13 1 15 12 15 16 1 12 12 7 3 1 3 16 26 2 18 19 2 17 10 2 15 32 1 6 3 10 5 22 1 11 31 11 12 21 13 4 2 8 16 4 2.70999124060388841 10 24 6 2 1 5 27.7059274315834045 56.1125086498224732 
3.36768017929769181 25 3 18 29 4 10 9 2 14 32 13 1 15 12 15 16 1 12 12 7 3 1 3 16 26 2 18 19 2 17 10 2 15 32 1 6 3 10 5 22 1 11 31 11 12 21 13 4 2 8 17 6 11 10 24 6 2 1 5 26.5901834964752197 61.8038527268356788 
3 4 6 18 29 4 10 9 2 14 32 13 1 15 12 15 16 1 12 12 7 3 1 3 16 26 2 18 19 2 17 10 2 15 32 1 6 3 10 5 22 1 11 31 11 12 21 13 4 2 8 16 4 2.70999124060388841 10 24 6 2 1 5 31.0986544489860535 51.7262576363719333 
11 24 4 15 32 8 4 9 2 6 25 13 12 19 6 15 32 2.70999124060388841 6 12 8 4 15 9 8 3 9 9.25570237641795579 24 11 16 8.22565314501180467 11 4 28 3 8 25 8 16 19 5 6 2 2 12 16 9.82524131762891173 6 18 12 17.8244721320812971 28 1 9 11 8 12 20 7 20.7284937500953674 162.196793887507596 
4 20 9 18 29 4 10 9 2 14 32 13 1 15 12 15 16 1 12 12 7 3 1 3 16 26 2 18 19 2 17 10 2 15 32 1 6 3 10 5 22 1 11 31 11 12 21 13 4 2 8 16 4 2.70999124060388841 10 24 6 2 1 5 28.5908523797988892 55.3602949150905133 
9 25 7 3 6 4 10 9 2 14 32 13 1 15 12 15 16 1 12 12 7 3 1 3 16 26 2 18 19 2 9 28 11 15 32 1 6 3 10 5 22 1 11 31 11 12 21 13 4 2 8 16 4 2.70999124060388841 10 24 6 2 1 5 25.2652295827865601 62.6334463195433884 
3.36768017929769181 17 6 16 32 7 10 9 2 14 32 13 1 15 12 15 16 1 12 12 7 3 1 3 16 26 2 18 19 2 14 20 6 15 32 1 6 3 10 5 22 1 13 6 5 12 21 13 4 2 8 17 6 1 10 24 6 2 1 5 21.5777767896652222 113.373840450448014 
18 12 2.70999124060388841 16 13 7 10 9 2 14 32 13 1 15 12 15 16 1 12 12 7 3 1 3 16 26 2 18 19 2 4 20 13 15 32 1 6 3 10 17 15 7 11 31 11 12 21 13 4 2 8 9.25570237641795579 19 8 10 24 6 2 1 5 22.7894355058670044 93.9064111593364004 
6 9 6 4 13 13 2 2 8 9 12 6 12 31 10 8 15 13 15 25 9 3 33 4 3 6 2 4 31 12 6 20 13 3 32 6 15 16 9 16 26 9 9 6 13 15 3 4 6 9 13 3 6 3 14 12 9 16 31 7 18.1644786894321442 210.187842712842723 
10 25 5 2 28 13 10 9 2 14 32 13 1 15 12 15 16 1 12 12 7 3 1 3 16 26 2 18 19 2 14 24 1 15 32 1 6 3 10 5 22 1 11 31 11 12 21 13 4 2 8 16 24 3 6 25 6 2 1 5 22.802027702331543 92.6939082709123028 
3 25 5 18 29 4 10 9 2 14 32 13 1 15 12 15 16 1 12 12 7 3 1 3 16 26 2 18 19 2 17 10 2 15 32 1 6 3 10 5 22 1 11 31 11 12 21 13 4 2 8 16 4 2.70999124060388841 10 24 6 2 1 5 28.8234593868255615 53.8737186232502054 
4 20 10 18 29 4 10 9 2 14 32 13 1 15 12 15 16 1 12 12 7 3 1 3 16 26 2 18 19 2 17 20 3 15 32 1 6 3 10 5 22 1 11 31 11 12 21 13 4 2 8 6 1 1 10 24 6 2 1 5 23.880124568939209 80.8006210032534824 

Current Evaluation = 30000000(30000000)
Front Size = 36
6 2 13 17 30 9 15 31 8 14 32 13 1 15 12 15 16 1 12 12 7 9 24 9 16 26 2 18 14 4 4 9 12 15 32 1 6 3 10 3 15 8 11 30 2.70999124060388841 12 21 13 3.36768017929769181 7 12 9 24 10 10 24 6 2 1 5 21.0447958111763 128.018582057481524 
7 2 2 6 30 11 15 31 8 14 32 13 1 15 12 15 16 1 12 12 7 9 24 9 16 26 2 18 14 4 17 1 5 15 32 1 6 3 10 3 15 8 11 30 2.70999124060388841 12 21 13 3.36768017929769181 7 12 5 6 2.70999124060388841 10 24 6 2 1 5 22.2851167321205139 100.344344019461516 
15 26 3 3 31 4 17 24 8 14 3 9 7 6 9 15 25 10 4 5 10 12 18 4 6 32 9 3.36768017929769181 9 12 14 31 6.96245171630185755 4.94126535182462057 24 11 9 20 3 16 24 9 17 18 11 6 15 9.82524131762891173 14 12 5 13 31.8448655754823804 5 2 22 7 8 32 8 17.15327388048172 214.582744620360728 
4 6 10 14 32 12 2 3 9 15 20 5 13 2 2 2 5.34074699537910114 9 16 26 2 14 6 4 10 11 4 17 18 7 12 28 5 1 18 7 4 6 6.96245171630185755 14 18 11 14 1 5 3 11 11 4.94126535182462057 32 9 13.2195649013323386 30 12 12 16 13 15 25 8 17.650984913110733 212.423558553589544 
12 5.34074699537910114 6.96245171630185755 16 31 3.84646942076222631 10 9 2 14 32 13 1 15 12 15 16 1 12 12 7 9 24 9 16 26 2 18 19 2 14 1 5 15 32 1 6 3 10 5 22 1 11 31 11 12 21 13 4 2 8 16 4 2.70999124060388841 10 24 6 2 1 5 24.3888176083564758 68.6886445525528302 
4 13 10 18 29 4 10 9 2 14 32 13 1 15 12 15 16 1 12 12 7 3 1 3 16 26 2 18 19 2 10 6 9 15 32 1 6 3 10 5 22 1 11 31 11 12 21 13 4 2 8 16 4 2.70999124060388841 10 24 6 2 1 5 26.6921525597572327 56.7542305452544866 
9 25 9 18 29 4 10 9 2 14 32 13 1 15 12 15 16 1 12 12 7 3 1 3 16 26 2 18 19 2 17 10 2 15 32 1 6 3 10 5 22 1 11 31 11 12 21 13 4 2 8 16 4 2.70999124060388841 10 24 6 2 1 5 28.8517253398895264 52.9651043051421766 
4 20 7 18 29 4 10 9 2 14 32 13 1 15 12 15 16 1 12 12 7 3 1 3 16 26 2 18 19 2 17 10 2 15 32 1 6 3 10 5 22 1 11 31 11 12 21 13 4 2 8 16 4 2.70999124060388841 10 24 6 2 1 5 28.6388763785362244 53.9478265443656468 
3 11 12 5 9 3 1 15 3 8 33 11 12 20 2 1 30 3 16 23 2 2 24 2 16 18 2 1 5.34074699537910114 8 3 32 13 14 1 8 15 24 7 16 31 10 4 8 7 2 32 5 9.25570237641795579 2 2 17 26 2 6 16 3.84646942076222631 13 1 7 19.7354526519775391 173.358101142937215 
4 6 10 18 29 4 10 9 2 14 32 13 1 15 12 15 16 1 12 12 7 3 1 3 16 26 2 18 19 2 17 10 2 15 32 1 6 3 10 5 22 1 11 31 11 12 21 13 4 2 8 16 4 2.70999124060388841 10 24 6 2 1 5 28.6538364291191101 53.8743771869720618 
3 4 6 18 29 4 10 9 2 14 32 13 1 15 12 15 16 1 12 12 7 3 1 3 16 26 2 18 19 2 17 6 2.70999124060388841 15 32 1 6 3 10 5 22 1 11 31 11 12 21 13 4 2 8 16 4 2.70999124060388841 10 24 6 2 1 5 28.379222571849823 55.5285531033929658 
4 6 10 12 25 5 10 9 2 14 32 13 1 15 12 15 16 1 12 12 7 3 1 3 16 26 2 18 19 2 6 5.34074699537910114 11 15 32 1 6 3 10 5 22 1 11 31 11 12 21 13 4 2 8 8 20 6.96245171630185755 10 24 6 2 1 5 22.4171207547187805 97.769392352997798 
9 14 4 4 23 9 10 9 2 14 32 13 1 15 12 15 16 1 12 12 7 3 1 3 16 26 2 18 19 2 17 10 2 15 32 1 6 3 10 5 22 1 11 31 11 12 21 13 4 2 8 16 4 2.70999124060388841 10 24 6 2 1 5 27.7059274315834045 56.1125086498224732 
3 4 6 18 29 4 10 9 2 14 32 13 1 15 12 15 16 1 12 12 7 3 1 3 16 26 2 18 19 2 17 10 2 15 32 1 6 3 10 5 22 1 11 31 11 12 21 13 4 2 8 16 4 2.70999124060388841 10 24 6 2 1 5 31.0986544489860535 51.7262576363719333 
11 24 4 15 32 8 4 9 2 6 25 13 12 19 6 15 32 2.70999124060388841 6 12 8 4 15 9 8 3 9 9.25570237641795579 24 11 16 8.22565314501180467 11 4 28 3 8 25 8 16 19 5 6 2 2 12 16 9.82524131762891173 6 18 12 17.8244721320812971 28 1 9 11 8 12 20 7 20.7284937500953674 162.196793887507596 
9 25 7 3 6 4 10 9 2 14 32 13 1 15 12 15 16 1 12 12 7 3 1 3 16 26 2 18 19 2 9 28 11 15 32 1 6 3 10 5 22 1 11 31 11 12 21 13 4 2 8 16 4 2.70999124060388841 10 24 6 2 1 5 25.2652295827865601 62.6334463195433884 
18 12 2.70999124060388841 16 13 7 10 9 2 14 32 13 1 15 12 15 16 1 12 12 7 3 1 3 16 26 2 18 19 2 4 20 13 15 32 1 6 3 10 17 15 7 11 31 11 12 21 13 4 2 8 9.25570237641795579 19 8 10 24 6 2 1 5 22.7894355058670044 93.9064111593364004 
10 25 5 2 28 13 10 9 2 14 32 13 1 15 12 15 16 1 12 12 7 3 1 3 16 26 2 18 19 2 14 24 1 15 32 1 6 3 10 5 22 1 11 31 11 12 21 13 4 2 8 16 24 3 6 25 6 2 1 5 22.802027702331543 92.6939082709123028 
3 25 5 18 29 4 10 9 2 14 32 13 1 15 12 15 16 1 12 12 7 3 1 3 16 26 2 18 19 2 17 10 2 15 32 1 6 3 10 5 22 1 11 31 11 12 21 13 4 2 8 16 4 2.70999124060388841 10 24 6 2 1 5 28.8234593868255615 53.8737186232502054 
4 20 10 18 29 4 10 9 2 14 32 13 1 15 12 15 16 1 12 12 7 3 1 3 16 26 2 18 19 2 17 20 3 15 32 1 6 3 10 5 22 1 11 31 11 12 21 13 4 2 8 6 1 1 10 24 6 2 1 5 23.880124568939209 80.8006210032534824 
6 3 5 3.36768017929769181 1 12 9.25570237641795579 30 8 17 15 2 8 17 8 1 15 3.84646942076222631 15 6 6 14 15 7 10 9 13 6 30 3 8 12 9.82524131762891173 12 25 11 14 22 3 15 16 13 5 30 13.151007650947605 1 1 9 3 18 3 9 12 2 1 6 12 8 24 2 18.5778017044067383 183.965646281822728 
4 25 7 14 31 2 10 9 2 14 32 13 1 15 12 15 16 1 12 12 7 3 1 3 16 26 2 18 19 2 14 18 11 15 32 1 6 3 10 5 22 1 11 31 11 12 21 13 4 2 8 16 4 2.70999124060388841 10 24 6 2 1 5 24.0553566217422485 80.1826455063972219 
3 30 4 18 29 4 10 9 2 14 32 13 1 15 12 15 16 1 12 12 7 3 1 3 16 26 2 18 19 2 10 30 8 15 32 1 6 3 10 5 22 1 11 31 11 12 21 13 4 2 8 17 6 2.70999124060388841 10 24 6 2 1 5 24.1195805668830872 72.5227630567899837 
4 6 9 18 29 4 10 9 2 14 32 13 1 15 12 15 16 1 12 12 7 3 1 3 16 26 2 18 19 2 17 10 2 15 32 1 6 3 10 5 22 1 11 31 11 12 21 13 4 2 8 16 4 2.70999124060388841 10 24 6 2 1 5 28.5518124103546143 55.0491912103526673 
1 14 8 3.36768017929769181 17 8 12 6 7 15 26 4 6 28 2 3 30 12 16 15 6.96245171630185755 17 6 1 14 16 2 1 24 2 13 20 12 15 13 13 4 26 12 14 23 4 17 3 1 9 26 11 1 19 2 8 24 4 15 31 7 6 30 5 18.0531138181686401 192.147037559963252 
12 15 1 8 20 4 10 9 2 14 32 13 1 15 12 15 16 1 12 12 7 3 1 3 16 26 2 18 19 2 1 28 12 15 32 1 6 3 10 5 22 1 11 31 11 14 26 2 4 2 8 16 6 4 10 24 6 2 1 5 21.3342317342758179 102.357165518880308 
13 17 3 15 6 2.70999124060388841 16 28 1 14 16.1354543567662532 2 4 15 9 6 31 11 3 18 13 1 19 8 9 20 3.84646942076222631 15 3 9.82524131762891173 17.8244721320812971 24 12 16 19 6 5 13 12 10 3 1 3 31 4 14 18.140740276750666 1 4 2 2 2 20 5 12 26 7 14 32 6 19.7516371011734009 163.946657728236687 
4 20 2 12 1 5 10 9 2 14 32 13 1 15 12 15 16 1 12 12 7 3 1 3 16 26 2 18 19 2 12 6 7 15 32 1 6 3 10 5 22 1 11 31 11 12 21 13 4 2 8 16 4 2.70999124060388841 10 24 6 2 1 5 24.321725606918335 72.1221866457960772 
1 30 2.70999124060388841 14 30 5 17 15 7 2 16 6 3 17 11 3 2 12 17 6 9 12 26 11 14 25 10 1 20 5 14 9 11 2 30 2 14 16 5 4 18 5 15 25 13 4 12 13 6 1 13 16 30 8 3 18 11 13 13 11 16.9912880063056946 239.740709290709248 
3.36768017929769181 6 9 18 25 5 10 9 2 14 32 13 1 15 12 15 16 1 12 12 7 3 1 3 16 26 2 18 19 2 16 6 2 15 32 1 6 3 10 5 22 1 11 31 11 12 21 13 4 2 8 16 4 2.70999124060388841 10 24 6 2 1 5 25.1027716994285583 64.0428188369364761 
3 20 2 17 26 5 10 9 2 14 32 13 1 15 12 15 16 1 12 12 7 3 1 3 16 26 2 18 19 2 17 31 4 15 32 1 6 3 10 5 22 1 11 31 11 12 21 13 4 2 8 18 13 10 10 24 6 2 1 5 23.2208898067474365 81.5573457672887798 
9 28 8 3 5.34074699537910114 10 9.25570237641795579 15 9 14 8 10 17 2 2 2 31 5 15 15 4 14 17 8 13 1 13 14 25 13 4 6 4 15 3 12 9 9 2 4.94126535182462057 6 4 16 15 11 13.2195649013323386 25 8 17 33 13 11 3 5 12 14 6 14 24 3 19.6899469494819641 179.615541227355806 
3 18 9 14 3 13 2 15 2.70999124060388841 16 7 13 15 2 6.96245171630185755 17 11 3 12 28 3.84646942076222631 14 12 10 6 9 9 16 24 2 4 15 12 13 2 12 2 32 5 1 5 10 14 33 13 15 1 4 2 25 4 15 32 3 14 15 6 8 30 3 18.8520110249519348 179.917369472632657 
5 6 3 4 26 6 1 32 3 6 30 9 10 26 12 16 11 12 9 12 8 2 26 11 14 15 6 2 31 7 4 18 3 16 7 7 2 3 2.70999124060388841 12 9 6 6 7 2 9.25570237641795579 15 5 2 6 11 3 24 6 4 20 7 12 9 4 19.3949669003486633 179.794006277520225 
3 13 9 18 29 4 10 9 2 14 32 13 1 15 12 15 16 1 12 12 7 3 1 3 16 26 2 18 19 2 14 15 6 15 32 1 6 3 10 5 22 1 11 31 11 12 21 13 4 2 8 16 4 2.70999124060388841 10 24 6 2 1 5 26.2604055404663086 61.5289855317658052 
13 20 4 18 29 4 10 9 2 14 32 13 1 15 12 15 16 1 12 12 7 3 1 3 16 26 2 18 19 2 16 24 1 15 32 1 6 3 10 5 22 1 11 31 11 3 13 8 4 2 8 14 26 8 10 24 6 2 1 5 22.8080785870552063 90.4081196541522303 

Current Evaluation = 40000000(40000000)
Front Size = 32
6 2 13 17 30 9 15 31 8 14 32 13 1 15 12 15 16 1 12 12 7 9 24 9 16 26 2 18 14 4 4 9 12 15 32 1 6 3 10 3 15 8 11 30 2.70999124060388841 12 21 13 3.36768017929769181 7 12 9 24 10 10 24 6 2 1 5 21.0447958111763 128.018582057481524 
7 2 2 6 30 11 15 31 8 14 32 13 1 15 12 15 16 1 12 12 7 9 24 9 16 26 2 18 14 4 17 1 5 15 32 1 6 3 10 3 15 8 11 30 2.70999124060388841 12 21 13 3.36768017929769181 7 12 5 6 2.70999124060388841 10 24 6 2 1 5 22.2851167321205139 100.344344019461516 
15 26 3 3 31 4 17 24 8 14 3 9 7 6 9 15 25 10 4 5 10 12 18 4 6 32 9 3.36768017929769181 9 12 14 31 6.96245171630185755 4.94126535182462057 24 11 9 20 3 16 24 9 17 18 11 6 15 9.82524131762891173 14 12 5 13 31.8448655754823804 5 2 22 7 8 32 8 17.15327388048172 214.582744620360728 
4 6 10 14 32 12 2 3 9 15 20 5 13 2 2 2 5.34074699537910114 9 16 26 2 14 6 4 10 11 4 17 18 7 12 28 5 1 18 7 4 6 6.96245171630185755 14 18 11 14 1 5 3 11 11 4.94126535182462057 32 9 13.2195649013323386 30 12 12 16 13 15 25 8 17.650984913110733 212.423558553589544 
12 5.34074699537910114 6.96245171630185755 16 31 3.84646942076222631 10 9 2 14 32 13 1 15 12 15 16 1 12 12 7 9 24 9 16 26 2 18 19 2 14 1 5 15 32 1 6 3 10 5 22 1 11 31 11 12 21 13 4 2 8 16 4 2.70999124060388841 10 24 6 2 1 5 24.3888176083564758 68.6886445525528302 
4 13 10 18 29 4 10 9 2 14 32 13 1 15 12 15 16 1 12 12 7 3 1 3 16 26 2 18 19 2 10 6 9 15 32 1 6 3 10 5 22 1 11 31 11 12 21 13 4 2 8 16 4 2.70999124060388841 10 24 6 2 1 5 26.6921525597572327 56.7542305452544866 
4 6 10 12 25 5 10 9 2 14 32 13 1 15 12 15 16 1 12 12 7 3 1 3 16 26 2 18 19 2 6 5.34074699537910114 11 15 32 1 6 3 10 5 22 1 11 31 11 12 21 13 4 2 8 8 20 6.96245171630185755 10 24 6 2 1 5 22.4171207547187805 97.769392352997798 
3 4 6 18 29 4 10 9 2 14 32 13 1 15 12 15 16 1 12 12 7 3 1 3 16 26 2 18 19 2 17 10 2 15 32 1 6 3 10 5 22 1 11 31 11 12 21 13 4 2 8 16 4 2.70999124060388841 10 24 6 2 1 5 31.0986544489860535 51.7262576363719333 
11 24 4 15 32 8 4 9 2 6 25 13 12 19 6 15 32 2.70999124060388841 6 12 8 4 15 9 8 3 9 9.25570237641795579 24 11 16 8.22565314501180467 11 4 28 3 8 25 8 16 19 5 6 2 2 12 16 9.82524131762891173 6 18 12 17.8244721320812971 28 1 9 11 8 12 20 7 20.7284937500953674 162.196793887507596 
9 25 7 3 6 4 10 9 2 14 32 13 1 15 12 15 16 1 12 12 7 3 1 3 16 26 2 18 19 2 9 28 11 15 32 1 6 3 10 5 22 1 11 31 11 12 21 13 4 2 8 16 4 2.70999124060388841 10 24 6 2 1 5 25.2652295827865601 62.6334463195433884 
10 25 5 2 28 13 10 9 2 14 32 13 1 15 12 15 16 1 12 12 7 3 1 3 16 26 2 18 19 2 14 24 1 15 32 1 6 3 10 5 22 1 11 31 11 12 21 13 4 2 8 16 24 3 6 25 6 2 1 5 22.802027702331543 92.6939082709123028 
6 3 5 3.36768017929769181 1 12 9.25570237641795579 30 8 17 15 2 8 17 8 1 15 3.84646942076222631 15 6 6 14 15 7 10 9 13 6 30 3 8 12 9.82524131762891173 12 25 11 14 22 3 15 16 13 5 30 13.151007650947605 1 1 9 3 18 3 9 12 2 1 6 12 8 24 2 18.5778017044067383 183.965646281822728 
1 14 8 3.36768017929769181 17 8 12 6 7 15 26 4 6 28 2 3 30 12 16 15 6.96245171630185755 17 6 1 14 16 2 1 24 2 13 20 12 15 13 13 4 26 12 14 23 4 17 3 1 9 26 11 1 19 2 8 24 4 15 31 7 6 30 5 18.0531138181686401 192.147037559963252 
12 15 1 8 20 4 10 9 2 14 32 13 1 15 12 15 16 1 12 12 7 3 1 3 16 26 2 18 19 2 1 28 12 15 32 1 6 3 10 5 22 1 11 31 11 14 26 2 4 2 8 16 6 4 10 24 6 2 1 5 21.3342317342758179 102.357165518880308 
13 17 3 15 6 2.70999124060388841 16 28 1 14 16.1354543567662532 2 4 15 9 6 31 11 3 18 13 1 19 8 9 20 3.84646942076222631 15 3 9.82524131762891173 17.8244721320812971 24 12 16 19 6 5 13 12 10 3 1 3 31 4 14 18.140740276750666 1 4 2 2 2 20 5 12 26 7 14 32 6 19.7516371011734009 163.946657728236687 
1 30 2.70999124060388841 14 30 5 17 15 7 2 16 6 3 17 11 3 2 12 17 6 9 12 26 11 14 25 10 1 20 5 14 9 11 2 30 2 14 16 5 4 18 5 15 25 13 4 12 13 6 1 13 16 30 8 3 18 11 13 13 11 16.9912880063056946 239.740709290709248 
3.36768017929769181 6 9 18 25 5 10 9 2 14 32 13 1 15 12 15 16 1 12 12 7 3 1 3 16 26 2 18 19 2 16 6 2 15 32 1 6 3 10 5 22 1 11 31 11 12 21 13 4 2 8 16 4 2.70999124060388841 10 24 6 2 1 5 25.1027716994285583 64.0428188369364761 
3 20 2 17 26 5 10 9 2 14 32 13 1 15 12 15 16 1 12 12 7 3 1 3 16 26 2 18 19 2 17 31 4 15 32 1 6 3 10 5 22 1 11 31 11 12 21 13 4 2 8 18 13 10 10 24 6 2 1 5 23.2208898067474365 81.5573457672887798 
3 18 9 14 3 13 2 15 2.70999124060388841 16 7 13 15 2 6.96245171630185755 17 11 3 12 28 3.84646942076222631 14 12 10 6 9 9 16 24 2 4 15 12 13 2 12 2 32 5 1 5 10 14 33 13 15 1 4 2 25 4 15 32 3 14 15 6 8 30 3 18.8520110249519348 179.917369472632657 
3 13 9 18 29 4 10 9 2 14 32 13 1 15 12 15 16 1 12 12 7 3 1 3 16 26 2 18 19 2 14 15 6 15 32 1 6 3 10 5 22 1 11 31 11 12 21 13 4 2 8 16 4 2.70999124060388841 10 24 6 2 1 5 26.2604055404663086 61.5289855317658052 
13 20 4 18 29 4 10 9 2 14 32 13 1 15 12 15 16 1 12 12 7 3 1 3 16 26 2 18 19 2 16 24 1 15 32 1 6 3 10 5 22 1 11 31 11 3 13 8 4 2 8 14 26 8 10 24 6 2 1 5 22.8080785870552063 90.4081196541522303 
11 20 5 18 29 4 10 9 2 14 32 13 1 15 12 15 16 1 12 12 7 3 1 3 16 26 2 18 19 2 10 2 2.70999124060388841 15 32 1 6 3 10 5 22 1 11 31 11 12 21 13 4 2 8 16 4 2.70999124060388841 10 24 6 2 1 5 27.4255074858665466 54.337567529422337 
4 13 10 18 29 4 10 9 2 14 32 13 1 15 12 15 16 1 12 12 7 3 1 3 16 26 2 18 19 2 14 16 5 15 32 1 6 3 10 5 22 1 11 31 11 12 21 13 4 2 8 15 32 2 10 24 6 2 1 5 24.2027136087417603 70.3459500169767153 
3.36768017929769181 17 4 5 32 7 10 9 2 14 32 13 1 15 12 15 16 1 12 12 7 3 1 3 16 26 2 18 19 2 17 33 7 15 32 1 6 3 10 5 22 1 11 31 11 12 21 13 4 2 8 16 30 11 10 24 6 2 1 5 23.5229077935218811 80.1669764036676469 
12 12 3 18 29 4 10 9 2 14 32 13 1 15 12 15 16 1 12 12 7 3 1 3 16 26 2 18 19 2 17 2 13 15 32 1 6 3 10 5 22 1 11 31 11 12 21 13 4 2 8 16 4 2.70999124060388841 10 24 6 2 1 5 26.5277596116065979 60.9718920981193548 
14 24 13 6 31 2 1 18 12 10 16 7 6 32 7 15 1 7 7 1 10 17 18 2.70999124060388841 13 24 4 15 9 1 8 6 6.96245171630185755 14 15 7 15 12 11 3 25 2 16 30 10 1 8.22565314501180467 12 3 25 13 17 32 9 14 1 9 3 2 10 17.7665688097476959 199.532354280369191 
12 20 7 11 26 5 10 9 2 14 32 13 1 15 12 15 16 1 12 12 7 3 1 3 16 26 2 18 19 2 6 8 3 15 32 1 6 3 10 5 22 1 11 31 11 12 21 13 4 2 8 3 19 5 4 20 9 2 1 5 22.7305105328559875 93.1427582010328905 
4 31 2 18 29 4 10 9 2 14 32 13 1 15 12 15 16 1 12 12 7 3 1 3 16 26 2 18 19 2 16 1 9 15 32 1 6 3 10 5 22 1 11 31 11 12 21 13 4 2 8 9 20 2.70999124060388841 10 24 6 2 1 5 23.9228024482727051 70.9355086509171713 
14 15 13 16 6 7 4 17 4 2 32 12 15 18 8 9 15 7 6 25 2.70999124060388841 3 1 7 11 22 4 2 25 11 17 31 7 10 9 13 12 6 13 14 2 9 4 16 10 2 24 7 13 1 2 16 8 11 9.25570237641795579 20 3 4.94126535182462057 1 3 19.0502756834030151 167.839779948293909 
4 20 7 18 29 4 10 9 2 14 32 13 1 15 12 15 16 1 12 12 7 3 1 3 16 26 2 18 19 2 17 10 2 15 32 1 6 3 10 5 22 1 11 31 11 12 21 13 4 2 8 16 4 2.70999124060388841 10 24 6 2 1 5 28.6388763785362244 51.8968973791018797 
3.36768017929769181 11 10 16 2 12 10 9 2 14 32 13 1 15 12 15 16 1 12 12 7 3 1 3 16 26 2 14 25 5 18 33 2 15 32 1 6 3 10 5 22 1 11 31 11 12 21 13 4 2 8 8 6 7 10 24 6 2 1 5 23.2152377963066101 86.3845928621651353 
3.36768017929769181 20 10 18 29 4 10 9 2 14 32 13 1 15 12 15 16 1 12 12 7 3 1 3 16 26 2 18 19 2 17 10 2 15 32 1 6 3 10 5 22 1 11 31 11 12 21 13 4 2 8 16 4 2.70999124060388841 10 24 6 14 1 10 28.3979384303092957 54.2144968564937244 

Current Evaluation = 50000000(50000000)
Front Size = 30
6 2 13 17 30 9 15 31 8 14 32 13 1 15 12 15 16 1 12 12 7 9 24 9 16 26 2 18 14 4 4 9 12 15 32 1 6 3 10 3 15 8 11 30 2.70999124060388841 12 21 13 3.36768017929769181 7 12 9 24 10 10 24 6 2 1 5 21.0447958111763 128.018582057481524 
7 2 2 6 30 11 15 31 8 14 32 13 1 15 12 15 16 1 12 12 7 9 24 9 16 26 2 18 14 4 17 1 5 15 32 1 6 3 10 3 15 8 11 30 2.70999124060388841 12 21 13 3.36768017929769181 7 12 5 6 2.70999124060388841 10 24 6 2 1 5 22.2851167321205139 100.344344019461516 
15 26 3 3 31 4 17 24 8 14 3 9 7 6 9 15 25 10 4 5 10 12 18 4 6 32 9 3.36768017929769181 9 12 14 31 6.96245171630185755 4.94126535182462057 24 11 9 20 3 16 24 9 17 18 11 6 15 9.82524131762891173 14 12 5 13 31.8448655754823804 5 2 22 7 8 32 8 17.15327388048172 214.582744620360728 
4 6 10 14 32 12 2 3 9 15 20 5 13 2 2 2 5.34074699537910114 9 16 26 2 14 6 4 10 11 4 17 18 7 12 28 5 1 18 7 4 6 6.96245171630185755 14 18 11 14 1 5 3 11 11 4.94126535182462057 32 9 13.2195649013323386 30 12 12 16 13 15 25 8 17.650984913110733 212.423558553589544 
12 5.34074699537910114 6.96245171630185755 16 31 3.84646942076222631 10 9 2 14 32 13 1 15 12 15 16 1 12 12 7 9 24 9 16 26 2 18 19 2 14 1 5 15 32 1 6 3 10 5 22 1 11 31 11 12 21 13 4 2 8 16 4 2.70999124060388841 10 24 6 2 1 5 24.3888176083564758 68.6886445525528302 
4 13 10 18 29 4 10 9 2 14 32 13 1 15 12 15 16 1 12 12 7 3 1 3 16 26 2 18 19 2 10 6 9 15 32 1 6 3 10 5 22 1 11 31 11 12 21 13 4 2 8 16 4 2.70999124060388841 10 24 6 2 1 5 26.6921525597572327 56.7542305452544866 
4 6 10 12 25 5 10 9 2 14 32 13 1 15 12 15 16 1 12 12 7 3 1 3 16 26 2 18 19 2 6 5.34074699537910114 11 15 32 1 6 3 10 5 22 1 11 31 11 12 21 13 4 2 8 8 20 6.96245171630185755 10 24 6 2 1 5 22.4171207547187805 97.769392352997798 
3 4 6 18 29 4 10 9 2 14 32 13 1 15 12 15 16 1 12 12 7 3 1 3 16 26 2 18 19 2 17 10 2 15 32 1 6 3 10 5 22 1 11 31 11 12 21 13 4 2 8 16 4 2.70999124060388841 10 24 6 2 1 5 31.0986544489860535 51.7262576363719333 
11 24 4 15 32 8 4 9 2 6 25 13 12 19 6 15 32 2.70999124060388841 6 12 8 4 15 9 8 3 9 9.25570237641795579 24 11 16 8.22565314501180467 11 4 28 3 8 25 8 16 19 5 6 2 2 12 16 9.82524131762891173 6 18 12 17.8244721320812971 28 1 9 11 8 12 20 7 20.7284937500953674 162.196793887507596 
9 25 7 3 6 4 10 9 2 14 32 13 1 15 12 15 16 1 12 12 7 3 1 3 16 26 2 18 19 2 9 28 11 15 32 1 6 3 10 5 22 1 11 31 11 12 21 13 4 2 8 16 4 2.70999124060388841 10 24 6 2 1 5 25.2652295827865601 62.6334463195433884 
6 3 5 3.36768017929769181 1 12 9.25570237641795579 30 8 17 15 2 8 17 8 1 15 3.84646942076222631 15 6 6 14 15 7 10 9 13 6 30 3 8 12 9.82524131762891173 12 25 11 14 22 3 15 16 13 5 30 13.151007650947605 1 1 9 3 18 3 9 12 2 1 6 12 8 24 2 18.5778017044067383 183.965646281822728 
1 14 8 3.36768017929769181 17 8 12 6 7 15 26 4 6 28 2 3 30 12 16 15 6.96245171630185755 17 6 1 14 16 2 1 24 2 13 20 12 15 13 13 4 26 12 14 23 4 17 3 1 9 26 11 1 19 2 8 24 4 15 31 7 6 30 5 18.0531138181686401 192.147037559963252 
12 15 1 8 20 4 10 9 2 14 32 13 1 15 12 15 16 1 12 12 7 3 1 3 16 26 2 18 19 2 1 28 12 15 32 1 6 3 10 5 22 1 11 31 11 14 26 2 4 2 8 16 6 4 10 24 6 2 1 5 21.3342317342758179 102.357165518880308 
13 17 3 15 6 2.70999124060388841 16 28 1 14 16.1354543567662532 2 4 15 9 6 31 11 3 18 13 1 19 8 9 20 3.84646942076222631 15 3 9.82524131762891173 17.8244721320812971 24 12 16 19 6 5 13 12 10 3 1 3 31 4 14 18.140740276750666 1 4 2 2 2 20 5 12 26 7 14 32 6 19.7516371011734009 163.946657728236687 
1 30 2.70999124060388841 14 30 5 17 15 7 2 16 6 3 17 11 3 2 12 17 6 9 12 26 11 14 25 10 1 20 5 14 9 11 2 30 2 14 16 5 4 18 5 15 25 13 4 12 13 6 1 13 16 30 8 3 18 11 13 13 11 16.9912880063056946 239.740709290709248 
3.36768017929769181 6 9 18 25 5 10 9 2 14 32 13 1 15 12 15 16 1 12 12 7 3 1 3 16 26 2 18 19 2 16 6 2 15 32 1 6 3 10 5 22 1 11 31 11 12 21 13 4 2 8 16 4 2.70999124060388841 10 24 6 2 1 5 25.1027716994285583 64.0428188369364761 
3 20 2 17 26 5 10 9 2 14 32 13 1 15 12 15 16 1 12 12 7 3 1 3 16 26 2 18 19 2 17 31 4 15 32 1 6 3 10 5 22 1 11 31 11 12 21 13 4 2 8 18 13 10 10 24 6 2 1 5 23.2208898067474365 81.5573457672887798 
3 18 9 14 3 13 2 15 2.70999124060388841 16 7 13 15 2 6.96245171630185755 17 11 3 12 28 3.84646942076222631 14 12 10 6 9 9 16 24 2 4 15 12 13 2 12 2 32 5 1 5 10 14 33 13 15 1 4 2 25 4 15 32 3 14 15 6 8 30 3 18.8520110249519348 179.917369472632657 
11 20 5 18 29 4 10 9 2 14 32 13 1 15 12 15 16 1 12 12 7 3 1 3 16 26 2 18 19 2 10 2 2.70999124060388841 15 32 1 6 3 10 5 22 1 11 31 11 12 21 13 4 2 8 16 4 2.70999124060388841 10 24 6 2 1 5 27.4255074858665466 54.337567529422337 
4 13 10 18 29 4 10 9 2 14 32 13 1 15 12 15 16 1 12 12 7 3 1 3 16 26 2 18 19 2 14 16 5 15 32 1 6 3 10 5 22 1 11 31 11 12 21 13 4 2 8 15 32 2 10 24 6 2 1 5 24.2027136087417603 70.3459500169767153 
3.36768017929769181 17 4 5 32 7 10 9 2 14 32 13 1 15 12 15 16 1 12 12 7 3 1 3 16 26 2 18 19 2 17 33 7 15 32 1 6 3 10 5 22 1 11 31 11 12 21 13 4 2 8 16 30 11 10 24 6 2 1 5 23.5229077935218811 80.1669764036676469 
14 24 13 6 31 2 1 18 12 10 16 7 6 32 7 15 1 7 7 1 10 17 18 2.70999124060388841 13 24 4 15 9 1 8 6 6.96245171630185755 14 15 7 15 12 11 3 25 2 16 30 10 1 8.22565314501180467 12 3 25 13 17 32 9 14 1 9 3 2 10 17.7665688097476959 199.532354280369191 
4 31 2 18 29 4 10 9 2 14 32 13 1 15 12 15 16 1 12 12 7 3 1 3 16 26 2 18 19 2 16 1 9 15 32 1 6 3 10 5 22 1 11 31 11 12 21 13 4 2 8 9 20 2.70999124060388841 10 24 6 2 1 5 23.9228024482727051 70.9355086509171713 
14 15 13 16 6 7 4 17 4 2 32 12 15 18 8 9 15 7 6 25 2.70999124060388841 3 1 7 11 22 4 2 25 11 17 31 7 10 9 13 12 6 13 14 2 9 4 16 10 2 24 7 13 1 2 16 8 11 9.25570237641795579 20 3 4.94126535182462057 1 3 19.0502756834030151 167.839779948293909 
4 20 7 18 29 4 10 9 2 14 32 13 1 15 12 15 16 1 12 12 7 3 1 3 16 26 2 18 19 2 17 10 2 15 32 1 6 3 10 5 22 1 11 31 11 12 21 13 4 2 8 16 4 2.70999124060388841 10 24 6 2 1 5 28.6388763785362244 51.8968973791018797 
3.36768017929769181 11 10 16 2 12 10 9 2 14 32 13 1 15 12 15 16 1 12 12 7 3 1 3 16 26 2 14 25 5 18 33 2 15 32 1 6 3 10 5 22 1 11 31 11 12 21 13 4 2 8 8 6 7 10 24 6 2 1 5 23.2152377963066101 86.3845928621651353 
3.36768017929769181 20 10 18 29 4 10 9 2 14 32 13 1 15 12 15 16 1 12 12 7 3 1 3 16 26 2 18 19 2 17 10 2 15 32 1 6 3 10 5 22 1 11 31 11 12 21 13 4 2 8 16 4 2.70999124060388841 10 24 6 14 1 10 28.3979384303092957 54.2144968564937244 
9 1 7 18 29 4 10 9 2 14 32 13 1 15 12 15 16 1 12 12 7 3 1 3 16 26 2 18 19 2 17 18 2.70999124060388841 15 32 1 6 3 10 5 22 1 11 31 11 12 21 13 4 2 8 16 4 2.70999124060388841 10 24 6 2 1 5 26.3914564847946167 57.1025073270386727 
12 25 4 18 29 4 10 9 2 14 32 13 1 15 12 15 16 1 12 12 7 3 1 3 16 26 2 18 19 2 17 24 2.70999124060388841 15 32 1 6 3 10 5 22 1 11 31 11 12 21 13 4 2 8 16 4 2.70999124060388841 10 24 6 2 1 5 26.0774896144866943 58.7585181262497329 
4 23 10 17 12 4 10 9 2 14 32 13 1 15 12 15 16 1 12 12 7 3 1 3 16 26 2 18 19 2 14 15 10 15 32 1 6 3 10 5 22 1 11 31 11 12 21 13 4 2 8 2 15 5 10 24 6 2 1 5 22.5260646343231201 87.1801594456056534 

Current Evaluation = 60000000(60000000)
Front Size = 32
6 2 13 17 30 9 15 31 8 14 32 13 1 15 12 15 16 1 12 12 7 9 24 9 16 26 2 18 14 4 4 9 12 15 32 1 6 3 10 3 15 8 11 30 2.70999124060388841 12 21 13 3.36768017929769181 7 12 9 24 10 10 24 6 2 1 5 21.0447958111763 128.018582057481524 
7 2 2 6 30 11 15 31 8 14 32 13 1 15 12 15 16 1 12 12 7 9 24 9 16 26 2 18 14 4 17 1 5 15 32 1 6 3 10 3 15 8 11 30 2.70999124060388841 12 21 13 3.36768017929769181 7 12 5 6 2.70999124060388841 10 24 6 2 1 5 22.2851167321205139 100.344344019461516 
15 26 3 3 31 4 17 24 8 14 3 9 7 6 9 15 25 10 4 5 10 12 18 4 6 32 9 3.36768017929769181 9 12 14 31 6.96245171630185755 4.94126535182462057 24 11 9 20 3 16 24 9 17 18 11 6 15 9.82524131762891173 14 12 5 13 31.8448655754823804 5 2 22 7 8 32 8 17.15327388048172 214.582744620360728 
4 6 10 14 32 12 2 3 9 15 20 5 13 2 2 2 5.34074699537910114 9 16 26 2 14 6 4 10 11 4 17 18 7 12 28 5 1 18 7 4 6 6.96245171630185755 14 18 11 14 1 5 3 11 11 4.94126535182462057 32 9 13.2195649013323386 30 12 12 16 13 15 25 8 17.650984913110733 212.423558553589544 
12 5.34074699537910114 6.96245171630185755 16 31 3.84646942076222631 10 9 2 14 32 13 1 15 12 15 16 1 12 12 7 9 24 9 16 26 2 18 19 2 14 1 5 15 32 1 6 3 10 5 22 1 11 31 11 12 21 13 4 2 8 16 4 2.70999124060388841 10 24 6 2 1 5 24.3888176083564758 68.6886445525528302 
4 13 10 18 29 4 10 9 2 14 32 13 1 15 12 15 16 1 12 12 7 3 1 3 16 26 2 18 19 2 10 6 9 15 32 1 6 3 10 5 22 1 11 31 11 12 21 13 4 2 8 16 4 2.70999124060388841 10 24 6 2 1 5 26.6921525597572327 56.7542305452544866 
4 6 10 12 25 5 10 9 2 14 32 13 1 15 12 15 16 1 12 12 7 3 1 3 16 26 2 18 19 2 6 5.34074699537910114 11 15 32 1 6 3 10 5 22 1 11 31 11 12 21 13 4 2 8 8 20 6.96245171630185755 10 24 6 2 1 5 22.4171207547187805 97.769392352997798 
3 4 6 18 29 4 10 9 2 14 32 13 1 15 12 15 16 1 12 12 7 3 1 3 16 26 2 18 19 2 17 10 2 15 32 1 6 3 10 5 22 1 11 31 11 12 21 13 4 2 8 16 4 2.70999124060388841 10 24 6 2 1 5 31.0986544489860535 51.7262576363719333 
11 24 4 15 32 8 4 9 2 6 25 13 12 19 6 15 32 2.70999124060388841 6 12 8 4 15 9 8 3 9 9.25570237641795579 24 11 16 8.22565314501180467 11 4 28 3 8 25 8 16 19 5 6 2 2 12 16 9.82524131762891173 6 18 12 17.8244721320812971 28 1 9 11 8 12 20 7 20.7284937500953674 162.196793887507596 
9 25 7 3 6 4 10 9 2 14 32 13 1 15 12 15 16 1 12 12 7 3 1 3 16 26 2 18 19 2 9 28 11 15 32 1 6 3 10 5 22 1 11 31 11 12 21 13 4 2 8 16 4 2.70999124060388841 10 24 6 2 1 5 25.2652295827865601 62.6334463195433884 
6 3 5 3.36768017929769181 1 12 9.25570237641795579 30 8 17 15 2 8 17 8 1 15 3.84646942076222631 15 6 6 14 15 7 10 9 13 6 30 3 8 12 9.82524131762891173 12 25 11 14 22 3 15 16 13 5 30 13.151007650947605 1 1 9 3 18 3 9 12 2 1 6 12 8 24 2 18.5778017044067383 183.965646281822728 
1 14 8 3.36768017929769181 17 8 12 6 7 15 26 4 6 28 2 3 30 12 16 15 6.96245171630185755 17 6 1 14 16 2 1 24 2 13 20 12 15 13 13 4 26 12 14 23 4 17 3 1 9 26 11 1 19 2 8 24 4 15 31 7 6 30 5 18.0531138181686401 192.147037559963252 
12 15 1 8 20 4 10 9 2 14 32 13 1 15 12 15 16 1 12 12 7 3 1 3 16 26 2 18 19 2 1 28 12 15 32 1 6 3 10 5 22 1 11 31 11 14 26 2 4 2 8 16 6 4 10 24 6 2 1 5 21.3342317342758179 102.357165518880308 
13 17 3 15 6 2.70999124060388841 16 28 1 14 16.1354543567662532 2 4 15 9 6 31 11 3 18 13 1 19 8 9 20 3.84646942076222631 15 3 9.82524131762891173 17.8244721320812971 24 12 16 19 6 5 13 12 10 3 1 3 31 4 14 18.140740276750666 1 4 2 2 2 20 5 12 26 7 14 32 6 19.7516371011734009 163.946657728236687 
1 30 2.70999124060388841 14 30 5 17 15 7 2 16 6 3 17 11 3 2 12 17 6 9 12 26 11 14 25 10 1 20 5 14 9 11 2 30 2 14 16 5 4 18 5 15 25 13 4 12 13 6 1 13 16 30 8 3 18 11 13 13 11 16.9912880063056946 239.740709290709248 
3.36768017929769181 6 9 18 25 5 10 9 2 14 32 13 1 15 12 15 16 1 12 12 7 3 1 3 16 26 2 18 19 2 16 6 2 15 32 1 6 3 10 5 22 1 11 31 11 12 21 13 4 2 8 16 4 2.70999124060388841 10 24 6 2 1 5 25.1027716994285583 64.0428188369364761 
3 20 2 17 26 5 10 9 2 14 32 13 1 15 12 15 16 1 12 12 7 3 1 3 16 26 2 18 19 2 17 31 4 15 32 1 6 3 10 5 22 1 11 31 11 12 21 13 4 2 8 18 13 10 10 24 6 2 1 5 23.2208898067474365 81.5573457672887798 
3 18 9 14 3 13 2 15 2.70999124060388841 16 7 13 15 2 6.96245171630185755 17 11 3 12 28 3.84646942076222631 14 12 10 6 9 9 16 24 2 4 15 12 13 2 12 2 32 5 1 5 10 14 33 13 15 1 4 2 25 4 15 32 3 14 15 6 8 30 3 18.8520110249519348 179.917369472632657 
11 20 5 18 29 4 10 9 2 14 32 13 1 15 12 15 16 1 12 12 7 3 1 3 16 26 2 18 19 2 10 2 2.70999124060388841 15 32 1 6 3 10 5 22 1 11 31 11 12 21 13 4 2 8 16 4 2.70999124060388841 10 24 6 2 1 5 27.4255074858665466 54.337567529422337 
4 13 10 18 29 4 10 9 2 14 32 13 1 15 12 15 16 1 12 12 7 3 1 3 16 26 2 18 19 2 14 16 5 15 32 1 6 3 10 5 22 1 11 31 11 12 21 13 4 2 8 15 32 2 10 24 6 2 1 5 24.2027136087417603 70.3459500169767153 
3.36768017929769181 17 4 5 32 7 10 9 2 14 32 13 1 15 12 15 16 1 12 12 7 3 1 3 16 26 2 18 19 2 17 33 7 15 32 1 6 3 10 5 22 1 11 31 11 12 21 13 4 2 8 16 30 11 10 24 6 2 1 5 23.5229077935218811 80.1669764036676469 
14 24 13 6 31 2 1 18 12 10 16 7 6 32 7 15 1 7 7 1 10 17 18 2.70999124060388841 13 24 4 15 9 1 8 6 6.96245171630185755 14 15 7 15 12 11 3 25 2 16 30 10 1 8.22565314501180467 12 3 25 13 17 32 9 14 1 9 3 2 10 17.7665688097476959 199.532354280369191 
4 31 2 18 29 4 10 9 2 14 32 13 1 15 12 15 16 1 12 12 7 3 1 3 16 26 2 18 19 2 16 1 9 15 32 1 6 3 10 5 22 1 11 31 11 12 21 13 4 2 8 9 20 2.70999124060388841 10 24 6 2 1 5 23.9228024482727051 70.9355086509171713 
14 15 13 16 6 7 4 17 4 2 32 12 15 18 8 9 15 7 6 25 2.70999124060388841 3 1 7 11 22 4 2 25 11 17 31 7 10 9 13 12 6 13 14 2 9 4 16 10 2 24 7 13 1 2 16 8 11 9.25570237641795579 20 3 4.94126535182462057 1 3 19.0502756834030151 167.839779948293909 
4 20 7 18 29 4 10 9 2 14 32 13 1 15 12 15 16 1 12 12 7 3 1 3 16 26 2 18 19 2 17 10 2 15 32 1 6 3 10 5 22 1 11 31 11 12 21 13 4 2 8 16 4 2.70999124060388841 10 24 6 2 1 5 28.6388763785362244 51.8968973791018797 
3.36768017929769181 11 10 16 2 12 10 9 2 14 32 13 1 15 12 15 16 1 12 12 7 3 1 3 16 26 2 14 25 5 18 33 2 15 32 1 6 3 10 5 22 1 11 31 11 12 21 13 4 2 8 8 6 7 10 24 6 2 1 5 23.2152377963066101 86.3845928621651353 
3.36768017929769181 20 10 18 29 4 10 9 2 14 32 13 1 15 12 15 16 1 12 12 7 3 1 3 16 26 2 18 19 2 17 10 2 15 32 1 6 3 10 5 22 1 11 31 11 12 21 13 4 2 8 16 4 2.70999124060388841 10 24 6 14 1 10 28.3979384303092957 54.2144968564937244 
9 1 7 18 29 4 10 9 2 14 32 13 1 15 12 15 16 1 12 12 7 3 1 3 16 26 2 18 19 2 17 18 2.70999124060388841 15 32 1 6 3 10 5 22 1 11 31 11 12 21 13 4 2 8 16 4 2.70999124060388841 10 24 6 2 1 5 26.3914564847946167 57.1025073270386727 
12 25 4 18 29 4 10 9 2 14 32 13 1 15 12 15 16 1 12 12 7 3 1 3 16 26 2 18 19 2 17 24 2.70999124060388841 15 32 1 6 3 10 5 22 1 11 31 11 12 21 13 4 2 8 16 4 2.70999124060388841 10 24 6 2 1 5 26.0774896144866943 58.7585181262497329 
4 23 10 17 12 4 10 9 2 14 32 13 1 15 12 15 16 1 12 12 7 3 1 3 16 26 2 18 19 2 14 15 10 15 32 1 6 3 10 5 22 1 11 31 11 12 21 13 4 2 8 2 15 5 10 24 6 2 1 5 22.5260646343231201 87.1801594456056534 
3.36768017929769181 17 9 18 29 4 10 9 2 14 32 13 1 15 12 15 16 1 12 12 7 3 1 3 16 26 2 18 19 2 10 2 2 15 32 1 6 3 10 5 22 1 11 31 11 12 21 13 4 2 8 16 4 2.70999124060388841 10 24 6 2 1 5 27.1978314518928528 55.659587735824978 
6 24 1 17 19 9 6 31 12 15 22 2 16 24 1 15 28 5 9 31 10 13 26 3 6 20 1 4 24 7 4 11 12 1 20 13 13 25 13 14 1 7 6 31 3 14 19 7 1 26 12 2 13 11 12 15 9 14 30 11 17.1335077285766602 234.60184516206192 

Current Evaluation = 70000000(70000000)
Front Size = 34
6 2 13 17 30 9 15 31 8 14 32 13 1 15 12 15 16 1 12 12 7 9 24 9 16 26 2 18 14 4 4 9 12 15 32 1 6 3 10 3 15 8 11 30 2.70999124060388841 12 21 13 3.36768017929769181 7 12 9 24 10 10 24 6 2 1 5 21.0447958111763 128.018582057481524 
7 2 2 6 30 11 15 31 8 14 32 13 1 15 12 15 16 1 12 12 7 9 24 9 16 26 2 18 14 4 17 1 5 15 32 1 6 3 10 3 15 8 11 30 2.70999124060388841 12 21 13 3.36768017929769181 7 12 5 6 2.70999124060388841 10 24 6 2 1 5 22.2851167321205139 100.344344019461516 
15 26 3 3 31 4 17 24 8 14 3 9 7 6 9 15 25 10 4 5 10 12 18 4 6 32 9 3.36768017929769181 9 12 14 31 6.96245171630185755 4.94126535182462057 24 11 9 20 3 16 24 9 17 18 11 6 15 9.82524131762891173 14 12 5 13 31.8448655754823804 5 2 22 7 8 32 8 17.15327388048172 214.582744620360728 
4 6 10 14 32 12 2 3 9 15 20 5 13 2 2 2 5.34074699537910114 9 16 26 2 14 6 4 10 11 4 17 18 7 12 28 5 1 18 7 4 6 6.96245171630185755 14 18 11 14 1 5 3 11 11 4.94126535182462057 32 9 13.2195649013323386 30 12 12 16 13 15 25 8 17.650984913110733 212.423558553589544 
12 5.34074699537910114 6.96245171630185755 16 31 3.84646942076222631 10 9 2 14 32 13 1 15 12 15 16 1 12 12 7 9 24 9 16 26 2 18 19 2 14 1 5 15 32 1 6 3 10 5 22 1 11 31 11 12 21 13 4 2 8 16 4 2.70999124060388841 10 24 6 2 1 5 24.3888176083564758 68.6886445525528302 
4 13 10 18 29 4 10 9 2 14 32 13 1 15 12 15 16 1 12 12 7 3 1 3 16 26 2 18 19 2 10 6 9 15 32 1 6 3 10 5 22 1 11 31 11 12 21 13 4 2 8 16 4 2.70999124060388841 10 24 6 2 1 5 26.6921525597572327 56.7542305452544866 
4 6 10 12 25 5 10 9 2 14 32 13 1 15 12 15 16 1 12 12 7 3 1 3 16 26 2 18 19 2 6 5.34074699537910114 11 15 32 1 6 3 10 5 22 1 11 31 11 12 21 13 4 2 8 8 20 6.96245171630185755 10 24 6 2 1 5 22.4171207547187805 97.769392352997798 
3 4 6 18 29 4 10 9 2 14 32 13 1 15 12 15 16 1 12 12 7 3 1 3 16 26 2 18 19 2 17 10 2 15 32 1 6 3 10 5 22 1 11 31 11 12 21 13 4 2 8 16 4 2.70999124060388841 10 24 6 2 1 5 31.0986544489860535 51.7262576363719333 
11 24 4 15 32 8 4 9 2 6 25 13 12 19 6 15 32 2.70999124060388841 6 12 8 4 15 9 8 3 9 9.25570237641795579 24 11 16 8.22565314501180467 11 4 28 3 8 25 8 16 19 5 6 2 2 12 16 9.82524131762891173 6 18 12 17.8244721320812971 28 1 9 11 8 12 20 7 20.7284937500953674 162.196793887507596 
9 25 7 3 6 4 10 9 2 14 32 13 1 15 12 15 16 1 12 12 7 3 1 3 16 26 2 18 19 2 9 28 11 15 32 1 6 3 10 5 22 1 11 31 11 12 21 13 4 2 8 16 4 2.70999124060388841 10 24 6 2 1 5 25.2652295827865601 62.6334463195433884 
6 3 5 3.36768017929769181 1 12 9.25570237641795579 30 8 17 15 2 8 17 8 1 15 3.84646942076222631 15 6 6 14 15 7 10 9 13 6 30 3 8 12 9.82524131762891173 12 25 11 14 22 3 15 16 13 5 30 13.151007650947605 1 1 9 3 18 3 9 12 2 1 6 12 8 24 2 18.5778017044067383 183.965646281822728 
1 14 8 3.36768017929769181 17 8 12 6 7 15 26 4 6 28 2 3 30 12 16 15 6.96245171630185755 17 6 1 14 16 2 1 24 2 13 20 12 15 13 13 4 26 12 14 23 4 17 3 1 9 26 11 1 19 2 8 24 4 15 31 7 6 30 5 18.0531138181686401 192.147037559963252 
12 15 1 8 20 4 10 9 2 14 32 13 1 15 12 15 16 1 12 12 7 3 1 3 16 26 2 18 19 2 1 28 12 15 32 1 6 3 10 5 22 1 11 31 11 14 26 2 4 2 8 16 6 4 10 24 6 2 1 5 21.3342317342758179 102.357165518880308 
13 17 3 15 6 2.70999124060388841 16 28 1 14 16.1354543567662532 2 4 15 9 6 31 11 3 18 13 1 19 8 9 20 3.84646942076222631 15 3 9.82524131762891173 17.8244721320812971 24 12 16 19 6 5 13 12 10 3 1 3 31 4 14 18.140740276750666 1 4 2 2 2 20 5 12 26 7 14 32 6 19.7516371011734009 163.946657728236687 
1 30 2.70999124060388841 14 30 5 17 15 7 2 16 6 3 17 11 3 2 12 17 6 9 12 26 11 14 25 10 1 20 5 14 9 11 2 30 2 14 16 5 4 18 5 15 25 13 4 12 13 6 1 13 16 30 8 3 18 11 13 13 11 16.9912880063056946 239.740709290709248 
3.36768017929769181 6 9 18 25 5 10 9 2 14 32 13 1 15 12 15 16 1 12 12 7 3 1 3 16 26 2 18 19 2 16 6 2 15 32 1 6 3 10 5 22 1 11 31 11 12 21 13 4 2 8 16 4 2.70999124060388841 10 24 6 2 1 5 25.1027716994285583 64.0428188369364761 
3 20 2 17 26 5 10 9 2 14 32 13 1 15 12 15 16 1 12 12 7 3 1 3 16 26 2 18 19 2 17 31 4 15 32 1 6 3 10 5 22 1 11 31 11 12 21 13 4 2 8 18 13 10 10 24 6 2 1 5 23.2208898067474365 81.5573457672887798 
3 18 9 14 3 13 2 15 2.70999124060388841 16 7 13 15 2 6.96245171630185755 17 11 3 12 28 3.84646942076222631 14 12 10 6 9 9 16 24 2 4 15 12 13 2 12 2 32 5 1 5 10 14 33 13 15 1 4 2 25 4 15 32 3 14 15 6 8 30 3 18.8520110249519348 179.917369472632657 
11 20 5 18 29 4 10 9 2 14 32 13 1 15 12 15 16 1 12 12 7 3 1 3 16 26 2 18 19 2 10 2 2.70999124060388841 15 32 1 6 3 10 5 22 1 11 31 11 12 21 13 4 2 8 16 4 2.70999124060388841 10 24 6 2 1 5 27.4255074858665466 54.337567529422337 
4 13 10 18 29 4 10 9 2 14 32 13 1 15 12 15 16 1 12 12 7 3 1 3 16 26 2 18 19 2 14 16 5 15 32 1 6 3 10 5 22 1 11 31 11 12 21 13 4 2 8 15 32 2 10 24 6 2 1 5 24.2027136087417603 70.3459500169767153 
3.36768017929769181 17 4 5 32 7 10 9 2 14 32 13 1 15 12 15 16 1 12 12 7 3 1 3 16 26 2 18 19 2 17 33 7 15 32 1 6 3 10 5 22 1 11 31 11 12 21 13 4 2 8 16 30 11 10 24 6 2 1 5 23.5229077935218811 80.1669764036676469 
14 24 13 6 31 2 1 18 12 10 16 7 6 32 7 15 1 7 7 1 10 17 18 2.70999124060388841 13 24 4 15 9 1 8 6 6.96245171630185755 14 15 7 15 12 11 3 25 2 16 30 10 1 8.22565314501180467 12 3 25 13 17 32 9 14 1 9 3 2 10 17.7665688097476959 199.532354280369191 
4 31 2 18 29 4 10 9 2 14 32 13 1 15 12 15 16 1 12 12 7 3 1 3 16 26 2 18 19 2 16 1 9 15 32 1 6 3 10 5 22 1 11 31 11 12 21 13 4 2 8 9 20 2.70999124060388841 10 24 6 2 1 5 23.9228024482727051 70.9355086509171713 
14 15 13 16 6 7 4 17 4 2 32 12 15 18 8 9 15 7 6 25 2.70999124060388841 3 1 7 11 22 4 2 25 11 17 31 7 10 9 13 12 6 13 14 2 9 4 16 10 2 24 7 13 1 2 16 8 11 9.25570237641795579 20 3 4.94126535182462057 1 3 19.0502756834030151 167.839779948293909 
4 20 7 18 29 4 10 9 2 14 32 13 1 15 12 15 16 1 12 12 7 3 1 3 16 26 2 18 19 2 17 10 2 15 32 1 6 3 10 5 22 1 11 31 11 12 21 13 4 2 8 16 4 2.70999124060388841 10 24 6 2 1 5 28.6388763785362244 51.8968973791018797 
3.36768017929769181 11 10 16 2 12 10 9 2 14 32 13 1 15 12 15 16 1 12 12 7 3 1 3 16 26 2 14 25 5 18 33 2 15 32 1 6 3 10 5 22 1 11 31 11 12 21 13 4 2 8 8 6 7 10 24 6 2 1 5 23.2152377963066101 86.3845928621651353 
3.36768017929769181 20 10 18 29 4 10 9 2 14 32 13 1 15 12 15 16 1 12 12 7 3 1 3 16 26 2 18 19 2 17 10 2 15 32 1 6 3 10 5 22 1 11 31 11 12 21 13 4 2 8 16 4 2.70999124060388841 10 24 6 14 1 10 28.3979384303092957 54.2144968564937244 
9 1 7 18 29 4 10 9 2 14 32 13 1 15 12 15 16 1 12 12 7 3 1 3 16 26 2 18 19 2 17 18 2.70999124060388841 15 32 1 6 3 10 5 22 1 11 31 11 12 21 13 4 2 8 16 4 2.70999124060388841 10 24 6 2 1 5 26.3914564847946167 57.1025073270386727 
12 25 4 18 29 4 10 9 2 14 32 13 1 15 12 15 16 1 12 12 7 3 1 3 16 26 2 18 19 2 17 24 2.70999124060388841 15 32 1 6 3 10 5 22 1 11 31 11 12 21 13 4 2 8 16 4 2.70999124060388841 10 24 6 2 1 5 26.0774896144866943 58.7585181262497329 
4 23 10 17 12 4 10 9 2 14 32 13 1 15 12 15 16 1 12 12 7 3 1 3 16 26 2 18 19 2 14 15 10 15 32 1 6 3 10 5 22 1 11 31 11 12 21 13 4 2 8 2 15 5 10 24 6 2 1 5 22.5260646343231201 87.1801594456056534 
3.36768017929769181 17 9 18 29 4 10 9 2 14 32 13 1 15 12 15 16 1 12 12 7 3 1 3 16 26 2 18 19 2 10 2 2 15 32 1 6 3 10 5 22 1 11 31 11 12 21 13 4 2 8 16 4 2.70999124060388841 10 24 6 2 1 5 27.1978314518928528 55.659587735824978 
6 24 1 17 19 9 6 31 12 15 22 2 16 24 1 15 28 5 9 31 10 13 26 3 6 20 1 4 24 7 4 11 12 1 20 13 13 25 13 14 1 7 6 31 3 14 19 7 1 26 12 2 13 11 12 15 9 14 30 11 17.1335077285766602 234.60184516206192 
2 24 7 6 31 8 15 26 8 4 25 4 14 26 1 9 2 2 13 20 7 6 31 12 1 20 2.70999124060388841 15 3 1 16 19 10 15 23 7 4 5 9 12 2 10 16 24 9 12 1 13 13 19 6.96245171630185755 1 6 13 4.94126535182462057 25 13 2 18 4 17.7520216703414917 208.661535858362498 
17 26 4 14 1 2.70999124060388841 4 5 13 1 31 4 13 1 3 16 24 6.96245171630185755 10 15 10 17 23 12 12 30 7 12 25 6 14 5 3 9 19 2 6 2 13 15 6 2 13 1 3 2 8.22565314501180467 1 15 22 3 4 12 10 13.2195649013323386 26 2 15 25 3 18.2248038649559021 190.316406507394987 

Current Evaluation = 80000000(80000000)
Front Size = 33
6 2 13 17 30 9 15 31 8 14 32 13 1 15 12 15 16 1 12 12 7 9 24 9 16 26 2 18 14 4 4 9 12 15 32 1 6 3 10 3 15 8 11 30 2.70999124060388841 12 21 13 3.36768017929769181 7 12 9 24 10 10 24 6 2 1 5 21.0447958111763 128.018582057481524 
12 5.34074699537910114 6.96245171630185755 16 31 3.84646942076222631 10 9 2 14 32 13 1 15 12 15 16 1 12 12 7 9 24 9 16 26 2 18 19 2 14 1 5 15 32 1 6 3 10 5 22 1 11 31 11 12 21 13 4 2 8 16 4 2.70999124060388841 10 24 6 2 1 5 24.3888176083564758 68.6886445525528302 
4 13 10 18 29 4 10 9 2 14 32 13 1 15 12 15 16 1 12 12 7 3 1 3 16 26 2 18 19 2 10 6 9 15 32 1 6 3 10 5 22 1 11 31 11 12 21 13 4 2 8 16 4 2.70999124060388841 10 24 6 2 1 5 26.6921525597572327 56.7542305452544866 
3 4 6 18 29 4 10 9 2 14 32 13 1 15 12 15 16 1 12 12 7 3 1 3 16 26 2 18 19 2 17 10 2 15 32 1 6 3 10 5 22 1 11 31 11 12 21 13 4 2 8 16 4 2.70999124060388841 10 24 6 2 1 5 31.0986544489860535 51.7262576363719333 
9 25 7 3 6 4 10 9 2 14 32 13 1 15 12 15 16 1 12 12 7 3 1 3 16 26 2 18 19 2 9 28 11 15 32 1 6 3 10 5 22 1 11 31 11 12 21 13 4 2 8 16 4 2.70999124060388841 10 24 6 2 1 5 25.2652295827865601 62.6334463195433884 
6 3 5 3.36768017929769181 1 12 9.25570237641795579 30 8 17 15 2 8 17 8 1 15 3.84646942076222631 15 6 6 14 15 7 10 9 13 6 30 3 8 12 9.82524131762891173 12 25 11 14 22 3 15 16 13 5 30 13.151007650947605 1 1 9 3 18 3 9 12 2 1 6 12 8 24 2 18.5778017044067383 183.965646281822728 
1 14 8 3.36768017929769181 17 8 12 6 7 15 26 4 6 28 2 3 30 12 16 15 6.96245171630185755 17 6 1 14 16 2 1 24 2 13 20 12 15 13 13 4 26 12 14 23 4 17 3 1 9 26 11 1 19 2 8 24 4 15 31 7 6 30 5 18.0531138181686401 192.147037559963252 
12 15 1 8 20 4 10 9 2 14 32 13 1 15 12 15 16 1 12 12 7 3 1 3 16 26 2 18 19 2 1 28 12 15 32 1 6 3 10 5 22 1 11 31 11 14 26 2 4 2 8 16 6 4 10 24 6 2 1 5 21.3342317342758179 102.357165518880308 
13 17 3 15 6 2.70999124060388841 16 28 1 14 16.1354543567662532 2 4 15 9 6 31 11 3 18 13 1 19 8 9 20 3.84646942076222631 15 3 9.82524131762891173 17.8244721320812971 24 12 16 19 6 5 13 12 10 3 1 3 31 4 14 18.140740276750666 1 4 2 2 2 20 5 12 26 7 14 32 6 19.7516371011734009 163.946657728236687 
1 30 2.70999124060388841 14 30 5 17 15 7 2 16 6 3 17 11 3 2 12 17 6 9 12 26 11 14 25 10 1 20 5 14 9 11 2 30 2 14 16 5 4 18 5 15 25 13 4 12 13 6 1 13 16 30 8 3 18 11 13 13 11 16.9912880063056946 239.740709290709248 
3.36768017929769181 6 9 18 25 5 10 9 2 14 32 13 1 15 12 15 16 1 12 12 7 3 1 3 16 26 2 18 19 2 16 6 2 15 32 1 6 3 10 5 22 1 11 31 11 12 21 13 4 2 8 16 4 2.70999124060388841 10 24 6 2 1 5 25.1027716994285583 64.0428188369364761 
3 20 2 17 26 5 10 9 2 14 32 13 1 15 12 15 16 1 12 12 7 3 1 3 16 26 2 18 19 2 17 31 4 15 32 1 6 3 10 5 22 1 11 31 11 12 21 13 4 2 8 18 13 10 10 24 6 2 1 5 23.2208898067474365 81.5573457672887798 
3 18 9 14 3 13 2 15 2.70999124060388841 16 7 13 15 2 6.96245171630185755 17 11 3 12 28 3.84646942076222631 14 12 10 6 9 9 16 24 2 4 15 12 13 2 12 2 32 5 1 5 10 14 33 13 15 1 4 2 25 4 15 32 3 14 15 6 8 30 3 18.8520110249519348 179.917369472632657 
11 20 5 18 29 4 10 9 2 14 32 13 1 15 12 15 16 1 12 12 7 3 1 3 16 26 2 18 19 2 10 2 2.70999124060388841 15 32 1 6 3 10 5 22 1 11 31 11 12 21 13 4 2 8 16 4 2.70999124060388841 10 24 6 2 1 5 27.4255074858665466 54.337567529422337 
4 13 10 18 29 4 10 9 2 14 32 13 1 15 12 15 16 1 12 12 7 3 1 3 16 26 2 18 19 2 14 16 5 15 32 1 6 3 10 5 22 1 11 31 11 12 21 13 4 2 8 15 32 2 10 24 6 2 1 5 24.2027136087417603 70.3459500169767153 
3.36768017929769181 17 4 5 32 7 10 9 2 14 32 13 1 15 12 15 16 1 12 12 7 3 1 3 16 26 2 18 19 2 17 33 7 15 32 1 6 3 10 5 22 1 11 31 11 12 21 13 4 2 8 16 30 11 10 24 6 2 1 5 23.5229077935218811 80.1669764036676469 
14 24 13 6 31 2 1 18 12 10 16 7 6 32 7 15 1 7 7 1 10 17 18 2.70999124060388841 13 24 4 15 9 1 8 6 6.96245171630185755 14 15 7 15 12 11 3 25 2 16 30 10 1 8.22565314501180467 12 3 25 13 17 32 9 14 1 9 3 2 10 17.7665688097476959 199.532354280369191 
4 31 2 18 29 4 10 9 2 14 32 13 1 15 12 15 16 1 12 12 7 3 1 3 16 26 2 18 19 2 16 1 9 15 32 1 6 3 10 5 22 1 11 31 11 12 21 13 4 2 8 9 20 2.70999124060388841 10 24 6 2 1 5 23.9228024482727051 70.9355086509171713 
14 15 13 16 6 7 4 17 4 2 32 12 15 18 8 9 15 7 6 25 2.70999124060388841 3 1 7 11 22 4 2 25 11 17 31 7 10 9 13 12 6 13 14 2 9 4 16 10 2 24 7 13 1 2 16 8 11 9.25570237641795579 20 3 4.94126535182462057 1 3 19.0502756834030151 167.839779948293909 
4 20 7 18 29 4 10 9 2 14 32 13 1 15 12 15 16 1 12 12 7 3 1 3 16 26 2 18 19 2 17 10 2 15 32 1 6 3 10 5 22 1 11 31 11 12 21 13 4 2 8 16 4 2.70999124060388841 10 24 6 2 1 5 28.6388763785362244 51.8968973791018797 
3.36768017929769181 11 10 16 2 12 10 9 2 14 32 13 1 15 12 15 16 1 12 12 7 3 1 3 16 26 2 14 25 5 18 33 2 15 32 1 6 3 10 5 22 1 11 31 11 12 21 13 4 2 8 8 6 7 10 24 6 2 1 5 23.2152377963066101 86.3845928621651353 
9 1 7 18 29 4 10 9 2 14 32 13 1 15 12 15 16 1 12 12 7 3 1 3 16 26 2 18 19 2 17 18 2.70999124060388841 15 32 1 6 3 10 5 22 1 11 31 11 12 21 13 4 2 8 16 4 2.70999124060388841 10 24 6 2 1 5 26.3914564847946167 57.1025073270386727 
12 25 4 18 29 4 10 9 2 14 32 13 1 15 12 15 16 1 12 12 7 3 1 3 16 26 2 18 19 2 17 24 2.70999124060388841 15 32 1 6 3 10 5 22 1 11 31 11 12 21 13 4 2 8 16 4 2.70999124060388841 10 24 6 2 1 5 26.0774896144866943 58.7585181262497329 
4 23 10 17 12 4 10 9 2 14 32 13 1 15 12 15 16 1 12 12 7 3 1 3 16 26 2 18 19 2 14 15 10 15 32 1 6 3 10 5 22 1 11 31 11 12 21 13 4 2 8 2 15 5 10 24 6 2 1 5 22.5260646343231201 87.1801594456056534 
3.36768017929769181 17 9 18 29 4 10 9 2 14 32 13 1 15 12 15 16 1 12 12 7 3 1 3 16 26 2 18 19 2 10 2 2 15 32 1 6 3 10 5 22 1 11 31 11 12 21 13 4 2 8 16 4 2.70999124060388841 10 24 6 2 1 5 27.1978314518928528 55.659587735824978 
17 26 4 14 1 2.70999124060388841 4 5 13 1 31 4 13 1 3 16 24 6.96245171630185755 10 15 10 17 23 12 12 30 7 12 25 6 14 5 3 9 19 2 6 2 13 15 6 2 13 1 3 2 8.22565314501180467 1 15 22 3 4 12 10 13.2195649013323386 26 2 15 25 3 18.2248038649559021 190.316406507394987 
7 2 2.70999124060388841 18 29 4 10 9 2 14 32 13 1 15 12 15 16 1 12 12 7 3 1 3 16 26 2 18 19 2 10 6 2 15 32 1 6 3 10 5 22 1 11 31 11 12 21 13 4 2 8 16 4 2.70999124060388841 10 24 6 2 1 5 27.8777214884757996 54.172879650707543 
4 31 1 3 1 2.70999124060388841 10 9 2 14 32 13 1 15 12 15 16 1 12 12 7 3 1 3 16 26 2 18 19 2 4 6 11 15 32 1 6 3 10 5 22 1 11 31 11 12 21 13 4 2 8 13 14 12 10 24 6 2 1 5 22.4821365475654602 94.9761306061540438 
15 12 1 4 23 4 4 15 13 17 3 7 2 32 11 3.36768017929769181 24 10 8 14 2 13 20 6 1 22 9 9 1 6.96245171630185755 16 30 10 14 26 8 6 5 3 12 31 4 2 3 3.84646942076222631 15 30 7 12 24 9 1 1 11 3 26 5 16 32 9.82524131762891173 17.3829160332679749 207.62663920187137 
9 5 9 18 29 4 10 9 2 14 32 13 1 15 12 15 16 1 12 12 7 3 1 3 16 26 2 18 19 2 14 16 7 15 32 1 6 3 10 5 22 1 11 31 11 12 21 13 4 2 8 14 25 4 10 24 6 2 1 5 23.8626314997673035 76.8030069603599088 
16 14 8 8 1 5 15 6 3 11 2 4 13 15 8 6 30 2 15 30 1 12 30 12 15 24 1 12 5 11 14 25 9 3.36768017929769181 12 6.96245171630185755 15 6 4 6 2 13 17 30 6 4 6 7 14 18 3 12 5 3 1 32 1 13 25 9 17.0425299406051636 209.399934216110665 
14 18 7 1 5 9 10 9 2 14 32 13 1 15 12 15 16 1 12 12 7 3 1 3 16 26 2 18 19 2 10 24 3 15 32 1 6 3 10 5 22 1 11 31 11 12 21 13 4 2 8 1 6 9 10 24 6 2 1 5 22.2386267185211182 97.6666307677530625 
16 6 10 6 1 3 2 24 2 13 1 8 4 6 11 3.36768017929769181 28 12 10 2 1 2 31 6 15 15 6 6 9 9 14 16 5 18 26 10 4 24 2 9 9 2 15 8 4 6 32 12 12 17 9 3 16.1354543567662532 3.84646942076222631 15 32 13 1 7 10 20.3277531862258911 161.84622627974025 

Current Evaluation = 90000000(90000000)
Front Size = 47
6 2 13 17 30 9 15 31 8 14 32 13 1 15 12 15 16 1 12 12 7 9 24 9 16 26 2 18 14 4 4 9 12 15 32 1 6 3 10 3 15 8 11 30 2.70999124060388841 12 21 13 3.36768017929769181 7 12 9 24 10 10 24 6 2 1 5 21.0447958111763 128.018582057481524 
6 3 5 3.36768017929769181 1 12 9.25570237641795579 30 8 17 15 2 8 17 8 1 15 3.84646942076222631 15 6 6 14 15 7 10 9 13 6 30 3 8 12 9.82524131762891173 12 25 11 14 22 3 15 16 13 5 30 13.151007650947605 1 1 9 3 18 3 9 12 2 1 6 12 8 24 2 18.5778017044067383 183.965646281822728 
1 14 8 3.36768017929769181 17 8 12 6 7 15 26 4 6 28 2 3 30 12 16 15 6.96245171630185755 17 6 1 14 16 2 1 24 2 13 20 12 15 13 13 4 26 12 14 23 4 17 3 1 9 26 11 1 19 2 8 24 4 15 31 7 6 30 5 18.0531138181686401 192.147037559963252 
12 15 1 8 20 4 10 9 2 14 32 13 1 15 12 15 16 1 12 12 7 3 1 3 16 26 2 18 19 2 1 28 12 15 32 1 6 3 10 5 22 1 11 31 11 14 26 2 4 2 8 16 6 4 10 24 6 2 1 5 21.3342317342758179 102.357165518880308 
13 17 3 15 6 2.70999124060388841 16 28 1 14 16.1354543567662532 2 4 15 9 6 31 11 3 18 13 1 19 8 9 20 3.84646942076222631 15 3 9.82524131762891173 17.8244721320812971 24 12 16 19 6 5 13 12 10 3 1 3 31 4 14 18.140740276750666 1 4 2 2 2 20 5 12 26 7 14 32 6 19.7516371011734009 163.946657728236687 
1 30 2.70999124060388841 14 30 5 17 15 7 2 16 6 3 17 11 3 2 12 17 6 9 12 26 11 14 25 10 1 20 5 14 9 11 2 30 2 14 16 5 4 18 5 15 25 13 4 12 13 6 1 13 16 30 8 3 18 11 13 13 11 16.9912880063056946 239.740709290709248 
3 18 9 14 3 13 2 15 2.70999124060388841 16 7 13 15 2 6.96245171630185755 17 11 3 12 28 3.84646942076222631 14 12 10 6 9 9 16 24 2 4 15 12 13 2 12 2 32 5 1 5 10 14 33 13 15 1 4 2 25 4 15 32 3 14 15 6 8 30 3 18.8520110249519348 179.917369472632657 
14 24 13 6 31 2 1 18 12 10 16 7 6 32 7 15 1 7 7 1 10 17 18 2.70999124060388841 13 24 4 15 9 1 8 6 6.96245171630185755 14 15 7 15 12 11 3 25 2 16 30 10 1 8.22565314501180467 12 3 25 13 17 32 9 14 1 9 3 2 10 17.7665688097476959 199.532354280369191 
14 15 13 16 6 7 4 17 4 2 32 12 15 18 8 9 15 7 6 25 2.70999124060388841 3 1 7 11 22 4 2 25 11 17 31 7 10 9 13 12 6 13 14 2 9 4 16 10 2 24 7 13 1 2 16 8 11 9.25570237641795579 20 3 4.94126535182462057 1 3 19.0502756834030151 167.839779948293909 
4 20 7 18 29 4 10 9 2 14 32 13 1 15 12 15 16 1 12 12 7 3 1 3 16 26 2 18 19 2 17 10 2 15 32 1 6 3 10 5 22 1 11 31 11 12 21 13 4 2 8 16 4 2.70999124060388841 10 24 6 2 1 5 28.6388763785362244 51.8968973791018797 
9 1 7 18 29 4 10 9 2 14 32 13 1 15 12 15 16 1 12 12 7 3 1 3 16 26 2 18 19 2 17 18 2.70999124060388841 15 32 1 6 3 10 5 22 1 11 31 11 12 21 13 4 2 8 16 4 2.70999124060388841 10 24 6 2 1 5 26.3914564847946167 57.1025073270386727 
4 23 10 17 12 4 10 9 2 14 32 13 1 15 12 15 16 1 12 12 7 3 1 3 16 26 2 18 19 2 14 15 10 15 32 1 6 3 10 5 22 1 11 31 11 12 21 13 4 2 8 2 15 5 10 24 6 2 1 5 22.5260646343231201 87.1801594456056534 
17 26 4 14 1 2.70999124060388841 4 5 13 1 31 4 13 1 3 16 24 6.96245171630185755 10 15 10 17 23 12 12 30 7 12 25 6 14 5 3 9 19 2 6 2 13 15 6 2 13 1 3 2 8.22565314501180467 1 15 22 3 4 12 10 13.2195649013323386 26 2 15 25 3 18.2248038649559021 190.316406507394987 
15 12 1 4 23 4 4 15 13 17 3 7 2 32 11 3.36768017929769181 24 10 8 14 2 13 20 6 1 22 9 9 1 6.96245171630185755 16 30 10 14 26 8 6 5 3 12 31 4 2 3 3.84646942076222631 15 30 7 12 24 9 1 1 11 3 26 5 16 32 9.82524131762891173 17.3829160332679749 207.62663920187137 
16 14 8 8 1 5 15 6 3 11 2 4 13 15 8 6 30 2 15 30 1 12 30 12 15 24 1 12 5 11 14 25 9 3.36768017929769181 12 6.96245171630185755 15 6 4 6 2 13 17 30 6 4 6 7 14 18 3 12 5 3 1 32 1 13 25 9 17.0425299406051636 209.399934216110665 
16 6 10 6 1 3 2 24 2 13 1 8 4 6 11 3.36768017929769181 28 12 10 2 1 2 31 6 15 15 6 6 9 9 14 16 5 18 26 10 4 24 2 9 9 2 15 8 4 6 32 12 12 17 9 3 16.1354543567662532 3.84646942076222631 15 32 13 1 7 10 20.3277531862258911 161.84622627974025 
9 5.34074699537910114 6 4 24 4 10 9 2 14 32 13 1 15 12 15 16 1 12 12 7 3 1 3 16 26 2 18 19 2 10 30 7 15 32 1 6 3 10 5 22 1 11 31 11 12 21 13 4 2 8 16 4 2.70999124060388841 10 24 6 2 1 5 24.9794596433639526 59.6428790576588739 
9 5.34074699537910114 6 4 1 3 10 9 2 14 32 13 1 15 12 15 16 1 12 12 7 3 1 3 16 26 2 18 19 2 6 15 1 15 32 1 6 3 10 5 22 1 11 31 11 12 21 13 4 2 8 17 23 8 10 24 6 2 1 5 23.288927435874939 79.6997679880032877 
9 5.34074699537910114 6 3.36768017929769181 13 9 10 9 2 14 32 13 1 15 12 15 16 1 12 12 7 3 1 3 16 26 2 18 19 2 6 6 2 15 32 1 6 3 10 5 22 1 11 31 11 12 21 13 4 2 8 2 6 3 10 24 6 2 1 5 22.759533703327179 84.9765359964487601 
9 5.34074699537910114 6 2 32 11 10 9 2 14 32 13 1 15 12 15 16 1 12 12 7 3 1 3 16 26 2 18 19 2 11 18 12 15 32 1 6 3 10 5 22 1 12 30 10 6 1 7 4 2 8 6 1 12 1 17 11 2 1 5 21.2308986783027649 117.02837720294545 
9 5.34074699537910114 6 4 12 7 10 9 2 14 32 13 1 15 12 15 16 1 12 12 7 3 1 3 16 26 2 8 8 7 4 20 9 15 32 1 6 3 10 5 22 1 11 31 11 12 21 13 4 2 8 12 31 7 1 12 13 2 1 5 21.1605156660079956 127.57621580016081 
9 5.34074699537910114 6 18 29 4 10 9 2 14 32 13 1 15 12 15 16 1 12 12 7 3 1 3 16 26 2 18 19 2 14 16 7 15 32 1 6 3 10 5 22 1 11 31 11 12 21 13 4 2 8 16 6 2.70999124060388841 10 24 6 2 1 5 24.250155508518219 61.6941403630240828 
9 5.34074699537910114 6 17 30 5 10 9 2 14 32 13 1 15 12 15 16 1 12 12 7 3 1 3 16 26 2 18 19 2 3.36768017929769181 9 11 15 32 1 6 3 10 5 22 1 11 31 11 12 21 13 4 2 8 16 28 3 10 24 6 2 1 5 23.3081496953964233 78.8974082708424618 
9 5.34074699537910114 6 18 29 4 10 9 2 14 32 13 1 15 12 15 16 1 12 12 7 3 1 3 16 26 2 18 19 2 10 23 2.70999124060388841 15 32 1 6 3 10 5 22 1 11 31 11 12 21 13 4 2 8 16 4 2.70999124060388841 10 24 6 2 1 5 27.4911383986473083 53.1874963022053535 
9 5.34074699537910114 6 18 29 4 10 9 2 14 32 13 1 15 12 15 16 1 12 12 7 3 1 3 16 26 2 18 19 2 14 6 1 15 32 1 6 3 10 5 22 1 11 31 11 12 21 13 4 2 8 16 4 2.70999124060388841 10 24 6 2 1 5 26.3476994633674622 57.8007659385349442 
9 5.34074699537910114 6 18 29 4 10 9 2 14 32 13 1 15 12 15 16 1 12 12 7 3 1 3 16 26 2 18 19 2 14 6 9 15 32 1 6 3 10 5 22 1 11 31 11 12 21 13 4 2 8 17 31 2 10 24 6 2 1 5 23.8377154469490051 69.347475716995703 
9 5.34074699537910114 6 18 29 4 10 9 2 14 32 13 1 15 12 15 16 1 12 12 7 3 1 3 16 26 2 18 19 2 10 24 2 15 32 1 6 3 10 5 22 1 11 31 11 12 21 13 4 2 8 16 4 2.70999124060388841 10 24 6 2 1 5 26.9678314328193665 54.8660661760039901 
9 5.34074699537910114 6 3 29 9 10 9 2 14 32 13 1 15 12 15 16 1 12 12 7 3 1 3 16 26 2 18 19 2 3 9 12 15 32 1 6 3 10 5 22 1 11 31 11 12 21 13 4 2 8 1 6 3 10 24 6 2 1 5 23.6215695738792419 73.5242550454612882 
9 5.34074699537910114 6 1 26 9 10 9 2 14 32 13 1 15 12 15 16 1 12 12 7 3 1 3 16 26 2 18 19 2 2 13 10 15 32 1 6 3 10 5 22 1 11 31 11 12 21 13 4 2 8 16 26 2.70999124060388841 10 24 6 2 1 5 22.8506416082382202 79.7669888027642457 
9 5.34074699537910114 6 18 29 4 10 9 2 14 32 13 1 15 12 15 16 1 12 12 7 3 1 3 16 26 2 18 19 2 17 10 2 15 32 1 6 3 10 5 22 1 11 31 11 12 21 13 4 2 8 16 6 2.70999124060388841 10 24 6 2 1 5 26.8475963473320007 56.3079338348927507 
9 5.34074699537910114 6 18 29 4 10 9 2 14 32 13 1 15 12 15 16 1 12 12 7 3 1 3 16 26 2 18 19 2 10 6 5 15 32 1 6 3 10 5 22 1 11 31 11 12 21 13 4 2 8 16 4 2.70999124060388841 10 24 6 2 1 5 26.9089824557304382 55.0507769914944021 
9 5.34074699537910114 6 1 5.34074699537910114 7 10 9 2 14 32 13 1 15 12 15 16 1 12 12 7 3 1 3 16 26 2 18 19 2 1 19 8 15 32 1 6 3 10 2 25 13 11 31 11 8 30 12 4 2 8 13 1 6.96245171630185755 10 24 6 2 1 5 20.8740314841270447 132.515304264123813 
9 5.34074699537910114 6 18 29 4 10 9 2 14 32 13 1 15 12 15 16 1 12 12 7 3 1 3 16 26 2 18 19 2 17 10 2 15 32 1 6 3 10 5 22 1 11 31 11 3.36768017929769181 21 13 4 2 8 16 6 2 10 24 6 2 1 5 26.8539692759513855 55.8571181228473677 
9 5.34074699537910114 6 17 20 4 10 9 2 14 32 13 1 15 12 15 16 1 12 12 7 3 1 3 16 26 2 18 19 2 4 18 6 15 32 1 6 3 10 5 22 1 11 31 11 12 21 13 4 2 8 1 26 6 10 24 6 2 1 5 22.6426076292991638 86.7317420674563522 
9 5.34074699537910114 6 18 29 4 10 9 2 14 32 13 1 15 12 15 16 1 12 12 7 3 1 3 16 26 2 18 19 2 17 10 2 15 32 1 6 3 10 5 22 1 11 31 11 12 21 13 4 2 8 16 4 2.70999124060388841 10 24 6 2 1 5 29.1526183485984802 51.0732099034336784 
9 5.34074699537910114 6 17 23 2.70999124060388841 10 9 2 14 32 13 1 15 12 15 16 1 12 12 7 3 1 3 16 26 2 18 19 2 9.25570237641795579 30 13 15 32 1 6 3 10 5 22 1 11 31 11 12 21 13 4 2 8 15 8 7 10 24 6 2 1 5 23.510777473449707 76.3278825345355045 
9 5.34074699537910114 6 18 29 4 10 9 2 14 32 13 1 15 12 15 16 1 12 12 7 3 1 3 16 26 2 18 19 2 17 30 2.70999124060388841 15 32 1 6 3 10 5 22 1 11 31 11 12 21 13 4 2 8 16 4 2.70999124060388841 10 24 6 2 1 5 26.3978094458580017 57.0167212760866065 
9 5.34074699537910114 6 18 29 4 10 9 2 14 32 13 1 15 12 15 16 1 12 12 7 3 1 3 16 26 2 18 19 2 17 6 2.70999124060388841 15 32 1 6 3 10 5 22 1 11 31 11 12 21 13 4 2 8 16 4 2.70999124060388841 10 24 6 2 1 5 26.4331864714622498 56.7697567983558642 
9 5.34074699537910114 6 15 6 11 10 9 2 14 32 13 1 15 12 15 16 1 12 12 7 3 1 3 16 26 2 14 16 2 4 9 8 15 32 1 6 3 10 5 22 1 11 31 11 12 21 13 4 2 8 13 15 10 10 24 6 2 1 5 21.6803436875343323 95.6246209346209213 
9 5.34074699537910114 6 18 29 4 10 9 2 14 32 13 1 15 12 15 16 1 12 12 7 3 1 3 16 26 2 18 19 2 17 28 8 15 32 1 6 3 10 5 22 1 11 31 11 12 21 13 4 2 8 16 4 2.70999124060388841 10 24 6 2 1 5 27.1897165179252625 54.3258158202792316 
9 5.34074699537910114 6 18 29 4 10 9 2 14 32 13 1 15 12 15 16 1 12 12 7 3 1 3 16 26 2 18 19 2 17 33 11 15 32 1 6 3 10 5 22 1 11 31 11 12 21 13 4 2 8 16 4 2.70999124060388841 10 24 6 2 1 5 27.2979444861412048 54.1042065014244642 
9 5.34074699537910114 6 14 26 12 10 9 2 14 32 13 1 15 12 15 16 1 12 12 7 3 1 3 16 26 2 18 19 2 14 2 2 15 32 1 14 30 10 5 22 1 11 31 11 12 21 13 4 2 8 14 6 12 10 24 6 2 1 5 21.6940836608409882 89.6002105526773533 
9 5.34074699537910114 6 18 29 4 10 9 2 14 32 13 1 15 12 15 16 1 12 12 7 3 1 3 16 26 2 18 19 2 16 6 2 15 32 1 6 3 10 5 22 1 11 31 11 12 21 13 4 2 8 16 4 2.70999124060388841 10 24 6 2 1 5 26.4600264430046082 56.3779897294259271 
9 5.34074699537910114 6 18 29 4 10 9 2 14 32 13 1 15 12 15 16 1 12 12 7 3 1 3 16 26 2 18 19 2 14 6 1 15 32 1 6 3 10 5 22 1 11 31 11 12 21 13 4 2 8 17 30 12 10 24 6 2 1 5 24.0344464778900146 64.8380198333326234 
9 5.34074699537910114 6 18 29 4 10 9 2 14 32 13 1 15 12 15 16 1 12 12 7 3 1 3 16 26 2 18 19 2 17 28 13 15 32 1 6 3 10 5 22 1 11 31 11 12 21 13 4 2 8 16 4 2.70999124060388841 10 24 6 2 1 5 27.1485165953636169 54.8328271426831932 
9 5.34074699537910114 6 18 29 4 10 9 2 14 32 13 1 15 12 15 16 1 12 12 7 3 1 3 16 26 2 18 19 2 14 28 2 15 32 1 6 3 10 5 22 1 11 31 11 3 17 13 4 2 8 16 4 2.70999124060388841 10 24 6 2 1 5 26.0524594187736511 57.805561520825556 
9 5.34074699537910114 6 18 29 4 10 9 2 14 32 13 1 15 12 15 16 1 12 12 7 3 1 3 16 26 2 18 19 2 17 30 12 15 32 1 6 3 10 5 22 1 11 31 11 12 21 13 4 2 8 16 4 2.70999124060388841 10 24 6 2 1 5 26.4517954587936401 56.5304365772547044 

Current Evaluation = 100000000(100000000)
Front Size = 42
6 2 13 17 30 9 15 31 8 14 32 13 1 15 12 15 16 1 12 12 7 9 24 9 16 26 2 18 14 4 4 9 12 15 32 1 6 3 10 3 15 8 11 30 2.70999124060388841 12 21 13 3.36768017929769181 7 12 9 24 10 10 24 6 2 1 5 21.0447958111763 128.018582057481524 
6 3 5 3.36768017929769181 1 12 9.25570237641795579 30 8 17 15 2 8 17 8 1 15 3.84646942076222631 15 6 6 14 15 7 10 9 13 6 30 3 8 12 9.82524131762891173 12 25 11 14 22 3 15 16 13 5 30 13.151007650947605 1 1 9 3 18 3 9 12 2 1 6 12 8 24 2 18.5778017044067383 183.965646281822728 
1 14 8 3.36768017929769181 17 8 12 6 7 15 26 4 6 28 2 3 30 12 16 15 6.96245171630185755 17 6 1 14 16 2 1 24 2 13 20 12 15 13 13 4 26 12 14 23 4 17 3 1 9 26 11 1 19 2 8 24 4 15 31 7 6 30 5 18.0531138181686401 192.147037559963252 
12 15 1 8 20 4 10 9 2 14 32 13 1 15 12 15 16 1 12 12 7 3 1 3 16 26 2 18 19 2 1 28 12 15 32 1 6 3 10 5 22 1 11 31 11 14 26 2 4 2 8 16 6 4 10 24 6 2 1 5 21.3342317342758179 102.357165518880308 
13 17 3 15 6 2.70999124060388841 16 28 1 14 16.1354543567662532 2 4 15 9 6 31 11 3 18 13 1 19 8 9 20 3.84646942076222631 15 3 9.82524131762891173 17.8244721320812971 24 12 16 19 6 5 13 12 10 3 1 3 31 4 14 18.140740276750666 1 4 2 2 2 20 5 12 26 7 14 32 6 19.7516371011734009 163.946657728236687 
1 30 2.70999124060388841 14 30 5 17 15 7 2 16 6 3 17 11 3 2 12 17 6 9 12 26 11 14 25 10 1 20 5 14 9 11 2 30 2 14 16 5 4 18 5 15 25 13 4 12 13 6 1 13 16 30 8 3 18 11 13 13 11 16.9912880063056946 239.740709290709248 
3 18 9 14 3 13 2 15 2.70999124060388841 16 7 13 15 2 6.96245171630185755 17 11 3 12 28 3.84646942076222631 14 12 10 6 9 9 16 24 2 4 15 12 13 2 12 2 32 5 1 5 10 14 33 13 15 1 4 2 25 4 15 32 3 14 15 6 8 30 3 18.8520110249519348 179.917369472632657 
14 24 13 6 31 2 1 18 12 10 16 7 6 32 7 15 1 7 7 1 10 17 18 2.70999124060388841 13 24 4 15 9 1 8 6 6.96245171630185755 14 15 7 15 12 11 3 25 2 16 30 10 1 8.22565314501180467 12 3 25 13 17 32 9 14 1 9 3 2 10 17.7665688097476959 199.532354280369191 
14 15 13 16 6 7 4 17 4 2 32 12 15 18 8 9 15 7 6 25 2.70999124060388841 3 1 7 11 22 4 2 25 11 17 31 7 10 9 13 12 6 13 14 2 9 4 16 10 2 24 7 13 1 2 16 8 11 9.25570237641795579 20 3 4.94126535182462057 1 3 19.0502756834030151 167.839779948293909 
17 26 4 14 1 2.70999124060388841 4 5 13 1 31 4 13 1 3 16 24 6.96245171630185755 10 15 10 17 23 12 12 30 7 12 25 6 14 5 3 9 19 2 6 2 13 15 6 2 13 1 3 2 8.22565314501180467 1 15 22 3 4 12 10 13.2195649013323386 26 2 15 25 3 18.2248038649559021 190.316406507394987 
15 12 1 4 23 4 4 15 13 17 3 7 2 32 11 3.36768017929769181 24 10 8 14 2 13 20 6 1 22 9 9 1 6.96245171630185755 16 30 10 14 26 8 6 5 3 12 31 4 2 3 3.84646942076222631 15 30 7 12 24 9 1 1 11 3 26 5 16 32 9.82524131762891173 17.3829160332679749 207.62663920187137 
16 14 8 8 1 5 15 6 3 11 2 4 13 15 8 6 30 2 15 30 1 12 30 12 15 24 1 12 5 11 14 25 9 3.36768017929769181 12 6.96245171630185755 15 6 4 6 2 13 17 30 6 4 6 7 14 18 3 12 5 3 1 32 1 13 25 9 17.0425299406051636 209.399934216110665 
16 6 10 6 1 3 2 24 2 13 1 8 4 6 11 3.36768017929769181 28 12 10 2 1 2 31 6 15 15 6 6 9 9 14 16 5 18 26 10 4 24 2 9 9 2 15 8 4 6 32 12 12 17 9 3 16.1354543567662532 3.84646942076222631 15 32 13 1 7 10 20.3277531862258911 161.84622627974025 
9 5.34074699537910114 6 4 24 4 10 9 2 14 32 13 1 15 12 15 16 1 12 12 7 3 1 3 16 26 2 18 19 2 10 30 7 15 32 1 6 3 10 5 22 1 11 31 11 12 21 13 4 2 8 16 4 2.70999124060388841 10 24 6 2 1 5 24.9794596433639526 59.6428790576588739 
9 5.34074699537910114 6 2 32 11 10 9 2 14 32 13 1 15 12 15 16 1 12 12 7 3 1 3 16 26 2 18 19 2 11 18 12 15 32 1 6 3 10 5 22 1 12 30 10 6 1 7 4 2 8 6 1 12 1 17 11 2 1 5 21.2308986783027649 117.02837720294545 
9 5.34074699537910114 6 4 12 7 10 9 2 14 32 13 1 15 12 15 16 1 12 12 7 3 1 3 16 26 2 8 8 7 4 20 9 15 32 1 6 3 10 5 22 1 11 31 11 12 21 13 4 2 8 12 31 7 1 12 13 2 1 5 21.1605156660079956 127.57621580016081 
9 5.34074699537910114 6 18 29 4 10 9 2 14 32 13 1 15 12 15 16 1 12 12 7 3 1 3 16 26 2 18 19 2 14 16 7 15 32 1 6 3 10 5 22 1 11 31 11 12 21 13 4 2 8 16 6 2.70999124060388841 10 24 6 2 1 5 24.250155508518219 61.6941403630240828 
9 5.34074699537910114 6 18 29 4 10 9 2 14 32 13 1 15 12 15 16 1 12 12 7 3 1 3 16 26 2 18 19 2 14 6 9 15 32 1 6 3 10 5 22 1 11 31 11 12 21 13 4 2 8 17 31 2 10 24 6 2 1 5 23.8377154469490051 69.347475716995703 
9 5.34074699537910114 6 1 5.34074699537910114 7 10 9 2 14 32 13 1 15 12 15 16 1 12 12 7 3 1 3 16 26 2 18 19 2 1 19 8 15 32 1 6 3 10 2 25 13 11 31 11 8 30 12 4 2 8 13 1 6.96245171630185755 10 24 6 2 1 5 20.8740314841270447 132.515304264123813 
9 5.34074699537910114 6 15 6 11 10 9 2 14 32 13 1 15 12 15 16 1 12 12 7 3 1 3 16 26 2 14 16 2 4 9 8 15 32 1 6 3 10 5 22 1 11 31 11 12 21 13 4 2 8 13 15 10 10 24 6 2 1 5 21.6803436875343323 95.6246209346209213 
9 5.34074699537910114 6 14 26 12 10 9 2 14 32 13 1 15 12 15 16 1 12 12 7 3 1 3 16 26 2 18 19 2 14 2 2 15 32 1 14 30 10 5 22 1 11 31 11 12 21 13 4 2 8 14 6 12 10 24 6 2 1 5 21.6940836608409882 89.6002105526773533 
9 5.34074699537910114 6 18 29 4 10 9 2 14 32 13 1 15 12 15 16 1 12 12 7 3 1 3 16 26 2 18 19 2 14 6 1 15 32 1 6 3 10 5 22 1 11 31 11 12 21 13 4 2 8 17 30 12 10 24 6 2 1 5 24.0344464778900146 64.8380198333326234 
9 5.34074699537910114 6 16 33 2 10 9 2 14 32 13 1 15 12 15 16 1 12 12 7 3 1 3 16 26 2 18 19 2 14 12 9 15 32 1 15 31 1 5 22 1 11 31 11 13 14 9 4 2 8 4 24 8 16 30 6 2 1 5 21.1818166673183441 119.041481633870006 
9 5.34074699537910114 6 18 29 4 10 9 2 14 32 13 1 15 12 15 16 1 12 12 7 3 1 3 16 26 2 18 19 2 10 6 2 15 32 1 6 3 10 5 22 1 11 31 11 12 21 13 4 2 8 16 4 2.70999124060388841 10 24 6 2 1 5 26.9259964823722839 52.9643940266322986 
16 31 7 10 26 2.70999124060388841 14 15 8 3 1 3 17 9 1 1 25 4 14 31 1 6 32 5 4 20 5 14 2 7 9.25570237641795579 23 8 2 16 2 10 18 13 1 24 10 3 7 1 4 31 1 14 12 10 4 24 13 2 17 11 1 20 5 18.8643696308135986 176.024481890658336 
9 5.34074699537910114 6 18 29 4 10 9 2 14 32 13 1 15 12 15 16 1 12 12 7 3 1 3 16 26 2 18 19 2 17 30 2 15 32 1 6 3 10 5 22 1 11 31 11 12 21 13 4 2 8 17 6 4 10 24 6 2 1 5 23.9869335293769836 65.4119390424982328 
9 5.34074699537910114 6 18 30 9 10 9 2 14 32 13 1 15 12 15 16 1 12 12 7 3 1 3 16 26 2 18 19 2 17 24 13 15 32 1 6 3 10 5 22 1 11 31 11 12 12 11 4 2 8 2 25 4 10 24 6 2 1 5 22.1084766387939453 83.7958418708849138 
9 5.34074699537910114 6 12 20 7 10 9 2 14 32 13 1 15 12 15 16 1 12 12 7 3 1 3 16 26 2 18 19 2 17 24 3 15 32 1 6 3 10 5 22 1 11 31 11 12 21 13 4 2 8 3.36768017929769181 16.1354543567662532 9 10 24 6 2 1 5 22.7969446182250977 77.8831879161621004 
9 5.34074699537910114 6 11 24 3 10 9 2 14 32 13 1 15 12 15 16 1 12 12 7 3 1 3 16 26 2 6 24 7 11 5.34074699537910114 11 15 32 1 6 3 10 5 22 1 11 31 11 17 30 11 4 2 8 16 11 4 10 24 6 2 1 5 21.5771317481994629 97.006641626347502 
9 5.34074699537910114 6 18 29 4 10 9 2 14 32 13 1 15 12 15 16 1 12 12 7 3 1 3 16 26 2 18 19 2 10 23 2 15 32 1 6 3 10 5 22 1 11 31 11 12 21 13 4 2 8 16 4 2.70999124060388841 10 24 6 2 1 5 27.4911383986473083 50.8328321149524385 
9 5.34074699537910114 6 4 24 4 10 9 2 14 32 13 1 15 12 15 16 1 12 12 7 3 1 3 16 26 2 18 19 2 10 23 2 15 32 1 6 3 10 5 22 1 11 31 11 12 21 13 4 2 8 16 4 2.70999124060388841 10 24 6 2 1 5 25.6389925479888916 55.9929790482421978 
9 5.34074699537910114 6 18 29 4 10 9 2 14 32 13 1 15 12 15 16 1 12 12 7 3 1 3 16 26 2 18 19 2 10 23 2 15 32 1 6 3 10 5 22 1 11 31 11 12 21 13 4 2 8 16 19 2 10 24 6 2 1 5 25.5113803744316101 56.1092154456714809 
9 5.34074699537910114 6 18 29 4 10 9 2 14 32 13 1 15 12 15 16 1 12 12 7 3 1 3 16 26 2 18 19 2 10 23 2 15 32 1 6 3 10 5 22 1 11 31 11 12 21 13 4 2 8 15 15 4 10 24 6 2 1 5 25.2321014404296875 59.0742294067514422 
9 5.34074699537910114 6 18 29 4 10 9 2 14 32 13 1 15 12 15 16 1 12 12 7 3 1 3 16 26 2 18 19 2 10 23 2 15 32 1 6 3 10 5 22 1 11 31 11 14 15 7 4 2 8 16 17 2.70999124060388841 10 24 6 2 1 5 24.0889084339141846 63.7756125083948646 
9 5.34074699537910114 6 18 29 4 10 9 2 14 32 13 1 15 12 15 16 1 12 12 7 3 1 3 16 26 2 18 19 2 10 23 2 15 32 1 6 3 10 5 22 1 11 31 11 12 21 13 4 2 8 16 18 2 10 24 6 2 1 5 25.4167473912239075 58.9451684645561258 
9 5.34074699537910114 6 17 6 8 10 9 2 14 32 13 1 15 12 15 16 1 12 12 7 3 1 3 16 26 2 18 19 2 10 23 2 15 32 1 6 3 10 5 22 1 11 31 11 12 21 13 4 2 8 16 4 2.70999124060388841 10 24 6 2 1 5 25.7602764964103699 55.6114677883176327 
9 5.34074699537910114 6 17 6 12 10 9 2 14 32 13 1 15 12 15 16 1 12 12 7 3 1 3 16 26 2 18 19 2 10 23 2 15 32 1 6 3 10 5 22 1 11 31 11 12 21 13 4 2 8 14 30 9 10 24 6 2 1 5 23.023326575756073 70.6460415220582405 
9 5.34074699537910114 6 18 23 2.70999124060388841 10 9 2 14 32 13 1 15 12 15 16 1 12 12 7 3 1 3 16 26 2 18 19 2 10 23 2 15 32 1 6 3 10 5 22 1 11 31 11 12 21 13 4 2 8 16 4 2.70999124060388841 10 24 6 2 1 5 27.1352226138114929 52.4937558028088347 
9 5.34074699537910114 6 16 28 2 10 9 2 14 32 13 1 15 12 15 16 1 12 12 7 3 1 3 16 26 2 18 19 2 10 23 2 15 32 1 6 3 10 5 22 1 11 31 11 12 21 13 4 2 8 16 4 2.70999124060388841 10 24 6 2 1 5 26.3532745242118835 54.5095035812087403 
9 5.34074699537910114 6 18 26 12 10 9 2 14 32 13 1 15 12 15 16 1 12 12 7 3 1 3 16 26 2 18 19 2 10 23 2 15 32 1 6 3 10 5 22 1 11 31 11 12 21 13 4 2 8 16 4 2.70999124060388841 10 24 6 2 1 5 26.7097856402397156 53.9086162959740491 
9 5.34074699537910114 6 3.36768017929769181 29 7 10 9 2 14 32 13 1 15 12 15 16 1 12 12 7 3 1 3 16 26 2 18 19 2 10 23 2 15 32 1 6 3 10 5 22 1 11 31 11 12 21 13 4 2 8 16 4 2.70999124060388841 10 24 6 2 1 5 26.69102543592453 54.3209358323135447 
9 5.34074699537910114 6 3.36768017929769181 6 6.96245171630185755 10 9 2 14 32 13 1 15 12 15 16 1 12 12 7 3 1 3 16 26 2 18 19 2 10 23 2 15 32 1 6 3 10 5 22 1 11 31 11 12 21 13 4 2 8 16 4 2.70999124060388841 10 24 6 2 1 5 25.8109534978866577 55.5801606563620254 

MOEA/D: Multiobjective Evolutionary Algorithm Based on Decomposition
Number of Evaluations = 100000000
Mutation Probability = 0.0500000007450580597
Population Size = 250
Neighborhood size = 62
Seed: 13

Time =  18706.849631000001

Current Evaluation = 100000000
Front Size = 42
6 2 13 17 30 9 15 31 8 14 32 13 1 15 12 15 16 1 12 12 7 9 24 9 16 26 2 18 14 4 4 9 12 15 32 1 6 3 10 3 15 8 11 30 2.70999124060388841 12 21 13 3.36768017929769181 7 12 9 24 10 10 24 6 2 1 5 21.0447958111763 128.018582057481524 
6 3 5 3.36768017929769181 1 12 9.25570237641795579 30 8 17 15 2 8 17 8 1 15 3.84646942076222631 15 6 6 14 15 7 10 9 13 6 30 3 8 12 9.82524131762891173 12 25 11 14 22 3 15 16 13 5 30 13.151007650947605 1 1 9 3 18 3 9 12 2 1 6 12 8 24 2 18.5778017044067383 183.965646281822728 
1 14 8 3.36768017929769181 17 8 12 6 7 15 26 4 6 28 2 3 30 12 16 15 6.96245171630185755 17 6 1 14 16 2 1 24 2 13 20 12 15 13 13 4 26 12 14 23 4 17 3 1 9 26 11 1 19 2 8 24 4 15 31 7 6 30 5 18.0531138181686401 192.147037559963252 
12 15 1 8 20 4 10 9 2 14 32 13 1 15 12 15 16 1 12 12 7 3 1 3 16 26 2 18 19 2 1 28 12 15 32 1 6 3 10 5 22 1 11 31 11 14 26 2 4 2 8 16 6 4 10 24 6 2 1 5 21.3342317342758179 102.357165518880308 
13 17 3 15 6 2.70999124060388841 16 28 1 14 16.1354543567662532 2 4 15 9 6 31 11 3 18 13 1 19 8 9 20 3.84646942076222631 15 3 9.82524131762891173 17.8244721320812971 24 12 16 19 6 5 13 12 10 3 1 3 31 4 14 18.140740276750666 1 4 2 2 2 20 5 12 26 7 14 32 6 19.7516371011734009 163.946657728236687 
1 30 2.70999124060388841 14 30 5 17 15 7 2 16 6 3 17 11 3 2 12 17 6 9 12 26 11 14 25 10 1 20 5 14 9 11 2 30 2 14 16 5 4 18 5 15 25 13 4 12 13 6 1 13 16 30 8 3 18 11 13 13 11 16.9912880063056946 239.740709290709248 
3 18 9 14 3 13 2 15 2.70999124060388841 16 7 13 15 2 6.96245171630185755 17 11 3 12 28 3.84646942076222631 14 12 10 6 9 9 16 24 2 4 15 12 13 2 12 2 32 5 1 5 10 14 33 13 15 1 4 2 25 4 15 32 3 14 15 6 8 30 3 18.8520110249519348 179.917369472632657 
14 24 13 6 31 2 1 18 12 10 16 7 6 32 7 15 1 7 7 1 10 17 18 2.70999124060388841 13 24 4 15 9 1 8 6 6.96245171630185755 14 15 7 15 12 11 3 25 2 16 30 10 1 8.22565314501180467 12 3 25 13 17 32 9 14 1 9 3 2 10 17.7665688097476959 199.532354280369191 
14 15 13 16 6 7 4 17 4 2 32 12 15 18 8 9 15 7 6 25 2.70999124060388841 3 1 7 11 22 4 2 25 11 17 31 7 10 9 13 12 6 13 14 2 9 4 16 10 2 24 7 13 1 2 16 8 11 9.25570237641795579 20 3 4.94126535182462057 1 3 19.0502756834030151 167.839779948293909 
17 26 4 14 1 2.70999124060388841 4 5 13 1 31 4 13 1 3 16 24 6.96245171630185755 10 15 10 17 23 12 12 30 7 12 25 6 14 5 3 9 19 2 6 2 13 15 6 2 13 1 3 2 8.22565314501180467 1 15 22 3 4 12 10 13.2195649013323386 26 2 15 25 3 18.2248038649559021 190.316406507394987 
15 12 1 4 23 4 4 15 13 17 3 7 2 32 11 3.36768017929769181 24 10 8 14 2 13 20 6 1 22 9 9 1 6.96245171630185755 16 30 10 14 26 8 6 5 3 12 31 4 2 3 3.84646942076222631 15 30 7 12 24 9 1 1 11 3 26 5 16 32 9.82524131762891173 17.3829160332679749 207.62663920187137 
16 14 8 8 1 5 15 6 3 11 2 4 13 15 8 6 30 2 15 30 1 12 30 12 15 24 1 12 5 11 14 25 9 3.36768017929769181 12 6.96245171630185755 15 6 4 6 2 13 17 30 6 4 6 7 14 18 3 12 5 3 1 32 1 13 25 9 17.0425299406051636 209.399934216110665 
16 6 10 6 1 3 2 24 2 13 1 8 4 6 11 3.36768017929769181 28 12 10 2 1 2 31 6 15 15 6 6 9 9 14 16 5 18 26 10 4 24 2 9 9 2 15 8 4 6 32 12 12 17 9 3 16.1354543567662532 3.84646942076222631 15 32 13 1 7 10 20.3277531862258911 161.84622627974025 
9 5.34074699537910114 6 4 24 4 10 9 2 14 32 13 1 15 12 15 16 1 12 12 7 3 1 3 16 26 2 18 19 2 10 30 7 15 32 1 6 3 10 5 22 1 11 31 11 12 21 13 4 2 8 16 4 2.70999124060388841 10 24 6 2 1 5 24.9794596433639526 59.6428790576588739 
9 5.34074699537910114 6 2 32 11 10 9 2 14 32 13 1 15 12 15 16 1 12 12 7 3 1 3 16 26 2 18 19 2 11 18 12 15 32 1 6 3 10 5 22 1 12 30 10 6 1 7 4 2 8 6 1 12 1 17 11 2 1 5 21.2308986783027649 117.02837720294545 
9 5.34074699537910114 6 4 12 7 10 9 2 14 32 13 1 15 12 15 16 1 12 12 7 3 1 3 16 26 2 8 8 7 4 20 9 15 32 1 6 3 10 5 22 1 11 31 11 12 21 13 4 2 8 12 31 7 1 12 13 2 1 5 21.1605156660079956 127.57621580016081 
9 5.34074699537910114 6 18 29 4 10 9 2 14 32 13 1 15 12 15 16 1 12 12 7 3 1 3 16 26 2 18 19 2 14 16 7 15 32 1 6 3 10 5 22 1 11 31 11 12 21 13 4 2 8 16 6 2.70999124060388841 10 24 6 2 1 5 24.250155508518219 61.6941403630240828 
9 5.34074699537910114 6 18 29 4 10 9 2 14 32 13 1 15 12 15 16 1 12 12 7 3 1 3 16 26 2 18 19 2 14 6 9 15 32 1 6 3 10 5 22 1 11 31 11 12 21 13 4 2 8 17 31 2 10 24 6 2 1 5 23.8377154469490051 69.347475716995703 
9 5.34074699537910114 6 1 5.34074699537910114 7 10 9 2 14 32 13 1 15 12 15 16 1 12 12 7 3 1 3 16 26 2 18 19 2 1 19 8 15 32 1 6 3 10 2 25 13 11 31 11 8 30 12 4 2 8 13 1 6.96245171630185755 10 24 6 2 1 5 20.8740314841270447 132.515304264123813 
9 5.34074699537910114 6 15 6 11 10 9 2 14 32 13 1 15 12 15 16 1 12 12 7 3 1 3 16 26 2 14 16 2 4 9 8 15 32 1 6 3 10 5 22 1 11 31 11 12 21 13 4 2 8 13 15 10 10 24 6 2 1 5 21.6803436875343323 95.6246209346209213 
9 5.34074699537910114 6 14 26 12 10 9 2 14 32 13 1 15 12 15 16 1 12 12 7 3 1 3 16 26 2 18 19 2 14 2 2 15 32 1 14 30 10 5 22 1 11 31 11 12 21 13 4 2 8 14 6 12 10 24 6 2 1 5 21.6940836608409882 89.6002105526773533 
9 5.34074699537910114 6 18 29 4 10 9 2 14 32 13 1 15 12 15 16 1 12 12 7 3 1 3 16 26 2 18 19 2 14 6 1 15 32 1 6 3 10 5 22 1 11 31 11 12 21 13 4 2 8 17 30 12 10 24 6 2 1 5 24.0344464778900146 64.8380198333326234 
9 5.34074699537910114 6 16 33 2 10 9 2 14 32 13 1 15 12 15 16 1 12 12 7 3 1 3 16 26 2 18 19 2 14 12 9 15 32 1 15 31 1 5 22 1 11 31 11 13 14 9 4 2 8 4 24 8 16 30 6 2 1 5 21.1818166673183441 119.041481633870006 
9 5.34074699537910114 6 18 29 4 10 9 2 14 32 13 1 15 12 15 16 1 12 12 7 3 1 3 16 26 2 18 19 2 10 6 2 15 32 1 6 3 10 5 22 1 11 31 11 12 21 13 4 2 8 16 4 2.70999124060388841 10 24 6 2 1 5 26.9259964823722839 52.9643940266322986 
16 31 7 10 26 2.70999124060388841 14 15 8 3 1 3 17 9 1 1 25 4 14 31 1 6 32 5 4 20 5 14 2 7 9.25570237641795579 23 8 2 16 2 10 18 13 1 24 10 3 7 1 4 31 1 14 12 10 4 24 13 2 17 11 1 20 5 18.8643696308135986 176.024481890658336 
9 5.34074699537910114 6 18 29 4 10 9 2 14 32 13 1 15 12 15 16 1 12 12 7 3 1 3 16 26 2 18 19 2 17 30 2 15 32 1 6 3 10 5 22 1 11 31 11 12 21 13 4 2 8 17 6 4 10 24 6 2 1 5 23.9869335293769836 65.4119390424982328 
9 5.34074699537910114 6 18 30 9 10 9 2 14 32 13 1 15 12 15 16 1 12 12 7 3 1 3 16 26 2 18 19 2 17 24 13 15 32 1 6 3 10 5 22 1 11 31 11 12 12 11 4 2 8 2 25 4 10 24 6 2 1 5 22.1084766387939453 83.7958418708849138 
9 5.34074699537910114 6 12 20 7 10 9 2 14 32 13 1 15 12 15 16 1 12 12 7 3 1 3 16 26 2 18 19 2 17 24 3 15 32 1 6 3 10 5 22 1 11 31 11 12 21 13 4 2 8 3.36768017929769181 16.1354543567662532 9 10 24 6 2 1 5 22.7969446182250977 77.8831879161621004 
9 5.34074699537910114 6 11 24 3 10 9 2 14 32 13 1 15 12 15 16 1 12 12 7 3 1 3 16 26 2 6 24 7 11 5.34074699537910114 11 15 32 1 6 3 10 5 22 1 11 31 11 17 30 11 4 2 8 16 11 4 10 24 6 2 1 5 21.5771317481994629 97.006641626347502 
9 5.34074699537910114 6 18 29 4 10 9 2 14 32 13 1 15 12 15 16 1 12 12 7 3 1 3 16 26 2 18 19 2 10 23 2 15 32 1 6 3 10 5 22 1 11 31 11 12 21 13 4 2 8 16 4 2.70999124060388841 10 24 6 2 1 5 27.4911383986473083 50.8328321149524385 
9 5.34074699537910114 6 4 24 4 10 9 2 14 32 13 1 15 12 15 16 1 12 12 7 3 1 3 16 26 2 18 19 2 10 23 2 15 32 1 6 3 10 5 22 1 11 31 11 12 21 13 4 2 8 16 4 2.70999124060388841 10 24 6 2 1 5 25.6389925479888916 55.9929790482421978 
9 5.34074699537910114 6 18 29 4 10 9 2 14 32 13 1 15 12 15 16 1 12 12 7 3 1 3 16 26 2 18 19 2 10 23 2 15 32 1 6 3 10 5 22 1 11 31 11 12 21 13 4 2 8 16 19 2 10 24 6 2 1 5 25.5113803744316101 56.1092154456714809 
9 5.34074699537910114 6 18 29 4 10 9 2 14 32 13 1 15 12 15 16 1 12 12 7 3 1 3 16 26 2 18 19 2 10 23 2 15 32 1 6 3 10 5 22 1 11 31 11 12 21 13 4 2 8 15 15 4 10 24 6 2 1 5 25.2321014404296875 59.0742294067514422 
9 5.34074699537910114 6 18 29 4 10 9 2 14 32 13 1 15 12 15 16 1 12 12 7 3 1 3 16 26 2 18 19 2 10 23 2 15 32 1 6 3 10 5 22 1 11 31 11 14 15 7 4 2 8 16 17 2.70999124060388841 10 24 6 2 1 5 24.0889084339141846 63.7756125083948646 
9 5.34074699537910114 6 18 29 4 10 9 2 14 32 13 1 15 12 15 16 1 12 12 7 3 1 3 16 26 2 18 19 2 10 23 2 15 32 1 6 3 10 5 22 1 11 31 11 12 21 13 4 2 8 16 18 2 10 24 6 2 1 5 25.4167473912239075 58.9451684645561258 
9 5.34074699537910114 6 17 6 8 10 9 2 14 32 13 1 15 12 15 16 1 12 12 7 3 1 3 16 26 2 18 19 2 10 23 2 15 32 1 6 3 10 5 22 1 11 31 11 12 21 13 4 2 8 16 4 2.70999124060388841 10 24 6 2 1 5 25.7602764964103699 55.6114677883176327 
9 5.34074699537910114 6 17 6 12 10 9 2 14 32 13 1 15 12 15 16 1 12 12 7 3 1 3 16 26 2 18 19 2 10 23 2 15 32 1 6 3 10 5 22 1 11 31 11 12 21 13 4 2 8 14 30 9 10 24 6 2 1 5 23.023326575756073 70.6460415220582405 
9 5.34074699537910114 6 18 23 2.70999124060388841 10 9 2 14 32 13 1 15 12 15 16 1 12 12 7 3 1 3 16 26 2 18 19 2 10 23 2 15 32 1 6 3 10 5 22 1 11 31 11 12 21 13 4 2 8 16 4 2.70999124060388841 10 24 6 2 1 5 27.1352226138114929 52.4937558028088347 
9 5.34074699537910114 6 16 28 2 10 9 2 14 32 13 1 15 12 15 16 1 12 12 7 3 1 3 16 26 2 18 19 2 10 23 2 15 32 1 6 3 10 5 22 1 11 31 11 12 21 13 4 2 8 16 4 2.70999124060388841 10 24 6 2 1 5 26.3532745242118835 54.5095035812087403 
9 5.34074699537910114 6 18 26 12 10 9 2 14 32 13 1 15 12 15 16 1 12 12 7 3 1 3 16 26 2 18 19 2 10 23 2 15 32 1 6 3 10 5 22 1 11 31 11 12 21 13 4 2 8 16 4 2.70999124060388841 10 24 6 2 1 5 26.7097856402397156 53.9086162959740491 
9 5.34074699537910114 6 3.36768017929769181 29 7 10 9 2 14 32 13 1 15 12 15 16 1 12 12 7 3 1 3 16 26 2 18 19 2 10 23 2 15 32 1 6 3 10 5 22 1 11 31 11 12 21 13 4 2 8 16 4 2.70999124060388841 10 24 6 2 1 5 26.69102543592453 54.3209358323135447 
9 5.34074699537910114 6 3.36768017929769181 6 6.96245171630185755 10 9 2 14 32 13 1 15 12 15 16 1 12 12 7 3 1 3 16 26 2 18 19 2 10 23 2 15 32 1 6 3 10 5 22 1 11 31 11 12 21 13 4 2 8 16 4 2.70999124060388841 10 24 6 2 1 5 25.8109534978866577 55.5801606563620254 

