Current Evaluation = 10000000(10000000)
Front Size = 37
6 23 1 8 25 3 6 6 10 17 30 2 4 15 9 2 12 13 1 26 13 12 11 13 16 24 2 11 23 8 14 1 9 10 32 4 1 28 12 4 15 7 1 26 8 16 25 2.70999124060388841 15 32 6 16 14 6 9.25570237641795579 31 6 10 8.22565314501180467 9.82524131762891173 20.06809201836586 168.019564522668844 
2 5 5 6 31 2 12 28 3 13 26 8 3.36768017929769181 18 12 9 14 8 3 16.1354543567662532 13 13 3 9 14 32 1 10 24 6 6 31 10 4.94126535182462057 9 13 10 5 9 16 20 2 5 22 10 16 19 12 12 15 2 8 26 9 6 16 7 1 18 11 20.5460279583930969 159.838293483262504 
3.36768017929769181 30 13 16 16 1 1 1 6 10 2 2.70999124060388841 5 27 4 2 6 10 18 4 8 12 31 11 15 22 1 16 15 2.70999124060388841 6 20 10 14 10 4 18 19 7 4 29 12 3.36768017929769181 4 11 9 9 2 17 16 1 5 12 7 6 3 9 15 33 6 31.4724428653717041 54.5836484081212845 
3.36768017929769181 30 13 16 16 1 1 1 6 10 2 2.70999124060388841 5 27 4 2 6 10 18 4 8 12 31 11 15 22 1 16 15 2.70999124060388841 6 20 10 14 10 4 18 19 7 4 29 12 3.36768017929769181 23 13 9 9 2 17 16 1 5 12 7 6 3 9 15 33 6 29.7459628582000732 55.7210443265941748 
3.36768017929769181 30 13 16 16 1 1 1 6 10 2 2.70999124060388841 5 27 4 2 6 10 13 26 13 12 31 11 15 22 1 16 15 2.70999124060388841 6 20 10 12 15 6 18 19 7 4 29 12 14 32 11 9 9 2 17 16 1 5 12 7 6 3 9 15 33 6 23.5439748764038086 96.2941896329848248 
3.36768017929769181 30 13 16 16 1 1 1 6 10 2 2.70999124060388841 1 14 7 2 6 10 5 13 13 12 31 11 15 22 1 16 15 2.70999124060388841 6 20 10 2 14 5 18 19 7 4 29 12 16 6 6 9 9 2 3.36768017929769181 2 2 5 12 7 6 3 9 15 33 6 22.8902229070663452 107.771504617386995 
3.36768017929769181 30 13 16 16 1 1 1 6 10 2 2.70999124060388841 5 27 4 2 6 10 4 26 13 12 31 11 15 22 1 16 15 2.70999124060388841 6 20 10 10 5.34074699537910114 6.96245171630185755 18 19 7 4 29 12 3.36768017929769181 4 11 9 9 2 17 16 1 5 12 7 6 3 9 15 33 6 26.6935778260231018 61.4251692662295525 
3.36768017929769181 30 13 16 24 5 1 1 6 10 2 2.70999124060388841 3 14 5 2 6 10 3.36768017929769181 16 7 12 31 11 15 22 1 16 15 2.70999124060388841 6 20 10 3 20 5 18 19 7 4 29 12 12 22 7 9 9 2 17 16 1 5 12 7 6 3 9 15 33 6 22.170242965221405 126.535997903618266 
3.36768017929769181 30 13 16 16 1 1 1 6 10 2 2.70999124060388841 5 27 4 2 6 10 3 25 3 12 31 11 15 22 1 16 15 2.70999124060388841 6 20 10 10 19 5 10 20 7 3 30 2.70999124060388841 14 6 10 9 9 2 17 16 1 5 12 7 6 3 9 15 33 6 22.4120347797870636 117.669736653068995 
3.36768017929769181 30 13 16 16 1 1 1 6 10 2 2.70999124060388841 4 25 11 2 6 10 1 3 12 12 31 11 15 22 1 16 15 2.70999124060388841 6 20 10 13 6 9 18 19 7 4 29 12 3.36768017929769181 4 11 9 9 2 17 16 1 5 12 7 6 3 9 15 33 6 24.0331888794898987 88.326921502781758 
3.36768017929769181 30 13 16 16 1 1 1 6 10 2 2.70999124060388841 14 14 7 2 6 10 6 23 12 12 31 11 15 22 1 16 15 2.70999124060388841 6 20 10 14 10 4 18 19 7 4 29 12 12 30 8 9 9 2 17 16 1 5 12 7 6 3 9 15 33 6 24.4461507797241211 78.2943338382276863 
3.36768017929769181 30 13 16 16 1 1 1 6 10 2 2.70999124060388841 5 27 4 2 6 10 4 30 12 12 31 11 15 22 1 16 15 2.70999124060388841 6 20 10 14 10 4 18 19 7 4 29 12 3.36768017929769181 4 11 9 9 2 17 16 1 5 12 7 6 3 9 15 33 6 28.1969346404075623 59.8012833856352017 
3.36768017929769181 30 13 16 16 1 1 1 6 10 2 2.70999124060388841 5 27 4 2 6 10 14 9 3 12 31 11 15 22 1 16 15 2.70999124060388841 6 20 10 1 1 4 18 19 7 4 29 12 3.36768017929769181 4 11 9 9 2 17 16 1 5 12 7 6 3 9 15 33 6 25.7656669616699219 71.5352573485944987 
6 1 3 12 13 1 17 32 2 3 12 11 16 9 10 4 30 5 14 6 1 4 11 6 14 24 1 12 20 7 1 12 10 17 1 12 6 19 4 13 18 6 5 6 4 10 33 12 3 16 2 15 26 11 3 13 11 17 20 9 18.8741859793663025 184.877454408336746 
3.36768017929769181 30 13 16 16 1 1 1 6 10 2 2.70999124060388841 5 27 4 2 6 10 13 15 3 12 31 11 15 22 1 16 15 2.70999124060388841 6 20 10 1 24 12 14 32 1 4 29 12 4 7 2 9 9 2 17 16 1 5 12 7 6 3 9 15 33 6 22.8164458870887756 111.189964489624344 
3.36768017929769181 30 13 16 16 1 1 1 6 10 2 2.70999124060388841 5 27 4 2 6 10 4 24 12 12 31 11 15 22 1 16 15 2.70999124060388841 6 20 10 14 10 4 18 19 7 4 29 12 3.36768017929769181 4 11 9 9 2 17 16 1 5 12 7 6 3 9 15 33 6 28.2741466760635376 56.2593322473858777 
3.36768017929769181 30 13 16 16 1 1 1 6 10 2 2.70999124060388841 5 27 4 2 6 10 4 26 8 12 31 11 15 22 1 16 15 2.70999124060388841 6 20 10 6 32 3 18 19 7 4 29 12 3.36768017929769181 4 11 9 9 2 17 16 1 5 12 7 6 3 9 15 33 6 25.970571756362915 67.5656106188992567 
3.36768017929769181 30 13 16 16 1 1 1 6 10 2 2.70999124060388841 5 27 4 2 6 10 3.36768017929769181 30 13 12 31 11 15 22 1 16 15 2.70999124060388841 6 20 10 14 10 4 18 19 7 4 29 12 3.36768017929769181 4 11 9 9 2 17 16 1 5 12 7 6 3 9 15 33 6 28.2707306742668152 59.6013460799814325 
3.36768017929769181 30 13 16 16 1 1 1 6 10 2 2.70999124060388841 1 24 9 2 6 10 3 6 4 12 31 11 15 22 1 16 15 2.70999124060388841 6 20 10 4 12 7 18 19 7 4 29 12 15 28 5 15 15 8 17 16 1 5 12 7 6 3 9 15 33 6 21.7046759724617004 127.042037482234875 
4 20 13 16 22 2 9 9 9 1 26 2.70999124060388841 2 31 10 12 1 13 1 33 13 2 16.1354543567662532 13 11 1 4 4.94126535182462057 26 4 12 9 9.82524131762891173 17.8244721320812971 30 2 15 15 9 14 12 13 17 31 13 3 3 4 12 33 3 2 1 7 18 2 9 2 3 13 20.6801577210426331 157.836922717805095 
3.36768017929769181 30 13 16 16 1 1 1 6 10 2 2.70999124060388841 15 20 7 2 6 10 3.36768017929769181 30 13 12 31 11 15 22 1 16 15 2.70999124060388841 6 20 10 14 10 4 18 19 7 4 29 12 3.36768017929769181 4 11 9 9 2 17 16 1 5 12 7 6 3 9 15 33 6 26.2672297358512878 66.8006623744670378 
3.36768017929769181 30 13 16 16 1 1 1 6 10 2 2.70999124060388841 3 15 7 2 6 10 14 31 10 12 31 11 15 22 1 16 15 2.70999124060388841 6 20 10 5 9 6 18 19 7 4 29 12 12 6 8 9 9 2 17 16 1 5 12 7 6 3 9 15 33 6 22.3157318234443665 119.245133083290966 
2 14 4 3.36768017929769181 30 13 9.25570237641795579 2 5 18 26 12 17 24 3.84646942076222631 9 30 11 14 15 10 10 16 2 13.2195649013323386 9 5 4 25 13 2 32 3 1 14 4 1 2 8 12 22 9 17 30 7 14 15 9 13 16 8 3 12 6 6 6 8 16 13 11 19.4630837440490723 171.644671169903376 
3.36768017929769181 30 13 16 16 1 1 1 6 10 2 2.70999124060388841 5 25 9 2 6 10 9 26 8 12 31 11 15 22 1 16 15 2.70999124060388841 6 20 10 14 10 4 18 19 7 4 29 12 3.36768017929769181 4 11 9 9 2 17 16 1 5 12 7 6 3 9 15 33 6 27.0776976346969604 61.1633754570182901 
3.36768017929769181 30 13 16 16 1 1 1 6 10 2 2.70999124060388841 5 27 4 2 6 10 3 24 11 12 31 11 15 22 1 16 15 2.70999124060388841 6 20 10 1 12 4 18 19 7 4 29 12 3.36768017929769181 4 11 9 9 2 17 16 1 5 12 7 6 3 9 15 33 6 25.8566878437995911 69.8676572215713065 
16 32 3 16 20 6 9 15 4 14 25 4 3.36768017929769181 1 5 4 9 12 14 32 6.96245171630185755 8 31 7 6 2 4 13 20 3.84646942076222631 10 14 9.82524131762891173 3 32 5 17.8244721320812971 14 12 12 1 11 9 18.140740276750666 4 15 6 11 13 15 10 2 15 9 1.62229798836725392 31 4 10 32 7.88610251083374347 17.4045791625976562 232.031254956487146 
3.36768017929769181 30 13 16 16 1 1 1 6 10 2 2.70999124060388841 5 27 4 2 6 10 12 14 2.70999124060388841 12 31 11 15 22 1 16 15 2.70999124060388841 6 20 10 1 6 5 18 19 7 4 29 12 3 30 11 9 9 2 17 16 1 5 12 7 6 3 9 15 33 6 23.71816086769104 88.7222716130245743 
3.36768017929769181 30 13 16 16 1 1 1 6 10 2 2.70999124060388841 3.36768017929769181 1 11 2 6 10 2 11 3 12 31 11 15 22 1 16 15 2.70999124060388841 6 20 10 5 6 11 18 19 7 4 29 12 6 30 8 9 9 2 17 16 1 5 12 7 6 3 9 15 33 6 22.7473788857460022 117.575105148986125 
4 31 6 15 15 9 13 18 13 4 25 7 14 22 2 1 30 9 2 26 1 3.36768017929769181 13 12 16 1 3 2 30 9 13 17 7 14 8 6 9 3 4 13 23 7 3 25 4 17 30 2 10 30 13 1 32 10 14 15 11 15 31 12 17.6271076798439026 222.29542674387875 
1 11 11 1 1 6 6 24 12 9 31 9 4 16 2.70999124060388841 4 30 3 17 24 7 6 26 4 14 28 10 1 13 8 14 26 5 16 31 2 6 32 10 12 23 5 2 6 9 9.25570237641795579 18 11 17 15 11 4 5 13 9 19 10 3 24 11 18.1139287352561951 185.583288280347119 
3.36768017929769181 30 13 16 16 1 1 1 6 10 2 2.70999124060388841 18 26 7 2 6 10 3.36768017929769181 25 13 12 31 11 15 22 1 16 15 2.70999124060388841 6 20 10 14 10 4 18 19 7 4 29 12 3.36768017929769181 4 11 9 9 2 17 16 1 5 12 7 6 3 9 15 33 6 27.3530037999153137 60.3028153504885509 
3.36768017929769181 30 13 16 16 1 1 1 6 10 2 2.70999124060388841 5 27 4 2 6 10 1 30 13 12 31 11 15 22 1 16 15 2.70999124060388841 6 20 10 1 6 8 18 19 7 4 29 12 14 2 2 9 9 2 17 16 1 13 12 3 6 3 9 15 33 6 23.0014737844467163 97.6316911078393161 
3.36768017929769181 30 13 16 16 1 1 1 6 10 2 2.70999124060388841 5 27 4 2 6 10 3.36768017929769181 26 8 12 31 11 15 22 1 16 15 2.70999124060388841 6 20 10 14 10 4 18 19 7 4 29 12 3.36768017929769181 4 11 9 9 2 17 16 1 5 12 7 6 3 9 15 33 6 28.4330266714096069 55.8103223160869248 
3.36768017929769181 30 13 16 16 1 1 1 6 10 2 2.70999124060388841 14 14 9 2 6 10 4 18 13 12 31 11 15 22 1 16 15 2.70999124060388841 6 20 10 14 10 4 18 19 7 4 29 12 3.36768017929769181 4 11 9 9 2 17 16 1 5 12 7 6 3 9 15 33 6 26.4326736927032471 65.8715143324524774 
3.36768017929769181 30 13 16 16 1 1 1 6 10 2 2.70999124060388841 12 31 9 2 6 10 18 4 8 12 31 11 15 22 1 16 15 2.70999124060388841 6 20 10 14 3 7 18 19 7 4 29 12 3.36768017929769181 30 8 9 9 2 17 16 1 5 12 7 6 3 9 15 33 6 24.8141180872917175 72.8934246397534338 
3.36768017929769181 30 13 16 16 1 1 1 6 10 2 2.70999124060388841 2 24 4 2 6 10 3.36768017929769181 25 3 12 31 11 15 22 1 16 15 2.70999124060388841 6 20 10 15 30 10 18 19 7 2 18 5 1 2 9 9 9 2 17 16 1 1 16 5 6 3 9 15 33 6 20.9939758777618408 144.612964108100158 
6 24 1 10 25 9 16 22 2 14 5 3 6 2 2.70999124060388841 15 16.1354543567662532 1 15 32 13 17 5 11 15 15 10 4 24 3.84646942076222631 12 25 12 3 15 10 14 32 8 13 15 3 15 16 2 6 24 2 4 25 4 1 17 9 1 1 12 13 25 2 17.8722307085990906 204.562453714156533 

Current Evaluation = 20000000(20000000)
Front Size = 31
6 23 1 8 25 3 6 6 10 17 30 2 4 15 9 2 12 13 1 26 13 12 11 13 16 24 2 11 23 8 14 1 9 10 32 4 1 28 12 4 15 7 1 26 8 16 25 2.70999124060388841 15 32 6 16 14 6 9.25570237641795579 31 6 10 8.22565314501180467 9.82524131762891173 20.06809201836586 168.019564522668844 
2 5 5 6 31 2 12 28 3 13 26 8 3.36768017929769181 18 12 9 14 8 3 16.1354543567662532 13 13 3 9 14 32 1 10 24 6 6 31 10 4.94126535182462057 9 13 10 5 9 16 20 2 5 22 10 16 19 12 12 15 2 8 26 9 6 16 7 1 18 11 20.5460279583930969 159.838293483262504 
3.36768017929769181 30 13 16 16 1 1 1 6 10 2 2.70999124060388841 5 27 4 2 6 10 14 9 3 12 31 11 15 22 1 16 15 2.70999124060388841 6 20 10 1 1 4 18 19 7 4 29 12 3.36768017929769181 4 11 9 9 2 17 16 1 5 12 7 6 3 9 15 33 6 25.7656669616699219 71.5352573485944987 
6 1 3 12 13 1 17 32 2 3 12 11 16 9 10 4 30 5 14 6 1 4 11 6 14 24 1 12 20 7 1 12 10 17 1 12 6 19 4 13 18 6 5 6 4 10 33 12 3 16 2 15 26 11 3 13 11 17 20 9 18.8741859793663025 184.877454408336746 
3.36768017929769181 30 13 16 16 1 1 1 6 10 2 2.70999124060388841 1 24 9 2 6 10 3 6 4 12 31 11 15 22 1 16 15 2.70999124060388841 6 20 10 4 12 7 18 19 7 4 29 12 15 28 5 15 15 8 17 16 1 5 12 7 6 3 9 15 33 6 21.7046759724617004 127.042037482234875 
4 20 13 16 22 2 9 9 9 1 26 2.70999124060388841 2 31 10 12 1 13 1 33 13 2 16.1354543567662532 13 11 1 4 4.94126535182462057 26 4 12 9 9.82524131762891173 17.8244721320812971 30 2 15 15 9 14 12 13 17 31 13 3 3 4 12 33 3 2 1 7 18 2 9 2 3 13 20.6801577210426331 157.836922717805095 
3.36768017929769181 30 13 16 16 1 1 1 6 10 2 2.70999124060388841 3 15 7 2 6 10 14 31 10 12 31 11 15 22 1 16 15 2.70999124060388841 6 20 10 5 9 6 18 19 7 4 29 12 12 6 8 9 9 2 17 16 1 5 12 7 6 3 9 15 33 6 22.3157318234443665 119.245133083290966 
2 14 4 3.36768017929769181 30 13 9.25570237641795579 2 5 18 26 12 17 24 3.84646942076222631 9 30 11 14 15 10 10 16 2 13.2195649013323386 9 5 4 25 13 2 32 3 1 14 4 1 2 8 12 22 9 17 30 7 14 15 9 13 16 8 3 12 6 6 6 8 16 13 11 19.4630837440490723 171.644671169903376 
3.36768017929769181 30 13 16 16 1 1 1 6 10 2 2.70999124060388841 5 27 4 2 6 10 12 14 2.70999124060388841 12 31 11 15 22 1 16 15 2.70999124060388841 6 20 10 1 6 5 18 19 7 4 29 12 3 30 11 9 9 2 17 16 1 5 12 7 6 3 9 15 33 6 23.71816086769104 88.7222716130245743 
1 11 11 1 1 6 6 24 12 9 31 9 4 16 2.70999124060388841 4 30 3 17 24 7 6 26 4 14 28 10 1 13 8 14 26 5 16 31 2 6 32 10 12 23 5 2 6 9 9.25570237641795579 18 11 17 15 11 4 5 13 9 19 10 3 24 11 18.1139287352561951 185.583288280347119 
3.36768017929769181 30 13 16 16 1 1 1 6 10 2 2.70999124060388841 5 27 4 2 6 10 1 30 13 12 31 11 15 22 1 16 15 2.70999124060388841 6 20 10 1 6 8 18 19 7 4 29 12 14 2 2 9 9 2 17 16 1 13 12 3 6 3 9 15 33 6 23.0014737844467163 97.6316911078393161 
3.36768017929769181 30 13 16 16 1 1 1 6 10 2 2.70999124060388841 12 31 9 2 6 10 18 4 8 12 31 11 15 22 1 16 15 2.70999124060388841 6 20 10 14 3 7 18 19 7 4 29 12 3.36768017929769181 30 8 9 9 2 17 16 1 5 12 7 6 3 9 15 33 6 24.8141180872917175 72.8934246397534338 
3.36768017929769181 30 13 16 16 1 1 1 6 10 2 2.70999124060388841 2 24 4 2 6 10 3.36768017929769181 25 3 12 31 11 15 22 1 16 15 2.70999124060388841 6 20 10 15 30 10 18 19 7 2 18 5 1 2 9 9 9 2 17 16 1 1 16 5 6 3 9 15 33 6 20.9939758777618408 144.612964108100158 
3.36768017929769181 30 13 16 16 1 1 1 6 10 2 2.70999124060388841 5 27 4 2 6 10 3.36768017929769181 24 12 12 31 11 15 22 1 16 15 2.70999124060388841 6 20 10 14 10 4 18 19 7 4 29 12 11 23 8 9 9 2 17 16 1 5 12 7 6 3 9 15 33 6 27.1963756680488586 59.2482997738146224 
3.36768017929769181 30 13 16 16 1 1 1 6 10 2 2.70999124060388841 14 32 5 2 6 10 9 9 12 12 31 11 15 22 1 16 15 2.70999124060388841 6 20 10 14 10 4 18 19 7 4 29 12 3.36768017929769181 4 11 9 9 2 17 16 1 5 12 7 6 3 9 15 33 6 26.4790207743644714 60.5134020052003905 
3.36768017929769181 30 13 16 16 1 1 1 6 10 2 2.70999124060388841 5 27 4 2 6 10 9 9 13 12 31 11 15 22 1 16 15 2.70999124060388841 6 20 10 14 10 4 18 19 7 4 29 12 3.36768017929769181 4 11 9 9 2 17 16 1 1 1 4 6 3 9 15 33 6 28.1008456945419312 58.5774356754761811 
14 31 9 4 15 2.70999124060388841 17 32 9 16 20 12 6 7 1 14 7 8 13 19 2 4 24 1 9 9 4 1 15 8 14 32 5 6 2 6 8 24 7 14 22 13 3 6 10 6 29 6 16 5 1 12 6 9 3 16 12 2 19 6.96245171630185755 18.9607667326927185 183.738849007889229 
3.36768017929769181 30 13 16 16 1 1 1 6 10 2 2.70999124060388841 5 27 4 2 6 10 4 18 8 12 31 11 15 22 1 16 15 2.70999124060388841 6 20 10 14 10 4 18 19 7 4 29 12 3.36768017929769181 4 11 9 9 2 17 16 1 5 12 7 6 3 9 15 33 6 28.5041426420211792 54.9825890246303288 
3.36768017929769181 30 13 16 16 1 1 1 6 10 2 2.70999124060388841 6 3 4 2 6 10 3 24 10 12 31 11 15 22 1 16 15 2.70999124060388841 6 20 10 14 5.34074699537910114 4 18 19 7 4 29 12 3.36768017929769181 4 11 9 9 2 17 16 1 5 12 7 6 3 9 15 33 6 23.9559259414672852 76.5332118365570437 
3.36768017929769181 30 13 16 16 1 1 1 6 10 2 2.70999124060388841 13 5 3 2 6 10 3.36768017929769181 33 8 12 31 11 15 22 1 16 15 2.70999124060388841 6 20 10 1 29 9 18 19 7 4 29 12 6 25 8 9 9 2 17 16 1 5 12 7 6 3 9 15 33 6 23.5292567014694214 92.0765237780381227 
3.36768017929769181 30 13 16 16 1 1 1 6 10 2 2.70999124060388841 5 27 4 2 6 10 4 26 13 12 31 11 15 22 1 16 15 2.70999124060388841 6 20 10 14 32 6 18 19 7 4 29 12 3.36768017929769181 4 11 9 9 2 17 16 1 5 12 7 6 3 9 15 33 6 25.7937038540840149 65.0258216242670102 
3.36768017929769181 30 13 16 16 1 1 1 6 10 2 2.70999124060388841 8 32 1 2 6 10 15 14 11 12 31 11 15 22 1 16 15 2.70999124060388841 6 20 10 4 26 2.70999124060388841 18 19 7 4 29 12 15 13 1 9 9 2 17 16 1 5 12 7 6 3 9 12 9 7 21.9823638200759888 122.21431560310684 
3.36768017929769181 30 13 16 16 1 1 1 6 10 2 2.70999124060388841 6 5 5 2 6 10 14 30 4 12 31 11 15 22 1 16 15 2.70999124060388841 6 20 10 14 10 4 18 19 7 4 29 12 13 6 6 9 9 2 17 16 1 5 12 7 6 3 9 15 33 6 23.5571397840976715 90.7110301978722902 
13 1 7 2 28 1 14 31 11 13 24 9 14 9 7 18 26 12 4 16 1 3 25 2.70999124060388841 3 23 4 13 9 9 10 24 12 17 32 6.96245171630185755 4.94126535182462057 20 9.82524131762891173 15 6 2 17 15 4 13 12 2 5 23 13 6 3 8 12 30 4 16 13 5 19.4267162680625916 181.833858473115072 
3.36768017929769181 30 13 16 16 1 1 1 6 10 2 2.70999124060388841 8 11 6 2 6 10 3 30 9 12 31 11 15 22 1 16 15 2.70999124060388841 6 20 10 13 13 2 18 19 7 4 29 12 3 24 10 9 9 2 17 16 1 5 12 7 6 3 9 15 33 6 22.3634609580039978 107.046017859549579 
3.36768017929769181 30 13 16 16 1 1 1 6 10 2 2.70999124060388841 5 27 4 2 6 10 9 26 9 12 31 11 15 22 1 16 15 2.70999124060388841 6 20 10 15 25 2.70999124060388841 18 19 7 4 29 12 12 31 11 9 9 2 17 16 1 5 12 7 6 3 9 15 33 6 23.8005807995796204 84.2917463689080506 
3.36768017929769181 30 13 16 16 1 1 1 6 10 2 2.70999124060388841 14 32 7 2 6 10 3 30 12 12 31 11 15 22 1 16 15 2.70999124060388841 6 20 10 14 10 4 18 19 7 4 29 12 3.36768017929769181 4 11 9 9 2 17 16 1 5 12 7 6 3 9 15 33 6 26.0527227520942688 62.0968574342070241 
3.36768017929769181 30 13 16 16 1 1 1 6 10 2 2.70999124060388841 5 27 4 2 6 10 18 4 8 12 31 11 15 22 1 16 15 2.70999124060388841 6 20 10 14 10 4 18 19 7 4 29 12 3.36768017929769181 4 11 9 9 2 17 16 1 5 12 7 6 3 9 15 33 6 31.4724428653717041 54.0869599515897406 
3.36768017929769181 30 13 16 16 1 1 1 6 10 2 2.70999124060388841 5 27 4 2 6 10 4 24 13 12 31 11 15 22 1 16 15 2.70999124060388841 6 20 10 14 10 4 18 19 7 4 29 12 3.36768017929769181 4 11 9 9 2 17 16 1 5 12 7 6 3 9 15 33 6 28.2741466760635376 55.3359621242821831 
3.36768017929769181 30 13 16 16 1 1 1 6 10 2 2.70999124060388841 7 5 10 2 6 10 4 30 12 12 31 11 15 22 1 16 15 2.70999124060388841 6 20 10 3 28 8 18 19 7 4 29 12 14 6 1 9 9 2 17 16 1 5 12 7 6 3 9 15 33 6 23.4393107295036316 96.860936525913047 
16 31 11 4 24 8 14 22 5 17 30 2.70999124060388841 3 1 9 1 6 6.96245171630185755 15 19 2 4.94126535182462057 31 2 8 12 11 12 31 9.82524131762891173 4 6 1 14 25 10 6 6 13.151007650947605 8 1 4 9 15 7.75241283629571765 17 24 2 16 15 8 14 6 3 1 12 9 12 19 3 16.0863497257232666 188.502683202683215 

Current Evaluation = 30000000(30000000)
Front Size = 34
2 5 5 6 31 2 12 28 3 13 26 8 3.36768017929769181 18 12 9 14 8 3 16.1354543567662532 13 13 3 9 14 32 1 10 24 6 6 31 10 4.94126535182462057 9 13 10 5 9 16 20 2 5 22 10 16 19 12 12 15 2 8 26 9 6 16 7 1 18 11 20.5460279583930969 159.838293483262504 
6 1 3 12 13 1 17 32 2 3 12 11 16 9 10 4 30 5 14 6 1 4 11 6 14 24 1 12 20 7 1 12 10 17 1 12 6 19 4 13 18 6 5 6 4 10 33 12 3 16 2 15 26 11 3 13 11 17 20 9 18.8741859793663025 184.877454408336746 
3.36768017929769181 30 13 16 16 1 1 1 6 10 2 2.70999124060388841 1 24 9 2 6 10 3 6 4 12 31 11 15 22 1 16 15 2.70999124060388841 6 20 10 4 12 7 18 19 7 4 29 12 15 28 5 15 15 8 17 16 1 5 12 7 6 3 9 15 33 6 21.7046759724617004 127.042037482234875 
4 20 13 16 22 2 9 9 9 1 26 2.70999124060388841 2 31 10 12 1 13 1 33 13 2 16.1354543567662532 13 11 1 4 4.94126535182462057 26 4 12 9 9.82524131762891173 17.8244721320812971 30 2 15 15 9 14 12 13 17 31 13 3 3 4 12 33 3 2 1 7 18 2 9 2 3 13 20.6801577210426331 157.836922717805095 
2 14 4 3.36768017929769181 30 13 9.25570237641795579 2 5 18 26 12 17 24 3.84646942076222631 9 30 11 14 15 10 10 16 2 13.2195649013323386 9 5 4 25 13 2 32 3 1 14 4 1 2 8 12 22 9 17 30 7 14 15 9 13 16 8 3 12 6 6 6 8 16 13 11 19.4630837440490723 171.644671169903376 
3.36768017929769181 30 13 16 16 1 1 1 6 10 2 2.70999124060388841 5 27 4 2 6 10 12 14 2.70999124060388841 12 31 11 15 22 1 16 15 2.70999124060388841 6 20 10 1 6 5 18 19 7 4 29 12 3 30 11 9 9 2 17 16 1 5 12 7 6 3 9 15 33 6 23.71816086769104 88.7222716130245743 
1 11 11 1 1 6 6 24 12 9 31 9 4 16 2.70999124060388841 4 30 3 17 24 7 6 26 4 14 28 10 1 13 8 14 26 5 16 31 2 6 32 10 12 23 5 2 6 9 9.25570237641795579 18 11 17 15 11 4 5 13 9 19 10 3 24 11 18.1139287352561951 185.583288280347119 
3.36768017929769181 30 13 16 16 1 1 1 6 10 2 2.70999124060388841 5 27 4 2 6 10 1 30 13 12 31 11 15 22 1 16 15 2.70999124060388841 6 20 10 1 6 8 18 19 7 4 29 12 14 2 2 9 9 2 17 16 1 13 12 3 6 3 9 15 33 6 23.0014737844467163 97.6316911078393161 
3.36768017929769181 30 13 16 16 1 1 1 6 10 2 2.70999124060388841 12 31 9 2 6 10 18 4 8 12 31 11 15 22 1 16 15 2.70999124060388841 6 20 10 14 3 7 18 19 7 4 29 12 3.36768017929769181 30 8 9 9 2 17 16 1 5 12 7 6 3 9 15 33 6 24.8141180872917175 72.8934246397534338 
3.36768017929769181 30 13 16 16 1 1 1 6 10 2 2.70999124060388841 2 24 4 2 6 10 3.36768017929769181 25 3 12 31 11 15 22 1 16 15 2.70999124060388841 6 20 10 15 30 10 18 19 7 2 18 5 1 2 9 9 9 2 17 16 1 1 16 5 6 3 9 15 33 6 20.9939758777618408 144.612964108100158 
3.36768017929769181 30 13 16 16 1 1 1 6 10 2 2.70999124060388841 5 27 4 2 6 10 3.36768017929769181 24 12 12 31 11 15 22 1 16 15 2.70999124060388841 6 20 10 14 10 4 18 19 7 4 29 12 11 23 8 9 9 2 17 16 1 5 12 7 6 3 9 15 33 6 27.1963756680488586 59.2482997738146224 
3.36768017929769181 30 13 16 16 1 1 1 6 10 2 2.70999124060388841 14 32 5 2 6 10 9 9 12 12 31 11 15 22 1 16 15 2.70999124060388841 6 20 10 14 10 4 18 19 7 4 29 12 3.36768017929769181 4 11 9 9 2 17 16 1 5 12 7 6 3 9 15 33 6 26.4790207743644714 60.5134020052003905 
3.36768017929769181 30 13 16 16 1 1 1 6 10 2 2.70999124060388841 5 27 4 2 6 10 9 9 13 12 31 11 15 22 1 16 15 2.70999124060388841 6 20 10 14 10 4 18 19 7 4 29 12 3.36768017929769181 4 11 9 9 2 17 16 1 1 1 4 6 3 9 15 33 6 28.1008456945419312 58.5774356754761811 
3.36768017929769181 30 13 16 16 1 1 1 6 10 2 2.70999124060388841 6 3 4 2 6 10 3 24 10 12 31 11 15 22 1 16 15 2.70999124060388841 6 20 10 14 5.34074699537910114 4 18 19 7 4 29 12 3.36768017929769181 4 11 9 9 2 17 16 1 5 12 7 6 3 9 15 33 6 23.9559259414672852 76.5332118365570437 
3.36768017929769181 30 13 16 16 1 1 1 6 10 2 2.70999124060388841 13 5 3 2 6 10 3.36768017929769181 33 8 12 31 11 15 22 1 16 15 2.70999124060388841 6 20 10 1 29 9 18 19 7 4 29 12 6 25 8 9 9 2 17 16 1 5 12 7 6 3 9 15 33 6 23.5292567014694214 92.0765237780381227 
3.36768017929769181 30 13 16 16 1 1 1 6 10 2 2.70999124060388841 5 27 4 2 6 10 4 26 13 12 31 11 15 22 1 16 15 2.70999124060388841 6 20 10 14 32 6 18 19 7 4 29 12 3.36768017929769181 4 11 9 9 2 17 16 1 5 12 7 6 3 9 15 33 6 25.7937038540840149 65.0258216242670102 
3.36768017929769181 30 13 16 16 1 1 1 6 10 2 2.70999124060388841 8 32 1 2 6 10 15 14 11 12 31 11 15 22 1 16 15 2.70999124060388841 6 20 10 4 26 2.70999124060388841 18 19 7 4 29 12 15 13 1 9 9 2 17 16 1 5 12 7 6 3 9 12 9 7 21.9823638200759888 122.21431560310684 
3.36768017929769181 30 13 16 16 1 1 1 6 10 2 2.70999124060388841 6 5 5 2 6 10 14 30 4 12 31 11 15 22 1 16 15 2.70999124060388841 6 20 10 14 10 4 18 19 7 4 29 12 13 6 6 9 9 2 17 16 1 5 12 7 6 3 9 15 33 6 23.5571397840976715 90.7110301978722902 
3.36768017929769181 30 13 16 16 1 1 1 6 10 2 2.70999124060388841 5 27 4 2 6 10 9 26 9 12 31 11 15 22 1 16 15 2.70999124060388841 6 20 10 15 25 2.70999124060388841 18 19 7 4 29 12 12 31 11 9 9 2 17 16 1 5 12 7 6 3 9 15 33 6 23.8005807995796204 84.2917463689080506 
3.36768017929769181 30 13 16 16 1 1 1 6 10 2 2.70999124060388841 14 32 7 2 6 10 3 30 12 12 31 11 15 22 1 16 15 2.70999124060388841 6 20 10 14 10 4 18 19 7 4 29 12 3.36768017929769181 4 11 9 9 2 17 16 1 5 12 7 6 3 9 15 33 6 26.0527227520942688 62.0968574342070241 
3.36768017929769181 30 13 16 16 1 1 1 6 10 2 2.70999124060388841 5 27 4 2 6 10 4 24 13 12 31 11 15 22 1 16 15 2.70999124060388841 6 20 10 14 10 4 18 19 7 4 29 12 3.36768017929769181 4 11 9 9 2 17 16 1 5 12 7 6 3 9 15 33 6 28.2741466760635376 55.3359621242821831 
3.36768017929769181 30 13 16 16 1 1 1 6 10 2 2.70999124060388841 7 5 10 2 6 10 4 30 12 12 31 11 15 22 1 16 15 2.70999124060388841 6 20 10 3 28 8 18 19 7 4 29 12 14 6 1 9 9 2 17 16 1 5 12 7 6 3 9 15 33 6 23.4393107295036316 96.860936525913047 
16 31 11 4 24 8 14 22 5 17 30 2.70999124060388841 3 1 9 1 6 6.96245171630185755 15 19 2 4.94126535182462057 31 2 8 12 11 12 31 9.82524131762891173 4 6 1 14 25 10 6 6 13.151007650947605 8 1 4 9 15 7.75241283629571765 17 24 2 16 15 8 14 6 3 1 12 9 12 19 3 16.0863497257232666 188.502683202683215 
3.36768017929769181 30 13 16 16 1 1 1 6 10 2 2.70999124060388841 13 3 7 2 6 10 4 24 11 12 31 11 15 22 1 16 15 2.70999124060388841 6 20 10 14 10 4 18 19 7 4 29 12 3.36768017929769181 4 11 9 9 2 17 16 1 5 12 7 6 3 9 14 5 6 25.6082298755645752 70.7742370488786605 
3.36768017929769181 30 13 16 16 1 1 1 6 10 2 2.70999124060388841 6 24 6 2 6 10 14 3 4 12 31 11 15 22 1 16 15 2.70999124060388841 6 20 10 2 22 8 18 19 7 4 29 12 7 1 4 9 9 2 17 16 1 1 30 3 6 3 9 15 33 6 22.5888168215751648 100.355382465743745 
15 32 7 9 19 2.70999124060388841 6 16.1354543567662532 9 1 5 2 12 15 3 16 19 8 15 23 4 9 9 1 17 33 12 6 15 3 3 20 7 15 1 10 14 1 4 6 3 2 4.94126535182462057 2 11 6 3 12 12 2 13 9 14 9 13.2195649013323386 25 13.151007650947605 17 8 7 19.8879245519638062 163.297157872920138 
3.36768017929769181 30 13 16 16 1 1 1 6 10 2 2.70999124060388841 5 27 4 2 6 10 9 23 12 12 31 11 15 22 1 16 15 2.70999124060388841 6 20 10 14 10 4 18 19 7 4 29 12 12 2 13 9 9 2 17 16 1 5 12 7 6 3 9 15 33 6 27.0552886724472046 60.347469108237398 
3.36768017929769181 30 13 16 16 1 1 1 6 10 2 2.70999124060388841 5 27 4 2 6 10 3 24 11 12 31 11 15 22 1 16 15 2.70999124060388841 6 20 10 10 12 5 18 19 7 4 29 12 3.36768017929769181 4 11 9 9 2 17 16 1 5 12 7 6 3 9 15 33 6 26.4535958170890808 61.9152813089820384 
18 20 1 14 5.34074699537910114 3 2 26 1 9 30 12 1 22 9 2 32 7 9.25570237641795579 25 3 13 17 1 12 6 12 14 12 11 6 2 3 1 15 11 5 32 7 17 31 13 16 28 2 4 24 3.84646942076222631 12 6 7 9 30 9.82524131762891173 13 6 13.151007650947605 15 1 7 18.9510247111320496 172.412995827701707 
3.36768017929769181 30 13 16 16 1 1 1 6 10 2 2.70999124060388841 15 24 8 2 6 10 3.36768017929769181 8 13 12 31 11 15 22 1 16 15 2.70999124060388841 6 20 10 10 13 7 18 19 7 4 29 12 3.36768017929769181 4 11 9 9 2 17 16 1 5 12 7 6 3 9 15 33 6 25.3449269533157349 71.6897597379023779 
3.36768017929769181 30 13 16 16 1 1 1 6 10 2 2.70999124060388841 5 27 4 2 6 10 15 32 5 12 31 11 15 22 1 16 15 2.70999124060388841 6 20 10 1 32 6 18 19 7 4 29 12 3.36768017929769181 1 12 9 9 2 17 16 1 5 12 7 6 3 9 15 33 6 23.666195809841156 89.2052112870883036 
3.36768017929769181 30 13 16 16 1 1 1 6 10 2 2.70999124060388841 9 5.34074699537910114 9 2 6 10 13 32 4 12 31 11 15 22 1 16 15 2.70999124060388841 6 20 10 1 12 13 18 19 7 4 29 12 2 16.1354543567662532 5 9 9 2 17 16 1 5 12 7 6 3 9 15 33 6 22.1869266629219055 101.43933114753213 
3.36768017929769181 30 13 16 16 1 1 1 6 10 2 2.70999124060388841 5 27 4 2 6 10 18 4 8 12 31 11 15 22 1 16 15 2.70999124060388841 6 20 10 14 10 4 18 19 7 4 29 12 3.36768017929769181 4 11 9 9 2 17 16 1 5 12 7 6 3 9 15 33 6 31.4724428653717041 54.0635966148228135 
3.36768017929769181 30 13 16 16 1 1 1 6 10 2 2.70999124060388841 5 27 4 2 6 10 3 26 13 12 31 11 15 22 1 16 15 2.70999124060388841 6 20 10 14 10 4 18 19 7 4 29 12 3.36768017929769181 4 11 9 9 2 17 16 1 5 12 7 6 3 9 15 33 6 28.3918266892433167 54.4795570097694295 

Current Evaluation = 40000000(40000000)
Front Size = 30
2 5 5 6 31 2 12 28 3 13 26 8 3.36768017929769181 18 12 9 14 8 3 16.1354543567662532 13 13 3 9 14 32 1 10 24 6 6 31 10 4.94126535182462057 9 13 10 5 9 16 20 2 5 22 10 16 19 12 12 15 2 8 26 9 6 16 7 1 18 11 20.5460279583930969 159.838293483262504 
6 1 3 12 13 1 17 32 2 3 12 11 16 9 10 4 30 5 14 6 1 4 11 6 14 24 1 12 20 7 1 12 10 17 1 12 6 19 4 13 18 6 5 6 4 10 33 12 3 16 2 15 26 11 3 13 11 17 20 9 18.8741859793663025 184.877454408336746 
4 20 13 16 22 2 9 9 9 1 26 2.70999124060388841 2 31 10 12 1 13 1 33 13 2 16.1354543567662532 13 11 1 4 4.94126535182462057 26 4 12 9 9.82524131762891173 17.8244721320812971 30 2 15 15 9 14 12 13 17 31 13 3 3 4 12 33 3 2 1 7 18 2 9 2 3 13 20.6801577210426331 157.836922717805095 
2 14 4 3.36768017929769181 30 13 9.25570237641795579 2 5 18 26 12 17 24 3.84646942076222631 9 30 11 14 15 10 10 16 2 13.2195649013323386 9 5 4 25 13 2 32 3 1 14 4 1 2 8 12 22 9 17 30 7 14 15 9 13 16 8 3 12 6 6 6 8 16 13 11 19.4630837440490723 171.644671169903376 
3.36768017929769181 30 13 16 16 1 1 1 6 10 2 2.70999124060388841 5 27 4 2 6 10 12 14 2.70999124060388841 12 31 11 15 22 1 16 15 2.70999124060388841 6 20 10 1 6 5 18 19 7 4 29 12 3 30 11 9 9 2 17 16 1 5 12 7 6 3 9 15 33 6 23.71816086769104 88.7222716130245743 
1 11 11 1 1 6 6 24 12 9 31 9 4 16 2.70999124060388841 4 30 3 17 24 7 6 26 4 14 28 10 1 13 8 14 26 5 16 31 2 6 32 10 12 23 5 2 6 9 9.25570237641795579 18 11 17 15 11 4 5 13 9 19 10 3 24 11 18.1139287352561951 185.583288280347119 
3.36768017929769181 30 13 16 16 1 1 1 6 10 2 2.70999124060388841 12 31 9 2 6 10 18 4 8 12 31 11 15 22 1 16 15 2.70999124060388841 6 20 10 14 3 7 18 19 7 4 29 12 3.36768017929769181 30 8 9 9 2 17 16 1 5 12 7 6 3 9 15 33 6 24.8141180872917175 72.8934246397534338 
3.36768017929769181 30 13 16 16 1 1 1 6 10 2 2.70999124060388841 2 24 4 2 6 10 3.36768017929769181 25 3 12 31 11 15 22 1 16 15 2.70999124060388841 6 20 10 15 30 10 18 19 7 2 18 5 1 2 9 9 9 2 17 16 1 1 16 5 6 3 9 15 33 6 20.9939758777618408 144.612964108100158 
3.36768017929769181 30 13 16 16 1 1 1 6 10 2 2.70999124060388841 14 32 5 2 6 10 9 9 12 12 31 11 15 22 1 16 15 2.70999124060388841 6 20 10 14 10 4 18 19 7 4 29 12 3.36768017929769181 4 11 9 9 2 17 16 1 5 12 7 6 3 9 15 33 6 26.4790207743644714 60.5134020052003905 
3.36768017929769181 30 13 16 16 1 1 1 6 10 2 2.70999124060388841 5 27 4 2 6 10 9 9 13 12 31 11 15 22 1 16 15 2.70999124060388841 6 20 10 14 10 4 18 19 7 4 29 12 3.36768017929769181 4 11 9 9 2 17 16 1 1 1 4 6 3 9 15 33 6 28.1008456945419312 58.5774356754761811 
3.36768017929769181 30 13 16 16 1 1 1 6 10 2 2.70999124060388841 6 3 4 2 6 10 3 24 10 12 31 11 15 22 1 16 15 2.70999124060388841 6 20 10 14 5.34074699537910114 4 18 19 7 4 29 12 3.36768017929769181 4 11 9 9 2 17 16 1 5 12 7 6 3 9 15 33 6 23.9559259414672852 76.5332118365570437 
3.36768017929769181 30 13 16 16 1 1 1 6 10 2 2.70999124060388841 5 27 4 2 6 10 4 26 13 12 31 11 15 22 1 16 15 2.70999124060388841 6 20 10 14 32 6 18 19 7 4 29 12 3.36768017929769181 4 11 9 9 2 17 16 1 5 12 7 6 3 9 15 33 6 25.7937038540840149 65.0258216242670102 
3.36768017929769181 30 13 16 16 1 1 1 6 10 2 2.70999124060388841 5 27 4 2 6 10 9 26 9 12 31 11 15 22 1 16 15 2.70999124060388841 6 20 10 15 25 2.70999124060388841 18 19 7 4 29 12 12 31 11 9 9 2 17 16 1 5 12 7 6 3 9 15 33 6 23.8005807995796204 84.2917463689080506 
3.36768017929769181 30 13 16 16 1 1 1 6 10 2 2.70999124060388841 14 32 7 2 6 10 3 30 12 12 31 11 15 22 1 16 15 2.70999124060388841 6 20 10 14 10 4 18 19 7 4 29 12 3.36768017929769181 4 11 9 9 2 17 16 1 5 12 7 6 3 9 15 33 6 26.0527227520942688 62.0968574342070241 
3.36768017929769181 30 13 16 16 1 1 1 6 10 2 2.70999124060388841 5 27 4 2 6 10 4 24 13 12 31 11 15 22 1 16 15 2.70999124060388841 6 20 10 14 10 4 18 19 7 4 29 12 3.36768017929769181 4 11 9 9 2 17 16 1 5 12 7 6 3 9 15 33 6 28.2741466760635376 55.3359621242821831 
16 31 11 4 24 8 14 22 5 17 30 2.70999124060388841 3 1 9 1 6 6.96245171630185755 15 19 2 4.94126535182462057 31 2 8 12 11 12 31 9.82524131762891173 4 6 1 14 25 10 6 6 13.151007650947605 8 1 4 9 15 7.75241283629571765 17 24 2 16 15 8 14 6 3 1 12 9 12 19 3 16.0863497257232666 188.502683202683215 
3.36768017929769181 30 13 16 16 1 1 1 6 10 2 2.70999124060388841 13 3 7 2 6 10 4 24 11 12 31 11 15 22 1 16 15 2.70999124060388841 6 20 10 14 10 4 18 19 7 4 29 12 3.36768017929769181 4 11 9 9 2 17 16 1 5 12 7 6 3 9 14 5 6 25.6082298755645752 70.7742370488786605 
15 32 7 9 19 2.70999124060388841 6 16.1354543567662532 9 1 5 2 12 15 3 16 19 8 15 23 4 9 9 1 17 33 12 6 15 3 3 20 7 15 1 10 14 1 4 6 3 2 4.94126535182462057 2 11 6 3 12 12 2 13 9 14 9 13.2195649013323386 25 13.151007650947605 17 8 7 19.8879245519638062 163.297157872920138 
3.36768017929769181 30 13 16 16 1 1 1 6 10 2 2.70999124060388841 5 27 4 2 6 10 9 23 12 12 31 11 15 22 1 16 15 2.70999124060388841 6 20 10 14 10 4 18 19 7 4 29 12 12 2 13 9 9 2 17 16 1 5 12 7 6 3 9 15 33 6 27.0552886724472046 60.347469108237398 
3.36768017929769181 30 13 16 16 1 1 1 6 10 2 2.70999124060388841 5 27 4 2 6 10 3 24 11 12 31 11 15 22 1 16 15 2.70999124060388841 6 20 10 10 12 5 18 19 7 4 29 12 3.36768017929769181 4 11 9 9 2 17 16 1 5 12 7 6 3 9 15 33 6 26.4535958170890808 61.9152813089820384 
18 20 1 14 5.34074699537910114 3 2 26 1 9 30 12 1 22 9 2 32 7 9.25570237641795579 25 3 13 17 1 12 6 12 14 12 11 6 2 3 1 15 11 5 32 7 17 31 13 16 28 2 4 24 3.84646942076222631 12 6 7 9 30 9.82524131762891173 13 6 13.151007650947605 15 1 7 18.9510247111320496 172.412995827701707 
3.36768017929769181 30 13 16 16 1 1 1 6 10 2 2.70999124060388841 15 24 8 2 6 10 3.36768017929769181 8 13 12 31 11 15 22 1 16 15 2.70999124060388841 6 20 10 10 13 7 18 19 7 4 29 12 3.36768017929769181 4 11 9 9 2 17 16 1 5 12 7 6 3 9 15 33 6 25.3449269533157349 71.6897597379023779 
3.36768017929769181 30 13 16 16 1 1 1 6 10 2 2.70999124060388841 5 27 4 2 6 10 15 32 5 12 31 11 15 22 1 16 15 2.70999124060388841 6 20 10 1 32 6 18 19 7 4 29 12 3.36768017929769181 1 12 9 9 2 17 16 1 5 12 7 6 3 9 15 33 6 23.666195809841156 89.2052112870883036 
3.36768017929769181 30 13 16 16 1 1 1 6 10 2 2.70999124060388841 5 27 4 2 6 10 18 4 8 12 31 11 15 22 1 16 15 2.70999124060388841 6 20 10 14 10 4 18 19 7 4 29 12 3.36768017929769181 4 11 9 9 2 17 16 1 5 12 7 6 3 9 15 33 6 31.4724428653717041 54.0635966148228135 
3.36768017929769181 30 13 16 16 1 1 1 6 10 2 2.70999124060388841 5 27 4 2 6 10 3 26 13 12 31 11 15 22 1 16 15 2.70999124060388841 6 20 10 14 10 4 18 19 7 4 29 12 3.36768017929769181 4 11 9 9 2 17 16 1 5 12 7 6 3 9 15 33 6 28.3918266892433167 54.4795570097694295 
3.36768017929769181 30 13 16 16 1 1 1 6 10 2 2.70999124060388841 5 27 4 2 6 10 3.36768017929769181 30 12 12 31 11 15 22 1 16 15 2.70999124060388841 6 20 10 14 10 4 18 19 7 4 29 12 3.36768017929769181 4 11 9 9 2 17 16 1 5 12 7 6 3 9 15 33 6 28.2707306742668152 57.9066933580001546 
3.36768017929769181 30 13 16 16 1 1 1 6 10 2 2.70999124060388841 6 1 6 2 6 10 4 24 12 12 31 11 15 22 1 16 15 2.70999124060388841 6 20 10 14 10 4 18 19 7 4 29 12 3 30 12 9 9 2 17 16 1 5 12 7 6 3 9 15 33 6 24.0380377173423767 75.1020590520590332 
3.36768017929769181 30 13 16 16 1 1 1 6 10 2 2.70999124060388841 15 17 9 2 6 10 3 9 12 12 31 11 15 22 1 16 15 2.70999124060388841 6 20 10 2 28 2 18 19 7 4 29 12 3.36768017929769181 4 11 9 9 2 17 16 1 5 12 7 6 3 9 15 33 6 25.2829349040985107 72.2808605882135282 
3.36768017929769181 30 13 16 16 1 1 1 6 10 2 2.70999124060388841 2 25 5 2 6 10 14 30 3 12 31 11 15 22 1 16 15 2.70999124060388841 6 20 10 2 25 9 18 19 7 4 29 12 12 26 2.70999124060388841 9 9 2 17 16 1 5 12 7 6 3 9 15 33 6 21.6836718022823334 90.4467100467213214 
3.36768017929769181 30 13 16 16 1 1 1 6 10 2 2.70999124060388841 5 27 4 2 6 10 11 24 8 12 31 11 15 22 1 16 15 2.70999124060388841 6 20 10 10 5 9 18 19 7 4 29 12 3.36768017929769181 4 11 9 9 2 17 16 1 5 12 7 6 3 9 15 33 6 27.1303787231445312 58.906918691871347 

Current Evaluation = 50000000(50000000)
Front Size = 29
2 5 5 6 31 2 12 28 3 13 26 8 3.36768017929769181 18 12 9 14 8 3 16.1354543567662532 13 13 3 9 14 32 1 10 24 6 6 31 10 4.94126535182462057 9 13 10 5 9 16 20 2 5 22 10 16 19 12 12 15 2 8 26 9 6 16 7 1 18 11 20.5460279583930969 159.838293483262504 
6 1 3 12 13 1 17 32 2 3 12 11 16 9 10 4 30 5 14 6 1 4 11 6 14 24 1 12 20 7 1 12 10 17 1 12 6 19 4 13 18 6 5 6 4 10 33 12 3 16 2 15 26 11 3 13 11 17 20 9 18.8741859793663025 184.877454408336746 
4 20 13 16 22 2 9 9 9 1 26 2.70999124060388841 2 31 10 12 1 13 1 33 13 2 16.1354543567662532 13 11 1 4 4.94126535182462057 26 4 12 9 9.82524131762891173 17.8244721320812971 30 2 15 15 9 14 12 13 17 31 13 3 3 4 12 33 3 2 1 7 18 2 9 2 3 13 20.6801577210426331 157.836922717805095 
2 14 4 3.36768017929769181 30 13 9.25570237641795579 2 5 18 26 12 17 24 3.84646942076222631 9 30 11 14 15 10 10 16 2 13.2195649013323386 9 5 4 25 13 2 32 3 1 14 4 1 2 8 12 22 9 17 30 7 14 15 9 13 16 8 3 12 6 6 6 8 16 13 11 19.4630837440490723 171.644671169903376 
3.36768017929769181 30 13 16 16 1 1 1 6 10 2 2.70999124060388841 5 27 4 2 6 10 12 14 2.70999124060388841 12 31 11 15 22 1 16 15 2.70999124060388841 6 20 10 1 6 5 18 19 7 4 29 12 3 30 11 9 9 2 17 16 1 5 12 7 6 3 9 15 33 6 23.71816086769104 88.7222716130245743 
1 11 11 1 1 6 6 24 12 9 31 9 4 16 2.70999124060388841 4 30 3 17 24 7 6 26 4 14 28 10 1 13 8 14 26 5 16 31 2 6 32 10 12 23 5 2 6 9 9.25570237641795579 18 11 17 15 11 4 5 13 9 19 10 3 24 11 18.1139287352561951 185.583288280347119 
3.36768017929769181 30 13 16 16 1 1 1 6 10 2 2.70999124060388841 12 31 9 2 6 10 18 4 8 12 31 11 15 22 1 16 15 2.70999124060388841 6 20 10 14 3 7 18 19 7 4 29 12 3.36768017929769181 30 8 9 9 2 17 16 1 5 12 7 6 3 9 15 33 6 24.8141180872917175 72.8934246397534338 
3.36768017929769181 30 13 16 16 1 1 1 6 10 2 2.70999124060388841 2 24 4 2 6 10 3.36768017929769181 25 3 12 31 11 15 22 1 16 15 2.70999124060388841 6 20 10 15 30 10 18 19 7 2 18 5 1 2 9 9 9 2 17 16 1 1 16 5 6 3 9 15 33 6 20.9939758777618408 144.612964108100158 
3.36768017929769181 30 13 16 16 1 1 1 6 10 2 2.70999124060388841 6 3 4 2 6 10 3 24 10 12 31 11 15 22 1 16 15 2.70999124060388841 6 20 10 14 5.34074699537910114 4 18 19 7 4 29 12 3.36768017929769181 4 11 9 9 2 17 16 1 5 12 7 6 3 9 15 33 6 23.9559259414672852 76.5332118365570437 
3.36768017929769181 30 13 16 16 1 1 1 6 10 2 2.70999124060388841 5 27 4 2 6 10 4 26 13 12 31 11 15 22 1 16 15 2.70999124060388841 6 20 10 14 32 6 18 19 7 4 29 12 3.36768017929769181 4 11 9 9 2 17 16 1 5 12 7 6 3 9 15 33 6 25.7937038540840149 65.0258216242670102 
3.36768017929769181 30 13 16 16 1 1 1 6 10 2 2.70999124060388841 5 27 4 2 6 10 9 26 9 12 31 11 15 22 1 16 15 2.70999124060388841 6 20 10 15 25 2.70999124060388841 18 19 7 4 29 12 12 31 11 9 9 2 17 16 1 5 12 7 6 3 9 15 33 6 23.8005807995796204 84.2917463689080506 
3.36768017929769181 30 13 16 16 1 1 1 6 10 2 2.70999124060388841 5 27 4 2 6 10 4 24 13 12 31 11 15 22 1 16 15 2.70999124060388841 6 20 10 14 10 4 18 19 7 4 29 12 3.36768017929769181 4 11 9 9 2 17 16 1 5 12 7 6 3 9 15 33 6 28.2741466760635376 55.3359621242821831 
16 31 11 4 24 8 14 22 5 17 30 2.70999124060388841 3 1 9 1 6 6.96245171630185755 15 19 2 4.94126535182462057 31 2 8 12 11 12 31 9.82524131762891173 4 6 1 14 25 10 6 6 13.151007650947605 8 1 4 9 15 7.75241283629571765 17 24 2 16 15 8 14 6 3 1 12 9 12 19 3 16.0863497257232666 188.502683202683215 
3.36768017929769181 30 13 16 16 1 1 1 6 10 2 2.70999124060388841 13 3 7 2 6 10 4 24 11 12 31 11 15 22 1 16 15 2.70999124060388841 6 20 10 14 10 4 18 19 7 4 29 12 3.36768017929769181 4 11 9 9 2 17 16 1 5 12 7 6 3 9 14 5 6 25.6082298755645752 70.7742370488786605 
15 32 7 9 19 2.70999124060388841 6 16.1354543567662532 9 1 5 2 12 15 3 16 19 8 15 23 4 9 9 1 17 33 12 6 15 3 3 20 7 15 1 10 14 1 4 6 3 2 4.94126535182462057 2 11 6 3 12 12 2 13 9 14 9 13.2195649013323386 25 13.151007650947605 17 8 7 19.8879245519638062 163.297157872920138 
18 20 1 14 5.34074699537910114 3 2 26 1 9 30 12 1 22 9 2 32 7 9.25570237641795579 25 3 13 17 1 12 6 12 14 12 11 6 2 3 1 15 11 5 32 7 17 31 13 16 28 2 4 24 3.84646942076222631 12 6 7 9 30 9.82524131762891173 13 6 13.151007650947605 15 1 7 18.9510247111320496 172.412995827701707 
3.36768017929769181 30 13 16 16 1 1 1 6 10 2 2.70999124060388841 15 24 8 2 6 10 3.36768017929769181 8 13 12 31 11 15 22 1 16 15 2.70999124060388841 6 20 10 10 13 7 18 19 7 4 29 12 3.36768017929769181 4 11 9 9 2 17 16 1 5 12 7 6 3 9 15 33 6 25.3449269533157349 71.6897597379023779 
3.36768017929769181 30 13 16 16 1 1 1 6 10 2 2.70999124060388841 5 27 4 2 6 10 15 32 5 12 31 11 15 22 1 16 15 2.70999124060388841 6 20 10 1 32 6 18 19 7 4 29 12 3.36768017929769181 1 12 9 9 2 17 16 1 5 12 7 6 3 9 15 33 6 23.666195809841156 89.2052112870883036 
3.36768017929769181 30 13 16 16 1 1 1 6 10 2 2.70999124060388841 5 27 4 2 6 10 18 4 8 12 31 11 15 22 1 16 15 2.70999124060388841 6 20 10 14 10 4 18 19 7 4 29 12 3.36768017929769181 4 11 9 9 2 17 16 1 5 12 7 6 3 9 15 33 6 31.4724428653717041 54.0635966148228135 
3.36768017929769181 30 13 16 16 1 1 1 6 10 2 2.70999124060388841 5 27 4 2 6 10 3 26 13 12 31 11 15 22 1 16 15 2.70999124060388841 6 20 10 14 10 4 18 19 7 4 29 12 3.36768017929769181 4 11 9 9 2 17 16 1 5 12 7 6 3 9 15 33 6 28.3918266892433167 54.4795570097694295 
3.36768017929769181 30 13 16 16 1 1 1 6 10 2 2.70999124060388841 5 27 4 2 6 10 3.36768017929769181 30 12 12 31 11 15 22 1 16 15 2.70999124060388841 6 20 10 14 10 4 18 19 7 4 29 12 3.36768017929769181 4 11 9 9 2 17 16 1 5 12 7 6 3 9 15 33 6 28.2707306742668152 57.9066933580001546 
3.36768017929769181 30 13 16 16 1 1 1 6 10 2 2.70999124060388841 6 1 6 2 6 10 4 24 12 12 31 11 15 22 1 16 15 2.70999124060388841 6 20 10 14 10 4 18 19 7 4 29 12 3 30 12 9 9 2 17 16 1 5 12 7 6 3 9 15 33 6 24.0380377173423767 75.1020590520590332 
3.36768017929769181 30 13 16 16 1 1 1 6 10 2 2.70999124060388841 15 17 9 2 6 10 3 9 12 12 31 11 15 22 1 16 15 2.70999124060388841 6 20 10 2 28 2 18 19 7 4 29 12 3.36768017929769181 4 11 9 9 2 17 16 1 5 12 7 6 3 9 15 33 6 25.2829349040985107 72.2808605882135282 
3.36768017929769181 30 13 16 16 1 1 1 6 10 2 2.70999124060388841 2 25 5 2 6 10 14 30 3 12 31 11 15 22 1 16 15 2.70999124060388841 6 20 10 2 25 9 18 19 7 4 29 12 12 26 2.70999124060388841 9 9 2 17 16 1 5 12 7 6 3 9 15 33 6 21.6836718022823334 90.4467100467213214 
3.36768017929769181 30 13 16 16 1 1 1 6 10 2 2.70999124060388841 15 7 9 2 6 10 14 8 3 12 31 11 15 22 1 16 15 2.70999124060388841 6 20 10 10 5 13 18 19 7 4 29 12 5 18 4 9 9 2 17 16 1 5 12 7 6 3 9 15 33 6 23.5243039131164551 90.0339933356585789 
3.36768017929769181 30 13 16 16 1 1 1 6 10 2 2.70999124060388841 5 27 4 2 6 10 3.36768017929769181 24 8 12 31 11 15 22 1 16 15 2.70999124060388841 6 20 10 1 32 9 18 19 7 4 29 12 3.36768017929769181 4 11 9 9 2 17 16 1 5 12 7 6 3 9 15 33 6 25.876166820526123 58.8295485904365449 
3.36768017929769181 30 13 16 16 1 1 1 6 10 2 2.70999124060388841 6 21 10 2 6 10 9 8 12 12 31 11 15 22 1 16 15 2.70999124060388841 6 20 10 14 10 4 13 32 5 4 29 12 3.36768017929769181 30 11 9 9 2 17 16 1 5 12 7 6 3 9 15 33 6 24.5779818296432495 74.9937492233627552 
3.36768017929769181 30 13 16 16 1 1 1 6 10 2 2.70999124060388841 6 24 5 2 6 10 18 4 8 12 31 11 15 22 1 16 15 2.70999124060388841 6 20 10 14 10 4 18 19 7 4 29 12 3 26 11 9 9 2 17 16 1 5 12 7 6 3 9 15 33 6 27.2195299863815308 58.4094227977131908 
3.36768017929769181 30 13 16 16 1 1 1 6 10 2 2.70999124060388841 4 24 6 2 6 10 3.36768017929769181 12 4 12 31 11 9.25570237641795579 18 12 16 15 2.70999124060388841 6 20 10 13 22 6 18 19 7 15 26 3 3.36768017929769181 4 11 9 9 2 13 20 9 5 12 7 6 3 9 6 30 9 21.5630658864974976 129.982992778363325 

Current Evaluation = 60000000(60000000)
Front Size = 32
2 5 5 6 31 2 12 28 3 13 26 8 3.36768017929769181 18 12 9 14 8 3 16.1354543567662532 13 13 3 9 14 32 1 10 24 6 6 31 10 4.94126535182462057 9 13 10 5 9 16 20 2 5 22 10 16 19 12 12 15 2 8 26 9 6 16 7 1 18 11 20.5460279583930969 159.838293483262504 
6 1 3 12 13 1 17 32 2 3 12 11 16 9 10 4 30 5 14 6 1 4 11 6 14 24 1 12 20 7 1 12 10 17 1 12 6 19 4 13 18 6 5 6 4 10 33 12 3 16 2 15 26 11 3 13 11 17 20 9 18.8741859793663025 184.877454408336746 
4 20 13 16 22 2 9 9 9 1 26 2.70999124060388841 2 31 10 12 1 13 1 33 13 2 16.1354543567662532 13 11 1 4 4.94126535182462057 26 4 12 9 9.82524131762891173 17.8244721320812971 30 2 15 15 9 14 12 13 17 31 13 3 3 4 12 33 3 2 1 7 18 2 9 2 3 13 20.6801577210426331 157.836922717805095 
2 14 4 3.36768017929769181 30 13 9.25570237641795579 2 5 18 26 12 17 24 3.84646942076222631 9 30 11 14 15 10 10 16 2 13.2195649013323386 9 5 4 25 13 2 32 3 1 14 4 1 2 8 12 22 9 17 30 7 14 15 9 13 16 8 3 12 6 6 6 8 16 13 11 19.4630837440490723 171.644671169903376 
3.36768017929769181 30 13 16 16 1 1 1 6 10 2 2.70999124060388841 5 27 4 2 6 10 12 14 2.70999124060388841 12 31 11 15 22 1 16 15 2.70999124060388841 6 20 10 1 6 5 18 19 7 4 29 12 3 30 11 9 9 2 17 16 1 5 12 7 6 3 9 15 33 6 23.71816086769104 88.7222716130245743 
1 11 11 1 1 6 6 24 12 9 31 9 4 16 2.70999124060388841 4 30 3 17 24 7 6 26 4 14 28 10 1 13 8 14 26 5 16 31 2 6 32 10 12 23 5 2 6 9 9.25570237641795579 18 11 17 15 11 4 5 13 9 19 10 3 24 11 18.1139287352561951 185.583288280347119 
3.36768017929769181 30 13 16 16 1 1 1 6 10 2 2.70999124060388841 12 31 9 2 6 10 18 4 8 12 31 11 15 22 1 16 15 2.70999124060388841 6 20 10 14 3 7 18 19 7 4 29 12 3.36768017929769181 30 8 9 9 2 17 16 1 5 12 7 6 3 9 15 33 6 24.8141180872917175 72.8934246397534338 
3.36768017929769181 30 13 16 16 1 1 1 6 10 2 2.70999124060388841 2 24 4 2 6 10 3.36768017929769181 25 3 12 31 11 15 22 1 16 15 2.70999124060388841 6 20 10 15 30 10 18 19 7 2 18 5 1 2 9 9 9 2 17 16 1 1 16 5 6 3 9 15 33 6 20.9939758777618408 144.612964108100158 
3.36768017929769181 30 13 16 16 1 1 1 6 10 2 2.70999124060388841 6 3 4 2 6 10 3 24 10 12 31 11 15 22 1 16 15 2.70999124060388841 6 20 10 14 5.34074699537910114 4 18 19 7 4 29 12 3.36768017929769181 4 11 9 9 2 17 16 1 5 12 7 6 3 9 15 33 6 23.9559259414672852 76.5332118365570437 
3.36768017929769181 30 13 16 16 1 1 1 6 10 2 2.70999124060388841 5 27 4 2 6 10 4 26 13 12 31 11 15 22 1 16 15 2.70999124060388841 6 20 10 14 32 6 18 19 7 4 29 12 3.36768017929769181 4 11 9 9 2 17 16 1 5 12 7 6 3 9 15 33 6 25.7937038540840149 65.0258216242670102 
3.36768017929769181 30 13 16 16 1 1 1 6 10 2 2.70999124060388841 5 27 4 2 6 10 9 26 9 12 31 11 15 22 1 16 15 2.70999124060388841 6 20 10 15 25 2.70999124060388841 18 19 7 4 29 12 12 31 11 9 9 2 17 16 1 5 12 7 6 3 9 15 33 6 23.8005807995796204 84.2917463689080506 
3.36768017929769181 30 13 16 16 1 1 1 6 10 2 2.70999124060388841 5 27 4 2 6 10 4 24 13 12 31 11 15 22 1 16 15 2.70999124060388841 6 20 10 14 10 4 18 19 7 4 29 12 3.36768017929769181 4 11 9 9 2 17 16 1 5 12 7 6 3 9 15 33 6 28.2741466760635376 55.3359621242821831 
16 31 11 4 24 8 14 22 5 17 30 2.70999124060388841 3 1 9 1 6 6.96245171630185755 15 19 2 4.94126535182462057 31 2 8 12 11 12 31 9.82524131762891173 4 6 1 14 25 10 6 6 13.151007650947605 8 1 4 9 15 7.75241283629571765 17 24 2 16 15 8 14 6 3 1 12 9 12 19 3 16.0863497257232666 188.502683202683215 
3.36768017929769181 30 13 16 16 1 1 1 6 10 2 2.70999124060388841 13 3 7 2 6 10 4 24 11 12 31 11 15 22 1 16 15 2.70999124060388841 6 20 10 14 10 4 18 19 7 4 29 12 3.36768017929769181 4 11 9 9 2 17 16 1 5 12 7 6 3 9 14 5 6 25.6082298755645752 70.7742370488786605 
15 32 7 9 19 2.70999124060388841 6 16.1354543567662532 9 1 5 2 12 15 3 16 19 8 15 23 4 9 9 1 17 33 12 6 15 3 3 20 7 15 1 10 14 1 4 6 3 2 4.94126535182462057 2 11 6 3 12 12 2 13 9 14 9 13.2195649013323386 25 13.151007650947605 17 8 7 19.8879245519638062 163.297157872920138 
18 20 1 14 5.34074699537910114 3 2 26 1 9 30 12 1 22 9 2 32 7 9.25570237641795579 25 3 13 17 1 12 6 12 14 12 11 6 2 3 1 15 11 5 32 7 17 31 13 16 28 2 4 24 3.84646942076222631 12 6 7 9 30 9.82524131762891173 13 6 13.151007650947605 15 1 7 18.9510247111320496 172.412995827701707 
3.36768017929769181 30 13 16 16 1 1 1 6 10 2 2.70999124060388841 15 24 8 2 6 10 3.36768017929769181 8 13 12 31 11 15 22 1 16 15 2.70999124060388841 6 20 10 10 13 7 18 19 7 4 29 12 3.36768017929769181 4 11 9 9 2 17 16 1 5 12 7 6 3 9 15 33 6 25.3449269533157349 71.6897597379023779 
3.36768017929769181 30 13 16 16 1 1 1 6 10 2 2.70999124060388841 5 27 4 2 6 10 15 32 5 12 31 11 15 22 1 16 15 2.70999124060388841 6 20 10 1 32 6 18 19 7 4 29 12 3.36768017929769181 1 12 9 9 2 17 16 1 5 12 7 6 3 9 15 33 6 23.666195809841156 89.2052112870883036 
3.36768017929769181 30 13 16 16 1 1 1 6 10 2 2.70999124060388841 5 27 4 2 6 10 3 26 13 12 31 11 15 22 1 16 15 2.70999124060388841 6 20 10 14 10 4 18 19 7 4 29 12 3.36768017929769181 4 11 9 9 2 17 16 1 5 12 7 6 3 9 15 33 6 28.3918266892433167 54.4795570097694295 
3.36768017929769181 30 13 16 16 1 1 1 6 10 2 2.70999124060388841 6 1 6 2 6 10 4 24 12 12 31 11 15 22 1 16 15 2.70999124060388841 6 20 10 14 10 4 18 19 7 4 29 12 3 30 12 9 9 2 17 16 1 5 12 7 6 3 9 15 33 6 24.0380377173423767 75.1020590520590332 
3.36768017929769181 30 13 16 16 1 1 1 6 10 2 2.70999124060388841 15 17 9 2 6 10 3 9 12 12 31 11 15 22 1 16 15 2.70999124060388841 6 20 10 2 28 2 18 19 7 4 29 12 3.36768017929769181 4 11 9 9 2 17 16 1 5 12 7 6 3 9 15 33 6 25.2829349040985107 72.2808605882135282 
3.36768017929769181 30 13 16 16 1 1 1 6 10 2 2.70999124060388841 2 25 5 2 6 10 14 30 3 12 31 11 15 22 1 16 15 2.70999124060388841 6 20 10 2 25 9 18 19 7 4 29 12 12 26 2.70999124060388841 9 9 2 17 16 1 5 12 7 6 3 9 15 33 6 21.6836718022823334 90.4467100467213214 
3.36768017929769181 30 13 16 16 1 1 1 6 10 2 2.70999124060388841 15 7 9 2 6 10 14 8 3 12 31 11 15 22 1 16 15 2.70999124060388841 6 20 10 10 5 13 18 19 7 4 29 12 5 18 4 9 9 2 17 16 1 5 12 7 6 3 9 15 33 6 23.5243039131164551 90.0339933356585789 
3.36768017929769181 30 13 16 16 1 1 1 6 10 2 2.70999124060388841 5 27 4 2 6 10 3.36768017929769181 24 8 12 31 11 15 22 1 16 15 2.70999124060388841 6 20 10 1 32 9 18 19 7 4 29 12 3.36768017929769181 4 11 9 9 2 17 16 1 5 12 7 6 3 9 15 33 6 25.876166820526123 58.8295485904365449 
3.36768017929769181 30 13 16 16 1 1 1 6 10 2 2.70999124060388841 6 21 10 2 6 10 9 8 12 12 31 11 15 22 1 16 15 2.70999124060388841 6 20 10 14 10 4 13 32 5 4 29 12 3.36768017929769181 30 11 9 9 2 17 16 1 5 12 7 6 3 9 15 33 6 24.5779818296432495 74.9937492233627552 
3.36768017929769181 30 13 16 16 1 1 1 6 10 2 2.70999124060388841 6 24 5 2 6 10 18 4 8 12 31 11 15 22 1 16 15 2.70999124060388841 6 20 10 14 10 4 18 19 7 4 29 12 3 26 11 9 9 2 17 16 1 5 12 7 6 3 9 15 33 6 27.2195299863815308 58.4094227977131908 
3.36768017929769181 30 13 16 16 1 1 1 6 10 2 2.70999124060388841 4 24 6 2 6 10 3.36768017929769181 12 4 12 31 11 9.25570237641795579 18 12 16 15 2.70999124060388841 6 20 10 13 22 6 18 19 7 15 26 3 3.36768017929769181 4 11 9 9 2 13 20 9 5 12 7 6 3 9 6 30 9 21.5630658864974976 129.982992778363325 
3.36768017929769181 30 13 16 16 1 1 1 6 10 2 2.70999124060388841 5 27 4 2 6 10 18 4 8 12 31 11 15 22 1 16 15 2.70999124060388841 6 20 10 14 10 4 18 19 7 4 29 12 3.36768017929769181 4 11 9 9 2 17 16 1 5 12 7 6 3 9 15 33 6 31.4724428653717041 53.7407724304414245 
3.36768017929769181 30 13 16 16 1 1 1 6 10 2 2.70999124060388841 5 27 4 2 6 10 3.36768017929769181 30 13 12 31 11 15 22 1 16 15 2.70999124060388841 6 20 10 14 10 4 18 19 7 4 29 12 3.36768017929769181 4 11 9 9 2 17 16 1 5 12 7 6 3 9 15 33 6 28.2707306742668152 56.137084149685073 
3.36768017929769181 30 13 16 16 1 1 1 6 10 2 2.70999124060388841 4 15 8 2 6 10 14 1 13 12 31 11 15 22 1 16 15 2.70999124060388841 6 20 10 1 32 9 18 19 7 4 29 12 3.36768017929769181 4 11 9 9 2 17 16 1 5 12 7 6 3 9 15 33 6 23.8314979076385498 83.727057279213696 
5 5.34074699537910114 6 1 22 10 12 16 7 9 6 13 10 30 11 16 26 11 12 20 6.96245171630185755 4.94126535182462057 15 11 6 9 5 16 26 11 2 2 9.82524131762891173 2 19 2 17 31.8448655754823804 4 6 30 10 3 26 6 8 6 8 14 24 11 11 14 2 1 3 7.75241283629571765 12 18 12 19.6921758651733398 170.468880538965664 
3.36768017929769181 30 13 16 16 1 1 1 6 10 2 2.70999124060388841 5 27 4 2 6 10 3.36768017929769181 30 6 12 31 11 15 22 1 16 15 2.70999124060388841 6 20 10 2 32 10 18 19 7 4 29 12 11 8 2 9 9 2 17 16 1 5 12 7 6 3 9 14 32 11 23.734701931476593 85.98576024742313 

Current Evaluation = 70000000(70000000)
Front Size = 33
2 5 5 6 31 2 12 28 3 13 26 8 3.36768017929769181 18 12 9 14 8 3 16.1354543567662532 13 13 3 9 14 32 1 10 24 6 6 31 10 4.94126535182462057 9 13 10 5 9 16 20 2 5 22 10 16 19 12 12 15 2 8 26 9 6 16 7 1 18 11 20.5460279583930969 159.838293483262504 
4 20 13 16 22 2 9 9 9 1 26 2.70999124060388841 2 31 10 12 1 13 1 33 13 2 16.1354543567662532 13 11 1 4 4.94126535182462057 26 4 12 9 9.82524131762891173 17.8244721320812971 30 2 15 15 9 14 12 13 17 31 13 3 3 4 12 33 3 2 1 7 18 2 9 2 3 13 20.6801577210426331 157.836922717805095 
2 14 4 3.36768017929769181 30 13 9.25570237641795579 2 5 18 26 12 17 24 3.84646942076222631 9 30 11 14 15 10 10 16 2 13.2195649013323386 9 5 4 25 13 2 32 3 1 14 4 1 2 8 12 22 9 17 30 7 14 15 9 13 16 8 3 12 6 6 6 8 16 13 11 19.4630837440490723 171.644671169903376 
3.36768017929769181 30 13 16 16 1 1 1 6 10 2 2.70999124060388841 5 27 4 2 6 10 12 14 2.70999124060388841 12 31 11 15 22 1 16 15 2.70999124060388841 6 20 10 1 6 5 18 19 7 4 29 12 3 30 11 9 9 2 17 16 1 5 12 7 6 3 9 15 33 6 23.71816086769104 88.7222716130245743 
3.36768017929769181 30 13 16 16 1 1 1 6 10 2 2.70999124060388841 12 31 9 2 6 10 18 4 8 12 31 11 15 22 1 16 15 2.70999124060388841 6 20 10 14 3 7 18 19 7 4 29 12 3.36768017929769181 30 8 9 9 2 17 16 1 5 12 7 6 3 9 15 33 6 24.8141180872917175 72.8934246397534338 
3.36768017929769181 30 13 16 16 1 1 1 6 10 2 2.70999124060388841 2 24 4 2 6 10 3.36768017929769181 25 3 12 31 11 15 22 1 16 15 2.70999124060388841 6 20 10 15 30 10 18 19 7 2 18 5 1 2 9 9 9 2 17 16 1 1 16 5 6 3 9 15 33 6 20.9939758777618408 144.612964108100158 
3.36768017929769181 30 13 16 16 1 1 1 6 10 2 2.70999124060388841 6 3 4 2 6 10 3 24 10 12 31 11 15 22 1 16 15 2.70999124060388841 6 20 10 14 5.34074699537910114 4 18 19 7 4 29 12 3.36768017929769181 4 11 9 9 2 17 16 1 5 12 7 6 3 9 15 33 6 23.9559259414672852 76.5332118365570437 
3.36768017929769181 30 13 16 16 1 1 1 6 10 2 2.70999124060388841 5 27 4 2 6 10 4 26 13 12 31 11 15 22 1 16 15 2.70999124060388841 6 20 10 14 32 6 18 19 7 4 29 12 3.36768017929769181 4 11 9 9 2 17 16 1 5 12 7 6 3 9 15 33 6 25.7937038540840149 65.0258216242670102 
3.36768017929769181 30 13 16 16 1 1 1 6 10 2 2.70999124060388841 5 27 4 2 6 10 9 26 9 12 31 11 15 22 1 16 15 2.70999124060388841 6 20 10 15 25 2.70999124060388841 18 19 7 4 29 12 12 31 11 9 9 2 17 16 1 5 12 7 6 3 9 15 33 6 23.8005807995796204 84.2917463689080506 
3.36768017929769181 30 13 16 16 1 1 1 6 10 2 2.70999124060388841 5 27 4 2 6 10 4 24 13 12 31 11 15 22 1 16 15 2.70999124060388841 6 20 10 14 10 4 18 19 7 4 29 12 3.36768017929769181 4 11 9 9 2 17 16 1 5 12 7 6 3 9 15 33 6 28.2741466760635376 55.3359621242821831 
16 31 11 4 24 8 14 22 5 17 30 2.70999124060388841 3 1 9 1 6 6.96245171630185755 15 19 2 4.94126535182462057 31 2 8 12 11 12 31 9.82524131762891173 4 6 1 14 25 10 6 6 13.151007650947605 8 1 4 9 15 7.75241283629571765 17 24 2 16 15 8 14 6 3 1 12 9 12 19 3 16.0863497257232666 188.502683202683215 
15 32 7 9 19 2.70999124060388841 6 16.1354543567662532 9 1 5 2 12 15 3 16 19 8 15 23 4 9 9 1 17 33 12 6 15 3 3 20 7 15 1 10 14 1 4 6 3 2 4.94126535182462057 2 11 6 3 12 12 2 13 9 14 9 13.2195649013323386 25 13.151007650947605 17 8 7 19.8879245519638062 163.297157872920138 
18 20 1 14 5.34074699537910114 3 2 26 1 9 30 12 1 22 9 2 32 7 9.25570237641795579 25 3 13 17 1 12 6 12 14 12 11 6 2 3 1 15 11 5 32 7 17 31 13 16 28 2 4 24 3.84646942076222631 12 6 7 9 30 9.82524131762891173 13 6 13.151007650947605 15 1 7 18.9510247111320496 172.412995827701707 
3.36768017929769181 30 13 16 16 1 1 1 6 10 2 2.70999124060388841 15 24 8 2 6 10 3.36768017929769181 8 13 12 31 11 15 22 1 16 15 2.70999124060388841 6 20 10 10 13 7 18 19 7 4 29 12 3.36768017929769181 4 11 9 9 2 17 16 1 5 12 7 6 3 9 15 33 6 25.3449269533157349 71.6897597379023779 
3.36768017929769181 30 13 16 16 1 1 1 6 10 2 2.70999124060388841 5 27 4 2 6 10 15 32 5 12 31 11 15 22 1 16 15 2.70999124060388841 6 20 10 1 32 6 18 19 7 4 29 12 3.36768017929769181 1 12 9 9 2 17 16 1 5 12 7 6 3 9 15 33 6 23.666195809841156 89.2052112870883036 
3.36768017929769181 30 13 16 16 1 1 1 6 10 2 2.70999124060388841 5 27 4 2 6 10 3 26 13 12 31 11 15 22 1 16 15 2.70999124060388841 6 20 10 14 10 4 18 19 7 4 29 12 3.36768017929769181 4 11 9 9 2 17 16 1 5 12 7 6 3 9 15 33 6 28.3918266892433167 54.4795570097694295 
3.36768017929769181 30 13 16 16 1 1 1 6 10 2 2.70999124060388841 6 1 6 2 6 10 4 24 12 12 31 11 15 22 1 16 15 2.70999124060388841 6 20 10 14 10 4 18 19 7 4 29 12 3 30 12 9 9 2 17 16 1 5 12 7 6 3 9 15 33 6 24.0380377173423767 75.1020590520590332 
3.36768017929769181 30 13 16 16 1 1 1 6 10 2 2.70999124060388841 15 17 9 2 6 10 3 9 12 12 31 11 15 22 1 16 15 2.70999124060388841 6 20 10 2 28 2 18 19 7 4 29 12 3.36768017929769181 4 11 9 9 2 17 16 1 5 12 7 6 3 9 15 33 6 25.2829349040985107 72.2808605882135282 
3.36768017929769181 30 13 16 16 1 1 1 6 10 2 2.70999124060388841 2 25 5 2 6 10 14 30 3 12 31 11 15 22 1 16 15 2.70999124060388841 6 20 10 2 25 9 18 19 7 4 29 12 12 26 2.70999124060388841 9 9 2 17 16 1 5 12 7 6 3 9 15 33 6 21.6836718022823334 90.4467100467213214 
3.36768017929769181 30 13 16 16 1 1 1 6 10 2 2.70999124060388841 15 7 9 2 6 10 14 8 3 12 31 11 15 22 1 16 15 2.70999124060388841 6 20 10 10 5 13 18 19 7 4 29 12 5 18 4 9 9 2 17 16 1 5 12 7 6 3 9 15 33 6 23.5243039131164551 90.0339933356585789 
3.36768017929769181 30 13 16 16 1 1 1 6 10 2 2.70999124060388841 5 27 4 2 6 10 3.36768017929769181 24 8 12 31 11 15 22 1 16 15 2.70999124060388841 6 20 10 1 32 9 18 19 7 4 29 12 3.36768017929769181 4 11 9 9 2 17 16 1 5 12 7 6 3 9 15 33 6 25.876166820526123 58.8295485904365449 
3.36768017929769181 30 13 16 16 1 1 1 6 10 2 2.70999124060388841 6 21 10 2 6 10 9 8 12 12 31 11 15 22 1 16 15 2.70999124060388841 6 20 10 14 10 4 13 32 5 4 29 12 3.36768017929769181 30 11 9 9 2 17 16 1 5 12 7 6 3 9 15 33 6 24.5779818296432495 74.9937492233627552 
3.36768017929769181 30 13 16 16 1 1 1 6 10 2 2.70999124060388841 6 24 5 2 6 10 18 4 8 12 31 11 15 22 1 16 15 2.70999124060388841 6 20 10 14 10 4 18 19 7 4 29 12 3 26 11 9 9 2 17 16 1 5 12 7 6 3 9 15 33 6 27.2195299863815308 58.4094227977131908 
3.36768017929769181 30 13 16 16 1 1 1 6 10 2 2.70999124060388841 5 27 4 2 6 10 18 4 8 12 31 11 15 22 1 16 15 2.70999124060388841 6 20 10 14 10 4 18 19 7 4 29 12 3.36768017929769181 4 11 9 9 2 17 16 1 5 12 7 6 3 9 15 33 6 31.4724428653717041 53.7407724304414245 
3.36768017929769181 30 13 16 16 1 1 1 6 10 2 2.70999124060388841 5 27 4 2 6 10 3.36768017929769181 30 13 12 31 11 15 22 1 16 15 2.70999124060388841 6 20 10 14 10 4 18 19 7 4 29 12 3.36768017929769181 4 11 9 9 2 17 16 1 5 12 7 6 3 9 15 33 6 28.2707306742668152 56.137084149685073 
3.36768017929769181 30 13 16 16 1 1 1 6 10 2 2.70999124060388841 4 15 8 2 6 10 14 1 13 12 31 11 15 22 1 16 15 2.70999124060388841 6 20 10 1 32 9 18 19 7 4 29 12 3.36768017929769181 4 11 9 9 2 17 16 1 5 12 7 6 3 9 15 33 6 23.8314979076385498 83.727057279213696 
5 5.34074699537910114 6 1 22 10 12 16 7 9 6 13 10 30 11 16 26 11 12 20 6.96245171630185755 4.94126535182462057 15 11 6 9 5 16 26 11 2 2 9.82524131762891173 2 19 2 17 31.8448655754823804 4 6 30 10 3 26 6 8 6 8 14 24 11 11 14 2 1 3 7.75241283629571765 12 18 12 19.6921758651733398 170.468880538965664 
3.36768017929769181 30 13 16 16 1 1 1 6 10 2 2.70999124060388841 5 27 4 2 6 10 3.36768017929769181 30 6 12 31 11 15 22 1 16 15 2.70999124060388841 6 20 10 2 32 10 18 19 7 4 29 12 11 8 2 9 9 2 17 16 1 5 12 7 6 3 9 14 32 11 23.734701931476593 85.98576024742313 
14 2 11 10 31 8 2 30 3 4 5 6 16 25 2 4 1 4 14 6 7 12 31 4 3 28 7 1 26 9 7 24 2.70999124060388841 17 30 9 14 13 2 4 15 13 3 5 13 17 31 12 13 6 12 14 22 3 1 22 7 6 32 9 18.0919188857078552 176.359280777701827 
3.36768017929769181 30 13 16 16 1 1 1 6 10 2 2.70999124060388841 5 27 4 2 6 10 14 32 3 12 31 11 15 22 1 16 15 2.70999124060388841 6 20 10 14 3 9 18 19 7 4 29 12 3.36768017929769181 4 11 9 9 2 17 16 1 5 12 7 6 3 9 15 33 6 25.577570915222168 70.1296001458216836 
3.36768017929769181 30 13 16 16 1 1 1 6 10 2 2.70999124060388841 5 27 4 2 6 10 11 26 12 12 31 11 15 22 1 16 15 2.70999124060388841 6 20 10 14 10 4 18 19 7 4 29 12 3.36768017929769181 4 11 9 9 2 17 16 1 5 12 7 6 3 9 15 33 6 28.9255397319793701 54.3521928511563743 
3.36768017929769181 30 13 16 16 1 1 1 6 10 2 2.70999124060388841 3.36768017929769181 20 11 2 6 10 3 32 13 12 31 11 3 6 5 16 15 2.70999124060388841 6 20 10 4 3 9 18 19 7 4 29 12 1 24 1 9 9 2 17 16 1 5 12 7 6 3 9 15 33 6 21.4841359257698059 125.590883350955167 
3.36768017929769181 30 13 16 16 1 1 1 6 10 2 2.70999124060388841 5 27 4 2 6 10 4 30 12 12 31 11 15 22 1 16 15 2.70999124060388841 6 20 10 14 10 4 18 19 7 4 29 12 3.36768017929769181 4 11 9 9 2 17 16 1 5 12 7 6 3 9 15 33 6 28.1969346404075623 57.5505457393777249 

Current Evaluation = 80000000(80000000)
Front Size = 35
2 5 5 6 31 2 12 28 3 13 26 8 3.36768017929769181 18 12 9 14 8 3 16.1354543567662532 13 13 3 9 14 32 1 10 24 6 6 31 10 4.94126535182462057 9 13 10 5 9 16 20 2 5 22 10 16 19 12 12 15 2 8 26 9 6 16 7 1 18 11 20.5460279583930969 159.838293483262504 
4 20 13 16 22 2 9 9 9 1 26 2.70999124060388841 2 31 10 12 1 13 1 33 13 2 16.1354543567662532 13 11 1 4 4.94126535182462057 26 4 12 9 9.82524131762891173 17.8244721320812971 30 2 15 15 9 14 12 13 17 31 13 3 3 4 12 33 3 2 1 7 18 2 9 2 3 13 20.6801577210426331 157.836922717805095 
2 14 4 3.36768017929769181 30 13 9.25570237641795579 2 5 18 26 12 17 24 3.84646942076222631 9 30 11 14 15 10 10 16 2 13.2195649013323386 9 5 4 25 13 2 32 3 1 14 4 1 2 8 12 22 9 17 30 7 14 15 9 13 16 8 3 12 6 6 6 8 16 13 11 19.4630837440490723 171.644671169903376 
3.36768017929769181 30 13 16 16 1 1 1 6 10 2 2.70999124060388841 5 27 4 2 6 10 12 14 2.70999124060388841 12 31 11 15 22 1 16 15 2.70999124060388841 6 20 10 1 6 5 18 19 7 4 29 12 3 30 11 9 9 2 17 16 1 5 12 7 6 3 9 15 33 6 23.71816086769104 88.7222716130245743 
3.36768017929769181 30 13 16 16 1 1 1 6 10 2 2.70999124060388841 12 31 9 2 6 10 18 4 8 12 31 11 15 22 1 16 15 2.70999124060388841 6 20 10 14 3 7 18 19 7 4 29 12 3.36768017929769181 30 8 9 9 2 17 16 1 5 12 7 6 3 9 15 33 6 24.8141180872917175 72.8934246397534338 
3.36768017929769181 30 13 16 16 1 1 1 6 10 2 2.70999124060388841 2 24 4 2 6 10 3.36768017929769181 25 3 12 31 11 15 22 1 16 15 2.70999124060388841 6 20 10 15 30 10 18 19 7 2 18 5 1 2 9 9 9 2 17 16 1 1 16 5 6 3 9 15 33 6 20.9939758777618408 144.612964108100158 
3.36768017929769181 30 13 16 16 1 1 1 6 10 2 2.70999124060388841 6 3 4 2 6 10 3 24 10 12 31 11 15 22 1 16 15 2.70999124060388841 6 20 10 14 5.34074699537910114 4 18 19 7 4 29 12 3.36768017929769181 4 11 9 9 2 17 16 1 5 12 7 6 3 9 15 33 6 23.9559259414672852 76.5332118365570437 
3.36768017929769181 30 13 16 16 1 1 1 6 10 2 2.70999124060388841 5 27 4 2 6 10 4 26 13 12 31 11 15 22 1 16 15 2.70999124060388841 6 20 10 14 32 6 18 19 7 4 29 12 3.36768017929769181 4 11 9 9 2 17 16 1 5 12 7 6 3 9 15 33 6 25.7937038540840149 65.0258216242670102 
3.36768017929769181 30 13 16 16 1 1 1 6 10 2 2.70999124060388841 5 27 4 2 6 10 9 26 9 12 31 11 15 22 1 16 15 2.70999124060388841 6 20 10 15 25 2.70999124060388841 18 19 7 4 29 12 12 31 11 9 9 2 17 16 1 5 12 7 6 3 9 15 33 6 23.8005807995796204 84.2917463689080506 
3.36768017929769181 30 13 16 16 1 1 1 6 10 2 2.70999124060388841 5 27 4 2 6 10 4 24 13 12 31 11 15 22 1 16 15 2.70999124060388841 6 20 10 14 10 4 18 19 7 4 29 12 3.36768017929769181 4 11 9 9 2 17 16 1 5 12 7 6 3 9 15 33 6 28.2741466760635376 55.3359621242821831 
16 31 11 4 24 8 14 22 5 17 30 2.70999124060388841 3 1 9 1 6 6.96245171630185755 15 19 2 4.94126535182462057 31 2 8 12 11 12 31 9.82524131762891173 4 6 1 14 25 10 6 6 13.151007650947605 8 1 4 9 15 7.75241283629571765 17 24 2 16 15 8 14 6 3 1 12 9 12 19 3 16.0863497257232666 188.502683202683215 
15 32 7 9 19 2.70999124060388841 6 16.1354543567662532 9 1 5 2 12 15 3 16 19 8 15 23 4 9 9 1 17 33 12 6 15 3 3 20 7 15 1 10 14 1 4 6 3 2 4.94126535182462057 2 11 6 3 12 12 2 13 9 14 9 13.2195649013323386 25 13.151007650947605 17 8 7 19.8879245519638062 163.297157872920138 
18 20 1 14 5.34074699537910114 3 2 26 1 9 30 12 1 22 9 2 32 7 9.25570237641795579 25 3 13 17 1 12 6 12 14 12 11 6 2 3 1 15 11 5 32 7 17 31 13 16 28 2 4 24 3.84646942076222631 12 6 7 9 30 9.82524131762891173 13 6 13.151007650947605 15 1 7 18.9510247111320496 172.412995827701707 
3.36768017929769181 30 13 16 16 1 1 1 6 10 2 2.70999124060388841 15 24 8 2 6 10 3.36768017929769181 8 13 12 31 11 15 22 1 16 15 2.70999124060388841 6 20 10 10 13 7 18 19 7 4 29 12 3.36768017929769181 4 11 9 9 2 17 16 1 5 12 7 6 3 9 15 33 6 25.3449269533157349 71.6897597379023779 
3.36768017929769181 30 13 16 16 1 1 1 6 10 2 2.70999124060388841 5 27 4 2 6 10 15 32 5 12 31 11 15 22 1 16 15 2.70999124060388841 6 20 10 1 32 6 18 19 7 4 29 12 3.36768017929769181 1 12 9 9 2 17 16 1 5 12 7 6 3 9 15 33 6 23.666195809841156 89.2052112870883036 
3.36768017929769181 30 13 16 16 1 1 1 6 10 2 2.70999124060388841 5 27 4 2 6 10 3 26 13 12 31 11 15 22 1 16 15 2.70999124060388841 6 20 10 14 10 4 18 19 7 4 29 12 3.36768017929769181 4 11 9 9 2 17 16 1 5 12 7 6 3 9 15 33 6 28.3918266892433167 54.4795570097694295 
3.36768017929769181 30 13 16 16 1 1 1 6 10 2 2.70999124060388841 6 1 6 2 6 10 4 24 12 12 31 11 15 22 1 16 15 2.70999124060388841 6 20 10 14 10 4 18 19 7 4 29 12 3 30 12 9 9 2 17 16 1 5 12 7 6 3 9 15 33 6 24.0380377173423767 75.1020590520590332 
3.36768017929769181 30 13 16 16 1 1 1 6 10 2 2.70999124060388841 15 17 9 2 6 10 3 9 12 12 31 11 15 22 1 16 15 2.70999124060388841 6 20 10 2 28 2 18 19 7 4 29 12 3.36768017929769181 4 11 9 9 2 17 16 1 5 12 7 6 3 9 15 33 6 25.2829349040985107 72.2808605882135282 
3.36768017929769181 30 13 16 16 1 1 1 6 10 2 2.70999124060388841 2 25 5 2 6 10 14 30 3 12 31 11 15 22 1 16 15 2.70999124060388841 6 20 10 2 25 9 18 19 7 4 29 12 12 26 2.70999124060388841 9 9 2 17 16 1 5 12 7 6 3 9 15 33 6 21.6836718022823334 90.4467100467213214 
3.36768017929769181 30 13 16 16 1 1 1 6 10 2 2.70999124060388841 15 7 9 2 6 10 14 8 3 12 31 11 15 22 1 16 15 2.70999124060388841 6 20 10 10 5 13 18 19 7 4 29 12 5 18 4 9 9 2 17 16 1 5 12 7 6 3 9 15 33 6 23.5243039131164551 90.0339933356585789 
3.36768017929769181 30 13 16 16 1 1 1 6 10 2 2.70999124060388841 5 27 4 2 6 10 3.36768017929769181 24 8 12 31 11 15 22 1 16 15 2.70999124060388841 6 20 10 1 32 9 18 19 7 4 29 12 3.36768017929769181 4 11 9 9 2 17 16 1 5 12 7 6 3 9 15 33 6 25.876166820526123 58.8295485904365449 
3.36768017929769181 30 13 16 16 1 1 1 6 10 2 2.70999124060388841 6 21 10 2 6 10 9 8 12 12 31 11 15 22 1 16 15 2.70999124060388841 6 20 10 14 10 4 13 32 5 4 29 12 3.36768017929769181 30 11 9 9 2 17 16 1 5 12 7 6 3 9 15 33 6 24.5779818296432495 74.9937492233627552 
3.36768017929769181 30 13 16 16 1 1 1 6 10 2 2.70999124060388841 5 27 4 2 6 10 18 4 8 12 31 11 15 22 1 16 15 2.70999124060388841 6 20 10 14 10 4 18 19 7 4 29 12 3.36768017929769181 4 11 9 9 2 17 16 1 5 12 7 6 3 9 15 33 6 31.4724428653717041 53.7407724304414245 
3.36768017929769181 30 13 16 16 1 1 1 6 10 2 2.70999124060388841 5 27 4 2 6 10 3.36768017929769181 30 13 12 31 11 15 22 1 16 15 2.70999124060388841 6 20 10 14 10 4 18 19 7 4 29 12 3.36768017929769181 4 11 9 9 2 17 16 1 5 12 7 6 3 9 15 33 6 28.2707306742668152 56.137084149685073 
3.36768017929769181 30 13 16 16 1 1 1 6 10 2 2.70999124060388841 4 15 8 2 6 10 14 1 13 12 31 11 15 22 1 16 15 2.70999124060388841 6 20 10 1 32 9 18 19 7 4 29 12 3.36768017929769181 4 11 9 9 2 17 16 1 5 12 7 6 3 9 15 33 6 23.8314979076385498 83.727057279213696 
5 5.34074699537910114 6 1 22 10 12 16 7 9 6 13 10 30 11 16 26 11 12 20 6.96245171630185755 4.94126535182462057 15 11 6 9 5 16 26 11 2 2 9.82524131762891173 2 19 2 17 31.8448655754823804 4 6 30 10 3 26 6 8 6 8 14 24 11 11 14 2 1 3 7.75241283629571765 12 18 12 19.6921758651733398 170.468880538965664 
3.36768017929769181 30 13 16 16 1 1 1 6 10 2 2.70999124060388841 5 27 4 2 6 10 3.36768017929769181 30 6 12 31 11 15 22 1 16 15 2.70999124060388841 6 20 10 2 32 10 18 19 7 4 29 12 11 8 2 9 9 2 17 16 1 5 12 7 6 3 9 14 32 11 23.734701931476593 85.98576024742313 
14 2 11 10 31 8 2 30 3 4 5 6 16 25 2 4 1 4 14 6 7 12 31 4 3 28 7 1 26 9 7 24 2.70999124060388841 17 30 9 14 13 2 4 15 13 3 5 13 17 31 12 13 6 12 14 22 3 1 22 7 6 32 9 18.0919188857078552 176.359280777701827 
3.36768017929769181 30 13 16 16 1 1 1 6 10 2 2.70999124060388841 5 27 4 2 6 10 14 32 3 12 31 11 15 22 1 16 15 2.70999124060388841 6 20 10 14 3 9 18 19 7 4 29 12 3.36768017929769181 4 11 9 9 2 17 16 1 5 12 7 6 3 9 15 33 6 25.577570915222168 70.1296001458216836 
3.36768017929769181 30 13 16 16 1 1 1 6 10 2 2.70999124060388841 5 27 4 2 6 10 11 26 12 12 31 11 15 22 1 16 15 2.70999124060388841 6 20 10 14 10 4 18 19 7 4 29 12 3.36768017929769181 4 11 9 9 2 17 16 1 5 12 7 6 3 9 15 33 6 28.9255397319793701 54.3521928511563743 
3.36768017929769181 30 13 16 16 1 1 1 6 10 2 2.70999124060388841 3.36768017929769181 20 11 2 6 10 3 32 13 12 31 11 3 6 5 16 15 2.70999124060388841 6 20 10 4 3 9 18 19 7 4 29 12 1 24 1 9 9 2 17 16 1 5 12 7 6 3 9 15 33 6 21.4841359257698059 125.590883350955167 
3.36768017929769181 30 13 16 16 1 1 1 6 10 2 2.70999124060388841 15 13 7 2 6 10 3 1 8 12 31 11 15 22 1 16 15 2.70999124060388841 6 20 10 5 32 3 18 19 7 4 29 12 3.36768017929769181 4 11 9 9 2 17 16 1 5 12 7 6 3 9 15 33 6 24.9604419469833374 72.5980118600098194 
3.36768017929769181 30 13 16 16 1 1 1 6 10 2 2.70999124060388841 5 27 4 2 6 10 3.36768017929769181 26 8 12 31 11 15 22 1 16 15 2.70999124060388841 6 20 10 1 17 1 18 19 7 4 29 12 13 6 9 9 9 2 17 16 1 5 12 7 6 3 9 15 33 6 23.9355549216270447 81.6444549083390996 
3.36768017929769181 30 13 16 16 1 1 1 6 10 2 2.70999124060388841 6 13 7 2 6 10 11 26 13 12 31 11 15 22 1 16 15 2.70999124060388841 6 20 10 14 10 4 18 19 7 4 29 12 3.36768017929769181 4 11 9 9 2 17 16 1 5 12 7 6 3 9 15 33 6 27.1800708174705505 57.2476004450241547 
5 16 3 12 15 1 1 30 11 9 13 1 15 6 2.70999124060388841 14 15 11 17 26 8 18 24 7 17 12 12 1 1 4 13 1 10 14 2 7 10 13 13 5 16 10 9.25570237641795579 19 12 13 24 6 17 26 3.84646942076222631 15 32 7 16 14 13 14 5 2 20.0769672393798828 161.078437523948367 

Current Evaluation = 90000000(90000000)
Front Size = 37
2 5 5 6 31 2 12 28 3 13 26 8 3.36768017929769181 18 12 9 14 8 3 16.1354543567662532 13 13 3 9 14 32 1 10 24 6 6 31 10 4.94126535182462057 9 13 10 5 9 16 20 2 5 22 10 16 19 12 12 15 2 8 26 9 6 16 7 1 18 11 20.5460279583930969 159.838293483262504 
4 20 13 16 22 2 9 9 9 1 26 2.70999124060388841 2 31 10 12 1 13 1 33 13 2 16.1354543567662532 13 11 1 4 4.94126535182462057 26 4 12 9 9.82524131762891173 17.8244721320812971 30 2 15 15 9 14 12 13 17 31 13 3 3 4 12 33 3 2 1 7 18 2 9 2 3 13 20.6801577210426331 157.836922717805095 
2 14 4 3.36768017929769181 30 13 9.25570237641795579 2 5 18 26 12 17 24 3.84646942076222631 9 30 11 14 15 10 10 16 2 13.2195649013323386 9 5 4 25 13 2 32 3 1 14 4 1 2 8 12 22 9 17 30 7 14 15 9 13 16 8 3 12 6 6 6 8 16 13 11 19.4630837440490723 171.644671169903376 
3.36768017929769181 30 13 16 16 1 1 1 6 10 2 2.70999124060388841 5 27 4 2 6 10 12 14 2.70999124060388841 12 31 11 15 22 1 16 15 2.70999124060388841 6 20 10 1 6 5 18 19 7 4 29 12 3 30 11 9 9 2 17 16 1 5 12 7 6 3 9 15 33 6 23.71816086769104 88.7222716130245743 
3.36768017929769181 30 13 16 16 1 1 1 6 10 2 2.70999124060388841 12 31 9 2 6 10 18 4 8 12 31 11 15 22 1 16 15 2.70999124060388841 6 20 10 14 3 7 18 19 7 4 29 12 3.36768017929769181 30 8 9 9 2 17 16 1 5 12 7 6 3 9 15 33 6 24.8141180872917175 72.8934246397534338 
3.36768017929769181 30 13 16 16 1 1 1 6 10 2 2.70999124060388841 2 24 4 2 6 10 3.36768017929769181 25 3 12 31 11 15 22 1 16 15 2.70999124060388841 6 20 10 15 30 10 18 19 7 2 18 5 1 2 9 9 9 2 17 16 1 1 16 5 6 3 9 15 33 6 20.9939758777618408 144.612964108100158 
3.36768017929769181 30 13 16 16 1 1 1 6 10 2 2.70999124060388841 6 3 4 2 6 10 3 24 10 12 31 11 15 22 1 16 15 2.70999124060388841 6 20 10 14 5.34074699537910114 4 18 19 7 4 29 12 3.36768017929769181 4 11 9 9 2 17 16 1 5 12 7 6 3 9 15 33 6 23.9559259414672852 76.5332118365570437 
3.36768017929769181 30 13 16 16 1 1 1 6 10 2 2.70999124060388841 5 27 4 2 6 10 4 26 13 12 31 11 15 22 1 16 15 2.70999124060388841 6 20 10 14 32 6 18 19 7 4 29 12 3.36768017929769181 4 11 9 9 2 17 16 1 5 12 7 6 3 9 15 33 6 25.7937038540840149 65.0258216242670102 
3.36768017929769181 30 13 16 16 1 1 1 6 10 2 2.70999124060388841 5 27 4 2 6 10 9 26 9 12 31 11 15 22 1 16 15 2.70999124060388841 6 20 10 15 25 2.70999124060388841 18 19 7 4 29 12 12 31 11 9 9 2 17 16 1 5 12 7 6 3 9 15 33 6 23.8005807995796204 84.2917463689080506 
3.36768017929769181 30 13 16 16 1 1 1 6 10 2 2.70999124060388841 5 27 4 2 6 10 4 24 13 12 31 11 15 22 1 16 15 2.70999124060388841 6 20 10 14 10 4 18 19 7 4 29 12 3.36768017929769181 4 11 9 9 2 17 16 1 5 12 7 6 3 9 15 33 6 28.2741466760635376 55.3359621242821831 
16 31 11 4 24 8 14 22 5 17 30 2.70999124060388841 3 1 9 1 6 6.96245171630185755 15 19 2 4.94126535182462057 31 2 8 12 11 12 31 9.82524131762891173 4 6 1 14 25 10 6 6 13.151007650947605 8 1 4 9 15 7.75241283629571765 17 24 2 16 15 8 14 6 3 1 12 9 12 19 3 16.0863497257232666 188.502683202683215 
15 32 7 9 19 2.70999124060388841 6 16.1354543567662532 9 1 5 2 12 15 3 16 19 8 15 23 4 9 9 1 17 33 12 6 15 3 3 20 7 15 1 10 14 1 4 6 3 2 4.94126535182462057 2 11 6 3 12 12 2 13 9 14 9 13.2195649013323386 25 13.151007650947605 17 8 7 19.8879245519638062 163.297157872920138 
18 20 1 14 5.34074699537910114 3 2 26 1 9 30 12 1 22 9 2 32 7 9.25570237641795579 25 3 13 17 1 12 6 12 14 12 11 6 2 3 1 15 11 5 32 7 17 31 13 16 28 2 4 24 3.84646942076222631 12 6 7 9 30 9.82524131762891173 13 6 13.151007650947605 15 1 7 18.9510247111320496 172.412995827701707 
3.36768017929769181 30 13 16 16 1 1 1 6 10 2 2.70999124060388841 15 24 8 2 6 10 3.36768017929769181 8 13 12 31 11 15 22 1 16 15 2.70999124060388841 6 20 10 10 13 7 18 19 7 4 29 12 3.36768017929769181 4 11 9 9 2 17 16 1 5 12 7 6 3 9 15 33 6 25.3449269533157349 71.6897597379023779 
3.36768017929769181 30 13 16 16 1 1 1 6 10 2 2.70999124060388841 5 27 4 2 6 10 15 32 5 12 31 11 15 22 1 16 15 2.70999124060388841 6 20 10 1 32 6 18 19 7 4 29 12 3.36768017929769181 1 12 9 9 2 17 16 1 5 12 7 6 3 9 15 33 6 23.666195809841156 89.2052112870883036 
3.36768017929769181 30 13 16 16 1 1 1 6 10 2 2.70999124060388841 5 27 4 2 6 10 3 26 13 12 31 11 15 22 1 16 15 2.70999124060388841 6 20 10 14 10 4 18 19 7 4 29 12 3.36768017929769181 4 11 9 9 2 17 16 1 5 12 7 6 3 9 15 33 6 28.3918266892433167 54.4795570097694295 
3.36768017929769181 30 13 16 16 1 1 1 6 10 2 2.70999124060388841 6 1 6 2 6 10 4 24 12 12 31 11 15 22 1 16 15 2.70999124060388841 6 20 10 14 10 4 18 19 7 4 29 12 3 30 12 9 9 2 17 16 1 5 12 7 6 3 9 15 33 6 24.0380377173423767 75.1020590520590332 
3.36768017929769181 30 13 16 16 1 1 1 6 10 2 2.70999124060388841 15 17 9 2 6 10 3 9 12 12 31 11 15 22 1 16 15 2.70999124060388841 6 20 10 2 28 2 18 19 7 4 29 12 3.36768017929769181 4 11 9 9 2 17 16 1 5 12 7 6 3 9 15 33 6 25.2829349040985107 72.2808605882135282 
3.36768017929769181 30 13 16 16 1 1 1 6 10 2 2.70999124060388841 2 25 5 2 6 10 14 30 3 12 31 11 15 22 1 16 15 2.70999124060388841 6 20 10 2 25 9 18 19 7 4 29 12 12 26 2.70999124060388841 9 9 2 17 16 1 5 12 7 6 3 9 15 33 6 21.6836718022823334 90.4467100467213214 
3.36768017929769181 30 13 16 16 1 1 1 6 10 2 2.70999124060388841 15 7 9 2 6 10 14 8 3 12 31 11 15 22 1 16 15 2.70999124060388841 6 20 10 10 5 13 18 19 7 4 29 12 5 18 4 9 9 2 17 16 1 5 12 7 6 3 9 15 33 6 23.5243039131164551 90.0339933356585789 
3.36768017929769181 30 13 16 16 1 1 1 6 10 2 2.70999124060388841 5 27 4 2 6 10 3.36768017929769181 24 8 12 31 11 15 22 1 16 15 2.70999124060388841 6 20 10 1 32 9 18 19 7 4 29 12 3.36768017929769181 4 11 9 9 2 17 16 1 5 12 7 6 3 9 15 33 6 25.876166820526123 58.8295485904365449 
3.36768017929769181 30 13 16 16 1 1 1 6 10 2 2.70999124060388841 6 21 10 2 6 10 9 8 12 12 31 11 15 22 1 16 15 2.70999124060388841 6 20 10 14 10 4 13 32 5 4 29 12 3.36768017929769181 30 11 9 9 2 17 16 1 5 12 7 6 3 9 15 33 6 24.5779818296432495 74.9937492233627552 
3.36768017929769181 30 13 16 16 1 1 1 6 10 2 2.70999124060388841 5 27 4 2 6 10 18 4 8 12 31 11 15 22 1 16 15 2.70999124060388841 6 20 10 14 10 4 18 19 7 4 29 12 3.36768017929769181 4 11 9 9 2 17 16 1 5 12 7 6 3 9 15 33 6 31.4724428653717041 53.7407724304414245 
3.36768017929769181 30 13 16 16 1 1 1 6 10 2 2.70999124060388841 5 27 4 2 6 10 3.36768017929769181 30 13 12 31 11 15 22 1 16 15 2.70999124060388841 6 20 10 14 10 4 18 19 7 4 29 12 3.36768017929769181 4 11 9 9 2 17 16 1 5 12 7 6 3 9 15 33 6 28.2707306742668152 56.137084149685073 
3.36768017929769181 30 13 16 16 1 1 1 6 10 2 2.70999124060388841 4 15 8 2 6 10 14 1 13 12 31 11 15 22 1 16 15 2.70999124060388841 6 20 10 1 32 9 18 19 7 4 29 12 3.36768017929769181 4 11 9 9 2 17 16 1 5 12 7 6 3 9 15 33 6 23.8314979076385498 83.727057279213696 
5 5.34074699537910114 6 1 22 10 12 16 7 9 6 13 10 30 11 16 26 11 12 20 6.96245171630185755 4.94126535182462057 15 11 6 9 5 16 26 11 2 2 9.82524131762891173 2 19 2 17 31.8448655754823804 4 6 30 10 3 26 6 8 6 8 14 24 11 11 14 2 1 3 7.75241283629571765 12 18 12 19.6921758651733398 170.468880538965664 
3.36768017929769181 30 13 16 16 1 1 1 6 10 2 2.70999124060388841 5 27 4 2 6 10 3.36768017929769181 30 6 12 31 11 15 22 1 16 15 2.70999124060388841 6 20 10 2 32 10 18 19 7 4 29 12 11 8 2 9 9 2 17 16 1 5 12 7 6 3 9 14 32 11 23.734701931476593 85.98576024742313 
14 2 11 10 31 8 2 30 3 4 5 6 16 25 2 4 1 4 14 6 7 12 31 4 3 28 7 1 26 9 7 24 2.70999124060388841 17 30 9 14 13 2 4 15 13 3 5 13 17 31 12 13 6 12 14 22 3 1 22 7 6 32 9 18.0919188857078552 176.359280777701827 
3.36768017929769181 30 13 16 16 1 1 1 6 10 2 2.70999124060388841 5 27 4 2 6 10 14 32 3 12 31 11 15 22 1 16 15 2.70999124060388841 6 20 10 14 3 9 18 19 7 4 29 12 3.36768017929769181 4 11 9 9 2 17 16 1 5 12 7 6 3 9 15 33 6 25.577570915222168 70.1296001458216836 
3.36768017929769181 30 13 16 16 1 1 1 6 10 2 2.70999124060388841 5 27 4 2 6 10 11 26 12 12 31 11 15 22 1 16 15 2.70999124060388841 6 20 10 14 10 4 18 19 7 4 29 12 3.36768017929769181 4 11 9 9 2 17 16 1 5 12 7 6 3 9 15 33 6 28.9255397319793701 54.3521928511563743 
3.36768017929769181 30 13 16 16 1 1 1 6 10 2 2.70999124060388841 3.36768017929769181 20 11 2 6 10 3 32 13 12 31 11 3 6 5 16 15 2.70999124060388841 6 20 10 4 3 9 18 19 7 4 29 12 1 24 1 9 9 2 17 16 1 5 12 7 6 3 9 15 33 6 21.4841359257698059 125.590883350955167 
3.36768017929769181 30 13 16 16 1 1 1 6 10 2 2.70999124060388841 15 13 7 2 6 10 3 1 8 12 31 11 15 22 1 16 15 2.70999124060388841 6 20 10 5 32 3 18 19 7 4 29 12 3.36768017929769181 4 11 9 9 2 17 16 1 5 12 7 6 3 9 15 33 6 24.9604419469833374 72.5980118600098194 
3.36768017929769181 30 13 16 16 1 1 1 6 10 2 2.70999124060388841 5 27 4 2 6 10 3.36768017929769181 26 8 12 31 11 15 22 1 16 15 2.70999124060388841 6 20 10 1 17 1 18 19 7 4 29 12 13 6 9 9 9 2 17 16 1 5 12 7 6 3 9 15 33 6 23.9355549216270447 81.6444549083390996 
3.36768017929769181 30 13 16 16 1 1 1 6 10 2 2.70999124060388841 6 13 7 2 6 10 11 26 13 12 31 11 15 22 1 16 15 2.70999124060388841 6 20 10 14 10 4 18 19 7 4 29 12 3.36768017929769181 4 11 9 9 2 17 16 1 5 12 7 6 3 9 15 33 6 27.1800708174705505 57.2476004450241547 
5 16 3 12 15 1 1 30 11 9 13 1 15 6 2.70999124060388841 14 15 11 17 26 8 18 24 7 17 12 12 1 1 4 13 1 10 14 2 7 10 13 13 5 16 10 9.25570237641795579 19 12 13 24 6 17 26 3.84646942076222631 15 32 7 16 14 13 14 5 2 20.0769672393798828 161.078437523948367 
3.36768017929769181 30 13 16 16 1 1 1 6 10 2 2.70999124060388841 5 27 4 2 6 10 4 19 4 12 31 11 15 22 1 16 15 2.70999124060388841 6 20 10 1 13 11 18 19 7 4 29 12 14 32 6 9 9 2 17 16 1 5 12 7 6 3 9 15 33 6 23.8402278423309326 83.5835718815825857 
3.36768017929769181 30 13 16 16 1 1 1 6 10 2 2.70999124060388841 1 16 2 2 6 10 8 32 6 12 31 11 15 22 1 16 15 2.70999124060388841 6 20 10 8 3 10 18 19 7 4 29 12 1 30 5 9 9 2 17 16 1 5 12 7 6 3 9 3.36768017929769181 30 9 21.3451379537582397 129.49633081385511 

Current Evaluation = 100000000(100000000)
Front Size = 34
2 5 5 6 31 2 12 28 3 13 26 8 3.36768017929769181 18 12 9 14 8 3 16.1354543567662532 13 13 3 9 14 32 1 10 24 6 6 31 10 4.94126535182462057 9 13 10 5 9 16 20 2 5 22 10 16 19 12 12 15 2 8 26 9 6 16 7 1 18 11 20.5460279583930969 159.838293483262504 
4 20 13 16 22 2 9 9 9 1 26 2.70999124060388841 2 31 10 12 1 13 1 33 13 2 16.1354543567662532 13 11 1 4 4.94126535182462057 26 4 12 9 9.82524131762891173 17.8244721320812971 30 2 15 15 9 14 12 13 17 31 13 3 3 4 12 33 3 2 1 7 18 2 9 2 3 13 20.6801577210426331 157.836922717805095 
2 14 4 3.36768017929769181 30 13 9.25570237641795579 2 5 18 26 12 17 24 3.84646942076222631 9 30 11 14 15 10 10 16 2 13.2195649013323386 9 5 4 25 13 2 32 3 1 14 4 1 2 8 12 22 9 17 30 7 14 15 9 13 16 8 3 12 6 6 6 8 16 13 11 19.4630837440490723 171.644671169903376 
3.36768017929769181 30 13 16 16 1 1 1 6 10 2 2.70999124060388841 12 31 9 2 6 10 18 4 8 12 31 11 15 22 1 16 15 2.70999124060388841 6 20 10 14 3 7 18 19 7 4 29 12 3.36768017929769181 30 8 9 9 2 17 16 1 5 12 7 6 3 9 15 33 6 24.8141180872917175 72.8934246397534338 
3.36768017929769181 30 13 16 16 1 1 1 6 10 2 2.70999124060388841 2 24 4 2 6 10 3.36768017929769181 25 3 12 31 11 15 22 1 16 15 2.70999124060388841 6 20 10 15 30 10 18 19 7 2 18 5 1 2 9 9 9 2 17 16 1 1 16 5 6 3 9 15 33 6 20.9939758777618408 144.612964108100158 
3.36768017929769181 30 13 16 16 1 1 1 6 10 2 2.70999124060388841 6 3 4 2 6 10 3 24 10 12 31 11 15 22 1 16 15 2.70999124060388841 6 20 10 14 5.34074699537910114 4 18 19 7 4 29 12 3.36768017929769181 4 11 9 9 2 17 16 1 5 12 7 6 3 9 15 33 6 23.9559259414672852 76.5332118365570437 
3.36768017929769181 30 13 16 16 1 1 1 6 10 2 2.70999124060388841 5 27 4 2 6 10 4 26 13 12 31 11 15 22 1 16 15 2.70999124060388841 6 20 10 14 32 6 18 19 7 4 29 12 3.36768017929769181 4 11 9 9 2 17 16 1 5 12 7 6 3 9 15 33 6 25.7937038540840149 65.0258216242670102 
3.36768017929769181 30 13 16 16 1 1 1 6 10 2 2.70999124060388841 5 27 4 2 6 10 9 26 9 12 31 11 15 22 1 16 15 2.70999124060388841 6 20 10 15 25 2.70999124060388841 18 19 7 4 29 12 12 31 11 9 9 2 17 16 1 5 12 7 6 3 9 15 33 6 23.8005807995796204 84.2917463689080506 
16 31 11 4 24 8 14 22 5 17 30 2.70999124060388841 3 1 9 1 6 6.96245171630185755 15 19 2 4.94126535182462057 31 2 8 12 11 12 31 9.82524131762891173 4 6 1 14 25 10 6 6 13.151007650947605 8 1 4 9 15 7.75241283629571765 17 24 2 16 15 8 14 6 3 1 12 9 12 19 3 16.0863497257232666 188.502683202683215 
15 32 7 9 19 2.70999124060388841 6 16.1354543567662532 9 1 5 2 12 15 3 16 19 8 15 23 4 9 9 1 17 33 12 6 15 3 3 20 7 15 1 10 14 1 4 6 3 2 4.94126535182462057 2 11 6 3 12 12 2 13 9 14 9 13.2195649013323386 25 13.151007650947605 17 8 7 19.8879245519638062 163.297157872920138 
18 20 1 14 5.34074699537910114 3 2 26 1 9 30 12 1 22 9 2 32 7 9.25570237641795579 25 3 13 17 1 12 6 12 14 12 11 6 2 3 1 15 11 5 32 7 17 31 13 16 28 2 4 24 3.84646942076222631 12 6 7 9 30 9.82524131762891173 13 6 13.151007650947605 15 1 7 18.9510247111320496 172.412995827701707 
3.36768017929769181 30 13 16 16 1 1 1 6 10 2 2.70999124060388841 15 24 8 2 6 10 3.36768017929769181 8 13 12 31 11 15 22 1 16 15 2.70999124060388841 6 20 10 10 13 7 18 19 7 4 29 12 3.36768017929769181 4 11 9 9 2 17 16 1 5 12 7 6 3 9 15 33 6 25.3449269533157349 71.6897597379023779 
3.36768017929769181 30 13 16 16 1 1 1 6 10 2 2.70999124060388841 5 27 4 2 6 10 3 26 13 12 31 11 15 22 1 16 15 2.70999124060388841 6 20 10 14 10 4 18 19 7 4 29 12 3.36768017929769181 4 11 9 9 2 17 16 1 5 12 7 6 3 9 15 33 6 28.3918266892433167 54.4795570097694295 
3.36768017929769181 30 13 16 16 1 1 1 6 10 2 2.70999124060388841 6 1 6 2 6 10 4 24 12 12 31 11 15 22 1 16 15 2.70999124060388841 6 20 10 14 10 4 18 19 7 4 29 12 3 30 12 9 9 2 17 16 1 5 12 7 6 3 9 15 33 6 24.0380377173423767 75.1020590520590332 
3.36768017929769181 30 13 16 16 1 1 1 6 10 2 2.70999124060388841 15 17 9 2 6 10 3 9 12 12 31 11 15 22 1 16 15 2.70999124060388841 6 20 10 2 28 2 18 19 7 4 29 12 3.36768017929769181 4 11 9 9 2 17 16 1 5 12 7 6 3 9 15 33 6 25.2829349040985107 72.2808605882135282 
3.36768017929769181 30 13 16 16 1 1 1 6 10 2 2.70999124060388841 2 25 5 2 6 10 14 30 3 12 31 11 15 22 1 16 15 2.70999124060388841 6 20 10 2 25 9 18 19 7 4 29 12 12 26 2.70999124060388841 9 9 2 17 16 1 5 12 7 6 3 9 15 33 6 21.6836718022823334 90.4467100467213214 
3.36768017929769181 30 13 16 16 1 1 1 6 10 2 2.70999124060388841 5 27 4 2 6 10 3.36768017929769181 24 8 12 31 11 15 22 1 16 15 2.70999124060388841 6 20 10 1 32 9 18 19 7 4 29 12 3.36768017929769181 4 11 9 9 2 17 16 1 5 12 7 6 3 9 15 33 6 25.876166820526123 58.8295485904365449 
3.36768017929769181 30 13 16 16 1 1 1 6 10 2 2.70999124060388841 6 21 10 2 6 10 9 8 12 12 31 11 15 22 1 16 15 2.70999124060388841 6 20 10 14 10 4 13 32 5 4 29 12 3.36768017929769181 30 11 9 9 2 17 16 1 5 12 7 6 3 9 15 33 6 24.5779818296432495 74.9937492233627552 
3.36768017929769181 30 13 16 16 1 1 1 6 10 2 2.70999124060388841 5 27 4 2 6 10 18 4 8 12 31 11 15 22 1 16 15 2.70999124060388841 6 20 10 14 10 4 18 19 7 4 29 12 3.36768017929769181 4 11 9 9 2 17 16 1 5 12 7 6 3 9 15 33 6 31.4724428653717041 53.7407724304414245 
3.36768017929769181 30 13 16 16 1 1 1 6 10 2 2.70999124060388841 4 15 8 2 6 10 14 1 13 12 31 11 15 22 1 16 15 2.70999124060388841 6 20 10 1 32 9 18 19 7 4 29 12 3.36768017929769181 4 11 9 9 2 17 16 1 5 12 7 6 3 9 15 33 6 23.8314979076385498 83.727057279213696 
5 5.34074699537910114 6 1 22 10 12 16 7 9 6 13 10 30 11 16 26 11 12 20 6.96245171630185755 4.94126535182462057 15 11 6 9 5 16 26 11 2 2 9.82524131762891173 2 19 2 17 31.8448655754823804 4 6 30 10 3 26 6 8 6 8 14 24 11 11 14 2 1 3 7.75241283629571765 12 18 12 19.6921758651733398 170.468880538965664 
3.36768017929769181 30 13 16 16 1 1 1 6 10 2 2.70999124060388841 5 27 4 2 6 10 3.36768017929769181 30 6 12 31 11 15 22 1 16 15 2.70999124060388841 6 20 10 2 32 10 18 19 7 4 29 12 11 8 2 9 9 2 17 16 1 5 12 7 6 3 9 14 32 11 23.734701931476593 85.98576024742313 
14 2 11 10 31 8 2 30 3 4 5 6 16 25 2 4 1 4 14 6 7 12 31 4 3 28 7 1 26 9 7 24 2.70999124060388841 17 30 9 14 13 2 4 15 13 3 5 13 17 31 12 13 6 12 14 22 3 1 22 7 6 32 9 18.0919188857078552 176.359280777701827 
3.36768017929769181 30 13 16 16 1 1 1 6 10 2 2.70999124060388841 5 27 4 2 6 10 11 26 12 12 31 11 15 22 1 16 15 2.70999124060388841 6 20 10 14 10 4 18 19 7 4 29 12 3.36768017929769181 4 11 9 9 2 17 16 1 5 12 7 6 3 9 15 33 6 28.9255397319793701 54.3521928511563743 
3.36768017929769181 30 13 16 16 1 1 1 6 10 2 2.70999124060388841 3.36768017929769181 20 11 2 6 10 3 32 13 12 31 11 3 6 5 16 15 2.70999124060388841 6 20 10 4 3 9 18 19 7 4 29 12 1 24 1 9 9 2 17 16 1 5 12 7 6 3 9 15 33 6 21.4841359257698059 125.590883350955167 
3.36768017929769181 30 13 16 16 1 1 1 6 10 2 2.70999124060388841 15 13 7 2 6 10 3 1 8 12 31 11 15 22 1 16 15 2.70999124060388841 6 20 10 5 32 3 18 19 7 4 29 12 3.36768017929769181 4 11 9 9 2 17 16 1 5 12 7 6 3 9 15 33 6 24.9604419469833374 72.5980118600098194 
3.36768017929769181 30 13 16 16 1 1 1 6 10 2 2.70999124060388841 5 27 4 2 6 10 3.36768017929769181 26 8 12 31 11 15 22 1 16 15 2.70999124060388841 6 20 10 1 17 1 18 19 7 4 29 12 13 6 9 9 9 2 17 16 1 5 12 7 6 3 9 15 33 6 23.9355549216270447 81.6444549083390996 
3.36768017929769181 30 13 16 16 1 1 1 6 10 2 2.70999124060388841 6 13 7 2 6 10 11 26 13 12 31 11 15 22 1 16 15 2.70999124060388841 6 20 10 14 10 4 18 19 7 4 29 12 3.36768017929769181 4 11 9 9 2 17 16 1 5 12 7 6 3 9 15 33 6 27.1800708174705505 57.2476004450241547 
5 16 3 12 15 1 1 30 11 9 13 1 15 6 2.70999124060388841 14 15 11 17 26 8 18 24 7 17 12 12 1 1 4 13 1 10 14 2 7 10 13 13 5 16 10 9.25570237641795579 19 12 13 24 6 17 26 3.84646942076222631 15 32 7 16 14 13 14 5 2 20.0769672393798828 161.078437523948367 
3.36768017929769181 30 13 16 16 1 1 1 6 10 2 2.70999124060388841 5 27 4 2 6 10 4 19 4 12 31 11 15 22 1 16 15 2.70999124060388841 6 20 10 1 13 11 18 19 7 4 29 12 14 32 6 9 9 2 17 16 1 5 12 7 6 3 9 15 33 6 23.8402278423309326 83.5835718815825857 
3.36768017929769181 30 13 16 16 1 1 1 6 10 2 2.70999124060388841 1 16 2 2 6 10 8 32 6 12 31 11 15 22 1 16 15 2.70999124060388841 6 20 10 8 3 10 18 19 7 4 29 12 1 30 5 9 9 2 17 16 1 5 12 7 6 3 9 3.36768017929769181 30 9 21.3451379537582397 129.49633081385511 
3.36768017929769181 30 13 16 16 1 1 1 6 10 2 2.70999124060388841 18 24 9 2 6 10 11 18 8 12 31 11 15 22 1 16 15 2.70999124060388841 6 20 10 14 10 4 18 19 7 4 29 12 3.36768017929769181 4 11 9 9 2 17 16 1 5 12 7 6 3 9 15 33 6 27.9588127136230469 54.9872843884658167 
3.36768017929769181 30 13 16 16 1 1 1 6 10 2 2.70999124060388841 5 27 4 2 6 10 3.36768017929769181 30 13 12 31 11 15 22 1 16 15 2.70999124060388841 6 20 10 6 12 4 18 19 7 4 29 12 14 32 11 9 9 2 17 16 1 5 12 7 6 3 9 15 33 6 23.2129018902778625 86.5352409258926656 
3.36768017929769181 30 13 16 16 1 1 1 6 10 2 2.70999124060388841 12 13 8 2 6 10 4 26 13 12 31 11 15 22 1 16 15 2.70999124060388841 6 20 10 10 17 6 18 19 7 4 29 12 3.36768017929769181 4 11 9 9 2 17 16 1 5 12 7 6 3 9 15 33 6 25.4410229325294495 69.7915646826503746 

MOEA/D: Multiobjective Evolutionary Algorithm Based on Decomposition
Number of Evaluations = 100000000
Mutation Probability = 0.0500000007450580597
Population Size = 80
Neighborhood size = 32
Seed: 13

Time =  67279.7834719999955

Current Evaluation = 100000000
Front Size = 34
2 5 5 6 31 2 12 28 3 13 26 8 3.36768017929769181 18 12 9 14 8 3 16.1354543567662532 13 13 3 9 14 32 1 10 24 6 6 31 10 4.94126535182462057 9 13 10 5 9 16 20 2 5 22 10 16 19 12 12 15 2 8 26 9 6 16 7 1 18 11 20.5460279583930969 159.838293483262504 
4 20 13 16 22 2 9 9 9 1 26 2.70999124060388841 2 31 10 12 1 13 1 33 13 2 16.1354543567662532 13 11 1 4 4.94126535182462057 26 4 12 9 9.82524131762891173 17.8244721320812971 30 2 15 15 9 14 12 13 17 31 13 3 3 4 12 33 3 2 1 7 18 2 9 2 3 13 20.6801577210426331 157.836922717805095 
2 14 4 3.36768017929769181 30 13 9.25570237641795579 2 5 18 26 12 17 24 3.84646942076222631 9 30 11 14 15 10 10 16 2 13.2195649013323386 9 5 4 25 13 2 32 3 1 14 4 1 2 8 12 22 9 17 30 7 14 15 9 13 16 8 3 12 6 6 6 8 16 13 11 19.4630837440490723 171.644671169903376 
3.36768017929769181 30 13 16 16 1 1 1 6 10 2 2.70999124060388841 12 31 9 2 6 10 18 4 8 12 31 11 15 22 1 16 15 2.70999124060388841 6 20 10 14 3 7 18 19 7 4 29 12 3.36768017929769181 30 8 9 9 2 17 16 1 5 12 7 6 3 9 15 33 6 24.8141180872917175 72.8934246397534338 
3.36768017929769181 30 13 16 16 1 1 1 6 10 2 2.70999124060388841 2 24 4 2 6 10 3.36768017929769181 25 3 12 31 11 15 22 1 16 15 2.70999124060388841 6 20 10 15 30 10 18 19 7 2 18 5 1 2 9 9 9 2 17 16 1 1 16 5 6 3 9 15 33 6 20.9939758777618408 144.612964108100158 
3.36768017929769181 30 13 16 16 1 1 1 6 10 2 2.70999124060388841 6 3 4 2 6 10 3 24 10 12 31 11 15 22 1 16 15 2.70999124060388841 6 20 10 14 5.34074699537910114 4 18 19 7 4 29 12 3.36768017929769181 4 11 9 9 2 17 16 1 5 12 7 6 3 9 15 33 6 23.9559259414672852 76.5332118365570437 
3.36768017929769181 30 13 16 16 1 1 1 6 10 2 2.70999124060388841 5 27 4 2 6 10 4 26 13 12 31 11 15 22 1 16 15 2.70999124060388841 6 20 10 14 32 6 18 19 7 4 29 12 3.36768017929769181 4 11 9 9 2 17 16 1 5 12 7 6 3 9 15 33 6 25.7937038540840149 65.0258216242670102 
3.36768017929769181 30 13 16 16 1 1 1 6 10 2 2.70999124060388841 5 27 4 2 6 10 9 26 9 12 31 11 15 22 1 16 15 2.70999124060388841 6 20 10 15 25 2.70999124060388841 18 19 7 4 29 12 12 31 11 9 9 2 17 16 1 5 12 7 6 3 9 15 33 6 23.8005807995796204 84.2917463689080506 
16 31 11 4 24 8 14 22 5 17 30 2.70999124060388841 3 1 9 1 6 6.96245171630185755 15 19 2 4.94126535182462057 31 2 8 12 11 12 31 9.82524131762891173 4 6 1 14 25 10 6 6 13.151007650947605 8 1 4 9 15 7.75241283629571765 17 24 2 16 15 8 14 6 3 1 12 9 12 19 3 16.0863497257232666 188.502683202683215 
15 32 7 9 19 2.70999124060388841 6 16.1354543567662532 9 1 5 2 12 15 3 16 19 8 15 23 4 9 9 1 17 33 12 6 15 3 3 20 7 15 1 10 14 1 4 6 3 2 4.94126535182462057 2 11 6 3 12 12 2 13 9 14 9 13.2195649013323386 25 13.151007650947605 17 8 7 19.8879245519638062 163.297157872920138 
18 20 1 14 5.34074699537910114 3 2 26 1 9 30 12 1 22 9 2 32 7 9.25570237641795579 25 3 13 17 1 12 6 12 14 12 11 6 2 3 1 15 11 5 32 7 17 31 13 16 28 2 4 24 3.84646942076222631 12 6 7 9 30 9.82524131762891173 13 6 13.151007650947605 15 1 7 18.9510247111320496 172.412995827701707 
3.36768017929769181 30 13 16 16 1 1 1 6 10 2 2.70999124060388841 15 24 8 2 6 10 3.36768017929769181 8 13 12 31 11 15 22 1 16 15 2.70999124060388841 6 20 10 10 13 7 18 19 7 4 29 12 3.36768017929769181 4 11 9 9 2 17 16 1 5 12 7 6 3 9 15 33 6 25.3449269533157349 71.6897597379023779 
3.36768017929769181 30 13 16 16 1 1 1 6 10 2 2.70999124060388841 5 27 4 2 6 10 3 26 13 12 31 11 15 22 1 16 15 2.70999124060388841 6 20 10 14 10 4 18 19 7 4 29 12 3.36768017929769181 4 11 9 9 2 17 16 1 5 12 7 6 3 9 15 33 6 28.3918266892433167 54.4795570097694295 
3.36768017929769181 30 13 16 16 1 1 1 6 10 2 2.70999124060388841 6 1 6 2 6 10 4 24 12 12 31 11 15 22 1 16 15 2.70999124060388841 6 20 10 14 10 4 18 19 7 4 29 12 3 30 12 9 9 2 17 16 1 5 12 7 6 3 9 15 33 6 24.0380377173423767 75.1020590520590332 
3.36768017929769181 30 13 16 16 1 1 1 6 10 2 2.70999124060388841 15 17 9 2 6 10 3 9 12 12 31 11 15 22 1 16 15 2.70999124060388841 6 20 10 2 28 2 18 19 7 4 29 12 3.36768017929769181 4 11 9 9 2 17 16 1 5 12 7 6 3 9 15 33 6 25.2829349040985107 72.2808605882135282 
3.36768017929769181 30 13 16 16 1 1 1 6 10 2 2.70999124060388841 2 25 5 2 6 10 14 30 3 12 31 11 15 22 1 16 15 2.70999124060388841 6 20 10 2 25 9 18 19 7 4 29 12 12 26 2.70999124060388841 9 9 2 17 16 1 5 12 7 6 3 9 15 33 6 21.6836718022823334 90.4467100467213214 
3.36768017929769181 30 13 16 16 1 1 1 6 10 2 2.70999124060388841 5 27 4 2 6 10 3.36768017929769181 24 8 12 31 11 15 22 1 16 15 2.70999124060388841 6 20 10 1 32 9 18 19 7 4 29 12 3.36768017929769181 4 11 9 9 2 17 16 1 5 12 7 6 3 9 15 33 6 25.876166820526123 58.8295485904365449 
3.36768017929769181 30 13 16 16 1 1 1 6 10 2 2.70999124060388841 6 21 10 2 6 10 9 8 12 12 31 11 15 22 1 16 15 2.70999124060388841 6 20 10 14 10 4 13 32 5 4 29 12 3.36768017929769181 30 11 9 9 2 17 16 1 5 12 7 6 3 9 15 33 6 24.5779818296432495 74.9937492233627552 
3.36768017929769181 30 13 16 16 1 1 1 6 10 2 2.70999124060388841 5 27 4 2 6 10 18 4 8 12 31 11 15 22 1 16 15 2.70999124060388841 6 20 10 14 10 4 18 19 7 4 29 12 3.36768017929769181 4 11 9 9 2 17 16 1 5 12 7 6 3 9 15 33 6 31.4724428653717041 53.7407724304414245 
3.36768017929769181 30 13 16 16 1 1 1 6 10 2 2.70999124060388841 4 15 8 2 6 10 14 1 13 12 31 11 15 22 1 16 15 2.70999124060388841 6 20 10 1 32 9 18 19 7 4 29 12 3.36768017929769181 4 11 9 9 2 17 16 1 5 12 7 6 3 9 15 33 6 23.8314979076385498 83.727057279213696 
5 5.34074699537910114 6 1 22 10 12 16 7 9 6 13 10 30 11 16 26 11 12 20 6.96245171630185755 4.94126535182462057 15 11 6 9 5 16 26 11 2 2 9.82524131762891173 2 19 2 17 31.8448655754823804 4 6 30 10 3 26 6 8 6 8 14 24 11 11 14 2 1 3 7.75241283629571765 12 18 12 19.6921758651733398 170.468880538965664 
3.36768017929769181 30 13 16 16 1 1 1 6 10 2 2.70999124060388841 5 27 4 2 6 10 3.36768017929769181 30 6 12 31 11 15 22 1 16 15 2.70999124060388841 6 20 10 2 32 10 18 19 7 4 29 12 11 8 2 9 9 2 17 16 1 5 12 7 6 3 9 14 32 11 23.734701931476593 85.98576024742313 
14 2 11 10 31 8 2 30 3 4 5 6 16 25 2 4 1 4 14 6 7 12 31 4 3 28 7 1 26 9 7 24 2.70999124060388841 17 30 9 14 13 2 4 15 13 3 5 13 17 31 12 13 6 12 14 22 3 1 22 7 6 32 9 18.0919188857078552 176.359280777701827 
3.36768017929769181 30 13 16 16 1 1 1 6 10 2 2.70999124060388841 5 27 4 2 6 10 11 26 12 12 31 11 15 22 1 16 15 2.70999124060388841 6 20 10 14 10 4 18 19 7 4 29 12 3.36768017929769181 4 11 9 9 2 17 16 1 5 12 7 6 3 9 15 33 6 28.9255397319793701 54.3521928511563743 
3.36768017929769181 30 13 16 16 1 1 1 6 10 2 2.70999124060388841 3.36768017929769181 20 11 2 6 10 3 32 13 12 31 11 3 6 5 16 15 2.70999124060388841 6 20 10 4 3 9 18 19 7 4 29 12 1 24 1 9 9 2 17 16 1 5 12 7 6 3 9 15 33 6 21.4841359257698059 125.590883350955167 
3.36768017929769181 30 13 16 16 1 1 1 6 10 2 2.70999124060388841 15 13 7 2 6 10 3 1 8 12 31 11 15 22 1 16 15 2.70999124060388841 6 20 10 5 32 3 18 19 7 4 29 12 3.36768017929769181 4 11 9 9 2 17 16 1 5 12 7 6 3 9 15 33 6 24.9604419469833374 72.5980118600098194 
3.36768017929769181 30 13 16 16 1 1 1 6 10 2 2.70999124060388841 5 27 4 2 6 10 3.36768017929769181 26 8 12 31 11 15 22 1 16 15 2.70999124060388841 6 20 10 1 17 1 18 19 7 4 29 12 13 6 9 9 9 2 17 16 1 5 12 7 6 3 9 15 33 6 23.9355549216270447 81.6444549083390996 
3.36768017929769181 30 13 16 16 1 1 1 6 10 2 2.70999124060388841 6 13 7 2 6 10 11 26 13 12 31 11 15 22 1 16 15 2.70999124060388841 6 20 10 14 10 4 18 19 7 4 29 12 3.36768017929769181 4 11 9 9 2 17 16 1 5 12 7 6 3 9 15 33 6 27.1800708174705505 57.2476004450241547 
5 16 3 12 15 1 1 30 11 9 13 1 15 6 2.70999124060388841 14 15 11 17 26 8 18 24 7 17 12 12 1 1 4 13 1 10 14 2 7 10 13 13 5 16 10 9.25570237641795579 19 12 13 24 6 17 26 3.84646942076222631 15 32 7 16 14 13 14 5 2 20.0769672393798828 161.078437523948367 
3.36768017929769181 30 13 16 16 1 1 1 6 10 2 2.70999124060388841 5 27 4 2 6 10 4 19 4 12 31 11 15 22 1 16 15 2.70999124060388841 6 20 10 1 13 11 18 19 7 4 29 12 14 32 6 9 9 2 17 16 1 5 12 7 6 3 9 15 33 6 23.8402278423309326 83.5835718815825857 
3.36768017929769181 30 13 16 16 1 1 1 6 10 2 2.70999124060388841 1 16 2 2 6 10 8 32 6 12 31 11 15 22 1 16 15 2.70999124060388841 6 20 10 8 3 10 18 19 7 4 29 12 1 30 5 9 9 2 17 16 1 5 12 7 6 3 9 3.36768017929769181 30 9 21.3451379537582397 129.49633081385511 
3.36768017929769181 30 13 16 16 1 1 1 6 10 2 2.70999124060388841 18 24 9 2 6 10 11 18 8 12 31 11 15 22 1 16 15 2.70999124060388841 6 20 10 14 10 4 18 19 7 4 29 12 3.36768017929769181 4 11 9 9 2 17 16 1 5 12 7 6 3 9 15 33 6 27.9588127136230469 54.9872843884658167 
3.36768017929769181 30 13 16 16 1 1 1 6 10 2 2.70999124060388841 5 27 4 2 6 10 3.36768017929769181 30 13 12 31 11 15 22 1 16 15 2.70999124060388841 6 20 10 6 12 4 18 19 7 4 29 12 14 32 11 9 9 2 17 16 1 5 12 7 6 3 9 15 33 6 23.2129018902778625 86.5352409258926656 
3.36768017929769181 30 13 16 16 1 1 1 6 10 2 2.70999124060388841 12 13 8 2 6 10 4 26 13 12 31 11 15 22 1 16 15 2.70999124060388841 6 20 10 10 17 6 18 19 7 4 29 12 3.36768017929769181 4 11 9 9 2 17 16 1 5 12 7 6 3 9 15 33 6 25.4410229325294495 69.7915646826503746 

