Current Evaluation = 10000000(10000080)
Front Size = 31
2 31 7 12 2 2 1 8 10 10 6 8 15 24 1 3 1 7 1 20 10 16 12 4 2 2 11 10 22 3 13 6 12 1 8 12 17 25 13 4 26 13 8 19 9 2 1 4 16 31 9 9 1 5 2 26 11 3.36768017929769181 12 1 19.5615265965461731 180.49992580518898 
2 6 8 17 15 2 16 3 9 15 2 2.70999124060388841 14 14 8 3 31 3 5 8 7 5 32 8 10 6 12 13 12 12 12 2 8 6 32 6.96245171630185755 3 30 11 9 9 5 6 1 7 2 25 8 16 28 9 15 30 7 13 26 9 1 31 12 19.3408958315849304 196.108290883523068 
14 6 3 6 28 4 15 3 6 16 30 2.70999124060388841 4 16 12 3 15 8 12 5 12 14 24 10 2 23 3 18 1 4 9 33 12 10 16.1354543567662532 1 16 9 2.70999124060388841 6 22 13 1 32 10 2 17 3 18 26 9 13 24 6 3 16 2 17 2 12 22.4993801712989807 79.4241854697027065 
1 12 9 6 28 4 1 20 5 16 30 2.70999124060388841 4 16 12 3 15 8 12 5 12 14 24 10 2 23 3 18 1 4 17 30 2.70999124060388841 13 32 6.96245171630185755 16 9 2.70999124060388841 6 22 13 1 32 10 2 17 3 11 7 4 4.94126535182462057 9 11 3 16 2 17 2 12 20.5448250770568848 113.736455055962637 
18 8 2 6 28 4 15 3 6 16 30 2.70999124060388841 4 16 12 3 15 8 12 5 12 14 24 10 2 23 3 18 1 4 3 18 2.70999124060388841 10 16.1354543567662532 1 16 9 2.70999124060388841 6 22 13 1 32 10 2 17 3 18 26 9 1 15 3 3 16 2 17 2 12 23.4263380765914917 75.860083569858844 
14 6 3 6 28 4 15 3 6 16 30 2.70999124060388841 4 16 12 3 15 8 12 5 12 14 24 10 2 23 3 18 1 4 9 33 12 10 16.1354543567662532 1 16 9 2.70999124060388841 6 22 13 1 32 10 2 17 3 18 26 9 12 15 4 3 16 2 17 2 12 22.608782172203064 78.293651410318077 
14 20 2 6 28 4 15 3 6 16 30 2.70999124060388841 4 16 12 3 15 8 12 5 12 14 24 10 2 23 3 18 1 4 9 33 12 10 16.1354543567662532 1 16 9 2.70999124060388841 6 22 13 1 32 10 2 17 3 18 26 9 13 15 5 3 16 2 17 2 12 22.5203391909599304 78.8164745005332747 
14 15 2 3 5 11 8 30 12 1 22 6 15 19 9 8 18 9 15 12 4 10 29 11 9 16 8 16 15 13 14 25 4 3.36768017929769181 28 3 15 19 6 9.25570237641795579 7 2 1 26 7 12 15 13 14 9 1 14 12 9 6 22 7 3 2 10 20.3919478952884674 180.099759064464934 
1 1 9 6 28 4 15 3 6 16 30 2.70999124060388841 4 16 12 3 15 8 12 5 12 14 24 10 2 23 3 18 1 4 9 2 2.70999124060388841 10 16.1354543567662532 1 16 9 2.70999124060388841 6 22 13 1 32 10 2 17 3 18 26 9 15 32 12 3 16 2 17 2 12 22.190014123916626 84.9005633255633256 
8 16 11 11 25 7 3 12 8 12 30 7 2 1 2 3.36768017929769181 18 13 6 15 2 15 25 5 12 1 6.96245171630185755 1 24 7 10 24 4 17 20 7 6 22 1 3 15 3.84646942076222631 3 1 5 14 15 7 4 6 5 13 26 12 13.2195649013323386 1 9 14 12 8 17.4958978295326233 217.23032818425196 
12 9 13 6 28 4 15 3 6 16 30 2.70999124060388841 4 16 12 3 15 8 12 5 12 14 24 10 2 23 3 18 1 4 9 33 12 10 16.1354543567662532 1 16 9 2.70999124060388841 6 22 13 1 32 10 2 17 3 1 6 5 12 30 7 3 16 2 17 2 12 22.0514901876449585 91.9160117099789602 
1 12 6 6 28 4 15 3 6 16 30 2.70999124060388841 4 16 12 3 15 8 12 5 12 14 24 10 2 23 3 18 1 4 9 33 12 12 15 4 16 9 2.70999124060388841 6 22 13 1 32 10 2 17 3 18 26 9 14 6 7 3 16 2 17 2 12 21.5585981011390686 96.2843230793519922 
18 8 2 6 28 4 15 3 6 16 30 2.70999124060388841 4 16 12 3 15 8 12 5 12 14 24 10 2 23 3 18 1 4 9 33 12 10 16.1354543567662532 1 16 9 2.70999124060388841 6 22 13 1 32 10 2 17 3 18 26 9 4 4 1 3 16 2 17 2 12 26.5026161670684814 63.4626037043914195 
16 19 11 17 18 5 9 22 8 15 30 1 3 12 5 3 26 8 15 19 2 1 20 10 2 30 1 4 16 8 14 8 13 17 6 2 16 29 2 14 24 1 12 5 9 11 19 9 9 25 12 2 16 2 1 5.34074699537910114 9 14 22 13 20.5012654066085815 178.361434308725336 
18 8 2 6 28 4 15 3 6 16 30 2.70999124060388841 4 16 12 3 15 8 12 5 12 14 24 10 2 23 3 18 1 4 11 31 2.70999124060388841 10 16.1354543567662532 1 16 9 2.70999124060388841 6 22 13 1 32 10 2 17 3 18 26 9 4 4 1 3 16 2 17 2 12 26.1047830581665039 64.6982418316043209 
1 25 9 6 28 4 15 3 6 16 30 2.70999124060388841 4 16 12 3 15 8 12 5 12 14 24 10 2 23 3 18 1 4 9 33 12 10 16.1354543567662532 1 16 9 2.70999124060388841 6 22 13 1 32 10 2 17 3 18 26 9 1 6 5 14 3 2 17 2 12 22.1209542155265808 86.0776618870447265 
1 18 2.70999124060388841 6 28 4 15 3 6 16 30 2.70999124060388841 4 16 12 3 15 8 12 5 12 14 24 10 2 23 3 18 1 4 15 6 9 10 16.1354543567662532 1 16 9 2.70999124060388841 6 22 13 1 32 10 2 17 3 18 26 9 3 12 3 3 16 2 17 2 12 21.8443731069564819 95.2741727264983069 
18 8 2 14 1 10 15 3 6 16 30 2.70999124060388841 4 16 12 3 15 8 12 5 12 14 24 10 2 23 3 18 1 4 9 33 12 10 16.1354543567662532 1 16 9 2.70999124060388841 6 22 13 1 32 10 2 17 3 18 26 9 4 24 6 3 16 2 17 2 12 23.509752094745636 71.8028352565904981 
1 5 3 6 28 4 15 3 6 16 30 2.70999124060388841 4 16 12 3 15 8 12 5 12 14 24 10 2 23 3 18 1 4 9 33 12 10 16.1354543567662532 1 16 9 2.70999124060388841 6 22 13 1 32 10 2 17 3 18 26 9 4 3 6 3 16 2 17 2 12 23.241854190826416 76.3418763169970731 
18 8 2 6 28 4 15 3 6 16 30 2.70999124060388841 4 16 12 3 15 8 12 5 12 14 24 10 2 23 3 18 1 4 9 33 12 10 16.1354543567662532 1 16 9 2.70999124060388841 6 22 13 1 32 10 2 17 3 18 26 9 4 15 4 3 16 2 17 2 12 24.1253341436386108 69.3204259660488873 
14 12 5 6 28 4 15 3 6 16 30 2.70999124060388841 4 16 12 3 15 8 12 5 12 14 24 10 2 23 3 18 1 4 9 33 12 14 31 12 16 9 2.70999124060388841 6 22 13 1 32 10 15 14 11 18 26 9 14 18 12 3 16 2 17 2 12 21.1052439212799072 104.605214500464513 
18 8 2 6 28 4 15 3 6 16 30 2.70999124060388841 4 16 12 3 15 8 12 5 12 14 24 10 15 6 7 18 1 4 9 33 12 10 16.1354543567662532 1 16 9 2.70999124060388841 6 22 13 1 32 10 2 17 3 18 26 9 1 15 1 3 16 2 17 2 12 23.471851110458374 75.2443391163288169 
3 18 8 17 16 10 13 25 3 1 5.34074699537910114 5 14 19 6.96245171630185755 14 18 8 2 25 12 16 24 9 14 1 3.84646942076222631 3 20 10 14 9 3 15 30 7 1 17 11 4 31 13 18 32 9.82524131762891173 3 2 2 17.8244721320812971 12 1 15 19 7.75241283629571765 4 15 5 9 6 7 18.1233699917793274 209.208952466210491 
14 24 5 6 28 4 15 3 6 16 30 2.70999124060388841 4 16 12 3 15 8 12 5 12 14 24 10 2 23 3 18 1 4 9 33 12 10 16.1354543567662532 1 16 9 2.70999124060388841 6 22 13 1 32 10 2 17 3 18 26 9 9 15 1 3 16 2 17 2 12 22.9322802424430847 76.5102774418563882 
15 22 3 13 1 6 9 15 11 14 6 13 17 30 6 3.36768017929769181 1 3 9.25570237641795579 1 4 13 9 12 16 14 7 18 23 13 4 6 5 1 31 2 3 1 1 4.94126535182462057 17 7 14 6 2 12 30 11 4 9 12 10 26 7 13.2195649013323386 24 6 15 5 1 18.9443206489086151 202.325124376827176 
18 8 2 6 28 4 15 3 6 16 30 2.70999124060388841 4 16 12 3 15 8 12 5 12 14 24 10 2 23 3 18 1 4 9 33 12 10 16.1354543567662532 1 16 9 2.70999124060388841 6 22 13 1 32 10 2 17 3 18 26 9 13 24 7 3 16 2 17 2 12 23.9633551239967346 71.6789828720776541 
14 12 9 6 32 12 15 3 6 16 30 2.70999124060388841 4 16 12 3 15 8 12 5 12 14 24 10 2 23 3 18 1 4 9 33 12 10 16.1354543567662532 1 16 9 2.70999124060388841 6 22 13 1 32 10 2 17 3 18 26 9 10 6 4 3 16 2 17 2 12 22.3212871849536896 84.4520177740665758 
18 8 2 6 28 4 15 3 6 16 30 2.70999124060388841 4 16 12 3 15 8 12 5 12 14 24 10 2 23 3 18 1 4 9 33 12 10 16.1354543567662532 1 16 9 2.70999124060388841 6 22 13 1 32 10 2 17 3 18 26 9 4 15 1 3 16 2 17 2 12 24.3403341174125671 67.2595609097930947 
18 8 2 6 28 4 15 3 6 16 30 2.70999124060388841 4 16 12 3 15 8 12 5 12 14 24 10 2 23 3 18 1 4 9 33 12 10 16.1354543567662532 1 16 9 2.70999124060388841 6 22 13 1 32 10 2 17 3 18 26 9 4 24 7 3 16 2 17 2 12 24.0444291234016418 69.9898155029092663 
18 8 2 6 28 4 15 3 6 16 30 2.70999124060388841 4 16 12 3 15 8 12 5 12 14 24 10 2 23 3 18 1 4 9 33 12 10 16.1354543567662532 1 16 9 2.70999124060388841 6 22 13 1 32 10 2 17 3 18 26 9 11 6 1 3 16 2 17 2 12 24.805103063583374 65.0940012539592487 
18 8 2 6 28 4 15 3 6 16 30 2.70999124060388841 4 16 12 3 15 8 12 5 12 14 24 10 2 23 3 18 1 4 11 15 1 10 16.1354543567662532 1 16 9 2.70999124060388841 6 22 13 1 32 10 2 17 3 18 26 9 4 4 1 3 16 2 17 2 12 26.3186070919036865 64.0711713714814408 

Current Evaluation = 20000000(20000160)
Front Size = 28
2 31 7 12 2 2 1 8 10 10 6 8 15 24 1 3 1 7 1 20 10 16 12 4 2 2 11 10 22 3 13 6 12 1 8 12 17 25 13 4 26 13 8 19 9 2 1 4 16 31 9 9 1 5 2 26 11 3.36768017929769181 12 1 19.5615265965461731 180.49992580518898 
1 12 9 6 28 4 1 20 5 16 30 2.70999124060388841 4 16 12 3 15 8 12 5 12 14 24 10 2 23 3 18 1 4 17 30 2.70999124060388841 13 32 6.96245171630185755 16 9 2.70999124060388841 6 22 13 1 32 10 2 17 3 11 7 4 4.94126535182462057 9 11 3 16 2 17 2 12 20.5448250770568848 113.736455055962637 
1 1 9 6 28 4 15 3 6 16 30 2.70999124060388841 4 16 12 3 15 8 12 5 12 14 24 10 2 23 3 18 1 4 9 2 2.70999124060388841 10 16.1354543567662532 1 16 9 2.70999124060388841 6 22 13 1 32 10 2 17 3 18 26 9 15 32 12 3 16 2 17 2 12 22.190014123916626 84.9005633255633256 
8 16 11 11 25 7 3 12 8 12 30 7 2 1 2 3.36768017929769181 18 13 6 15 2 15 25 5 12 1 6.96245171630185755 1 24 7 10 24 4 17 20 7 6 22 1 3 15 3.84646942076222631 3 1 5 14 15 7 4 6 5 13 26 12 13.2195649013323386 1 9 14 12 8 17.4958978295326233 217.23032818425196 
14 12 5 6 28 4 15 3 6 16 30 2.70999124060388841 4 16 12 3 15 8 12 5 12 14 24 10 2 23 3 18 1 4 9 33 12 14 31 12 16 9 2.70999124060388841 6 22 13 1 32 10 15 14 11 18 26 9 14 18 12 3 16 2 17 2 12 21.1052439212799072 104.605214500464513 
14 24 5 6 28 4 15 3 6 16 30 2.70999124060388841 4 16 12 3 15 8 12 5 12 14 24 10 2 23 3 18 1 4 9 33 12 10 16.1354543567662532 1 16 9 2.70999124060388841 6 22 13 1 32 10 2 17 3 18 26 9 9 15 1 3 16 2 17 2 12 22.9322802424430847 76.5102774418563882 
18 8 2 6 28 4 15 3 6 16 30 2.70999124060388841 4 16 12 3 15 8 12 5 12 14 24 10 2 23 3 18 1 4 9 33 12 10 16.1354543567662532 1 16 9 2.70999124060388841 6 22 13 1 32 10 2 17 3 18 26 9 11 6 1 3 16 2 17 2 12 24.805103063583374 65.0940012539592487 
18 8 2 6 28 4 15 3 6 16 30 2.70999124060388841 4 16 12 3 15 8 12 5 12 14 24 10 2 23 3 18 1 4 11 15 1 10 16.1354543567662532 1 16 9 2.70999124060388841 6 22 13 1 32 10 2 17 3 18 26 9 4 4 1 3 16 2 17 2 12 26.3186070919036865 64.0711713714814408 
13 32 8 1 6 11 6 22 12 16 12 3 8 26 10 4 16 7 6 25 11 15 21 2 13 31 7 9 16 6 16 23 2 14 26 12 1 15 11 9 19 5 15 32 5 12 11 13 14 15 11 10 1 2 15 9 1 3 5 2.70999124060388841 20.1233907341957092 175.514235558043595 
18 8 2 6 28 4 15 3 6 16 30 2.70999124060388841 4 16 12 3 15 8 12 5 12 14 24 10 2 23 3 18 1 4 9 33 12 10 16.1354543567662532 1 16 9 2.70999124060388841 6 22 13 1 32 10 2 17 3 18 26 9 10 6 7 3 16 2 17 2 12 24.4843231439590454 66.9045497337515371 
14 26 3 6 28 4 15 3 6 16 30 2.70999124060388841 4 16 12 3 15 8 12 5 12 14 24 10 2 23 3 18 1 4 9 33 12 10 16.1354543567662532 1 16 9 2.70999124060388841 6 22 13 1 32 10 2 17 3 18 26 9 14 24 5 3 16 2 17 2 12 22.3556191921234131 76.9027698921869529 
16 5 3 15 19 8 4 20 1 3.36768017929769181 1 12 2 19 5 11 31 13 6 1 4 17 16 8 17 25 8 11 29 8 14 16 12 1 32 9 2 6 3 13 18 10 6 20 9 16 15 12 12 32 4 8 24 10 14 31 11 13 24 7 19.2367046475410461 192.808906183255999 
15 24 12 3 1 3 3 24 4 1 9 2 3 19 7 14 1 7 2 1 7 15 17 9 4 20 2.70999124060388841 8 16.1354543567662532 6 1 8.22565314501180467 4 14 26 5 4 24 2 3 25 9 11 20 9 14 13 4 10 24 11 15 14 12 14 26 9 13.2195649013323386 24 5 17.4275996387004852 252.429742196778022 
1 24 4 6 28 4 15 3 6 16 30 2.70999124060388841 4 16 12 3 15 8 12 5 12 14 24 10 2 23 3 18 1 4 14 6 13 10 16.1354543567662532 1 16 9 2.70999124060388841 6 22 13 1 32 10 2 17 3 18 26 9 13 30 8 3 16 2 17 2 12 21.3087660670280457 100.695599223617776 
14 25 5 6 28 4 15 3 6 16 30 2.70999124060388841 4 16 12 3 15 8 12 5 12 14 24 10 2 23 3 18 1 4 9 33 12 10 16.1354543567662532 1 16 9 2.70999124060388841 6 22 13 1 32 10 2 17 3 18 26 9 11 15 5 3 16 2 17 2 12 23.2606952786445618 71.4714064736123333 
14 5.34074699537910114 1 3 6 5 9 32 11 1 16 8 15 24 12 15 30 11 17 19 4 3 31 7 4 1 8 1 9 7 12 32 1 15 16.1354543567662532 3 1 15 1 14 14 11 10 30 7 3 3 3.84646942076222631 13.2195649013323386 20 13 17 2 4 4 8 4 2 11 7 18.8196248412132263 194.420036172977348 
6 31 5 16 18 3 10 30 10 14 17 2 3 2 11 14 7 11 12 32 13 14 12 3 1 32 1 13 8 3 11 15 10 9 1 4 4 15 10 9 24 9 10 5 2.70999124060388841 1 13 3 16 31 8 17 26 4 4 31 10 9.25570237641795579 24 7 19.166592001914978 193.704450082081649 
18 8 2 6 28 4 15 3 6 16 30 2.70999124060388841 4 16 12 3 15 8 12 5 12 14 24 10 2 23 3 18 1 4 9 33 12 10 16.1354543567662532 1 16 9 2.70999124060388841 6 22 13 1 32 10 2 17 3 18 26 9 4 4 1 3 16 2 17 2 12 26.5026161670684814 63.1834794731558418 
18 8 2 6 28 4 15 3 6 16 30 2.70999124060388841 4 16 12 3 15 8 12 5 12 14 24 10 2 23 3 18 1 4 9 33 12 10 16.1354543567662532 1 16 9 2.70999124060388841 6 22 13 1 32 10 14 24 4 18 26 9 9 25 1 3 16 2 17 2 12 23.60350701212883 67.0072591025459872 
14 6 5 6 28 4 15 3 6 16 30 2.70999124060388841 4 16 12 3 15 8 12 5 12 14 24 10 2 23 3 18 1 4 9 33 12 10 16.1354543567662532 1 16 9 2.70999124060388841 6 22 13 1 32 10 2 17 3 18 26 9 5 19 4 3 16 2 17 2 12 23.1730202436447144 74.8931824347515089 
18 8 2 6 28 4 15 3 6 16 30 2.70999124060388841 4 16 12 3 15 8 12 5 12 14 24 10 2 23 3 18 1 4 9 18 2 10 16.1354543567662532 1 16 9 2.70999124060388841 6 22 13 1 32 10 2 17 3 18 26 9 4 4 1 3 16 2 17 2 12 25.8550890684127808 64.6747362186824688 
6 30 8 14 26 9 8 32 2 3 23 3 9 20 2 5 24 2.70999124060388841 1 6 3 15 28 12 17 5 9 4 3 12 9 26 2 4 16 6.96245171630185755 14 15 8 4.94126535182462057 23.4025356524426229 1 12 6 9 13 1 3 16 17 7 5 1 10 9 31 7 1 1 8 19.4300647079944611 190.806453467167813 
14 5.34074699537910114 6 6 28 4 15 3 6 16 30 2.70999124060388841 4 16 12 3 15 8 12 5 12 14 24 10 2 23 3 18 1 4 4 15 11 10 16.1354543567662532 1 16 9 2.70999124060388841 6 22 13 1 32 10 2 17 3 18 26 9 4 14 6.96245171630185755 3 16 2 17 2 12 22.2032651305198669 83.7513850289166584 
14 11 6 6 28 4 15 3 6 16 30 2.70999124060388841 4 16 12 3 15 8 12 5 12 14 24 10 2 23 3 18 1 4 9 33 12 10 16.1354543567662532 1 16 9 2.70999124060388841 6 22 13 1 32 10 2 17 3 18 26 9 4 6 8 3 16 2 17 2 12 23.0481561422348022 75.4317922638543479 
9 6 11 14 8 9 6 25 12 14 8 4 15 2 7 3.36768017929769181 24 11 17 13 13 9.25570237641795579 30 2 4 1 4 17 30 7 16 12 12 6 6 3.84646942076222631 10 26 13 2 2 13 13.2195649013323386 1 7 14 15 13 6 32 2 6 19 4 8 25 13 15 14 2 17.6499160528182983 200.631098095803992 
18 8 2 6 28 4 15 3 6 16 30 2.70999124060388841 4 16 12 3 15 8 12 5 12 14 24 10 5 32 5 18 1 4 9 33 12 10 16.1354543567662532 1 16 9 2.70999124060388841 6 22 13 1 32 10 2 17 3 18 26 9 4 4 1 3 16 2 17 2 12 26.2935361862182617 64.088503863688473 
15 26 3 6 28 4 15 3 6 16 30 2.70999124060388841 4 16 12 3 15 8 12 5 12 14 24 10 15 30 9 18 1 4 14 24 9 10 16.1354543567662532 1 16 9 2.70999124060388841 6 22 13 1 32 10 2 17 3 18 26 9 14 7 9 3 16 2 17 2 12 20.7093423008918762 106.150520057073422 
14 32 3 6 28 4 15 3 6 16 30 2.70999124060388841 4 16 12 3 15 8 12 5 12 14 24 10 2 23 3 18 1 4 3 26 1 10 16.1354543567662532 1 16 9 2.70999124060388841 6 22 13 1 32 10 2 17 3 18 26 9 14 6 7 3 16 2 17 2 12 21.4664271473884583 85.6996988147841989 

Current Evaluation = 30000000(30000050)
Front Size = 30
2 31 7 12 2 2 1 8 10 10 6 8 15 24 1 3 1 7 1 20 10 16 12 4 2 2 11 10 22 3 13 6 12 1 8 12 17 25 13 4 26 13 8 19 9 2 1 4 16 31 9 9 1 5 2 26 11 3.36768017929769181 12 1 19.5615265965461731 180.49992580518898 
1 12 9 6 28 4 1 20 5 16 30 2.70999124060388841 4 16 12 3 15 8 12 5 12 14 24 10 2 23 3 18 1 4 17 30 2.70999124060388841 13 32 6.96245171630185755 16 9 2.70999124060388841 6 22 13 1 32 10 2 17 3 11 7 4 4.94126535182462057 9 11 3 16 2 17 2 12 20.5448250770568848 113.736455055962637 
1 1 9 6 28 4 15 3 6 16 30 2.70999124060388841 4 16 12 3 15 8 12 5 12 14 24 10 2 23 3 18 1 4 9 2 2.70999124060388841 10 16.1354543567662532 1 16 9 2.70999124060388841 6 22 13 1 32 10 2 17 3 18 26 9 15 32 12 3 16 2 17 2 12 22.190014123916626 84.9005633255633256 
8 16 11 11 25 7 3 12 8 12 30 7 2 1 2 3.36768017929769181 18 13 6 15 2 15 25 5 12 1 6.96245171630185755 1 24 7 10 24 4 17 20 7 6 22 1 3 15 3.84646942076222631 3 1 5 14 15 7 4 6 5 13 26 12 13.2195649013323386 1 9 14 12 8 17.4958978295326233 217.23032818425196 
14 12 5 6 28 4 15 3 6 16 30 2.70999124060388841 4 16 12 3 15 8 12 5 12 14 24 10 2 23 3 18 1 4 9 33 12 14 31 12 16 9 2.70999124060388841 6 22 13 1 32 10 15 14 11 18 26 9 14 18 12 3 16 2 17 2 12 21.1052439212799072 104.605214500464513 
14 24 5 6 28 4 15 3 6 16 30 2.70999124060388841 4 16 12 3 15 8 12 5 12 14 24 10 2 23 3 18 1 4 9 33 12 10 16.1354543567662532 1 16 9 2.70999124060388841 6 22 13 1 32 10 2 17 3 18 26 9 9 15 1 3 16 2 17 2 12 22.9322802424430847 76.5102774418563882 
18 8 2 6 28 4 15 3 6 16 30 2.70999124060388841 4 16 12 3 15 8 12 5 12 14 24 10 2 23 3 18 1 4 9 33 12 10 16.1354543567662532 1 16 9 2.70999124060388841 6 22 13 1 32 10 2 17 3 18 26 9 11 6 1 3 16 2 17 2 12 24.805103063583374 65.0940012539592487 
18 8 2 6 28 4 15 3 6 16 30 2.70999124060388841 4 16 12 3 15 8 12 5 12 14 24 10 2 23 3 18 1 4 11 15 1 10 16.1354543567662532 1 16 9 2.70999124060388841 6 22 13 1 32 10 2 17 3 18 26 9 4 4 1 3 16 2 17 2 12 26.3186070919036865 64.0711713714814408 
13 32 8 1 6 11 6 22 12 16 12 3 8 26 10 4 16 7 6 25 11 15 21 2 13 31 7 9 16 6 16 23 2 14 26 12 1 15 11 9 19 5 15 32 5 12 11 13 14 15 11 10 1 2 15 9 1 3 5 2.70999124060388841 20.1233907341957092 175.514235558043595 
18 8 2 6 28 4 15 3 6 16 30 2.70999124060388841 4 16 12 3 15 8 12 5 12 14 24 10 2 23 3 18 1 4 9 33 12 10 16.1354543567662532 1 16 9 2.70999124060388841 6 22 13 1 32 10 2 17 3 18 26 9 10 6 7 3 16 2 17 2 12 24.4843231439590454 66.9045497337515371 
14 26 3 6 28 4 15 3 6 16 30 2.70999124060388841 4 16 12 3 15 8 12 5 12 14 24 10 2 23 3 18 1 4 9 33 12 10 16.1354543567662532 1 16 9 2.70999124060388841 6 22 13 1 32 10 2 17 3 18 26 9 14 24 5 3 16 2 17 2 12 22.3556191921234131 76.9027698921869529 
16 5 3 15 19 8 4 20 1 3.36768017929769181 1 12 2 19 5 11 31 13 6 1 4 17 16 8 17 25 8 11 29 8 14 16 12 1 32 9 2 6 3 13 18 10 6 20 9 16 15 12 12 32 4 8 24 10 14 31 11 13 24 7 19.2367046475410461 192.808906183255999 
15 24 12 3 1 3 3 24 4 1 9 2 3 19 7 14 1 7 2 1 7 15 17 9 4 20 2.70999124060388841 8 16.1354543567662532 6 1 8.22565314501180467 4 14 26 5 4 24 2 3 25 9 11 20 9 14 13 4 10 24 11 15 14 12 14 26 9 13.2195649013323386 24 5 17.4275996387004852 252.429742196778022 
1 24 4 6 28 4 15 3 6 16 30 2.70999124060388841 4 16 12 3 15 8 12 5 12 14 24 10 2 23 3 18 1 4 14 6 13 10 16.1354543567662532 1 16 9 2.70999124060388841 6 22 13 1 32 10 2 17 3 18 26 9 13 30 8 3 16 2 17 2 12 21.3087660670280457 100.695599223617776 
14 25 5 6 28 4 15 3 6 16 30 2.70999124060388841 4 16 12 3 15 8 12 5 12 14 24 10 2 23 3 18 1 4 9 33 12 10 16.1354543567662532 1 16 9 2.70999124060388841 6 22 13 1 32 10 2 17 3 18 26 9 11 15 5 3 16 2 17 2 12 23.2606952786445618 71.4714064736123333 
14 5.34074699537910114 1 3 6 5 9 32 11 1 16 8 15 24 12 15 30 11 17 19 4 3 31 7 4 1 8 1 9 7 12 32 1 15 16.1354543567662532 3 1 15 1 14 14 11 10 30 7 3 3 3.84646942076222631 13.2195649013323386 20 13 17 2 4 4 8 4 2 11 7 18.8196248412132263 194.420036172977348 
6 31 5 16 18 3 10 30 10 14 17 2 3 2 11 14 7 11 12 32 13 14 12 3 1 32 1 13 8 3 11 15 10 9 1 4 4 15 10 9 24 9 10 5 2.70999124060388841 1 13 3 16 31 8 17 26 4 4 31 10 9.25570237641795579 24 7 19.166592001914978 193.704450082081649 
18 8 2 6 28 4 15 3 6 16 30 2.70999124060388841 4 16 12 3 15 8 12 5 12 14 24 10 2 23 3 18 1 4 9 33 12 10 16.1354543567662532 1 16 9 2.70999124060388841 6 22 13 1 32 10 2 17 3 18 26 9 4 4 1 3 16 2 17 2 12 26.5026161670684814 63.1834794731558418 
18 8 2 6 28 4 15 3 6 16 30 2.70999124060388841 4 16 12 3 15 8 12 5 12 14 24 10 2 23 3 18 1 4 9 33 12 10 16.1354543567662532 1 16 9 2.70999124060388841 6 22 13 1 32 10 14 24 4 18 26 9 9 25 1 3 16 2 17 2 12 23.60350701212883 67.0072591025459872 
14 6 5 6 28 4 15 3 6 16 30 2.70999124060388841 4 16 12 3 15 8 12 5 12 14 24 10 2 23 3 18 1 4 9 33 12 10 16.1354543567662532 1 16 9 2.70999124060388841 6 22 13 1 32 10 2 17 3 18 26 9 5 19 4 3 16 2 17 2 12 23.1730202436447144 74.8931824347515089 
18 8 2 6 28 4 15 3 6 16 30 2.70999124060388841 4 16 12 3 15 8 12 5 12 14 24 10 2 23 3 18 1 4 9 18 2 10 16.1354543567662532 1 16 9 2.70999124060388841 6 22 13 1 32 10 2 17 3 18 26 9 4 4 1 3 16 2 17 2 12 25.8550890684127808 64.6747362186824688 
14 5.34074699537910114 6 6 28 4 15 3 6 16 30 2.70999124060388841 4 16 12 3 15 8 12 5 12 14 24 10 2 23 3 18 1 4 4 15 11 10 16.1354543567662532 1 16 9 2.70999124060388841 6 22 13 1 32 10 2 17 3 18 26 9 4 14 6.96245171630185755 3 16 2 17 2 12 22.2032651305198669 83.7513850289166584 
14 11 6 6 28 4 15 3 6 16 30 2.70999124060388841 4 16 12 3 15 8 12 5 12 14 24 10 2 23 3 18 1 4 9 33 12 10 16.1354543567662532 1 16 9 2.70999124060388841 6 22 13 1 32 10 2 17 3 18 26 9 4 6 8 3 16 2 17 2 12 23.0481561422348022 75.4317922638543479 
9 6 11 14 8 9 6 25 12 14 8 4 15 2 7 3.36768017929769181 24 11 17 13 13 9.25570237641795579 30 2 4 1 4 17 30 7 16 12 12 6 6 3.84646942076222631 10 26 13 2 2 13 13.2195649013323386 1 7 14 15 13 6 32 2 6 19 4 8 25 13 15 14 2 17.6499160528182983 200.631098095803992 
18 8 2 6 28 4 15 3 6 16 30 2.70999124060388841 4 16 12 3 15 8 12 5 12 14 24 10 5 32 5 18 1 4 9 33 12 10 16.1354543567662532 1 16 9 2.70999124060388841 6 22 13 1 32 10 2 17 3 18 26 9 4 4 1 3 16 2 17 2 12 26.2935361862182617 64.088503863688473 
15 26 3 6 28 4 15 3 6 16 30 2.70999124060388841 4 16 12 3 15 8 12 5 12 14 24 10 15 30 9 18 1 4 14 24 9 10 16.1354543567662532 1 16 9 2.70999124060388841 6 22 13 1 32 10 2 17 3 18 26 9 14 7 9 3 16 2 17 2 12 20.7093423008918762 106.150520057073422 
14 32 3 6 28 4 15 3 6 16 30 2.70999124060388841 4 16 12 3 15 8 12 5 12 14 24 10 2 23 3 18 1 4 3 26 1 10 16.1354543567662532 1 16 9 2.70999124060388841 6 22 13 1 32 10 2 17 3 18 26 9 14 6 7 3 16 2 17 2 12 21.4664271473884583 85.6996988147841989 
1 19 6 4 18 12 15 7 13 16 26 2.70999124060388841 14 19 7 2 25 4 14 16.1354543567662532 11 2 3 6 4.94126535182462057 24 9.82524131762891173 6 33 9 17 9 4 12 32 13.151007650947605 2 29 9 14 2 13 13 18.140740276750666 8 11 5 1.44943743604301667 3 1 7.88610251083374347 14 6 11 15 3 6 1.1385673491087851 31 1 20.0681197047233582 178.862355862398317 
18 8 2 6 28 4 15 3 6 16 30 2.70999124060388841 4 16 12 3 15 8 11 21 11 14 24 10 2 23 3 18 1 4 9 33 12 10 16.1354543567662532 1 16 9 2.70999124060388841 6 22 13 1 32 10 2 17 3 18 26 9 4 4 1 3 16 2 17 2 12 28.0506781339645386 61.8398942675493757 
4 11 7 13 32 13 16 26 11 17 31 8 5 15 3 13 9 4 13 12 7 8 23 12 3.36768017929769181 16 7 1 6 10 9.25570237641795579 29 11 17 28 3.84646942076222631 3 20 12 14 12 2 17 5 7 13.2195649013323386 1 6 15 26 2 1 24 3 12 1 6 8 31 12 19.3881577849388123 187.362204625439915 

Current Evaluation = 40000000(40000130)
Front Size = 28
1 12 9 6 28 4 1 20 5 16 30 2.70999124060388841 4 16 12 3 15 8 12 5 12 14 24 10 2 23 3 18 1 4 17 30 2.70999124060388841 13 32 6.96245171630185755 16 9 2.70999124060388841 6 22 13 1 32 10 2 17 3 11 7 4 4.94126535182462057 9 11 3 16 2 17 2 12 20.5448250770568848 113.736455055962637 
1 1 9 6 28 4 15 3 6 16 30 2.70999124060388841 4 16 12 3 15 8 12 5 12 14 24 10 2 23 3 18 1 4 9 2 2.70999124060388841 10 16.1354543567662532 1 16 9 2.70999124060388841 6 22 13 1 32 10 2 17 3 18 26 9 15 32 12 3 16 2 17 2 12 22.190014123916626 84.9005633255633256 
14 12 5 6 28 4 15 3 6 16 30 2.70999124060388841 4 16 12 3 15 8 12 5 12 14 24 10 2 23 3 18 1 4 9 33 12 14 31 12 16 9 2.70999124060388841 6 22 13 1 32 10 15 14 11 18 26 9 14 18 12 3 16 2 17 2 12 21.1052439212799072 104.605214500464513 
14 24 5 6 28 4 15 3 6 16 30 2.70999124060388841 4 16 12 3 15 8 12 5 12 14 24 10 2 23 3 18 1 4 9 33 12 10 16.1354543567662532 1 16 9 2.70999124060388841 6 22 13 1 32 10 2 17 3 18 26 9 9 15 1 3 16 2 17 2 12 22.9322802424430847 76.5102774418563882 
18 8 2 6 28 4 15 3 6 16 30 2.70999124060388841 4 16 12 3 15 8 12 5 12 14 24 10 2 23 3 18 1 4 9 33 12 10 16.1354543567662532 1 16 9 2.70999124060388841 6 22 13 1 32 10 2 17 3 18 26 9 11 6 1 3 16 2 17 2 12 24.805103063583374 65.0940012539592487 
18 8 2 6 28 4 15 3 6 16 30 2.70999124060388841 4 16 12 3 15 8 12 5 12 14 24 10 2 23 3 18 1 4 11 15 1 10 16.1354543567662532 1 16 9 2.70999124060388841 6 22 13 1 32 10 2 17 3 18 26 9 4 4 1 3 16 2 17 2 12 26.3186070919036865 64.0711713714814408 
18 8 2 6 28 4 15 3 6 16 30 2.70999124060388841 4 16 12 3 15 8 12 5 12 14 24 10 2 23 3 18 1 4 9 33 12 10 16.1354543567662532 1 16 9 2.70999124060388841 6 22 13 1 32 10 2 17 3 18 26 9 10 6 7 3 16 2 17 2 12 24.4843231439590454 66.9045497337515371 
14 26 3 6 28 4 15 3 6 16 30 2.70999124060388841 4 16 12 3 15 8 12 5 12 14 24 10 2 23 3 18 1 4 9 33 12 10 16.1354543567662532 1 16 9 2.70999124060388841 6 22 13 1 32 10 2 17 3 18 26 9 14 24 5 3 16 2 17 2 12 22.3556191921234131 76.9027698921869529 
15 24 12 3 1 3 3 24 4 1 9 2 3 19 7 14 1 7 2 1 7 15 17 9 4 20 2.70999124060388841 8 16.1354543567662532 6 1 8.22565314501180467 4 14 26 5 4 24 2 3 25 9 11 20 9 14 13 4 10 24 11 15 14 12 14 26 9 13.2195649013323386 24 5 17.4275996387004852 252.429742196778022 
1 24 4 6 28 4 15 3 6 16 30 2.70999124060388841 4 16 12 3 15 8 12 5 12 14 24 10 2 23 3 18 1 4 14 6 13 10 16.1354543567662532 1 16 9 2.70999124060388841 6 22 13 1 32 10 2 17 3 18 26 9 13 30 8 3 16 2 17 2 12 21.3087660670280457 100.695599223617776 
14 25 5 6 28 4 15 3 6 16 30 2.70999124060388841 4 16 12 3 15 8 12 5 12 14 24 10 2 23 3 18 1 4 9 33 12 10 16.1354543567662532 1 16 9 2.70999124060388841 6 22 13 1 32 10 2 17 3 18 26 9 11 15 5 3 16 2 17 2 12 23.2606952786445618 71.4714064736123333 
18 8 2 6 28 4 15 3 6 16 30 2.70999124060388841 4 16 12 3 15 8 12 5 12 14 24 10 2 23 3 18 1 4 9 33 12 10 16.1354543567662532 1 16 9 2.70999124060388841 6 22 13 1 32 10 2 17 3 18 26 9 4 4 1 3 16 2 17 2 12 26.5026161670684814 63.1834794731558418 
18 8 2 6 28 4 15 3 6 16 30 2.70999124060388841 4 16 12 3 15 8 12 5 12 14 24 10 2 23 3 18 1 4 9 33 12 10 16.1354543567662532 1 16 9 2.70999124060388841 6 22 13 1 32 10 14 24 4 18 26 9 9 25 1 3 16 2 17 2 12 23.60350701212883 67.0072591025459872 
14 6 5 6 28 4 15 3 6 16 30 2.70999124060388841 4 16 12 3 15 8 12 5 12 14 24 10 2 23 3 18 1 4 9 33 12 10 16.1354543567662532 1 16 9 2.70999124060388841 6 22 13 1 32 10 2 17 3 18 26 9 5 19 4 3 16 2 17 2 12 23.1730202436447144 74.8931824347515089 
18 8 2 6 28 4 15 3 6 16 30 2.70999124060388841 4 16 12 3 15 8 12 5 12 14 24 10 2 23 3 18 1 4 9 18 2 10 16.1354543567662532 1 16 9 2.70999124060388841 6 22 13 1 32 10 2 17 3 18 26 9 4 4 1 3 16 2 17 2 12 25.8550890684127808 64.6747362186824688 
14 5.34074699537910114 6 6 28 4 15 3 6 16 30 2.70999124060388841 4 16 12 3 15 8 12 5 12 14 24 10 2 23 3 18 1 4 4 15 11 10 16.1354543567662532 1 16 9 2.70999124060388841 6 22 13 1 32 10 2 17 3 18 26 9 4 14 6.96245171630185755 3 16 2 17 2 12 22.2032651305198669 83.7513850289166584 
14 11 6 6 28 4 15 3 6 16 30 2.70999124060388841 4 16 12 3 15 8 12 5 12 14 24 10 2 23 3 18 1 4 9 33 12 10 16.1354543567662532 1 16 9 2.70999124060388841 6 22 13 1 32 10 2 17 3 18 26 9 4 6 8 3 16 2 17 2 12 23.0481561422348022 75.4317922638543479 
18 8 2 6 28 4 15 3 6 16 30 2.70999124060388841 4 16 12 3 15 8 12 5 12 14 24 10 5 32 5 18 1 4 9 33 12 10 16.1354543567662532 1 16 9 2.70999124060388841 6 22 13 1 32 10 2 17 3 18 26 9 4 4 1 3 16 2 17 2 12 26.2935361862182617 64.088503863688473 
15 26 3 6 28 4 15 3 6 16 30 2.70999124060388841 4 16 12 3 15 8 12 5 12 14 24 10 15 30 9 18 1 4 14 24 9 10 16.1354543567662532 1 16 9 2.70999124060388841 6 22 13 1 32 10 2 17 3 18 26 9 14 7 9 3 16 2 17 2 12 20.7093423008918762 106.150520057073422 
14 32 3 6 28 4 15 3 6 16 30 2.70999124060388841 4 16 12 3 15 8 12 5 12 14 24 10 2 23 3 18 1 4 3 26 1 10 16.1354543567662532 1 16 9 2.70999124060388841 6 22 13 1 32 10 2 17 3 18 26 9 14 6 7 3 16 2 17 2 12 21.4664271473884583 85.6996988147841989 
14 12 9 3 6 8 2 19 2 3.36768017929769181 6 11 6 18 13 17 24 12 3 12 6.96245171630185755 14 31 3.84646942076222631 4 17 4 9 16 2 13 6 12 3 13 11 8 23 4 6 26 9.82524131762891173 1 1 7 17.8244721320812971 31 11 16 1 1 13 25 6 1 6 1 15 20 3 17.4572547972202301 191.214615939615925 
9 24 13 10 17 10 17 9 13 1 22 3 6 24 4 14 5.34074699537910114 10 13 19 2 1 3 5 4 9 6 9 32 10 16 2 2 17 18 1 9 1 8 14 18 2 13 20 9 4 32 13 13 2 4 14 26 1 3 31 13 6 28 7 18.8792528510093689 172.324019118136761 
1 1 2.70999124060388841 2 8 1 8 12 12 17 29 11 16 1 6.96245171630185755 2 30 7 2 26 13 1 15 8 6 16 1 1 24 13 3 1 5 3 25 5 17 18 3.84646942076222631 1 32 11 6 22 2 18 20 4 3 15 4 16 6 1 6 5 12 9 9 4 20.1031118631362915 171.2771252209333 
14 30 11 17 5 12 4 30 7 12 17 4 14 12 9 3 30 10 6 12 5 4 25 4 4 32 10 13 26 6 3 32 2.70999124060388841 9.25570237641795579 16 8 17 11 2 10 31 10 16 6 12 4 9 3.84646942076222631 3 14 13 2 32 2 13 12 2 1 15 8 17.3011827170848846 253.104271135368691 
18 8 2 6 28 4 15 3 6 16 30 2.70999124060388841 4 16 12 3 15 8 11 21 11 14 24 10 2 23 3 18 1 4 12 31 2 10 16.1354543567662532 1 16 9 2.70999124060388841 6 22 13 1 32 10 2 17 3 18 26 9 4 4 1 3 16 2 17 2 12 27.1127591133117676 63.0880643922715691 
18 8 2 6 28 4 1 3 6 16 30 2.70999124060388841 4 16 12 3 15 8 11 21 11 14 24 10 2 23 3 18 1 4 9 33 12 10 16.1354543567662532 1 16 9 2.70999124060388841 6 22 13 1 32 10 2 17 3 18 26 9 4 4 1 3 16 2 17 2 12 27.999481201171875 62.8567707216237821 
18 8 2 6 28 4 15 3 6 16 30 2.70999124060388841 4 16 12 3 15 8 11 21 11 14 24 10 2 23 3 18 1 4 12 8 2 10 16.1354543567662532 1 16 9 2.70999124060388841 6 22 13 1 32 10 2 17 3 18 26 9 4 4 1 3 16 2 17 2 12 27.5463550090789795 62.9142076233357912 
18 8 2 6 28 4 15 3 6 16 30 2.70999124060388841 4 16 12 3 15 8 11 21 11 14 24 10 2 23 3 18 1 4 9 33 12 10 16.1354543567662532 1 16 9 2.70999124060388841 6 22 13 1 32 10 2 17 3 18 26 9 4 4 1 3 16 2 17 2 12 28.0506781339645386 61.7481375462325559 

Current Evaluation = 50000000(50000020)
Front Size = 28
1 12 9 6 28 4 1 20 5 16 30 2.70999124060388841 4 16 12 3 15 8 12 5 12 14 24 10 2 23 3 18 1 4 17 30 2.70999124060388841 13 32 6.96245171630185755 16 9 2.70999124060388841 6 22 13 1 32 10 2 17 3 11 7 4 4.94126535182462057 9 11 3 16 2 17 2 12 20.5448250770568848 113.736455055962637 
1 1 9 6 28 4 15 3 6 16 30 2.70999124060388841 4 16 12 3 15 8 12 5 12 14 24 10 2 23 3 18 1 4 9 2 2.70999124060388841 10 16.1354543567662532 1 16 9 2.70999124060388841 6 22 13 1 32 10 2 17 3 18 26 9 15 32 12 3 16 2 17 2 12 22.190014123916626 84.9005633255633256 
14 12 5 6 28 4 15 3 6 16 30 2.70999124060388841 4 16 12 3 15 8 12 5 12 14 24 10 2 23 3 18 1 4 9 33 12 14 31 12 16 9 2.70999124060388841 6 22 13 1 32 10 15 14 11 18 26 9 14 18 12 3 16 2 17 2 12 21.1052439212799072 104.605214500464513 
14 24 5 6 28 4 15 3 6 16 30 2.70999124060388841 4 16 12 3 15 8 12 5 12 14 24 10 2 23 3 18 1 4 9 33 12 10 16.1354543567662532 1 16 9 2.70999124060388841 6 22 13 1 32 10 2 17 3 18 26 9 9 15 1 3 16 2 17 2 12 22.9322802424430847 76.5102774418563882 
18 8 2 6 28 4 15 3 6 16 30 2.70999124060388841 4 16 12 3 15 8 12 5 12 14 24 10 2 23 3 18 1 4 9 33 12 10 16.1354543567662532 1 16 9 2.70999124060388841 6 22 13 1 32 10 2 17 3 18 26 9 11 6 1 3 16 2 17 2 12 24.805103063583374 65.0940012539592487 
18 8 2 6 28 4 15 3 6 16 30 2.70999124060388841 4 16 12 3 15 8 12 5 12 14 24 10 2 23 3 18 1 4 11 15 1 10 16.1354543567662532 1 16 9 2.70999124060388841 6 22 13 1 32 10 2 17 3 18 26 9 4 4 1 3 16 2 17 2 12 26.3186070919036865 64.0711713714814408 
18 8 2 6 28 4 15 3 6 16 30 2.70999124060388841 4 16 12 3 15 8 12 5 12 14 24 10 2 23 3 18 1 4 9 33 12 10 16.1354543567662532 1 16 9 2.70999124060388841 6 22 13 1 32 10 2 17 3 18 26 9 10 6 7 3 16 2 17 2 12 24.4843231439590454 66.9045497337515371 
14 26 3 6 28 4 15 3 6 16 30 2.70999124060388841 4 16 12 3 15 8 12 5 12 14 24 10 2 23 3 18 1 4 9 33 12 10 16.1354543567662532 1 16 9 2.70999124060388841 6 22 13 1 32 10 2 17 3 18 26 9 14 24 5 3 16 2 17 2 12 22.3556191921234131 76.9027698921869529 
1 24 4 6 28 4 15 3 6 16 30 2.70999124060388841 4 16 12 3 15 8 12 5 12 14 24 10 2 23 3 18 1 4 14 6 13 10 16.1354543567662532 1 16 9 2.70999124060388841 6 22 13 1 32 10 2 17 3 18 26 9 13 30 8 3 16 2 17 2 12 21.3087660670280457 100.695599223617776 
14 25 5 6 28 4 15 3 6 16 30 2.70999124060388841 4 16 12 3 15 8 12 5 12 14 24 10 2 23 3 18 1 4 9 33 12 10 16.1354543567662532 1 16 9 2.70999124060388841 6 22 13 1 32 10 2 17 3 18 26 9 11 15 5 3 16 2 17 2 12 23.2606952786445618 71.4714064736123333 
18 8 2 6 28 4 15 3 6 16 30 2.70999124060388841 4 16 12 3 15 8 12 5 12 14 24 10 2 23 3 18 1 4 9 33 12 10 16.1354543567662532 1 16 9 2.70999124060388841 6 22 13 1 32 10 2 17 3 18 26 9 4 4 1 3 16 2 17 2 12 26.5026161670684814 63.1834794731558418 
18 8 2 6 28 4 15 3 6 16 30 2.70999124060388841 4 16 12 3 15 8 12 5 12 14 24 10 2 23 3 18 1 4 9 33 12 10 16.1354543567662532 1 16 9 2.70999124060388841 6 22 13 1 32 10 14 24 4 18 26 9 9 25 1 3 16 2 17 2 12 23.60350701212883 67.0072591025459872 
14 6 5 6 28 4 15 3 6 16 30 2.70999124060388841 4 16 12 3 15 8 12 5 12 14 24 10 2 23 3 18 1 4 9 33 12 10 16.1354543567662532 1 16 9 2.70999124060388841 6 22 13 1 32 10 2 17 3 18 26 9 5 19 4 3 16 2 17 2 12 23.1730202436447144 74.8931824347515089 
18 8 2 6 28 4 15 3 6 16 30 2.70999124060388841 4 16 12 3 15 8 12 5 12 14 24 10 2 23 3 18 1 4 9 18 2 10 16.1354543567662532 1 16 9 2.70999124060388841 6 22 13 1 32 10 2 17 3 18 26 9 4 4 1 3 16 2 17 2 12 25.8550890684127808 64.6747362186824688 
14 5.34074699537910114 6 6 28 4 15 3 6 16 30 2.70999124060388841 4 16 12 3 15 8 12 5 12 14 24 10 2 23 3 18 1 4 4 15 11 10 16.1354543567662532 1 16 9 2.70999124060388841 6 22 13 1 32 10 2 17 3 18 26 9 4 14 6.96245171630185755 3 16 2 17 2 12 22.2032651305198669 83.7513850289166584 
14 11 6 6 28 4 15 3 6 16 30 2.70999124060388841 4 16 12 3 15 8 12 5 12 14 24 10 2 23 3 18 1 4 9 33 12 10 16.1354543567662532 1 16 9 2.70999124060388841 6 22 13 1 32 10 2 17 3 18 26 9 4 6 8 3 16 2 17 2 12 23.0481561422348022 75.4317922638543479 
18 8 2 6 28 4 15 3 6 16 30 2.70999124060388841 4 16 12 3 15 8 12 5 12 14 24 10 5 32 5 18 1 4 9 33 12 10 16.1354543567662532 1 16 9 2.70999124060388841 6 22 13 1 32 10 2 17 3 18 26 9 4 4 1 3 16 2 17 2 12 26.2935361862182617 64.088503863688473 
15 26 3 6 28 4 15 3 6 16 30 2.70999124060388841 4 16 12 3 15 8 12 5 12 14 24 10 15 30 9 18 1 4 14 24 9 10 16.1354543567662532 1 16 9 2.70999124060388841 6 22 13 1 32 10 2 17 3 18 26 9 14 7 9 3 16 2 17 2 12 20.7093423008918762 106.150520057073422 
14 32 3 6 28 4 15 3 6 16 30 2.70999124060388841 4 16 12 3 15 8 12 5 12 14 24 10 2 23 3 18 1 4 3 26 1 10 16.1354543567662532 1 16 9 2.70999124060388841 6 22 13 1 32 10 2 17 3 18 26 9 14 6 7 3 16 2 17 2 12 21.4664271473884583 85.6996988147841989 
14 12 9 3 6 8 2 19 2 3.36768017929769181 6 11 6 18 13 17 24 12 3 12 6.96245171630185755 14 31 3.84646942076222631 4 17 4 9 16 2 13 6 12 3 13 11 8 23 4 6 26 9.82524131762891173 1 1 7 17.8244721320812971 31 11 16 1 1 13 25 6 1 6 1 15 20 3 17.4572547972202301 191.214615939615925 
9 24 13 10 17 10 17 9 13 1 22 3 6 24 4 14 5.34074699537910114 10 13 19 2 1 3 5 4 9 6 9 32 10 16 2 2 17 18 1 9 1 8 14 18 2 13 20 9 4 32 13 13 2 4 14 26 1 3 31 13 6 28 7 18.8792528510093689 172.324019118136761 
1 1 2.70999124060388841 2 8 1 8 12 12 17 29 11 16 1 6.96245171630185755 2 30 7 2 26 13 1 15 8 6 16 1 1 24 13 3 1 5 3 25 5 17 18 3.84646942076222631 1 32 11 6 22 2 18 20 4 3 15 4 16 6 1 6 5 12 9 9 4 20.1031118631362915 171.2771252209333 
18 8 2 6 28 4 15 3 6 16 30 2.70999124060388841 4 16 12 3 15 8 11 21 11 14 24 10 2 23 3 18 1 4 12 31 2 10 16.1354543567662532 1 16 9 2.70999124060388841 6 22 13 1 32 10 2 17 3 18 26 9 4 4 1 3 16 2 17 2 12 27.1127591133117676 63.0880643922715691 
18 8 2 6 28 4 1 3 6 16 30 2.70999124060388841 4 16 12 3 15 8 11 21 11 14 24 10 2 23 3 18 1 4 9 33 12 10 16.1354543567662532 1 16 9 2.70999124060388841 6 22 13 1 32 10 2 17 3 18 26 9 4 4 1 3 16 2 17 2 12 27.999481201171875 62.8567707216237821 
18 8 2 6 28 4 15 3 6 16 30 2.70999124060388841 4 16 12 3 15 8 11 21 11 14 24 10 2 23 3 18 1 4 12 8 2 10 16.1354543567662532 1 16 9 2.70999124060388841 6 22 13 1 32 10 2 17 3 18 26 9 4 4 1 3 16 2 17 2 12 27.5463550090789795 62.9142076233357912 
18 8 2 6 28 4 15 3 6 16 30 2.70999124060388841 4 16 12 3 15 8 11 21 11 14 24 10 2 23 3 18 1 4 9 33 12 10 16.1354543567662532 1 16 9 2.70999124060388841 6 22 13 1 32 10 2 17 3 18 26 9 4 4 1 3 16 2 17 2 12 28.0506781339645386 61.7481375462325559 
1 17 10 15 24 6 17 9 6 10 30 8 16 18 1 6 25 4 2 24 4 4 15 9 14 25 9 13 20 7 6 25 12 1 15 13 8 11 4 14 15 8 16 31 2 8 18 5 3 6 4 13 16 9 4 18 5 14 14 13 17.2902359366416931 210.165864974378906 
18 8 2 6 28 4 15 3 6 16 30 2.70999124060388841 4 16 12 3 15 8 11 21 11 14 24 10 2 23 3 18 1 4 9 33 12 10 16.1354543567662532 1 16 9 2.70999124060388841 6 22 13 1 32 10 2 17 3 18 26 9 12 15 1 3 16 2 17 2 12 25.9558190107345581 64.4275692049214825 

Current Evaluation = 60000000(60000100)
Front Size = 31
1 12 9 6 28 4 1 20 5 16 30 2.70999124060388841 4 16 12 3 15 8 12 5 12 14 24 10 2 23 3 18 1 4 17 30 2.70999124060388841 13 32 6.96245171630185755 16 9 2.70999124060388841 6 22 13 1 32 10 2 17 3 11 7 4 4.94126535182462057 9 11 3 16 2 17 2 12 20.5448250770568848 113.736455055962637 
1 1 9 6 28 4 15 3 6 16 30 2.70999124060388841 4 16 12 3 15 8 12 5 12 14 24 10 2 23 3 18 1 4 9 2 2.70999124060388841 10 16.1354543567662532 1 16 9 2.70999124060388841 6 22 13 1 32 10 2 17 3 18 26 9 15 32 12 3 16 2 17 2 12 22.190014123916626 84.9005633255633256 
14 12 5 6 28 4 15 3 6 16 30 2.70999124060388841 4 16 12 3 15 8 12 5 12 14 24 10 2 23 3 18 1 4 9 33 12 14 31 12 16 9 2.70999124060388841 6 22 13 1 32 10 15 14 11 18 26 9 14 18 12 3 16 2 17 2 12 21.1052439212799072 104.605214500464513 
14 24 5 6 28 4 15 3 6 16 30 2.70999124060388841 4 16 12 3 15 8 12 5 12 14 24 10 2 23 3 18 1 4 9 33 12 10 16.1354543567662532 1 16 9 2.70999124060388841 6 22 13 1 32 10 2 17 3 18 26 9 9 15 1 3 16 2 17 2 12 22.9322802424430847 76.5102774418563882 
18 8 2 6 28 4 15 3 6 16 30 2.70999124060388841 4 16 12 3 15 8 12 5 12 14 24 10 2 23 3 18 1 4 9 33 12 10 16.1354543567662532 1 16 9 2.70999124060388841 6 22 13 1 32 10 2 17 3 18 26 9 11 6 1 3 16 2 17 2 12 24.805103063583374 65.0940012539592487 
18 8 2 6 28 4 15 3 6 16 30 2.70999124060388841 4 16 12 3 15 8 12 5 12 14 24 10 2 23 3 18 1 4 11 15 1 10 16.1354543567662532 1 16 9 2.70999124060388841 6 22 13 1 32 10 2 17 3 18 26 9 4 4 1 3 16 2 17 2 12 26.3186070919036865 64.0711713714814408 
18 8 2 6 28 4 15 3 6 16 30 2.70999124060388841 4 16 12 3 15 8 12 5 12 14 24 10 2 23 3 18 1 4 9 33 12 10 16.1354543567662532 1 16 9 2.70999124060388841 6 22 13 1 32 10 2 17 3 18 26 9 10 6 7 3 16 2 17 2 12 24.4843231439590454 66.9045497337515371 
14 26 3 6 28 4 15 3 6 16 30 2.70999124060388841 4 16 12 3 15 8 12 5 12 14 24 10 2 23 3 18 1 4 9 33 12 10 16.1354543567662532 1 16 9 2.70999124060388841 6 22 13 1 32 10 2 17 3 18 26 9 14 24 5 3 16 2 17 2 12 22.3556191921234131 76.9027698921869529 
1 24 4 6 28 4 15 3 6 16 30 2.70999124060388841 4 16 12 3 15 8 12 5 12 14 24 10 2 23 3 18 1 4 14 6 13 10 16.1354543567662532 1 16 9 2.70999124060388841 6 22 13 1 32 10 2 17 3 18 26 9 13 30 8 3 16 2 17 2 12 21.3087660670280457 100.695599223617776 
14 25 5 6 28 4 15 3 6 16 30 2.70999124060388841 4 16 12 3 15 8 12 5 12 14 24 10 2 23 3 18 1 4 9 33 12 10 16.1354543567662532 1 16 9 2.70999124060388841 6 22 13 1 32 10 2 17 3 18 26 9 11 15 5 3 16 2 17 2 12 23.2606952786445618 71.4714064736123333 
18 8 2 6 28 4 15 3 6 16 30 2.70999124060388841 4 16 12 3 15 8 12 5 12 14 24 10 2 23 3 18 1 4 9 33 12 10 16.1354543567662532 1 16 9 2.70999124060388841 6 22 13 1 32 10 2 17 3 18 26 9 4 4 1 3 16 2 17 2 12 26.5026161670684814 63.1834794731558418 
18 8 2 6 28 4 15 3 6 16 30 2.70999124060388841 4 16 12 3 15 8 12 5 12 14 24 10 2 23 3 18 1 4 9 33 12 10 16.1354543567662532 1 16 9 2.70999124060388841 6 22 13 1 32 10 14 24 4 18 26 9 9 25 1 3 16 2 17 2 12 23.60350701212883 67.0072591025459872 
14 6 5 6 28 4 15 3 6 16 30 2.70999124060388841 4 16 12 3 15 8 12 5 12 14 24 10 2 23 3 18 1 4 9 33 12 10 16.1354543567662532 1 16 9 2.70999124060388841 6 22 13 1 32 10 2 17 3 18 26 9 5 19 4 3 16 2 17 2 12 23.1730202436447144 74.8931824347515089 
18 8 2 6 28 4 15 3 6 16 30 2.70999124060388841 4 16 12 3 15 8 12 5 12 14 24 10 2 23 3 18 1 4 9 18 2 10 16.1354543567662532 1 16 9 2.70999124060388841 6 22 13 1 32 10 2 17 3 18 26 9 4 4 1 3 16 2 17 2 12 25.8550890684127808 64.6747362186824688 
14 5.34074699537910114 6 6 28 4 15 3 6 16 30 2.70999124060388841 4 16 12 3 15 8 12 5 12 14 24 10 2 23 3 18 1 4 4 15 11 10 16.1354543567662532 1 16 9 2.70999124060388841 6 22 13 1 32 10 2 17 3 18 26 9 4 14 6.96245171630185755 3 16 2 17 2 12 22.2032651305198669 83.7513850289166584 
14 11 6 6 28 4 15 3 6 16 30 2.70999124060388841 4 16 12 3 15 8 12 5 12 14 24 10 2 23 3 18 1 4 9 33 12 10 16.1354543567662532 1 16 9 2.70999124060388841 6 22 13 1 32 10 2 17 3 18 26 9 4 6 8 3 16 2 17 2 12 23.0481561422348022 75.4317922638543479 
18 8 2 6 28 4 15 3 6 16 30 2.70999124060388841 4 16 12 3 15 8 12 5 12 14 24 10 5 32 5 18 1 4 9 33 12 10 16.1354543567662532 1 16 9 2.70999124060388841 6 22 13 1 32 10 2 17 3 18 26 9 4 4 1 3 16 2 17 2 12 26.2935361862182617 64.088503863688473 
15 26 3 6 28 4 15 3 6 16 30 2.70999124060388841 4 16 12 3 15 8 12 5 12 14 24 10 15 30 9 18 1 4 14 24 9 10 16.1354543567662532 1 16 9 2.70999124060388841 6 22 13 1 32 10 2 17 3 18 26 9 14 7 9 3 16 2 17 2 12 20.7093423008918762 106.150520057073422 
14 32 3 6 28 4 15 3 6 16 30 2.70999124060388841 4 16 12 3 15 8 12 5 12 14 24 10 2 23 3 18 1 4 3 26 1 10 16.1354543567662532 1 16 9 2.70999124060388841 6 22 13 1 32 10 2 17 3 18 26 9 14 6 7 3 16 2 17 2 12 21.4664271473884583 85.6996988147841989 
14 12 9 3 6 8 2 19 2 3.36768017929769181 6 11 6 18 13 17 24 12 3 12 6.96245171630185755 14 31 3.84646942076222631 4 17 4 9 16 2 13 6 12 3 13 11 8 23 4 6 26 9.82524131762891173 1 1 7 17.8244721320812971 31 11 16 1 1 13 25 6 1 6 1 15 20 3 17.4572547972202301 191.214615939615925 
9 24 13 10 17 10 17 9 13 1 22 3 6 24 4 14 5.34074699537910114 10 13 19 2 1 3 5 4 9 6 9 32 10 16 2 2 17 18 1 9 1 8 14 18 2 13 20 9 4 32 13 13 2 4 14 26 1 3 31 13 6 28 7 18.8792528510093689 172.324019118136761 
1 1 2.70999124060388841 2 8 1 8 12 12 17 29 11 16 1 6.96245171630185755 2 30 7 2 26 13 1 15 8 6 16 1 1 24 13 3 1 5 3 25 5 17 18 3.84646942076222631 1 32 11 6 22 2 18 20 4 3 15 4 16 6 1 6 5 12 9 9 4 20.1031118631362915 171.2771252209333 
18 8 2 6 28 4 15 3 6 16 30 2.70999124060388841 4 16 12 3 15 8 11 21 11 14 24 10 2 23 3 18 1 4 12 31 2 10 16.1354543567662532 1 16 9 2.70999124060388841 6 22 13 1 32 10 2 17 3 18 26 9 4 4 1 3 16 2 17 2 12 27.1127591133117676 63.0880643922715691 
18 8 2 6 28 4 1 3 6 16 30 2.70999124060388841 4 16 12 3 15 8 11 21 11 14 24 10 2 23 3 18 1 4 9 33 12 10 16.1354543567662532 1 16 9 2.70999124060388841 6 22 13 1 32 10 2 17 3 18 26 9 4 4 1 3 16 2 17 2 12 27.999481201171875 62.8567707216237821 
18 8 2 6 28 4 15 3 6 16 30 2.70999124060388841 4 16 12 3 15 8 11 21 11 14 24 10 2 23 3 18 1 4 12 8 2 10 16.1354543567662532 1 16 9 2.70999124060388841 6 22 13 1 32 10 2 17 3 18 26 9 4 4 1 3 16 2 17 2 12 27.5463550090789795 62.9142076233357912 
18 8 2 6 28 4 15 3 6 16 30 2.70999124060388841 4 16 12 3 15 8 11 21 11 14 24 10 2 23 3 18 1 4 9 33 12 10 16.1354543567662532 1 16 9 2.70999124060388841 6 22 13 1 32 10 2 17 3 18 26 9 4 4 1 3 16 2 17 2 12 28.0506781339645386 61.7481375462325559 
1 17 10 15 24 6 17 9 6 10 30 8 16 18 1 6 25 4 2 24 4 4 15 9 14 25 9 13 20 7 6 25 12 1 15 13 8 11 4 14 15 8 16 31 2 8 18 5 3 6 4 13 16 9 4 18 5 14 14 13 17.2902359366416931 210.165864974378906 
18 8 2 6 28 4 15 3 6 16 30 2.70999124060388841 4 16 12 3 15 8 11 21 11 14 24 10 2 23 3 18 1 4 9 33 12 10 16.1354543567662532 1 16 9 2.70999124060388841 6 22 13 1 32 10 2 17 3 18 26 9 12 15 1 3 16 2 17 2 12 25.9558190107345581 64.4275692049214825 
12 31 2.70999124060388841 10 25 4 4 6 6.96245171630185755 6 24 8 12 30 8 15 19 10 17 8 2 14 22 9 4.94126535182462057 12 5 4 15 11 6 9 7 5 1 9.82524131762891173 4 21 2 15 24 9 16 12 1 14 26 7 4 3 1 14 31.8448655754823804 3 13 24 5 13 3 13 18.4227760136127472 177.929282104204702 
12 24 4 6 28 4 15 3 6 16 30 2.70999124060388841 4 16 12 3 15 8 8 14 7 14 24 10 2 23 3 4 26 4 9 33 12 3.36768017929769181 25 10 16 9 2.70999124060388841 6 22 13 1 32 10 2 17 3 6 15 12 9 20 10 3 16 2 17 2 12 20.4471720457077026 129.680310920550994 
4 14 13 14 12 3 6 19 1 1 30 5 14 24 2 8 32 9 1 22 6 1 9 7 15 14 2 14 2 2 8 1 12 9 5.34074699537910114 6.96245171630185755 13 26 9 6 6 13 16 15 1 17 31 3.84646942076222631 13 3 9.82524131762891173 6 26 5 15 8 12 16 15 13.151007650947605 17.3958387970924377 199.372065698015064 

Current Evaluation = 70000000(70000180)
Front Size = 32
1 12 9 6 28 4 1 20 5 16 30 2.70999124060388841 4 16 12 3 15 8 12 5 12 14 24 10 2 23 3 18 1 4 17 30 2.70999124060388841 13 32 6.96245171630185755 16 9 2.70999124060388841 6 22 13 1 32 10 2 17 3 11 7 4 4.94126535182462057 9 11 3 16 2 17 2 12 20.5448250770568848 113.736455055962637 
1 1 9 6 28 4 15 3 6 16 30 2.70999124060388841 4 16 12 3 15 8 12 5 12 14 24 10 2 23 3 18 1 4 9 2 2.70999124060388841 10 16.1354543567662532 1 16 9 2.70999124060388841 6 22 13 1 32 10 2 17 3 18 26 9 15 32 12 3 16 2 17 2 12 22.190014123916626 84.9005633255633256 
14 12 5 6 28 4 15 3 6 16 30 2.70999124060388841 4 16 12 3 15 8 12 5 12 14 24 10 2 23 3 18 1 4 9 33 12 14 31 12 16 9 2.70999124060388841 6 22 13 1 32 10 15 14 11 18 26 9 14 18 12 3 16 2 17 2 12 21.1052439212799072 104.605214500464513 
14 24 5 6 28 4 15 3 6 16 30 2.70999124060388841 4 16 12 3 15 8 12 5 12 14 24 10 2 23 3 18 1 4 9 33 12 10 16.1354543567662532 1 16 9 2.70999124060388841 6 22 13 1 32 10 2 17 3 18 26 9 9 15 1 3 16 2 17 2 12 22.9322802424430847 76.5102774418563882 
18 8 2 6 28 4 15 3 6 16 30 2.70999124060388841 4 16 12 3 15 8 12 5 12 14 24 10 2 23 3 18 1 4 9 33 12 10 16.1354543567662532 1 16 9 2.70999124060388841 6 22 13 1 32 10 2 17 3 18 26 9 11 6 1 3 16 2 17 2 12 24.805103063583374 65.0940012539592487 
18 8 2 6 28 4 15 3 6 16 30 2.70999124060388841 4 16 12 3 15 8 12 5 12 14 24 10 2 23 3 18 1 4 11 15 1 10 16.1354543567662532 1 16 9 2.70999124060388841 6 22 13 1 32 10 2 17 3 18 26 9 4 4 1 3 16 2 17 2 12 26.3186070919036865 64.0711713714814408 
18 8 2 6 28 4 15 3 6 16 30 2.70999124060388841 4 16 12 3 15 8 12 5 12 14 24 10 2 23 3 18 1 4 9 33 12 10 16.1354543567662532 1 16 9 2.70999124060388841 6 22 13 1 32 10 2 17 3 18 26 9 10 6 7 3 16 2 17 2 12 24.4843231439590454 66.9045497337515371 
14 26 3 6 28 4 15 3 6 16 30 2.70999124060388841 4 16 12 3 15 8 12 5 12 14 24 10 2 23 3 18 1 4 9 33 12 10 16.1354543567662532 1 16 9 2.70999124060388841 6 22 13 1 32 10 2 17 3 18 26 9 14 24 5 3 16 2 17 2 12 22.3556191921234131 76.9027698921869529 
1 24 4 6 28 4 15 3 6 16 30 2.70999124060388841 4 16 12 3 15 8 12 5 12 14 24 10 2 23 3 18 1 4 14 6 13 10 16.1354543567662532 1 16 9 2.70999124060388841 6 22 13 1 32 10 2 17 3 18 26 9 13 30 8 3 16 2 17 2 12 21.3087660670280457 100.695599223617776 
14 25 5 6 28 4 15 3 6 16 30 2.70999124060388841 4 16 12 3 15 8 12 5 12 14 24 10 2 23 3 18 1 4 9 33 12 10 16.1354543567662532 1 16 9 2.70999124060388841 6 22 13 1 32 10 2 17 3 18 26 9 11 15 5 3 16 2 17 2 12 23.2606952786445618 71.4714064736123333 
18 8 2 6 28 4 15 3 6 16 30 2.70999124060388841 4 16 12 3 15 8 12 5 12 14 24 10 2 23 3 18 1 4 9 33 12 10 16.1354543567662532 1 16 9 2.70999124060388841 6 22 13 1 32 10 2 17 3 18 26 9 4 4 1 3 16 2 17 2 12 26.5026161670684814 63.1834794731558418 
18 8 2 6 28 4 15 3 6 16 30 2.70999124060388841 4 16 12 3 15 8 12 5 12 14 24 10 2 23 3 18 1 4 9 33 12 10 16.1354543567662532 1 16 9 2.70999124060388841 6 22 13 1 32 10 14 24 4 18 26 9 9 25 1 3 16 2 17 2 12 23.60350701212883 67.0072591025459872 
14 6 5 6 28 4 15 3 6 16 30 2.70999124060388841 4 16 12 3 15 8 12 5 12 14 24 10 2 23 3 18 1 4 9 33 12 10 16.1354543567662532 1 16 9 2.70999124060388841 6 22 13 1 32 10 2 17 3 18 26 9 5 19 4 3 16 2 17 2 12 23.1730202436447144 74.8931824347515089 
18 8 2 6 28 4 15 3 6 16 30 2.70999124060388841 4 16 12 3 15 8 12 5 12 14 24 10 2 23 3 18 1 4 9 18 2 10 16.1354543567662532 1 16 9 2.70999124060388841 6 22 13 1 32 10 2 17 3 18 26 9 4 4 1 3 16 2 17 2 12 25.8550890684127808 64.6747362186824688 
14 5.34074699537910114 6 6 28 4 15 3 6 16 30 2.70999124060388841 4 16 12 3 15 8 12 5 12 14 24 10 2 23 3 18 1 4 4 15 11 10 16.1354543567662532 1 16 9 2.70999124060388841 6 22 13 1 32 10 2 17 3 18 26 9 4 14 6.96245171630185755 3 16 2 17 2 12 22.2032651305198669 83.7513850289166584 
14 11 6 6 28 4 15 3 6 16 30 2.70999124060388841 4 16 12 3 15 8 12 5 12 14 24 10 2 23 3 18 1 4 9 33 12 10 16.1354543567662532 1 16 9 2.70999124060388841 6 22 13 1 32 10 2 17 3 18 26 9 4 6 8 3 16 2 17 2 12 23.0481561422348022 75.4317922638543479 
18 8 2 6 28 4 15 3 6 16 30 2.70999124060388841 4 16 12 3 15 8 12 5 12 14 24 10 5 32 5 18 1 4 9 33 12 10 16.1354543567662532 1 16 9 2.70999124060388841 6 22 13 1 32 10 2 17 3 18 26 9 4 4 1 3 16 2 17 2 12 26.2935361862182617 64.088503863688473 
15 26 3 6 28 4 15 3 6 16 30 2.70999124060388841 4 16 12 3 15 8 12 5 12 14 24 10 15 30 9 18 1 4 14 24 9 10 16.1354543567662532 1 16 9 2.70999124060388841 6 22 13 1 32 10 2 17 3 18 26 9 14 7 9 3 16 2 17 2 12 20.7093423008918762 106.150520057073422 
14 32 3 6 28 4 15 3 6 16 30 2.70999124060388841 4 16 12 3 15 8 12 5 12 14 24 10 2 23 3 18 1 4 3 26 1 10 16.1354543567662532 1 16 9 2.70999124060388841 6 22 13 1 32 10 2 17 3 18 26 9 14 6 7 3 16 2 17 2 12 21.4664271473884583 85.6996988147841989 
14 12 9 3 6 8 2 19 2 3.36768017929769181 6 11 6 18 13 17 24 12 3 12 6.96245171630185755 14 31 3.84646942076222631 4 17 4 9 16 2 13 6 12 3 13 11 8 23 4 6 26 9.82524131762891173 1 1 7 17.8244721320812971 31 11 16 1 1 13 25 6 1 6 1 15 20 3 17.4572547972202301 191.214615939615925 
9 24 13 10 17 10 17 9 13 1 22 3 6 24 4 14 5.34074699537910114 10 13 19 2 1 3 5 4 9 6 9 32 10 16 2 2 17 18 1 9 1 8 14 18 2 13 20 9 4 32 13 13 2 4 14 26 1 3 31 13 6 28 7 18.8792528510093689 172.324019118136761 
1 1 2.70999124060388841 2 8 1 8 12 12 17 29 11 16 1 6.96245171630185755 2 30 7 2 26 13 1 15 8 6 16 1 1 24 13 3 1 5 3 25 5 17 18 3.84646942076222631 1 32 11 6 22 2 18 20 4 3 15 4 16 6 1 6 5 12 9 9 4 20.1031118631362915 171.2771252209333 
18 8 2 6 28 4 15 3 6 16 30 2.70999124060388841 4 16 12 3 15 8 11 21 11 14 24 10 2 23 3 18 1 4 12 31 2 10 16.1354543567662532 1 16 9 2.70999124060388841 6 22 13 1 32 10 2 17 3 18 26 9 4 4 1 3 16 2 17 2 12 27.1127591133117676 63.0880643922715691 
18 8 2 6 28 4 15 3 6 16 30 2.70999124060388841 4 16 12 3 15 8 11 21 11 14 24 10 2 23 3 18 1 4 12 8 2 10 16.1354543567662532 1 16 9 2.70999124060388841 6 22 13 1 32 10 2 17 3 18 26 9 4 4 1 3 16 2 17 2 12 27.5463550090789795 62.9142076233357912 
18 8 2 6 28 4 15 3 6 16 30 2.70999124060388841 4 16 12 3 15 8 11 21 11 14 24 10 2 23 3 18 1 4 9 33 12 10 16.1354543567662532 1 16 9 2.70999124060388841 6 22 13 1 32 10 2 17 3 18 26 9 4 4 1 3 16 2 17 2 12 28.0506781339645386 61.7481375462325559 
1 17 10 15 24 6 17 9 6 10 30 8 16 18 1 6 25 4 2 24 4 4 15 9 14 25 9 13 20 7 6 25 12 1 15 13 8 11 4 14 15 8 16 31 2 8 18 5 3 6 4 13 16 9 4 18 5 14 14 13 17.2902359366416931 210.165864974378906 
18 8 2 6 28 4 15 3 6 16 30 2.70999124060388841 4 16 12 3 15 8 11 21 11 14 24 10 2 23 3 18 1 4 9 33 12 10 16.1354543567662532 1 16 9 2.70999124060388841 6 22 13 1 32 10 2 17 3 18 26 9 12 15 1 3 16 2 17 2 12 25.9558190107345581 64.4275692049214825 
12 31 2.70999124060388841 10 25 4 4 6 6.96245171630185755 6 24 8 12 30 8 15 19 10 17 8 2 14 22 9 4.94126535182462057 12 5 4 15 11 6 9 7 5 1 9.82524131762891173 4 21 2 15 24 9 16 12 1 14 26 7 4 3 1 14 31.8448655754823804 3 13 24 5 13 3 13 18.4227760136127472 177.929282104204702 
12 24 4 6 28 4 15 3 6 16 30 2.70999124060388841 4 16 12 3 15 8 8 14 7 14 24 10 2 23 3 4 26 4 9 33 12 3.36768017929769181 25 10 16 9 2.70999124060388841 6 22 13 1 32 10 2 17 3 6 15 12 9 20 10 3 16 2 17 2 12 20.4471720457077026 129.680310920550994 
4 14 13 14 12 3 6 19 1 1 30 5 14 24 2 8 32 9 1 22 6 1 9 7 15 14 2 14 2 2 8 1 12 9 5.34074699537910114 6.96245171630185755 13 26 9 6 6 13 16 15 1 17 31 3.84646942076222631 13 3 9.82524131762891173 6 26 5 15 8 12 16 15 13.151007650947605 17.3958387970924377 199.372065698015064 
18 2 2 6 28 4 15 3 6 16 30 2.70999124060388841 4 16 12 3 15 8 11 21 11 14 24 10 2 23 3 18 1 4 9 33 12 10 16.1354543567662532 1 16 9 2.70999124060388841 6 22 13 1 32 10 2 17 3 18 26 9 4 4 1 3 16 2 17 2 12 27.9159241914749146 62.6544334767231206 
6 24 12 13 30 10 5 25 4 16 9 5 15 1 7 3.36768017929769181 8 6 9.25570237641795579 18 6 16 30 11 16 13 11 14 33 9 12 23 9 15 12 4 4.94126535182462057 32 9 1 26 4 17 30 1 6 1 2 3 24 4 6 6 9.82524131762891173 8 28 13.151007650947605 2 26 9 18.2031587958335876 189.102836944716614 

Current Evaluation = 80000000(80000070)
Front Size = 32
1 12 9 6 28 4 1 20 5 16 30 2.70999124060388841 4 16 12 3 15 8 12 5 12 14 24 10 2 23 3 18 1 4 17 30 2.70999124060388841 13 32 6.96245171630185755 16 9 2.70999124060388841 6 22 13 1 32 10 2 17 3 11 7 4 4.94126535182462057 9 11 3 16 2 17 2 12 20.5448250770568848 113.736455055962637 
1 1 9 6 28 4 15 3 6 16 30 2.70999124060388841 4 16 12 3 15 8 12 5 12 14 24 10 2 23 3 18 1 4 9 2 2.70999124060388841 10 16.1354543567662532 1 16 9 2.70999124060388841 6 22 13 1 32 10 2 17 3 18 26 9 15 32 12 3 16 2 17 2 12 22.190014123916626 84.9005633255633256 
14 12 5 6 28 4 15 3 6 16 30 2.70999124060388841 4 16 12 3 15 8 12 5 12 14 24 10 2 23 3 18 1 4 9 33 12 14 31 12 16 9 2.70999124060388841 6 22 13 1 32 10 15 14 11 18 26 9 14 18 12 3 16 2 17 2 12 21.1052439212799072 104.605214500464513 
14 24 5 6 28 4 15 3 6 16 30 2.70999124060388841 4 16 12 3 15 8 12 5 12 14 24 10 2 23 3 18 1 4 9 33 12 10 16.1354543567662532 1 16 9 2.70999124060388841 6 22 13 1 32 10 2 17 3 18 26 9 9 15 1 3 16 2 17 2 12 22.9322802424430847 76.5102774418563882 
18 8 2 6 28 4 15 3 6 16 30 2.70999124060388841 4 16 12 3 15 8 12 5 12 14 24 10 2 23 3 18 1 4 9 33 12 10 16.1354543567662532 1 16 9 2.70999124060388841 6 22 13 1 32 10 2 17 3 18 26 9 11 6 1 3 16 2 17 2 12 24.805103063583374 65.0940012539592487 
18 8 2 6 28 4 15 3 6 16 30 2.70999124060388841 4 16 12 3 15 8 12 5 12 14 24 10 2 23 3 18 1 4 11 15 1 10 16.1354543567662532 1 16 9 2.70999124060388841 6 22 13 1 32 10 2 17 3 18 26 9 4 4 1 3 16 2 17 2 12 26.3186070919036865 64.0711713714814408 
18 8 2 6 28 4 15 3 6 16 30 2.70999124060388841 4 16 12 3 15 8 12 5 12 14 24 10 2 23 3 18 1 4 9 33 12 10 16.1354543567662532 1 16 9 2.70999124060388841 6 22 13 1 32 10 2 17 3 18 26 9 10 6 7 3 16 2 17 2 12 24.4843231439590454 66.9045497337515371 
14 26 3 6 28 4 15 3 6 16 30 2.70999124060388841 4 16 12 3 15 8 12 5 12 14 24 10 2 23 3 18 1 4 9 33 12 10 16.1354543567662532 1 16 9 2.70999124060388841 6 22 13 1 32 10 2 17 3 18 26 9 14 24 5 3 16 2 17 2 12 22.3556191921234131 76.9027698921869529 
1 24 4 6 28 4 15 3 6 16 30 2.70999124060388841 4 16 12 3 15 8 12 5 12 14 24 10 2 23 3 18 1 4 14 6 13 10 16.1354543567662532 1 16 9 2.70999124060388841 6 22 13 1 32 10 2 17 3 18 26 9 13 30 8 3 16 2 17 2 12 21.3087660670280457 100.695599223617776 
14 25 5 6 28 4 15 3 6 16 30 2.70999124060388841 4 16 12 3 15 8 12 5 12 14 24 10 2 23 3 18 1 4 9 33 12 10 16.1354543567662532 1 16 9 2.70999124060388841 6 22 13 1 32 10 2 17 3 18 26 9 11 15 5 3 16 2 17 2 12 23.2606952786445618 71.4714064736123333 
18 8 2 6 28 4 15 3 6 16 30 2.70999124060388841 4 16 12 3 15 8 12 5 12 14 24 10 2 23 3 18 1 4 9 33 12 10 16.1354543567662532 1 16 9 2.70999124060388841 6 22 13 1 32 10 2 17 3 18 26 9 4 4 1 3 16 2 17 2 12 26.5026161670684814 63.1834794731558418 
18 8 2 6 28 4 15 3 6 16 30 2.70999124060388841 4 16 12 3 15 8 12 5 12 14 24 10 2 23 3 18 1 4 9 33 12 10 16.1354543567662532 1 16 9 2.70999124060388841 6 22 13 1 32 10 14 24 4 18 26 9 9 25 1 3 16 2 17 2 12 23.60350701212883 67.0072591025459872 
14 6 5 6 28 4 15 3 6 16 30 2.70999124060388841 4 16 12 3 15 8 12 5 12 14 24 10 2 23 3 18 1 4 9 33 12 10 16.1354543567662532 1 16 9 2.70999124060388841 6 22 13 1 32 10 2 17 3 18 26 9 5 19 4 3 16 2 17 2 12 23.1730202436447144 74.8931824347515089 
18 8 2 6 28 4 15 3 6 16 30 2.70999124060388841 4 16 12 3 15 8 12 5 12 14 24 10 2 23 3 18 1 4 9 18 2 10 16.1354543567662532 1 16 9 2.70999124060388841 6 22 13 1 32 10 2 17 3 18 26 9 4 4 1 3 16 2 17 2 12 25.8550890684127808 64.6747362186824688 
14 5.34074699537910114 6 6 28 4 15 3 6 16 30 2.70999124060388841 4 16 12 3 15 8 12 5 12 14 24 10 2 23 3 18 1 4 4 15 11 10 16.1354543567662532 1 16 9 2.70999124060388841 6 22 13 1 32 10 2 17 3 18 26 9 4 14 6.96245171630185755 3 16 2 17 2 12 22.2032651305198669 83.7513850289166584 
14 11 6 6 28 4 15 3 6 16 30 2.70999124060388841 4 16 12 3 15 8 12 5 12 14 24 10 2 23 3 18 1 4 9 33 12 10 16.1354543567662532 1 16 9 2.70999124060388841 6 22 13 1 32 10 2 17 3 18 26 9 4 6 8 3 16 2 17 2 12 23.0481561422348022 75.4317922638543479 
18 8 2 6 28 4 15 3 6 16 30 2.70999124060388841 4 16 12 3 15 8 12 5 12 14 24 10 5 32 5 18 1 4 9 33 12 10 16.1354543567662532 1 16 9 2.70999124060388841 6 22 13 1 32 10 2 17 3 18 26 9 4 4 1 3 16 2 17 2 12 26.2935361862182617 64.088503863688473 
15 26 3 6 28 4 15 3 6 16 30 2.70999124060388841 4 16 12 3 15 8 12 5 12 14 24 10 15 30 9 18 1 4 14 24 9 10 16.1354543567662532 1 16 9 2.70999124060388841 6 22 13 1 32 10 2 17 3 18 26 9 14 7 9 3 16 2 17 2 12 20.7093423008918762 106.150520057073422 
14 32 3 6 28 4 15 3 6 16 30 2.70999124060388841 4 16 12 3 15 8 12 5 12 14 24 10 2 23 3 18 1 4 3 26 1 10 16.1354543567662532 1 16 9 2.70999124060388841 6 22 13 1 32 10 2 17 3 18 26 9 14 6 7 3 16 2 17 2 12 21.4664271473884583 85.6996988147841989 
14 12 9 3 6 8 2 19 2 3.36768017929769181 6 11 6 18 13 17 24 12 3 12 6.96245171630185755 14 31 3.84646942076222631 4 17 4 9 16 2 13 6 12 3 13 11 8 23 4 6 26 9.82524131762891173 1 1 7 17.8244721320812971 31 11 16 1 1 13 25 6 1 6 1 15 20 3 17.4572547972202301 191.214615939615925 
9 24 13 10 17 10 17 9 13 1 22 3 6 24 4 14 5.34074699537910114 10 13 19 2 1 3 5 4 9 6 9 32 10 16 2 2 17 18 1 9 1 8 14 18 2 13 20 9 4 32 13 13 2 4 14 26 1 3 31 13 6 28 7 18.8792528510093689 172.324019118136761 
1 1 2.70999124060388841 2 8 1 8 12 12 17 29 11 16 1 6.96245171630185755 2 30 7 2 26 13 1 15 8 6 16 1 1 24 13 3 1 5 3 25 5 17 18 3.84646942076222631 1 32 11 6 22 2 18 20 4 3 15 4 16 6 1 6 5 12 9 9 4 20.1031118631362915 171.2771252209333 
18 8 2 6 28 4 15 3 6 16 30 2.70999124060388841 4 16 12 3 15 8 11 21 11 14 24 10 2 23 3 18 1 4 12 31 2 10 16.1354543567662532 1 16 9 2.70999124060388841 6 22 13 1 32 10 2 17 3 18 26 9 4 4 1 3 16 2 17 2 12 27.1127591133117676 63.0880643922715691 
18 8 2 6 28 4 15 3 6 16 30 2.70999124060388841 4 16 12 3 15 8 11 21 11 14 24 10 2 23 3 18 1 4 9 33 12 10 16.1354543567662532 1 16 9 2.70999124060388841 6 22 13 1 32 10 2 17 3 18 26 9 4 4 1 3 16 2 17 2 12 28.0506781339645386 61.7481375462325559 
1 17 10 15 24 6 17 9 6 10 30 8 16 18 1 6 25 4 2 24 4 4 15 9 14 25 9 13 20 7 6 25 12 1 15 13 8 11 4 14 15 8 16 31 2 8 18 5 3 6 4 13 16 9 4 18 5 14 14 13 17.2902359366416931 210.165864974378906 
18 8 2 6 28 4 15 3 6 16 30 2.70999124060388841 4 16 12 3 15 8 11 21 11 14 24 10 2 23 3 18 1 4 9 33 12 10 16.1354543567662532 1 16 9 2.70999124060388841 6 22 13 1 32 10 2 17 3 18 26 9 12 15 1 3 16 2 17 2 12 25.9558190107345581 64.4275692049214825 
12 31 2.70999124060388841 10 25 4 4 6 6.96245171630185755 6 24 8 12 30 8 15 19 10 17 8 2 14 22 9 4.94126535182462057 12 5 4 15 11 6 9 7 5 1 9.82524131762891173 4 21 2 15 24 9 16 12 1 14 26 7 4 3 1 14 31.8448655754823804 3 13 24 5 13 3 13 18.4227760136127472 177.929282104204702 
12 24 4 6 28 4 15 3 6 16 30 2.70999124060388841 4 16 12 3 15 8 8 14 7 14 24 10 2 23 3 4 26 4 9 33 12 3.36768017929769181 25 10 16 9 2.70999124060388841 6 22 13 1 32 10 2 17 3 6 15 12 9 20 10 3 16 2 17 2 12 20.4471720457077026 129.680310920550994 
4 14 13 14 12 3 6 19 1 1 30 5 14 24 2 8 32 9 1 22 6 1 9 7 15 14 2 14 2 2 8 1 12 9 5.34074699537910114 6.96245171630185755 13 26 9 6 6 13 16 15 1 17 31 3.84646942076222631 13 3 9.82524131762891173 6 26 5 15 8 12 16 15 13.151007650947605 17.3958387970924377 199.372065698015064 
6 24 12 13 30 10 5 25 4 16 9 5 15 1 7 3.36768017929769181 8 6 9.25570237641795579 18 6 16 30 11 16 13 11 14 33 9 12 23 9 15 12 4 4.94126535182462057 32 9 1 26 4 17 30 1 6 1 2 3 24 4 6 6 9.82524131762891173 8 28 13.151007650947605 2 26 9 18.2031587958335876 189.102836944716614 
16 31 8 3 1 1 1 26 6 10 32 4 12 26 4 13 6 6 14 17 11 8 2 9 17 31 2.70999124060388841 9.25570237641795579 26 4 10 24 9 4 6 10 6 24 3 17 32 1 15 16 11 4 29 1 1 6 4 3 1 4 8 15 13 18 22 7 19.8368848562240601 171.470031691900772 
18 8 2 6 28 4 15 3 6 16 30 2.70999124060388841 4 16 12 3 15 8 11 21 11 14 24 10 2 23 3 18 1 4 9 31 2.70999124060388841 10 16.1354543567662532 1 16 9 2.70999124060388841 6 22 13 1 32 10 2 17 3 18 26 9 4 4 1 3 16 2 17 2 12 27.237421989440918 62.3492341214612651 

Current Evaluation = 90000000(90000150)
Front Size = 32
1 12 9 6 28 4 1 20 5 16 30 2.70999124060388841 4 16 12 3 15 8 12 5 12 14 24 10 2 23 3 18 1 4 17 30 2.70999124060388841 13 32 6.96245171630185755 16 9 2.70999124060388841 6 22 13 1 32 10 2 17 3 11 7 4 4.94126535182462057 9 11 3 16 2 17 2 12 20.5448250770568848 113.736455055962637 
1 1 9 6 28 4 15 3 6 16 30 2.70999124060388841 4 16 12 3 15 8 12 5 12 14 24 10 2 23 3 18 1 4 9 2 2.70999124060388841 10 16.1354543567662532 1 16 9 2.70999124060388841 6 22 13 1 32 10 2 17 3 18 26 9 15 32 12 3 16 2 17 2 12 22.190014123916626 84.9005633255633256 
14 12 5 6 28 4 15 3 6 16 30 2.70999124060388841 4 16 12 3 15 8 12 5 12 14 24 10 2 23 3 18 1 4 9 33 12 14 31 12 16 9 2.70999124060388841 6 22 13 1 32 10 15 14 11 18 26 9 14 18 12 3 16 2 17 2 12 21.1052439212799072 104.605214500464513 
14 24 5 6 28 4 15 3 6 16 30 2.70999124060388841 4 16 12 3 15 8 12 5 12 14 24 10 2 23 3 18 1 4 9 33 12 10 16.1354543567662532 1 16 9 2.70999124060388841 6 22 13 1 32 10 2 17 3 18 26 9 9 15 1 3 16 2 17 2 12 22.9322802424430847 76.5102774418563882 
18 8 2 6 28 4 15 3 6 16 30 2.70999124060388841 4 16 12 3 15 8 12 5 12 14 24 10 2 23 3 18 1 4 9 33 12 10 16.1354543567662532 1 16 9 2.70999124060388841 6 22 13 1 32 10 2 17 3 18 26 9 11 6 1 3 16 2 17 2 12 24.805103063583374 65.0940012539592487 
18 8 2 6 28 4 15 3 6 16 30 2.70999124060388841 4 16 12 3 15 8 12 5 12 14 24 10 2 23 3 18 1 4 11 15 1 10 16.1354543567662532 1 16 9 2.70999124060388841 6 22 13 1 32 10 2 17 3 18 26 9 4 4 1 3 16 2 17 2 12 26.3186070919036865 64.0711713714814408 
18 8 2 6 28 4 15 3 6 16 30 2.70999124060388841 4 16 12 3 15 8 12 5 12 14 24 10 2 23 3 18 1 4 9 33 12 10 16.1354543567662532 1 16 9 2.70999124060388841 6 22 13 1 32 10 2 17 3 18 26 9 10 6 7 3 16 2 17 2 12 24.4843231439590454 66.9045497337515371 
14 26 3 6 28 4 15 3 6 16 30 2.70999124060388841 4 16 12 3 15 8 12 5 12 14 24 10 2 23 3 18 1 4 9 33 12 10 16.1354543567662532 1 16 9 2.70999124060388841 6 22 13 1 32 10 2 17 3 18 26 9 14 24 5 3 16 2 17 2 12 22.3556191921234131 76.9027698921869529 
1 24 4 6 28 4 15 3 6 16 30 2.70999124060388841 4 16 12 3 15 8 12 5 12 14 24 10 2 23 3 18 1 4 14 6 13 10 16.1354543567662532 1 16 9 2.70999124060388841 6 22 13 1 32 10 2 17 3 18 26 9 13 30 8 3 16 2 17 2 12 21.3087660670280457 100.695599223617776 
14 25 5 6 28 4 15 3 6 16 30 2.70999124060388841 4 16 12 3 15 8 12 5 12 14 24 10 2 23 3 18 1 4 9 33 12 10 16.1354543567662532 1 16 9 2.70999124060388841 6 22 13 1 32 10 2 17 3 18 26 9 11 15 5 3 16 2 17 2 12 23.2606952786445618 71.4714064736123333 
18 8 2 6 28 4 15 3 6 16 30 2.70999124060388841 4 16 12 3 15 8 12 5 12 14 24 10 2 23 3 18 1 4 9 33 12 10 16.1354543567662532 1 16 9 2.70999124060388841 6 22 13 1 32 10 2 17 3 18 26 9 4 4 1 3 16 2 17 2 12 26.5026161670684814 63.1834794731558418 
18 8 2 6 28 4 15 3 6 16 30 2.70999124060388841 4 16 12 3 15 8 12 5 12 14 24 10 2 23 3 18 1 4 9 33 12 10 16.1354543567662532 1 16 9 2.70999124060388841 6 22 13 1 32 10 14 24 4 18 26 9 9 25 1 3 16 2 17 2 12 23.60350701212883 67.0072591025459872 
14 6 5 6 28 4 15 3 6 16 30 2.70999124060388841 4 16 12 3 15 8 12 5 12 14 24 10 2 23 3 18 1 4 9 33 12 10 16.1354543567662532 1 16 9 2.70999124060388841 6 22 13 1 32 10 2 17 3 18 26 9 5 19 4 3 16 2 17 2 12 23.1730202436447144 74.8931824347515089 
18 8 2 6 28 4 15 3 6 16 30 2.70999124060388841 4 16 12 3 15 8 12 5 12 14 24 10 2 23 3 18 1 4 9 18 2 10 16.1354543567662532 1 16 9 2.70999124060388841 6 22 13 1 32 10 2 17 3 18 26 9 4 4 1 3 16 2 17 2 12 25.8550890684127808 64.6747362186824688 
14 5.34074699537910114 6 6 28 4 15 3 6 16 30 2.70999124060388841 4 16 12 3 15 8 12 5 12 14 24 10 2 23 3 18 1 4 4 15 11 10 16.1354543567662532 1 16 9 2.70999124060388841 6 22 13 1 32 10 2 17 3 18 26 9 4 14 6.96245171630185755 3 16 2 17 2 12 22.2032651305198669 83.7513850289166584 
14 11 6 6 28 4 15 3 6 16 30 2.70999124060388841 4 16 12 3 15 8 12 5 12 14 24 10 2 23 3 18 1 4 9 33 12 10 16.1354543567662532 1 16 9 2.70999124060388841 6 22 13 1 32 10 2 17 3 18 26 9 4 6 8 3 16 2 17 2 12 23.0481561422348022 75.4317922638543479 
18 8 2 6 28 4 15 3 6 16 30 2.70999124060388841 4 16 12 3 15 8 12 5 12 14 24 10 5 32 5 18 1 4 9 33 12 10 16.1354543567662532 1 16 9 2.70999124060388841 6 22 13 1 32 10 2 17 3 18 26 9 4 4 1 3 16 2 17 2 12 26.2935361862182617 64.088503863688473 
15 26 3 6 28 4 15 3 6 16 30 2.70999124060388841 4 16 12 3 15 8 12 5 12 14 24 10 15 30 9 18 1 4 14 24 9 10 16.1354543567662532 1 16 9 2.70999124060388841 6 22 13 1 32 10 2 17 3 18 26 9 14 7 9 3 16 2 17 2 12 20.7093423008918762 106.150520057073422 
14 32 3 6 28 4 15 3 6 16 30 2.70999124060388841 4 16 12 3 15 8 12 5 12 14 24 10 2 23 3 18 1 4 3 26 1 10 16.1354543567662532 1 16 9 2.70999124060388841 6 22 13 1 32 10 2 17 3 18 26 9 14 6 7 3 16 2 17 2 12 21.4664271473884583 85.6996988147841989 
14 12 9 3 6 8 2 19 2 3.36768017929769181 6 11 6 18 13 17 24 12 3 12 6.96245171630185755 14 31 3.84646942076222631 4 17 4 9 16 2 13 6 12 3 13 11 8 23 4 6 26 9.82524131762891173 1 1 7 17.8244721320812971 31 11 16 1 1 13 25 6 1 6 1 15 20 3 17.4572547972202301 191.214615939615925 
9 24 13 10 17 10 17 9 13 1 22 3 6 24 4 14 5.34074699537910114 10 13 19 2 1 3 5 4 9 6 9 32 10 16 2 2 17 18 1 9 1 8 14 18 2 13 20 9 4 32 13 13 2 4 14 26 1 3 31 13 6 28 7 18.8792528510093689 172.324019118136761 
1 1 2.70999124060388841 2 8 1 8 12 12 17 29 11 16 1 6.96245171630185755 2 30 7 2 26 13 1 15 8 6 16 1 1 24 13 3 1 5 3 25 5 17 18 3.84646942076222631 1 32 11 6 22 2 18 20 4 3 15 4 16 6 1 6 5 12 9 9 4 20.1031118631362915 171.2771252209333 
18 8 2 6 28 4 15 3 6 16 30 2.70999124060388841 4 16 12 3 15 8 11 21 11 14 24 10 2 23 3 18 1 4 12 31 2 10 16.1354543567662532 1 16 9 2.70999124060388841 6 22 13 1 32 10 2 17 3 18 26 9 4 4 1 3 16 2 17 2 12 27.1127591133117676 63.0880643922715691 
18 8 2 6 28 4 15 3 6 16 30 2.70999124060388841 4 16 12 3 15 8 11 21 11 14 24 10 2 23 3 18 1 4 9 33 12 10 16.1354543567662532 1 16 9 2.70999124060388841 6 22 13 1 32 10 2 17 3 18 26 9 4 4 1 3 16 2 17 2 12 28.0506781339645386 61.7481375462325559 
1 17 10 15 24 6 17 9 6 10 30 8 16 18 1 6 25 4 2 24 4 4 15 9 14 25 9 13 20 7 6 25 12 1 15 13 8 11 4 14 15 8 16 31 2 8 18 5 3 6 4 13 16 9 4 18 5 14 14 13 17.2902359366416931 210.165864974378906 
18 8 2 6 28 4 15 3 6 16 30 2.70999124060388841 4 16 12 3 15 8 11 21 11 14 24 10 2 23 3 18 1 4 9 33 12 10 16.1354543567662532 1 16 9 2.70999124060388841 6 22 13 1 32 10 2 17 3 18 26 9 12 15 1 3 16 2 17 2 12 25.9558190107345581 64.4275692049214825 
12 31 2.70999124060388841 10 25 4 4 6 6.96245171630185755 6 24 8 12 30 8 15 19 10 17 8 2 14 22 9 4.94126535182462057 12 5 4 15 11 6 9 7 5 1 9.82524131762891173 4 21 2 15 24 9 16 12 1 14 26 7 4 3 1 14 31.8448655754823804 3 13 24 5 13 3 13 18.4227760136127472 177.929282104204702 
12 24 4 6 28 4 15 3 6 16 30 2.70999124060388841 4 16 12 3 15 8 8 14 7 14 24 10 2 23 3 4 26 4 9 33 12 3.36768017929769181 25 10 16 9 2.70999124060388841 6 22 13 1 32 10 2 17 3 6 15 12 9 20 10 3 16 2 17 2 12 20.4471720457077026 129.680310920550994 
4 14 13 14 12 3 6 19 1 1 30 5 14 24 2 8 32 9 1 22 6 1 9 7 15 14 2 14 2 2 8 1 12 9 5.34074699537910114 6.96245171630185755 13 26 9 6 6 13 16 15 1 17 31 3.84646942076222631 13 3 9.82524131762891173 6 26 5 15 8 12 16 15 13.151007650947605 17.3958387970924377 199.372065698015064 
6 24 12 13 30 10 5 25 4 16 9 5 15 1 7 3.36768017929769181 8 6 9.25570237641795579 18 6 16 30 11 16 13 11 14 33 9 12 23 9 15 12 4 4.94126535182462057 32 9 1 26 4 17 30 1 6 1 2 3 24 4 6 6 9.82524131762891173 8 28 13.151007650947605 2 26 9 18.2031587958335876 189.102836944716614 
16 31 8 3 1 1 1 26 6 10 32 4 12 26 4 13 6 6 14 17 11 8 2 9 17 31 2.70999124060388841 9.25570237641795579 26 4 10 24 9 4 6 10 6 24 3 17 32 1 15 16 11 4 29 1 1 6 4 3 1 4 8 15 13 18 22 7 19.8368848562240601 171.470031691900772 
18 8 2 6 28 4 15 3 6 16 30 2.70999124060388841 4 16 12 3 15 8 11 21 11 14 24 10 2 23 3 18 1 4 9 31 2.70999124060388841 10 16.1354543567662532 1 16 9 2.70999124060388841 6 22 13 1 32 10 2 17 3 18 26 9 4 4 1 3 16 2 17 2 12 27.237421989440918 62.3492341214612651 

Current Evaluation = 100000000(100000040)
Front Size = 34
1 12 9 6 28 4 1 20 5 16 30 2.70999124060388841 4 16 12 3 15 8 12 5 12 14 24 10 2 23 3 18 1 4 17 30 2.70999124060388841 13 32 6.96245171630185755 16 9 2.70999124060388841 6 22 13 1 32 10 2 17 3 11 7 4 4.94126535182462057 9 11 3 16 2 17 2 12 20.5448250770568848 113.736455055962637 
1 1 9 6 28 4 15 3 6 16 30 2.70999124060388841 4 16 12 3 15 8 12 5 12 14 24 10 2 23 3 18 1 4 9 2 2.70999124060388841 10 16.1354543567662532 1 16 9 2.70999124060388841 6 22 13 1 32 10 2 17 3 18 26 9 15 32 12 3 16 2 17 2 12 22.190014123916626 84.9005633255633256 
14 12 5 6 28 4 15 3 6 16 30 2.70999124060388841 4 16 12 3 15 8 12 5 12 14 24 10 2 23 3 18 1 4 9 33 12 14 31 12 16 9 2.70999124060388841 6 22 13 1 32 10 15 14 11 18 26 9 14 18 12 3 16 2 17 2 12 21.1052439212799072 104.605214500464513 
14 24 5 6 28 4 15 3 6 16 30 2.70999124060388841 4 16 12 3 15 8 12 5 12 14 24 10 2 23 3 18 1 4 9 33 12 10 16.1354543567662532 1 16 9 2.70999124060388841 6 22 13 1 32 10 2 17 3 18 26 9 9 15 1 3 16 2 17 2 12 22.9322802424430847 76.5102774418563882 
18 8 2 6 28 4 15 3 6 16 30 2.70999124060388841 4 16 12 3 15 8 12 5 12 14 24 10 2 23 3 18 1 4 9 33 12 10 16.1354543567662532 1 16 9 2.70999124060388841 6 22 13 1 32 10 2 17 3 18 26 9 11 6 1 3 16 2 17 2 12 24.805103063583374 65.0940012539592487 
18 8 2 6 28 4 15 3 6 16 30 2.70999124060388841 4 16 12 3 15 8 12 5 12 14 24 10 2 23 3 18 1 4 11 15 1 10 16.1354543567662532 1 16 9 2.70999124060388841 6 22 13 1 32 10 2 17 3 18 26 9 4 4 1 3 16 2 17 2 12 26.3186070919036865 64.0711713714814408 
18 8 2 6 28 4 15 3 6 16 30 2.70999124060388841 4 16 12 3 15 8 12 5 12 14 24 10 2 23 3 18 1 4 9 33 12 10 16.1354543567662532 1 16 9 2.70999124060388841 6 22 13 1 32 10 2 17 3 18 26 9 10 6 7 3 16 2 17 2 12 24.4843231439590454 66.9045497337515371 
14 26 3 6 28 4 15 3 6 16 30 2.70999124060388841 4 16 12 3 15 8 12 5 12 14 24 10 2 23 3 18 1 4 9 33 12 10 16.1354543567662532 1 16 9 2.70999124060388841 6 22 13 1 32 10 2 17 3 18 26 9 14 24 5 3 16 2 17 2 12 22.3556191921234131 76.9027698921869529 
1 24 4 6 28 4 15 3 6 16 30 2.70999124060388841 4 16 12 3 15 8 12 5 12 14 24 10 2 23 3 18 1 4 14 6 13 10 16.1354543567662532 1 16 9 2.70999124060388841 6 22 13 1 32 10 2 17 3 18 26 9 13 30 8 3 16 2 17 2 12 21.3087660670280457 100.695599223617776 
14 25 5 6 28 4 15 3 6 16 30 2.70999124060388841 4 16 12 3 15 8 12 5 12 14 24 10 2 23 3 18 1 4 9 33 12 10 16.1354543567662532 1 16 9 2.70999124060388841 6 22 13 1 32 10 2 17 3 18 26 9 11 15 5 3 16 2 17 2 12 23.2606952786445618 71.4714064736123333 
18 8 2 6 28 4 15 3 6 16 30 2.70999124060388841 4 16 12 3 15 8 12 5 12 14 24 10 2 23 3 18 1 4 9 33 12 10 16.1354543567662532 1 16 9 2.70999124060388841 6 22 13 1 32 10 2 17 3 18 26 9 4 4 1 3 16 2 17 2 12 26.5026161670684814 63.1834794731558418 
18 8 2 6 28 4 15 3 6 16 30 2.70999124060388841 4 16 12 3 15 8 12 5 12 14 24 10 2 23 3 18 1 4 9 33 12 10 16.1354543567662532 1 16 9 2.70999124060388841 6 22 13 1 32 10 14 24 4 18 26 9 9 25 1 3 16 2 17 2 12 23.60350701212883 67.0072591025459872 
14 6 5 6 28 4 15 3 6 16 30 2.70999124060388841 4 16 12 3 15 8 12 5 12 14 24 10 2 23 3 18 1 4 9 33 12 10 16.1354543567662532 1 16 9 2.70999124060388841 6 22 13 1 32 10 2 17 3 18 26 9 5 19 4 3 16 2 17 2 12 23.1730202436447144 74.8931824347515089 
18 8 2 6 28 4 15 3 6 16 30 2.70999124060388841 4 16 12 3 15 8 12 5 12 14 24 10 2 23 3 18 1 4 9 18 2 10 16.1354543567662532 1 16 9 2.70999124060388841 6 22 13 1 32 10 2 17 3 18 26 9 4 4 1 3 16 2 17 2 12 25.8550890684127808 64.6747362186824688 
14 5.34074699537910114 6 6 28 4 15 3 6 16 30 2.70999124060388841 4 16 12 3 15 8 12 5 12 14 24 10 2 23 3 18 1 4 4 15 11 10 16.1354543567662532 1 16 9 2.70999124060388841 6 22 13 1 32 10 2 17 3 18 26 9 4 14 6.96245171630185755 3 16 2 17 2 12 22.2032651305198669 83.7513850289166584 
14 11 6 6 28 4 15 3 6 16 30 2.70999124060388841 4 16 12 3 15 8 12 5 12 14 24 10 2 23 3 18 1 4 9 33 12 10 16.1354543567662532 1 16 9 2.70999124060388841 6 22 13 1 32 10 2 17 3 18 26 9 4 6 8 3 16 2 17 2 12 23.0481561422348022 75.4317922638543479 
18 8 2 6 28 4 15 3 6 16 30 2.70999124060388841 4 16 12 3 15 8 12 5 12 14 24 10 5 32 5 18 1 4 9 33 12 10 16.1354543567662532 1 16 9 2.70999124060388841 6 22 13 1 32 10 2 17 3 18 26 9 4 4 1 3 16 2 17 2 12 26.2935361862182617 64.088503863688473 
15 26 3 6 28 4 15 3 6 16 30 2.70999124060388841 4 16 12 3 15 8 12 5 12 14 24 10 15 30 9 18 1 4 14 24 9 10 16.1354543567662532 1 16 9 2.70999124060388841 6 22 13 1 32 10 2 17 3 18 26 9 14 7 9 3 16 2 17 2 12 20.7093423008918762 106.150520057073422 
14 32 3 6 28 4 15 3 6 16 30 2.70999124060388841 4 16 12 3 15 8 12 5 12 14 24 10 2 23 3 18 1 4 3 26 1 10 16.1354543567662532 1 16 9 2.70999124060388841 6 22 13 1 32 10 2 17 3 18 26 9 14 6 7 3 16 2 17 2 12 21.4664271473884583 85.6996988147841989 
14 12 9 3 6 8 2 19 2 3.36768017929769181 6 11 6 18 13 17 24 12 3 12 6.96245171630185755 14 31 3.84646942076222631 4 17 4 9 16 2 13 6 12 3 13 11 8 23 4 6 26 9.82524131762891173 1 1 7 17.8244721320812971 31 11 16 1 1 13 25 6 1 6 1 15 20 3 17.4572547972202301 191.214615939615925 
9 24 13 10 17 10 17 9 13 1 22 3 6 24 4 14 5.34074699537910114 10 13 19 2 1 3 5 4 9 6 9 32 10 16 2 2 17 18 1 9 1 8 14 18 2 13 20 9 4 32 13 13 2 4 14 26 1 3 31 13 6 28 7 18.8792528510093689 172.324019118136761 
1 1 2.70999124060388841 2 8 1 8 12 12 17 29 11 16 1 6.96245171630185755 2 30 7 2 26 13 1 15 8 6 16 1 1 24 13 3 1 5 3 25 5 17 18 3.84646942076222631 1 32 11 6 22 2 18 20 4 3 15 4 16 6 1 6 5 12 9 9 4 20.1031118631362915 171.2771252209333 
18 8 2 6 28 4 15 3 6 16 30 2.70999124060388841 4 16 12 3 15 8 11 21 11 14 24 10 2 23 3 18 1 4 12 31 2 10 16.1354543567662532 1 16 9 2.70999124060388841 6 22 13 1 32 10 2 17 3 18 26 9 4 4 1 3 16 2 17 2 12 27.1127591133117676 63.0880643922715691 
18 8 2 6 28 4 15 3 6 16 30 2.70999124060388841 4 16 12 3 15 8 11 21 11 14 24 10 2 23 3 18 1 4 9 33 12 10 16.1354543567662532 1 16 9 2.70999124060388841 6 22 13 1 32 10 2 17 3 18 26 9 4 4 1 3 16 2 17 2 12 28.0506781339645386 61.7481375462325559 
1 17 10 15 24 6 17 9 6 10 30 8 16 18 1 6 25 4 2 24 4 4 15 9 14 25 9 13 20 7 6 25 12 1 15 13 8 11 4 14 15 8 16 31 2 8 18 5 3 6 4 13 16 9 4 18 5 14 14 13 17.2902359366416931 210.165864974378906 
18 8 2 6 28 4 15 3 6 16 30 2.70999124060388841 4 16 12 3 15 8 11 21 11 14 24 10 2 23 3 18 1 4 9 33 12 10 16.1354543567662532 1 16 9 2.70999124060388841 6 22 13 1 32 10 2 17 3 18 26 9 12 15 1 3 16 2 17 2 12 25.9558190107345581 64.4275692049214825 
12 31 2.70999124060388841 10 25 4 4 6 6.96245171630185755 6 24 8 12 30 8 15 19 10 17 8 2 14 22 9 4.94126535182462057 12 5 4 15 11 6 9 7 5 1 9.82524131762891173 4 21 2 15 24 9 16 12 1 14 26 7 4 3 1 14 31.8448655754823804 3 13 24 5 13 3 13 18.4227760136127472 177.929282104204702 
12 24 4 6 28 4 15 3 6 16 30 2.70999124060388841 4 16 12 3 15 8 8 14 7 14 24 10 2 23 3 4 26 4 9 33 12 3.36768017929769181 25 10 16 9 2.70999124060388841 6 22 13 1 32 10 2 17 3 6 15 12 9 20 10 3 16 2 17 2 12 20.4471720457077026 129.680310920550994 
4 14 13 14 12 3 6 19 1 1 30 5 14 24 2 8 32 9 1 22 6 1 9 7 15 14 2 14 2 2 8 1 12 9 5.34074699537910114 6.96245171630185755 13 26 9 6 6 13 16 15 1 17 31 3.84646942076222631 13 3 9.82524131762891173 6 26 5 15 8 12 16 15 13.151007650947605 17.3958387970924377 199.372065698015064 
16 31 8 3 1 1 1 26 6 10 32 4 12 26 4 13 6 6 14 17 11 8 2 9 17 31 2.70999124060388841 9.25570237641795579 26 4 10 24 9 4 6 10 6 24 3 17 32 1 15 16 11 4 29 1 1 6 4 3 1 4 8 15 13 18 22 7 19.8368848562240601 171.470031691900772 
18 8 2 6 28 4 15 3 6 16 30 2.70999124060388841 4 16 12 3 15 8 11 21 11 14 24 10 2 23 3 18 1 4 9 31 2.70999124060388841 10 16.1354543567662532 1 16 9 2.70999124060388841 6 22 13 1 32 10 2 17 3 18 26 9 4 4 1 3 16 2 17 2 12 27.237421989440918 62.3492341214612651 
16 6 11 12 1 5 6 26 2.70999124060388841 13 25 6 9.25570237641795579 24 12 3 1 7 16 16 2 3 3 3.84646942076222631 6 6 11 6 5 6 12 30 4 4 18 1 10 32 3 15 24 11 14 23 11 3 5 9.82524131762891173 16 1 13 6 12 6 14 31.8448655754823804 2 10 25 9 17.8784076571464539 182.442261743251805 
3 6 9 15 24 6 13 24 3 16 6 9 3 1 11 4 32 9 15 18 3 3.36768017929769181 24 2 14 20 12 14 17 6 9.25570237641795579 9 4 16 26 3.84646942076222631 12 17 10 15 1 5 16 6 12 2 17 9.82524131762891173 6 17 4 6 15 8 17 19 13.151007650947605 9 24 9 17.2856767177581787 253.227028673081236 
10 25 7 16 6 10 4 22 2.70999124060388841 14 3 4 8 31 7 13 2 3 17 30 13 15 7 12 1 20 2 14 16 1 3 26 11 4 2 1 10 1 9 2 2 6.96245171630185755 13 1 9 6 20 8 1 15 6 13 9 3 4.94126535182462057 24 10 6 26 9.82524131762891173 18.3916993737220764 181.334936142289081 

MOEA/D: Multiobjective Evolutionary Algorithm Based on Decomposition
Number of Evaluations = 100000000
Mutation Probability = 0.0500000007450580597
Population Size = 190
Neighborhood size = 30
Seed: 13

Time =  24691.3252119999997

Current Evaluation = 100000040
Front Size = 34
1 12 9 6 28 4 1 20 5 16 30 2.70999124060388841 4 16 12 3 15 8 12 5 12 14 24 10 2 23 3 18 1 4 17 30 2.70999124060388841 13 32 6.96245171630185755 16 9 2.70999124060388841 6 22 13 1 32 10 2 17 3 11 7 4 4.94126535182462057 9 11 3 16 2 17 2 12 20.5448250770568848 113.736455055962637 
1 1 9 6 28 4 15 3 6 16 30 2.70999124060388841 4 16 12 3 15 8 12 5 12 14 24 10 2 23 3 18 1 4 9 2 2.70999124060388841 10 16.1354543567662532 1 16 9 2.70999124060388841 6 22 13 1 32 10 2 17 3 18 26 9 15 32 12 3 16 2 17 2 12 22.190014123916626 84.9005633255633256 
14 12 5 6 28 4 15 3 6 16 30 2.70999124060388841 4 16 12 3 15 8 12 5 12 14 24 10 2 23 3 18 1 4 9 33 12 14 31 12 16 9 2.70999124060388841 6 22 13 1 32 10 15 14 11 18 26 9 14 18 12 3 16 2 17 2 12 21.1052439212799072 104.605214500464513 
14 24 5 6 28 4 15 3 6 16 30 2.70999124060388841 4 16 12 3 15 8 12 5 12 14 24 10 2 23 3 18 1 4 9 33 12 10 16.1354543567662532 1 16 9 2.70999124060388841 6 22 13 1 32 10 2 17 3 18 26 9 9 15 1 3 16 2 17 2 12 22.9322802424430847 76.5102774418563882 
18 8 2 6 28 4 15 3 6 16 30 2.70999124060388841 4 16 12 3 15 8 12 5 12 14 24 10 2 23 3 18 1 4 9 33 12 10 16.1354543567662532 1 16 9 2.70999124060388841 6 22 13 1 32 10 2 17 3 18 26 9 11 6 1 3 16 2 17 2 12 24.805103063583374 65.0940012539592487 
18 8 2 6 28 4 15 3 6 16 30 2.70999124060388841 4 16 12 3 15 8 12 5 12 14 24 10 2 23 3 18 1 4 11 15 1 10 16.1354543567662532 1 16 9 2.70999124060388841 6 22 13 1 32 10 2 17 3 18 26 9 4 4 1 3 16 2 17 2 12 26.3186070919036865 64.0711713714814408 
18 8 2 6 28 4 15 3 6 16 30 2.70999124060388841 4 16 12 3 15 8 12 5 12 14 24 10 2 23 3 18 1 4 9 33 12 10 16.1354543567662532 1 16 9 2.70999124060388841 6 22 13 1 32 10 2 17 3 18 26 9 10 6 7 3 16 2 17 2 12 24.4843231439590454 66.9045497337515371 
14 26 3 6 28 4 15 3 6 16 30 2.70999124060388841 4 16 12 3 15 8 12 5 12 14 24 10 2 23 3 18 1 4 9 33 12 10 16.1354543567662532 1 16 9 2.70999124060388841 6 22 13 1 32 10 2 17 3 18 26 9 14 24 5 3 16 2 17 2 12 22.3556191921234131 76.9027698921869529 
1 24 4 6 28 4 15 3 6 16 30 2.70999124060388841 4 16 12 3 15 8 12 5 12 14 24 10 2 23 3 18 1 4 14 6 13 10 16.1354543567662532 1 16 9 2.70999124060388841 6 22 13 1 32 10 2 17 3 18 26 9 13 30 8 3 16 2 17 2 12 21.3087660670280457 100.695599223617776 
14 25 5 6 28 4 15 3 6 16 30 2.70999124060388841 4 16 12 3 15 8 12 5 12 14 24 10 2 23 3 18 1 4 9 33 12 10 16.1354543567662532 1 16 9 2.70999124060388841 6 22 13 1 32 10 2 17 3 18 26 9 11 15 5 3 16 2 17 2 12 23.2606952786445618 71.4714064736123333 
18 8 2 6 28 4 15 3 6 16 30 2.70999124060388841 4 16 12 3 15 8 12 5 12 14 24 10 2 23 3 18 1 4 9 33 12 10 16.1354543567662532 1 16 9 2.70999124060388841 6 22 13 1 32 10 2 17 3 18 26 9 4 4 1 3 16 2 17 2 12 26.5026161670684814 63.1834794731558418 
18 8 2 6 28 4 15 3 6 16 30 2.70999124060388841 4 16 12 3 15 8 12 5 12 14 24 10 2 23 3 18 1 4 9 33 12 10 16.1354543567662532 1 16 9 2.70999124060388841 6 22 13 1 32 10 14 24 4 18 26 9 9 25 1 3 16 2 17 2 12 23.60350701212883 67.0072591025459872 
14 6 5 6 28 4 15 3 6 16 30 2.70999124060388841 4 16 12 3 15 8 12 5 12 14 24 10 2 23 3 18 1 4 9 33 12 10 16.1354543567662532 1 16 9 2.70999124060388841 6 22 13 1 32 10 2 17 3 18 26 9 5 19 4 3 16 2 17 2 12 23.1730202436447144 74.8931824347515089 
18 8 2 6 28 4 15 3 6 16 30 2.70999124060388841 4 16 12 3 15 8 12 5 12 14 24 10 2 23 3 18 1 4 9 18 2 10 16.1354543567662532 1 16 9 2.70999124060388841 6 22 13 1 32 10 2 17 3 18 26 9 4 4 1 3 16 2 17 2 12 25.8550890684127808 64.6747362186824688 
14 5.34074699537910114 6 6 28 4 15 3 6 16 30 2.70999124060388841 4 16 12 3 15 8 12 5 12 14 24 10 2 23 3 18 1 4 4 15 11 10 16.1354543567662532 1 16 9 2.70999124060388841 6 22 13 1 32 10 2 17 3 18 26 9 4 14 6.96245171630185755 3 16 2 17 2 12 22.2032651305198669 83.7513850289166584 
14 11 6 6 28 4 15 3 6 16 30 2.70999124060388841 4 16 12 3 15 8 12 5 12 14 24 10 2 23 3 18 1 4 9 33 12 10 16.1354543567662532 1 16 9 2.70999124060388841 6 22 13 1 32 10 2 17 3 18 26 9 4 6 8 3 16 2 17 2 12 23.0481561422348022 75.4317922638543479 
18 8 2 6 28 4 15 3 6 16 30 2.70999124060388841 4 16 12 3 15 8 12 5 12 14 24 10 5 32 5 18 1 4 9 33 12 10 16.1354543567662532 1 16 9 2.70999124060388841 6 22 13 1 32 10 2 17 3 18 26 9 4 4 1 3 16 2 17 2 12 26.2935361862182617 64.088503863688473 
15 26 3 6 28 4 15 3 6 16 30 2.70999124060388841 4 16 12 3 15 8 12 5 12 14 24 10 15 30 9 18 1 4 14 24 9 10 16.1354543567662532 1 16 9 2.70999124060388841 6 22 13 1 32 10 2 17 3 18 26 9 14 7 9 3 16 2 17 2 12 20.7093423008918762 106.150520057073422 
14 32 3 6 28 4 15 3 6 16 30 2.70999124060388841 4 16 12 3 15 8 12 5 12 14 24 10 2 23 3 18 1 4 3 26 1 10 16.1354543567662532 1 16 9 2.70999124060388841 6 22 13 1 32 10 2 17 3 18 26 9 14 6 7 3 16 2 17 2 12 21.4664271473884583 85.6996988147841989 
14 12 9 3 6 8 2 19 2 3.36768017929769181 6 11 6 18 13 17 24 12 3 12 6.96245171630185755 14 31 3.84646942076222631 4 17 4 9 16 2 13 6 12 3 13 11 8 23 4 6 26 9.82524131762891173 1 1 7 17.8244721320812971 31 11 16 1 1 13 25 6 1 6 1 15 20 3 17.4572547972202301 191.214615939615925 
9 24 13 10 17 10 17 9 13 1 22 3 6 24 4 14 5.34074699537910114 10 13 19 2 1 3 5 4 9 6 9 32 10 16 2 2 17 18 1 9 1 8 14 18 2 13 20 9 4 32 13 13 2 4 14 26 1 3 31 13 6 28 7 18.8792528510093689 172.324019118136761 
1 1 2.70999124060388841 2 8 1 8 12 12 17 29 11 16 1 6.96245171630185755 2 30 7 2 26 13 1 15 8 6 16 1 1 24 13 3 1 5 3 25 5 17 18 3.84646942076222631 1 32 11 6 22 2 18 20 4 3 15 4 16 6 1 6 5 12 9 9 4 20.1031118631362915 171.2771252209333 
18 8 2 6 28 4 15 3 6 16 30 2.70999124060388841 4 16 12 3 15 8 11 21 11 14 24 10 2 23 3 18 1 4 12 31 2 10 16.1354543567662532 1 16 9 2.70999124060388841 6 22 13 1 32 10 2 17 3 18 26 9 4 4 1 3 16 2 17 2 12 27.1127591133117676 63.0880643922715691 
18 8 2 6 28 4 15 3 6 16 30 2.70999124060388841 4 16 12 3 15 8 11 21 11 14 24 10 2 23 3 18 1 4 9 33 12 10 16.1354543567662532 1 16 9 2.70999124060388841 6 22 13 1 32 10 2 17 3 18 26 9 4 4 1 3 16 2 17 2 12 28.0506781339645386 61.7481375462325559 
1 17 10 15 24 6 17 9 6 10 30 8 16 18 1 6 25 4 2 24 4 4 15 9 14 25 9 13 20 7 6 25 12 1 15 13 8 11 4 14 15 8 16 31 2 8 18 5 3 6 4 13 16 9 4 18 5 14 14 13 17.2902359366416931 210.165864974378906 
18 8 2 6 28 4 15 3 6 16 30 2.70999124060388841 4 16 12 3 15 8 11 21 11 14 24 10 2 23 3 18 1 4 9 33 12 10 16.1354543567662532 1 16 9 2.70999124060388841 6 22 13 1 32 10 2 17 3 18 26 9 12 15 1 3 16 2 17 2 12 25.9558190107345581 64.4275692049214825 
12 31 2.70999124060388841 10 25 4 4 6 6.96245171630185755 6 24 8 12 30 8 15 19 10 17 8 2 14 22 9 4.94126535182462057 12 5 4 15 11 6 9 7 5 1 9.82524131762891173 4 21 2 15 24 9 16 12 1 14 26 7 4 3 1 14 31.8448655754823804 3 13 24 5 13 3 13 18.4227760136127472 177.929282104204702 
12 24 4 6 28 4 15 3 6 16 30 2.70999124060388841 4 16 12 3 15 8 8 14 7 14 24 10 2 23 3 4 26 4 9 33 12 3.36768017929769181 25 10 16 9 2.70999124060388841 6 22 13 1 32 10 2 17 3 6 15 12 9 20 10 3 16 2 17 2 12 20.4471720457077026 129.680310920550994 
4 14 13 14 12 3 6 19 1 1 30 5 14 24 2 8 32 9 1 22 6 1 9 7 15 14 2 14 2 2 8 1 12 9 5.34074699537910114 6.96245171630185755 13 26 9 6 6 13 16 15 1 17 31 3.84646942076222631 13 3 9.82524131762891173 6 26 5 15 8 12 16 15 13.151007650947605 17.3958387970924377 199.372065698015064 
16 31 8 3 1 1 1 26 6 10 32 4 12 26 4 13 6 6 14 17 11 8 2 9 17 31 2.70999124060388841 9.25570237641795579 26 4 10 24 9 4 6 10 6 24 3 17 32 1 15 16 11 4 29 1 1 6 4 3 1 4 8 15 13 18 22 7 19.8368848562240601 171.470031691900772 
18 8 2 6 28 4 15 3 6 16 30 2.70999124060388841 4 16 12 3 15 8 11 21 11 14 24 10 2 23 3 18 1 4 9 31 2.70999124060388841 10 16.1354543567662532 1 16 9 2.70999124060388841 6 22 13 1 32 10 2 17 3 18 26 9 4 4 1 3 16 2 17 2 12 27.237421989440918 62.3492341214612651 
16 6 11 12 1 5 6 26 2.70999124060388841 13 25 6 9.25570237641795579 24 12 3 1 7 16 16 2 3 3 3.84646942076222631 6 6 11 6 5 6 12 30 4 4 18 1 10 32 3 15 24 11 14 23 11 3 5 9.82524131762891173 16 1 13 6 12 6 14 31.8448655754823804 2 10 25 9 17.8784076571464539 182.442261743251805 
3 6 9 15 24 6 13 24 3 16 6 9 3 1 11 4 32 9 15 18 3 3.36768017929769181 24 2 14 20 12 14 17 6 9.25570237641795579 9 4 16 26 3.84646942076222631 12 17 10 15 1 5 16 6 12 2 17 9.82524131762891173 6 17 4 6 15 8 17 19 13.151007650947605 9 24 9 17.2856767177581787 253.227028673081236 
10 25 7 16 6 10 4 22 2.70999124060388841 14 3 4 8 31 7 13 2 3 17 30 13 15 7 12 1 20 2 14 16 1 3 26 11 4 2 1 10 1 9 2 2 6.96245171630185755 13 1 9 6 20 8 1 15 6 13 9 3 4.94126535182462057 24 10 6 26 9.82524131762891173 18.3916993737220764 181.334936142289081 

