Current Evaluation = 10000000(10000000)
Front Size = 38
5 15 1 18 24 3 12 20 2.70999124060388841 17 8 13 16 2 2.70999124060388841 4 31 8 14 1 4 15 26 6 18 22 5 14 15 8 10 13 2 17 5 13 12 16 12 9 15 11 13 1 7 5 32 9 6 24 7 16 8 2.70999124060388841 3 28 8 4 7 11 22.5651746988296509 90.7478897913680669 
5 15 1 18 24 3 12 20 2.70999124060388841 17 8 13 16 2 2.70999124060388841 4 31 8 14 1 4 15 26 6 16 14 11 14 31 5 10 13 2 13 22 10 12 16 12 9 15 11 3 32 10 5 32 9 6 24 7 14 6 2 5 6 7 4 7 11 20.5223917067050934 137.933522695257068 
5 15 1 18 24 3 12 20 2.70999124060388841 17 8 13 16 2 2.70999124060388841 4 31 8 14 1 4 15 26 6 18 22 5 6 24 7 10 13 2 11 30 11 12 16 12 9 15 11 12 9 12 5 32 9 6 24 7 16 8 2.70999124060388841 3 28 8 4 7 11 23.1986477375030518 84.1946103777658834 
5 15 1 18 24 3 12 20 2.70999124060388841 17 8 13 16 2 2.70999124060388841 4 31 8 14 1 4 15 26 6 18 22 5 15 11 9 10 13 2 3 30 2.70999124060388841 12 16 12 9 15 11 18 3 10 5 32 9 6 24 7 16 8 2.70999124060388841 3 28 8 4 7 11 23.8847496509552002 67.0493808678792931 
5 15 1 18 24 3 12 20 2.70999124060388841 17 8 13 16 2 2.70999124060388841 4 31 8 14 1 4 15 26 6 1 19 4 3.36768017929769181 25 11 10 13 2 15 9 1 12 16 12 9 15 11 18 3 10 5 32 9 6 24 7 16 8 2.70999124060388841 3 28 8 4 7 11 22.9578016400337219 85.7667642570864501 
4 26 13 3.36768017929769181 18 12 8 32 10 1 24 7 11 6 1 4 1 7 17 30 8 6 24 11 14 7 3 6 3 6.96245171630185755 13 5 2 15 13 7 4.94126535182462057 1 5 13.2195649013323386 9 13.151007650947605 14 32 12 17 15 3 5 24 7 1 18.140740276750666 11 6 21 9 16 9 4 18.9084948897361755 191.02055058468099 
5 15 1 18 24 3 12 20 2.70999124060388841 17 8 13 16 2 2.70999124060388841 4 31 8 14 1 4 15 26 6 18 22 5 2 4 10 10 13 2 3 9 13 12 16 12 9 15 11 18 3 10 5 32 9 6 24 7 16 8 2.70999124060388841 3 28 8 4 7 11 26.306614875793457 57.5704161431991892 
5 15 1 18 24 3 12 20 2.70999124060388841 17 8 13 16 2 2.70999124060388841 4 31 8 14 1 4 15 26 6 18 22 5 14 6 7 10 13 2 11 27 1 12 16 12 9 15 11 18 3 10 5 32 9 6 24 7 16 8 2.70999124060388841 3 28 8 4 7 11 25.5053629279136658 63.0036549585423344 
5 15 1 14 32 3 12 20 2.70999124060388841 17 8 13 16 2 2.70999124060388841 4 31 8 14 1 4 15 26 6 18 22 5 6 6 4 10 13 2 3 5 10 12 16 12 9 15 11 18 3 10 5 32 9 6 24 7 16 8 2.70999124060388841 3 28 8 4 7 11 22.5403987765312195 90.9524231798640841 
5 15 1 18 24 3 12 20 2.70999124060388841 17 8 13 16 2 2.70999124060388841 4 31 8 14 1 4 15 26 6 18 22 5 2 4 10 10 13 2 11 27 1 12 16 12 9 15 11 18 3 10 5 32 9 6 24 7 16 8 2.70999124060388841 3 28 8 4 7 11 28.2451189756393433 56.4454233954370324 
5 15 1 18 24 3 12 20 2.70999124060388841 17 8 13 16 2 2.70999124060388841 4 31 8 14 1 4 15 26 6 18 22 5 1 5 9 10 13 2 4 31 1 12 16 12 9 15 11 18 3 10 5 32 9 6 24 7 16 8 2.70999124060388841 3 28 8 4 7 11 23.7813807129859924 69.5915241280632841 
5 15 1 15 1 3 12 20 2.70999124060388841 17 8 13 16 2 2.70999124060388841 4 31 8 14 1 4 15 26 6 18 22 5 6 30 10 10 13 2 14 9 2.70999124060388841 12 16 12 9 15 11 3 14 7 5 32 9 6 24 7 16 8 2.70999124060388841 3 28 8 4 7 11 21.6650135517120361 106.252340677471949 
5 15 1 18 24 3 12 20 2.70999124060388841 17 8 13 16 2 2.70999124060388841 4 31 8 14 1 4 15 26 6 18 22 5 6 3 9 10 13 2 11 27 1 12 16 12 9 15 11 18 3 10 15 1 3 6 24 7 16 8 2.70999124060388841 3 28 8 4 7 11 25.5683059096336365 60.5208856042218173 
5 15 1 18 24 3 12 20 2.70999124060388841 17 8 13 16 2 2.70999124060388841 4 31 8 14 1 4 15 26 6 18 22 5 2 4 10 10 13 2 3 30 1 12 16 12 9 15 11 18 3 10 5 32 9 6 24 7 16 8 2.70999124060388841 3 28 8 4 7 11 26.1226068139076233 58.9455172825941744 
1 31 11 15 32 4 3 5.34074699537910114 5 2 20 4 3 16.1354543567662532 4 14 31 3.84646942076222631 12 12 7 12 19 11 14 17 8 13.2195649013323386 18 11 3 18 6 13 24 11 12 6 11 17 30 9 17 32 7 12 30 4 3 6 6 8 25 9 2 19 6 12 24 13.151007650947605 17.0450009107589722 270.942050128234314 
5 15 1 18 24 3 12 20 2.70999124060388841 17 8 13 16 2 2.70999124060388841 4 31 8 14 1 4 15 26 6 18 22 5 2 4 10 10 13 2 4 30 13 12 16 12 9 15 11 18 3 10 5 32 9 6 24 7 16 8 2.70999124060388841 3 28 8 4 7 11 25.9668107628822327 59.0366480216365446 
5 15 1 18 24 3 12 20 2.70999124060388841 17 8 13 16 2 2.70999124060388841 4 31 8 14 1 4 15 26 6 6 5.34074699537910114 4 2 32 6.96245171630185755 10 13 2 14 18 1 12 16 12 9 15 11 18 3 10 5 32 9 6 24 7 16 8 2.70999124060388841 3 28 8 4 7 11 22.6610167622566223 87.1722498639325067 
5 15 1 18 24 3 12 20 2.70999124060388841 17 8 13 16 2 2.70999124060388841 4 31 8 14 1 4 15 26 6 18 22 5 6 23 4 10 13 2 1 32 4 12 16 12 9 15 11 12 31 5 5 32 9 6 24 7 16 8 2.70999124060388841 17 30 9 4 7 11 21.791597843170166 101.875267182605484 
5 15 1 18 24 3 12 20 2.70999124060388841 17 8 13 16 2 2.70999124060388841 4 31 8 14 1 4 15 26 6 18 22 5 1 6 9 10 13 2 11 27 1 12 16 12 9 15 11 18 3 10 5 32 9 6 24 7 16 8 2.70999124060388841 3 28 8 4 7 11 25.6367139220237732 60.244715626469258 
5 15 1 18 24 3 12 20 2.70999124060388841 17 8 13 16 2 2.70999124060388841 4 31 8 14 1 4 15 26 6 18 22 5 1 32 10 10 13 2 3 2 1 12 16 12 9 15 11 18 3 10 5 32 9 6 24 7 16 8 2.70999124060388841 3 28 8 4 7 11 24.0704518556594849 63.5450099724839603 
14 19 10 2 24 4 17 31 13 16 15 11 11 9 1 13 6 10 1 32 8 6 30 4 10 31 12 13 5.34074699537910114 5 9 3 2 14 2 1 6 26 8 13 7 5 12 6 4 1 12 10 15 9 6.96245171630185755 6 17 10 14 2 11 2 30 11 18.386439323425293 196.774710475691393 
1 28 3 4 31 1 17 12 1 8 20 1 12 32 3 14 3 8 1 28 4 14 5.34074699537910114 2 16 1 9 14 24 10 16 16.1354543567662532 11 2 26 6 6 18 6 4 26 3.84646942076222631 13.2195649013323386 31.8448655754823804 12 10 25 12 17 18 12 11 6 2 8 24 7 13 22 5 19.2503179311752319 189.080189442971403 
5 15 1 16 6 3 12 20 2.70999124060388841 17 8 13 16 2 2.70999124060388841 4 31 8 14 1 4 15 26 6 12 20 12 2 4 10 10 13 2 12 24 7 14 26 4 9 15 11 6 30 3 5 32 9 6 24 7 16 8 2.70999124060388841 3 28 8 14 12 2.70999124060388841 21.1910566091537476 134.138951758129195 
5 15 1 18 24 3 12 20 2.70999124060388841 17 8 13 16 2 2.70999124060388841 4 31 8 14 1 4 15 26 6 1 18 7 13 12 9 10 13 2 13 1 12 12 16 12 9 15 11 3 3 2 5 32 9 6 24 7 16 8 2.70999124060388841 3 28 8 4 7 11 21.4165626168251038 120.370540641703244 
5 15 1 13 13 7 12 20 2.70999124060388841 17 8 13 16 2 2.70999124060388841 4 31 8 14 1 4 15 26 6 18 22 5 14 1 3 10 13 2 3 15 13 12 16 12 9 15 11 18 3 10 5 32 9 6 24 7 16 8 2.70999124060388841 3 28 8 4 7 11 22.922460675239563 85.9659209211840931 
5 15 1 18 24 3 12 20 2.70999124060388841 17 8 13 16 2 2.70999124060388841 4 31 8 14 1 4 15 26 6 18 22 5 6 2 9 10 13 2 3 30 11 12 16 12 9 15 11 18 3 10 5 32 9 6 24 7 16 8 2.70999124060388841 3 28 8 4 7 11 23.7588388323783875 72.0034079741396766 
5 15 1 18 24 3 12 20 2.70999124060388841 17 8 13 16 2 2.70999124060388841 4 31 8 14 1 4 15 26 6 18 22 5 1 32 9 10 13 2 11 27 1 12 16 12 9 15 11 18 3 10 5 32 9 6 24 7 16 8 2.70999124060388841 3 28 8 4 7 11 25.6918189525604248 59.6114616226224783 
17 25 10 15 26 8 9 2 2 5 14 9 2 3 9 12 25 9 8 32 11 4 30 8 3.36768017929769181 24 8 9.25570237641795579 25 1 6 18 12 16 24 2 15 13 7 6 19 13 16 8.22565314501180467 13 9 28 6 13 17 12 3 25 9 6 30 7 14 15 6 19.6139916777610779 178.19119733941713 
5 15 1 18 24 3 12 20 2.70999124060388841 17 8 13 16 2 2.70999124060388841 4 31 8 14 1 4 15 26 6 18 22 5 1 6 7 10 13 2 11 27 1 12 16 12 9 15 11 18 3 10 5 32 9 6 24 7 16 8 2.70999124060388841 3 28 8 4 7 11 25.6847379207611084 59.9271891381613671 
5 15 1 18 24 3 12 20 2.70999124060388841 17 8 13 16 2 2.70999124060388841 4 31 8 14 1 4 15 26 6 1 30 9 6 2 1 10 13 2 1 30 4 12 16 12 9 15 11 18 3 10 5 32 9 6 24 7 16 8 2.70999124060388841 3 28 8 4 7 11 22.2375667691230774 94.0563420824510246 
5 15 1 18 24 3 12 20 2.70999124060388841 17 8 13 16 2 2.70999124060388841 4 31 8 14 1 4 15 26 6 5 22 7 2 4 10 10 13 2 11 27 1 12 16 12 9 15 11 18 3 10 5 32 9 6 24 7 16 8 2.70999124060388841 3 28 8 4 7 11 27.8163468837738037 57.0978809665249898 
9 1 10 3.36768017929769181 12 6 14 3 2 1 12 12 1 30 2 9.25570237641795579 25 13 17 6 1 18 12 11 8 31 2 13 26 2 13 6 5 16 15 9 14 25 3.84646942076222631 14 31 9.82524131762891173 13 14 8 16 25 13.151007650947605 12 26 12 2 6 12 5 32 3 6 9 9 17.4372097849845886 222.188658938315712 
5 15 1 18 24 3 12 20 2.70999124060388841 17 8 13 16 2 2.70999124060388841 4 31 8 14 1 4 15 26 6 18 22 5 1 19 9 10 13 2 11 27 1 12 16 12 9 15 11 18 3 10 5 32 9 6 24 7 16 8 2.70999124060388841 3 28 8 4 7 11 25.9619778990745544 59.3630887715498616 
5 15 1 18 24 3 12 20 2.70999124060388841 17 8 13 16 2 2.70999124060388841 4 31 8 14 1 4 15 26 6 18 22 5 1 32 7 10 13 2 14 12 3 12 16 12 9 15 11 18 3 10 5 32 9 6 24 7 16 8 2.70999124060388841 3 28 8 4 7 11 23.3135597705841064 75.703842445462783 
5 15 1 14 6 12 12 20 2.70999124060388841 17 8 13 16 2 2.70999124060388841 4 31 8 14 1 4 15 26 6 18 22 5 14 5 2.70999124060388841 10 13 2 14 3 11 12 16 12 9 15 11 14 15 12 5 32 9 6 24 7 16 8 2.70999124060388841 3 28 8 4 7 11 21.2361665964126587 121.153034831615088 
5 15 1 6 5 10 12 20 2.70999124060388841 17 8 13 16 2 2.70999124060388841 4 31 8 14 1 4 15 26 6 18 22 5 5 32 9 10 13 2 3.36768017929769181 30 8 12 16 12 9 15 11 18 3 10 5 32 9 6 24 7 16 8 2.70999124060388841 3 28 8 4 7 11 23.2708886861801147 76.2189255189255164 
5 15 1 18 24 3 12 20 2.70999124060388841 17 8 13 16 2 2.70999124060388841 4 31 8 14 1 4 15 26 6 1 22 5 17 30 11 10 13 2 12 9 2 12 16 12 9 15 11 1 32 9 5 32 9 6 24 7 5 30 8 3 28 8 4 7 11 21.6206257939338684 108.155353431372674 
5 15 1 18 24 3 12 20 2.70999124060388841 17 8 13 16 2 2.70999124060388841 4 31 8 14 1 4 15 26 6 18 22 5 6 32 4 10 13 2 14 12 3 12 16 12 9 15 11 18 3 10 5 32 9 6 24 7 16 8 2.70999124060388841 3 28 8 4 7 11 23.2698527574539185 82.5075515391614402 

Current Evaluation = 20000000(20000000)
Front Size = 26
5 15 1 18 24 3 12 20 2.70999124060388841 17 8 13 16 2 2.70999124060388841 4 31 8 14 1 4 15 26 6 16 14 11 14 31 5 10 13 2 13 22 10 12 16 12 9 15 11 3 32 10 5 32 9 6 24 7 14 6 2 5 6 7 4 7 11 20.5223917067050934 137.933522695257068 
5 15 1 18 24 3 12 20 2.70999124060388841 17 8 13 16 2 2.70999124060388841 4 31 8 14 1 4 15 26 6 18 22 5 15 11 9 10 13 2 3 30 2.70999124060388841 12 16 12 9 15 11 18 3 10 5 32 9 6 24 7 16 8 2.70999124060388841 3 28 8 4 7 11 23.8847496509552002 67.0493808678792931 
5 15 1 18 24 3 12 20 2.70999124060388841 17 8 13 16 2 2.70999124060388841 4 31 8 14 1 4 15 26 6 18 22 5 2 4 10 10 13 2 3 9 13 12 16 12 9 15 11 18 3 10 5 32 9 6 24 7 16 8 2.70999124060388841 3 28 8 4 7 11 26.306614875793457 57.5704161431991892 
5 15 1 18 24 3 12 20 2.70999124060388841 17 8 13 16 2 2.70999124060388841 4 31 8 14 1 4 15 26 6 18 22 5 2 4 10 10 13 2 11 27 1 12 16 12 9 15 11 18 3 10 5 32 9 6 24 7 16 8 2.70999124060388841 3 28 8 4 7 11 28.2451189756393433 56.4454233954370324 
5 15 1 18 24 3 12 20 2.70999124060388841 17 8 13 16 2 2.70999124060388841 4 31 8 14 1 4 15 26 6 18 22 5 1 5 9 10 13 2 4 31 1 12 16 12 9 15 11 18 3 10 5 32 9 6 24 7 16 8 2.70999124060388841 3 28 8 4 7 11 23.7813807129859924 69.5915241280632841 
5 15 1 18 24 3 12 20 2.70999124060388841 17 8 13 16 2 2.70999124060388841 4 31 8 14 1 4 15 26 6 18 22 5 6 3 9 10 13 2 11 27 1 12 16 12 9 15 11 18 3 10 15 1 3 6 24 7 16 8 2.70999124060388841 3 28 8 4 7 11 25.5683059096336365 60.5208856042218173 
1 31 11 15 32 4 3 5.34074699537910114 5 2 20 4 3 16.1354543567662532 4 14 31 3.84646942076222631 12 12 7 12 19 11 14 17 8 13.2195649013323386 18 11 3 18 6 13 24 11 12 6 11 17 30 9 17 32 7 12 30 4 3 6 6 8 25 9 2 19 6 12 24 13.151007650947605 17.0450009107589722 270.942050128234314 
5 15 1 18 24 3 12 20 2.70999124060388841 17 8 13 16 2 2.70999124060388841 4 31 8 14 1 4 15 26 6 18 22 5 2 4 10 10 13 2 4 30 13 12 16 12 9 15 11 18 3 10 5 32 9 6 24 7 16 8 2.70999124060388841 3 28 8 4 7 11 25.9668107628822327 59.0366480216365446 
5 15 1 18 24 3 12 20 2.70999124060388841 17 8 13 16 2 2.70999124060388841 4 31 8 14 1 4 15 26 6 18 22 5 1 32 10 10 13 2 3 2 1 12 16 12 9 15 11 18 3 10 5 32 9 6 24 7 16 8 2.70999124060388841 3 28 8 4 7 11 24.0704518556594849 63.5450099724839603 
17 25 10 15 26 8 9 2 2 5 14 9 2 3 9 12 25 9 8 32 11 4 30 8 3.36768017929769181 24 8 9.25570237641795579 25 1 6 18 12 16 24 2 15 13 7 6 19 13 16 8.22565314501180467 13 9 28 6 13 17 12 3 25 9 6 30 7 14 15 6 19.6139916777610779 178.19119733941713 
9 1 10 3.36768017929769181 12 6 14 3 2 1 12 12 1 30 2 9.25570237641795579 25 13 17 6 1 18 12 11 8 31 2 13 26 2 13 6 5 16 15 9 14 25 3.84646942076222631 14 31 9.82524131762891173 13 14 8 16 25 13.151007650947605 12 26 12 2 6 12 5 32 3 6 9 9 17.4372097849845886 222.188658938315712 
5 15 1 18 24 3 12 20 2.70999124060388841 17 8 13 16 2 2.70999124060388841 4 31 8 14 1 4 15 26 6 18 22 5 1 19 9 10 13 2 11 27 1 12 16 12 9 15 11 18 3 10 5 32 9 6 24 7 16 8 2.70999124060388841 3 28 8 4 7 11 25.9619778990745544 59.3630887715498616 
5 15 1 18 24 3 12 20 2.70999124060388841 17 8 13 16 2 2.70999124060388841 4 31 8 14 1 4 15 26 6 18 22 5 1 32 7 10 13 2 14 12 3 12 16 12 9 15 11 18 3 10 5 32 9 6 24 7 16 8 2.70999124060388841 3 28 8 4 7 11 23.3135597705841064 75.703842445462783 
5 15 1 6 5 10 12 20 2.70999124060388841 17 8 13 16 2 2.70999124060388841 4 31 8 14 1 4 15 26 6 18 22 5 5 32 9 10 13 2 3.36768017929769181 30 8 12 16 12 9 15 11 18 3 10 5 32 9 6 24 7 16 8 2.70999124060388841 3 28 8 4 7 11 23.2708886861801147 76.2189255189255164 
5 15 1 18 24 3 12 20 2.70999124060388841 17 8 13 16 2 2.70999124060388841 4 31 8 14 1 4 15 26 6 1 5.34074699537910114 7 14 12 5 10 13 2 14 1 3 12 16 12 9 15 11 15 6 1 5 32 9 6 24 7 16 8 2.70999124060388841 3 28 8 4 7 11 20.9777355790138245 92.9302690942302831 
5 15 1 18 24 3 12 20 2.70999124060388841 17 8 13 16 2 2.70999124060388841 4 31 8 14 1 4 15 26 6 18 22 5 6 12 6 10 13 2 2 20 8 12 16 12 9 15 11 14 6 10 5 32 9 6 24 7 16 8 2.70999124060388841 3 28 8 4 7 11 22.4190946519374847 92.1072771213748638 
5 15 1 1 32 10 12 20 2.70999124060388841 17 8 13 16 2 2.70999124060388841 4 31 8 14 1 4 15 26 6 18 22 5 3 24 3 10 13 2 16 8 1 12 16 12 9 15 11 18 3 10 5 32 9 6 24 7 14 19 2 3 28 8 4 7 11 22.9055087566375732 81.8735942735942643 
5 15 1 18 24 3 12 20 2.70999124060388841 17 8 13 16 2 2.70999124060388841 4 31 8 14 1 4 15 26 6 18 22 5 1 26 9 10 13 2 4 31 2 12 16 12 9 15 11 2 6 8 5 32 9 6 24 7 16 8 2.70999124060388841 3 28 8 4 7 11 22.5617246031761169 82.8837716085084537 
5 15 1 18 24 3 12 20 2.70999124060388841 17 8 13 16 2 2.70999124060388841 4 31 8 14 1 4 15 26 6 5 22 7 14 6 10 10 13 2 3 17 2 12 16 12 9 15 11 18 3 10 5 32 9 6 24 7 16 8 2.70999124060388841 3 28 8 4 7 11 23.342570573091507 71.3451253499945324 
5 15 1 18 24 3 12 20 2.70999124060388841 17 8 13 16 2 2.70999124060388841 4 31 8 14 1 4 15 26 6 5 22 7 2 4 10 10 13 2 3 30 11 12 16 12 9 15 11 18 3 10 5 32 9 6 24 7 16 8 2.70999124060388841 3 28 8 4 7 11 25.5984347462654114 59.4341653805112387 
6 16 2.70999124060388841 9.25570237641795579 25 3.84646942076222631 14 24 9 9 14 12 6 26 9.82524131762891173 17.8244721320812971 6 8 11 30 2 15 22 9 14 15 9 12 26 1 4 16 10 1 5 3 17 30 12 14 30 12 6 8 4 12 26 8 8 19 10 1 16 9 6 26 6 14 7 2 18.0821465253829956 182.084493284493277 
5 15 1 18 24 3 12 20 2.70999124060388841 17 8 13 16 2 2.70999124060388841 4 31 8 14 1 4 15 26 6 18 22 5 1 1 10 10 13 2 4 2 9 12 16 12 9 15 11 15 30 4 5 32 9 6 24 7 16 8 2.70999124060388841 3 28 8 4 7 11 22.4984298348426819 86.4709651459651383 
5 15 1 18 24 3 12 20 2.70999124060388841 17 8 13 16 2 2.70999124060388841 4 31 8 14 1 4 15 26 6 5 22 7 2 4 10 10 13 2 11 27 1 12 16 12 9 15 11 18 3 10 5 32 9 6 24 7 16 8 2.70999124060388841 3 28 8 4 7 11 27.8163468837738037 56.9732705832942159 
5 15 1 18 24 3 12 20 2.70999124060388841 17 8 13 16 2 2.70999124060388841 4 31 8 14 1 4 15 26 6 18 22 5 6 19 7 10 13 2 11 27 1 12 16 12 9 15 11 18 3 10 5 32 9 6 24 7 16 8 2.70999124060388841 3 28 8 4 7 11 25.9862949252128601 58.1962688144154257 
5 15 1 18 24 3 12 20 2.70999124060388841 17 8 13 16 2 2.70999124060388841 4 31 8 14 1 4 15 26 6 18 22 5 14 32 4 10 13 2 17 14 11 12 16 12 9 15 11 3.36768017929769181 24 7 5 32 9 6 24 7 16 8 2.70999124060388841 3 28 8 4 7 11 22.4484817683696747 87.866957719283306 
5 15 1 18 24 3 12 20 2.70999124060388841 17 8 13 16 2 2.70999124060388841 4 31 8 14 1 4 15 26 6 5 22 7 14 6 6 10 13 2 11 27 1 12 16 12 9 15 11 18 3 10 5 32 9 6 24 7 16 8 2.70999124060388841 3 28 8 4 7 11 25.1965908408164978 62.0962135963992381 

Current Evaluation = 30000000(30000000)
Front Size = 28
5 15 1 18 24 3 12 20 2.70999124060388841 17 8 13 16 2 2.70999124060388841 4 31 8 14 1 4 15 26 6 16 14 11 14 31 5 10 13 2 13 22 10 12 16 12 9 15 11 3 32 10 5 32 9 6 24 7 14 6 2 5 6 7 4 7 11 20.5223917067050934 137.933522695257068 
1 31 11 15 32 4 3 5.34074699537910114 5 2 20 4 3 16.1354543567662532 4 14 31 3.84646942076222631 12 12 7 12 19 11 14 17 8 13.2195649013323386 18 11 3 18 6 13 24 11 12 6 11 17 30 9 17 32 7 12 30 4 3 6 6 8 25 9 2 19 6 12 24 13.151007650947605 17.0450009107589722 270.942050128234314 
5 15 1 18 24 3 12 20 2.70999124060388841 17 8 13 16 2 2.70999124060388841 4 31 8 14 1 4 15 26 6 18 22 5 1 32 10 10 13 2 3 2 1 12 16 12 9 15 11 18 3 10 5 32 9 6 24 7 16 8 2.70999124060388841 3 28 8 4 7 11 24.0704518556594849 63.5450099724839603 
9 1 10 3.36768017929769181 12 6 14 3 2 1 12 12 1 30 2 9.25570237641795579 25 13 17 6 1 18 12 11 8 31 2 13 26 2 13 6 5 16 15 9 14 25 3.84646942076222631 14 31 9.82524131762891173 13 14 8 16 25 13.151007650947605 12 26 12 2 6 12 5 32 3 6 9 9 17.4372097849845886 222.188658938315712 
5 15 1 18 24 3 12 20 2.70999124060388841 17 8 13 16 2 2.70999124060388841 4 31 8 14 1 4 15 26 6 1 5.34074699537910114 7 14 12 5 10 13 2 14 1 3 12 16 12 9 15 11 15 6 1 5 32 9 6 24 7 16 8 2.70999124060388841 3 28 8 4 7 11 20.9777355790138245 92.9302690942302831 
5 15 1 18 24 3 12 20 2.70999124060388841 17 8 13 16 2 2.70999124060388841 4 31 8 14 1 4 15 26 6 5 22 7 14 6 10 10 13 2 3 17 2 12 16 12 9 15 11 18 3 10 5 32 9 6 24 7 16 8 2.70999124060388841 3 28 8 4 7 11 23.342570573091507 71.3451253499945324 
6 16 2.70999124060388841 9.25570237641795579 25 3.84646942076222631 14 24 9 9 14 12 6 26 9.82524131762891173 17.8244721320812971 6 8 11 30 2 15 22 9 14 15 9 12 26 1 4 16 10 1 5 3 17 30 12 14 30 12 6 8 4 12 26 8 8 19 10 1 16 9 6 26 6 14 7 2 18.0821465253829956 182.084493284493277 
5 15 1 18 24 3 12 20 2.70999124060388841 17 8 13 16 2 2.70999124060388841 4 31 8 14 1 4 15 26 6 5 22 7 6 15 9 10 13 2 3 14 11 12 16 12 9 15 11 18 3 10 5 32 9 6 24 7 16 8 2.70999124060388841 1 9 9 4 7 11 22.6753956079483032 80.5298610818317684 
5 15 1 18 24 3 12 20 2.70999124060388841 17 8 13 16 2 2.70999124060388841 4 31 8 14 1 4 15 26 6 5 22 7 14 24 6 10 13 2 4 33 11 12 16 12 9 15 11 18 3 10 5 32 9 6 24 7 16 8 2.70999124060388841 3 28 8 4 7 11 23.8062666654586792 66.4761831220247217 
5 15 1 18 24 3 12 20 2.70999124060388841 17 8 13 16 2 2.70999124060388841 4 31 8 14 1 4 15 26 6 5 22 7 1 6 10 10 13 2 11 27 1 12 16 12 9 15 11 18 3 10 5 32 9 6 24 7 16 8 2.70999124060388841 3 28 8 4 7 11 25.3099658489227295 59.4044836877275628 
5 15 1 18 24 3 12 20 2.70999124060388841 17 8 13 16 2 2.70999124060388841 4 31 8 14 1 4 15 26 6 5 22 7 1 24 3 10 13 2 14 25 4 12 16 12 9 15 11 18 3 10 5 32 9 6 24 7 16 8 2.70999124060388841 3 28 8 4 7 11 22.8971426486968994 79.0239205163814376 
5 15 1 18 24 3 12 20 2.70999124060388841 17 8 13 16 2 2.70999124060388841 4 31 8 14 1 4 15 26 6 5 22 7 2 25 4 10 13 2 4 32 3 12 16 12 9 15 11 17 30 11 5 32 9 6 24 7 16 8 2.70999124060388841 3 28 8 4 7 11 22.1663946509361267 89.676579381944677 
5 15 1 18 24 3 12 20 2.70999124060388841 17 8 13 16 2 2.70999124060388841 4 31 8 14 1 4 15 26 6 5 22 7 2 4 10 10 13 2 4 30 8 12 16 12 9 15 11 18 3 10 5 32 9 6 24 7 16 8 2.70999124060388841 3 28 8 4 7 11 25.5792386531829834 56.8283338147044503 
5 15 1 18 24 3 12 20 2.70999124060388841 17 8 13 16 2 2.70999124060388841 4 31 8 14 1 4 15 26 6 5 22 7 2 4 10 10 13 2 4 30 13 12 16 12 9 15 11 18 3 10 5 32 9 6 24 7 16 8 2.70999124060388841 3 28 8 4 7 11 25.5380386710166931 58.1187210377780303 
5 15 1 18 24 3 12 20 2.70999124060388841 17 8 13 16 2 2.70999124060388841 4 31 8 14 1 4 15 26 6 5 22 7 11 25 11 10 13 2 3.36768017929769181 30 8 12 16 12 9 15 11 18 3 10 5 32 9 6 24 7 16 8 2.70999124060388841 3 28 8 4 7 11 23.9607685804367065 65.6425365708942934 
5 15 1 18 24 3 12 20 2.70999124060388841 17 8 13 16 2 2.70999124060388841 4 31 8 14 1 4 15 26 6 5 22 7 1 6 5 10 13 2 11 27 1 12 16 12 9 15 11 18 3 10 5 32 9 6 24 7 16 8 2.70999124060388841 3 28 8 4 7 11 25.2979658246040344 60.0362366656877526 
5 15 1 18 24 3 12 20 2.70999124060388841 17 8 13 16 2 2.70999124060388841 4 31 8 14 1 4 15 26 6 5 22 7 2 4 10 10 13 2 11 30 1 12 16 12 9 15 11 18 3 10 5 32 9 6 24 7 16 8 2.70999124060388841 3 28 8 4 7 11 26.2275476455688477 56.6727664174309069 
5 15 1 18 24 3 12 20 2.70999124060388841 17 8 13 16 2 2.70999124060388841 4 31 8 14 1 4 15 26 6 5 22 7 2 6 5 10 13 2 4 14 11 12 16 12 9 15 11 18 3 10 5 32 9 6 24 7 16 8 2.70999124060388841 3 28 8 4 7 11 23.5338616967201233 70.3006570403629354 
5 15 1 18 24 3 12 20 2.70999124060388841 17 8 13 16 2 2.70999124060388841 4 31 8 14 1 4 15 26 6 1 32 7 14 14 2 10 13 2 3 5.34074699537910114 1 12 16 12 9 15 11 18 3 10 5 32 9 6 24 7 16 8 2.70999124060388841 3 28 8 4 7 11 22.6295906901359558 81.3703950616836238 
5 15 1 1 26 10 12 20 2.70999124060388841 17 8 13 16 2 2.70999124060388841 4 31 8 14 1 4 15 26 6 5 22 7 2 2 5 10 13 2 14 30 10 12 16 12 9 15 11 18 3 10 5 32 9 6 24 7 16 8 2.70999124060388841 3 28 8 4 7 11 22.3440025746822357 87.6179029304029484 
5 15 1 18 24 3 12 20 2.70999124060388841 17 8 13 16 2 2.70999124060388841 4 31 8 14 1 4 15 26 6 5 22 7 1 6 9 10 13 2 11 27 1 12 16 12 9 15 11 18 3 10 5 32 9 6 24 7 16 8 2.70999124060388841 3 28 8 4 7 11 25.2079418301582336 60.0875733674487478 
5 15 1 18 24 3 12 20 2.70999124060388841 17 8 13 16 2 2.70999124060388841 4 31 8 14 1 4 15 26 6 5 22 7 1 24 9 10 13 2 11 27 1 12 16 12 9 15 11 18 3 10 5 32 9 6 24 7 16 8 2.70999124060388841 3 28 8 4 7 11 25.2497768402099609 60.0822957419377985 
5 15 1 18 24 3 12 20 2.70999124060388841 17 8 13 16 2 2.70999124060388841 4 31 8 14 1 4 15 26 6 5 22 7 15 3 7 10 13 2 3 9 2 12 16 12 9 15 11 18 3 10 5 32 9 6 24 7 16 8 2.70999124060388841 3 28 8 4 7 11 23.5978366732597351 66.5198621021397543 
5 15 1 10 26 7 12 20 2.70999124060388841 17 8 13 16 2 2.70999124060388841 4 31 8 14 1 4 15 26 6 5 22 7 17 14 1 10 13 2 3.36768017929769181 18 13 12 16 12 9 15 11 1 9 3 5 32 9 6 24 7 16 8 2.70999124060388841 3 28 8 4 7 11 22.4235106706619263 81.5255658606970286 
5 15 1 18 24 3 12 20 2.70999124060388841 17 8 13 16 2 2.70999124060388841 4 31 8 14 1 4 15 26 6 5 22 7 2 4 10 10 13 2 11 27 1 12 16 12 9 15 11 18 3 10 5 32 9 6 24 7 16 8 2.70999124060388841 3 28 8 4 7 11 27.8163468837738037 55.7731846205270543 
5 15 1 18 24 3 12 20 2.70999124060388841 17 8 13 16 2 2.70999124060388841 4 31 8 14 1 4 15 26 6 5 22 7 14 6 4 10 13 2 11 27 1 12 16 12 9 15 11 18 3 10 5 32 9 6 24 7 16 8 2.70999124060388841 3 28 8 4 7 11 25.0565908253192902 60.5863744915442908 
5 15 1 18 24 3 12 20 2.70999124060388841 17 8 13 16 2 2.70999124060388841 4 31 8 14 1 4 15 26 6 5 22 7 14 32 10 10 13 2 4 31 11 12 16 12 9 15 11 18 3 10 5 32 9 6 24 7 16 8 2.70999124060388841 3 28 8 4 7 11 22.9942666888237 71.8166611166611375 
12 16 11 3.36768017929769181 24 10 14 23 9 10 20 8 15 19 7 17 25 5 14 9 10 10 16.1354543567662532 3.84646942076222631 13 26 2 3 17 12 16 24 12 13.2195649013323386 22 11 3 30 4 13 20 5 2 32 4 12 23 3 8 15 5 1 2 11 4 25 1 15 31.8448655754823804 9 19.4414527416229248 177.223180316988362 

Current Evaluation = 40000000(40000000)
Front Size = 30
5 15 1 18 24 3 12 20 2.70999124060388841 17 8 13 16 2 2.70999124060388841 4 31 8 14 1 4 15 26 6 16 14 11 14 31 5 10 13 2 13 22 10 12 16 12 9 15 11 3 32 10 5 32 9 6 24 7 14 6 2 5 6 7 4 7 11 20.5223917067050934 137.933522695257068 
1 31 11 15 32 4 3 5.34074699537910114 5 2 20 4 3 16.1354543567662532 4 14 31 3.84646942076222631 12 12 7 12 19 11 14 17 8 13.2195649013323386 18 11 3 18 6 13 24 11 12 6 11 17 30 9 17 32 7 12 30 4 3 6 6 8 25 9 2 19 6 12 24 13.151007650947605 17.0450009107589722 270.942050128234314 
9 1 10 3.36768017929769181 12 6 14 3 2 1 12 12 1 30 2 9.25570237641795579 25 13 17 6 1 18 12 11 8 31 2 13 26 2 13 6 5 16 15 9 14 25 3.84646942076222631 14 31 9.82524131762891173 13 14 8 16 25 13.151007650947605 12 26 12 2 6 12 5 32 3 6 9 9 17.4372097849845886 222.188658938315712 
5 15 1 18 24 3 12 20 2.70999124060388841 17 8 13 16 2 2.70999124060388841 4 31 8 14 1 4 15 26 6 1 5.34074699537910114 7 14 12 5 10 13 2 14 1 3 12 16 12 9 15 11 15 6 1 5 32 9 6 24 7 16 8 2.70999124060388841 3 28 8 4 7 11 20.9777355790138245 92.9302690942302831 
6 16 2.70999124060388841 9.25570237641795579 25 3.84646942076222631 14 24 9 9 14 12 6 26 9.82524131762891173 17.8244721320812971 6 8 11 30 2 15 22 9 14 15 9 12 26 1 4 16 10 1 5 3 17 30 12 14 30 12 6 8 4 12 26 8 8 19 10 1 16 9 6 26 6 14 7 2 18.0821465253829956 182.084493284493277 
5 15 1 18 24 3 12 20 2.70999124060388841 17 8 13 16 2 2.70999124060388841 4 31 8 14 1 4 15 26 6 5 22 7 6 15 9 10 13 2 3 14 11 12 16 12 9 15 11 18 3 10 5 32 9 6 24 7 16 8 2.70999124060388841 1 9 9 4 7 11 22.6753956079483032 80.5298610818317684 
5 15 1 18 24 3 12 20 2.70999124060388841 17 8 13 16 2 2.70999124060388841 4 31 8 14 1 4 15 26 6 5 22 7 2 25 4 10 13 2 4 32 3 12 16 12 9 15 11 17 30 11 5 32 9 6 24 7 16 8 2.70999124060388841 3 28 8 4 7 11 22.1663946509361267 89.676579381944677 
5 15 1 18 24 3 12 20 2.70999124060388841 17 8 13 16 2 2.70999124060388841 4 31 8 14 1 4 15 26 6 5 22 7 2 4 10 10 13 2 4 30 8 12 16 12 9 15 11 18 3 10 5 32 9 6 24 7 16 8 2.70999124060388841 3 28 8 4 7 11 25.5792386531829834 56.8283338147044503 
5 15 1 18 24 3 12 20 2.70999124060388841 17 8 13 16 2 2.70999124060388841 4 31 8 14 1 4 15 26 6 5 22 7 2 4 10 10 13 2 4 30 13 12 16 12 9 15 11 18 3 10 5 32 9 6 24 7 16 8 2.70999124060388841 3 28 8 4 7 11 25.5380386710166931 58.1187210377780303 
5 15 1 18 24 3 12 20 2.70999124060388841 17 8 13 16 2 2.70999124060388841 4 31 8 14 1 4 15 26 6 5 22 7 2 4 10 10 13 2 11 30 1 12 16 12 9 15 11 18 3 10 5 32 9 6 24 7 16 8 2.70999124060388841 3 28 8 4 7 11 26.2275476455688477 56.6727664174309069 
5 15 1 18 24 3 12 20 2.70999124060388841 17 8 13 16 2 2.70999124060388841 4 31 8 14 1 4 15 26 6 1 32 7 14 14 2 10 13 2 3 5.34074699537910114 1 12 16 12 9 15 11 18 3 10 5 32 9 6 24 7 16 8 2.70999124060388841 3 28 8 4 7 11 22.6295906901359558 81.3703950616836238 
5 15 1 1 26 10 12 20 2.70999124060388841 17 8 13 16 2 2.70999124060388841 4 31 8 14 1 4 15 26 6 5 22 7 2 2 5 10 13 2 14 30 10 12 16 12 9 15 11 18 3 10 5 32 9 6 24 7 16 8 2.70999124060388841 3 28 8 4 7 11 22.3440025746822357 87.6179029304029484 
5 15 1 18 24 3 12 20 2.70999124060388841 17 8 13 16 2 2.70999124060388841 4 31 8 14 1 4 15 26 6 5 22 7 1 6 9 10 13 2 11 27 1 12 16 12 9 15 11 18 3 10 5 32 9 6 24 7 16 8 2.70999124060388841 3 28 8 4 7 11 25.2079418301582336 60.0875733674487478 
5 15 1 18 24 3 12 20 2.70999124060388841 17 8 13 16 2 2.70999124060388841 4 31 8 14 1 4 15 26 6 5 22 7 1 24 9 10 13 2 11 27 1 12 16 12 9 15 11 18 3 10 5 32 9 6 24 7 16 8 2.70999124060388841 3 28 8 4 7 11 25.2497768402099609 60.0822957419377985 
5 15 1 10 26 7 12 20 2.70999124060388841 17 8 13 16 2 2.70999124060388841 4 31 8 14 1 4 15 26 6 5 22 7 17 14 1 10 13 2 3.36768017929769181 18 13 12 16 12 9 15 11 1 9 3 5 32 9 6 24 7 16 8 2.70999124060388841 3 28 8 4 7 11 22.4235106706619263 81.5255658606970286 
5 15 1 18 24 3 12 20 2.70999124060388841 17 8 13 16 2 2.70999124060388841 4 31 8 14 1 4 15 26 6 5 22 7 2 4 10 10 13 2 11 27 1 12 16 12 9 15 11 18 3 10 5 32 9 6 24 7 16 8 2.70999124060388841 3 28 8 4 7 11 27.8163468837738037 55.7731846205270543 
5 15 1 18 24 3 12 20 2.70999124060388841 17 8 13 16 2 2.70999124060388841 4 31 8 14 1 4 15 26 6 5 22 7 14 6 4 10 13 2 11 27 1 12 16 12 9 15 11 18 3 10 5 32 9 6 24 7 16 8 2.70999124060388841 3 28 8 4 7 11 25.0565908253192902 60.5863744915442908 
5 15 1 18 24 3 12 20 2.70999124060388841 17 8 13 16 2 2.70999124060388841 4 31 8 14 1 4 15 26 6 5 22 7 14 32 10 10 13 2 4 31 11 12 16 12 9 15 11 18 3 10 5 32 9 6 24 7 16 8 2.70999124060388841 3 28 8 4 7 11 22.9942666888237 71.8166611166611375 
12 16 11 3.36768017929769181 24 10 14 23 9 10 20 8 15 19 7 17 25 5 14 9 10 10 16.1354543567662532 3.84646942076222631 13 26 2 3 17 12 16 24 12 13.2195649013323386 22 11 3 30 4 13 20 5 2 32 4 12 23 3 8 15 5 1 2 11 4 25 1 15 31.8448655754823804 9 19.4414527416229248 177.223180316988362 
5 15 1 18 24 3 12 20 2.70999124060388841 17 8 13 16 2 2.70999124060388841 4 31 8 14 1 4 15 26 6 5 22 7 6 6 9 10 13 2 11 27 1 12 16 12 9 15 11 18 3 10 5 32 9 6 24 7 16 8 2.70999124060388841 3 28 8 4 7 11 25.1842348575592041 60.5216597759938253 
5 15 1 18 24 3 12 20 2.70999124060388841 17 8 13 16 2 2.70999124060388841 4 31 8 14 1 4 15 26 6 5 22 7 1 32 6 10 13 2 3.36768017929769181 9 13 12 16 12 9 15 11 18 3 10 5 32 9 6 24 7 16 8 2.70999124060388841 3 28 8 4 7 11 23.4925667643547058 61.9604815243801852 
5 15 1 18 24 3 12 20 2.70999124060388841 17 8 13 16 2 2.70999124060388841 4 31 8 14 1 4 15 26 6 5 22 7 2 3 13 1 30 10 1 26 5 12 16 12 9 15 11 14 6 1 5 32 9 6 24 7 17 1 2 3 28 8 4 7 11 20.9191927313804626 116.637697672309017 
5 15 1 18 24 3 12 20 2.70999124060388841 17 8 13 16 2 2.70999124060388841 4 31 8 14 1 4 15 26 6 5 22 7 14 32 7 10 13 2 3 31 11 12 16 12 9 15 11 18 3 10 5 32 9 6 24 7 16 8 2.70999124060388841 3 28 8 4 7 11 23.0140627026557922 68.8433467032590727 
5 15 1 18 24 3 12 20 2.70999124060388841 17 8 13 16 2 2.70999124060388841 4 31 8 14 1 4 15 26 6 5 22 7 2 4 10 10 13 2 11 18 8 12 16 12 9 15 11 18 3 10 5 32 9 6 24 7 16 8 2.70999124060388841 3 28 8 4 7 11 26.4527556896209717 56.391626772979933 
5 15 1 18 24 3 12 20 2.70999124060388841 17 8 13 16 2 2.70999124060388841 4 31 8 14 1 4 15 26 6 5 22 7 6 2 7 10 13 2 3 30 12 12 16 12 9 15 11 18 3 10 5 32 9 6 24 7 16 8 2.70999124060388841 3 28 8 4 7 11 23.3914906978607178 66.2969557358111246 
5 15 1 18 24 3 12 20 2.70999124060388841 17 8 13 16 2 2.70999124060388841 4 31 8 14 1 4 15 26 6 5 22 7 6 14 7 10 13 2 17 30 2 12 16 12 9 15 11 12 18 8 5 32 9 6 24 7 16 8 2.70999124060388841 3 28 8 4 7 11 22.4009325504302979 86.7793310121147528 
5 15 1 18 24 3 12 20 2.70999124060388841 17 8 13 16 2 2.70999124060388841 4 31 8 14 1 4 15 26 6 5 22 7 9 5.34074699537910114 13 10 13 2 2 6 7 12 16 12 9 15 11 14 30 6 5 32 9 6 24 7 16 8 2.70999124060388841 3 28 8 4 7 11 22.2681716680526733 89.6453822041598869 
5 15 1 18 24 3 12 20 2.70999124060388841 17 8 13 16 2 2.70999124060388841 4 31 8 14 1 4 15 26 6 5 22 7 2 6 3 10 13 2 4 30 2 12 16 12 9 15 11 18 3 10 5 32 9 6 24 7 16 8 2.70999124060388841 3 28 8 4 7 11 23.2250306606292725 67.6924588719161164 
5 15 1 9 22 4 12 20 2.70999124060388841 17 8 13 16 2 2.70999124060388841 4 31 8 14 1 4 15 26 6 1 24 10 2 2 2 10 13 2 11 30 2.70999124060388841 12 16 12 9 15 11 18 3 10 5 32 9 6 24 7 16 8 2.70999124060388841 3 28 8 4 7 11 22.8271584510803223 77.9298253349870151 
5 15 1 18 24 3 12 20 2.70999124060388841 17 8 13 16 2 2.70999124060388841 4 31 8 14 1 4 15 26 6 5 22 7 1 6 5 10 13 2 11 27 1 12 16 12 9 15 11 18 3 10 5 32 9 6 24 7 16 8 2.70999124060388841 3 28 8 4 7 11 25.2979658246040344 59.0655723757144457 

Current Evaluation = 50000000(50000000)
Front Size = 24
5 15 1 18 24 3 12 20 2.70999124060388841 17 8 13 16 2 2.70999124060388841 4 31 8 14 1 4 15 26 6 16 14 11 14 31 5 10 13 2 13 22 10 12 16 12 9 15 11 3 32 10 5 32 9 6 24 7 14 6 2 5 6 7 4 7 11 20.5223917067050934 137.933522695257068 
1 31 11 15 32 4 3 5.34074699537910114 5 2 20 4 3 16.1354543567662532 4 14 31 3.84646942076222631 12 12 7 12 19 11 14 17 8 13.2195649013323386 18 11 3 18 6 13 24 11 12 6 11 17 30 9 17 32 7 12 30 4 3 6 6 8 25 9 2 19 6 12 24 13.151007650947605 17.0450009107589722 270.942050128234314 
9 1 10 3.36768017929769181 12 6 14 3 2 1 12 12 1 30 2 9.25570237641795579 25 13 17 6 1 18 12 11 8 31 2 13 26 2 13 6 5 16 15 9 14 25 3.84646942076222631 14 31 9.82524131762891173 13 14 8 16 25 13.151007650947605 12 26 12 2 6 12 5 32 3 6 9 9 17.4372097849845886 222.188658938315712 
5 15 1 18 24 3 12 20 2.70999124060388841 17 8 13 16 2 2.70999124060388841 4 31 8 14 1 4 15 26 6 1 5.34074699537910114 7 14 12 5 10 13 2 14 1 3 12 16 12 9 15 11 15 6 1 5 32 9 6 24 7 16 8 2.70999124060388841 3 28 8 4 7 11 20.9777355790138245 92.9302690942302831 
6 16 2.70999124060388841 9.25570237641795579 25 3.84646942076222631 14 24 9 9 14 12 6 26 9.82524131762891173 17.8244721320812971 6 8 11 30 2 15 22 9 14 15 9 12 26 1 4 16 10 1 5 3 17 30 12 14 30 12 6 8 4 12 26 8 8 19 10 1 16 9 6 26 6 14 7 2 18.0821465253829956 182.084493284493277 
5 15 1 18 24 3 12 20 2.70999124060388841 17 8 13 16 2 2.70999124060388841 4 31 8 14 1 4 15 26 6 5 22 7 2 4 10 10 13 2 4 30 8 12 16 12 9 15 11 18 3 10 5 32 9 6 24 7 16 8 2.70999124060388841 3 28 8 4 7 11 25.5792386531829834 56.8283338147044503 
5 15 1 18 24 3 12 20 2.70999124060388841 17 8 13 16 2 2.70999124060388841 4 31 8 14 1 4 15 26 6 5 22 7 2 4 10 10 13 2 11 30 1 12 16 12 9 15 11 18 3 10 5 32 9 6 24 7 16 8 2.70999124060388841 3 28 8 4 7 11 26.2275476455688477 56.6727664174309069 
5 15 1 18 24 3 12 20 2.70999124060388841 17 8 13 16 2 2.70999124060388841 4 31 8 14 1 4 15 26 6 5 22 7 1 6 9 10 13 2 11 27 1 12 16 12 9 15 11 18 3 10 5 32 9 6 24 7 16 8 2.70999124060388841 3 28 8 4 7 11 25.2079418301582336 60.0875733674487478 
5 15 1 18 24 3 12 20 2.70999124060388841 17 8 13 16 2 2.70999124060388841 4 31 8 14 1 4 15 26 6 5 22 7 1 24 9 10 13 2 11 27 1 12 16 12 9 15 11 18 3 10 5 32 9 6 24 7 16 8 2.70999124060388841 3 28 8 4 7 11 25.2497768402099609 60.0822957419377985 
5 15 1 18 24 3 12 20 2.70999124060388841 17 8 13 16 2 2.70999124060388841 4 31 8 14 1 4 15 26 6 5 22 7 14 6 4 10 13 2 11 27 1 12 16 12 9 15 11 18 3 10 5 32 9 6 24 7 16 8 2.70999124060388841 3 28 8 4 7 11 25.0565908253192902 60.5863744915442908 
5 15 1 18 24 3 12 20 2.70999124060388841 17 8 13 16 2 2.70999124060388841 4 31 8 14 1 4 15 26 6 5 22 7 14 32 10 10 13 2 4 31 11 12 16 12 9 15 11 18 3 10 5 32 9 6 24 7 16 8 2.70999124060388841 3 28 8 4 7 11 22.9942666888237 71.8166611166611375 
12 16 11 3.36768017929769181 24 10 14 23 9 10 20 8 15 19 7 17 25 5 14 9 10 10 16.1354543567662532 3.84646942076222631 13 26 2 3 17 12 16 24 12 13.2195649013323386 22 11 3 30 4 13 20 5 2 32 4 12 23 3 8 15 5 1 2 11 4 25 1 15 31.8448655754823804 9 19.4414527416229248 177.223180316988362 
5 15 1 18 24 3 12 20 2.70999124060388841 17 8 13 16 2 2.70999124060388841 4 31 8 14 1 4 15 26 6 5 22 7 6 6 9 10 13 2 11 27 1 12 16 12 9 15 11 18 3 10 5 32 9 6 24 7 16 8 2.70999124060388841 3 28 8 4 7 11 25.1842348575592041 60.5216597759938253 
5 15 1 18 24 3 12 20 2.70999124060388841 17 8 13 16 2 2.70999124060388841 4 31 8 14 1 4 15 26 6 5 22 7 1 32 6 10 13 2 3.36768017929769181 9 13 12 16 12 9 15 11 18 3 10 5 32 9 6 24 7 16 8 2.70999124060388841 3 28 8 4 7 11 23.4925667643547058 61.9604815243801852 
5 15 1 18 24 3 12 20 2.70999124060388841 17 8 13 16 2 2.70999124060388841 4 31 8 14 1 4 15 26 6 5 22 7 2 3 13 1 30 10 1 26 5 12 16 12 9 15 11 14 6 1 5 32 9 6 24 7 17 1 2 3 28 8 4 7 11 20.9191927313804626 116.637697672309017 
5 15 1 18 24 3 12 20 2.70999124060388841 17 8 13 16 2 2.70999124060388841 4 31 8 14 1 4 15 26 6 5 22 7 14 32 7 10 13 2 3 31 11 12 16 12 9 15 11 18 3 10 5 32 9 6 24 7 16 8 2.70999124060388841 3 28 8 4 7 11 23.0140627026557922 68.8433467032590727 
5 15 1 18 24 3 12 20 2.70999124060388841 17 8 13 16 2 2.70999124060388841 4 31 8 14 1 4 15 26 6 5 22 7 2 4 10 10 13 2 11 18 8 12 16 12 9 15 11 18 3 10 5 32 9 6 24 7 16 8 2.70999124060388841 3 28 8 4 7 11 26.4527556896209717 56.391626772979933 
5 15 1 18 24 3 12 20 2.70999124060388841 17 8 13 16 2 2.70999124060388841 4 31 8 14 1 4 15 26 6 5 22 7 1 6 5 10 13 2 11 27 1 12 16 12 9 15 11 18 3 10 5 32 9 6 24 7 16 8 2.70999124060388841 3 28 8 4 7 11 25.2979658246040344 59.0655723757144457 
5 15 1 18 24 3 12 20 2.70999124060388841 17 8 13 16 2 2.70999124060388841 4 31 8 14 1 4 15 26 6 5 22 7 2 4 10 10 13 2 4 30 13 12 16 12 9 15 11 18 3 10 5 32 9 6 24 7 16 8 2.70999124060388841 3 28 8 4 7 11 25.5380386710166931 57.1108394553364036 
5 15 1 18 24 3 12 20 2.70999124060388841 17 8 13 16 2 2.70999124060388841 4 31 8 14 1 4 15 26 6 5 22 7 14 6 4 13 9 7 14 30 5 12 16 12 9 15 11 15 5 11 5 32 9 6 24 7 16 8 2.70999124060388841 3 28 8 4 7 11 20.8188076317310333 120.057025866445002 
12 25 2.70999124060388841 6 20 3 14 6 2 14 6 6.96245171630185755 12 26 2 12 30 3.84646942076222631 13 26 7 1 7 9.82524131762891173 1 9 12 14 25 11 13 20 10 14 1 10 10 9 4 17.8244721320812971 3 7.75241283629571765 1 11 3 17 6 9 15 2.14087964533996544 13 15 19 8 1 2 7.88610251083374347 6 7 11 17.1144709289073944 269.943992557150409 
5 15 1 18 24 3 12 20 2.70999124060388841 17 8 13 16 2 2.70999124060388841 4 31 8 14 1 4 15 26 6 5 22 7 14 25 9 10 13 2 3 18 2 12 16 12 9 15 11 18 3 10 5 32 9 6 24 7 16 8 2.70999124060388841 3 28 8 4 7 11 23.1439036726951599 64.1986173086431222 
5 15 1 18 24 3 12 20 2.70999124060388841 17 8 13 16 2 2.70999124060388841 4 31 8 14 1 4 15 26 6 5 22 7 2 4 10 10 13 2 11 27 1 12 16 12 9 15 11 18 3 10 5 32 9 6 24 7 16 8 2.70999124060388841 3 28 8 4 7 11 27.8163468837738037 55.3773453957719681 
5 15 1 18 24 3 12 20 2.70999124060388841 17 8 13 16 2 2.70999124060388841 4 31 8 14 1 4 15 26 6 5 22 7 1 20 10 10 13 2 4 30 11 12 16 12 9 15 11 1 26 9 5 32 9 6 24 7 16 8 2.70999124060388841 3 28 8 4 7 11 21.81074059009552 74.9287834498889396 

Current Evaluation = 60000000(60000000)
Front Size = 27
5 15 1 18 24 3 12 20 2.70999124060388841 17 8 13 16 2 2.70999124060388841 4 31 8 14 1 4 15 26 6 16 14 11 14 31 5 10 13 2 13 22 10 12 16 12 9 15 11 3 32 10 5 32 9 6 24 7 14 6 2 5 6 7 4 7 11 20.5223917067050934 137.933522695257068 
1 31 11 15 32 4 3 5.34074699537910114 5 2 20 4 3 16.1354543567662532 4 14 31 3.84646942076222631 12 12 7 12 19 11 14 17 8 13.2195649013323386 18 11 3 18 6 13 24 11 12 6 11 17 30 9 17 32 7 12 30 4 3 6 6 8 25 9 2 19 6 12 24 13.151007650947605 17.0450009107589722 270.942050128234314 
9 1 10 3.36768017929769181 12 6 14 3 2 1 12 12 1 30 2 9.25570237641795579 25 13 17 6 1 18 12 11 8 31 2 13 26 2 13 6 5 16 15 9 14 25 3.84646942076222631 14 31 9.82524131762891173 13 14 8 16 25 13.151007650947605 12 26 12 2 6 12 5 32 3 6 9 9 17.4372097849845886 222.188658938315712 
5 15 1 18 24 3 12 20 2.70999124060388841 17 8 13 16 2 2.70999124060388841 4 31 8 14 1 4 15 26 6 1 5.34074699537910114 7 14 12 5 10 13 2 14 1 3 12 16 12 9 15 11 15 6 1 5 32 9 6 24 7 16 8 2.70999124060388841 3 28 8 4 7 11 20.9777355790138245 92.9302690942302831 
6 16 2.70999124060388841 9.25570237641795579 25 3.84646942076222631 14 24 9 9 14 12 6 26 9.82524131762891173 17.8244721320812971 6 8 11 30 2 15 22 9 14 15 9 12 26 1 4 16 10 1 5 3 17 30 12 14 30 12 6 8 4 12 26 8 8 19 10 1 16 9 6 26 6 14 7 2 18.0821465253829956 182.084493284493277 
5 15 1 18 24 3 12 20 2.70999124060388841 17 8 13 16 2 2.70999124060388841 4 31 8 14 1 4 15 26 6 5 22 7 2 4 10 10 13 2 4 30 8 12 16 12 9 15 11 18 3 10 5 32 9 6 24 7 16 8 2.70999124060388841 3 28 8 4 7 11 25.5792386531829834 56.8283338147044503 
5 15 1 18 24 3 12 20 2.70999124060388841 17 8 13 16 2 2.70999124060388841 4 31 8 14 1 4 15 26 6 5 22 7 1 6 9 10 13 2 11 27 1 12 16 12 9 15 11 18 3 10 5 32 9 6 24 7 16 8 2.70999124060388841 3 28 8 4 7 11 25.2079418301582336 60.0875733674487478 
5 15 1 18 24 3 12 20 2.70999124060388841 17 8 13 16 2 2.70999124060388841 4 31 8 14 1 4 15 26 6 5 22 7 1 24 9 10 13 2 11 27 1 12 16 12 9 15 11 18 3 10 5 32 9 6 24 7 16 8 2.70999124060388841 3 28 8 4 7 11 25.2497768402099609 60.0822957419377985 
5 15 1 18 24 3 12 20 2.70999124060388841 17 8 13 16 2 2.70999124060388841 4 31 8 14 1 4 15 26 6 5 22 7 14 6 4 10 13 2 11 27 1 12 16 12 9 15 11 18 3 10 5 32 9 6 24 7 16 8 2.70999124060388841 3 28 8 4 7 11 25.0565908253192902 60.5863744915442908 
5 15 1 18 24 3 12 20 2.70999124060388841 17 8 13 16 2 2.70999124060388841 4 31 8 14 1 4 15 26 6 5 22 7 14 32 10 10 13 2 4 31 11 12 16 12 9 15 11 18 3 10 5 32 9 6 24 7 16 8 2.70999124060388841 3 28 8 4 7 11 22.9942666888237 71.8166611166611375 
12 16 11 3.36768017929769181 24 10 14 23 9 10 20 8 15 19 7 17 25 5 14 9 10 10 16.1354543567662532 3.84646942076222631 13 26 2 3 17 12 16 24 12 13.2195649013323386 22 11 3 30 4 13 20 5 2 32 4 12 23 3 8 15 5 1 2 11 4 25 1 15 31.8448655754823804 9 19.4414527416229248 177.223180316988362 
5 15 1 18 24 3 12 20 2.70999124060388841 17 8 13 16 2 2.70999124060388841 4 31 8 14 1 4 15 26 6 5 22 7 6 6 9 10 13 2 11 27 1 12 16 12 9 15 11 18 3 10 5 32 9 6 24 7 16 8 2.70999124060388841 3 28 8 4 7 11 25.1842348575592041 60.5216597759938253 
5 15 1 18 24 3 12 20 2.70999124060388841 17 8 13 16 2 2.70999124060388841 4 31 8 14 1 4 15 26 6 5 22 7 1 32 6 10 13 2 3.36768017929769181 9 13 12 16 12 9 15 11 18 3 10 5 32 9 6 24 7 16 8 2.70999124060388841 3 28 8 4 7 11 23.4925667643547058 61.9604815243801852 
5 15 1 18 24 3 12 20 2.70999124060388841 17 8 13 16 2 2.70999124060388841 4 31 8 14 1 4 15 26 6 5 22 7 14 32 7 10 13 2 3 31 11 12 16 12 9 15 11 18 3 10 5 32 9 6 24 7 16 8 2.70999124060388841 3 28 8 4 7 11 23.0140627026557922 68.8433467032590727 
5 15 1 18 24 3 12 20 2.70999124060388841 17 8 13 16 2 2.70999124060388841 4 31 8 14 1 4 15 26 6 5 22 7 2 4 10 10 13 2 11 18 8 12 16 12 9 15 11 18 3 10 5 32 9 6 24 7 16 8 2.70999124060388841 3 28 8 4 7 11 26.4527556896209717 56.391626772979933 
5 15 1 18 24 3 12 20 2.70999124060388841 17 8 13 16 2 2.70999124060388841 4 31 8 14 1 4 15 26 6 5 22 7 1 6 5 10 13 2 11 27 1 12 16 12 9 15 11 18 3 10 5 32 9 6 24 7 16 8 2.70999124060388841 3 28 8 4 7 11 25.2979658246040344 59.0655723757144457 
5 15 1 18 24 3 12 20 2.70999124060388841 17 8 13 16 2 2.70999124060388841 4 31 8 14 1 4 15 26 6 5 22 7 2 4 10 10 13 2 4 30 13 12 16 12 9 15 11 18 3 10 5 32 9 6 24 7 16 8 2.70999124060388841 3 28 8 4 7 11 25.5380386710166931 57.1108394553364036 
12 25 2.70999124060388841 6 20 3 14 6 2 14 6 6.96245171630185755 12 26 2 12 30 3.84646942076222631 13 26 7 1 7 9.82524131762891173 1 9 12 14 25 11 13 20 10 14 1 10 10 9 4 17.8244721320812971 3 7.75241283629571765 1 11 3 17 6 9 15 2.14087964533996544 13 15 19 8 1 2 7.88610251083374347 6 7 11 17.1144709289073944 269.943992557150409 
5 15 1 18 24 3 12 20 2.70999124060388841 17 8 13 16 2 2.70999124060388841 4 31 8 14 1 4 15 26 6 5 22 7 14 25 9 10 13 2 3 18 2 12 16 12 9 15 11 18 3 10 5 32 9 6 24 7 16 8 2.70999124060388841 3 28 8 4 7 11 23.1439036726951599 64.1986173086431222 
5 15 1 18 24 3 12 20 2.70999124060388841 17 8 13 16 2 2.70999124060388841 4 31 8 14 1 4 15 26 6 5 22 7 2 4 10 10 13 2 11 27 1 12 16 12 9 15 11 18 3 10 5 32 9 6 24 7 16 8 2.70999124060388841 3 28 8 4 7 11 27.8163468837738037 55.3773453957719681 
5 15 1 18 24 3 12 20 2.70999124060388841 17 8 13 16 2 2.70999124060388841 4 31 8 14 1 4 15 26 6 5 22 7 1 20 10 10 13 2 4 30 11 12 16 12 9 15 11 1 26 9 5 32 9 6 24 7 16 8 2.70999124060388841 3 28 8 4 7 11 21.81074059009552 74.9287834498889396 
5 15 1 18 24 3 12 20 2.70999124060388841 17 8 13 16 2 2.70999124060388841 4 31 8 14 1 4 15 26 6 5 22 7 2 4 10 10 13 2 3 18 1 12 16 12 9 15 11 18 3 10 5 32 9 6 24 7 16 8 2.70999124060388841 3 28 8 4 7 11 25.9598426818847656 56.3975452195437725 
5 15 1 18 24 3 12 20 2.70999124060388841 17 8 13 16 2 2.70999124060388841 4 31 8 14 1 4 15 26 6 5 22 7 6 6 4 10 13 2 3.36768017929769181 17 11 12 16 12 9 15 11 18 3 10 5 32 9 6 24 7 16 8 2.70999124060388841 3 28 8 4 7 11 23.4648246169090271 62.9455387971337714 
5 15 1 18 24 3 12 20 2.70999124060388841 17 8 13 16 2 2.70999124060388841 4 31 8 14 1 4 15 26 6 5 22 7 1 1 5 10 13 2 11 27 1 12 16 12 9 15 11 18 3 10 5 32 9 6 24 7 16 8 2.70999124060388841 3 28 8 4 7 11 25.3863008618354797 58.4386281599124757 
5 15 1 18 24 3 12 20 2.70999124060388841 17 8 13 16 2 2.70999124060388841 4 31 8 14 1 4 15 26 6 5 22 7 14 25 9 10 13 2 4 24 8 12 16 12 9 15 11 18 3 10 5 32 9 6 24 7 16 8 2.70999124060388841 3 28 8 4 7 11 22.9764977097511292 74.7340245680614714 
5 15 1 3 12 2 12 20 2.70999124060388841 17 8 13 16 2 2.70999124060388841 4 31 8 14 1 4 15 26 6 5 22 7 14 30 4 10 13 2 14 31 10 12 16 12 9 15 11 3 25 12 5 32 9 6 24 7 16 8 2.70999124060388841 3 28 8 4 7 11 20.7744485437870026 114.729320371946244 
5 15 1 18 24 3 12 20 2.70999124060388841 17 8 13 16 2 2.70999124060388841 4 31 8 14 1 4 15 26 6 5 22 7 14 5 3 10 13 2 3 2 8 12 16 12 9 15 11 18 3 10 5 32 9 6 24 7 16 8 2.70999124060388841 3 28 8 4 7 11 23.6530957221984863 61.6467065542488157 

Current Evaluation = 70000000(70000000)
Front Size = 30
5 15 1 18 24 3 12 20 2.70999124060388841 17 8 13 16 2 2.70999124060388841 4 31 8 14 1 4 15 26 6 16 14 11 14 31 5 10 13 2 13 22 10 12 16 12 9 15 11 3 32 10 5 32 9 6 24 7 14 6 2 5 6 7 4 7 11 20.5223917067050934 137.933522695257068 
1 31 11 15 32 4 3 5.34074699537910114 5 2 20 4 3 16.1354543567662532 4 14 31 3.84646942076222631 12 12 7 12 19 11 14 17 8 13.2195649013323386 18 11 3 18 6 13 24 11 12 6 11 17 30 9 17 32 7 12 30 4 3 6 6 8 25 9 2 19 6 12 24 13.151007650947605 17.0450009107589722 270.942050128234314 
9 1 10 3.36768017929769181 12 6 14 3 2 1 12 12 1 30 2 9.25570237641795579 25 13 17 6 1 18 12 11 8 31 2 13 26 2 13 6 5 16 15 9 14 25 3.84646942076222631 14 31 9.82524131762891173 13 14 8 16 25 13.151007650947605 12 26 12 2 6 12 5 32 3 6 9 9 17.4372097849845886 222.188658938315712 
5 15 1 18 24 3 12 20 2.70999124060388841 17 8 13 16 2 2.70999124060388841 4 31 8 14 1 4 15 26 6 1 5.34074699537910114 7 14 12 5 10 13 2 14 1 3 12 16 12 9 15 11 15 6 1 5 32 9 6 24 7 16 8 2.70999124060388841 3 28 8 4 7 11 20.9777355790138245 92.9302690942302831 
6 16 2.70999124060388841 9.25570237641795579 25 3.84646942076222631 14 24 9 9 14 12 6 26 9.82524131762891173 17.8244721320812971 6 8 11 30 2 15 22 9 14 15 9 12 26 1 4 16 10 1 5 3 17 30 12 14 30 12 6 8 4 12 26 8 8 19 10 1 16 9 6 26 6 14 7 2 18.0821465253829956 182.084493284493277 
5 15 1 18 24 3 12 20 2.70999124060388841 17 8 13 16 2 2.70999124060388841 4 31 8 14 1 4 15 26 6 5 22 7 2 4 10 10 13 2 4 30 8 12 16 12 9 15 11 18 3 10 5 32 9 6 24 7 16 8 2.70999124060388841 3 28 8 4 7 11 25.5792386531829834 56.8283338147044503 
5 15 1 18 24 3 12 20 2.70999124060388841 17 8 13 16 2 2.70999124060388841 4 31 8 14 1 4 15 26 6 5 22 7 1 6 9 10 13 2 11 27 1 12 16 12 9 15 11 18 3 10 5 32 9 6 24 7 16 8 2.70999124060388841 3 28 8 4 7 11 25.2079418301582336 60.0875733674487478 
5 15 1 18 24 3 12 20 2.70999124060388841 17 8 13 16 2 2.70999124060388841 4 31 8 14 1 4 15 26 6 5 22 7 14 6 4 10 13 2 11 27 1 12 16 12 9 15 11 18 3 10 5 32 9 6 24 7 16 8 2.70999124060388841 3 28 8 4 7 11 25.0565908253192902 60.5863744915442908 
5 15 1 18 24 3 12 20 2.70999124060388841 17 8 13 16 2 2.70999124060388841 4 31 8 14 1 4 15 26 6 5 22 7 14 32 10 10 13 2 4 31 11 12 16 12 9 15 11 18 3 10 5 32 9 6 24 7 16 8 2.70999124060388841 3 28 8 4 7 11 22.9942666888237 71.8166611166611375 
12 16 11 3.36768017929769181 24 10 14 23 9 10 20 8 15 19 7 17 25 5 14 9 10 10 16.1354543567662532 3.84646942076222631 13 26 2 3 17 12 16 24 12 13.2195649013323386 22 11 3 30 4 13 20 5 2 32 4 12 23 3 8 15 5 1 2 11 4 25 1 15 31.8448655754823804 9 19.4414527416229248 177.223180316988362 
5 15 1 18 24 3 12 20 2.70999124060388841 17 8 13 16 2 2.70999124060388841 4 31 8 14 1 4 15 26 6 5 22 7 6 6 9 10 13 2 11 27 1 12 16 12 9 15 11 18 3 10 5 32 9 6 24 7 16 8 2.70999124060388841 3 28 8 4 7 11 25.1842348575592041 60.5216597759938253 
5 15 1 18 24 3 12 20 2.70999124060388841 17 8 13 16 2 2.70999124060388841 4 31 8 14 1 4 15 26 6 5 22 7 1 32 6 10 13 2 3.36768017929769181 9 13 12 16 12 9 15 11 18 3 10 5 32 9 6 24 7 16 8 2.70999124060388841 3 28 8 4 7 11 23.4925667643547058 61.9604815243801852 
5 15 1 18 24 3 12 20 2.70999124060388841 17 8 13 16 2 2.70999124060388841 4 31 8 14 1 4 15 26 6 5 22 7 14 32 7 10 13 2 3 31 11 12 16 12 9 15 11 18 3 10 5 32 9 6 24 7 16 8 2.70999124060388841 3 28 8 4 7 11 23.0140627026557922 68.8433467032590727 
5 15 1 18 24 3 12 20 2.70999124060388841 17 8 13 16 2 2.70999124060388841 4 31 8 14 1 4 15 26 6 5 22 7 2 4 10 10 13 2 11 18 8 12 16 12 9 15 11 18 3 10 5 32 9 6 24 7 16 8 2.70999124060388841 3 28 8 4 7 11 26.4527556896209717 56.391626772979933 
5 15 1 18 24 3 12 20 2.70999124060388841 17 8 13 16 2 2.70999124060388841 4 31 8 14 1 4 15 26 6 5 22 7 1 6 5 10 13 2 11 27 1 12 16 12 9 15 11 18 3 10 5 32 9 6 24 7 16 8 2.70999124060388841 3 28 8 4 7 11 25.2979658246040344 59.0655723757144457 
5 15 1 18 24 3 12 20 2.70999124060388841 17 8 13 16 2 2.70999124060388841 4 31 8 14 1 4 15 26 6 5 22 7 2 4 10 10 13 2 4 30 13 12 16 12 9 15 11 18 3 10 5 32 9 6 24 7 16 8 2.70999124060388841 3 28 8 4 7 11 25.5380386710166931 57.1108394553364036 
12 25 2.70999124060388841 6 20 3 14 6 2 14 6 6.96245171630185755 12 26 2 12 30 3.84646942076222631 13 26 7 1 7 9.82524131762891173 1 9 12 14 25 11 13 20 10 14 1 10 10 9 4 17.8244721320812971 3 7.75241283629571765 1 11 3 17 6 9 15 2.14087964533996544 13 15 19 8 1 2 7.88610251083374347 6 7 11 17.1144709289073944 269.943992557150409 
5 15 1 18 24 3 12 20 2.70999124060388841 17 8 13 16 2 2.70999124060388841 4 31 8 14 1 4 15 26 6 5 22 7 14 25 9 10 13 2 3 18 2 12 16 12 9 15 11 18 3 10 5 32 9 6 24 7 16 8 2.70999124060388841 3 28 8 4 7 11 23.1439036726951599 64.1986173086431222 
5 15 1 18 24 3 12 20 2.70999124060388841 17 8 13 16 2 2.70999124060388841 4 31 8 14 1 4 15 26 6 5 22 7 2 4 10 10 13 2 11 27 1 12 16 12 9 15 11 18 3 10 5 32 9 6 24 7 16 8 2.70999124060388841 3 28 8 4 7 11 27.8163468837738037 55.3773453957719681 
5 15 1 18 24 3 12 20 2.70999124060388841 17 8 13 16 2 2.70999124060388841 4 31 8 14 1 4 15 26 6 5 22 7 1 20 10 10 13 2 4 30 11 12 16 12 9 15 11 1 26 9 5 32 9 6 24 7 16 8 2.70999124060388841 3 28 8 4 7 11 21.81074059009552 74.9287834498889396 
5 15 1 18 24 3 12 20 2.70999124060388841 17 8 13 16 2 2.70999124060388841 4 31 8 14 1 4 15 26 6 5 22 7 2 4 10 10 13 2 3 18 1 12 16 12 9 15 11 18 3 10 5 32 9 6 24 7 16 8 2.70999124060388841 3 28 8 4 7 11 25.9598426818847656 56.3975452195437725 
5 15 1 18 24 3 12 20 2.70999124060388841 17 8 13 16 2 2.70999124060388841 4 31 8 14 1 4 15 26 6 5 22 7 6 6 4 10 13 2 3.36768017929769181 17 11 12 16 12 9 15 11 18 3 10 5 32 9 6 24 7 16 8 2.70999124060388841 3 28 8 4 7 11 23.4648246169090271 62.9455387971337714 
5 15 1 18 24 3 12 20 2.70999124060388841 17 8 13 16 2 2.70999124060388841 4 31 8 14 1 4 15 26 6 5 22 7 1 1 5 10 13 2 11 27 1 12 16 12 9 15 11 18 3 10 5 32 9 6 24 7 16 8 2.70999124060388841 3 28 8 4 7 11 25.3863008618354797 58.4386281599124757 
5 15 1 18 24 3 12 20 2.70999124060388841 17 8 13 16 2 2.70999124060388841 4 31 8 14 1 4 15 26 6 5 22 7 14 25 9 10 13 2 4 24 8 12 16 12 9 15 11 18 3 10 5 32 9 6 24 7 16 8 2.70999124060388841 3 28 8 4 7 11 22.9764977097511292 74.7340245680614714 
5 15 1 3 12 2 12 20 2.70999124060388841 17 8 13 16 2 2.70999124060388841 4 31 8 14 1 4 15 26 6 5 22 7 14 30 4 10 13 2 14 31 10 12 16 12 9 15 11 3 25 12 5 32 9 6 24 7 16 8 2.70999124060388841 3 28 8 4 7 11 20.7744485437870026 114.729320371946244 
5 15 1 18 24 3 12 20 2.70999124060388841 17 8 13 16 2 2.70999124060388841 4 31 8 14 1 4 15 26 6 5 22 7 14 5 3 10 13 2 3 2 8 12 16 12 9 15 11 18 3 10 5 32 9 6 24 7 16 8 2.70999124060388841 3 28 8 4 7 11 23.6530957221984863 61.6467065542488157 
2 31 6 13 32 7 14 6 4 4 14 11 12 30 2 13 21 9 3.36768017929769181 22 13 1 23 2 15 15 13 14 24 6.96245171630185755 15 1 4 1 1 3.84646942076222631 16 30 12 13.2195649013323386 15 1 2 32 13 9 13 4 16 1 2 6 26 7 8 25 8 14 26 11 17.9314468801021576 201.050579975579979 
9 33 2 15 9 12 14 7 5 16 18 5 6 1 8 1 6 2 14 32 13 6 15 1 4 28 1 1 33 7 9 8 7 3 30 4 17 2 5 15 3 10 3.36768017929769181 6 13 14 32 3 6 11 7 14 26 6.96245171630185755 17 30 11 11 22 12 20.0833728909492493 166.556723919355534 
5 15 1 18 24 3 12 20 2.70999124060388841 17 8 13 16 2 2.70999124060388841 4 31 8 14 1 4 15 26 6 5 22 7 14 6 5 10 13 2 11 27 1 12 16 12 9 15 11 18 3 10 1 32 6 6 24 7 16 8 2.70999124060388841 3 28 8 4 7 11 24.7262988686561584 61.3475822057850451 
5 15 1 18 24 3 12 20 2.70999124060388841 17 8 13 16 2 2.70999124060388841 4 31 8 14 1 4 15 26 6 5 22 7 1 6 4 10 13 2 11 27 1 12 16 12 9 15 11 18 3 10 5 32 9 6 24 7 16 8 2.70999124060388841 3 28 8 4 7 11 25.2359658479690552 59.6042255094672271 

Current Evaluation = 80000000(80000000)
Front Size = 31
5 15 1 18 24 3 12 20 2.70999124060388841 17 8 13 16 2 2.70999124060388841 4 31 8 14 1 4 15 26 6 16 14 11 14 31 5 10 13 2 13 22 10 12 16 12 9 15 11 3 32 10 5 32 9 6 24 7 14 6 2 5 6 7 4 7 11 20.5223917067050934 137.933522695257068 
1 31 11 15 32 4 3 5.34074699537910114 5 2 20 4 3 16.1354543567662532 4 14 31 3.84646942076222631 12 12 7 12 19 11 14 17 8 13.2195649013323386 18 11 3 18 6 13 24 11 12 6 11 17 30 9 17 32 7 12 30 4 3 6 6 8 25 9 2 19 6 12 24 13.151007650947605 17.0450009107589722 270.942050128234314 
9 1 10 3.36768017929769181 12 6 14 3 2 1 12 12 1 30 2 9.25570237641795579 25 13 17 6 1 18 12 11 8 31 2 13 26 2 13 6 5 16 15 9 14 25 3.84646942076222631 14 31 9.82524131762891173 13 14 8 16 25 13.151007650947605 12 26 12 2 6 12 5 32 3 6 9 9 17.4372097849845886 222.188658938315712 
5 15 1 18 24 3 12 20 2.70999124060388841 17 8 13 16 2 2.70999124060388841 4 31 8 14 1 4 15 26 6 1 5.34074699537910114 7 14 12 5 10 13 2 14 1 3 12 16 12 9 15 11 15 6 1 5 32 9 6 24 7 16 8 2.70999124060388841 3 28 8 4 7 11 20.9777355790138245 92.9302690942302831 
6 16 2.70999124060388841 9.25570237641795579 25 3.84646942076222631 14 24 9 9 14 12 6 26 9.82524131762891173 17.8244721320812971 6 8 11 30 2 15 22 9 14 15 9 12 26 1 4 16 10 1 5 3 17 30 12 14 30 12 6 8 4 12 26 8 8 19 10 1 16 9 6 26 6 14 7 2 18.0821465253829956 182.084493284493277 
5 15 1 18 24 3 12 20 2.70999124060388841 17 8 13 16 2 2.70999124060388841 4 31 8 14 1 4 15 26 6 5 22 7 2 4 10 10 13 2 4 30 8 12 16 12 9 15 11 18 3 10 5 32 9 6 24 7 16 8 2.70999124060388841 3 28 8 4 7 11 25.5792386531829834 56.8283338147044503 
5 15 1 18 24 3 12 20 2.70999124060388841 17 8 13 16 2 2.70999124060388841 4 31 8 14 1 4 15 26 6 5 22 7 14 6 4 10 13 2 11 27 1 12 16 12 9 15 11 18 3 10 5 32 9 6 24 7 16 8 2.70999124060388841 3 28 8 4 7 11 25.0565908253192902 60.5863744915442908 
5 15 1 18 24 3 12 20 2.70999124060388841 17 8 13 16 2 2.70999124060388841 4 31 8 14 1 4 15 26 6 5 22 7 14 32 10 10 13 2 4 31 11 12 16 12 9 15 11 18 3 10 5 32 9 6 24 7 16 8 2.70999124060388841 3 28 8 4 7 11 22.9942666888237 71.8166611166611375 
12 16 11 3.36768017929769181 24 10 14 23 9 10 20 8 15 19 7 17 25 5 14 9 10 10 16.1354543567662532 3.84646942076222631 13 26 2 3 17 12 16 24 12 13.2195649013323386 22 11 3 30 4 13 20 5 2 32 4 12 23 3 8 15 5 1 2 11 4 25 1 15 31.8448655754823804 9 19.4414527416229248 177.223180316988362 
5 15 1 18 24 3 12 20 2.70999124060388841 17 8 13 16 2 2.70999124060388841 4 31 8 14 1 4 15 26 6 5 22 7 1 32 6 10 13 2 3.36768017929769181 9 13 12 16 12 9 15 11 18 3 10 5 32 9 6 24 7 16 8 2.70999124060388841 3 28 8 4 7 11 23.4925667643547058 61.9604815243801852 
5 15 1 18 24 3 12 20 2.70999124060388841 17 8 13 16 2 2.70999124060388841 4 31 8 14 1 4 15 26 6 5 22 7 14 32 7 10 13 2 3 31 11 12 16 12 9 15 11 18 3 10 5 32 9 6 24 7 16 8 2.70999124060388841 3 28 8 4 7 11 23.0140627026557922 68.8433467032590727 
5 15 1 18 24 3 12 20 2.70999124060388841 17 8 13 16 2 2.70999124060388841 4 31 8 14 1 4 15 26 6 5 22 7 2 4 10 10 13 2 11 18 8 12 16 12 9 15 11 18 3 10 5 32 9 6 24 7 16 8 2.70999124060388841 3 28 8 4 7 11 26.4527556896209717 56.391626772979933 
5 15 1 18 24 3 12 20 2.70999124060388841 17 8 13 16 2 2.70999124060388841 4 31 8 14 1 4 15 26 6 5 22 7 1 6 5 10 13 2 11 27 1 12 16 12 9 15 11 18 3 10 5 32 9 6 24 7 16 8 2.70999124060388841 3 28 8 4 7 11 25.2979658246040344 59.0655723757144457 
5 15 1 18 24 3 12 20 2.70999124060388841 17 8 13 16 2 2.70999124060388841 4 31 8 14 1 4 15 26 6 5 22 7 2 4 10 10 13 2 4 30 13 12 16 12 9 15 11 18 3 10 5 32 9 6 24 7 16 8 2.70999124060388841 3 28 8 4 7 11 25.5380386710166931 57.1108394553364036 
12 25 2.70999124060388841 6 20 3 14 6 2 14 6 6.96245171630185755 12 26 2 12 30 3.84646942076222631 13 26 7 1 7 9.82524131762891173 1 9 12 14 25 11 13 20 10 14 1 10 10 9 4 17.8244721320812971 3 7.75241283629571765 1 11 3 17 6 9 15 2.14087964533996544 13 15 19 8 1 2 7.88610251083374347 6 7 11 17.1144709289073944 269.943992557150409 
5 15 1 18 24 3 12 20 2.70999124060388841 17 8 13 16 2 2.70999124060388841 4 31 8 14 1 4 15 26 6 5 22 7 14 25 9 10 13 2 3 18 2 12 16 12 9 15 11 18 3 10 5 32 9 6 24 7 16 8 2.70999124060388841 3 28 8 4 7 11 23.1439036726951599 64.1986173086431222 
5 15 1 18 24 3 12 20 2.70999124060388841 17 8 13 16 2 2.70999124060388841 4 31 8 14 1 4 15 26 6 5 22 7 2 4 10 10 13 2 11 27 1 12 16 12 9 15 11 18 3 10 5 32 9 6 24 7 16 8 2.70999124060388841 3 28 8 4 7 11 27.8163468837738037 55.3773453957719681 
5 15 1 18 24 3 12 20 2.70999124060388841 17 8 13 16 2 2.70999124060388841 4 31 8 14 1 4 15 26 6 5 22 7 1 20 10 10 13 2 4 30 11 12 16 12 9 15 11 1 26 9 5 32 9 6 24 7 16 8 2.70999124060388841 3 28 8 4 7 11 21.81074059009552 74.9287834498889396 
5 15 1 18 24 3 12 20 2.70999124060388841 17 8 13 16 2 2.70999124060388841 4 31 8 14 1 4 15 26 6 5 22 7 2 4 10 10 13 2 3 18 1 12 16 12 9 15 11 18 3 10 5 32 9 6 24 7 16 8 2.70999124060388841 3 28 8 4 7 11 25.9598426818847656 56.3975452195437725 
5 15 1 18 24 3 12 20 2.70999124060388841 17 8 13 16 2 2.70999124060388841 4 31 8 14 1 4 15 26 6 5 22 7 6 6 4 10 13 2 3.36768017929769181 17 11 12 16 12 9 15 11 18 3 10 5 32 9 6 24 7 16 8 2.70999124060388841 3 28 8 4 7 11 23.4648246169090271 62.9455387971337714 
5 15 1 18 24 3 12 20 2.70999124060388841 17 8 13 16 2 2.70999124060388841 4 31 8 14 1 4 15 26 6 5 22 7 14 25 9 10 13 2 4 24 8 12 16 12 9 15 11 18 3 10 5 32 9 6 24 7 16 8 2.70999124060388841 3 28 8 4 7 11 22.9764977097511292 74.7340245680614714 
5 15 1 3 12 2 12 20 2.70999124060388841 17 8 13 16 2 2.70999124060388841 4 31 8 14 1 4 15 26 6 5 22 7 14 30 4 10 13 2 14 31 10 12 16 12 9 15 11 3 25 12 5 32 9 6 24 7 16 8 2.70999124060388841 3 28 8 4 7 11 20.7744485437870026 114.729320371946244 
5 15 1 18 24 3 12 20 2.70999124060388841 17 8 13 16 2 2.70999124060388841 4 31 8 14 1 4 15 26 6 5 22 7 14 5 3 10 13 2 3 2 8 12 16 12 9 15 11 18 3 10 5 32 9 6 24 7 16 8 2.70999124060388841 3 28 8 4 7 11 23.6530957221984863 61.6467065542488157 
2 31 6 13 32 7 14 6 4 4 14 11 12 30 2 13 21 9 3.36768017929769181 22 13 1 23 2 15 15 13 14 24 6.96245171630185755 15 1 4 1 1 3.84646942076222631 16 30 12 13.2195649013323386 15 1 2 32 13 9 13 4 16 1 2 6 26 7 8 25 8 14 26 11 17.9314468801021576 201.050579975579979 
9 33 2 15 9 12 14 7 5 16 18 5 6 1 8 1 6 2 14 32 13 6 15 1 4 28 1 1 33 7 9 8 7 3 30 4 17 2 5 15 3 10 3.36768017929769181 6 13 14 32 3 6 11 7 14 26 6.96245171630185755 17 30 11 11 22 12 20.0833728909492493 166.556723919355534 
5 15 1 18 24 3 12 20 2.70999124060388841 17 8 13 16 2 2.70999124060388841 4 31 8 14 1 4 15 26 6 5 22 7 14 6 5 10 13 2 11 27 1 12 16 12 9 15 11 18 3 10 1 32 6 6 24 7 16 8 2.70999124060388841 3 28 8 4 7 11 24.7262988686561584 61.3475822057850451 
5 15 1 18 24 3 12 20 2.70999124060388841 17 8 13 16 2 2.70999124060388841 4 31 8 14 1 4 15 26 6 5 22 7 6 6 4 10 13 2 11 27 1 12 16 12 9 15 11 18 3 10 5 32 9 6 24 7 16 8 2.70999124060388841 3 28 8 4 7 11 25.2122588753700256 59.1409224816141972 
5 15 1 18 24 3 12 20 2.70999124060388841 17 8 13 16 2 2.70999124060388841 4 31 8 14 1 4 15 26 6 5 22 7 2 4 10 10 13 2 11 27 1 12 16 12 9 15 11 15 23 6 5 32 9 6 24 7 16 8 2.70999124060388841 3 28 8 4 7 11 27.2684338092803955 56.2659512676952787 
5 15 1 18 24 3 12 20 2.70999124060388841 17 8 13 16 2 2.70999124060388841 4 31 8 14 1 4 15 26 6 5 22 7 6 6 9 10 13 2 11 27 1 12 16 12 9 15 11 18 3 10 5 32 9 6 24 7 16 8 2.70999124060388841 3 28 8 4 7 11 25.1842348575592041 59.5537146670228168 
5 15 1 18 24 3 12 20 2.70999124060388841 17 8 13 16 2 2.70999124060388841 4 31 8 14 1 4 15 26 6 5 22 7 1 32 5 10 13 2 11 27 1 12 16 12 9 15 11 18 3 10 5 32 9 6 24 7 16 8 2.70999124060388841 3 28 8 4 7 11 25.353070855140686 58.0556064771819393 
5 15 1 18 24 3 12 20 2.70999124060388841 17 8 13 16 2 2.70999124060388841 4 31 8 14 1 4 15 26 6 5 22 7 1 14 7 10 13 2 14 30 4 12 16 12 9 15 11 15 6 10 5 32 9 6 24 7 16 8 2.70999124060388841 3 28 8 4 7 11 21.723916620016098 85.5175113317431936 

Current Evaluation = 90000000(90000000)
Front Size = 31
5 15 1 18 24 3 12 20 2.70999124060388841 17 8 13 16 2 2.70999124060388841 4 31 8 14 1 4 15 26 6 16 14 11 14 31 5 10 13 2 13 22 10 12 16 12 9 15 11 3 32 10 5 32 9 6 24 7 14 6 2 5 6 7 4 7 11 20.5223917067050934 137.933522695257068 
1 31 11 15 32 4 3 5.34074699537910114 5 2 20 4 3 16.1354543567662532 4 14 31 3.84646942076222631 12 12 7 12 19 11 14 17 8 13.2195649013323386 18 11 3 18 6 13 24 11 12 6 11 17 30 9 17 32 7 12 30 4 3 6 6 8 25 9 2 19 6 12 24 13.151007650947605 17.0450009107589722 270.942050128234314 
9 1 10 3.36768017929769181 12 6 14 3 2 1 12 12 1 30 2 9.25570237641795579 25 13 17 6 1 18 12 11 8 31 2 13 26 2 13 6 5 16 15 9 14 25 3.84646942076222631 14 31 9.82524131762891173 13 14 8 16 25 13.151007650947605 12 26 12 2 6 12 5 32 3 6 9 9 17.4372097849845886 222.188658938315712 
5 15 1 18 24 3 12 20 2.70999124060388841 17 8 13 16 2 2.70999124060388841 4 31 8 14 1 4 15 26 6 1 5.34074699537910114 7 14 12 5 10 13 2 14 1 3 12 16 12 9 15 11 15 6 1 5 32 9 6 24 7 16 8 2.70999124060388841 3 28 8 4 7 11 20.9777355790138245 92.9302690942302831 
6 16 2.70999124060388841 9.25570237641795579 25 3.84646942076222631 14 24 9 9 14 12 6 26 9.82524131762891173 17.8244721320812971 6 8 11 30 2 15 22 9 14 15 9 12 26 1 4 16 10 1 5 3 17 30 12 14 30 12 6 8 4 12 26 8 8 19 10 1 16 9 6 26 6 14 7 2 18.0821465253829956 182.084493284493277 
5 15 1 18 24 3 12 20 2.70999124060388841 17 8 13 16 2 2.70999124060388841 4 31 8 14 1 4 15 26 6 5 22 7 2 4 10 10 13 2 4 30 8 12 16 12 9 15 11 18 3 10 5 32 9 6 24 7 16 8 2.70999124060388841 3 28 8 4 7 11 25.5792386531829834 56.8283338147044503 
5 15 1 18 24 3 12 20 2.70999124060388841 17 8 13 16 2 2.70999124060388841 4 31 8 14 1 4 15 26 6 5 22 7 14 6 4 10 13 2 11 27 1 12 16 12 9 15 11 18 3 10 5 32 9 6 24 7 16 8 2.70999124060388841 3 28 8 4 7 11 25.0565908253192902 60.5863744915442908 
12 16 11 3.36768017929769181 24 10 14 23 9 10 20 8 15 19 7 17 25 5 14 9 10 10 16.1354543567662532 3.84646942076222631 13 26 2 3 17 12 16 24 12 13.2195649013323386 22 11 3 30 4 13 20 5 2 32 4 12 23 3 8 15 5 1 2 11 4 25 1 15 31.8448655754823804 9 19.4414527416229248 177.223180316988362 
5 15 1 18 24 3 12 20 2.70999124060388841 17 8 13 16 2 2.70999124060388841 4 31 8 14 1 4 15 26 6 5 22 7 1 32 6 10 13 2 3.36768017929769181 9 13 12 16 12 9 15 11 18 3 10 5 32 9 6 24 7 16 8 2.70999124060388841 3 28 8 4 7 11 23.4925667643547058 61.9604815243801852 
5 15 1 18 24 3 12 20 2.70999124060388841 17 8 13 16 2 2.70999124060388841 4 31 8 14 1 4 15 26 6 5 22 7 2 4 10 10 13 2 11 18 8 12 16 12 9 15 11 18 3 10 5 32 9 6 24 7 16 8 2.70999124060388841 3 28 8 4 7 11 26.4527556896209717 56.391626772979933 
5 15 1 18 24 3 12 20 2.70999124060388841 17 8 13 16 2 2.70999124060388841 4 31 8 14 1 4 15 26 6 5 22 7 1 6 5 10 13 2 11 27 1 12 16 12 9 15 11 18 3 10 5 32 9 6 24 7 16 8 2.70999124060388841 3 28 8 4 7 11 25.2979658246040344 59.0655723757144457 
5 15 1 18 24 3 12 20 2.70999124060388841 17 8 13 16 2 2.70999124060388841 4 31 8 14 1 4 15 26 6 5 22 7 2 4 10 10 13 2 4 30 13 12 16 12 9 15 11 18 3 10 5 32 9 6 24 7 16 8 2.70999124060388841 3 28 8 4 7 11 25.5380386710166931 57.1108394553364036 
12 25 2.70999124060388841 6 20 3 14 6 2 14 6 6.96245171630185755 12 26 2 12 30 3.84646942076222631 13 26 7 1 7 9.82524131762891173 1 9 12 14 25 11 13 20 10 14 1 10 10 9 4 17.8244721320812971 3 7.75241283629571765 1 11 3 17 6 9 15 2.14087964533996544 13 15 19 8 1 2 7.88610251083374347 6 7 11 17.1144709289073944 269.943992557150409 
5 15 1 18 24 3 12 20 2.70999124060388841 17 8 13 16 2 2.70999124060388841 4 31 8 14 1 4 15 26 6 5 22 7 1 20 10 10 13 2 4 30 11 12 16 12 9 15 11 1 26 9 5 32 9 6 24 7 16 8 2.70999124060388841 3 28 8 4 7 11 21.81074059009552 74.9287834498889396 
5 15 1 18 24 3 12 20 2.70999124060388841 17 8 13 16 2 2.70999124060388841 4 31 8 14 1 4 15 26 6 5 22 7 2 4 10 10 13 2 3 18 1 12 16 12 9 15 11 18 3 10 5 32 9 6 24 7 16 8 2.70999124060388841 3 28 8 4 7 11 25.9598426818847656 56.3975452195437725 
5 15 1 18 24 3 12 20 2.70999124060388841 17 8 13 16 2 2.70999124060388841 4 31 8 14 1 4 15 26 6 5 22 7 6 6 4 10 13 2 3.36768017929769181 17 11 12 16 12 9 15 11 18 3 10 5 32 9 6 24 7 16 8 2.70999124060388841 3 28 8 4 7 11 23.4648246169090271 62.9455387971337714 
5 15 1 3 12 2 12 20 2.70999124060388841 17 8 13 16 2 2.70999124060388841 4 31 8 14 1 4 15 26 6 5 22 7 14 30 4 10 13 2 14 31 10 12 16 12 9 15 11 3 25 12 5 32 9 6 24 7 16 8 2.70999124060388841 3 28 8 4 7 11 20.7744485437870026 114.729320371946244 
5 15 1 18 24 3 12 20 2.70999124060388841 17 8 13 16 2 2.70999124060388841 4 31 8 14 1 4 15 26 6 5 22 7 14 5 3 10 13 2 3 2 8 12 16 12 9 15 11 18 3 10 5 32 9 6 24 7 16 8 2.70999124060388841 3 28 8 4 7 11 23.6530957221984863 61.6467065542488157 
2 31 6 13 32 7 14 6 4 4 14 11 12 30 2 13 21 9 3.36768017929769181 22 13 1 23 2 15 15 13 14 24 6.96245171630185755 15 1 4 1 1 3.84646942076222631 16 30 12 13.2195649013323386 15 1 2 32 13 9 13 4 16 1 2 6 26 7 8 25 8 14 26 11 17.9314468801021576 201.050579975579979 
9 33 2 15 9 12 14 7 5 16 18 5 6 1 8 1 6 2 14 32 13 6 15 1 4 28 1 1 33 7 9 8 7 3 30 4 17 2 5 15 3 10 3.36768017929769181 6 13 14 32 3 6 11 7 14 26 6.96245171630185755 17 30 11 11 22 12 20.0833728909492493 166.556723919355534 
5 15 1 18 24 3 12 20 2.70999124060388841 17 8 13 16 2 2.70999124060388841 4 31 8 14 1 4 15 26 6 5 22 7 14 6 5 10 13 2 11 27 1 12 16 12 9 15 11 18 3 10 1 32 6 6 24 7 16 8 2.70999124060388841 3 28 8 4 7 11 24.7262988686561584 61.3475822057850451 
5 15 1 18 24 3 12 20 2.70999124060388841 17 8 13 16 2 2.70999124060388841 4 31 8 14 1 4 15 26 6 5 22 7 6 6 4 10 13 2 11 27 1 12 16 12 9 15 11 18 3 10 5 32 9 6 24 7 16 8 2.70999124060388841 3 28 8 4 7 11 25.2122588753700256 59.1409224816141972 
5 15 1 18 24 3 12 20 2.70999124060388841 17 8 13 16 2 2.70999124060388841 4 31 8 14 1 4 15 26 6 5 22 7 2 4 10 10 13 2 11 27 1 12 16 12 9 15 11 15 23 6 5 32 9 6 24 7 16 8 2.70999124060388841 3 28 8 4 7 11 27.2684338092803955 56.2659512676952787 
5 15 1 18 24 3 12 20 2.70999124060388841 17 8 13 16 2 2.70999124060388841 4 31 8 14 1 4 15 26 6 5 22 7 6 6 9 10 13 2 11 27 1 12 16 12 9 15 11 18 3 10 5 32 9 6 24 7 16 8 2.70999124060388841 3 28 8 4 7 11 25.1842348575592041 59.5537146670228168 
5 15 1 18 24 3 12 20 2.70999124060388841 17 8 13 16 2 2.70999124060388841 4 31 8 14 1 4 15 26 6 5 22 7 1 32 5 10 13 2 11 27 1 12 16 12 9 15 11 18 3 10 5 32 9 6 24 7 16 8 2.70999124060388841 3 28 8 4 7 11 25.353070855140686 58.0556064771819393 
5 15 1 18 24 3 12 20 2.70999124060388841 17 8 13 16 2 2.70999124060388841 4 31 8 14 1 4 15 26 6 5 22 7 1 14 7 10 13 2 14 30 4 12 16 12 9 15 11 15 6 10 5 32 9 6 24 7 16 8 2.70999124060388841 3 28 8 4 7 11 21.723916620016098 85.5175113317431936 
5 15 1 18 24 3 12 20 2.70999124060388841 17 8 13 16 2 2.70999124060388841 4 31 8 14 1 4 15 26 6 5 22 7 6 6 4 10 13 2 11 30 8 12 16 12 9 15 11 18 3 10 5 32 9 6 24 7 16 8 2.70999124060388841 14 1 4 4 7 11 22.5291007161140442 63.4686423255373526 
5 15 1 18 24 3 12 20 2.70999124060388841 17 8 13 16 2 2.70999124060388841 4 31 8 14 1 4 15 26 6 5 22 7 1 6 10 10 13 2 11 27 1 12 16 12 9 15 11 18 3 10 5 32 9 6 24 7 16 8 2.70999124060388841 3 28 8 4 7 11 25.3099658489227295 58.9839683302739886 
5 15 1 18 24 3 12 20 2.70999124060388841 17 8 13 16 2 2.70999124060388841 4 31 8 14 1 4 15 26 6 5 22 7 2 4 10 10 13 2 11 27 1 12 16 12 9 15 11 18 3 10 5 32 9 6 24 7 16 8 2.70999124060388841 3 28 8 4 7 11 27.8163468837738037 55.251569182266195 
5 15 1 18 24 3 12 20 2.70999124060388841 17 8 13 16 2 2.70999124060388841 4 31 8 14 1 4 15 26 6 5 22 7 2 4 10 10 13 2 3.36768017929769181 9 13 12 16 12 9 15 11 18 3 10 5 32 9 6 24 7 16 8 2.70999124060388841 3 28 8 4 7 11 25.8778427839279175 56.6782899032089276 
5 15 1 18 24 3 12 20 2.70999124060388841 17 8 13 16 2 2.70999124060388841 4 31 8 14 1 4 15 26 6 5 22 7 2 4 10 10 13 2 4 18 1 12 16 12 9 15 11 18 3 10 5 32 9 6 24 7 16 8 2.70999124060388841 3 28 8 4 7 11 25.8860466480255127 56.4892032986895316 

Current Evaluation = 100000000(100000000)
Front Size = 30
1 31 11 15 32 4 3 5.34074699537910114 5 2 20 4 3 16.1354543567662532 4 14 31 3.84646942076222631 12 12 7 12 19 11 14 17 8 13.2195649013323386 18 11 3 18 6 13 24 11 12 6 11 17 30 9 17 32 7 12 30 4 3 6 6 8 25 9 2 19 6 12 24 13.151007650947605 17.0450009107589722 270.942050128234314 
9 1 10 3.36768017929769181 12 6 14 3 2 1 12 12 1 30 2 9.25570237641795579 25 13 17 6 1 18 12 11 8 31 2 13 26 2 13 6 5 16 15 9 14 25 3.84646942076222631 14 31 9.82524131762891173 13 14 8 16 25 13.151007650947605 12 26 12 2 6 12 5 32 3 6 9 9 17.4372097849845886 222.188658938315712 
5 15 1 18 24 3 12 20 2.70999124060388841 17 8 13 16 2 2.70999124060388841 4 31 8 14 1 4 15 26 6 1 5.34074699537910114 7 14 12 5 10 13 2 14 1 3 12 16 12 9 15 11 15 6 1 5 32 9 6 24 7 16 8 2.70999124060388841 3 28 8 4 7 11 20.9777355790138245 92.9302690942302831 
6 16 2.70999124060388841 9.25570237641795579 25 3.84646942076222631 14 24 9 9 14 12 6 26 9.82524131762891173 17.8244721320812971 6 8 11 30 2 15 22 9 14 15 9 12 26 1 4 16 10 1 5 3 17 30 12 14 30 12 6 8 4 12 26 8 8 19 10 1 16 9 6 26 6 14 7 2 18.0821465253829956 182.084493284493277 
5 15 1 18 24 3 12 20 2.70999124060388841 17 8 13 16 2 2.70999124060388841 4 31 8 14 1 4 15 26 6 5 22 7 2 4 10 10 13 2 4 30 8 12 16 12 9 15 11 18 3 10 5 32 9 6 24 7 16 8 2.70999124060388841 3 28 8 4 7 11 25.5792386531829834 56.8283338147044503 
5 15 1 18 24 3 12 20 2.70999124060388841 17 8 13 16 2 2.70999124060388841 4 31 8 14 1 4 15 26 6 5 22 7 14 6 4 10 13 2 11 27 1 12 16 12 9 15 11 18 3 10 5 32 9 6 24 7 16 8 2.70999124060388841 3 28 8 4 7 11 25.0565908253192902 60.5863744915442908 
12 16 11 3.36768017929769181 24 10 14 23 9 10 20 8 15 19 7 17 25 5 14 9 10 10 16.1354543567662532 3.84646942076222631 13 26 2 3 17 12 16 24 12 13.2195649013323386 22 11 3 30 4 13 20 5 2 32 4 12 23 3 8 15 5 1 2 11 4 25 1 15 31.8448655754823804 9 19.4414527416229248 177.223180316988362 
5 15 1 18 24 3 12 20 2.70999124060388841 17 8 13 16 2 2.70999124060388841 4 31 8 14 1 4 15 26 6 5 22 7 1 32 6 10 13 2 3.36768017929769181 9 13 12 16 12 9 15 11 18 3 10 5 32 9 6 24 7 16 8 2.70999124060388841 3 28 8 4 7 11 23.4925667643547058 61.9604815243801852 
5 15 1 18 24 3 12 20 2.70999124060388841 17 8 13 16 2 2.70999124060388841 4 31 8 14 1 4 15 26 6 5 22 7 2 4 10 10 13 2 11 18 8 12 16 12 9 15 11 18 3 10 5 32 9 6 24 7 16 8 2.70999124060388841 3 28 8 4 7 11 26.4527556896209717 56.391626772979933 
5 15 1 18 24 3 12 20 2.70999124060388841 17 8 13 16 2 2.70999124060388841 4 31 8 14 1 4 15 26 6 5 22 7 2 4 10 10 13 2 4 30 13 12 16 12 9 15 11 18 3 10 5 32 9 6 24 7 16 8 2.70999124060388841 3 28 8 4 7 11 25.5380386710166931 57.1108394553364036 
12 25 2.70999124060388841 6 20 3 14 6 2 14 6 6.96245171630185755 12 26 2 12 30 3.84646942076222631 13 26 7 1 7 9.82524131762891173 1 9 12 14 25 11 13 20 10 14 1 10 10 9 4 17.8244721320812971 3 7.75241283629571765 1 11 3 17 6 9 15 2.14087964533996544 13 15 19 8 1 2 7.88610251083374347 6 7 11 17.1144709289073944 269.943992557150409 
5 15 1 18 24 3 12 20 2.70999124060388841 17 8 13 16 2 2.70999124060388841 4 31 8 14 1 4 15 26 6 5 22 7 1 20 10 10 13 2 4 30 11 12 16 12 9 15 11 1 26 9 5 32 9 6 24 7 16 8 2.70999124060388841 3 28 8 4 7 11 21.81074059009552 74.9287834498889396 
5 15 1 18 24 3 12 20 2.70999124060388841 17 8 13 16 2 2.70999124060388841 4 31 8 14 1 4 15 26 6 5 22 7 2 4 10 10 13 2 3 18 1 12 16 12 9 15 11 18 3 10 5 32 9 6 24 7 16 8 2.70999124060388841 3 28 8 4 7 11 25.9598426818847656 56.3975452195437725 
5 15 1 18 24 3 12 20 2.70999124060388841 17 8 13 16 2 2.70999124060388841 4 31 8 14 1 4 15 26 6 5 22 7 6 6 4 10 13 2 3.36768017929769181 17 11 12 16 12 9 15 11 18 3 10 5 32 9 6 24 7 16 8 2.70999124060388841 3 28 8 4 7 11 23.4648246169090271 62.9455387971337714 
5 15 1 3 12 2 12 20 2.70999124060388841 17 8 13 16 2 2.70999124060388841 4 31 8 14 1 4 15 26 6 5 22 7 14 30 4 10 13 2 14 31 10 12 16 12 9 15 11 3 25 12 5 32 9 6 24 7 16 8 2.70999124060388841 3 28 8 4 7 11 20.7744485437870026 114.729320371946244 
5 15 1 18 24 3 12 20 2.70999124060388841 17 8 13 16 2 2.70999124060388841 4 31 8 14 1 4 15 26 6 5 22 7 14 5 3 10 13 2 3 2 8 12 16 12 9 15 11 18 3 10 5 32 9 6 24 7 16 8 2.70999124060388841 3 28 8 4 7 11 23.6530957221984863 61.6467065542488157 
2 31 6 13 32 7 14 6 4 4 14 11 12 30 2 13 21 9 3.36768017929769181 22 13 1 23 2 15 15 13 14 24 6.96245171630185755 15 1 4 1 1 3.84646942076222631 16 30 12 13.2195649013323386 15 1 2 32 13 9 13 4 16 1 2 6 26 7 8 25 8 14 26 11 17.9314468801021576 201.050579975579979 
5 15 1 18 24 3 12 20 2.70999124060388841 17 8 13 16 2 2.70999124060388841 4 31 8 14 1 4 15 26 6 5 22 7 14 6 5 10 13 2 11 27 1 12 16 12 9 15 11 18 3 10 1 32 6 6 24 7 16 8 2.70999124060388841 3 28 8 4 7 11 24.7262988686561584 61.3475822057850451 
5 15 1 18 24 3 12 20 2.70999124060388841 17 8 13 16 2 2.70999124060388841 4 31 8 14 1 4 15 26 6 5 22 7 2 4 10 10 13 2 11 27 1 12 16 12 9 15 11 15 23 6 5 32 9 6 24 7 16 8 2.70999124060388841 3 28 8 4 7 11 27.2684338092803955 56.2659512676952787 
5 15 1 18 24 3 12 20 2.70999124060388841 17 8 13 16 2 2.70999124060388841 4 31 8 14 1 4 15 26 6 5 22 7 6 6 9 10 13 2 11 27 1 12 16 12 9 15 11 18 3 10 5 32 9 6 24 7 16 8 2.70999124060388841 3 28 8 4 7 11 25.1842348575592041 59.5537146670228168 
5 15 1 18 24 3 12 20 2.70999124060388841 17 8 13 16 2 2.70999124060388841 4 31 8 14 1 4 15 26 6 5 22 7 1 32 5 10 13 2 11 27 1 12 16 12 9 15 11 18 3 10 5 32 9 6 24 7 16 8 2.70999124060388841 3 28 8 4 7 11 25.353070855140686 58.0556064771819393 
5 15 1 18 24 3 12 20 2.70999124060388841 17 8 13 16 2 2.70999124060388841 4 31 8 14 1 4 15 26 6 5 22 7 1 14 7 10 13 2 14 30 4 12 16 12 9 15 11 15 6 10 5 32 9 6 24 7 16 8 2.70999124060388841 3 28 8 4 7 11 21.723916620016098 85.5175113317431936 
5 15 1 18 24 3 12 20 2.70999124060388841 17 8 13 16 2 2.70999124060388841 4 31 8 14 1 4 15 26 6 5 22 7 6 6 4 10 13 2 11 30 8 12 16 12 9 15 11 18 3 10 5 32 9 6 24 7 16 8 2.70999124060388841 14 1 4 4 7 11 22.5291007161140442 63.4686423255373526 
5 15 1 18 24 3 12 20 2.70999124060388841 17 8 13 16 2 2.70999124060388841 4 31 8 14 1 4 15 26 6 5 22 7 2 4 10 10 13 2 4 18 1 12 16 12 9 15 11 18 3 10 5 32 9 6 24 7 16 8 2.70999124060388841 3 28 8 4 7 11 25.8860466480255127 56.4892032986895316 
2 25 8 12 24 5 3 31 7 3.36768017929769181 30 4 16 5 2 8 1 5 15 16 7 1 6 8 14 22 8 2 5 5 17 30 12 12 18 9 15 22 6.96245171630185755 4.94126535182462057 14 1 16 18 12 4 1 5 13.2195649013323386 19 2 6 16 2 14 7 12 9 33 10 19.5570066571235657 175.639740380368522 
5 15 1 6 14 1 12 20 2.70999124060388841 17 8 13 16 2 2.70999124060388841 4 31 8 14 1 4 15 26 6 5 22 7 12 20 5 16 32 10 14 30 2.70999124060388841 12 16 12 1 30 4 13 15 7 5 32 9 6 24 7 16 8 2.70999124060388841 3 28 8 4 7 11 19.7657535970211029 136.31237400544174 
5 15 1 18 24 3 12 20 2.70999124060388841 17 8 13 16 2 2.70999124060388841 4 31 8 14 1 4 15 26 6 5 22 7 1 6 9 10 13 2 11 27 1 12 16 12 9 15 11 18 3 10 5 32 9 6 24 7 16 8 2.70999124060388841 3 28 8 4 7 11 25.2079418301582336 59.1307345640840367 
5 15 1 18 24 3 12 20 2.70999124060388841 17 8 13 16 2 2.70999124060388841 4 31 8 14 1 4 15 26 6 5 22 7 2 4 10 10 13 2 11 27 1 12 16 12 9 15 11 18 3 10 5 32 9 6 24 7 16 8 2.70999124060388841 3 28 8 4 7 11 27.8163468837738037 54.1170129312372694 
5 15 1 18 24 3 12 20 2.70999124060388841 17 8 13 16 2 2.70999124060388841 4 31 8 14 1 4 15 26 6 5 22 7 2 4 10 10 13 2 3 18 13 12 16 12 9 15 11 18 3 10 5 32 9 6 24 7 16 8 2.70999124060388841 3 28 8 4 7 11 25.8778427839279175 56.6157801110863588 
5 15 1 18 24 3 12 20 2.70999124060388841 17 8 13 16 2 2.70999124060388841 4 31 8 14 1 4 15 26 6 5 22 7 1 6 5 10 13 2 11 27 1 12 16 12 9 15 11 18 3 10 5 32 9 6 24 7 16 8 2.70999124060388841 3 28 8 4 7 11 25.2979658246040344 58.4406466501238597 

MOEA/D: Multiobjective Evolutionary Algorithm Based on Decomposition
Number of Evaluations = 100000000
Mutation Probability = 0.0500000007450580597
Population Size = 25
Neighborhood size = 10
Seed: 13

Time =  225912.256809999992

Current Evaluation = 100000000
Front Size = 30
1 31 11 15 32 4 3 5.34074699537910114 5 2 20 4 3 16.1354543567662532 4 14 31 3.84646942076222631 12 12 7 12 19 11 14 17 8 13.2195649013323386 18 11 3 18 6 13 24 11 12 6 11 17 30 9 17 32 7 12 30 4 3 6 6 8 25 9 2 19 6 12 24 13.151007650947605 17.0450009107589722 270.942050128234314 
9 1 10 3.36768017929769181 12 6 14 3 2 1 12 12 1 30 2 9.25570237641795579 25 13 17 6 1 18 12 11 8 31 2 13 26 2 13 6 5 16 15 9 14 25 3.84646942076222631 14 31 9.82524131762891173 13 14 8 16 25 13.151007650947605 12 26 12 2 6 12 5 32 3 6 9 9 17.4372097849845886 222.188658938315712 
5 15 1 18 24 3 12 20 2.70999124060388841 17 8 13 16 2 2.70999124060388841 4 31 8 14 1 4 15 26 6 1 5.34074699537910114 7 14 12 5 10 13 2 14 1 3 12 16 12 9 15 11 15 6 1 5 32 9 6 24 7 16 8 2.70999124060388841 3 28 8 4 7 11 20.9777355790138245 92.9302690942302831 
6 16 2.70999124060388841 9.25570237641795579 25 3.84646942076222631 14 24 9 9 14 12 6 26 9.82524131762891173 17.8244721320812971 6 8 11 30 2 15 22 9 14 15 9 12 26 1 4 16 10 1 5 3 17 30 12 14 30 12 6 8 4 12 26 8 8 19 10 1 16 9 6 26 6 14 7 2 18.0821465253829956 182.084493284493277 
5 15 1 18 24 3 12 20 2.70999124060388841 17 8 13 16 2 2.70999124060388841 4 31 8 14 1 4 15 26 6 5 22 7 2 4 10 10 13 2 4 30 8 12 16 12 9 15 11 18 3 10 5 32 9 6 24 7 16 8 2.70999124060388841 3 28 8 4 7 11 25.5792386531829834 56.8283338147044503 
5 15 1 18 24 3 12 20 2.70999124060388841 17 8 13 16 2 2.70999124060388841 4 31 8 14 1 4 15 26 6 5 22 7 14 6 4 10 13 2 11 27 1 12 16 12 9 15 11 18 3 10 5 32 9 6 24 7 16 8 2.70999124060388841 3 28 8 4 7 11 25.0565908253192902 60.5863744915442908 
12 16 11 3.36768017929769181 24 10 14 23 9 10 20 8 15 19 7 17 25 5 14 9 10 10 16.1354543567662532 3.84646942076222631 13 26 2 3 17 12 16 24 12 13.2195649013323386 22 11 3 30 4 13 20 5 2 32 4 12 23 3 8 15 5 1 2 11 4 25 1 15 31.8448655754823804 9 19.4414527416229248 177.223180316988362 
5 15 1 18 24 3 12 20 2.70999124060388841 17 8 13 16 2 2.70999124060388841 4 31 8 14 1 4 15 26 6 5 22 7 1 32 6 10 13 2 3.36768017929769181 9 13 12 16 12 9 15 11 18 3 10 5 32 9 6 24 7 16 8 2.70999124060388841 3 28 8 4 7 11 23.4925667643547058 61.9604815243801852 
5 15 1 18 24 3 12 20 2.70999124060388841 17 8 13 16 2 2.70999124060388841 4 31 8 14 1 4 15 26 6 5 22 7 2 4 10 10 13 2 11 18 8 12 16 12 9 15 11 18 3 10 5 32 9 6 24 7 16 8 2.70999124060388841 3 28 8 4 7 11 26.4527556896209717 56.391626772979933 
5 15 1 18 24 3 12 20 2.70999124060388841 17 8 13 16 2 2.70999124060388841 4 31 8 14 1 4 15 26 6 5 22 7 2 4 10 10 13 2 4 30 13 12 16 12 9 15 11 18 3 10 5 32 9 6 24 7 16 8 2.70999124060388841 3 28 8 4 7 11 25.5380386710166931 57.1108394553364036 
12 25 2.70999124060388841 6 20 3 14 6 2 14 6 6.96245171630185755 12 26 2 12 30 3.84646942076222631 13 26 7 1 7 9.82524131762891173 1 9 12 14 25 11 13 20 10 14 1 10 10 9 4 17.8244721320812971 3 7.75241283629571765 1 11 3 17 6 9 15 2.14087964533996544 13 15 19 8 1 2 7.88610251083374347 6 7 11 17.1144709289073944 269.943992557150409 
5 15 1 18 24 3 12 20 2.70999124060388841 17 8 13 16 2 2.70999124060388841 4 31 8 14 1 4 15 26 6 5 22 7 1 20 10 10 13 2 4 30 11 12 16 12 9 15 11 1 26 9 5 32 9 6 24 7 16 8 2.70999124060388841 3 28 8 4 7 11 21.81074059009552 74.9287834498889396 
5 15 1 18 24 3 12 20 2.70999124060388841 17 8 13 16 2 2.70999124060388841 4 31 8 14 1 4 15 26 6 5 22 7 2 4 10 10 13 2 3 18 1 12 16 12 9 15 11 18 3 10 5 32 9 6 24 7 16 8 2.70999124060388841 3 28 8 4 7 11 25.9598426818847656 56.3975452195437725 
5 15 1 18 24 3 12 20 2.70999124060388841 17 8 13 16 2 2.70999124060388841 4 31 8 14 1 4 15 26 6 5 22 7 6 6 4 10 13 2 3.36768017929769181 17 11 12 16 12 9 15 11 18 3 10 5 32 9 6 24 7 16 8 2.70999124060388841 3 28 8 4 7 11 23.4648246169090271 62.9455387971337714 
5 15 1 3 12 2 12 20 2.70999124060388841 17 8 13 16 2 2.70999124060388841 4 31 8 14 1 4 15 26 6 5 22 7 14 30 4 10 13 2 14 31 10 12 16 12 9 15 11 3 25 12 5 32 9 6 24 7 16 8 2.70999124060388841 3 28 8 4 7 11 20.7744485437870026 114.729320371946244 
5 15 1 18 24 3 12 20 2.70999124060388841 17 8 13 16 2 2.70999124060388841 4 31 8 14 1 4 15 26 6 5 22 7 14 5 3 10 13 2 3 2 8 12 16 12 9 15 11 18 3 10 5 32 9 6 24 7 16 8 2.70999124060388841 3 28 8 4 7 11 23.6530957221984863 61.6467065542488157 
2 31 6 13 32 7 14 6 4 4 14 11 12 30 2 13 21 9 3.36768017929769181 22 13 1 23 2 15 15 13 14 24 6.96245171630185755 15 1 4 1 1 3.84646942076222631 16 30 12 13.2195649013323386 15 1 2 32 13 9 13 4 16 1 2 6 26 7 8 25 8 14 26 11 17.9314468801021576 201.050579975579979 
5 15 1 18 24 3 12 20 2.70999124060388841 17 8 13 16 2 2.70999124060388841 4 31 8 14 1 4 15 26 6 5 22 7 14 6 5 10 13 2 11 27 1 12 16 12 9 15 11 18 3 10 1 32 6 6 24 7 16 8 2.70999124060388841 3 28 8 4 7 11 24.7262988686561584 61.3475822057850451 
5 15 1 18 24 3 12 20 2.70999124060388841 17 8 13 16 2 2.70999124060388841 4 31 8 14 1 4 15 26 6 5 22 7 2 4 10 10 13 2 11 27 1 12 16 12 9 15 11 15 23 6 5 32 9 6 24 7 16 8 2.70999124060388841 3 28 8 4 7 11 27.2684338092803955 56.2659512676952787 
5 15 1 18 24 3 12 20 2.70999124060388841 17 8 13 16 2 2.70999124060388841 4 31 8 14 1 4 15 26 6 5 22 7 6 6 9 10 13 2 11 27 1 12 16 12 9 15 11 18 3 10 5 32 9 6 24 7 16 8 2.70999124060388841 3 28 8 4 7 11 25.1842348575592041 59.5537146670228168 
5 15 1 18 24 3 12 20 2.70999124060388841 17 8 13 16 2 2.70999124060388841 4 31 8 14 1 4 15 26 6 5 22 7 1 32 5 10 13 2 11 27 1 12 16 12 9 15 11 18 3 10 5 32 9 6 24 7 16 8 2.70999124060388841 3 28 8 4 7 11 25.353070855140686 58.0556064771819393 
5 15 1 18 24 3 12 20 2.70999124060388841 17 8 13 16 2 2.70999124060388841 4 31 8 14 1 4 15 26 6 5 22 7 1 14 7 10 13 2 14 30 4 12 16 12 9 15 11 15 6 10 5 32 9 6 24 7 16 8 2.70999124060388841 3 28 8 4 7 11 21.723916620016098 85.5175113317431936 
5 15 1 18 24 3 12 20 2.70999124060388841 17 8 13 16 2 2.70999124060388841 4 31 8 14 1 4 15 26 6 5 22 7 6 6 4 10 13 2 11 30 8 12 16 12 9 15 11 18 3 10 5 32 9 6 24 7 16 8 2.70999124060388841 14 1 4 4 7 11 22.5291007161140442 63.4686423255373526 
5 15 1 18 24 3 12 20 2.70999124060388841 17 8 13 16 2 2.70999124060388841 4 31 8 14 1 4 15 26 6 5 22 7 2 4 10 10 13 2 4 18 1 12 16 12 9 15 11 18 3 10 5 32 9 6 24 7 16 8 2.70999124060388841 3 28 8 4 7 11 25.8860466480255127 56.4892032986895316 
2 25 8 12 24 5 3 31 7 3.36768017929769181 30 4 16 5 2 8 1 5 15 16 7 1 6 8 14 22 8 2 5 5 17 30 12 12 18 9 15 22 6.96245171630185755 4.94126535182462057 14 1 16 18 12 4 1 5 13.2195649013323386 19 2 6 16 2 14 7 12 9 33 10 19.5570066571235657 175.639740380368522 
5 15 1 6 14 1 12 20 2.70999124060388841 17 8 13 16 2 2.70999124060388841 4 31 8 14 1 4 15 26 6 5 22 7 12 20 5 16 32 10 14 30 2.70999124060388841 12 16 12 1 30 4 13 15 7 5 32 9 6 24 7 16 8 2.70999124060388841 3 28 8 4 7 11 19.7657535970211029 136.31237400544174 
5 15 1 18 24 3 12 20 2.70999124060388841 17 8 13 16 2 2.70999124060388841 4 31 8 14 1 4 15 26 6 5 22 7 1 6 9 10 13 2 11 27 1 12 16 12 9 15 11 18 3 10 5 32 9 6 24 7 16 8 2.70999124060388841 3 28 8 4 7 11 25.2079418301582336 59.1307345640840367 
5 15 1 18 24 3 12 20 2.70999124060388841 17 8 13 16 2 2.70999124060388841 4 31 8 14 1 4 15 26 6 5 22 7 2 4 10 10 13 2 11 27 1 12 16 12 9 15 11 18 3 10 5 32 9 6 24 7 16 8 2.70999124060388841 3 28 8 4 7 11 27.8163468837738037 54.1170129312372694 
5 15 1 18 24 3 12 20 2.70999124060388841 17 8 13 16 2 2.70999124060388841 4 31 8 14 1 4 15 26 6 5 22 7 2 4 10 10 13 2 3 18 13 12 16 12 9 15 11 18 3 10 5 32 9 6 24 7 16 8 2.70999124060388841 3 28 8 4 7 11 25.8778427839279175 56.6157801110863588 
5 15 1 18 24 3 12 20 2.70999124060388841 17 8 13 16 2 2.70999124060388841 4 31 8 14 1 4 15 26 6 5 22 7 1 6 5 10 13 2 11 27 1 12 16 12 9 15 11 18 3 10 5 32 9 6 24 7 16 8 2.70999124060388841 3 28 8 4 7 11 25.2979658246040344 58.4406466501238597 

