Current Evaluation = 10000000(10000000)
Front Size = 25
3 24 13 15 1 1 4 25 9 9 31 2.70999124060388841 6 5 3 3 2 4 1 12 9 6 14 3 3 24 9 14 12 10 9.25570237641795579 16 2 8 9 1 14 25 11 4.94126535182462057 3 9.82524131762891173 16 6 11 13 15 4 16 28 4 10 6 12 17.8244721320812971 6 8 2 12 4 17.9026599526405334 213.689877811047438 
13 31 4 14 12 3 16 16 2 4 8 12 5 7 7 14 22 1 2 32 6 15 23 9 8 20 9 12 9 2 16 25 13 3.36768017929769181 17 12 11 2 2 2 1 7 14 15 4 17 30 1 6 3 9 10 28 12 4 24 2 12 20 8 20.6227977871894836 112.232836632836623 
14 6 9 13 9 3 16 16 2 4 8 12 5 7 7 14 22 1 2 32 6 15 23 9 10 29 1 12 9 2 16 25 13 3.36768017929769181 17 12 11 2 2 2 1 7 14 15 4 17 30 1 6 3 9 15 32 4 4 24 2 12 20 8 21.0164108276367188 85.7817177343579402 
12 19 11 3 26 8 16 16 2 4 8 12 5 7 7 14 22 1 2 32 6 15 23 9 10 29 1 12 9 2 16 25 13 3.36768017929769181 17 12 11 2 2 2 1 7 14 15 4 17 30 1 6 3 9 10 28 12 4 24 2 12 20 8 23.0763838291168213 64.7189437365778844 
9 32 9 6 24 9 16 16 2 4 8 12 5 7 7 14 22 1 2 32 6 15 23 9 3 12 5 12 9 2 16 25 13 3.36768017929769181 17 12 9 24 2.70999124060388841 2 1 7 14 15 4 17 30 1 6 3 9 10 28 12 4 24 2 12 20 8 20.1503388285636902 115.478161356386977 
3 6 11 10 33 10 16 16 2 4 8 12 5 7 7 14 22 1 2 32 6 15 23 9 10 29 1 12 9 2 16 25 13 3.36768017929769181 17 12 11 2 2 2 1 7 14 15 4 17 30 1 6 3 9 10 28 12 4 24 2 12 20 8 23.8036789894104004 64.4662557085157744 
9 26 12 10 33 10 16 16 2 4 8 12 5 7 7 14 22 1 2 32 6 15 23 9 10 29 1 12 9 2 16 25 13 3.36768017929769181 17 12 11 2 2 2 1 7 14 15 4 17 30 1 6 3 9 10 28 12 4 24 2 12 20 8 24.0210880041122437 62.4142011954246527 
3 30 2.70999124060388841 9 3 11 1 26 3 12 7 7 13 32 2 17 6 13 13 3 6.96245171630185755 9 26 10 3 18 4 16 25 2 14 8.22565314501180467 12 13.2195649013323386 6 11 4 13 3 6 16 13.151007650947605 12 20 11 10.3494946964094545 25 11 4 24 4 2 6 5 6 16 5 8 31 2 18.6343330144882202 208.674875777451433 
1 26 2.70999124060388841 10 33 10 16 16 2 4 8 12 5 7 7 14 22 1 2 32 6 15 23 9 13 24 11 12 9 2 16 25 13 3.36768017929769181 17 12 14 32 4 2 1 7 14 15 4 17 30 1 6 3 9 10 28 12 4 24 2 12 20 8 20.8776808679103851 103.460855212023176 
3.36768017929769181 4 11 10 33 10 16 16 2 4 8 12 5 12 7 14 22 1 2 32 6 15 23 9 10 29 1 12 9 2 16 25 13 3.36768017929769181 17 12 11 2 2 2 1 7 14 15 4 17 30 1 6 3 9 10 28 12 4 24 2 12 20 8 25.6491870880126953 61.5482898869742385 
3.36768017929769181 4 11 10 1 5 16 16 2 4 8 12 5 7 7 14 22 1 2 32 6 15 23 9 10 29 1 12 9 2 16 25 13 3.36768017929769181 17 12 11 2 2 2 1 7 14 15 4 17 30 1 6 3 9 10 28 12 4 24 2 12 20 8 25.3608639240264893 61.6042358833988644 
3.36768017929769181 24 11 6 31 7 16 16 2 12 12 8 14 24 7 14 22 1 2 32 6 15 23 9 10 29 1 12 9 2 16 25 13 3.36768017929769181 17 12 11 2 2 2 1 7 14 15 4 17 30 1 6 3 9 10 28 12 4 24 2 12 20 8 20.926383912563324 94.0966525942007905 
4 20 3 13 5.34074699537910114 8 1 32 6 13 31 7 18 6 2 4 19 5 17 24 2 9.25570237641795579 16 12 13 32 5 14 20 6 13 23 4 2 17 12 4 28 7 8 15 8 16 6 2 1 32 7 17 16 1 14 1 1 8 5 4 4.94126535182462057 19 6 19.3395518660545349 177.193810068500483 
10 26 2 4 12 12 16 16 2 4 8 12 5 7 7 14 13 9 2 32 6 15 23 9 1 31 9 12 9 2 16 25 13 3.36768017929769181 17 12 14 6 8 2 1 7 14 15 4 17 30 1 6 3 9 10 28 12 4 24 2 12 20 8 19.9340428113937378 119.068007609421244 
12 26 13 1 25 9 16 16 2 4 8 12 5 7 7 14 22 1 2 32 6 15 23 9 10 29 1 12 9 2 16 25 13 3.36768017929769181 17 12 11 2 2 2 1 7 14 15 4 17 30 1 6 3 9 10 28 12 4 24 2 12 20 8 22.54314786195755 72.6070767227043206 
3 33 8 9 19 11 16 16 2 4 8 12 5 7 7 14 22 1 2 32 6 15 23 9 10 29 1 12 9 2 16 25 13 3.36768017929769181 17 12 11 2 2 2 1 7 14 15 4 17 30 1 6 3 9 10 28 12 4 24 2 12 20 8 23.9394997358322144 63.7776182704330594 
3.36768017929769181 4 11 10 33 10 16 16 2 4 8 12 5 7 7 14 22 1 2 32 6 15 23 9 10 29 1 12 9 2 16 25 13 3.36768017929769181 17 12 11 2 2 2 1 7 14 15 4 17 30 1 6 3 9 10 28 12 4 24 2 12 20 8 26.1087009906768799 60.9174309470930524 
14 20 5 15 2 2.70999124060388841 6 6 9 13 7 12 1 32 7 1 1 10 4 3 2 4 20 1 6 29 8 18 12 12 16 24 8 2 30 10 9 18 10 14 26 7 12 22 10 6 15 13 13 14 6.96245171630185755 12 26 3.84646942076222631 8 5 11 3 24 7 19.0823469460010529 197.007255528014014 
3 19 13 15 32 3 18 1 5 6 30 3 13 6 13 17 8 13 15 25 3 1 1 13 6 8 4 2 9 4 17 32 2.70999124060388841 14 3 10 12 6 8 4 12 8 12 1 6 12 14 12 16 24 4 14 31 11 4 23 1 12 5 1 18.9824358224868774 205.536408685054198 
4 26 12 12 15 5 16 16 2 4 8 12 5 7 7 14 22 1 2 32 6 15 23 9 10 29 1 12 9 2 16 25 13 3.36768017929769181 17 12 11 2 2 2 1 7 14 15 4 17 30 1 6 3 9 14 32 10 4 24 2 12 20 8 21.3417418003082275 81.1733212727473301 
6 19 5 8 5 9 16 16 2 4 8 12 5 7 7 14 22 1 2 32 6 15 23 9 11 31 13 12 9 2 16 25 13 3.36768017929769181 17 12 14 32 13 2 1 7 14 15 4 17 30 1 6 3 9 10 28 12 4 24 2 12 20 8 20.9120508432388306 100.913330651059141 
10 31 13 12 6 11 16 16 2 4 8 12 13 25 7 14 22 1 2 32 6 15 23 9 10 29 1 12 9 2 16 25 13 3.36768017929769181 17 12 11 2 2 2 1 7 14 15 4 17 30 1 6 3 9 10 28 12 4 24 2 12 20 8 22.0949359536170959 73.8572383816169236 
3.36768017929769181 31 9 10 26 12 16 16 2 4 8 12 5 7 7 14 22 1 2 32 6 15 23 9 10 29 1 12 9 2 16 25 13 3.36768017929769181 17 12 14 32 7 2 1 7 14 15 4 17 30 1 6 3 9 10 28 12 4 24 2 12 20 8 21.8337879776954651 76.2411460077530165 
1 24 5 12 31 12 16 16 2 4 8 12 5 7 7 14 22 1 2 32 6 15 23 9 10 29 1 12 9 2 16 25 13 3.36768017929769181 17 12 11 2 2 2 1 7 14 15 4 17 30 1 6 3 9 10 28 12 4 24 2 12 20 8 22.5463628768920898 68.5169601693383328 
12 32 1 3 13 8 16 16 2 4 8 12 12 6 7 14 22 1 2 32 6 15 23 9 1 5 8 12 9 2 16 25 13 3.36768017929769181 17 12 11 2 2 2 1 7 14 15 4 17 30 1 6 3 9 10 28 12 4 24 2 12 12 2.70999124060388841 20.8193438053131104 104.646755609607695 

Current Evaluation = 20000000(20000000)
Front Size = 32
14 6 9 13 9 3 16 16 2 4 8 12 5 7 7 14 22 1 2 32 6 15 23 9 10 29 1 12 9 2 16 25 13 3.36768017929769181 17 12 11 2 2 2 1 7 14 15 4 17 30 1 6 3 9 15 32 4 4 24 2 12 20 8 21.0164108276367188 85.7817177343579402 
12 19 11 3 26 8 16 16 2 4 8 12 5 7 7 14 22 1 2 32 6 15 23 9 10 29 1 12 9 2 16 25 13 3.36768017929769181 17 12 11 2 2 2 1 7 14 15 4 17 30 1 6 3 9 10 28 12 4 24 2 12 20 8 23.0763838291168213 64.7189437365778844 
9 32 9 6 24 9 16 16 2 4 8 12 5 7 7 14 22 1 2 32 6 15 23 9 3 12 5 12 9 2 16 25 13 3.36768017929769181 17 12 9 24 2.70999124060388841 2 1 7 14 15 4 17 30 1 6 3 9 10 28 12 4 24 2 12 20 8 20.1503388285636902 115.478161356386977 
3 6 11 10 33 10 16 16 2 4 8 12 5 7 7 14 22 1 2 32 6 15 23 9 10 29 1 12 9 2 16 25 13 3.36768017929769181 17 12 11 2 2 2 1 7 14 15 4 17 30 1 6 3 9 10 28 12 4 24 2 12 20 8 23.8036789894104004 64.4662557085157744 
9 26 12 10 33 10 16 16 2 4 8 12 5 7 7 14 22 1 2 32 6 15 23 9 10 29 1 12 9 2 16 25 13 3.36768017929769181 17 12 11 2 2 2 1 7 14 15 4 17 30 1 6 3 9 10 28 12 4 24 2 12 20 8 24.0210880041122437 62.4142011954246527 
1 26 2.70999124060388841 10 33 10 16 16 2 4 8 12 5 7 7 14 22 1 2 32 6 15 23 9 13 24 11 12 9 2 16 25 13 3.36768017929769181 17 12 14 32 4 2 1 7 14 15 4 17 30 1 6 3 9 10 28 12 4 24 2 12 20 8 20.8776808679103851 103.460855212023176 
3.36768017929769181 24 11 6 31 7 16 16 2 12 12 8 14 24 7 14 22 1 2 32 6 15 23 9 10 29 1 12 9 2 16 25 13 3.36768017929769181 17 12 11 2 2 2 1 7 14 15 4 17 30 1 6 3 9 10 28 12 4 24 2 12 20 8 20.926383912563324 94.0966525942007905 
4 20 3 13 5.34074699537910114 8 1 32 6 13 31 7 18 6 2 4 19 5 17 24 2 9.25570237641795579 16 12 13 32 5 14 20 6 13 23 4 2 17 12 4 28 7 8 15 8 16 6 2 1 32 7 17 16 1 14 1 1 8 5 4 4.94126535182462057 19 6 19.3395518660545349 177.193810068500483 
10 26 2 4 12 12 16 16 2 4 8 12 5 7 7 14 13 9 2 32 6 15 23 9 1 31 9 12 9 2 16 25 13 3.36768017929769181 17 12 14 6 8 2 1 7 14 15 4 17 30 1 6 3 9 10 28 12 4 24 2 12 20 8 19.9340428113937378 119.068007609421244 
3 33 8 9 19 11 16 16 2 4 8 12 5 7 7 14 22 1 2 32 6 15 23 9 10 29 1 12 9 2 16 25 13 3.36768017929769181 17 12 11 2 2 2 1 7 14 15 4 17 30 1 6 3 9 10 28 12 4 24 2 12 20 8 23.9394997358322144 63.7776182704330594 
14 20 5 15 2 2.70999124060388841 6 6 9 13 7 12 1 32 7 1 1 10 4 3 2 4 20 1 6 29 8 18 12 12 16 24 8 2 30 10 9 18 10 14 26 7 12 22 10 6 15 13 13 14 6.96245171630185755 12 26 3.84646942076222631 8 5 11 3 24 7 19.0823469460010529 197.007255528014014 
4 26 12 12 15 5 16 16 2 4 8 12 5 7 7 14 22 1 2 32 6 15 23 9 10 29 1 12 9 2 16 25 13 3.36768017929769181 17 12 11 2 2 2 1 7 14 15 4 17 30 1 6 3 9 14 32 10 4 24 2 12 20 8 21.3417418003082275 81.1733212727473301 
6 19 5 8 5 9 16 16 2 4 8 12 5 7 7 14 22 1 2 32 6 15 23 9 11 31 13 12 9 2 16 25 13 3.36768017929769181 17 12 14 32 13 2 1 7 14 15 4 17 30 1 6 3 9 10 28 12 4 24 2 12 20 8 20.9120508432388306 100.913330651059141 
10 31 13 12 6 11 16 16 2 4 8 12 13 25 7 14 22 1 2 32 6 15 23 9 10 29 1 12 9 2 16 25 13 3.36768017929769181 17 12 11 2 2 2 1 7 14 15 4 17 30 1 6 3 9 10 28 12 4 24 2 12 20 8 22.0949359536170959 73.8572383816169236 
3.36768017929769181 31 9 10 26 12 16 16 2 4 8 12 5 7 7 14 22 1 2 32 6 15 23 9 10 29 1 12 9 2 16 25 13 3.36768017929769181 17 12 14 32 7 2 1 7 14 15 4 17 30 1 6 3 9 10 28 12 4 24 2 12 20 8 21.8337879776954651 76.2411460077530165 
12 32 1 3 13 8 16 16 2 4 8 12 12 6 7 14 22 1 2 32 6 15 23 9 1 5 8 12 9 2 16 25 13 3.36768017929769181 17 12 11 2 2 2 1 7 14 15 4 17 30 1 6 3 9 10 28 12 4 24 2 12 12 2.70999124060388841 20.8193438053131104 104.646755609607695 
12 6 11 10 33 10 16 16 2 4 8 12 5 7 7 14 22 1 2 32 6 15 23 9 10 29 1 12 9 2 16 25 13 3.36768017929769181 17 12 11 2 2 2 1 7 14 15 4 17 30 1 6 3 9 10 28 12 4 24 2 12 20 8 23.7973060011863708 64.5883772696118967 
3.36768017929769181 4 11 10 33 10 16 16 2 4 8 12 5 7 7 14 22 1 2 32 6 15 23 9 10 29 1 12 9 2 16 25 13 3.36768017929769181 17 12 11 2 2 2 1 7 14 15 4 17 30 1 6 3 9 10 28 12 4 24 2 12 20 8 26.1087009906768799 60.886717803234184 
15 6 4 12 18 12 16 16 2 4 8 12 5 7 7 14 22 1 2 32 6 15 23 9 10 29 1 12 9 2 16 25 13 3.36768017929769181 17 12 11 2 2 2 1 7 14 15 4 17 30 1 6 3 9 9 32 10 4 24 2 12 20 8 21.7045717835426331 80.3625251415656692 
14 14 11 10 33 10 16 16 2 4 8 12 5 7 7 14 22 1 2 32 6 15 23 9 3 9 2 12 9 2 16 25 13 3.36768017929769181 17 12 1 6 3 2 1 7 14 15 4 17 30 1 6 3 9 9 31 3 4 24 2 12 20 8 20.5923057198524475 112.100029086614768 
6 32 3 10 30 13 16 16 2 4 8 12 5 7 7 14 22 1 2 32 6 15 23 9 4 24 13 12 9 2 16 25 13 3.36768017929769181 17 12 11 2 2 2 1 7 14 15 4 17 30 1 6 3 9 10 28 12 4 24 2 12 20 8 21.3859868049621582 80.6844005756604474 
9 6 11 1 32 9 16 16 2 4 8 12 5 7 7 14 22 1 2 32 6 15 23 9 10 29 1 12 9 2 16 25 13 3.36768017929769181 17 12 11 2 2 2 1 7 14 15 4 17 30 1 6 3 9 10 28 12 4 24 2 12 20 8 22.5159699320793152 65.6785268278754586 
9 15 2.70999124060388841 4 5 9 1 15 8 5 26 6 6 24 10 8 20 2 3 1 11 14 18 11 17 9 11 13 16.1354543567662532 9 1 26 9 17 21 2 3 31 5 12 24 5 14 30 9 16 25 13 10 5 10 4.94126535182462057 15 11 8 26 10 15 30 5 18.544732928276062 204.992933502320227 
3.36768017929769181 4 11 18 26 13 16 16 2 4 8 12 5 7 7 14 22 1 2 32 6 15 23 9 10 29 1 12 9 2 16 25 13 3.36768017929769181 17 12 11 2 2 2 1 7 14 15 4 17 30 1 6 3 9 18 28 13 4 24 2 12 20 8 26.2536079883575439 60.6801942717181078 
8 9 2.70999124060388841 4 26 9 6 13 8 5 24 8 13 9 8 17 12 5 14 32 2 14 24 5 1 26 12 12 26 1 7 12 4 15 26 8 14 20 9 13 3 6.96245171630185755 2 2 7 14 24 9 12 26 3 14 2 3.84646942076222631 4 5 6 1 20 9 17.6793989539146423 247.359636605224836 
14 15 4 11 26 5 16 16 2 4 8 12 14 16 13 14 22 1 2 32 6 15 23 9 10 29 1 12 9 2 16 25 13 3.36768017929769181 17 12 11 2 2 2 1 7 14 15 4 17 30 1 6 3 9 14 31 2.70999124060388841 4 24 2 12 20 8 20.7851557731628418 109.364501935550805 
3.36768017929769181 4 11 10 33 9 16 16 2 4 8 12 5 7 7 14 22 1 2 32 6 15 23 9 10 29 1 12 9 2 16 25 13 3.36768017929769181 17 12 11 2 2 2 1 7 14 15 4 17 30 1 6 3 9 18 28 13 4 24 2 12 20 8 26.4188568592071533 60.4851435116390803 
6 32 5 17 26 8 3.36768017929769181 20 6.96245171630185755 2 25 9 15 30 3 14 15 10 16 24 2 4.94126535182462057 31 3 9 23 9.82524131762891173 1 20 6 13 31 2 16 1 8 2 3 5 14 32 8 10 22 2 12 33 13.151007650947605 14 25 8 14 18 9 12 25 2 6 26 6 17.8306815624237061 211.928570228344995 
3.36768017929769181 4 11 10 33 10 16 16 2 4 8 12 6 7 7 14 22 1 2 32 6 15 23 9 10 29 1 12 9 2 16 25 13 3.36768017929769181 17 12 11 2 2 2 1 7 14 15 4 17 30 1 6 3 9 18 28 13 4 24 2 12 20 8 25.9368579387664795 60.9409535862255112 
9 6 11 10 33 10 16 16 2 4 8 12 5 7 7 14 22 1 2 32 6 15 23 9 10 29 1 12 9 2 16 25 13 3.36768017929769181 17 12 11 2 2 2 1 7 14 15 4 17 30 1 6 3 9 18 28 13 4 24 2 12 20 8 24.3341489434242249 61.2720629105679677 
3.36768017929769181 4 11 10 33 10 16 16 2 4 8 12 5 7 7 14 22 1 2 32 6 15 23 9 10 29 1 12 9 2 16 25 13 3.36768017929769181 17 12 11 2 2 2 1 7 14 15 4 17 30 1 6 3 9 18 28 13 4 24 2 12 20 8 26.5208809375762939 58.8814874428678721 
3.36768017929769181 4 11 10 33 10 16 16 2 4 8 12 5 7 7 14 22 1 2 32 6 6 26 3 10 29 1 12 9 2 16 25 13 3.36768017929769181 17 12 11 2 2 2 1 7 14 15 4 17 30 1 6 3 9 18 28 13 4 24 2 12 20 8 26.1145780086517334 60.773694300372 

Current Evaluation = 30000000(30000000)
Front Size = 40
14 6 9 13 9 3 16 16 2 4 8 12 5 7 7 14 22 1 2 32 6 15 23 9 10 29 1 12 9 2 16 25 13 3.36768017929769181 17 12 11 2 2 2 1 7 14 15 4 17 30 1 6 3 9 15 32 4 4 24 2 12 20 8 21.0164108276367188 85.7817177343579402 
12 19 11 3 26 8 16 16 2 4 8 12 5 7 7 14 22 1 2 32 6 15 23 9 10 29 1 12 9 2 16 25 13 3.36768017929769181 17 12 11 2 2 2 1 7 14 15 4 17 30 1 6 3 9 10 28 12 4 24 2 12 20 8 23.0763838291168213 64.7189437365778844 
9 32 9 6 24 9 16 16 2 4 8 12 5 7 7 14 22 1 2 32 6 15 23 9 3 12 5 12 9 2 16 25 13 3.36768017929769181 17 12 9 24 2.70999124060388841 2 1 7 14 15 4 17 30 1 6 3 9 10 28 12 4 24 2 12 20 8 20.1503388285636902 115.478161356386977 
3 6 11 10 33 10 16 16 2 4 8 12 5 7 7 14 22 1 2 32 6 15 23 9 10 29 1 12 9 2 16 25 13 3.36768017929769181 17 12 11 2 2 2 1 7 14 15 4 17 30 1 6 3 9 10 28 12 4 24 2 12 20 8 23.8036789894104004 64.4662557085157744 
9 26 12 10 33 10 16 16 2 4 8 12 5 7 7 14 22 1 2 32 6 15 23 9 10 29 1 12 9 2 16 25 13 3.36768017929769181 17 12 11 2 2 2 1 7 14 15 4 17 30 1 6 3 9 10 28 12 4 24 2 12 20 8 24.0210880041122437 62.4142011954246527 
1 26 2.70999124060388841 10 33 10 16 16 2 4 8 12 5 7 7 14 22 1 2 32 6 15 23 9 13 24 11 12 9 2 16 25 13 3.36768017929769181 17 12 14 32 4 2 1 7 14 15 4 17 30 1 6 3 9 10 28 12 4 24 2 12 20 8 20.8776808679103851 103.460855212023176 
3.36768017929769181 24 11 6 31 7 16 16 2 12 12 8 14 24 7 14 22 1 2 32 6 15 23 9 10 29 1 12 9 2 16 25 13 3.36768017929769181 17 12 11 2 2 2 1 7 14 15 4 17 30 1 6 3 9 10 28 12 4 24 2 12 20 8 20.926383912563324 94.0966525942007905 
4 20 3 13 5.34074699537910114 8 1 32 6 13 31 7 18 6 2 4 19 5 17 24 2 9.25570237641795579 16 12 13 32 5 14 20 6 13 23 4 2 17 12 4 28 7 8 15 8 16 6 2 1 32 7 17 16 1 14 1 1 8 5 4 4.94126535182462057 19 6 19.3395518660545349 177.193810068500483 
10 26 2 4 12 12 16 16 2 4 8 12 5 7 7 14 13 9 2 32 6 15 23 9 1 31 9 12 9 2 16 25 13 3.36768017929769181 17 12 14 6 8 2 1 7 14 15 4 17 30 1 6 3 9 10 28 12 4 24 2 12 20 8 19.9340428113937378 119.068007609421244 
3 33 8 9 19 11 16 16 2 4 8 12 5 7 7 14 22 1 2 32 6 15 23 9 10 29 1 12 9 2 16 25 13 3.36768017929769181 17 12 11 2 2 2 1 7 14 15 4 17 30 1 6 3 9 10 28 12 4 24 2 12 20 8 23.9394997358322144 63.7776182704330594 
4 26 12 12 15 5 16 16 2 4 8 12 5 7 7 14 22 1 2 32 6 15 23 9 10 29 1 12 9 2 16 25 13 3.36768017929769181 17 12 11 2 2 2 1 7 14 15 4 17 30 1 6 3 9 14 32 10 4 24 2 12 20 8 21.3417418003082275 81.1733212727473301 
6 19 5 8 5 9 16 16 2 4 8 12 5 7 7 14 22 1 2 32 6 15 23 9 11 31 13 12 9 2 16 25 13 3.36768017929769181 17 12 14 32 13 2 1 7 14 15 4 17 30 1 6 3 9 10 28 12 4 24 2 12 20 8 20.9120508432388306 100.913330651059141 
10 31 13 12 6 11 16 16 2 4 8 12 13 25 7 14 22 1 2 32 6 15 23 9 10 29 1 12 9 2 16 25 13 3.36768017929769181 17 12 11 2 2 2 1 7 14 15 4 17 30 1 6 3 9 10 28 12 4 24 2 12 20 8 22.0949359536170959 73.8572383816169236 
3.36768017929769181 31 9 10 26 12 16 16 2 4 8 12 5 7 7 14 22 1 2 32 6 15 23 9 10 29 1 12 9 2 16 25 13 3.36768017929769181 17 12 14 32 7 2 1 7 14 15 4 17 30 1 6 3 9 10 28 12 4 24 2 12 20 8 21.8337879776954651 76.2411460077530165 
12 32 1 3 13 8 16 16 2 4 8 12 12 6 7 14 22 1 2 32 6 15 23 9 1 5 8 12 9 2 16 25 13 3.36768017929769181 17 12 11 2 2 2 1 7 14 15 4 17 30 1 6 3 9 10 28 12 4 24 2 12 12 2.70999124060388841 20.8193438053131104 104.646755609607695 
12 6 11 10 33 10 16 16 2 4 8 12 5 7 7 14 22 1 2 32 6 15 23 9 10 29 1 12 9 2 16 25 13 3.36768017929769181 17 12 11 2 2 2 1 7 14 15 4 17 30 1 6 3 9 10 28 12 4 24 2 12 20 8 23.7973060011863708 64.5883772696118967 
15 6 4 12 18 12 16 16 2 4 8 12 5 7 7 14 22 1 2 32 6 15 23 9 10 29 1 12 9 2 16 25 13 3.36768017929769181 17 12 11 2 2 2 1 7 14 15 4 17 30 1 6 3 9 9 32 10 4 24 2 12 20 8 21.7045717835426331 80.3625251415656692 
14 14 11 10 33 10 16 16 2 4 8 12 5 7 7 14 22 1 2 32 6 15 23 9 3 9 2 12 9 2 16 25 13 3.36768017929769181 17 12 1 6 3 2 1 7 14 15 4 17 30 1 6 3 9 9 31 3 4 24 2 12 20 8 20.5923057198524475 112.100029086614768 
6 32 3 10 30 13 16 16 2 4 8 12 5 7 7 14 22 1 2 32 6 15 23 9 4 24 13 12 9 2 16 25 13 3.36768017929769181 17 12 11 2 2 2 1 7 14 15 4 17 30 1 6 3 9 10 28 12 4 24 2 12 20 8 21.3859868049621582 80.6844005756604474 
9 6 11 1 32 9 16 16 2 4 8 12 5 7 7 14 22 1 2 32 6 15 23 9 10 29 1 12 9 2 16 25 13 3.36768017929769181 17 12 11 2 2 2 1 7 14 15 4 17 30 1 6 3 9 10 28 12 4 24 2 12 20 8 22.5159699320793152 65.6785268278754586 
9 15 2.70999124060388841 4 5 9 1 15 8 5 26 6 6 24 10 8 20 2 3 1 11 14 18 11 17 9 11 13 16.1354543567662532 9 1 26 9 17 21 2 3 31 5 12 24 5 14 30 9 16 25 13 10 5 10 4.94126535182462057 15 11 8 26 10 15 30 5 18.544732928276062 204.992933502320227 
8 9 2.70999124060388841 4 26 9 6 13 8 5 24 8 13 9 8 17 12 5 14 32 2 14 24 5 1 26 12 12 26 1 7 12 4 15 26 8 14 20 9 13 3 6.96245171630185755 2 2 7 14 24 9 12 26 3 14 2 3.84646942076222631 4 5 6 1 20 9 17.6793989539146423 247.359636605224836 
14 15 4 11 26 5 16 16 2 4 8 12 14 16 13 14 22 1 2 32 6 15 23 9 10 29 1 12 9 2 16 25 13 3.36768017929769181 17 12 11 2 2 2 1 7 14 15 4 17 30 1 6 3 9 14 31 2.70999124060388841 4 24 2 12 20 8 20.7851557731628418 109.364501935550805 
6 32 5 17 26 8 3.36768017929769181 20 6.96245171630185755 2 25 9 15 30 3 14 15 10 16 24 2 4.94126535182462057 31 3 9 23 9.82524131762891173 1 20 6 13 31 2 16 1 8 2 3 5 14 32 8 10 22 2 12 33 13.151007650947605 14 25 8 14 18 9 12 25 2 6 26 6 17.8306815624237061 211.928570228344995 
3.36768017929769181 4 11 10 33 10 16 16 2 4 8 12 5 7 7 14 22 1 2 32 6 15 23 9 10 29 1 12 9 2 16 25 13 3.36768017929769181 17 12 11 2 2 2 1 7 14 15 4 17 30 1 6 3 9 18 28 13 4 24 2 12 20 8 26.5208809375762939 58.8814874428678721 
13 13 3 3.36768017929769181 30 7 16 16 2 4 8 12 5 7 7 14 22 1 2 32 6 15 23 9 11 24 11 12 9 2 16 25 13 3.36768017929769181 17 12 11 2 2 2 1 7 14 15 4 17 30 1 6 3 9 8 1 6.96245171630185755 4 24 2 12 20 8 20.8688327074050903 104.5852714875723 
14 18 13 5 32 11 2 5 9 3.36768017929769181 31 12 11 26 5 14 22 6.96245171630185755 10 8 11 16 11 4 2 30 13 14 32 13 16 14 5 3 12 7 13 3 1 9 6 3.84646942076222631 1 30 9.82524131762891173 15 1 7 3 20 9 3 16 10 14 31.8448655754823804 6 6 20 7.75241283629571765 18.6917939186096191 200.14393906399539 
9 23 8 10 33 10 16 16 2 4 8 12 5 7 7 14 22 1 2 32 6 15 23 9 10 29 1 12 9 2 16 25 13 3.36768017929769181 17 12 11 2 2 2 1 7 14 15 4 17 30 1 6 3 9 18 28 13 4 24 2 12 20 8 24.9538908004760742 61.0848069132527343 
1 24 10 6 3 7 16 16 2 4 8 12 5 7 7 14 22 1 2 32 6 15 23 9 10 29 1 12 9 2 16 25 13 3.36768017929769181 17 12 11 2 2 2 1 7 14 15 4 17 30 1 6 3 9 10 5 11 4 24 2 12 20 8 22.0852676630020142 74.113672252253096 
1 13 6 15 11 3 3.36768017929769181 30 3 8 5 6.96245171630185755 12 25 13 6 6 2 3 24 6 15 6 11 4 6 9 15 19 4 13 8.22565314501180467 3 13 26 4 14 1 6 1 19 1 6 5 9.82524131762891173 2 24 9 17.8244721320812971 11 13 15 5 9 14 32 7 2 1 6 17.5575810074806213 257.889765800181351 
3.36768017929769181 4 11 10 33 10 16 16 2 4 8 12 1 13 5 14 22 1 2 32 6 15 23 9 10 29 1 12 9 2 16 25 13 3.36768017929769181 17 12 11 2 2 2 1 7 14 15 4 17 30 1 6 3 9 18 28 13 4 24 2 12 20 8 25.8528250455856323 60.1313649766451235 
1 6 1 10 13 5 16 16 2 4 8 12 5 7 7 14 22 1 2 32 6 15 23 9 13 12 9 12 9 2 16 25 13 3.36768017929769181 17 12 11 2 2 2 1 7 14 15 4 17 30 1 6 3 9 8 31 12 4 24 2 12 20 8 20.6307647824287415 109.385059591894603 
3.36768017929769181 4 11 10 2 2 16 16 2 4 8 12 5 7 7 14 22 1 2 32 6 15 23 9 10 29 1 12 9 2 16 25 13 3.36768017929769181 17 12 11 2 2 2 1 7 14 15 4 17 30 1 6 3 9 18 28 13 4 24 2 12 20 8 26.0654668807983398 59.6964149005989881 
3.36768017929769181 4 11 10 1 10 16 16 2 4 8 12 5 7 7 14 22 1 2 32 6 15 23 9 10 29 1 12 9 2 16 25 13 3.36768017929769181 17 12 11 2 2 2 1 7 14 15 4 17 30 1 6 3 9 18 28 13 4 24 2 12 20 8 25.7850439548492432 60.6427701208620675 
12 31 7 14 12 9 3 28 2 14 1 13 1 13 8 17 7 2 12 12 9 3 2 7 14 32 12 2 9 12 3 31 1 15 24 1 1 5 9 4 19 10 8 11 9 3 9 2.70999124060388841 6 18 7 14 30 3 2 3 7 14 26 12 17.9851228594779968 210.272405166213218 
3 20 5 4 32 8 4 2 7 1 32 9 1 8 6 13 12 2 8 1 3 4 6 6 3 5 4 17 18 11 6 6 3 15 17 5 1 31 6 14 25 2 5 32 11 17 31 3 4 16 11 13 20 1 6 1 12 2 1 2 17.7418577075004578 242.074901242548322 
6 13 5 14 6 4 17 18 8 16 5.34074699537910114 1 13 23 10 15 26 2 14 9 6.96245171630185755 1 28 9 12 31 12 15 9 11 15 32 2 2 17 3 3 30 9 15 12 10 3 2 1 16 3 13 14 1 4 10 9 10 3 32 9 1 28 5 19.0530111491680145 187.194833024861822 
3.36768017929769181 16 8 17 32 6.96245171630185755 6 9 11 3 26 2 5 5 13 14 24 9 2 24 9 15 9 1 17 18 7 15 13 3.84646942076222631 4 5 2 12 24 7 17 25 4 2 15 9.82524131762891173 4 18 1 13 26 7 14 17 9 8 23 8 16 15 12 14 5 4 18.5137428641319275 208.234602905001367 
3.36768017929769181 26 11 10 33 10 16 16 2 4 8 12 5 7 7 14 22 1 2 32 6 15 23 9 10 29 1 12 9 2 16 25 13 3.36768017929769181 17 12 11 2 2 2 1 7 14 15 4 17 30 1 6 3 9 18 28 13 4 24 2 12 20 8 24.3015779852867126 61.2497437729219314 
3 15 5 1 14 7 16 16 2 4 8 12 5 7 7 14 22 1 2 32 6 15 23 9 13 12 10 12 9 2 16 25 13 3.36768017929769181 17 12 4 24 1 2 1 7 14 15 4 17 30 1 6 3 9 15 2 1 4 24 2 12 20 8 19.6321908235549927 125.161742618655722 

Current Evaluation = 40000000(40000000)
Front Size = 33
14 6 9 13 9 3 16 16 2 4 8 12 5 7 7 14 22 1 2 32 6 15 23 9 10 29 1 12 9 2 16 25 13 3.36768017929769181 17 12 11 2 2 2 1 7 14 15 4 17 30 1 6 3 9 15 32 4 4 24 2 12 20 8 21.0164108276367188 85.7817177343579402 
12 19 11 3 26 8 16 16 2 4 8 12 5 7 7 14 22 1 2 32 6 15 23 9 10 29 1 12 9 2 16 25 13 3.36768017929769181 17 12 11 2 2 2 1 7 14 15 4 17 30 1 6 3 9 10 28 12 4 24 2 12 20 8 23.0763838291168213 64.7189437365778844 
9 32 9 6 24 9 16 16 2 4 8 12 5 7 7 14 22 1 2 32 6 15 23 9 3 12 5 12 9 2 16 25 13 3.36768017929769181 17 12 9 24 2.70999124060388841 2 1 7 14 15 4 17 30 1 6 3 9 10 28 12 4 24 2 12 20 8 20.1503388285636902 115.478161356386977 
3.36768017929769181 24 11 6 31 7 16 16 2 12 12 8 14 24 7 14 22 1 2 32 6 15 23 9 10 29 1 12 9 2 16 25 13 3.36768017929769181 17 12 11 2 2 2 1 7 14 15 4 17 30 1 6 3 9 10 28 12 4 24 2 12 20 8 20.926383912563324 94.0966525942007905 
4 20 3 13 5.34074699537910114 8 1 32 6 13 31 7 18 6 2 4 19 5 17 24 2 9.25570237641795579 16 12 13 32 5 14 20 6 13 23 4 2 17 12 4 28 7 8 15 8 16 6 2 1 32 7 17 16 1 14 1 1 8 5 4 4.94126535182462057 19 6 19.3395518660545349 177.193810068500483 
10 26 2 4 12 12 16 16 2 4 8 12 5 7 7 14 13 9 2 32 6 15 23 9 1 31 9 12 9 2 16 25 13 3.36768017929769181 17 12 14 6 8 2 1 7 14 15 4 17 30 1 6 3 9 10 28 12 4 24 2 12 20 8 19.9340428113937378 119.068007609421244 
4 26 12 12 15 5 16 16 2 4 8 12 5 7 7 14 22 1 2 32 6 15 23 9 10 29 1 12 9 2 16 25 13 3.36768017929769181 17 12 11 2 2 2 1 7 14 15 4 17 30 1 6 3 9 14 32 10 4 24 2 12 20 8 21.3417418003082275 81.1733212727473301 
10 31 13 12 6 11 16 16 2 4 8 12 13 25 7 14 22 1 2 32 6 15 23 9 10 29 1 12 9 2 16 25 13 3.36768017929769181 17 12 11 2 2 2 1 7 14 15 4 17 30 1 6 3 9 10 28 12 4 24 2 12 20 8 22.0949359536170959 73.8572383816169236 
3.36768017929769181 31 9 10 26 12 16 16 2 4 8 12 5 7 7 14 22 1 2 32 6 15 23 9 10 29 1 12 9 2 16 25 13 3.36768017929769181 17 12 14 32 7 2 1 7 14 15 4 17 30 1 6 3 9 10 28 12 4 24 2 12 20 8 21.8337879776954651 76.2411460077530165 
15 6 4 12 18 12 16 16 2 4 8 12 5 7 7 14 22 1 2 32 6 15 23 9 10 29 1 12 9 2 16 25 13 3.36768017929769181 17 12 11 2 2 2 1 7 14 15 4 17 30 1 6 3 9 9 32 10 4 24 2 12 20 8 21.7045717835426331 80.3625251415656692 
6 32 3 10 30 13 16 16 2 4 8 12 5 7 7 14 22 1 2 32 6 15 23 9 4 24 13 12 9 2 16 25 13 3.36768017929769181 17 12 11 2 2 2 1 7 14 15 4 17 30 1 6 3 9 10 28 12 4 24 2 12 20 8 21.3859868049621582 80.6844005756604474 
9 6 11 1 32 9 16 16 2 4 8 12 5 7 7 14 22 1 2 32 6 15 23 9 10 29 1 12 9 2 16 25 13 3.36768017929769181 17 12 11 2 2 2 1 7 14 15 4 17 30 1 6 3 9 10 28 12 4 24 2 12 20 8 22.5159699320793152 65.6785268278754586 
8 9 2.70999124060388841 4 26 9 6 13 8 5 24 8 13 9 8 17 12 5 14 32 2 14 24 5 1 26 12 12 26 1 7 12 4 15 26 8 14 20 9 13 3 6.96245171630185755 2 2 7 14 24 9 12 26 3 14 2 3.84646942076222631 4 5 6 1 20 9 17.6793989539146423 247.359636605224836 
14 15 4 11 26 5 16 16 2 4 8 12 14 16 13 14 22 1 2 32 6 15 23 9 10 29 1 12 9 2 16 25 13 3.36768017929769181 17 12 11 2 2 2 1 7 14 15 4 17 30 1 6 3 9 14 31 2.70999124060388841 4 24 2 12 20 8 20.7851557731628418 109.364501935550805 
6 32 5 17 26 8 3.36768017929769181 20 6.96245171630185755 2 25 9 15 30 3 14 15 10 16 24 2 4.94126535182462057 31 3 9 23 9.82524131762891173 1 20 6 13 31 2 16 1 8 2 3 5 14 32 8 10 22 2 12 33 13.151007650947605 14 25 8 14 18 9 12 25 2 6 26 6 17.8306815624237061 211.928570228344995 
1 24 10 6 3 7 16 16 2 4 8 12 5 7 7 14 22 1 2 32 6 15 23 9 10 29 1 12 9 2 16 25 13 3.36768017929769181 17 12 11 2 2 2 1 7 14 15 4 17 30 1 6 3 9 10 5 11 4 24 2 12 20 8 22.0852676630020142 74.113672252253096 
1 13 6 15 11 3 3.36768017929769181 30 3 8 5 6.96245171630185755 12 25 13 6 6 2 3 24 6 15 6 11 4 6 9 15 19 4 13 8.22565314501180467 3 13 26 4 14 1 6 1 19 1 6 5 9.82524131762891173 2 24 9 17.8244721320812971 11 13 15 5 9 14 32 7 2 1 6 17.5575810074806213 257.889765800181351 
3.36768017929769181 4 11 10 33 10 16 16 2 4 8 12 1 13 5 14 22 1 2 32 6 15 23 9 10 29 1 12 9 2 16 25 13 3.36768017929769181 17 12 11 2 2 2 1 7 14 15 4 17 30 1 6 3 9 18 28 13 4 24 2 12 20 8 25.8528250455856323 60.1313649766451235 
1 6 1 10 13 5 16 16 2 4 8 12 5 7 7 14 22 1 2 32 6 15 23 9 13 12 9 12 9 2 16 25 13 3.36768017929769181 17 12 11 2 2 2 1 7 14 15 4 17 30 1 6 3 9 8 31 12 4 24 2 12 20 8 20.6307647824287415 109.385059591894603 
12 31 7 14 12 9 3 28 2 14 1 13 1 13 8 17 7 2 12 12 9 3 2 7 14 32 12 2 9 12 3 31 1 15 24 1 1 5 9 4 19 10 8 11 9 3 9 2.70999124060388841 6 18 7 14 30 3 2 3 7 14 26 12 17.9851228594779968 210.272405166213218 
3 20 5 4 32 8 4 2 7 1 32 9 1 8 6 13 12 2 8 1 3 4 6 6 3 5 4 17 18 11 6 6 3 15 17 5 1 31 6 14 25 2 5 32 11 17 31 3 4 16 11 13 20 1 6 1 12 2 1 2 17.7418577075004578 242.074901242548322 
6 13 5 14 6 4 17 18 8 16 5.34074699537910114 1 13 23 10 15 26 2 14 9 6.96245171630185755 1 28 9 12 31 12 15 9 11 15 32 2 2 17 3 3 30 9 15 12 10 3 2 1 16 3 13 14 1 4 10 9 10 3 32 9 1 28 5 19.0530111491680145 187.194833024861822 
3 15 5 1 14 7 16 16 2 4 8 12 5 7 7 14 22 1 2 32 6 15 23 9 13 12 10 12 9 2 16 25 13 3.36768017929769181 17 12 4 24 1 2 1 7 14 15 4 17 30 1 6 3 9 15 2 1 4 24 2 12 20 8 19.6321908235549927 125.161742618655722 
3.36768017929769181 4 11 10 33 10 16 16 2 4 8 12 5 7 7 14 22 1 2 32 6 15 23 9 10 29 1 12 9 2 16 25 13 3.36768017929769181 17 12 11 2 2 2 1 7 14 15 4 17 30 1 6 3 9 18 28 13 4 24 2 12 20 8 26.5208809375762939 58.5443253708124587 
10 1 9 4 24 8 16 16 2 4 8 12 5 7 7 14 22 1 2 32 6 15 23 9 10 29 1 12 9 2 16 25 13 3.36768017929769181 17 12 11 2 2 2 1 7 14 15 4 17 30 1 6 3 9 18 28 13 4 24 2 12 20 8 23.4006369113922119 61.6781654568782898 
3.36768017929769181 19 8 10 33 10 16 16 2 4 8 12 5 7 7 14 22 1 2 32 6 15 23 9 10 29 1 12 9 2 16 25 13 3.36768017929769181 17 12 11 2 2 2 1 7 14 15 4 17 30 1 6 3 9 18 28 13 4 24 2 12 20 8 24.5957229137420654 60.3334734030570132 
3.36768017929769181 4 11 10 26 8 16 16 2 4 8 12 5 7 7 14 22 1 2 32 6 15 23 9 10 29 1 12 9 2 16 25 13 3.36768017929769181 17 12 11 2 2 2 1 7 14 15 4 17 30 1 6 3 9 18 28 13 4 24 2 12 20 8 25.8826278448104858 59.2880835378149982 
13 5.34074699537910114 3 10 33 10 16 16 2 4 8 12 5 7 7 14 22 1 2 32 6 15 23 9 6 30 6 12 9 2 16 25 13 3.36768017929769181 17 12 11 2 2 2 1 7 14 15 4 17 30 1 6 3 9 14 26 7 4 24 2 12 20 8 20.8179327547550201 96.202413245932533 
3.36768017929769181 4 11 10 12 9 16 16 2 4 8 12 5 7 7 14 22 1 2 32 6 15 23 9 10 29 1 12 9 2 16 25 13 3.36768017929769181 17 12 11 2 2 2 1 7 14 15 4 17 30 1 6 3 9 18 28 13 4 24 2 12 20 8 25.6568868160247803 60.1898478887814647 
12 6 4 14 20 1 16 16 2 4 8 12 5 7 7 14 22 1 14 24 9 15 23 9 10 29 1 12 9 2 16 25 13 3.36768017929769181 17 12 11 2 2 2 1 7 14 15 4 17 30 1 6 3 9 14 6 12 4 24 2 12 20 8 20.3816357851028442 109.919524871748706 
16 31 2.70999124060388841 12 23 13 13 1 10 2 3 3 9.25570237641795579 26 13 3 6 7 16 5 3.84646942076222631 3 15 12 1 15 13 2 9 10 13.2195649013323386 25 12 17.8244721320812971 6 3 14 5 12 15 12 1 12 32 8 16 30 7.75241283629571765 2 3 9 14 24 8 3 25 7 2 1 1.44943743604301667 18.0188719034194946 195.572052732269412 
3 24 11 10 33 10 16 16 2 4 8 12 5 7 7 14 22 1 2 32 6 15 23 9 10 29 1 12 9 2 16 25 13 3.36768017929769181 17 12 11 2 2 2 1 7 14 15 4 17 30 1 6 3 9 18 28 13 4 24 2 12 20 8 24.2576939463615417 60.6237291611528732 
3.36768017929769181 4 11 9 26 8 16 16 2 4 8 12 5 7 7 14 22 1 2 32 6 15 23 9 10 29 1 12 9 2 16 25 13 3.36768017929769181 17 12 11 2 2 2 1 7 14 15 4 17 30 1 6 3 9 18 28 13 4 24 2 12 20 8 25.5929847955703735 60.2821447577565834 

Current Evaluation = 50000000(50000000)
Front Size = 29
14 6 9 13 9 3 16 16 2 4 8 12 5 7 7 14 22 1 2 32 6 15 23 9 10 29 1 12 9 2 16 25 13 3.36768017929769181 17 12 11 2 2 2 1 7 14 15 4 17 30 1 6 3 9 15 32 4 4 24 2 12 20 8 21.0164108276367188 85.7817177343579402 
12 19 11 3 26 8 16 16 2 4 8 12 5 7 7 14 22 1 2 32 6 15 23 9 10 29 1 12 9 2 16 25 13 3.36768017929769181 17 12 11 2 2 2 1 7 14 15 4 17 30 1 6 3 9 10 28 12 4 24 2 12 20 8 23.0763838291168213 64.7189437365778844 
3.36768017929769181 24 11 6 31 7 16 16 2 12 12 8 14 24 7 14 22 1 2 32 6 15 23 9 10 29 1 12 9 2 16 25 13 3.36768017929769181 17 12 11 2 2 2 1 7 14 15 4 17 30 1 6 3 9 10 28 12 4 24 2 12 20 8 20.926383912563324 94.0966525942007905 
4 20 3 13 5.34074699537910114 8 1 32 6 13 31 7 18 6 2 4 19 5 17 24 2 9.25570237641795579 16 12 13 32 5 14 20 6 13 23 4 2 17 12 4 28 7 8 15 8 16 6 2 1 32 7 17 16 1 14 1 1 8 5 4 4.94126535182462057 19 6 19.3395518660545349 177.193810068500483 
4 26 12 12 15 5 16 16 2 4 8 12 5 7 7 14 22 1 2 32 6 15 23 9 10 29 1 12 9 2 16 25 13 3.36768017929769181 17 12 11 2 2 2 1 7 14 15 4 17 30 1 6 3 9 14 32 10 4 24 2 12 20 8 21.3417418003082275 81.1733212727473301 
10 31 13 12 6 11 16 16 2 4 8 12 13 25 7 14 22 1 2 32 6 15 23 9 10 29 1 12 9 2 16 25 13 3.36768017929769181 17 12 11 2 2 2 1 7 14 15 4 17 30 1 6 3 9 10 28 12 4 24 2 12 20 8 22.0949359536170959 73.8572383816169236 
3.36768017929769181 31 9 10 26 12 16 16 2 4 8 12 5 7 7 14 22 1 2 32 6 15 23 9 10 29 1 12 9 2 16 25 13 3.36768017929769181 17 12 14 32 7 2 1 7 14 15 4 17 30 1 6 3 9 10 28 12 4 24 2 12 20 8 21.8337879776954651 76.2411460077530165 
15 6 4 12 18 12 16 16 2 4 8 12 5 7 7 14 22 1 2 32 6 15 23 9 10 29 1 12 9 2 16 25 13 3.36768017929769181 17 12 11 2 2 2 1 7 14 15 4 17 30 1 6 3 9 9 32 10 4 24 2 12 20 8 21.7045717835426331 80.3625251415656692 
6 32 3 10 30 13 16 16 2 4 8 12 5 7 7 14 22 1 2 32 6 15 23 9 4 24 13 12 9 2 16 25 13 3.36768017929769181 17 12 11 2 2 2 1 7 14 15 4 17 30 1 6 3 9 10 28 12 4 24 2 12 20 8 21.3859868049621582 80.6844005756604474 
9 6 11 1 32 9 16 16 2 4 8 12 5 7 7 14 22 1 2 32 6 15 23 9 10 29 1 12 9 2 16 25 13 3.36768017929769181 17 12 11 2 2 2 1 7 14 15 4 17 30 1 6 3 9 10 28 12 4 24 2 12 20 8 22.5159699320793152 65.6785268278754586 
6 32 5 17 26 8 3.36768017929769181 20 6.96245171630185755 2 25 9 15 30 3 14 15 10 16 24 2 4.94126535182462057 31 3 9 23 9.82524131762891173 1 20 6 13 31 2 16 1 8 2 3 5 14 32 8 10 22 2 12 33 13.151007650947605 14 25 8 14 18 9 12 25 2 6 26 6 17.8306815624237061 211.928570228344995 
1 24 10 6 3 7 16 16 2 4 8 12 5 7 7 14 22 1 2 32 6 15 23 9 10 29 1 12 9 2 16 25 13 3.36768017929769181 17 12 11 2 2 2 1 7 14 15 4 17 30 1 6 3 9 10 5 11 4 24 2 12 20 8 22.0852676630020142 74.113672252253096 
12 31 7 14 12 9 3 28 2 14 1 13 1 13 8 17 7 2 12 12 9 3 2 7 14 32 12 2 9 12 3 31 1 15 24 1 1 5 9 4 19 10 8 11 9 3 9 2.70999124060388841 6 18 7 14 30 3 2 3 7 14 26 12 17.9851228594779968 210.272405166213218 
6 13 5 14 6 4 17 18 8 16 5.34074699537910114 1 13 23 10 15 26 2 14 9 6.96245171630185755 1 28 9 12 31 12 15 9 11 15 32 2 2 17 3 3 30 9 15 12 10 3 2 1 16 3 13 14 1 4 10 9 10 3 32 9 1 28 5 19.0530111491680145 187.194833024861822 
3 15 5 1 14 7 16 16 2 4 8 12 5 7 7 14 22 1 2 32 6 15 23 9 13 12 10 12 9 2 16 25 13 3.36768017929769181 17 12 4 24 1 2 1 7 14 15 4 17 30 1 6 3 9 15 2 1 4 24 2 12 20 8 19.6321908235549927 125.161742618655722 
3.36768017929769181 4 11 10 33 10 16 16 2 4 8 12 5 7 7 14 22 1 2 32 6 15 23 9 10 29 1 12 9 2 16 25 13 3.36768017929769181 17 12 11 2 2 2 1 7 14 15 4 17 30 1 6 3 9 18 28 13 4 24 2 12 20 8 26.5208809375762939 58.5443253708124587 
10 1 9 4 24 8 16 16 2 4 8 12 5 7 7 14 22 1 2 32 6 15 23 9 10 29 1 12 9 2 16 25 13 3.36768017929769181 17 12 11 2 2 2 1 7 14 15 4 17 30 1 6 3 9 18 28 13 4 24 2 12 20 8 23.4006369113922119 61.6781654568782898 
3.36768017929769181 19 8 10 33 10 16 16 2 4 8 12 5 7 7 14 22 1 2 32 6 15 23 9 10 29 1 12 9 2 16 25 13 3.36768017929769181 17 12 11 2 2 2 1 7 14 15 4 17 30 1 6 3 9 18 28 13 4 24 2 12 20 8 24.5957229137420654 60.3334734030570132 
3.36768017929769181 4 11 10 26 8 16 16 2 4 8 12 5 7 7 14 22 1 2 32 6 15 23 9 10 29 1 12 9 2 16 25 13 3.36768017929769181 17 12 11 2 2 2 1 7 14 15 4 17 30 1 6 3 9 18 28 13 4 24 2 12 20 8 25.8826278448104858 59.2880835378149982 
13 5.34074699537910114 3 10 33 10 16 16 2 4 8 12 5 7 7 14 22 1 2 32 6 15 23 9 6 30 6 12 9 2 16 25 13 3.36768017929769181 17 12 11 2 2 2 1 7 14 15 4 17 30 1 6 3 9 14 26 7 4 24 2 12 20 8 20.8179327547550201 96.202413245932533 
12 6 4 14 20 1 16 16 2 4 8 12 5 7 7 14 22 1 14 24 9 15 23 9 10 29 1 12 9 2 16 25 13 3.36768017929769181 17 12 11 2 2 2 1 7 14 15 4 17 30 1 6 3 9 14 6 12 4 24 2 12 20 8 20.3816357851028442 109.919524871748706 
16 31 2.70999124060388841 12 23 13 13 1 10 2 3 3 9.25570237641795579 26 13 3 6 7 16 5 3.84646942076222631 3 15 12 1 15 13 2 9 10 13.2195649013323386 25 12 17.8244721320812971 6 3 14 5 12 15 12 1 12 32 8 16 30 7.75241283629571765 2 3 9 14 24 8 3 25 7 2 1 1.44943743604301667 18.0188719034194946 195.572052732269412 
3 24 11 10 33 10 16 16 2 4 8 12 5 7 7 14 22 1 2 32 6 15 23 9 10 29 1 12 9 2 16 25 13 3.36768017929769181 17 12 11 2 2 2 1 7 14 15 4 17 30 1 6 3 9 18 28 13 4 24 2 12 20 8 24.2576939463615417 60.6237291611528732 
6 1 1 3 25 6 16 16 2 4 8 12 12 12 5 14 22 1 2 32 6 15 23 9 1 26 4 12 9 2 16 25 13 3.36768017929769181 17 12 11 2 2 2 1 7 14 15 4 17 30 1 6 3 9 18 28 13 4 24 2 12 20 8 20.6691447496414185 96.8056530615354092 
15 17 5 4 1 7 16 16 2 4 8 12 5 7 7 14 22 1 2 32 6 15 23 9 14 25 4 12 9 2 16 25 13 3.36768017929769181 17 12 11 2 2 2 1 7 14 15 4 17 30 1 6 3 9 1 26 3 4 24 2 12 20 8 19.8887746930122375 113.544305725145676 
1 31 8 14 30 7 5 30 13 1 24 4 14 26 2.70999124060388841 2 12 10 15 16.1354543567662532 13 4.94126535182462057 25 5 14 13 3 16 1 4 6 28 9 3 6 1 13 30 5 17 18 11 4 24 10 15 28 10 4 9 2 15 26 7 13.2195649013323386 11 5 3 12 13.151007650947605 17.4455569386482239 215.245702010407825 
3.36768017929769181 4 11 9 6 13 16 16 2 4 8 12 5 7 7 14 22 1 2 32 6 15 23 9 10 29 1 12 9 2 16 25 13 3.36768017929769181 17 12 11 2 2 2 1 7 14 15 4 17 30 1 6 3 9 18 28 13 4 24 2 12 20 8 25.4660658240318298 60.0866913022984832 
15 31 6 13 13 5 16 16 2 4 8 12 12 20 2.70999124060388841 14 22 1 2 32 6 15 23 9 14 30 7 12 9 2 16 25 13 3.36768017929769181 17 12 11 2 2 2 1 7 14 15 4 17 30 1 6 3 9 18 28 13 4 24 2 12 20 8 20.3902758955955505 101.588755872092236 
3 12 2.70999124060388841 4 9 9 14 18 7 6 30 7 2 32 2 3 24 1 4 26 4 2 20 3 13 32 10 9.25570237641795579 16 12 14 6 2 11 25 10 4.94126535182462057 18 12 16 24 4 10 23.4025356524426229 8 2 26 4 2 6 9 13 8 7 15 17 3 17.8244721320812971 30 9 18.2060847580432892 194.829440380612084 

Current Evaluation = 60000000(60000000)
Front Size = 26
14 6 9 13 9 3 16 16 2 4 8 12 5 7 7 14 22 1 2 32 6 15 23 9 10 29 1 12 9 2 16 25 13 3.36768017929769181 17 12 11 2 2 2 1 7 14 15 4 17 30 1 6 3 9 15 32 4 4 24 2 12 20 8 21.0164108276367188 85.7817177343579402 
12 19 11 3 26 8 16 16 2 4 8 12 5 7 7 14 22 1 2 32 6 15 23 9 10 29 1 12 9 2 16 25 13 3.36768017929769181 17 12 11 2 2 2 1 7 14 15 4 17 30 1 6 3 9 10 28 12 4 24 2 12 20 8 23.0763838291168213 64.7189437365778844 
3.36768017929769181 24 11 6 31 7 16 16 2 12 12 8 14 24 7 14 22 1 2 32 6 15 23 9 10 29 1 12 9 2 16 25 13 3.36768017929769181 17 12 11 2 2 2 1 7 14 15 4 17 30 1 6 3 9 10 28 12 4 24 2 12 20 8 20.926383912563324 94.0966525942007905 
4 26 12 12 15 5 16 16 2 4 8 12 5 7 7 14 22 1 2 32 6 15 23 9 10 29 1 12 9 2 16 25 13 3.36768017929769181 17 12 11 2 2 2 1 7 14 15 4 17 30 1 6 3 9 14 32 10 4 24 2 12 20 8 21.3417418003082275 81.1733212727473301 
10 31 13 12 6 11 16 16 2 4 8 12 13 25 7 14 22 1 2 32 6 15 23 9 10 29 1 12 9 2 16 25 13 3.36768017929769181 17 12 11 2 2 2 1 7 14 15 4 17 30 1 6 3 9 10 28 12 4 24 2 12 20 8 22.0949359536170959 73.8572383816169236 
3.36768017929769181 31 9 10 26 12 16 16 2 4 8 12 5 7 7 14 22 1 2 32 6 15 23 9 10 29 1 12 9 2 16 25 13 3.36768017929769181 17 12 14 32 7 2 1 7 14 15 4 17 30 1 6 3 9 10 28 12 4 24 2 12 20 8 21.8337879776954651 76.2411460077530165 
15 6 4 12 18 12 16 16 2 4 8 12 5 7 7 14 22 1 2 32 6 15 23 9 10 29 1 12 9 2 16 25 13 3.36768017929769181 17 12 11 2 2 2 1 7 14 15 4 17 30 1 6 3 9 9 32 10 4 24 2 12 20 8 21.7045717835426331 80.3625251415656692 
6 32 3 10 30 13 16 16 2 4 8 12 5 7 7 14 22 1 2 32 6 15 23 9 4 24 13 12 9 2 16 25 13 3.36768017929769181 17 12 11 2 2 2 1 7 14 15 4 17 30 1 6 3 9 10 28 12 4 24 2 12 20 8 21.3859868049621582 80.6844005756604474 
9 6 11 1 32 9 16 16 2 4 8 12 5 7 7 14 22 1 2 32 6 15 23 9 10 29 1 12 9 2 16 25 13 3.36768017929769181 17 12 11 2 2 2 1 7 14 15 4 17 30 1 6 3 9 10 28 12 4 24 2 12 20 8 22.5159699320793152 65.6785268278754586 
1 24 10 6 3 7 16 16 2 4 8 12 5 7 7 14 22 1 2 32 6 15 23 9 10 29 1 12 9 2 16 25 13 3.36768017929769181 17 12 11 2 2 2 1 7 14 15 4 17 30 1 6 3 9 10 5 11 4 24 2 12 20 8 22.0852676630020142 74.113672252253096 
10 1 9 4 24 8 16 16 2 4 8 12 5 7 7 14 22 1 2 32 6 15 23 9 10 29 1 12 9 2 16 25 13 3.36768017929769181 17 12 11 2 2 2 1 7 14 15 4 17 30 1 6 3 9 18 28 13 4 24 2 12 20 8 23.4006369113922119 61.6781654568782898 
3.36768017929769181 19 8 10 33 10 16 16 2 4 8 12 5 7 7 14 22 1 2 32 6 15 23 9 10 29 1 12 9 2 16 25 13 3.36768017929769181 17 12 11 2 2 2 1 7 14 15 4 17 30 1 6 3 9 18 28 13 4 24 2 12 20 8 24.5957229137420654 60.3334734030570132 
3.36768017929769181 4 11 10 26 8 16 16 2 4 8 12 5 7 7 14 22 1 2 32 6 15 23 9 10 29 1 12 9 2 16 25 13 3.36768017929769181 17 12 11 2 2 2 1 7 14 15 4 17 30 1 6 3 9 18 28 13 4 24 2 12 20 8 25.8826278448104858 59.2880835378149982 
13 5.34074699537910114 3 10 33 10 16 16 2 4 8 12 5 7 7 14 22 1 2 32 6 15 23 9 6 30 6 12 9 2 16 25 13 3.36768017929769181 17 12 11 2 2 2 1 7 14 15 4 17 30 1 6 3 9 14 26 7 4 24 2 12 20 8 20.8179327547550201 96.202413245932533 
3 24 11 10 33 10 16 16 2 4 8 12 5 7 7 14 22 1 2 32 6 15 23 9 10 29 1 12 9 2 16 25 13 3.36768017929769181 17 12 11 2 2 2 1 7 14 15 4 17 30 1 6 3 9 18 28 13 4 24 2 12 20 8 24.2576939463615417 60.6237291611528732 
6 1 1 3 25 6 16 16 2 4 8 12 12 12 5 14 22 1 2 32 6 15 23 9 1 26 4 12 9 2 16 25 13 3.36768017929769181 17 12 11 2 2 2 1 7 14 15 4 17 30 1 6 3 9 18 28 13 4 24 2 12 20 8 20.6691447496414185 96.8056530615354092 
15 17 5 4 1 7 16 16 2 4 8 12 5 7 7 14 22 1 2 32 6 15 23 9 14 25 4 12 9 2 16 25 13 3.36768017929769181 17 12 11 2 2 2 1 7 14 15 4 17 30 1 6 3 9 1 26 3 4 24 2 12 20 8 19.8887746930122375 113.544305725145676 
1 31 8 14 30 7 5 30 13 1 24 4 14 26 2.70999124060388841 2 12 10 15 16.1354543567662532 13 4.94126535182462057 25 5 14 13 3 16 1 4 6 28 9 3 6 1 13 30 5 17 18 11 4 24 10 15 28 10 4 9 2 15 26 7 13.2195649013323386 11 5 3 12 13.151007650947605 17.4455569386482239 215.245702010407825 
3.36768017929769181 4 11 9 6 13 16 16 2 4 8 12 5 7 7 14 22 1 2 32 6 15 23 9 10 29 1 12 9 2 16 25 13 3.36768017929769181 17 12 11 2 2 2 1 7 14 15 4 17 30 1 6 3 9 18 28 13 4 24 2 12 20 8 25.4660658240318298 60.0866913022984832 
15 31 6 13 13 5 16 16 2 4 8 12 12 20 2.70999124060388841 14 22 1 2 32 6 15 23 9 14 30 7 12 9 2 16 25 13 3.36768017929769181 17 12 11 2 2 2 1 7 14 15 4 17 30 1 6 3 9 18 28 13 4 24 2 12 20 8 20.3902758955955505 101.588755872092236 
1 24 2 4 25 4 16 16 2 4 8 12 11 14 13 9 5.34074699537910114 10 2 32 6 15 23 9 6 6 6.96245171630185755 12 9 2 16 25 13 3.36768017929769181 17 12 11 2 2 2 1 7 14 15 4 17 30 1 6 3 9 1 30 10 4 24 2 12 20 8 19.5431906580924988 116.043300634020042 
3.36768017929769181 4 11 10 33 10 16 16 2 4 8 12 5 7 7 14 22 1 2 32 6 15 23 9 10 29 1 12 9 2 16 25 13 3.36768017929769181 17 12 11 2 2 2 1 7 14 15 4 17 30 1 6 3 9 18 28 13 4 24 2 12 20 8 26.5208809375762939 58.265383736826962 
9 20 4 12 32 4 16 16 2 4 8 12 5 7 7 14 22 1 2 32 6 15 23 9 4 20 10 12 9 2 16 25 13 3.36768017929769181 17 12 8 12 10 2 1 7 14 15 4 17 30 1 6 3 9 6 20 11 4 24 2 12 20 8 19.0366156697273254 152.973983183819229 
14 26 2.70999124060388841 11 32 8 15 13 9 3 23 6 17 18 12 9.25570237641795579 30 9 14 24 7 8 12 5 4.94126535182462057 31 8 6 20 7 4 2 2 14 16 10 13.2195649013323386 18 3 4 31.8448655754823804 13 15 1 3 4 14 1 13 30 3 9 15 7.75241283629571765 1.62229798836725392 6 5 17 20 10 17.5590966939926147 205.639439188013512 
13 15 10 4 25 7 3.36768017929769181 16.1354543567662532 3.84646942076222631 13 19 6 1 20 2 13.2195649013323386 6 4 3 12 9 1 28 2 17.8244721320812971 31 9 10.3494946964094545 18 12 6 30 1 16 17 2 3 20 13 3 1 4 8 6 6 14 24 2 12 2 2 6 30 7 10 31 1.44943743604301667 16 24 2 17.9568029046058655 192.217333932828183 
9 26 7 9 1 10 16 16 2 4 8 12 5 7 7 14 22 1 2 32 6 15 23 9 13 3 7 12 9 2 16 25 13 3.36768017929769181 17 12 11 2 2 2 1 7 14 15 4 17 30 1 6 3 9 1 1 4 4 24 2 12 20 8 20.1669796705245972 103.139823527371831 

Current Evaluation = 70000000(70000000)
Front Size = 30
14 6 9 13 9 3 16 16 2 4 8 12 5 7 7 14 22 1 2 32 6 15 23 9 10 29 1 12 9 2 16 25 13 3.36768017929769181 17 12 11 2 2 2 1 7 14 15 4 17 30 1 6 3 9 15 32 4 4 24 2 12 20 8 21.0164108276367188 85.7817177343579402 
12 19 11 3 26 8 16 16 2 4 8 12 5 7 7 14 22 1 2 32 6 15 23 9 10 29 1 12 9 2 16 25 13 3.36768017929769181 17 12 11 2 2 2 1 7 14 15 4 17 30 1 6 3 9 10 28 12 4 24 2 12 20 8 23.0763838291168213 64.7189437365778844 
3.36768017929769181 24 11 6 31 7 16 16 2 12 12 8 14 24 7 14 22 1 2 32 6 15 23 9 10 29 1 12 9 2 16 25 13 3.36768017929769181 17 12 11 2 2 2 1 7 14 15 4 17 30 1 6 3 9 10 28 12 4 24 2 12 20 8 20.926383912563324 94.0966525942007905 
4 26 12 12 15 5 16 16 2 4 8 12 5 7 7 14 22 1 2 32 6 15 23 9 10 29 1 12 9 2 16 25 13 3.36768017929769181 17 12 11 2 2 2 1 7 14 15 4 17 30 1 6 3 9 14 32 10 4 24 2 12 20 8 21.3417418003082275 81.1733212727473301 
10 31 13 12 6 11 16 16 2 4 8 12 13 25 7 14 22 1 2 32 6 15 23 9 10 29 1 12 9 2 16 25 13 3.36768017929769181 17 12 11 2 2 2 1 7 14 15 4 17 30 1 6 3 9 10 28 12 4 24 2 12 20 8 22.0949359536170959 73.8572383816169236 
3.36768017929769181 31 9 10 26 12 16 16 2 4 8 12 5 7 7 14 22 1 2 32 6 15 23 9 10 29 1 12 9 2 16 25 13 3.36768017929769181 17 12 14 32 7 2 1 7 14 15 4 17 30 1 6 3 9 10 28 12 4 24 2 12 20 8 21.8337879776954651 76.2411460077530165 
15 6 4 12 18 12 16 16 2 4 8 12 5 7 7 14 22 1 2 32 6 15 23 9 10 29 1 12 9 2 16 25 13 3.36768017929769181 17 12 11 2 2 2 1 7 14 15 4 17 30 1 6 3 9 9 32 10 4 24 2 12 20 8 21.7045717835426331 80.3625251415656692 
6 32 3 10 30 13 16 16 2 4 8 12 5 7 7 14 22 1 2 32 6 15 23 9 4 24 13 12 9 2 16 25 13 3.36768017929769181 17 12 11 2 2 2 1 7 14 15 4 17 30 1 6 3 9 10 28 12 4 24 2 12 20 8 21.3859868049621582 80.6844005756604474 
9 6 11 1 32 9 16 16 2 4 8 12 5 7 7 14 22 1 2 32 6 15 23 9 10 29 1 12 9 2 16 25 13 3.36768017929769181 17 12 11 2 2 2 1 7 14 15 4 17 30 1 6 3 9 10 28 12 4 24 2 12 20 8 22.5159699320793152 65.6785268278754586 
1 24 10 6 3 7 16 16 2 4 8 12 5 7 7 14 22 1 2 32 6 15 23 9 10 29 1 12 9 2 16 25 13 3.36768017929769181 17 12 11 2 2 2 1 7 14 15 4 17 30 1 6 3 9 10 5 11 4 24 2 12 20 8 22.0852676630020142 74.113672252253096 
10 1 9 4 24 8 16 16 2 4 8 12 5 7 7 14 22 1 2 32 6 15 23 9 10 29 1 12 9 2 16 25 13 3.36768017929769181 17 12 11 2 2 2 1 7 14 15 4 17 30 1 6 3 9 18 28 13 4 24 2 12 20 8 23.4006369113922119 61.6781654568782898 
3.36768017929769181 19 8 10 33 10 16 16 2 4 8 12 5 7 7 14 22 1 2 32 6 15 23 9 10 29 1 12 9 2 16 25 13 3.36768017929769181 17 12 11 2 2 2 1 7 14 15 4 17 30 1 6 3 9 18 28 13 4 24 2 12 20 8 24.5957229137420654 60.3334734030570132 
3.36768017929769181 4 11 10 26 8 16 16 2 4 8 12 5 7 7 14 22 1 2 32 6 15 23 9 10 29 1 12 9 2 16 25 13 3.36768017929769181 17 12 11 2 2 2 1 7 14 15 4 17 30 1 6 3 9 18 28 13 4 24 2 12 20 8 25.8826278448104858 59.2880835378149982 
13 5.34074699537910114 3 10 33 10 16 16 2 4 8 12 5 7 7 14 22 1 2 32 6 15 23 9 6 30 6 12 9 2 16 25 13 3.36768017929769181 17 12 11 2 2 2 1 7 14 15 4 17 30 1 6 3 9 14 26 7 4 24 2 12 20 8 20.8179327547550201 96.202413245932533 
3 24 11 10 33 10 16 16 2 4 8 12 5 7 7 14 22 1 2 32 6 15 23 9 10 29 1 12 9 2 16 25 13 3.36768017929769181 17 12 11 2 2 2 1 7 14 15 4 17 30 1 6 3 9 18 28 13 4 24 2 12 20 8 24.2576939463615417 60.6237291611528732 
6 1 1 3 25 6 16 16 2 4 8 12 12 12 5 14 22 1 2 32 6 15 23 9 1 26 4 12 9 2 16 25 13 3.36768017929769181 17 12 11 2 2 2 1 7 14 15 4 17 30 1 6 3 9 18 28 13 4 24 2 12 20 8 20.6691447496414185 96.8056530615354092 
15 17 5 4 1 7 16 16 2 4 8 12 5 7 7 14 22 1 2 32 6 15 23 9 14 25 4 12 9 2 16 25 13 3.36768017929769181 17 12 11 2 2 2 1 7 14 15 4 17 30 1 6 3 9 1 26 3 4 24 2 12 20 8 19.8887746930122375 113.544305725145676 
1 31 8 14 30 7 5 30 13 1 24 4 14 26 2.70999124060388841 2 12 10 15 16.1354543567662532 13 4.94126535182462057 25 5 14 13 3 16 1 4 6 28 9 3 6 1 13 30 5 17 18 11 4 24 10 15 28 10 4 9 2 15 26 7 13.2195649013323386 11 5 3 12 13.151007650947605 17.4455569386482239 215.245702010407825 
3.36768017929769181 4 11 9 6 13 16 16 2 4 8 12 5 7 7 14 22 1 2 32 6 15 23 9 10 29 1 12 9 2 16 25 13 3.36768017929769181 17 12 11 2 2 2 1 7 14 15 4 17 30 1 6 3 9 18 28 13 4 24 2 12 20 8 25.4660658240318298 60.0866913022984832 
15 31 6 13 13 5 16 16 2 4 8 12 12 20 2.70999124060388841 14 22 1 2 32 6 15 23 9 14 30 7 12 9 2 16 25 13 3.36768017929769181 17 12 11 2 2 2 1 7 14 15 4 17 30 1 6 3 9 18 28 13 4 24 2 12 20 8 20.3902758955955505 101.588755872092236 
1 24 2 4 25 4 16 16 2 4 8 12 11 14 13 9 5.34074699537910114 10 2 32 6 15 23 9 6 6 6.96245171630185755 12 9 2 16 25 13 3.36768017929769181 17 12 11 2 2 2 1 7 14 15 4 17 30 1 6 3 9 1 30 10 4 24 2 12 20 8 19.5431906580924988 116.043300634020042 
3.36768017929769181 4 11 10 33 10 16 16 2 4 8 12 5 7 7 14 22 1 2 32 6 15 23 9 10 29 1 12 9 2 16 25 13 3.36768017929769181 17 12 11 2 2 2 1 7 14 15 4 17 30 1 6 3 9 18 28 13 4 24 2 12 20 8 26.5208809375762939 58.265383736826962 
9 20 4 12 32 4 16 16 2 4 8 12 5 7 7 14 22 1 2 32 6 15 23 9 4 20 10 12 9 2 16 25 13 3.36768017929769181 17 12 8 12 10 2 1 7 14 15 4 17 30 1 6 3 9 6 20 11 4 24 2 12 20 8 19.0366156697273254 152.973983183819229 
14 26 2.70999124060388841 11 32 8 15 13 9 3 23 6 17 18 12 9.25570237641795579 30 9 14 24 7 8 12 5 4.94126535182462057 31 8 6 20 7 4 2 2 14 16 10 13.2195649013323386 18 3 4 31.8448655754823804 13 15 1 3 4 14 1 13 30 3 9 15 7.75241283629571765 1.62229798836725392 6 5 17 20 10 17.5590966939926147 205.639439188013512 
13 15 10 4 25 7 3.36768017929769181 16.1354543567662532 3.84646942076222631 13 19 6 1 20 2 13.2195649013323386 6 4 3 12 9 1 28 2 17.8244721320812971 31 9 10.3494946964094545 18 12 6 30 1 16 17 2 3 20 13 3 1 4 8 6 6 14 24 2 12 2 2 6 30 7 10 31 1.44943743604301667 16 24 2 17.9568029046058655 192.217333932828183 
9 26 7 9 1 10 16 16 2 4 8 12 5 7 7 14 22 1 2 32 6 15 23 9 13 3 7 12 9 2 16 25 13 3.36768017929769181 17 12 11 2 2 2 1 7 14 15 4 17 30 1 6 3 9 1 1 4 4 24 2 12 20 8 20.1669796705245972 103.139823527371831 
3.36768017929769181 4 11 10 33 10 16 16 2 4 8 12 6 20 5 14 22 1 2 32 6 15 23 9 10 29 1 12 9 2 16 25 13 3.36768017929769181 17 12 11 2 2 2 1 7 14 15 4 17 30 1 6 3 9 18 28 13 4 24 2 12 20 8 25.4961819648742676 59.690930192899657 
6 19 2.70999124060388841 4 25 12 9 6 11 14 5 6.96245171630185755 14 1 5 8 30 5 14 20 3 12 20 1 9 6 1 2 32 8 1 16 7 10 24 7 15 15 5 4.94126535182462057 16 9.82524131762891173 13 26 1 17.8244721320812971 20 5 16 32 1 4 6 12 2 32 2 13 32 6 17.2975487112998962 219.536874905377744 
14 22 2 4 30 4 16 26 2 16 31 11 6 30 7 13 5.34074699537910114 4 14 26 5 12 28 3 2 18 6.96245171630185755 1 15 9 13 8.22565314501180467 1 11 23 9 4 5 11 2 3 12 1 24 10 6 19 9 16 2 1 14 6 1 8 24 13 15 31 8 18.7000168561935425 190.633257883821045 
9 26 12 10 33 10 16 16 2 4 8 12 5 7 7 14 22 1 2 32 6 15 23 9 10 29 1 12 9 2 16 25 13 3.36768017929769181 17 12 11 2 2 2 1 7 14 15 4 17 30 1 6 3 9 14 6 4 4 24 2 12 20 8 22.512460857629776 73.5962700719815928 

Current Evaluation = 80000000(80000000)
Front Size = 31
14 6 9 13 9 3 16 16 2 4 8 12 5 7 7 14 22 1 2 32 6 15 23 9 10 29 1 12 9 2 16 25 13 3.36768017929769181 17 12 11 2 2 2 1 7 14 15 4 17 30 1 6 3 9 15 32 4 4 24 2 12 20 8 21.0164108276367188 85.7817177343579402 
12 19 11 3 26 8 16 16 2 4 8 12 5 7 7 14 22 1 2 32 6 15 23 9 10 29 1 12 9 2 16 25 13 3.36768017929769181 17 12 11 2 2 2 1 7 14 15 4 17 30 1 6 3 9 10 28 12 4 24 2 12 20 8 23.0763838291168213 64.7189437365778844 
3.36768017929769181 24 11 6 31 7 16 16 2 12 12 8 14 24 7 14 22 1 2 32 6 15 23 9 10 29 1 12 9 2 16 25 13 3.36768017929769181 17 12 11 2 2 2 1 7 14 15 4 17 30 1 6 3 9 10 28 12 4 24 2 12 20 8 20.926383912563324 94.0966525942007905 
4 26 12 12 15 5 16 16 2 4 8 12 5 7 7 14 22 1 2 32 6 15 23 9 10 29 1 12 9 2 16 25 13 3.36768017929769181 17 12 11 2 2 2 1 7 14 15 4 17 30 1 6 3 9 14 32 10 4 24 2 12 20 8 21.3417418003082275 81.1733212727473301 
10 31 13 12 6 11 16 16 2 4 8 12 13 25 7 14 22 1 2 32 6 15 23 9 10 29 1 12 9 2 16 25 13 3.36768017929769181 17 12 11 2 2 2 1 7 14 15 4 17 30 1 6 3 9 10 28 12 4 24 2 12 20 8 22.0949359536170959 73.8572383816169236 
3.36768017929769181 31 9 10 26 12 16 16 2 4 8 12 5 7 7 14 22 1 2 32 6 15 23 9 10 29 1 12 9 2 16 25 13 3.36768017929769181 17 12 14 32 7 2 1 7 14 15 4 17 30 1 6 3 9 10 28 12 4 24 2 12 20 8 21.8337879776954651 76.2411460077530165 
15 6 4 12 18 12 16 16 2 4 8 12 5 7 7 14 22 1 2 32 6 15 23 9 10 29 1 12 9 2 16 25 13 3.36768017929769181 17 12 11 2 2 2 1 7 14 15 4 17 30 1 6 3 9 9 32 10 4 24 2 12 20 8 21.7045717835426331 80.3625251415656692 
6 32 3 10 30 13 16 16 2 4 8 12 5 7 7 14 22 1 2 32 6 15 23 9 4 24 13 12 9 2 16 25 13 3.36768017929769181 17 12 11 2 2 2 1 7 14 15 4 17 30 1 6 3 9 10 28 12 4 24 2 12 20 8 21.3859868049621582 80.6844005756604474 
9 6 11 1 32 9 16 16 2 4 8 12 5 7 7 14 22 1 2 32 6 15 23 9 10 29 1 12 9 2 16 25 13 3.36768017929769181 17 12 11 2 2 2 1 7 14 15 4 17 30 1 6 3 9 10 28 12 4 24 2 12 20 8 22.5159699320793152 65.6785268278754586 
1 24 10 6 3 7 16 16 2 4 8 12 5 7 7 14 22 1 2 32 6 15 23 9 10 29 1 12 9 2 16 25 13 3.36768017929769181 17 12 11 2 2 2 1 7 14 15 4 17 30 1 6 3 9 10 5 11 4 24 2 12 20 8 22.0852676630020142 74.113672252253096 
10 1 9 4 24 8 16 16 2 4 8 12 5 7 7 14 22 1 2 32 6 15 23 9 10 29 1 12 9 2 16 25 13 3.36768017929769181 17 12 11 2 2 2 1 7 14 15 4 17 30 1 6 3 9 18 28 13 4 24 2 12 20 8 23.4006369113922119 61.6781654568782898 
3.36768017929769181 19 8 10 33 10 16 16 2 4 8 12 5 7 7 14 22 1 2 32 6 15 23 9 10 29 1 12 9 2 16 25 13 3.36768017929769181 17 12 11 2 2 2 1 7 14 15 4 17 30 1 6 3 9 18 28 13 4 24 2 12 20 8 24.5957229137420654 60.3334734030570132 
3.36768017929769181 4 11 10 26 8 16 16 2 4 8 12 5 7 7 14 22 1 2 32 6 15 23 9 10 29 1 12 9 2 16 25 13 3.36768017929769181 17 12 11 2 2 2 1 7 14 15 4 17 30 1 6 3 9 18 28 13 4 24 2 12 20 8 25.8826278448104858 59.2880835378149982 
3 24 11 10 33 10 16 16 2 4 8 12 5 7 7 14 22 1 2 32 6 15 23 9 10 29 1 12 9 2 16 25 13 3.36768017929769181 17 12 11 2 2 2 1 7 14 15 4 17 30 1 6 3 9 18 28 13 4 24 2 12 20 8 24.2576939463615417 60.6237291611528732 
15 17 5 4 1 7 16 16 2 4 8 12 5 7 7 14 22 1 2 32 6 15 23 9 14 25 4 12 9 2 16 25 13 3.36768017929769181 17 12 11 2 2 2 1 7 14 15 4 17 30 1 6 3 9 1 26 3 4 24 2 12 20 8 19.8887746930122375 113.544305725145676 
1 31 8 14 30 7 5 30 13 1 24 4 14 26 2.70999124060388841 2 12 10 15 16.1354543567662532 13 4.94126535182462057 25 5 14 13 3 16 1 4 6 28 9 3 6 1 13 30 5 17 18 11 4 24 10 15 28 10 4 9 2 15 26 7 13.2195649013323386 11 5 3 12 13.151007650947605 17.4455569386482239 215.245702010407825 
3.36768017929769181 4 11 9 6 13 16 16 2 4 8 12 5 7 7 14 22 1 2 32 6 15 23 9 10 29 1 12 9 2 16 25 13 3.36768017929769181 17 12 11 2 2 2 1 7 14 15 4 17 30 1 6 3 9 18 28 13 4 24 2 12 20 8 25.4660658240318298 60.0866913022984832 
15 31 6 13 13 5 16 16 2 4 8 12 12 20 2.70999124060388841 14 22 1 2 32 6 15 23 9 14 30 7 12 9 2 16 25 13 3.36768017929769181 17 12 11 2 2 2 1 7 14 15 4 17 30 1 6 3 9 18 28 13 4 24 2 12 20 8 20.3902758955955505 101.588755872092236 
1 24 2 4 25 4 16 16 2 4 8 12 11 14 13 9 5.34074699537910114 10 2 32 6 15 23 9 6 6 6.96245171630185755 12 9 2 16 25 13 3.36768017929769181 17 12 11 2 2 2 1 7 14 15 4 17 30 1 6 3 9 1 30 10 4 24 2 12 20 8 19.5431906580924988 116.043300634020042 
3.36768017929769181 4 11 10 33 10 16 16 2 4 8 12 5 7 7 14 22 1 2 32 6 15 23 9 10 29 1 12 9 2 16 25 13 3.36768017929769181 17 12 11 2 2 2 1 7 14 15 4 17 30 1 6 3 9 18 28 13 4 24 2 12 20 8 26.5208809375762939 58.265383736826962 
9 20 4 12 32 4 16 16 2 4 8 12 5 7 7 14 22 1 2 32 6 15 23 9 4 20 10 12 9 2 16 25 13 3.36768017929769181 17 12 8 12 10 2 1 7 14 15 4 17 30 1 6 3 9 6 20 11 4 24 2 12 20 8 19.0366156697273254 152.973983183819229 
14 26 2.70999124060388841 11 32 8 15 13 9 3 23 6 17 18 12 9.25570237641795579 30 9 14 24 7 8 12 5 4.94126535182462057 31 8 6 20 7 4 2 2 14 16 10 13.2195649013323386 18 3 4 31.8448655754823804 13 15 1 3 4 14 1 13 30 3 9 15 7.75241283629571765 1.62229798836725392 6 5 17 20 10 17.5590966939926147 205.639439188013512 
13 15 10 4 25 7 3.36768017929769181 16.1354543567662532 3.84646942076222631 13 19 6 1 20 2 13.2195649013323386 6 4 3 12 9 1 28 2 17.8244721320812971 31 9 10.3494946964094545 18 12 6 30 1 16 17 2 3 20 13 3 1 4 8 6 6 14 24 2 12 2 2 6 30 7 10 31 1.44943743604301667 16 24 2 17.9568029046058655 192.217333932828183 
9 26 7 9 1 10 16 16 2 4 8 12 5 7 7 14 22 1 2 32 6 15 23 9 13 3 7 12 9 2 16 25 13 3.36768017929769181 17 12 11 2 2 2 1 7 14 15 4 17 30 1 6 3 9 1 1 4 4 24 2 12 20 8 20.1669796705245972 103.139823527371831 
3.36768017929769181 4 11 10 33 10 16 16 2 4 8 12 6 20 5 14 22 1 2 32 6 15 23 9 10 29 1 12 9 2 16 25 13 3.36768017929769181 17 12 11 2 2 2 1 7 14 15 4 17 30 1 6 3 9 18 28 13 4 24 2 12 20 8 25.4961819648742676 59.690930192899657 
6 19 2.70999124060388841 4 25 12 9 6 11 14 5 6.96245171630185755 14 1 5 8 30 5 14 20 3 12 20 1 9 6 1 2 32 8 1 16 7 10 24 7 15 15 5 4.94126535182462057 16 9.82524131762891173 13 26 1 17.8244721320812971 20 5 16 32 1 4 6 12 2 32 2 13 32 6 17.2975487112998962 219.536874905377744 
14 22 2 4 30 4 16 26 2 16 31 11 6 30 7 13 5.34074699537910114 4 14 26 5 12 28 3 2 18 6.96245171630185755 1 15 9 13 8.22565314501180467 1 11 23 9 4 5 11 2 3 12 1 24 10 6 19 9 16 2 1 14 6 1 8 24 13 15 31 8 18.7000168561935425 190.633257883821045 
9 26 12 10 33 10 16 16 2 4 8 12 5 7 7 14 22 1 2 32 6 15 23 9 10 29 1 12 9 2 16 25 13 3.36768017929769181 17 12 11 2 2 2 1 7 14 15 4 17 30 1 6 3 9 14 6 4 4 24 2 12 20 8 22.512460857629776 73.5962700719815928 
12 30 9 14 12 4 16 16 2 4 8 12 5 7 7 14 22 1 2 32 6 15 23 9 3 26 13 12 9 2 16 25 13 3.36768017929769181 17 12 11 2 2 2 1 7 14 15 4 17 30 1 6 3 9 12 15 7 4 24 2 12 20 8 19.6138557195663452 115.674306739012607 
12 23 13 13 20 13 16 16 2 4 8 12 3 25 13 14 22 1 2 32 6 15 23 9 14 24 3 12 9 2 16 25 13 3.36768017929769181 17 12 11 2 2 2 1 7 14 15 4 17 30 1 6 3 9 18 28 13 4 24 2 12 20 8 20.9973428249359131 93.2740052311789469 
13 24 6 10 33 10 16 16 2 4 8 12 15 6 3 14 22 1 2 32 6 15 23 9 9 19 3 12 9 2 16 25 13 3.36768017929769181 17 12 11 2 2 2 1 7 14 15 4 17 30 1 6 3 9 1 26 6 4 24 2 12 20 8 20.6172247529029846 94.2864837268075036 

Current Evaluation = 90000000(90000000)
Front Size = 34
14 6 9 13 9 3 16 16 2 4 8 12 5 7 7 14 22 1 2 32 6 15 23 9 10 29 1 12 9 2 16 25 13 3.36768017929769181 17 12 11 2 2 2 1 7 14 15 4 17 30 1 6 3 9 15 32 4 4 24 2 12 20 8 21.0164108276367188 85.7817177343579402 
12 19 11 3 26 8 16 16 2 4 8 12 5 7 7 14 22 1 2 32 6 15 23 9 10 29 1 12 9 2 16 25 13 3.36768017929769181 17 12 11 2 2 2 1 7 14 15 4 17 30 1 6 3 9 10 28 12 4 24 2 12 20 8 23.0763838291168213 64.7189437365778844 
3.36768017929769181 24 11 6 31 7 16 16 2 12 12 8 14 24 7 14 22 1 2 32 6 15 23 9 10 29 1 12 9 2 16 25 13 3.36768017929769181 17 12 11 2 2 2 1 7 14 15 4 17 30 1 6 3 9 10 28 12 4 24 2 12 20 8 20.926383912563324 94.0966525942007905 
4 26 12 12 15 5 16 16 2 4 8 12 5 7 7 14 22 1 2 32 6 15 23 9 10 29 1 12 9 2 16 25 13 3.36768017929769181 17 12 11 2 2 2 1 7 14 15 4 17 30 1 6 3 9 14 32 10 4 24 2 12 20 8 21.3417418003082275 81.1733212727473301 
10 31 13 12 6 11 16 16 2 4 8 12 13 25 7 14 22 1 2 32 6 15 23 9 10 29 1 12 9 2 16 25 13 3.36768017929769181 17 12 11 2 2 2 1 7 14 15 4 17 30 1 6 3 9 10 28 12 4 24 2 12 20 8 22.0949359536170959 73.8572383816169236 
3.36768017929769181 31 9 10 26 12 16 16 2 4 8 12 5 7 7 14 22 1 2 32 6 15 23 9 10 29 1 12 9 2 16 25 13 3.36768017929769181 17 12 14 32 7 2 1 7 14 15 4 17 30 1 6 3 9 10 28 12 4 24 2 12 20 8 21.8337879776954651 76.2411460077530165 
15 6 4 12 18 12 16 16 2 4 8 12 5 7 7 14 22 1 2 32 6 15 23 9 10 29 1 12 9 2 16 25 13 3.36768017929769181 17 12 11 2 2 2 1 7 14 15 4 17 30 1 6 3 9 9 32 10 4 24 2 12 20 8 21.7045717835426331 80.3625251415656692 
6 32 3 10 30 13 16 16 2 4 8 12 5 7 7 14 22 1 2 32 6 15 23 9 4 24 13 12 9 2 16 25 13 3.36768017929769181 17 12 11 2 2 2 1 7 14 15 4 17 30 1 6 3 9 10 28 12 4 24 2 12 20 8 21.3859868049621582 80.6844005756604474 
9 6 11 1 32 9 16 16 2 4 8 12 5 7 7 14 22 1 2 32 6 15 23 9 10 29 1 12 9 2 16 25 13 3.36768017929769181 17 12 11 2 2 2 1 7 14 15 4 17 30 1 6 3 9 10 28 12 4 24 2 12 20 8 22.5159699320793152 65.6785268278754586 
1 24 10 6 3 7 16 16 2 4 8 12 5 7 7 14 22 1 2 32 6 15 23 9 10 29 1 12 9 2 16 25 13 3.36768017929769181 17 12 11 2 2 2 1 7 14 15 4 17 30 1 6 3 9 10 5 11 4 24 2 12 20 8 22.0852676630020142 74.113672252253096 
10 1 9 4 24 8 16 16 2 4 8 12 5 7 7 14 22 1 2 32 6 15 23 9 10 29 1 12 9 2 16 25 13 3.36768017929769181 17 12 11 2 2 2 1 7 14 15 4 17 30 1 6 3 9 18 28 13 4 24 2 12 20 8 23.4006369113922119 61.6781654568782898 
3.36768017929769181 19 8 10 33 10 16 16 2 4 8 12 5 7 7 14 22 1 2 32 6 15 23 9 10 29 1 12 9 2 16 25 13 3.36768017929769181 17 12 11 2 2 2 1 7 14 15 4 17 30 1 6 3 9 18 28 13 4 24 2 12 20 8 24.5957229137420654 60.3334734030570132 
3.36768017929769181 4 11 10 26 8 16 16 2 4 8 12 5 7 7 14 22 1 2 32 6 15 23 9 10 29 1 12 9 2 16 25 13 3.36768017929769181 17 12 11 2 2 2 1 7 14 15 4 17 30 1 6 3 9 18 28 13 4 24 2 12 20 8 25.8826278448104858 59.2880835378149982 
3 24 11 10 33 10 16 16 2 4 8 12 5 7 7 14 22 1 2 32 6 15 23 9 10 29 1 12 9 2 16 25 13 3.36768017929769181 17 12 11 2 2 2 1 7 14 15 4 17 30 1 6 3 9 18 28 13 4 24 2 12 20 8 24.2576939463615417 60.6237291611528732 
15 17 5 4 1 7 16 16 2 4 8 12 5 7 7 14 22 1 2 32 6 15 23 9 14 25 4 12 9 2 16 25 13 3.36768017929769181 17 12 11 2 2 2 1 7 14 15 4 17 30 1 6 3 9 1 26 3 4 24 2 12 20 8 19.8887746930122375 113.544305725145676 
1 31 8 14 30 7 5 30 13 1 24 4 14 26 2.70999124060388841 2 12 10 15 16.1354543567662532 13 4.94126535182462057 25 5 14 13 3 16 1 4 6 28 9 3 6 1 13 30 5 17 18 11 4 24 10 15 28 10 4 9 2 15 26 7 13.2195649013323386 11 5 3 12 13.151007650947605 17.4455569386482239 215.245702010407825 
3.36768017929769181 4 11 9 6 13 16 16 2 4 8 12 5 7 7 14 22 1 2 32 6 15 23 9 10 29 1 12 9 2 16 25 13 3.36768017929769181 17 12 11 2 2 2 1 7 14 15 4 17 30 1 6 3 9 18 28 13 4 24 2 12 20 8 25.4660658240318298 60.0866913022984832 
15 31 6 13 13 5 16 16 2 4 8 12 12 20 2.70999124060388841 14 22 1 2 32 6 15 23 9 14 30 7 12 9 2 16 25 13 3.36768017929769181 17 12 11 2 2 2 1 7 14 15 4 17 30 1 6 3 9 18 28 13 4 24 2 12 20 8 20.3902758955955505 101.588755872092236 
1 24 2 4 25 4 16 16 2 4 8 12 11 14 13 9 5.34074699537910114 10 2 32 6 15 23 9 6 6 6.96245171630185755 12 9 2 16 25 13 3.36768017929769181 17 12 11 2 2 2 1 7 14 15 4 17 30 1 6 3 9 1 30 10 4 24 2 12 20 8 19.5431906580924988 116.043300634020042 
9 20 4 12 32 4 16 16 2 4 8 12 5 7 7 14 22 1 2 32 6 15 23 9 4 20 10 12 9 2 16 25 13 3.36768017929769181 17 12 8 12 10 2 1 7 14 15 4 17 30 1 6 3 9 6 20 11 4 24 2 12 20 8 19.0366156697273254 152.973983183819229 
14 26 2.70999124060388841 11 32 8 15 13 9 3 23 6 17 18 12 9.25570237641795579 30 9 14 24 7 8 12 5 4.94126535182462057 31 8 6 20 7 4 2 2 14 16 10 13.2195649013323386 18 3 4 31.8448655754823804 13 15 1 3 4 14 1 13 30 3 9 15 7.75241283629571765 1.62229798836725392 6 5 17 20 10 17.5590966939926147 205.639439188013512 
13 15 10 4 25 7 3.36768017929769181 16.1354543567662532 3.84646942076222631 13 19 6 1 20 2 13.2195649013323386 6 4 3 12 9 1 28 2 17.8244721320812971 31 9 10.3494946964094545 18 12 6 30 1 16 17 2 3 20 13 3 1 4 8 6 6 14 24 2 12 2 2 6 30 7 10 31 1.44943743604301667 16 24 2 17.9568029046058655 192.217333932828183 
9 26 7 9 1 10 16 16 2 4 8 12 5 7 7 14 22 1 2 32 6 15 23 9 13 3 7 12 9 2 16 25 13 3.36768017929769181 17 12 11 2 2 2 1 7 14 15 4 17 30 1 6 3 9 1 1 4 4 24 2 12 20 8 20.1669796705245972 103.139823527371831 
3.36768017929769181 4 11 10 33 10 16 16 2 4 8 12 6 20 5 14 22 1 2 32 6 15 23 9 10 29 1 12 9 2 16 25 13 3.36768017929769181 17 12 11 2 2 2 1 7 14 15 4 17 30 1 6 3 9 18 28 13 4 24 2 12 20 8 25.4961819648742676 59.690930192899657 
6 19 2.70999124060388841 4 25 12 9 6 11 14 5 6.96245171630185755 14 1 5 8 30 5 14 20 3 12 20 1 9 6 1 2 32 8 1 16 7 10 24 7 15 15 5 4.94126535182462057 16 9.82524131762891173 13 26 1 17.8244721320812971 20 5 16 32 1 4 6 12 2 32 2 13 32 6 17.2975487112998962 219.536874905377744 
14 22 2 4 30 4 16 26 2 16 31 11 6 30 7 13 5.34074699537910114 4 14 26 5 12 28 3 2 18 6.96245171630185755 1 15 9 13 8.22565314501180467 1 11 23 9 4 5 11 2 3 12 1 24 10 6 19 9 16 2 1 14 6 1 8 24 13 15 31 8 18.7000168561935425 190.633257883821045 
12 30 9 14 12 4 16 16 2 4 8 12 5 7 7 14 22 1 2 32 6 15 23 9 3 26 13 12 9 2 16 25 13 3.36768017929769181 17 12 11 2 2 2 1 7 14 15 4 17 30 1 6 3 9 12 15 7 4 24 2 12 20 8 19.6138557195663452 115.674306739012607 
12 23 13 13 20 13 16 16 2 4 8 12 3 25 13 14 22 1 2 32 6 15 23 9 14 24 3 12 9 2 16 25 13 3.36768017929769181 17 12 11 2 2 2 1 7 14 15 4 17 30 1 6 3 9 18 28 13 4 24 2 12 20 8 20.9973428249359131 93.2740052311789469 
13 24 6 10 33 10 16 16 2 4 8 12 15 6 3 14 22 1 2 32 6 15 23 9 9 19 3 12 9 2 16 25 13 3.36768017929769181 17 12 11 2 2 2 1 7 14 15 4 17 30 1 6 3 9 1 26 6 4 24 2 12 20 8 20.6172247529029846 94.2864837268075036 
3.36768017929769181 22 3 9.25570237641795579 6 13 16 16 2 4 8 12 5 7 7 14 22 1 2 32 6 15 23 9 10 29 1 12 9 2 16 25 13 3.36768017929769181 17 12 11 2 2 2 1 7 14 15 4 17 30 1 6 3 9 14 6 5 4 24 2 12 20 8 21.7478687167167664 78.8366351679011359 
1 24 11 3.36768017929769181 5 11 16 16 2 4 8 12 15 1 5 14 22 1 2 32 6 15 23 9 10 29 1 12 9 2 16 25 13 3.36768017929769181 17 12 11 2 2 2 1 7 14 15 4 17 30 1 6 3 9 18 28 13 4 24 2 12 20 8 22.2844098210334778 72.921529404410137 
3.36768017929769181 4 11 10 2 2 16 16 2 4 8 12 5 7 7 14 22 1 2 32 6 15 23 9 10 29 1 12 9 2 16 25 13 3.36768017929769181 17 12 11 2 2 2 1 7 14 15 4 17 30 1 6 3 9 18 28 13 4 24 2 12 20 8 26.0654668807983398 59.0341870466151022 
14 6 4 6 1 7 16 16 2 4 8 12 5 7 7 14 22 1 2 32 6 15 23 9 10 29 1 12 9 2 16 25 13 3.36768017929769181 17 12 11 2 2 2 1 7 14 15 4 17 30 1 6 3 9 18 28 13 4 24 2 12 20 8 22.4414568245410919 72.8420089241310222 
3.36768017929769181 4 11 10 33 10 16 16 2 4 8 12 5 7 7 14 22 1 2 32 6 15 23 9 10 29 1 12 9 2 16 25 13 3.36768017929769181 17 12 11 2 2 2 1 7 14 15 4 17 30 1 6 3 9 18 28 13 4 24 2 12 20 8 26.5208809375762939 58.0003071538911001 

Current Evaluation = 100000000(100000000)
Front Size = 36
14 6 9 13 9 3 16 16 2 4 8 12 5 7 7 14 22 1 2 32 6 15 23 9 10 29 1 12 9 2 16 25 13 3.36768017929769181 17 12 11 2 2 2 1 7 14 15 4 17 30 1 6 3 9 15 32 4 4 24 2 12 20 8 21.0164108276367188 85.7817177343579402 
12 19 11 3 26 8 16 16 2 4 8 12 5 7 7 14 22 1 2 32 6 15 23 9 10 29 1 12 9 2 16 25 13 3.36768017929769181 17 12 11 2 2 2 1 7 14 15 4 17 30 1 6 3 9 10 28 12 4 24 2 12 20 8 23.0763838291168213 64.7189437365778844 
3.36768017929769181 24 11 6 31 7 16 16 2 12 12 8 14 24 7 14 22 1 2 32 6 15 23 9 10 29 1 12 9 2 16 25 13 3.36768017929769181 17 12 11 2 2 2 1 7 14 15 4 17 30 1 6 3 9 10 28 12 4 24 2 12 20 8 20.926383912563324 94.0966525942007905 
4 26 12 12 15 5 16 16 2 4 8 12 5 7 7 14 22 1 2 32 6 15 23 9 10 29 1 12 9 2 16 25 13 3.36768017929769181 17 12 11 2 2 2 1 7 14 15 4 17 30 1 6 3 9 14 32 10 4 24 2 12 20 8 21.3417418003082275 81.1733212727473301 
10 31 13 12 6 11 16 16 2 4 8 12 13 25 7 14 22 1 2 32 6 15 23 9 10 29 1 12 9 2 16 25 13 3.36768017929769181 17 12 11 2 2 2 1 7 14 15 4 17 30 1 6 3 9 10 28 12 4 24 2 12 20 8 22.0949359536170959 73.8572383816169236 
3.36768017929769181 31 9 10 26 12 16 16 2 4 8 12 5 7 7 14 22 1 2 32 6 15 23 9 10 29 1 12 9 2 16 25 13 3.36768017929769181 17 12 14 32 7 2 1 7 14 15 4 17 30 1 6 3 9 10 28 12 4 24 2 12 20 8 21.8337879776954651 76.2411460077530165 
15 6 4 12 18 12 16 16 2 4 8 12 5 7 7 14 22 1 2 32 6 15 23 9 10 29 1 12 9 2 16 25 13 3.36768017929769181 17 12 11 2 2 2 1 7 14 15 4 17 30 1 6 3 9 9 32 10 4 24 2 12 20 8 21.7045717835426331 80.3625251415656692 
6 32 3 10 30 13 16 16 2 4 8 12 5 7 7 14 22 1 2 32 6 15 23 9 4 24 13 12 9 2 16 25 13 3.36768017929769181 17 12 11 2 2 2 1 7 14 15 4 17 30 1 6 3 9 10 28 12 4 24 2 12 20 8 21.3859868049621582 80.6844005756604474 
9 6 11 1 32 9 16 16 2 4 8 12 5 7 7 14 22 1 2 32 6 15 23 9 10 29 1 12 9 2 16 25 13 3.36768017929769181 17 12 11 2 2 2 1 7 14 15 4 17 30 1 6 3 9 10 28 12 4 24 2 12 20 8 22.5159699320793152 65.6785268278754586 
1 24 10 6 3 7 16 16 2 4 8 12 5 7 7 14 22 1 2 32 6 15 23 9 10 29 1 12 9 2 16 25 13 3.36768017929769181 17 12 11 2 2 2 1 7 14 15 4 17 30 1 6 3 9 10 5 11 4 24 2 12 20 8 22.0852676630020142 74.113672252253096 
3.36768017929769181 19 8 10 33 10 16 16 2 4 8 12 5 7 7 14 22 1 2 32 6 15 23 9 10 29 1 12 9 2 16 25 13 3.36768017929769181 17 12 11 2 2 2 1 7 14 15 4 17 30 1 6 3 9 18 28 13 4 24 2 12 20 8 24.5957229137420654 60.3334734030570132 
3.36768017929769181 4 11 10 26 8 16 16 2 4 8 12 5 7 7 14 22 1 2 32 6 15 23 9 10 29 1 12 9 2 16 25 13 3.36768017929769181 17 12 11 2 2 2 1 7 14 15 4 17 30 1 6 3 9 18 28 13 4 24 2 12 20 8 25.8826278448104858 59.2880835378149982 
3 24 11 10 33 10 16 16 2 4 8 12 5 7 7 14 22 1 2 32 6 15 23 9 10 29 1 12 9 2 16 25 13 3.36768017929769181 17 12 11 2 2 2 1 7 14 15 4 17 30 1 6 3 9 18 28 13 4 24 2 12 20 8 24.2576939463615417 60.6237291611528732 
15 17 5 4 1 7 16 16 2 4 8 12 5 7 7 14 22 1 2 32 6 15 23 9 14 25 4 12 9 2 16 25 13 3.36768017929769181 17 12 11 2 2 2 1 7 14 15 4 17 30 1 6 3 9 1 26 3 4 24 2 12 20 8 19.8887746930122375 113.544305725145676 
1 31 8 14 30 7 5 30 13 1 24 4 14 26 2.70999124060388841 2 12 10 15 16.1354543567662532 13 4.94126535182462057 25 5 14 13 3 16 1 4 6 28 9 3 6 1 13 30 5 17 18 11 4 24 10 15 28 10 4 9 2 15 26 7 13.2195649013323386 11 5 3 12 13.151007650947605 17.4455569386482239 215.245702010407825 
3.36768017929769181 4 11 9 6 13 16 16 2 4 8 12 5 7 7 14 22 1 2 32 6 15 23 9 10 29 1 12 9 2 16 25 13 3.36768017929769181 17 12 11 2 2 2 1 7 14 15 4 17 30 1 6 3 9 18 28 13 4 24 2 12 20 8 25.4660658240318298 60.0866913022984832 
15 31 6 13 13 5 16 16 2 4 8 12 12 20 2.70999124060388841 14 22 1 2 32 6 15 23 9 14 30 7 12 9 2 16 25 13 3.36768017929769181 17 12 11 2 2 2 1 7 14 15 4 17 30 1 6 3 9 18 28 13 4 24 2 12 20 8 20.3902758955955505 101.588755872092236 
1 24 2 4 25 4 16 16 2 4 8 12 11 14 13 9 5.34074699537910114 10 2 32 6 15 23 9 6 6 6.96245171630185755 12 9 2 16 25 13 3.36768017929769181 17 12 11 2 2 2 1 7 14 15 4 17 30 1 6 3 9 1 30 10 4 24 2 12 20 8 19.5431906580924988 116.043300634020042 
9 20 4 12 32 4 16 16 2 4 8 12 5 7 7 14 22 1 2 32 6 15 23 9 4 20 10 12 9 2 16 25 13 3.36768017929769181 17 12 8 12 10 2 1 7 14 15 4 17 30 1 6 3 9 6 20 11 4 24 2 12 20 8 19.0366156697273254 152.973983183819229 
14 26 2.70999124060388841 11 32 8 15 13 9 3 23 6 17 18 12 9.25570237641795579 30 9 14 24 7 8 12 5 4.94126535182462057 31 8 6 20 7 4 2 2 14 16 10 13.2195649013323386 18 3 4 31.8448655754823804 13 15 1 3 4 14 1 13 30 3 9 15 7.75241283629571765 1.62229798836725392 6 5 17 20 10 17.5590966939926147 205.639439188013512 
13 15 10 4 25 7 3.36768017929769181 16.1354543567662532 3.84646942076222631 13 19 6 1 20 2 13.2195649013323386 6 4 3 12 9 1 28 2 17.8244721320812971 31 9 10.3494946964094545 18 12 6 30 1 16 17 2 3 20 13 3 1 4 8 6 6 14 24 2 12 2 2 6 30 7 10 31 1.44943743604301667 16 24 2 17.9568029046058655 192.217333932828183 
9 26 7 9 1 10 16 16 2 4 8 12 5 7 7 14 22 1 2 32 6 15 23 9 13 3 7 12 9 2 16 25 13 3.36768017929769181 17 12 11 2 2 2 1 7 14 15 4 17 30 1 6 3 9 1 1 4 4 24 2 12 20 8 20.1669796705245972 103.139823527371831 
3.36768017929769181 4 11 10 33 10 16 16 2 4 8 12 6 20 5 14 22 1 2 32 6 15 23 9 10 29 1 12 9 2 16 25 13 3.36768017929769181 17 12 11 2 2 2 1 7 14 15 4 17 30 1 6 3 9 18 28 13 4 24 2 12 20 8 25.4961819648742676 59.690930192899657 
6 19 2.70999124060388841 4 25 12 9 6 11 14 5 6.96245171630185755 14 1 5 8 30 5 14 20 3 12 20 1 9 6 1 2 32 8 1 16 7 10 24 7 15 15 5 4.94126535182462057 16 9.82524131762891173 13 26 1 17.8244721320812971 20 5 16 32 1 4 6 12 2 32 2 13 32 6 17.2975487112998962 219.536874905377744 
14 22 2 4 30 4 16 26 2 16 31 11 6 30 7 13 5.34074699537910114 4 14 26 5 12 28 3 2 18 6.96245171630185755 1 15 9 13 8.22565314501180467 1 11 23 9 4 5 11 2 3 12 1 24 10 6 19 9 16 2 1 14 6 1 8 24 13 15 31 8 18.7000168561935425 190.633257883821045 
12 30 9 14 12 4 16 16 2 4 8 12 5 7 7 14 22 1 2 32 6 15 23 9 3 26 13 12 9 2 16 25 13 3.36768017929769181 17 12 11 2 2 2 1 7 14 15 4 17 30 1 6 3 9 12 15 7 4 24 2 12 20 8 19.6138557195663452 115.674306739012607 
12 23 13 13 20 13 16 16 2 4 8 12 3 25 13 14 22 1 2 32 6 15 23 9 14 24 3 12 9 2 16 25 13 3.36768017929769181 17 12 11 2 2 2 1 7 14 15 4 17 30 1 6 3 9 18 28 13 4 24 2 12 20 8 20.9973428249359131 93.2740052311789469 
13 24 6 10 33 10 16 16 2 4 8 12 15 6 3 14 22 1 2 32 6 15 23 9 9 19 3 12 9 2 16 25 13 3.36768017929769181 17 12 11 2 2 2 1 7 14 15 4 17 30 1 6 3 9 1 26 6 4 24 2 12 20 8 20.6172247529029846 94.2864837268075036 
3.36768017929769181 22 3 9.25570237641795579 6 13 16 16 2 4 8 12 5 7 7 14 22 1 2 32 6 15 23 9 10 29 1 12 9 2 16 25 13 3.36768017929769181 17 12 11 2 2 2 1 7 14 15 4 17 30 1 6 3 9 14 6 5 4 24 2 12 20 8 21.7478687167167664 78.8366351679011359 
1 24 11 3.36768017929769181 5 11 16 16 2 4 8 12 15 1 5 14 22 1 2 32 6 15 23 9 10 29 1 12 9 2 16 25 13 3.36768017929769181 17 12 11 2 2 2 1 7 14 15 4 17 30 1 6 3 9 18 28 13 4 24 2 12 20 8 22.2844098210334778 72.921529404410137 
3.36768017929769181 4 11 10 2 2 16 16 2 4 8 12 5 7 7 14 22 1 2 32 6 15 23 9 10 29 1 12 9 2 16 25 13 3.36768017929769181 17 12 11 2 2 2 1 7 14 15 4 17 30 1 6 3 9 18 28 13 4 24 2 12 20 8 26.0654668807983398 59.0341870466151022 
14 6 4 6 1 7 16 16 2 4 8 12 5 7 7 14 22 1 2 32 6 15 23 9 10 29 1 12 9 2 16 25 13 3.36768017929769181 17 12 11 2 2 2 1 7 14 15 4 17 30 1 6 3 9 18 28 13 4 24 2 12 20 8 22.4414568245410919 72.8420089241310222 
3.36768017929769181 4 11 10 33 10 16 16 2 4 8 12 5 7 7 14 22 1 2 32 6 15 23 9 10 29 1 12 9 2 16 25 13 3.36768017929769181 17 12 11 2 2 2 1 7 14 15 4 17 30 1 6 3 9 18 28 13 4 24 2 12 20 8 26.5208809375762939 58.0003071538911001 
6 30 11 10 33 10 16 16 2 12 18 12 6 12 8 14 22 1 2 32 6 15 23 9 10 32 4 12 9 2 16 25 13 3.36768017929769181 17 12 11 2 2 2 1 7 14 15 4 17 30 1 6 3 9 14 23 9 4 24 2 12 20 8 20.396362841129303 98.7894789684146701 
9 6 10 3 24 11 16 16 2 4 8 12 5 7 7 14 22 1 2 32 6 15 23 9 10 29 1 12 9 2 16 25 13 3.36768017929769181 17 12 11 2 2 2 1 7 14 15 4 17 30 1 6 3 9 18 28 13 4 24 2 12 20 8 23.1438788771629333 61.1589015693488847 
1 13 4 17 5 11 16 23 12 14 24 9 1 26 11 1 24 3 16 1 4 13 1 7 3.36768017929769181 25 6.96245171630185755 4.94126535182462057 12 4 6 2 13 12 12 5 14 25 10 3 16 2 10 20 5 13 6 5 13 14 10 14 15 5 3 25 12 17 3 5 17.0565509796142578 265.411650361729357 

MOEA/D: Multiobjective Evolutionary Algorithm Based on Decomposition
Number of Evaluations = 100000000
Mutation Probability = 0.0500000007450580597
Population Size = 80
Neighborhood size = 32
Seed: 13

Time =  67241.8191729999962

Current Evaluation = 100000000
Front Size = 36
14 6 9 13 9 3 16 16 2 4 8 12 5 7 7 14 22 1 2 32 6 15 23 9 10 29 1 12 9 2 16 25 13 3.36768017929769181 17 12 11 2 2 2 1 7 14 15 4 17 30 1 6 3 9 15 32 4 4 24 2 12 20 8 21.0164108276367188 85.7817177343579402 
12 19 11 3 26 8 16 16 2 4 8 12 5 7 7 14 22 1 2 32 6 15 23 9 10 29 1 12 9 2 16 25 13 3.36768017929769181 17 12 11 2 2 2 1 7 14 15 4 17 30 1 6 3 9 10 28 12 4 24 2 12 20 8 23.0763838291168213 64.7189437365778844 
3.36768017929769181 24 11 6 31 7 16 16 2 12 12 8 14 24 7 14 22 1 2 32 6 15 23 9 10 29 1 12 9 2 16 25 13 3.36768017929769181 17 12 11 2 2 2 1 7 14 15 4 17 30 1 6 3 9 10 28 12 4 24 2 12 20 8 20.926383912563324 94.0966525942007905 
4 26 12 12 15 5 16 16 2 4 8 12 5 7 7 14 22 1 2 32 6 15 23 9 10 29 1 12 9 2 16 25 13 3.36768017929769181 17 12 11 2 2 2 1 7 14 15 4 17 30 1 6 3 9 14 32 10 4 24 2 12 20 8 21.3417418003082275 81.1733212727473301 
10 31 13 12 6 11 16 16 2 4 8 12 13 25 7 14 22 1 2 32 6 15 23 9 10 29 1 12 9 2 16 25 13 3.36768017929769181 17 12 11 2 2 2 1 7 14 15 4 17 30 1 6 3 9 10 28 12 4 24 2 12 20 8 22.0949359536170959 73.8572383816169236 
3.36768017929769181 31 9 10 26 12 16 16 2 4 8 12 5 7 7 14 22 1 2 32 6 15 23 9 10 29 1 12 9 2 16 25 13 3.36768017929769181 17 12 14 32 7 2 1 7 14 15 4 17 30 1 6 3 9 10 28 12 4 24 2 12 20 8 21.8337879776954651 76.2411460077530165 
15 6 4 12 18 12 16 16 2 4 8 12 5 7 7 14 22 1 2 32 6 15 23 9 10 29 1 12 9 2 16 25 13 3.36768017929769181 17 12 11 2 2 2 1 7 14 15 4 17 30 1 6 3 9 9 32 10 4 24 2 12 20 8 21.7045717835426331 80.3625251415656692 
6 32 3 10 30 13 16 16 2 4 8 12 5 7 7 14 22 1 2 32 6 15 23 9 4 24 13 12 9 2 16 25 13 3.36768017929769181 17 12 11 2 2 2 1 7 14 15 4 17 30 1 6 3 9 10 28 12 4 24 2 12 20 8 21.3859868049621582 80.6844005756604474 
9 6 11 1 32 9 16 16 2 4 8 12 5 7 7 14 22 1 2 32 6 15 23 9 10 29 1 12 9 2 16 25 13 3.36768017929769181 17 12 11 2 2 2 1 7 14 15 4 17 30 1 6 3 9 10 28 12 4 24 2 12 20 8 22.5159699320793152 65.6785268278754586 
1 24 10 6 3 7 16 16 2 4 8 12 5 7 7 14 22 1 2 32 6 15 23 9 10 29 1 12 9 2 16 25 13 3.36768017929769181 17 12 11 2 2 2 1 7 14 15 4 17 30 1 6 3 9 10 5 11 4 24 2 12 20 8 22.0852676630020142 74.113672252253096 
3.36768017929769181 19 8 10 33 10 16 16 2 4 8 12 5 7 7 14 22 1 2 32 6 15 23 9 10 29 1 12 9 2 16 25 13 3.36768017929769181 17 12 11 2 2 2 1 7 14 15 4 17 30 1 6 3 9 18 28 13 4 24 2 12 20 8 24.5957229137420654 60.3334734030570132 
3.36768017929769181 4 11 10 26 8 16 16 2 4 8 12 5 7 7 14 22 1 2 32 6 15 23 9 10 29 1 12 9 2 16 25 13 3.36768017929769181 17 12 11 2 2 2 1 7 14 15 4 17 30 1 6 3 9 18 28 13 4 24 2 12 20 8 25.8826278448104858 59.2880835378149982 
3 24 11 10 33 10 16 16 2 4 8 12 5 7 7 14 22 1 2 32 6 15 23 9 10 29 1 12 9 2 16 25 13 3.36768017929769181 17 12 11 2 2 2 1 7 14 15 4 17 30 1 6 3 9 18 28 13 4 24 2 12 20 8 24.2576939463615417 60.6237291611528732 
15 17 5 4 1 7 16 16 2 4 8 12 5 7 7 14 22 1 2 32 6 15 23 9 14 25 4 12 9 2 16 25 13 3.36768017929769181 17 12 11 2 2 2 1 7 14 15 4 17 30 1 6 3 9 1 26 3 4 24 2 12 20 8 19.8887746930122375 113.544305725145676 
1 31 8 14 30 7 5 30 13 1 24 4 14 26 2.70999124060388841 2 12 10 15 16.1354543567662532 13 4.94126535182462057 25 5 14 13 3 16 1 4 6 28 9 3 6 1 13 30 5 17 18 11 4 24 10 15 28 10 4 9 2 15 26 7 13.2195649013323386 11 5 3 12 13.151007650947605 17.4455569386482239 215.245702010407825 
3.36768017929769181 4 11 9 6 13 16 16 2 4 8 12 5 7 7 14 22 1 2 32 6 15 23 9 10 29 1 12 9 2 16 25 13 3.36768017929769181 17 12 11 2 2 2 1 7 14 15 4 17 30 1 6 3 9 18 28 13 4 24 2 12 20 8 25.4660658240318298 60.0866913022984832 
15 31 6 13 13 5 16 16 2 4 8 12 12 20 2.70999124060388841 14 22 1 2 32 6 15 23 9 14 30 7 12 9 2 16 25 13 3.36768017929769181 17 12 11 2 2 2 1 7 14 15 4 17 30 1 6 3 9 18 28 13 4 24 2 12 20 8 20.3902758955955505 101.588755872092236 
1 24 2 4 25 4 16 16 2 4 8 12 11 14 13 9 5.34074699537910114 10 2 32 6 15 23 9 6 6 6.96245171630185755 12 9 2 16 25 13 3.36768017929769181 17 12 11 2 2 2 1 7 14 15 4 17 30 1 6 3 9 1 30 10 4 24 2 12 20 8 19.5431906580924988 116.043300634020042 
9 20 4 12 32 4 16 16 2 4 8 12 5 7 7 14 22 1 2 32 6 15 23 9 4 20 10 12 9 2 16 25 13 3.36768017929769181 17 12 8 12 10 2 1 7 14 15 4 17 30 1 6 3 9 6 20 11 4 24 2 12 20 8 19.0366156697273254 152.973983183819229 
14 26 2.70999124060388841 11 32 8 15 13 9 3 23 6 17 18 12 9.25570237641795579 30 9 14 24 7 8 12 5 4.94126535182462057 31 8 6 20 7 4 2 2 14 16 10 13.2195649013323386 18 3 4 31.8448655754823804 13 15 1 3 4 14 1 13 30 3 9 15 7.75241283629571765 1.62229798836725392 6 5 17 20 10 17.5590966939926147 205.639439188013512 
13 15 10 4 25 7 3.36768017929769181 16.1354543567662532 3.84646942076222631 13 19 6 1 20 2 13.2195649013323386 6 4 3 12 9 1 28 2 17.8244721320812971 31 9 10.3494946964094545 18 12 6 30 1 16 17 2 3 20 13 3 1 4 8 6 6 14 24 2 12 2 2 6 30 7 10 31 1.44943743604301667 16 24 2 17.9568029046058655 192.217333932828183 
9 26 7 9 1 10 16 16 2 4 8 12 5 7 7 14 22 1 2 32 6 15 23 9 13 3 7 12 9 2 16 25 13 3.36768017929769181 17 12 11 2 2 2 1 7 14 15 4 17 30 1 6 3 9 1 1 4 4 24 2 12 20 8 20.1669796705245972 103.139823527371831 
3.36768017929769181 4 11 10 33 10 16 16 2 4 8 12 6 20 5 14 22 1 2 32 6 15 23 9 10 29 1 12 9 2 16 25 13 3.36768017929769181 17 12 11 2 2 2 1 7 14 15 4 17 30 1 6 3 9 18 28 13 4 24 2 12 20 8 25.4961819648742676 59.690930192899657 
6 19 2.70999124060388841 4 25 12 9 6 11 14 5 6.96245171630185755 14 1 5 8 30 5 14 20 3 12 20 1 9 6 1 2 32 8 1 16 7 10 24 7 15 15 5 4.94126535182462057 16 9.82524131762891173 13 26 1 17.8244721320812971 20 5 16 32 1 4 6 12 2 32 2 13 32 6 17.2975487112998962 219.536874905377744 
14 22 2 4 30 4 16 26 2 16 31 11 6 30 7 13 5.34074699537910114 4 14 26 5 12 28 3 2 18 6.96245171630185755 1 15 9 13 8.22565314501180467 1 11 23 9 4 5 11 2 3 12 1 24 10 6 19 9 16 2 1 14 6 1 8 24 13 15 31 8 18.7000168561935425 190.633257883821045 
12 30 9 14 12 4 16 16 2 4 8 12 5 7 7 14 22 1 2 32 6 15 23 9 3 26 13 12 9 2 16 25 13 3.36768017929769181 17 12 11 2 2 2 1 7 14 15 4 17 30 1 6 3 9 12 15 7 4 24 2 12 20 8 19.6138557195663452 115.674306739012607 
12 23 13 13 20 13 16 16 2 4 8 12 3 25 13 14 22 1 2 32 6 15 23 9 14 24 3 12 9 2 16 25 13 3.36768017929769181 17 12 11 2 2 2 1 7 14 15 4 17 30 1 6 3 9 18 28 13 4 24 2 12 20 8 20.9973428249359131 93.2740052311789469 
13 24 6 10 33 10 16 16 2 4 8 12 15 6 3 14 22 1 2 32 6 15 23 9 9 19 3 12 9 2 16 25 13 3.36768017929769181 17 12 11 2 2 2 1 7 14 15 4 17 30 1 6 3 9 1 26 6 4 24 2 12 20 8 20.6172247529029846 94.2864837268075036 
3.36768017929769181 22 3 9.25570237641795579 6 13 16 16 2 4 8 12 5 7 7 14 22 1 2 32 6 15 23 9 10 29 1 12 9 2 16 25 13 3.36768017929769181 17 12 11 2 2 2 1 7 14 15 4 17 30 1 6 3 9 14 6 5 4 24 2 12 20 8 21.7478687167167664 78.8366351679011359 
1 24 11 3.36768017929769181 5 11 16 16 2 4 8 12 15 1 5 14 22 1 2 32 6 15 23 9 10 29 1 12 9 2 16 25 13 3.36768017929769181 17 12 11 2 2 2 1 7 14 15 4 17 30 1 6 3 9 18 28 13 4 24 2 12 20 8 22.2844098210334778 72.921529404410137 
3.36768017929769181 4 11 10 2 2 16 16 2 4 8 12 5 7 7 14 22 1 2 32 6 15 23 9 10 29 1 12 9 2 16 25 13 3.36768017929769181 17 12 11 2 2 2 1 7 14 15 4 17 30 1 6 3 9 18 28 13 4 24 2 12 20 8 26.0654668807983398 59.0341870466151022 
14 6 4 6 1 7 16 16 2 4 8 12 5 7 7 14 22 1 2 32 6 15 23 9 10 29 1 12 9 2 16 25 13 3.36768017929769181 17 12 11 2 2 2 1 7 14 15 4 17 30 1 6 3 9 18 28 13 4 24 2 12 20 8 22.4414568245410919 72.8420089241310222 
3.36768017929769181 4 11 10 33 10 16 16 2 4 8 12 5 7 7 14 22 1 2 32 6 15 23 9 10 29 1 12 9 2 16 25 13 3.36768017929769181 17 12 11 2 2 2 1 7 14 15 4 17 30 1 6 3 9 18 28 13 4 24 2 12 20 8 26.5208809375762939 58.0003071538911001 
6 30 11 10 33 10 16 16 2 12 18 12 6 12 8 14 22 1 2 32 6 15 23 9 10 32 4 12 9 2 16 25 13 3.36768017929769181 17 12 11 2 2 2 1 7 14 15 4 17 30 1 6 3 9 14 23 9 4 24 2 12 20 8 20.396362841129303 98.7894789684146701 
9 6 10 3 24 11 16 16 2 4 8 12 5 7 7 14 22 1 2 32 6 15 23 9 10 29 1 12 9 2 16 25 13 3.36768017929769181 17 12 11 2 2 2 1 7 14 15 4 17 30 1 6 3 9 18 28 13 4 24 2 12 20 8 23.1438788771629333 61.1589015693488847 
1 13 4 17 5 11 16 23 12 14 24 9 1 26 11 1 24 3 16 1 4 13 1 7 3.36768017929769181 25 6.96245171630185755 4.94126535182462057 12 4 6 2 13 12 12 5 14 25 10 3 16 2 10 20 5 13 6 5 13 14 10 14 15 5 3 25 12 17 3 5 17.0565509796142578 265.411650361729357 

