Current Evaluation = 10000000(10000060)
Front Size = 43
3.36768017929769181 30 12 15 15 5 18 5 11 1 6 13 17 20 2.70999124060388841 1 32 1 11 16.1354543567662532 10 9 33 6 4 6 6 12 23 7 16 11 11 15 20 12 17 18 2 6 3 11 2 6 5 3 26 7 10 24 7 13 20 9 15 18 13 2 32 7 20.4312228560447693 125.307912507796729 
3.36768017929769181 30 12 15 15 5 6 26 10 13 32 2.70999124060388841 17 9 2 1 32 1 12 30 1 9 1 5 4 6 6 12 23 7 16 18 2 15 20 12 5 31 12 6 3 11 12 28 2 3 26 7 15 33 2 9.25570237641795579 9 9 15 18 13 5 32 12 19.8070197105407715 145.91558500010899 
3.36768017929769181 30 12 15 15 5 16 12 13 14 7 8 17 9 2 1 32 1 11 16.1354543567662532 10 9 1 5 4 6 6 12 23 7 16 18 2 15 20 12 5 31 12 6 3 11 12 28 2 3 26 7 4 29 1 14 20 2 15 18 13 5 32 12 20.987080991268158 102.783943925687623 
3 9 2 2 24 8 15 23 8 14 7 4 1 3 10 3.36768017929769181 6 6 17 11 5 18 1 13 3 16.1354543567662532 12 13 24 12 9 30 5 2 32 1 13 13 2 4.94126535182462057 6 11 14 9 9 14 16 13 6 32 9.82524131762891173 8 31 12 14 20 6 13 1 8 18.9697301387786865 187.695793011969471 
3.36768017929769181 30 12 15 15 5 18 5 11 14 1 5 17 9 2 1 32 1 11 16.1354543567662532 10 9 1 5 4 6 6 12 23 7 16 18 2 15 20 12 5 31 12 6 3 11 12 28 2 3 26 7 4 29 1 16 15 2 15 18 13 5 32 12 21.8367570638656616 91.5373910031297271 
12 14 2.70999124060388841 15 15 5 18 5 11 14 12 12 17 9 2 1 32 1 11 16.1354543567662532 10 9 1 5 4 6 6 12 23 7 16 18 2 15 20 12 5 31 12 6 3 11 12 28 2 3 26 7 17 30 6.96245171630185755 9 13 1 15 18 13 5 32 12 21.5675289630889893 102.263211003717345 
3.36768017929769181 9 9 15 15 5 1 12 2 1 5 12 17 9 2 1 32 1 11 16.1354543567662532 10 9 1 5 4 6 6 15 7 10 16 18 2 15 20 12 5 31 12 6 3 11 12 28 2 3 26 7 9 24 6.96245171630185755 4.94126535182462057 23 1 15 18 13 5 32 12 20.8209558725357056 118.564366748482982 
2 30 9 15 15 5 10 6 12 16 30 3 17 9 2 1 32 1 14 18 2.70999124060388841 9 1 5 4 6 6 12 23 7 16 18 2 15 20 12 5 31 12 6 3 11 12 28 2 3 26 7 4 29 1 3 31 4 15 18 13 5 32 12 20.1875311136245728 125.712045167571972 
3.36768017929769181 30 12 15 15 5 18 5 11 14 20 13 17 9 2 1 32 1 11 16.1354543567662532 10 9 1 5 4 6 6 12 23 7 16 18 2 15 20 12 5 31 12 6 3 11 12 28 2 3 26 7 4 29 1 14 12 6 15 18 13 5 32 12 21.5905970335006714 99.9169058385073754 
3.36768017929769181 30 12 15 15 5 18 5 11 6 2 13 17 9 2 1 32 1 11 16.1354543567662532 10 9 1 5 4 6 6 12 23 7 16 18 2 15 20 12 5 31 12 6 3 11 10 28 1 3 26 7 4 29 1 17 12 9 12 8 4 5 32 12 22.8789821863174438 84.0902953693640569 
3.36768017929769181 30 12 15 15 5 18 5 11 14 23 12 17 9 2 1 32 1 11 16.1354543567662532 10 9 1 5 4 6 6 12 23 7 16 18 2 15 20 12 5 31 12 6 3 11 10 28 1 3 26 7 12 2 9 4 24 6 12 8 4 5 32 12 22.2715210914611816 88.240444578078538 
3 19 12 15 15 5 18 5 11 14 13 9 17 9 2 1 32 1 6 15 2 9 1 5 4 6 6 12 23 7 16 18 2 15 20 12 5 31 12 6 3 11 10 28 1 3 26 7 16 24 2.70999124060388841 18 11 6 12 8 4 5 32 12 22.3797292113304138 86.2259019080040332 
3 19 12 15 15 5 1 31 7 12 12 2 17 9 2 1 32 1 11 16.1354543567662532 10 9 1 5 4 6 6 1 12 5 16 18 2 15 20 12 5 31 12 6 3 11 10 28 1 3 26 7 4 25 10 18 11 6 12 8 4 14 15 2.70999124060388841 20.9512419700622559 116.074648988592543 
15 1 5 15 25 10 2 5 9 15 32 7 13 24 13 17 24 12 4 20 9 15 26 5 3 8 7 17 11 13 17 20 2.70999124060388841 4 9 4 6 26 9 15 28 5 14 14 5 3 16.1354543567662532 12 9 3 12 2 15 1 13 1 9 15 32 2 17.8738779425621033 257.944266885996228 
3 19 12 15 15 5 18 5 11 16 22 2.70999124060388841 17 9 2 1 32 1 11 16.1354543567662532 10 9 1 5 4 6 6 12 23 7 16 18 2 15 20 12 5 31 12 6 3 11 14 16.1354543567662532 13 3 26 7 4 29 1 14 24 6 12 8 4 8 6 3 21.8002880215644836 97.5625666682054202 
3 19 12 15 15 5 16 14 13 14 18 1 17 9 2 1 32 1 11 16.1354543567662532 10 9 1 5 4 6 6 12 23 7 16 18 2 15 20 12 5 31 12 6 3 11 10 28 1 3 26 7 4 29 1 18 11 6 12 8 4 5 32 12 23.6844133734703064 72.4493446440978346 
3 19 12 15 15 5 18 5 11 15 30 4 17 9 2 1 32 1 11 16.1354543567662532 10 9 1 5 4 6 6 12 23 7 16 18 2 15 20 12 5 31 12 6 3 11 10 28 1 3 26 7 16 24 7 3.36768017929769181 14 4 12 8 4 5 32 12 21.9864951968193054 91.0047580463042038 
3 19 12 15 15 5 18 5 11 14 32 11 17 9 2 1 32 1 11 16.1354543567662532 10 9 1 5 4 6 6 12 23 7 16 18 2 15 20 12 5 31 12 6 3 11 10 28 1 3 26 7 3.36768017929769181 2 9 12 19 6.96245171630185755 4 5 9 5 32 12 22.1127011775970459 90.9631490587831735 
3 19 12 15 15 5 18 5 11 16 31 12 17 9 2 1 32 1 11 16.1354543567662532 10 9 1 5 4 6 6 12 23 7 16 18 2 15 20 12 5 31 12 6 3 11 10 28 1 3 26 7 11 2 2.70999124060388841 4 5.34074699537910114 3 12 8 4 5 32 12 23.2062201499938965 76.8658598845223509 
3 19 12 15 15 5 18 5 11 16 24 13 17 9 2 1 32 1 11 16.1354543567662532 10 9 1 5 4 6 6 12 23 7 16 18 2 15 20 12 5 31 12 6 3 11 10 28 1 3 26 7 11 2 2.70999124060388841 18 11 6 12 8 4 5 32 12 24.3117032051086426 67.4319423908189464 
3 19 12 15 15 5 18 5 11 10 30 2 17 9 2 1 32 1 11 16.1354543567662532 10 9 1 5 4 6 6 12 23 7 16 18 2 15 20 12 5 31 12 6 3 11 10 28 1 3 26 7 11 2 2.70999124060388841 18 11 6 12 8 4 5 32 12 24.6464751958847046 64.7501435693316125 
3 19 12 15 15 5 18 5 11 14 3 2.70999124060388841 17 9 2 1 32 1 11 16.1354543567662532 10 9 1 5 4 6 6 12 23 7 16 18 2 15 20 12 5 31 12 6 3 11 10 28 1 3 26 7 11 2 2.70999124060388841 16 11 5 12 8 4 5 32 12 23.2945832014083862 74.328354978354966 
3 19 12 15 15 5 18 5 11 14 25 12 17 9 2 1 32 1 11 16.1354543567662532 10 9 1 5 4 6 6 12 23 7 16 18 2 15 20 12 5 31 12 6 3 11 10 28 1 3 26 7 11 2 2.70999124060388841 9 6 10 12 8 4 5 32 12 22.9062221646308899 79.8747115271191177 
3 19 12 15 15 5 18 5 11 6 30 2.70999124060388841 17 9 2 1 32 1 11 16.1354543567662532 10 9 1 5 4 6 6 12 23 7 16 18 2 15 20 12 5 31 12 6 3 11 10 28 1 3 26 7 11 2 2.70999124060388841 18 11 6 12 8 4 5 32 12 24.0878602266311646 68.7785778159703796 
3 19 12 15 15 5 18 5 11 10 2 2.70999124060388841 17 9 2 1 32 1 11 16.1354543567662532 10 9 1 5 4 6 6 12 23 7 16 18 2 15 20 12 2 33 12 6 3 11 10 28 1 3 26 7 11 2 2.70999124060388841 18 11 6 12 8 4 5 32 12 25.4459092617034912 60.488893804860453 
3 19 12 15 15 5 18 5 11 16 6 12 17 9 2 1 32 1 11 16.1354543567662532 10 9 1 5 4 6 6 12 23 7 16 18 2 15 20 12 2 30 13 6 3 11 10 28 1 3 26 7 11 2 2.70999124060388841 18 11 6 12 8 4 5 32 12 23.8106321096420288 70.0067130711466774 
3 19 12 15 15 5 18 5 11 10 31 2.70999124060388841 17 9 2 1 32 1 11 16.1354543567662532 10 9 1 5 4 6 6 12 23 7 16 18 2 15 20 12 2 33 12 6 3 11 10 28 1 3 26 7 11 2 2.70999124060388841 18 11 6 12 8 4 5 32 12 25.1470671892166138 61.2351650738544819 
3 19 12 15 15 5 18 5 11 14 20 1 17 9 2 1 32 1 11 16.1354543567662532 10 9 1 5 4 6 6 12 31 5 16 18 2 15 20 12 2 33 12 6 3 11 10 28 1 3 26 7 11 2 2.70999124060388841 16 12 5 12 8 4 5 32 12 22.735383152961731 84.2622591009993869 
3 19 12 15 15 5 18 5 11 2 30 8 17 9 2 1 32 1 11 16.1354543567662532 10 9 1 5 4 6 6 12 23 7 16 18 2 15 20 12 14 22 13 6 3 11 10 28 1 3 26 7 11 2 2.70999124060388841 18 11 6 12 8 4 5 32 12 24.0487510561943054 69.1311448918570903 
13 9 1 15 24 2.70999124060388841 2 23 7 14 25 2 2 7 4 17 16 9 6 1 13 12 26 11 7 30 5 1 24 6 16 3 1 4 12 2 12 15 11 9.25570237641795579 25 9 17 32 2 1 8 4 14 1 13 3 30 3 8 2 9 1 31 5 18.9180168509483337 205.142472262037472 
3 19 12 15 15 5 18 5 11 10 10 2 17 9 2 1 32 1 11 16.1354543567662532 10 9 1 5 4 6 6 12 23 7 16 18 2 15 20 12 14 15 8 6 3 11 10 28 1 3 26 7 11 2 2.70999124060388841 18 11 6 12 8 4 5 32 12 26.7806310653686523 59.3791883791748063 
3.36768017929769181 31 3 4 18 10 14 22 2 8 32 4 6 26 7 14 20 3 1 12 6 14 6 7 6 18 3 5 24 10 9 30 8 17 17 4 1 9 5 10 5 11 2 12 7 12 30 8 13 16 2 15 7 2 15 15 6.96245171630185755 8 24 10 18.1898537278175354 217.888854829381131 
3 19 12 15 15 5 18 5 11 16 2 2 17 9 2 1 32 1 11 16.1354543567662532 10 9 1 5 4 6 6 12 23 7 16 18 2 15 20 12 2 33 12 6 3 11 10 28 1 3 26 7 11 2 2.70999124060388841 18 11 6 12 8 4 5 32 12 24.9799392223358154 62.6306756223177032 
3 19 12 15 15 5 18 5 11 10 10 2 17 9 2 1 32 1 11 16.1354543567662532 10 9 1 5 4 6 6 12 23 7 16 18 2 15 20 12 2 33 12 6 3 11 10 28 1 3 26 7 11 2 2.70999124060388841 18 11 6 12 8 4 5 32 12 27.8015971183776855 58.1858377448911739 
3 19 12 15 15 5 18 5 11 16 31 2 17 9 2 1 32 1 11 16.1354543567662532 10 9 1 5 4 6 6 12 23 7 16 18 2 15 20 12 2 33 12 6 3 11 10 28 1 3 26 7 11 2 2.70999124060388841 18 11 6 12 8 4 5 32 12 24.6810972690582275 63.8053705239614573 
3 19 12 15 15 5 18 5 11 14 22 2 17 9 2 1 32 1 11 16.1354543567662532 10 9 1 5 4 6 6 12 23 7 16 18 2 15 20 12 2 33 12 6 3 11 10 28 1 3 26 7 11 2 2.70999124060388841 9 12 2 12 8 4 5 32 12 23.6571700572967529 73.9832259176497189 
1 30 8 17 26 7 3 31 3 4 19 2.70999124060388841 9 32 12 4 14 6 10 25 3 1 25 7 12 16 6.96245171630185755 12 8.22565314501180467 13 14 9 3 13 23.4025356524426229 3 15 12 1 17 31.8448655754823804 12 6 18 7.75241283629571765 13 15 2 12 6 5 16 19 12 14 24 3 6 5 5 18.537470817565918 210.779114256029231 
3 19 12 15 15 5 18 5 11 10 10 2 17 9 2 1 32 1 11 16.1354543567662532 10 9 1 5 4 6 6 12 23 7 16 18 2 15 20 12 14 16 13 6 3 11 10 28 1 3 26 7 11 2 2.70999124060388841 18 11 6 12 8 4 5 32 12 26.9991690516471863 59.1014457771181299 
3 19 12 15 15 5 18 5 11 5 18 10 17 9 2 1 32 1 11 16.1354543567662532 10 9 1 5 4 6 6 12 23 7 16 18 2 15 20 12 14 31 12 6 3 11 10 28 1 3 26 7 11 2 2.70999124060388841 4 30 9 12 8 4 5 32 12 22.6405390501022339 85.6666171701115644 
3 19 12 15 15 5 18 5 11 14 31 2.70999124060388841 17 9 2 1 32 1 11 16.1354543567662532 10 9 1 5 4 6 6 12 23 7 16 18 2 15 20 12 2 33 12 6 3 11 10 28 1 3 26 7 11 2 2.70999124060388841 18 11 6 12 8 4 5 32 12 24.4327841997146606 65.7440133098882455 
3 19 12 15 15 5 4 20 9 14 22 2.70999124060388841 17 9 2 1 32 1 11 16.1354543567662532 10 9 1 5 4 6 6 12 23 7 16 18 2 15 20 12 2 33 12 6 3 11 12 19 6.96245171630185755 3 26 7 11 2 2.70999124060388841 15 18 12 12 8 4 5 32 12 21.6169419288635254 97.8981353440508428 
3 19 12 15 15 5 18 5 11 16 30 2 17 9 2 1 32 1 11 16.1354543567662532 10 9 1 5 4 6 6 12 23 7 16 18 2 15 20 12 2 33 12 6 3 11 10 28 1 3 26 7 11 2 2.70999124060388841 18 11 6 12 8 4 5 32 12 24.5808182954788208 64.8088008003756926 
3 19 12 15 15 5 18 5 11 10 10 2 17 9 2 1 32 1 11 16.1354543567662532 10 9 1 5 4 6 6 12 23 7 16 18 2 15 20 12 2 30 13 6 3 11 10 28 1 3 26 7 11 2 2.70999124060388841 18 11 6 12 8 4 5 32 12 26.9420480132102966 59.1383644863221747 

Current Evaluation = 20000000(20000120)
Front Size = 35
3 9 2 2 24 8 15 23 8 14 7 4 1 3 10 3.36768017929769181 6 6 17 11 5 18 1 13 3 16.1354543567662532 12 13 24 12 9 30 5 2 32 1 13 13 2 4.94126535182462057 6 11 14 9 9 14 16 13 6 32 9.82524131762891173 8 31 12 14 20 6 13 1 8 18.9697301387786865 187.695793011969471 
13 9 1 15 24 2.70999124060388841 2 23 7 14 25 2 2 7 4 17 16 9 6 1 13 12 26 11 7 30 5 1 24 6 16 3 1 4 12 2 12 15 11 9.25570237641795579 25 9 17 32 2 1 8 4 14 1 13 3 30 3 8 2 9 1 31 5 18.9180168509483337 205.142472262037472 
1 30 8 17 26 7 3 31 3 4 19 2.70999124060388841 9 32 12 4 14 6 10 25 3 1 25 7 12 16 6.96245171630185755 12 8.22565314501180467 13 14 9 3 13 23.4025356524426229 3 15 12 1 17 31.8448655754823804 12 6 18 7.75241283629571765 13 15 2 12 6 5 16 19 12 14 24 3 6 5 5 18.537470817565918 210.779114256029231 
17 5 9 3 32 11 11 26 7 2 2 13 3.36768017929769181 20 8 16 15 12 14 28 3 13 15 3 9.25570237641795579 7 9 4.94126535182462057 9 7 1 15 2 14 31 2 1 14 11 13.2195649013323386 31.8448655754823804 3 1 2 2 6 18.140740276750666 7 14 15 11 14 26 9 16 15 4 4 6 13 17.8374278843402863 218.372188922188911 
14 1 3 15 15 5 18 5 11 16 25 8 17 9 2 1 32 1 11 16.1354543567662532 10 9 1 5 4 6 6 12 23 7 16 18 2 15 20 12 1 30 13 6 3 11 10 28 1 3 26 7 11 2 2.70999124060388841 4 23 4 12 8 4 5 32 12 22.2779170274734497 75.0409157522104522 
3 19 12 15 15 5 18 5 11 6 17 12 17 9 2 1 32 1 11 16.1354543567662532 10 9 1 5 4 6 6 12 23 7 16 18 2 15 20 12 1 30 13 6 3 11 10 28 1 3 26 7 15 31 4 16 12 3 9 30 3 5 32 12 21.3838851451873779 90.8644488728146342 
3 19 12 15 15 5 18 5 11 14 20 1 17 9 2 1 32 1 11 16.1354543567662532 10 9 1 5 4 6 6 12 23 7 16 18 2 15 20 12 1 30 13 6 3 11 10 28 1 3 26 7 11 2 2.70999124060388841 16 26 2 12 8 4 5 32 12 22.1732460856437683 77.2521319042313053 
3 19 12 15 15 5 18 5 11 16 30 7 17 9 2 1 32 1 11 16.1354543567662532 10 9 1 5 4 6 6 12 23 7 16 18 2 15 20 12 1 30 13 6 3 11 10 28 1 3 26 7 11 2 2.70999124060388841 4 24 7 12 8 4 5 32 12 22.0334851741790771 80.2755733015226696 
3 19 12 15 15 5 18 5 11 14 22 2 17 9 2 1 32 1 11 16.1354543567662532 10 9 1 5 4 6 6 12 23 7 16 18 2 15 20 12 1 30 13 6 3 11 10 28 1 3 26 7 11 2 2.70999124060388841 18 11 6 12 8 4 5 32 12 23.7522060871124268 58.8274388589289785 
3 19 12 15 15 5 18 5 11 14 22 7 17 9 2 1 32 1 11 16.1354543567662532 10 9 1 5 4 6 6 12 23 7 16 18 2 15 20 12 1 30 13 6 3 11 10 28 1 3 26 7 11 2 2.70999124060388841 4 25 7 12 8 4 5 32 12 22.331773042678833 73.4934283571567448 
10 32 2 13 20 5 8 8 11 6 12 3 15 32 11 13 32 1 6 1 7 17 31 3 14 32 5 9 32 10 6 1 2.70999124060388841 14 24 6.96245171630185755 6 14 7 18 15 11 16 25 4 6 8.22565314501180467 2 17 8 4 15 26 7 1 6 4 9 18 9.82524131762891173 17.7965536713600159 246.104449194975928 
3 19 12 15 15 5 4 12 6 16 30 8 17 9 2 1 32 1 6 11 4 9 1 5 4 6 6 12 23 7 16 18 2 15 20 12 1 30 13 6 3 11 10 28 1 3 26 7 11 2 2.70999124060388841 4 16 8 12 8 4 5 32 12 20.9449890851974487 98.9211298737105125 
3 19 12 15 15 5 18 5 11 16 33 2 17 9 2 1 32 1 11 16.1354543567662532 10 9 1 5 4 6 6 12 23 7 16 18 2 15 20 12 1 30 13 6 3 11 10 28 1 3 26 7 11 2 2.70999124060388841 18 11 6 12 8 4 5 32 12 24.3794591426849365 58.6339083987193987 
3 9 4 15 15 5 14 24 8 16 5 11 17 9 2 1 32 1 11 16.1354543567662532 10 9 1 5 4 6 6 12 23 7 16 18 2 15 20 12 1 30 13 6 3 11 10 28 1 3 26 7 11 2 2.70999124060388841 18 11 6 12 8 4 5 32 12 22.3382121324539185 69.9772610700224931 
3 19 12 15 15 5 18 5 11 10 10 2 17 9 2 1 32 1 11 16.1354543567662532 10 9 1 5 4 6 6 12 23 7 16 18 2 15 20 12 1 30 13 6 3 11 10 28 1 3 26 7 11 2 2.70999124060388841 16 5 10 12 8 4 5 32 12 25.5818979740142822 58.3199373038965518 
3 19 12 15 15 5 18 5 11 14 24 8 17 9 2 1 32 1 11 16.1354543567662532 10 9 1 5 4 6 6 12 23 7 16 18 2 15 20 12 1 30 13 6 3 11 2 12 1 3 26 7 11 2 2.70999124060388841 17 1 4 12 8 4 5 32 12 21.0993120074272156 90.9135571321164093 
3 19 12 15 15 5 14 25 3 2 20 2 17 9 2 1 32 1 11 16.1354543567662532 10 9 1 5 4 6 6 12 23 7 16 18 2 15 20 12 1 30 13 6 3 11 10 28 1 3 26 7 17 24 7 18 11 6 12 8 4 5 32 12 21.4683031439781189 87.7712441431652053 
3 19 12 15 15 5 16 6 12 14 31 2 17 9 2 1 32 1 11 16.1354543567662532 10 9 1 5 4 6 6 12 23 7 16 18 2 15 20 12 1 30 13 6 3 11 10 28 1 3 26 7 11 2 2.70999124060388841 18 11 6 12 8 4 5 32 12 22.2664300799369812 76.9463145233637107 
3 19 12 15 15 5 10 24 2.70999124060388841 6 14 6.96245171630185755 17 9 2 1 32 1 11 16.1354543567662532 10 9 1 5 4 6 6 12 23 7 16 18 2 15 20 12 1 30 13 6 3 11 10 28 1 3 26 7 11 2 2.70999124060388841 18 11 6 12 8 4 5 32 12 23.1628690958023071 68.3017919888582128 
3 19 12 15 15 5 18 5 11 4 30 11 17 9 2 1 32 1 11 16.1354543567662532 10 9 1 5 4 6 6 12 23 7 16 18 2 15 20 12 1 30 13 6 3 11 4 26 6 3 26 7 11 2 2.70999124060388841 4 12 9 12 8 4 5 32 12 20.9573149681091309 98.85777816590398 
3 19 12 15 15 5 18 5 11 14 30 7 17 9 2 1 32 1 11 16.1354543567662532 10 9 1 5 4 6 6 12 23 7 16 18 2 15 20 12 1 30 13 6 3 11 10 28 1 3 26 7 4 9 9 17 12 9 12 8 4 15 22 7 20.666782021522522 99.6716337257554557 
3 19 12 15 15 5 18 5 11 14 31 2 17 9 2 1 32 1 11 16.1354543567662532 10 9 1 5 4 6 6 12 23 7 16 18 2 15 20 12 1 30 13 6 3 11 10 28 1 3 26 7 11 2 2.70999124060388841 18 11 6 12 8 4 5 32 12 23.3718761205673218 64.4809715983950582 
10 23 4 1 9 1 4 32 9 16 25 11 12 26 2 6 31 3 14 25 9 15 24 13 4 20 3 17 15 7 3.36768017929769181 9 3 6 24 10 2 25 6.96245171630185755 2 31 7 1 1 9 15 25 7 13 22 6 4 6 9 9 8 7 16 16 12 17.8769397139549255 211.403536814063102 
3 19 12 15 15 5 18 5 11 14 20 12 17 9 2 1 32 1 11 16.1354543567662532 10 9 1 5 4 6 6 12 23 7 16 18 2 15 20 12 1 30 13 6 3 11 10 28 1 3 26 7 11 2 2.70999124060388841 16 12 6 12 8 4 5 32 12 22.1287150979042053 77.7374038593955419 
3 19 12 15 15 5 18 5 11 14 30 2 17 9 2 1 32 1 11 16.1354543567662532 10 9 1 5 4 6 6 12 23 7 16 18 2 15 20 12 1 30 13 6 3 11 10 28 1 3 26 7 11 2 2.70999124060388841 18 11 6 12 8 4 5 32 12 23.2715971767902374 65.9002828493583621 
3 19 12 15 15 5 18 5 11 2 2 2 17 9 2 1 32 1 11 16.1354543567662532 10 9 1 5 4 6 6 12 23 7 16 18 2 15 20 12 1 30 13 6 3 11 10 28 1 3 26 7 11 2 2.70999124060388841 16 20 2 12 8 4 5 32 12 22.696019172668457 69.7404228209742172 
6 6 7 15 15 5 6 24 5 6 32 12 17 9 2 1 32 1 11 16.1354543567662532 10 9 1 5 4 6 6 6 6 2.70999124060388841 16 18 2 15 20 12 1 30 13 6 3 11 10 28 1 3 26 7 11 2 2.70999124060388841 1 32 12 12 8 4 5 32 12 19.7507740259170532 138.866771151553763 
3 19 12 15 15 5 18 5 11 14 31 2.70999124060388841 17 9 2 1 32 1 11 16.1354543567662532 10 9 1 5 4 6 6 12 23 7 16 18 2 15 20 12 1 30 13 6 3 11 10 28 1 3 26 7 11 2 2.70999124060388841 3 1 4 12 8 4 5 32 12 22.044761061668396 78.3194628000604638 
3 19 12 15 15 5 18 5 11 14 16 7 17 9 2 1 32 1 12 31 2.70999124060388841 9 1 5 4 6 6 12 23 7 16 18 2 15 20 12 1 30 13 6 3 11 10 28 1 3 26 7 11 2 2.70999124060388841 9.25570237641795579 5 1 12 8 4 14 22 12 21.586762011051178 82.1621717278182047 
3.36768017929769181 25 7 15 15 5 14 31 1 3 3 13 17 9 2 1 32 1 17 31 2 9 1 5 4 6 6 12 23 7 16 18 2 15 20 12 1 30 13 6 3 11 10 28 1 3 26 7 11 2 2.70999124060388841 14 20 6.96245171630185755 12 8 4 5 32 12 19.9192679524421692 104.957065717382591 
3 19 12 15 15 5 18 5 11 14 30 4 17 9 2 1 32 1 11 16.1354543567662532 10 9 1 5 4 6 6 12 23 7 16 18 2 15 20 12 1 30 13 6 3 11 10 28 1 3 26 7 11 2 2.70999124060388841 13 16 4 12 8 4 1 32 2 21.4104391038417816 90.4536263454242118 
3 19 12 15 15 5 13 26 7 14 14 3 17 9 2 1 32 1 11 16.1354543567662532 10 9 1 5 4 6 6 12 23 7 16 18 2 15 20 12 1 30 13 6 3 11 10 28 1 3 26 7 11 2 2.70999124060388841 16 26 5 12 8 4 5 32 12 21.0835000872612 92.8286405781559125 
3 19 12 15 15 5 18 5 11 14 25 9 17 9 2 1 32 1 11 16.1354543567662532 10 9 1 5 4 6 6 12 23 7 16 18 2 15 20 12 1 30 13 6 3 11 10 28 1 3 26 7 11 2 2.70999124060388841 4 24 3 12 8 4 5 32 12 21.9803521037101746 80.4776843041102694 
3 19 12 15 15 5 18 5 11 14 3 2 17 9 2 1 32 1 11 16.1354543567662532 10 9 1 5 4 6 6 12 23 7 16 18 2 15 20 12 1 30 13 6 3 11 10 28 1 3 26 7 11 2 2.70999124060388841 18 11 6 12 8 4 5 32 12 23.5901381969451904 63.0459024839458237 
3 19 12 15 15 5 18 5 11 10 10 2 17 9 2 1 32 1 11 16.1354543567662532 10 9 1 5 4 6 6 12 23 7 16 18 2 15 20 12 1 30 13 6 3 11 10 28 1 3 26 7 11 2 2.70999124060388841 18 11 6 12 8 4 5 32 12 26.7406890392303467 56.5933729711586864 

Current Evaluation = 30000000(30000040)
Front Size = 35
3 9 2 2 24 8 15 23 8 14 7 4 1 3 10 3.36768017929769181 6 6 17 11 5 18 1 13 3 16.1354543567662532 12 13 24 12 9 30 5 2 32 1 13 13 2 4.94126535182462057 6 11 14 9 9 14 16 13 6 32 9.82524131762891173 8 31 12 14 20 6 13 1 8 18.9697301387786865 187.695793011969471 
17 5 9 3 32 11 11 26 7 2 2 13 3.36768017929769181 20 8 16 15 12 14 28 3 13 15 3 9.25570237641795579 7 9 4.94126535182462057 9 7 1 15 2 14 31 2 1 14 11 13.2195649013323386 31.8448655754823804 3 1 2 2 6 18.140740276750666 7 14 15 11 14 26 9 16 15 4 4 6 13 17.8374278843402863 218.372188922188911 
14 1 3 15 15 5 18 5 11 16 25 8 17 9 2 1 32 1 11 16.1354543567662532 10 9 1 5 4 6 6 12 23 7 16 18 2 15 20 12 1 30 13 6 3 11 10 28 1 3 26 7 11 2 2.70999124060388841 4 23 4 12 8 4 5 32 12 22.2779170274734497 75.0409157522104522 
3 19 12 15 15 5 18 5 11 14 20 1 17 9 2 1 32 1 11 16.1354543567662532 10 9 1 5 4 6 6 12 23 7 16 18 2 15 20 12 1 30 13 6 3 11 10 28 1 3 26 7 11 2 2.70999124060388841 16 26 2 12 8 4 5 32 12 22.1732460856437683 77.2521319042313053 
3 19 12 15 15 5 18 5 11 14 22 2 17 9 2 1 32 1 11 16.1354543567662532 10 9 1 5 4 6 6 12 23 7 16 18 2 15 20 12 1 30 13 6 3 11 10 28 1 3 26 7 11 2 2.70999124060388841 18 11 6 12 8 4 5 32 12 23.7522060871124268 58.8274388589289785 
3 19 12 15 15 5 18 5 11 14 22 7 17 9 2 1 32 1 11 16.1354543567662532 10 9 1 5 4 6 6 12 23 7 16 18 2 15 20 12 1 30 13 6 3 11 10 28 1 3 26 7 11 2 2.70999124060388841 4 25 7 12 8 4 5 32 12 22.331773042678833 73.4934283571567448 
10 32 2 13 20 5 8 8 11 6 12 3 15 32 11 13 32 1 6 1 7 17 31 3 14 32 5 9 32 10 6 1 2.70999124060388841 14 24 6.96245171630185755 6 14 7 18 15 11 16 25 4 6 8.22565314501180467 2 17 8 4 15 26 7 1 6 4 9 18 9.82524131762891173 17.7965536713600159 246.104449194975928 
3 19 12 15 15 5 18 5 11 16 33 2 17 9 2 1 32 1 11 16.1354543567662532 10 9 1 5 4 6 6 12 23 7 16 18 2 15 20 12 1 30 13 6 3 11 10 28 1 3 26 7 11 2 2.70999124060388841 18 11 6 12 8 4 5 32 12 24.3794591426849365 58.6339083987193987 
3 9 4 15 15 5 14 24 8 16 5 11 17 9 2 1 32 1 11 16.1354543567662532 10 9 1 5 4 6 6 12 23 7 16 18 2 15 20 12 1 30 13 6 3 11 10 28 1 3 26 7 11 2 2.70999124060388841 18 11 6 12 8 4 5 32 12 22.3382121324539185 69.9772610700224931 
3 19 12 15 15 5 18 5 11 10 10 2 17 9 2 1 32 1 11 16.1354543567662532 10 9 1 5 4 6 6 12 23 7 16 18 2 15 20 12 1 30 13 6 3 11 10 28 1 3 26 7 11 2 2.70999124060388841 16 5 10 12 8 4 5 32 12 25.5818979740142822 58.3199373038965518 
3 19 12 15 15 5 16 6 12 14 31 2 17 9 2 1 32 1 11 16.1354543567662532 10 9 1 5 4 6 6 12 23 7 16 18 2 15 20 12 1 30 13 6 3 11 10 28 1 3 26 7 11 2 2.70999124060388841 18 11 6 12 8 4 5 32 12 22.2664300799369812 76.9463145233637107 
3 19 12 15 15 5 18 5 11 14 31 2 17 9 2 1 32 1 11 16.1354543567662532 10 9 1 5 4 6 6 12 23 7 16 18 2 15 20 12 1 30 13 6 3 11 10 28 1 3 26 7 11 2 2.70999124060388841 18 11 6 12 8 4 5 32 12 23.3718761205673218 64.4809715983950582 
10 23 4 1 9 1 4 32 9 16 25 11 12 26 2 6 31 3 14 25 9 15 24 13 4 20 3 17 15 7 3.36768017929769181 9 3 6 24 10 2 25 6.96245171630185755 2 31 7 1 1 9 15 25 7 13 22 6 4 6 9 9 8 7 16 16 12 17.8769397139549255 211.403536814063102 
3 19 12 15 15 5 18 5 11 14 20 12 17 9 2 1 32 1 11 16.1354543567662532 10 9 1 5 4 6 6 12 23 7 16 18 2 15 20 12 1 30 13 6 3 11 10 28 1 3 26 7 11 2 2.70999124060388841 16 12 6 12 8 4 5 32 12 22.1287150979042053 77.7374038593955419 
3 19 12 15 15 5 18 5 11 14 30 2 17 9 2 1 32 1 11 16.1354543567662532 10 9 1 5 4 6 6 12 23 7 16 18 2 15 20 12 1 30 13 6 3 11 10 28 1 3 26 7 11 2 2.70999124060388841 18 11 6 12 8 4 5 32 12 23.2715971767902374 65.9002828493583621 
6 6 7 15 15 5 6 24 5 6 32 12 17 9 2 1 32 1 11 16.1354543567662532 10 9 1 5 4 6 6 6 6 2.70999124060388841 16 18 2 15 20 12 1 30 13 6 3 11 10 28 1 3 26 7 11 2 2.70999124060388841 1 32 12 12 8 4 5 32 12 19.7507740259170532 138.866771151553763 
3 19 12 15 15 5 18 5 11 14 31 2.70999124060388841 17 9 2 1 32 1 11 16.1354543567662532 10 9 1 5 4 6 6 12 23 7 16 18 2 15 20 12 1 30 13 6 3 11 10 28 1 3 26 7 11 2 2.70999124060388841 3 1 4 12 8 4 5 32 12 22.044761061668396 78.3194628000604638 
3 19 12 15 15 5 18 5 11 14 16 7 17 9 2 1 32 1 12 31 2.70999124060388841 9 1 5 4 6 6 12 23 7 16 18 2 15 20 12 1 30 13 6 3 11 10 28 1 3 26 7 11 2 2.70999124060388841 9.25570237641795579 5 1 12 8 4 14 22 12 21.586762011051178 82.1621717278182047 
3.36768017929769181 25 7 15 15 5 14 31 1 3 3 13 17 9 2 1 32 1 17 31 2 9 1 5 4 6 6 12 23 7 16 18 2 15 20 12 1 30 13 6 3 11 10 28 1 3 26 7 11 2 2.70999124060388841 14 20 6.96245171630185755 12 8 4 5 32 12 19.9192679524421692 104.957065717382591 
3 19 12 15 15 5 18 5 11 14 30 1 17 9 2 1 32 1 11 16.1354543567662532 10 9 1 5 4 6 6 12 23 7 16 18 2 15 20 12 1 30 13 6 3 11 10 28 1 3 26 7 11 2 2.70999124060388841 9 5.34074699537910114 6.96245171630185755 12 8 4 5 32 12 22.4911190867424011 67.2499851543523022 
3 19 12 15 15 5 14 24 2.70999124060388841 6 25 13 17 9 2 1 32 1 11 16.1354543567662532 10 9 1 5 4 6 6 12 23 7 16 18 2 15 20 12 1 30 13 6 3 11 10 28 1 3 26 7 11 2 2.70999124060388841 18 11 6 12 8 4 5 32 12 22.2585451006889343 77.1051418538681617 
3 19 12 15 15 5 6 13 11 16 31 9 17 9 2 1 32 1 11 16.1354543567662532 10 9 1 5 4 6 6 12 23 7 16 18 2 15 20 12 1 30 13 6 3 11 10 28 1 3 26 7 12 12 9 4 19 2 12 8 4 5 32 12 20.6400020718574524 90.8642134063948532 
3 19 12 15 15 5 13 17 2 3 32 9 17 9 2 17 30 4 11 16.1354543567662532 10 9 1 5 4 6 6 12 23 7 16 18 2 15 20 12 1 30 13 6 3 11 12 6 7 3 26 7 1 18 6 6 6 10 12 8 4 5 32 12 18.9812459349632263 155.208455733801173 
3 19 12 15 15 5 1 25 4 6 12 11 17 9 2 1 32 1 11 16.1354543567662532 10 9 1 5 4 6 6 12 23 7 16 18 2 15 20 12 1 30 13 6 3 11 10 28 1 3 26 7 4 24 4 18 11 6 12 8 4 5 32 12 21.3574411869049072 84.3944629845558438 
3 19 12 15 15 5 18 5 11 10 10 2 17 9 2 1 32 1 11 16.1354543567662532 10 9 1 5 4 6 6 12 23 7 16 18 2 15 20 12 1 30 13 6 3 11 10 28 1 3 26 7 11 2 2.70999124060388841 18 11 6 12 8 4 5 32 12 26.7406890392303467 56.3212549750034199 
3 19 12 15 15 5 18 5 11 10 3 1 17 9 2 1 32 1 14 15 1 9 1 5 4 6 6 12 23 7 16 18 2 15 20 12 1 30 13 6 3 11 10 28 1 3 26 7 11 2 2.70999124060388841 18 11 6 12 8 4 5 32 12 23.4816062450408936 63.1954536702356506 
3 19 12 15 15 5 4 12 4 14 25 2.70999124060388841 17 9 2 1 32 1 6 15 2 9 1 5 4 6 6 12 23 7 16 18 2 15 20 12 1 30 13 6 3 11 10 28 1 3 26 7 11 2 2.70999124060388841 18 11 6 12 8 4 5 32 12 21.2836790084838867 88.1399784604213181 
3 19 12 15 15 5 18 5 11 10 10 2 17 9 2 1 32 1 11 16.1354543567662532 10 9 1 5 4 6 6 12 23 7 16 18 2 15 20 12 1 30 13 6 3 11 10 28 1 3 26 7 11 2 2.70999124060388841 18 17 3 12 8 4 5 32 12 26.7004530429840088 57.6403121190193133 
10 16 9 17 3 13 4 5.34074699537910114 7 15 6 3 14 32 1 1 24 5 12 5 3 15 30 9 5 2 13 15 31 3 9.25570237641795579 33 7 2 26 2 3 15 6 17 26 3.84646942076222631 4 32 5 1 25 9 12 24 10 14 2 9.82524131762891173 4 20 9 2 26 4 18.3861169815063477 202.653293153874529 
3 19 12 15 15 5 18 5 11 6 12 2.70999124060388841 17 9 2 1 32 1 11 16.1354543567662532 10 9 1 5 4 6 6 12 23 7 16 18 2 15 20 12 1 30 13 6 3 11 10 28 1 3 26 7 11 2 2.70999124060388841 4 6 9 12 8 4 5 32 12 22.0075741410255432 78.538940126909182 
3 19 12 15 15 5 13 25 7 14 12 2.70999124060388841 17 9 2 1 32 1 11 16.1354543567662532 10 9 1 5 4 6 6 12 23 7 16 18 2 15 20 12 1 30 13 6 3 11 10 28 1 3 26 7 11 2 2.70999124060388841 15 2 9 12 8 4 14 13 11 20.5699961185455322 100.18595156013626 
15 9 6 1 26 6 14 14 13 12 12 1 17 9 2 1 32 1 11 16.1354543567662532 10 9 1 5 4 6 6 12 23 7 16 18 2 15 20 12 1 30 13 6 3 11 14 6 9 3 26 7 11 2 2.70999124060388841 16 9 12 12 8 4 5 32 12 19.820111870765686 121.657027809569271 
3 19 12 15 15 5 18 5 11 16 30 2 17 9 2 1 32 1 11 16.1354543567662532 10 9 1 5 4 6 6 12 23 7 16 18 2 15 20 12 1 30 13 6 3 11 10 28 1 3 26 7 11 2 2.70999124060388841 14 1 2 2 12 12 5 32 12 21.7429201602935791 81.0054050758678557 
3 19 12 15 15 5 18 5 11 16 30 2 17 9 2 1 32 1 11 16.1354543567662532 10 9 1 5 4 6 6 12 23 7 16 18 2 15 20 12 1 30 13 6 3 11 10 28 1 3 26 7 11 2 2.70999124060388841 18 11 6 12 8 4 5 32 12 23.5199102163314819 61.1188406553960277 
3 19 12 15 15 5 18 5 11 14 30 1 17 9 2 1 32 1 11 16.1354543567662532 10 9 1 5 4 6 6 12 23 7 16 18 2 15 20 12 1 30 13 6 3 11 10 28 1 3 26 7 11 2 2.70999124060388841 6 12 5 12 8 4 5 32 12 21.965653121471405 79.9878493473780594 

Current Evaluation = 40000000(40000100)
Front Size = 30
3 9 2 2 24 8 15 23 8 14 7 4 1 3 10 3.36768017929769181 6 6 17 11 5 18 1 13 3 16.1354543567662532 12 13 24 12 9 30 5 2 32 1 13 13 2 4.94126535182462057 6 11 14 9 9 14 16 13 6 32 9.82524131762891173 8 31 12 14 20 6 13 1 8 18.9697301387786865 187.695793011969471 
17 5 9 3 32 11 11 26 7 2 2 13 3.36768017929769181 20 8 16 15 12 14 28 3 13 15 3 9.25570237641795579 7 9 4.94126535182462057 9 7 1 15 2 14 31 2 1 14 11 13.2195649013323386 31.8448655754823804 3 1 2 2 6 18.140740276750666 7 14 15 11 14 26 9 16 15 4 4 6 13 17.8374278843402863 218.372188922188911 
3 19 12 15 15 5 18 5 11 14 22 2 17 9 2 1 32 1 11 16.1354543567662532 10 9 1 5 4 6 6 12 23 7 16 18 2 15 20 12 1 30 13 6 3 11 10 28 1 3 26 7 11 2 2.70999124060388841 18 11 6 12 8 4 5 32 12 23.7522060871124268 58.8274388589289785 
3 19 12 15 15 5 18 5 11 14 22 7 17 9 2 1 32 1 11 16.1354543567662532 10 9 1 5 4 6 6 12 23 7 16 18 2 15 20 12 1 30 13 6 3 11 10 28 1 3 26 7 11 2 2.70999124060388841 4 25 7 12 8 4 5 32 12 22.331773042678833 73.4934283571567448 
10 32 2 13 20 5 8 8 11 6 12 3 15 32 11 13 32 1 6 1 7 17 31 3 14 32 5 9 32 10 6 1 2.70999124060388841 14 24 6.96245171630185755 6 14 7 18 15 11 16 25 4 6 8.22565314501180467 2 17 8 4 15 26 7 1 6 4 9 18 9.82524131762891173 17.7965536713600159 246.104449194975928 
3 19 12 15 15 5 18 5 11 16 33 2 17 9 2 1 32 1 11 16.1354543567662532 10 9 1 5 4 6 6 12 23 7 16 18 2 15 20 12 1 30 13 6 3 11 10 28 1 3 26 7 11 2 2.70999124060388841 18 11 6 12 8 4 5 32 12 24.3794591426849365 58.6339083987193987 
3 9 4 15 15 5 14 24 8 16 5 11 17 9 2 1 32 1 11 16.1354543567662532 10 9 1 5 4 6 6 12 23 7 16 18 2 15 20 12 1 30 13 6 3 11 10 28 1 3 26 7 11 2 2.70999124060388841 18 11 6 12 8 4 5 32 12 22.3382121324539185 69.9772610700224931 
3 19 12 15 15 5 18 5 11 10 10 2 17 9 2 1 32 1 11 16.1354543567662532 10 9 1 5 4 6 6 12 23 7 16 18 2 15 20 12 1 30 13 6 3 11 10 28 1 3 26 7 11 2 2.70999124060388841 16 5 10 12 8 4 5 32 12 25.5818979740142822 58.3199373038965518 
10 23 4 1 9 1 4 32 9 16 25 11 12 26 2 6 31 3 14 25 9 15 24 13 4 20 3 17 15 7 3.36768017929769181 9 3 6 24 10 2 25 6.96245171630185755 2 31 7 1 1 9 15 25 7 13 22 6 4 6 9 9 8 7 16 16 12 17.8769397139549255 211.403536814063102 
3.36768017929769181 25 7 15 15 5 14 31 1 3 3 13 17 9 2 1 32 1 17 31 2 9 1 5 4 6 6 12 23 7 16 18 2 15 20 12 1 30 13 6 3 11 10 28 1 3 26 7 11 2 2.70999124060388841 14 20 6.96245171630185755 12 8 4 5 32 12 19.9192679524421692 104.957065717382591 
3 19 12 15 15 5 6 13 11 16 31 9 17 9 2 1 32 1 11 16.1354543567662532 10 9 1 5 4 6 6 12 23 7 16 18 2 15 20 12 1 30 13 6 3 11 10 28 1 3 26 7 12 12 9 4 19 2 12 8 4 5 32 12 20.6400020718574524 90.8642134063948532 
3 19 12 15 15 5 13 17 2 3 32 9 17 9 2 17 30 4 11 16.1354543567662532 10 9 1 5 4 6 6 12 23 7 16 18 2 15 20 12 1 30 13 6 3 11 12 6 7 3 26 7 1 18 6 6 6 10 12 8 4 5 32 12 18.9812459349632263 155.208455733801173 
3 19 12 15 15 5 1 25 4 6 12 11 17 9 2 1 32 1 11 16.1354543567662532 10 9 1 5 4 6 6 12 23 7 16 18 2 15 20 12 1 30 13 6 3 11 10 28 1 3 26 7 4 24 4 18 11 6 12 8 4 5 32 12 21.3574411869049072 84.3944629845558438 
3 19 12 15 15 5 18 5 11 10 10 2 17 9 2 1 32 1 11 16.1354543567662532 10 9 1 5 4 6 6 12 23 7 16 18 2 15 20 12 1 30 13 6 3 11 10 28 1 3 26 7 11 2 2.70999124060388841 18 11 6 12 8 4 5 32 12 26.7406890392303467 56.3212549750034199 
3 19 12 15 15 5 4 12 4 14 25 2.70999124060388841 17 9 2 1 32 1 6 15 2 9 1 5 4 6 6 12 23 7 16 18 2 15 20 12 1 30 13 6 3 11 10 28 1 3 26 7 11 2 2.70999124060388841 18 11 6 12 8 4 5 32 12 21.2836790084838867 88.1399784604213181 
3 19 12 15 15 5 18 5 11 10 10 2 17 9 2 1 32 1 11 16.1354543567662532 10 9 1 5 4 6 6 12 23 7 16 18 2 15 20 12 1 30 13 6 3 11 10 28 1 3 26 7 11 2 2.70999124060388841 18 17 3 12 8 4 5 32 12 26.7004530429840088 57.6403121190193133 
10 16 9 17 3 13 4 5.34074699537910114 7 15 6 3 14 32 1 1 24 5 12 5 3 15 30 9 5 2 13 15 31 3 9.25570237641795579 33 7 2 26 2 3 15 6 17 26 3.84646942076222631 4 32 5 1 25 9 12 24 10 14 2 9.82524131762891173 4 20 9 2 26 4 18.3861169815063477 202.653293153874529 
3 19 12 15 15 5 13 25 7 14 12 2.70999124060388841 17 9 2 1 32 1 11 16.1354543567662532 10 9 1 5 4 6 6 12 23 7 16 18 2 15 20 12 1 30 13 6 3 11 10 28 1 3 26 7 11 2 2.70999124060388841 15 2 9 12 8 4 14 13 11 20.5699961185455322 100.18595156013626 
15 9 6 1 26 6 14 14 13 12 12 1 17 9 2 1 32 1 11 16.1354543567662532 10 9 1 5 4 6 6 12 23 7 16 18 2 15 20 12 1 30 13 6 3 11 14 6 9 3 26 7 11 2 2.70999124060388841 16 9 12 12 8 4 5 32 12 19.820111870765686 121.657027809569271 
3 19 12 15 15 5 18 5 11 14 3 2.70999124060388841 17 9 2 1 32 1 11 16.1354543567662532 10 9 1 5 4 6 6 12 23 7 16 18 2 15 20 12 1 30 13 6 3 11 10 28 1 3 26 7 11 2 2.70999124060388841 9.25570237641795579 1 2 12 8 4 5 32 12 22.4603271484375 66.4312725458236315 
14 30 12 5 1 3 13 25 6 1 1 5 13 20 9 4 24 11 3 25 13 13 25 12 10 1 13 16 6 7 3.36768017929769181 12 11 1 30 9 9.25570237641795579 6 4 2 6 11 14 2 9 14 7 6 15 19 11 4.94126535182462057 25 6 17 2 10 3 17 10 17.5134871006011963 261.504769207400841 
3 19 12 15 15 5 18 5 11 16 20 2.70999124060388841 17 9 2 1 32 1 11 16.1354543567662532 10 9 1 5 4 6 6 12 23 7 16 18 2 15 20 12 1 30 13 6 3 11 10 28 1 3 26 7 11 2 2.70999124060388841 4 24 4 12 8 4 5 32 12 22.1469162106513977 76.4381109387688156 
3 19 12 15 15 5 18 5 11 14 3 2.70999124060388841 17 9 2 1 32 1 11 16.1354543567662532 10 9 1 5 4 6 6 12 23 7 16 18 2 15 20 12 1 30 13 6 3 11 10 16.1354543567662532 1 3 26 7 11 2 2.70999124060388841 18 11 6 12 8 4 5 32 12 23.3312721252441406 63.8855129052059922 
3 19 12 15 15 5 18 5 11 14 30 3 17 9 2 1 32 1 11 16.1354543567662532 10 9 1 5 4 6 6 12 23 7 16 18 2 15 20 12 1 30 13 6 3 11 10 28 1 3 26 7 11 2 2.70999124060388841 14 22 11 12 8 4 5 32 12 22.1556151211261749 74.4570834355351678 
3 19 12 15 15 5 3.36768017929769181 8 10 14 24 1 17 9 2 1 32 1 2 9 10 9 1 5 4 6 6 12 23 7 16 18 2 15 20 12 1 30 13 6 3 11 17 13 5 3 26 7 11 2 2.70999124060388841 14 30 11 12 8 4 5 32 12 19.6729531288146973 137.117311097839064 
3 19 12 15 15 5 14 24 11 2 25 12 17 9 2 1 32 1 11 16.1354543567662532 10 9 1 5 4 6 6 12 23 7 16 18 2 15 20 12 1 30 13 6 3 11 10 28 1 3 26 7 11 2 2.70999124060388841 1 22 10 12 8 4 5 32 12 21.501004159450531 82.5441921871339872 
3 19 12 15 15 5 18 5 11 10 2 2.70999124060388841 17 9 2 1 32 1 11 16.1354543567662532 10 9 1 5 4 6 6 12 23 7 16 18 2 15 20 12 1 30 13 6 3 11 10 28 1 3 26 7 11 2 2.70999124060388841 4 17 5 12 8 4 5 32 12 23.3928561210632324 60.9311737844468908 
3 19 12 15 15 5 18 5 11 16 30 2 17 9 2 1 32 1 11 16.1354543567662532 10 9 1 5 4 6 6 12 23 7 16 18 2 15 20 12 1 30 13 6 3 11 10 28 1 3 26 7 11 2 2.70999124060388841 18 20 5 12 8 4 5 32 12 23.0256131887435913 64.2406572353730638 
3 19 12 15 15 5 14 24 8 1 13 3 17 9 2 1 32 1 11 16.1354543567662532 10 9 1 5 4 6 6 12 23 7 16 18 2 15 20 12 1 30 13 6 3 11 10 28 1 3 26 7 11 2 2.70999124060388841 3 14 5 12 8 4 5 32 12 21.5660051107406616 80.6690067492089753 
3 19 12 15 15 5 18 5 11 14 12 1 17 9 2 1 32 1 11 16.1354543567662532 10 9 1 5 4 6 6 12 23 7 16 18 2 15 20 12 1 30 13 6 3 11 10 28 1 3 26 7 11 2 2.70999124060388841 14 6 5 12 8 4 5 32 12 21.8453620672225952 76.5537390541427953 

Current Evaluation = 50000000(50000020)
Front Size = 38
3 9 2 2 24 8 15 23 8 14 7 4 1 3 10 3.36768017929769181 6 6 17 11 5 18 1 13 3 16.1354543567662532 12 13 24 12 9 30 5 2 32 1 13 13 2 4.94126535182462057 6 11 14 9 9 14 16 13 6 32 9.82524131762891173 8 31 12 14 20 6 13 1 8 18.9697301387786865 187.695793011969471 
17 5 9 3 32 11 11 26 7 2 2 13 3.36768017929769181 20 8 16 15 12 14 28 3 13 15 3 9.25570237641795579 7 9 4.94126535182462057 9 7 1 15 2 14 31 2 1 14 11 13.2195649013323386 31.8448655754823804 3 1 2 2 6 18.140740276750666 7 14 15 11 14 26 9 16 15 4 4 6 13 17.8374278843402863 218.372188922188911 
3 19 12 15 15 5 18 5 11 14 22 2 17 9 2 1 32 1 11 16.1354543567662532 10 9 1 5 4 6 6 12 23 7 16 18 2 15 20 12 1 30 13 6 3 11 10 28 1 3 26 7 11 2 2.70999124060388841 18 11 6 12 8 4 5 32 12 23.7522060871124268 58.8274388589289785 
3 19 12 15 15 5 18 5 11 14 22 7 17 9 2 1 32 1 11 16.1354543567662532 10 9 1 5 4 6 6 12 23 7 16 18 2 15 20 12 1 30 13 6 3 11 10 28 1 3 26 7 11 2 2.70999124060388841 4 25 7 12 8 4 5 32 12 22.331773042678833 73.4934283571567448 
3 19 12 15 15 5 18 5 11 16 33 2 17 9 2 1 32 1 11 16.1354543567662532 10 9 1 5 4 6 6 12 23 7 16 18 2 15 20 12 1 30 13 6 3 11 10 28 1 3 26 7 11 2 2.70999124060388841 18 11 6 12 8 4 5 32 12 24.3794591426849365 58.6339083987193987 
3 9 4 15 15 5 14 24 8 16 5 11 17 9 2 1 32 1 11 16.1354543567662532 10 9 1 5 4 6 6 12 23 7 16 18 2 15 20 12 1 30 13 6 3 11 10 28 1 3 26 7 11 2 2.70999124060388841 18 11 6 12 8 4 5 32 12 22.3382121324539185 69.9772610700224931 
3 19 12 15 15 5 18 5 11 10 10 2 17 9 2 1 32 1 11 16.1354543567662532 10 9 1 5 4 6 6 12 23 7 16 18 2 15 20 12 1 30 13 6 3 11 10 28 1 3 26 7 11 2 2.70999124060388841 16 5 10 12 8 4 5 32 12 25.5818979740142822 58.3199373038965518 
10 23 4 1 9 1 4 32 9 16 25 11 12 26 2 6 31 3 14 25 9 15 24 13 4 20 3 17 15 7 3.36768017929769181 9 3 6 24 10 2 25 6.96245171630185755 2 31 7 1 1 9 15 25 7 13 22 6 4 6 9 9 8 7 16 16 12 17.8769397139549255 211.403536814063102 
3.36768017929769181 25 7 15 15 5 14 31 1 3 3 13 17 9 2 1 32 1 17 31 2 9 1 5 4 6 6 12 23 7 16 18 2 15 20 12 1 30 13 6 3 11 10 28 1 3 26 7 11 2 2.70999124060388841 14 20 6.96245171630185755 12 8 4 5 32 12 19.9192679524421692 104.957065717382591 
3 19 12 15 15 5 6 13 11 16 31 9 17 9 2 1 32 1 11 16.1354543567662532 10 9 1 5 4 6 6 12 23 7 16 18 2 15 20 12 1 30 13 6 3 11 10 28 1 3 26 7 12 12 9 4 19 2 12 8 4 5 32 12 20.6400020718574524 90.8642134063948532 
3 19 12 15 15 5 13 17 2 3 32 9 17 9 2 17 30 4 11 16.1354543567662532 10 9 1 5 4 6 6 12 23 7 16 18 2 15 20 12 1 30 13 6 3 11 12 6 7 3 26 7 1 18 6 6 6 10 12 8 4 5 32 12 18.9812459349632263 155.208455733801173 
3 19 12 15 15 5 4 12 4 14 25 2.70999124060388841 17 9 2 1 32 1 6 15 2 9 1 5 4 6 6 12 23 7 16 18 2 15 20 12 1 30 13 6 3 11 10 28 1 3 26 7 11 2 2.70999124060388841 18 11 6 12 8 4 5 32 12 21.2836790084838867 88.1399784604213181 
3 19 12 15 15 5 18 5 11 10 10 2 17 9 2 1 32 1 11 16.1354543567662532 10 9 1 5 4 6 6 12 23 7 16 18 2 15 20 12 1 30 13 6 3 11 10 28 1 3 26 7 11 2 2.70999124060388841 18 17 3 12 8 4 5 32 12 26.7004530429840088 57.6403121190193133 
10 16 9 17 3 13 4 5.34074699537910114 7 15 6 3 14 32 1 1 24 5 12 5 3 15 30 9 5 2 13 15 31 3 9.25570237641795579 33 7 2 26 2 3 15 6 17 26 3.84646942076222631 4 32 5 1 25 9 12 24 10 14 2 9.82524131762891173 4 20 9 2 26 4 18.3861169815063477 202.653293153874529 
3 19 12 15 15 5 13 25 7 14 12 2.70999124060388841 17 9 2 1 32 1 11 16.1354543567662532 10 9 1 5 4 6 6 12 23 7 16 18 2 15 20 12 1 30 13 6 3 11 10 28 1 3 26 7 11 2 2.70999124060388841 15 2 9 12 8 4 14 13 11 20.5699961185455322 100.18595156013626 
15 9 6 1 26 6 14 14 13 12 12 1 17 9 2 1 32 1 11 16.1354543567662532 10 9 1 5 4 6 6 12 23 7 16 18 2 15 20 12 1 30 13 6 3 11 14 6 9 3 26 7 11 2 2.70999124060388841 16 9 12 12 8 4 5 32 12 19.820111870765686 121.657027809569271 
3 19 12 15 15 5 18 5 11 14 3 2.70999124060388841 17 9 2 1 32 1 11 16.1354543567662532 10 9 1 5 4 6 6 12 23 7 16 18 2 15 20 12 1 30 13 6 3 11 10 28 1 3 26 7 11 2 2.70999124060388841 9.25570237641795579 1 2 12 8 4 5 32 12 22.4603271484375 66.4312725458236315 
14 30 12 5 1 3 13 25 6 1 1 5 13 20 9 4 24 11 3 25 13 13 25 12 10 1 13 16 6 7 3.36768017929769181 12 11 1 30 9 9.25570237641795579 6 4 2 6 11 14 2 9 14 7 6 15 19 11 4.94126535182462057 25 6 17 2 10 3 17 10 17.5134871006011963 261.504769207400841 
3 19 12 15 15 5 18 5 11 16 20 2.70999124060388841 17 9 2 1 32 1 11 16.1354543567662532 10 9 1 5 4 6 6 12 23 7 16 18 2 15 20 12 1 30 13 6 3 11 10 28 1 3 26 7 11 2 2.70999124060388841 4 24 4 12 8 4 5 32 12 22.1469162106513977 76.4381109387688156 
3 19 12 15 15 5 18 5 11 14 3 2.70999124060388841 17 9 2 1 32 1 11 16.1354543567662532 10 9 1 5 4 6 6 12 23 7 16 18 2 15 20 12 1 30 13 6 3 11 10 16.1354543567662532 1 3 26 7 11 2 2.70999124060388841 18 11 6 12 8 4 5 32 12 23.3312721252441406 63.8855129052059922 
3 19 12 15 15 5 18 5 11 14 30 3 17 9 2 1 32 1 11 16.1354543567662532 10 9 1 5 4 6 6 12 23 7 16 18 2 15 20 12 1 30 13 6 3 11 10 28 1 3 26 7 11 2 2.70999124060388841 14 22 11 12 8 4 5 32 12 22.1556151211261749 74.4570834355351678 
3 19 12 15 15 5 14 24 11 2 25 12 17 9 2 1 32 1 11 16.1354543567662532 10 9 1 5 4 6 6 12 23 7 16 18 2 15 20 12 1 30 13 6 3 11 10 28 1 3 26 7 11 2 2.70999124060388841 1 22 10 12 8 4 5 32 12 21.501004159450531 82.5441921871339872 
3 19 12 15 15 5 18 5 11 10 2 2.70999124060388841 17 9 2 1 32 1 11 16.1354543567662532 10 9 1 5 4 6 6 12 23 7 16 18 2 15 20 12 1 30 13 6 3 11 10 28 1 3 26 7 11 2 2.70999124060388841 4 17 5 12 8 4 5 32 12 23.3928561210632324 60.9311737844468908 
3 19 12 15 15 5 18 5 11 16 30 2 17 9 2 1 32 1 11 16.1354543567662532 10 9 1 5 4 6 6 12 23 7 16 18 2 15 20 12 1 30 13 6 3 11 10 28 1 3 26 7 11 2 2.70999124060388841 18 20 5 12 8 4 5 32 12 23.0256131887435913 64.2406572353730638 
3 19 12 15 15 5 14 24 8 1 13 3 17 9 2 1 32 1 11 16.1354543567662532 10 9 1 5 4 6 6 12 23 7 16 18 2 15 20 12 1 30 13 6 3 11 10 28 1 3 26 7 11 2 2.70999124060388841 3 14 5 12 8 4 5 32 12 21.5660051107406616 80.6690067492089753 
3 19 12 15 15 5 18 5 11 14 12 1 17 9 2 1 32 1 11 16.1354543567662532 10 9 1 5 4 6 6 12 23 7 16 18 2 15 20 12 1 30 13 6 3 11 10 28 1 3 26 7 11 2 2.70999124060388841 14 6 5 12 8 4 5 32 12 21.8453620672225952 76.5537390541427953 
3 19 12 15 15 5 18 5 11 6 30 9 17 9 2 1 32 1 11 16.1354543567662532 10 9 1 5 4 6 6 12 23 7 16 18 2 15 20 12 1 30 13 6 3 11 10 28 1 3 26 7 4 30 5 9 1 9 12 8 4 5 32 12 21.059734046459198 88.5010097745391562 
3 19 12 15 15 5 18 5 11 10 10 2 17 9 2 1 32 1 11 16.1354543567662532 10 9 1 5 4 6 6 12 23 7 16 18 2 15 20 12 1 30 13 6 3 11 10 28 1 3 26 7 11 2 2.70999124060388841 18 11 6 12 8 4 5 32 12 26.7406890392303467 54.8061331866088395 
3 19 12 15 15 5 14 6 3 3.36768017929769181 20 7 17 9 2 1 32 1 11 16.1354543567662532 10 9 1 5 4 6 6 12 23 7 16 18 2 15 20 12 1 30 13 6 3 11 1 3 12 3 26 7 11 2 2.70999124060388841 1 9 5 12 8 4 15 20 6 19.4635248184204102 129.967794544636661 
3 19 12 15 15 5 18 5 11 10 10 2 17 9 2 1 32 1 11 16.1354543567662532 10 9 1 5 4 6 6 12 23 7 16 18 2 15 20 12 1 30 13 6 3 11 10 28 1 3 26 7 11 2 2.70999124060388841 18 11 6 17 19 4 5 32 12 26.4889510869979858 58.294968003043806 
17 5 1 3 1 11 8 32 7 4 28 12 2 24 9 1 26 13 12 22 1 3 12 13 6 2 3 17 24 5 8 24 7 14 20 6 2 33 4 3 24 3 14 30 9 16 12 11 17 8 7 12 6 11 1 23 6 12 30 4 18.7383803129196167 195.749076413782291 
3 19 12 15 15 5 18 5 11 10 33 2 17 9 2 1 32 1 11 16.1354543567662532 10 9 1 5 4 6 6 12 23 7 16 18 2 15 20 12 1 30 13 6 3 11 10 28 1 3 26 7 11 2 2.70999124060388841 18 11 6 12 8 4 5 32 12 24.8454291820526123 58.5234023940282455 
3 19 12 15 15 5 18 5 11 14 33 2.70999124060388841 17 9 2 1 32 1 11 16.1354543567662532 10 9 1 5 4 6 6 12 23 7 16 18 2 15 20 12 1 30 13 6 3 11 10 28 1 3 26 7 11 2 2.70999124060388841 4 7 7 12 8 4 5 32 12 23.183616042137146 64.1501490495342352 
13 19 11 4 12 7 10 26 1 14 6 11 3.36768017929769181 5 6 3 9 7 13 18 10 4 32 5 14 6 4 4 30 4 3 7 13 2 13 11 9.25570237641795579 20 7 8 24 9 6 5 3.84646942076222631 12 30 10 13 6 12 15 6 10 16 31 12 3 16 13 17.6147809326648712 229.951939220849852 
13 24 5 15 15 5 4 26 1 14 31 7 17 9 2 1 32 1 11 16.1354543567662532 10 9 1 5 4 6 6 12 23 7 16 18 2 15 20 12 1 30 13 6 3 11 15 12 6 3 26 7 11 2 2.70999124060388841 10 20 6 12 8 4 5 32 12 19.8637469410896301 118.228520797763139 
3 19 12 15 15 5 14 12 11 1 26 2 17 9 2 1 32 1 11 16.1354543567662532 10 9 1 5 4 6 6 12 23 7 16 18 2 15 20 12 1 30 13 6 3 11 10 28 1 3 26 7 11 2 2.70999124060388841 4 11 10 12 8 4 5 32 12 21.3072019815444946 87.3430355430355405 
3 19 12 15 15 5 18 5 11 14 22 2.70999124060388841 17 9 2 1 32 1 6 25 12 9 1 5 4 6 6 12 23 7 16 18 2 15 20 12 1 30 13 6 3 11 10 28 1 3 26 7 11 2 2.70999124060388841 4 6 4 12 8 4 5 32 12 21.3429140448570251 83.3911493534979655 
3 19 12 15 15 5 18 5 11 16 31 2 17 9 2 1 32 1 11 16.1354543567662532 10 9 1 5 4 6 6 12 23 7 16 18 2 15 20 12 1 30 13 6 3 11 10 28 1 3 26 7 11 2 2.70999124060388841 18 11 6 12 8 4 5 32 12 23.6201891899108887 60.3573817297870789 

Current Evaluation = 60000000(60000080)
Front Size = 31
3 9 2 2 24 8 15 23 8 14 7 4 1 3 10 3.36768017929769181 6 6 17 11 5 18 1 13 3 16.1354543567662532 12 13 24 12 9 30 5 2 32 1 13 13 2 4.94126535182462057 6 11 14 9 9 14 16 13 6 32 9.82524131762891173 8 31 12 14 20 6 13 1 8 18.9697301387786865 187.695793011969471 
17 5 9 3 32 11 11 26 7 2 2 13 3.36768017929769181 20 8 16 15 12 14 28 3 13 15 3 9.25570237641795579 7 9 4.94126535182462057 9 7 1 15 2 14 31 2 1 14 11 13.2195649013323386 31.8448655754823804 3 1 2 2 6 18.140740276750666 7 14 15 11 14 26 9 16 15 4 4 6 13 17.8374278843402863 218.372188922188911 
3 19 12 15 15 5 18 5 11 14 22 2 17 9 2 1 32 1 11 16.1354543567662532 10 9 1 5 4 6 6 12 23 7 16 18 2 15 20 12 1 30 13 6 3 11 10 28 1 3 26 7 11 2 2.70999124060388841 18 11 6 12 8 4 5 32 12 23.7522060871124268 58.8274388589289785 
10 23 4 1 9 1 4 32 9 16 25 11 12 26 2 6 31 3 14 25 9 15 24 13 4 20 3 17 15 7 3.36768017929769181 9 3 6 24 10 2 25 6.96245171630185755 2 31 7 1 1 9 15 25 7 13 22 6 4 6 9 9 8 7 16 16 12 17.8769397139549255 211.403536814063102 
3.36768017929769181 25 7 15 15 5 14 31 1 3 3 13 17 9 2 1 32 1 17 31 2 9 1 5 4 6 6 12 23 7 16 18 2 15 20 12 1 30 13 6 3 11 10 28 1 3 26 7 11 2 2.70999124060388841 14 20 6.96245171630185755 12 8 4 5 32 12 19.9192679524421692 104.957065717382591 
3 19 12 15 15 5 6 13 11 16 31 9 17 9 2 1 32 1 11 16.1354543567662532 10 9 1 5 4 6 6 12 23 7 16 18 2 15 20 12 1 30 13 6 3 11 10 28 1 3 26 7 12 12 9 4 19 2 12 8 4 5 32 12 20.6400020718574524 90.8642134063948532 
3 19 12 15 15 5 13 17 2 3 32 9 17 9 2 17 30 4 11 16.1354543567662532 10 9 1 5 4 6 6 12 23 7 16 18 2 15 20 12 1 30 13 6 3 11 12 6 7 3 26 7 1 18 6 6 6 10 12 8 4 5 32 12 18.9812459349632263 155.208455733801173 
10 16 9 17 3 13 4 5.34074699537910114 7 15 6 3 14 32 1 1 24 5 12 5 3 15 30 9 5 2 13 15 31 3 9.25570237641795579 33 7 2 26 2 3 15 6 17 26 3.84646942076222631 4 32 5 1 25 9 12 24 10 14 2 9.82524131762891173 4 20 9 2 26 4 18.3861169815063477 202.653293153874529 
3 19 12 15 15 5 13 25 7 14 12 2.70999124060388841 17 9 2 1 32 1 11 16.1354543567662532 10 9 1 5 4 6 6 12 23 7 16 18 2 15 20 12 1 30 13 6 3 11 10 28 1 3 26 7 11 2 2.70999124060388841 15 2 9 12 8 4 14 13 11 20.5699961185455322 100.18595156013626 
15 9 6 1 26 6 14 14 13 12 12 1 17 9 2 1 32 1 11 16.1354543567662532 10 9 1 5 4 6 6 12 23 7 16 18 2 15 20 12 1 30 13 6 3 11 14 6 9 3 26 7 11 2 2.70999124060388841 16 9 12 12 8 4 5 32 12 19.820111870765686 121.657027809569271 
3 19 12 15 15 5 18 5 11 14 3 2.70999124060388841 17 9 2 1 32 1 11 16.1354543567662532 10 9 1 5 4 6 6 12 23 7 16 18 2 15 20 12 1 30 13 6 3 11 10 28 1 3 26 7 11 2 2.70999124060388841 9.25570237641795579 1 2 12 8 4 5 32 12 22.4603271484375 66.4312725458236315 
14 30 12 5 1 3 13 25 6 1 1 5 13 20 9 4 24 11 3 25 13 13 25 12 10 1 13 16 6 7 3.36768017929769181 12 11 1 30 9 9.25570237641795579 6 4 2 6 11 14 2 9 14 7 6 15 19 11 4.94126535182462057 25 6 17 2 10 3 17 10 17.5134871006011963 261.504769207400841 
3 19 12 15 15 5 18 5 11 14 3 2.70999124060388841 17 9 2 1 32 1 11 16.1354543567662532 10 9 1 5 4 6 6 12 23 7 16 18 2 15 20 12 1 30 13 6 3 11 10 16.1354543567662532 1 3 26 7 11 2 2.70999124060388841 18 11 6 12 8 4 5 32 12 23.3312721252441406 63.8855129052059922 
3 19 12 15 15 5 18 5 11 10 2 2.70999124060388841 17 9 2 1 32 1 11 16.1354543567662532 10 9 1 5 4 6 6 12 23 7 16 18 2 15 20 12 1 30 13 6 3 11 10 28 1 3 26 7 11 2 2.70999124060388841 4 17 5 12 8 4 5 32 12 23.3928561210632324 60.9311737844468908 
3 19 12 15 15 5 18 5 11 16 30 2 17 9 2 1 32 1 11 16.1354543567662532 10 9 1 5 4 6 6 12 23 7 16 18 2 15 20 12 1 30 13 6 3 11 10 28 1 3 26 7 11 2 2.70999124060388841 18 20 5 12 8 4 5 32 12 23.0256131887435913 64.2406572353730638 
3 19 12 15 15 5 18 5 11 10 10 2 17 9 2 1 32 1 11 16.1354543567662532 10 9 1 5 4 6 6 12 23 7 16 18 2 15 20 12 1 30 13 6 3 11 10 28 1 3 26 7 11 2 2.70999124060388841 18 11 6 12 8 4 5 32 12 26.7406890392303467 54.8061331866088395 
3 19 12 15 15 5 14 6 3 3.36768017929769181 20 7 17 9 2 1 32 1 11 16.1354543567662532 10 9 1 5 4 6 6 12 23 7 16 18 2 15 20 12 1 30 13 6 3 11 1 3 12 3 26 7 11 2 2.70999124060388841 1 9 5 12 8 4 15 20 6 19.4635248184204102 129.967794544636661 
17 5 1 3 1 11 8 32 7 4 28 12 2 24 9 1 26 13 12 22 1 3 12 13 6 2 3 17 24 5 8 24 7 14 20 6 2 33 4 3 24 3 14 30 9 16 12 11 17 8 7 12 6 11 1 23 6 12 30 4 18.7383803129196167 195.749076413782291 
3 19 12 15 15 5 18 5 11 14 33 2.70999124060388841 17 9 2 1 32 1 11 16.1354543567662532 10 9 1 5 4 6 6 12 23 7 16 18 2 15 20 12 1 30 13 6 3 11 10 28 1 3 26 7 11 2 2.70999124060388841 4 7 7 12 8 4 5 32 12 23.183616042137146 64.1501490495342352 
13 19 11 4 12 7 10 26 1 14 6 11 3.36768017929769181 5 6 3 9 7 13 18 10 4 32 5 14 6 4 4 30 4 3 7 13 2 13 11 9.25570237641795579 20 7 8 24 9 6 5 3.84646942076222631 12 30 10 13 6 12 15 6 10 16 31 12 3 16 13 17.6147809326648712 229.951939220849852 
13 24 5 15 15 5 4 26 1 14 31 7 17 9 2 1 32 1 11 16.1354543567662532 10 9 1 5 4 6 6 12 23 7 16 18 2 15 20 12 1 30 13 6 3 11 15 12 6 3 26 7 11 2 2.70999124060388841 10 20 6 12 8 4 5 32 12 19.8637469410896301 118.228520797763139 
3 19 12 15 15 5 6 1 3 14 6 4 17 9 2 1 32 1 11 16.1354543567662532 10 9 1 5 4 6 6 12 23 7 16 18 2 15 20 12 1 30 13 6 3 11 10 28 1 3 26 7 11 2 2.70999124060388841 16 25 9 12 8 4 5 32 12 20.7115201056003571 87.0308492885461504 
3 19 12 15 15 5 6 20 1 16 30 11 17 9 2 1 32 1 11 16.1354543567662532 10 9 1 5 4 6 6 12 23 7 16 18 2 15 20 12 1 30 13 6 3 11 10 28 1 3 26 7 11 2 2.70999124060388841 4 14 7 12 8 4 5 32 12 21.3050671219825745 69.1788785685260734 
3 19 12 15 15 5 18 5 11 16 31 3 17 9 2 1 32 1 6 11 11 9 1 5 4 6 6 12 23 7 16 18 2 15 20 12 1 30 13 6 3 11 13 6 2 3 26 7 11 2 2.70999124060388841 10 15 5 1 5 4 5 32 12 20.5339248776435852 104.283912727709748 
16 20 4 6 15 7 13 30 7 1 24 4 3 15 2 5 20 2 1 30 7 4 8 12 9 15 12 5 2 3 15 32 10 1 12 7 16 32 2 14 26 4 13 16 13 10 18 5 3 16 11 14 16 1 16 31 7 14 15 11 18.0074263215065002 205.862696737387125 
3 19 12 15 15 5 15 6 10 6 24 13 17 9 2 1 32 1 11 16.1354543567662532 10 9 1 5 4 6 6 12 23 7 16 18 2 15 20 12 1 30 13 6 3 11 14 1 10 3 26 7 11 2 2.70999124060388841 14 19 4 12 8 4 4 19 3 19.3014698624610901 131.117946943276735 
3 19 12 15 15 5 18 5 11 16 33 2.70999124060388841 17 9 2 1 32 1 11 16.1354543567662532 10 9 1 5 4 6 6 12 23 7 16 18 2 15 20 12 1 30 13 6 3 11 10 28 1 3 26 7 11 2 2.70999124060388841 18 11 6 12 8 4 5 32 12 24.3794591426849365 56.7104289122178713 
3 19 12 15 15 5 18 5 11 16 31 2.70999124060388841 17 9 2 1 32 1 11 16.1354543567662532 10 9 1 5 4 6 6 12 23 7 16 18 2 15 20 12 1 30 13 6 3 11 10 28 1 3 26 7 11 2 2.70999124060388841 18 11 6 12 8 4 5 32 12 23.6201891899108887 59.5602081538532744 
10 32 2.70999124060388841 8 17 5 4 20 11 14 20 8 1 12 6 2 24 7 4 9 4 10 19 4 3 25 7 6 31 10 15 1 10 14 20 3 9.25570237641795579 1 3 13 31 13 14 30 13 1 8 7 13 24 10 4.94126535182462057 24 6 13 13 13 17 20 11 17.3128138780593872 265.161189919471724 
3 19 12 15 15 5 13 20 12 14 24 3 17 9 2 1 32 1 11 16.1354543567662532 10 9 1 5 4 6 6 12 23 7 16 18 2 15 20 12 1 30 13 6 3 11 10 28 1 3 26 7 11 2 2.70999124060388841 6 5.34074699537910114 6.96245171630185755 12 8 4 4 24 10 20.4617130160331726 104.531747717511507 
3 19 12 15 15 5 18 5 11 14 30 2 17 9 2 1 32 1 11 16.1354543567662532 10 9 1 5 4 6 6 12 23 7 16 18 2 15 20 12 1 30 13 6 3 11 10 28 1 3 26 7 11 2 2.70999124060388841 18 11 6 12 8 4 5 32 12 23.2715971767902374 64.135572208178985 

Current Evaluation = 70000000(70000000)
Front Size = 31
3 9 2 2 24 8 15 23 8 14 7 4 1 3 10 3.36768017929769181 6 6 17 11 5 18 1 13 3 16.1354543567662532 12 13 24 12 9 30 5 2 32 1 13 13 2 4.94126535182462057 6 11 14 9 9 14 16 13 6 32 9.82524131762891173 8 31 12 14 20 6 13 1 8 18.9697301387786865 187.695793011969471 
17 5 9 3 32 11 11 26 7 2 2 13 3.36768017929769181 20 8 16 15 12 14 28 3 13 15 3 9.25570237641795579 7 9 4.94126535182462057 9 7 1 15 2 14 31 2 1 14 11 13.2195649013323386 31.8448655754823804 3 1 2 2 6 18.140740276750666 7 14 15 11 14 26 9 16 15 4 4 6 13 17.8374278843402863 218.372188922188911 
3 19 12 15 15 5 18 5 11 14 22 2 17 9 2 1 32 1 11 16.1354543567662532 10 9 1 5 4 6 6 12 23 7 16 18 2 15 20 12 1 30 13 6 3 11 10 28 1 3 26 7 11 2 2.70999124060388841 18 11 6 12 8 4 5 32 12 23.7522060871124268 58.8274388589289785 
10 23 4 1 9 1 4 32 9 16 25 11 12 26 2 6 31 3 14 25 9 15 24 13 4 20 3 17 15 7 3.36768017929769181 9 3 6 24 10 2 25 6.96245171630185755 2 31 7 1 1 9 15 25 7 13 22 6 4 6 9 9 8 7 16 16 12 17.8769397139549255 211.403536814063102 
3.36768017929769181 25 7 15 15 5 14 31 1 3 3 13 17 9 2 1 32 1 17 31 2 9 1 5 4 6 6 12 23 7 16 18 2 15 20 12 1 30 13 6 3 11 10 28 1 3 26 7 11 2 2.70999124060388841 14 20 6.96245171630185755 12 8 4 5 32 12 19.9192679524421692 104.957065717382591 
3 19 12 15 15 5 6 13 11 16 31 9 17 9 2 1 32 1 11 16.1354543567662532 10 9 1 5 4 6 6 12 23 7 16 18 2 15 20 12 1 30 13 6 3 11 10 28 1 3 26 7 12 12 9 4 19 2 12 8 4 5 32 12 20.6400020718574524 90.8642134063948532 
3 19 12 15 15 5 13 17 2 3 32 9 17 9 2 17 30 4 11 16.1354543567662532 10 9 1 5 4 6 6 12 23 7 16 18 2 15 20 12 1 30 13 6 3 11 12 6 7 3 26 7 1 18 6 6 6 10 12 8 4 5 32 12 18.9812459349632263 155.208455733801173 
10 16 9 17 3 13 4 5.34074699537910114 7 15 6 3 14 32 1 1 24 5 12 5 3 15 30 9 5 2 13 15 31 3 9.25570237641795579 33 7 2 26 2 3 15 6 17 26 3.84646942076222631 4 32 5 1 25 9 12 24 10 14 2 9.82524131762891173 4 20 9 2 26 4 18.3861169815063477 202.653293153874529 
15 9 6 1 26 6 14 14 13 12 12 1 17 9 2 1 32 1 11 16.1354543567662532 10 9 1 5 4 6 6 12 23 7 16 18 2 15 20 12 1 30 13 6 3 11 14 6 9 3 26 7 11 2 2.70999124060388841 16 9 12 12 8 4 5 32 12 19.820111870765686 121.657027809569271 
3 19 12 15 15 5 18 5 11 14 3 2.70999124060388841 17 9 2 1 32 1 11 16.1354543567662532 10 9 1 5 4 6 6 12 23 7 16 18 2 15 20 12 1 30 13 6 3 11 10 28 1 3 26 7 11 2 2.70999124060388841 9.25570237641795579 1 2 12 8 4 5 32 12 22.4603271484375 66.4312725458236315 
3 19 12 15 15 5 18 5 11 14 3 2.70999124060388841 17 9 2 1 32 1 11 16.1354543567662532 10 9 1 5 4 6 6 12 23 7 16 18 2 15 20 12 1 30 13 6 3 11 10 16.1354543567662532 1 3 26 7 11 2 2.70999124060388841 18 11 6 12 8 4 5 32 12 23.3312721252441406 63.8855129052059922 
3 19 12 15 15 5 18 5 11 10 2 2.70999124060388841 17 9 2 1 32 1 11 16.1354543567662532 10 9 1 5 4 6 6 12 23 7 16 18 2 15 20 12 1 30 13 6 3 11 10 28 1 3 26 7 11 2 2.70999124060388841 4 17 5 12 8 4 5 32 12 23.3928561210632324 60.9311737844468908 
3 19 12 15 15 5 18 5 11 16 30 2 17 9 2 1 32 1 11 16.1354543567662532 10 9 1 5 4 6 6 12 23 7 16 18 2 15 20 12 1 30 13 6 3 11 10 28 1 3 26 7 11 2 2.70999124060388841 18 20 5 12 8 4 5 32 12 23.0256131887435913 64.2406572353730638 
3 19 12 15 15 5 18 5 11 10 10 2 17 9 2 1 32 1 11 16.1354543567662532 10 9 1 5 4 6 6 12 23 7 16 18 2 15 20 12 1 30 13 6 3 11 10 28 1 3 26 7 11 2 2.70999124060388841 18 11 6 12 8 4 5 32 12 26.7406890392303467 54.8061331866088395 
17 5 1 3 1 11 8 32 7 4 28 12 2 24 9 1 26 13 12 22 1 3 12 13 6 2 3 17 24 5 8 24 7 14 20 6 2 33 4 3 24 3 14 30 9 16 12 11 17 8 7 12 6 11 1 23 6 12 30 4 18.7383803129196167 195.749076413782291 
3 19 12 15 15 5 18 5 11 14 33 2.70999124060388841 17 9 2 1 32 1 11 16.1354543567662532 10 9 1 5 4 6 6 12 23 7 16 18 2 15 20 12 1 30 13 6 3 11 10 28 1 3 26 7 11 2 2.70999124060388841 4 7 7 12 8 4 5 32 12 23.183616042137146 64.1501490495342352 
13 19 11 4 12 7 10 26 1 14 6 11 3.36768017929769181 5 6 3 9 7 13 18 10 4 32 5 14 6 4 4 30 4 3 7 13 2 13 11 9.25570237641795579 20 7 8 24 9 6 5 3.84646942076222631 12 30 10 13 6 12 15 6 10 16 31 12 3 16 13 17.6147809326648712 229.951939220849852 
13 24 5 15 15 5 4 26 1 14 31 7 17 9 2 1 32 1 11 16.1354543567662532 10 9 1 5 4 6 6 12 23 7 16 18 2 15 20 12 1 30 13 6 3 11 15 12 6 3 26 7 11 2 2.70999124060388841 10 20 6 12 8 4 5 32 12 19.8637469410896301 118.228520797763139 
3 19 12 15 15 5 6 1 3 14 6 4 17 9 2 1 32 1 11 16.1354543567662532 10 9 1 5 4 6 6 12 23 7 16 18 2 15 20 12 1 30 13 6 3 11 10 28 1 3 26 7 11 2 2.70999124060388841 16 25 9 12 8 4 5 32 12 20.7115201056003571 87.0308492885461504 
3 19 12 15 15 5 6 20 1 16 30 11 17 9 2 1 32 1 11 16.1354543567662532 10 9 1 5 4 6 6 12 23 7 16 18 2 15 20 12 1 30 13 6 3 11 10 28 1 3 26 7 11 2 2.70999124060388841 4 14 7 12 8 4 5 32 12 21.3050671219825745 69.1788785685260734 
16 20 4 6 15 7 13 30 7 1 24 4 3 15 2 5 20 2 1 30 7 4 8 12 9 15 12 5 2 3 15 32 10 1 12 7 16 32 2 14 26 4 13 16 13 10 18 5 3 16 11 14 16 1 16 31 7 14 15 11 18.0074263215065002 205.862696737387125 
3 19 12 15 15 5 18 5 11 16 33 2.70999124060388841 17 9 2 1 32 1 11 16.1354543567662532 10 9 1 5 4 6 6 12 23 7 16 18 2 15 20 12 1 30 13 6 3 11 10 28 1 3 26 7 11 2 2.70999124060388841 18 11 6 12 8 4 5 32 12 24.3794591426849365 56.7104289122178713 
3 19 12 15 15 5 18 5 11 16 31 2.70999124060388841 17 9 2 1 32 1 11 16.1354543567662532 10 9 1 5 4 6 6 12 23 7 16 18 2 15 20 12 1 30 13 6 3 11 10 28 1 3 26 7 11 2 2.70999124060388841 18 11 6 12 8 4 5 32 12 23.6201891899108887 59.5602081538532744 
10 32 2.70999124060388841 8 17 5 4 20 11 14 20 8 1 12 6 2 24 7 4 9 4 10 19 4 3 25 7 6 31 10 15 1 10 14 20 3 9.25570237641795579 1 3 13 31 13 14 30 13 1 8 7 13 24 10 4.94126535182462057 24 6 13 13 13 17 20 11 17.3128138780593872 265.161189919471724 
3 19 12 15 15 5 13 20 12 14 24 3 17 9 2 1 32 1 11 16.1354543567662532 10 9 1 5 4 6 6 12 23 7 16 18 2 15 20 12 1 30 13 6 3 11 10 28 1 3 26 7 11 2 2.70999124060388841 6 5.34074699537910114 6.96245171630185755 12 8 4 4 24 10 20.4617130160331726 104.531747717511507 
3 19 12 15 15 5 18 5 11 14 30 2 17 9 2 1 32 1 11 16.1354543567662532 10 9 1 5 4 6 6 12 23 7 16 18 2 15 20 12 1 30 13 6 3 11 10 28 1 3 26 7 11 2 2.70999124060388841 18 11 6 12 8 4 5 32 12 23.2715971767902374 64.135572208178985 
3 19 12 15 15 5 3.36768017929769181 3 13 13 30 3 17 9 2 1 32 1 16 2 2 9 1 5 4 6 6 12 23 7 16 18 2 15 20 12 1 30 13 6 3 11 10 28 1 3 26 7 11 2 2.70999124060388841 14 24 11 12 8 4 5 32 12 20.5139830708503723 99.9888449788449805 
16 9 2 8 6 12 12 14 4 15 28 8 15 22 4 17 6 4 6 5.34074699537910114 11 4 5 10 14 31 4 4 6 9 11 16.1354543567662532 12 4.94126535182462057 12 13 17 12 1 14 26 9.82524131762891173 15 31 12 6 25 4 17 26 5 13 12 13.151007650947605 14 15 5 12 1 11 17.3171828985214233 247.263083596829745 
3 19 12 15 15 5 18 5 11 14 31 2 17 9 2 1 32 1 11 16.1354543567662532 10 9 1 5 4 6 6 12 23 7 16 18 2 15 20 12 1 30 13 6 3 11 10 28 1 3 26 7 11 2 2.70999124060388841 18 11 6 12 8 4 5 32 12 23.3718761205673218 63.3467555164562839 
3 19 12 15 15 5 13 31 10 13 5.34074699537910114 7 17 9 2 1 32 1 11 16.1354543567662532 10 9 1 5 4 6 6 12 23 7 16 18 2 15 20 12 14 24 13 6 3 11 1 16.1354543567662532 8 3 26 7 11 2 2.70999124060388841 14 30 5 17 6 5 5 32 12 19.2968428730964661 123.700123237114596 
16 11 5 1 31 8 14 6 9 4 26 2.70999124060388841 1 32 9 1 20 4 14 26 10 3 24 9 10 31 7 9.25570237641795579 15 5 4 28 3 11 12 3.84646942076222631 12 6 4 16 6 9.82524131762891173 14 8 8 15 3 8 14 25 2 17 7 2 3 32 1 17.8244721320812971 25 10 17.6744678616523743 218.82316833493303 

Current Evaluation = 80000000(80000060)
Front Size = 31
3 9 2 2 24 8 15 23 8 14 7 4 1 3 10 3.36768017929769181 6 6 17 11 5 18 1 13 3 16.1354543567662532 12 13 24 12 9 30 5 2 32 1 13 13 2 4.94126535182462057 6 11 14 9 9 14 16 13 6 32 9.82524131762891173 8 31 12 14 20 6 13 1 8 18.9697301387786865 187.695793011969471 
17 5 9 3 32 11 11 26 7 2 2 13 3.36768017929769181 20 8 16 15 12 14 28 3 13 15 3 9.25570237641795579 7 9 4.94126535182462057 9 7 1 15 2 14 31 2 1 14 11 13.2195649013323386 31.8448655754823804 3 1 2 2 6 18.140740276750666 7 14 15 11 14 26 9 16 15 4 4 6 13 17.8374278843402863 218.372188922188911 
3 19 12 15 15 5 18 5 11 14 22 2 17 9 2 1 32 1 11 16.1354543567662532 10 9 1 5 4 6 6 12 23 7 16 18 2 15 20 12 1 30 13 6 3 11 10 28 1 3 26 7 11 2 2.70999124060388841 18 11 6 12 8 4 5 32 12 23.7522060871124268 58.8274388589289785 
10 23 4 1 9 1 4 32 9 16 25 11 12 26 2 6 31 3 14 25 9 15 24 13 4 20 3 17 15 7 3.36768017929769181 9 3 6 24 10 2 25 6.96245171630185755 2 31 7 1 1 9 15 25 7 13 22 6 4 6 9 9 8 7 16 16 12 17.8769397139549255 211.403536814063102 
3.36768017929769181 25 7 15 15 5 14 31 1 3 3 13 17 9 2 1 32 1 17 31 2 9 1 5 4 6 6 12 23 7 16 18 2 15 20 12 1 30 13 6 3 11 10 28 1 3 26 7 11 2 2.70999124060388841 14 20 6.96245171630185755 12 8 4 5 32 12 19.9192679524421692 104.957065717382591 
3 19 12 15 15 5 6 13 11 16 31 9 17 9 2 1 32 1 11 16.1354543567662532 10 9 1 5 4 6 6 12 23 7 16 18 2 15 20 12 1 30 13 6 3 11 10 28 1 3 26 7 12 12 9 4 19 2 12 8 4 5 32 12 20.6400020718574524 90.8642134063948532 
3 19 12 15 15 5 13 17 2 3 32 9 17 9 2 17 30 4 11 16.1354543567662532 10 9 1 5 4 6 6 12 23 7 16 18 2 15 20 12 1 30 13 6 3 11 12 6 7 3 26 7 1 18 6 6 6 10 12 8 4 5 32 12 18.9812459349632263 155.208455733801173 
10 16 9 17 3 13 4 5.34074699537910114 7 15 6 3 14 32 1 1 24 5 12 5 3 15 30 9 5 2 13 15 31 3 9.25570237641795579 33 7 2 26 2 3 15 6 17 26 3.84646942076222631 4 32 5 1 25 9 12 24 10 14 2 9.82524131762891173 4 20 9 2 26 4 18.3861169815063477 202.653293153874529 
15 9 6 1 26 6 14 14 13 12 12 1 17 9 2 1 32 1 11 16.1354543567662532 10 9 1 5 4 6 6 12 23 7 16 18 2 15 20 12 1 30 13 6 3 11 14 6 9 3 26 7 11 2 2.70999124060388841 16 9 12 12 8 4 5 32 12 19.820111870765686 121.657027809569271 
3 19 12 15 15 5 18 5 11 14 3 2.70999124060388841 17 9 2 1 32 1 11 16.1354543567662532 10 9 1 5 4 6 6 12 23 7 16 18 2 15 20 12 1 30 13 6 3 11 10 28 1 3 26 7 11 2 2.70999124060388841 9.25570237641795579 1 2 12 8 4 5 32 12 22.4603271484375 66.4312725458236315 
3 19 12 15 15 5 18 5 11 14 3 2.70999124060388841 17 9 2 1 32 1 11 16.1354543567662532 10 9 1 5 4 6 6 12 23 7 16 18 2 15 20 12 1 30 13 6 3 11 10 16.1354543567662532 1 3 26 7 11 2 2.70999124060388841 18 11 6 12 8 4 5 32 12 23.3312721252441406 63.8855129052059922 
3 19 12 15 15 5 18 5 11 10 2 2.70999124060388841 17 9 2 1 32 1 11 16.1354543567662532 10 9 1 5 4 6 6 12 23 7 16 18 2 15 20 12 1 30 13 6 3 11 10 28 1 3 26 7 11 2 2.70999124060388841 4 17 5 12 8 4 5 32 12 23.3928561210632324 60.9311737844468908 
3 19 12 15 15 5 18 5 11 16 30 2 17 9 2 1 32 1 11 16.1354543567662532 10 9 1 5 4 6 6 12 23 7 16 18 2 15 20 12 1 30 13 6 3 11 10 28 1 3 26 7 11 2 2.70999124060388841 18 20 5 12 8 4 5 32 12 23.0256131887435913 64.2406572353730638 
3 19 12 15 15 5 18 5 11 10 10 2 17 9 2 1 32 1 11 16.1354543567662532 10 9 1 5 4 6 6 12 23 7 16 18 2 15 20 12 1 30 13 6 3 11 10 28 1 3 26 7 11 2 2.70999124060388841 18 11 6 12 8 4 5 32 12 26.7406890392303467 54.8061331866088395 
3 19 12 15 15 5 18 5 11 14 33 2.70999124060388841 17 9 2 1 32 1 11 16.1354543567662532 10 9 1 5 4 6 6 12 23 7 16 18 2 15 20 12 1 30 13 6 3 11 10 28 1 3 26 7 11 2 2.70999124060388841 4 7 7 12 8 4 5 32 12 23.183616042137146 64.1501490495342352 
13 19 11 4 12 7 10 26 1 14 6 11 3.36768017929769181 5 6 3 9 7 13 18 10 4 32 5 14 6 4 4 30 4 3 7 13 2 13 11 9.25570237641795579 20 7 8 24 9 6 5 3.84646942076222631 12 30 10 13 6 12 15 6 10 16 31 12 3 16 13 17.6147809326648712 229.951939220849852 
13 24 5 15 15 5 4 26 1 14 31 7 17 9 2 1 32 1 11 16.1354543567662532 10 9 1 5 4 6 6 12 23 7 16 18 2 15 20 12 1 30 13 6 3 11 15 12 6 3 26 7 11 2 2.70999124060388841 10 20 6 12 8 4 5 32 12 19.8637469410896301 118.228520797763139 
3 19 12 15 15 5 6 1 3 14 6 4 17 9 2 1 32 1 11 16.1354543567662532 10 9 1 5 4 6 6 12 23 7 16 18 2 15 20 12 1 30 13 6 3 11 10 28 1 3 26 7 11 2 2.70999124060388841 16 25 9 12 8 4 5 32 12 20.7115201056003571 87.0308492885461504 
3 19 12 15 15 5 6 20 1 16 30 11 17 9 2 1 32 1 11 16.1354543567662532 10 9 1 5 4 6 6 12 23 7 16 18 2 15 20 12 1 30 13 6 3 11 10 28 1 3 26 7 11 2 2.70999124060388841 4 14 7 12 8 4 5 32 12 21.3050671219825745 69.1788785685260734 
16 20 4 6 15 7 13 30 7 1 24 4 3 15 2 5 20 2 1 30 7 4 8 12 9 15 12 5 2 3 15 32 10 1 12 7 16 32 2 14 26 4 13 16 13 10 18 5 3 16 11 14 16 1 16 31 7 14 15 11 18.0074263215065002 205.862696737387125 
3 19 12 15 15 5 18 5 11 16 33 2.70999124060388841 17 9 2 1 32 1 11 16.1354543567662532 10 9 1 5 4 6 6 12 23 7 16 18 2 15 20 12 1 30 13 6 3 11 10 28 1 3 26 7 11 2 2.70999124060388841 18 11 6 12 8 4 5 32 12 24.3794591426849365 56.7104289122178713 
3 19 12 15 15 5 18 5 11 14 30 2 17 9 2 1 32 1 11 16.1354543567662532 10 9 1 5 4 6 6 12 23 7 16 18 2 15 20 12 1 30 13 6 3 11 10 28 1 3 26 7 11 2 2.70999124060388841 18 11 6 12 8 4 5 32 12 23.2715971767902374 64.135572208178985 
3 19 12 15 15 5 3.36768017929769181 3 13 13 30 3 17 9 2 1 32 1 16 2 2 9 1 5 4 6 6 12 23 7 16 18 2 15 20 12 1 30 13 6 3 11 10 28 1 3 26 7 11 2 2.70999124060388841 14 24 11 12 8 4 5 32 12 20.5139830708503723 99.9888449788449805 
16 9 2 8 6 12 12 14 4 15 28 8 15 22 4 17 6 4 6 5.34074699537910114 11 4 5 10 14 31 4 4 6 9 11 16.1354543567662532 12 4.94126535182462057 12 13 17 12 1 14 26 9.82524131762891173 15 31 12 6 25 4 17 26 5 13 12 13.151007650947605 14 15 5 12 1 11 17.3171828985214233 247.263083596829745 
3 19 12 15 15 5 18 5 11 14 31 2 17 9 2 1 32 1 11 16.1354543567662532 10 9 1 5 4 6 6 12 23 7 16 18 2 15 20 12 1 30 13 6 3 11 10 28 1 3 26 7 11 2 2.70999124060388841 18 11 6 12 8 4 5 32 12 23.3718761205673218 63.3467555164562839 
3 19 12 15 15 5 13 31 10 13 5.34074699537910114 7 17 9 2 1 32 1 11 16.1354543567662532 10 9 1 5 4 6 6 12 23 7 16 18 2 15 20 12 14 24 13 6 3 11 1 16.1354543567662532 8 3 26 7 11 2 2.70999124060388841 14 30 5 17 6 5 5 32 12 19.2968428730964661 123.700123237114596 
16 11 5 1 31 8 14 6 9 4 26 2.70999124060388841 1 32 9 1 20 4 14 26 10 3 24 9 10 31 7 9.25570237641795579 15 5 4 28 3 11 12 3.84646942076222631 12 6 4 16 6 9.82524131762891173 14 8 8 15 3 8 14 25 2 17 7 2 3 32 1 17.8244721320812971 25 10 17.6744678616523743 218.82316833493303 
4 16 1 15 1 1 3.36768017929769181 20 1 9.25570237641795579 6 3.84646942076222631 2 17 9.82524131762891173 17.8244721320812971 25 7.75241283629571765 1.62229798836725392 1 7.88610251083374347 18 12 9 16 9 1.10007641880078921 14 15 9 1 26 13 14 3.20579382966472926 5 8 24 9 12 15 4 13.361908823362814 7 3 1 1 4 6 16 3 2 32 8 12 30 5 16 19 2 18.6703376770019531 194.448127759717323 
3 19 12 15 15 5 18 5 11 16 31 2.70999124060388841 17 9 2 1 32 1 11 16.1354543567662532 10 9 1 5 4 6 6 12 23 7 16 18 2 15 20 12 1 30 13 6 3 11 10 28 1 3 26 7 11 2 2.70999124060388841 18 11 6 12 8 4 5 32 12 23.6201891899108887 59.4444812245026952 
3 19 12 15 15 5 4 31 2.70999124060388841 2 20 6.96245171630185755 17 9 2 1 32 1 14 26 11 9 1 5 4 6 6 12 23 7 16 18 2 15 20 12 1 30 13 6 3 11 13 20 13 3 26 7 11 2 2.70999124060388841 18 11 6 12 8 4 5 32 12 20.2991158366203308 102.949928761999317 
14 25 4 4 6 4 3.36768017929769181 11 12 14 13 7 16 16.1354543567662532 3.84646942076222631 13.2195649013323386 6 7 15 32 13.151007650947605 12 32 2 16 20 4 14 31 9 15 5 5 15 12 3 4 17 7.75241283629571765 6 33 9 17 5 1 3 30 11 12 32 3 1 26 3 1 3 6 2 30 1 17.3045459985733032 254.607769320462808 

Current Evaluation = 90000000(90000120)
Front Size = 33
3 9 2 2 24 8 15 23 8 14 7 4 1 3 10 3.36768017929769181 6 6 17 11 5 18 1 13 3 16.1354543567662532 12 13 24 12 9 30 5 2 32 1 13 13 2 4.94126535182462057 6 11 14 9 9 14 16 13 6 32 9.82524131762891173 8 31 12 14 20 6 13 1 8 18.9697301387786865 187.695793011969471 
17 5 9 3 32 11 11 26 7 2 2 13 3.36768017929769181 20 8 16 15 12 14 28 3 13 15 3 9.25570237641795579 7 9 4.94126535182462057 9 7 1 15 2 14 31 2 1 14 11 13.2195649013323386 31.8448655754823804 3 1 2 2 6 18.140740276750666 7 14 15 11 14 26 9 16 15 4 4 6 13 17.8374278843402863 218.372188922188911 
3 19 12 15 15 5 18 5 11 14 22 2 17 9 2 1 32 1 11 16.1354543567662532 10 9 1 5 4 6 6 12 23 7 16 18 2 15 20 12 1 30 13 6 3 11 10 28 1 3 26 7 11 2 2.70999124060388841 18 11 6 12 8 4 5 32 12 23.7522060871124268 58.8274388589289785 
10 23 4 1 9 1 4 32 9 16 25 11 12 26 2 6 31 3 14 25 9 15 24 13 4 20 3 17 15 7 3.36768017929769181 9 3 6 24 10 2 25 6.96245171630185755 2 31 7 1 1 9 15 25 7 13 22 6 4 6 9 9 8 7 16 16 12 17.8769397139549255 211.403536814063102 
3.36768017929769181 25 7 15 15 5 14 31 1 3 3 13 17 9 2 1 32 1 17 31 2 9 1 5 4 6 6 12 23 7 16 18 2 15 20 12 1 30 13 6 3 11 10 28 1 3 26 7 11 2 2.70999124060388841 14 20 6.96245171630185755 12 8 4 5 32 12 19.9192679524421692 104.957065717382591 
3 19 12 15 15 5 6 13 11 16 31 9 17 9 2 1 32 1 11 16.1354543567662532 10 9 1 5 4 6 6 12 23 7 16 18 2 15 20 12 1 30 13 6 3 11 10 28 1 3 26 7 12 12 9 4 19 2 12 8 4 5 32 12 20.6400020718574524 90.8642134063948532 
3 19 12 15 15 5 13 17 2 3 32 9 17 9 2 17 30 4 11 16.1354543567662532 10 9 1 5 4 6 6 12 23 7 16 18 2 15 20 12 1 30 13 6 3 11 12 6 7 3 26 7 1 18 6 6 6 10 12 8 4 5 32 12 18.9812459349632263 155.208455733801173 
10 16 9 17 3 13 4 5.34074699537910114 7 15 6 3 14 32 1 1 24 5 12 5 3 15 30 9 5 2 13 15 31 3 9.25570237641795579 33 7 2 26 2 3 15 6 17 26 3.84646942076222631 4 32 5 1 25 9 12 24 10 14 2 9.82524131762891173 4 20 9 2 26 4 18.3861169815063477 202.653293153874529 
15 9 6 1 26 6 14 14 13 12 12 1 17 9 2 1 32 1 11 16.1354543567662532 10 9 1 5 4 6 6 12 23 7 16 18 2 15 20 12 1 30 13 6 3 11 14 6 9 3 26 7 11 2 2.70999124060388841 16 9 12 12 8 4 5 32 12 19.820111870765686 121.657027809569271 
3 19 12 15 15 5 18 5 11 14 3 2.70999124060388841 17 9 2 1 32 1 11 16.1354543567662532 10 9 1 5 4 6 6 12 23 7 16 18 2 15 20 12 1 30 13 6 3 11 10 28 1 3 26 7 11 2 2.70999124060388841 9.25570237641795579 1 2 12 8 4 5 32 12 22.4603271484375 66.4312725458236315 
3 19 12 15 15 5 18 5 11 14 3 2.70999124060388841 17 9 2 1 32 1 11 16.1354543567662532 10 9 1 5 4 6 6 12 23 7 16 18 2 15 20 12 1 30 13 6 3 11 10 16.1354543567662532 1 3 26 7 11 2 2.70999124060388841 18 11 6 12 8 4 5 32 12 23.3312721252441406 63.8855129052059922 
3 19 12 15 15 5 18 5 11 10 2 2.70999124060388841 17 9 2 1 32 1 11 16.1354543567662532 10 9 1 5 4 6 6 12 23 7 16 18 2 15 20 12 1 30 13 6 3 11 10 28 1 3 26 7 11 2 2.70999124060388841 4 17 5 12 8 4 5 32 12 23.3928561210632324 60.9311737844468908 
3 19 12 15 15 5 18 5 11 16 30 2 17 9 2 1 32 1 11 16.1354543567662532 10 9 1 5 4 6 6 12 23 7 16 18 2 15 20 12 1 30 13 6 3 11 10 28 1 3 26 7 11 2 2.70999124060388841 18 20 5 12 8 4 5 32 12 23.0256131887435913 64.2406572353730638 
3 19 12 15 15 5 18 5 11 10 10 2 17 9 2 1 32 1 11 16.1354543567662532 10 9 1 5 4 6 6 12 23 7 16 18 2 15 20 12 1 30 13 6 3 11 10 28 1 3 26 7 11 2 2.70999124060388841 18 11 6 12 8 4 5 32 12 26.7406890392303467 54.8061331866088395 
3 19 12 15 15 5 18 5 11 14 33 2.70999124060388841 17 9 2 1 32 1 11 16.1354543567662532 10 9 1 5 4 6 6 12 23 7 16 18 2 15 20 12 1 30 13 6 3 11 10 28 1 3 26 7 11 2 2.70999124060388841 4 7 7 12 8 4 5 32 12 23.183616042137146 64.1501490495342352 
13 19 11 4 12 7 10 26 1 14 6 11 3.36768017929769181 5 6 3 9 7 13 18 10 4 32 5 14 6 4 4 30 4 3 7 13 2 13 11 9.25570237641795579 20 7 8 24 9 6 5 3.84646942076222631 12 30 10 13 6 12 15 6 10 16 31 12 3 16 13 17.6147809326648712 229.951939220849852 
13 24 5 15 15 5 4 26 1 14 31 7 17 9 2 1 32 1 11 16.1354543567662532 10 9 1 5 4 6 6 12 23 7 16 18 2 15 20 12 1 30 13 6 3 11 15 12 6 3 26 7 11 2 2.70999124060388841 10 20 6 12 8 4 5 32 12 19.8637469410896301 118.228520797763139 
3 19 12 15 15 5 6 1 3 14 6 4 17 9 2 1 32 1 11 16.1354543567662532 10 9 1 5 4 6 6 12 23 7 16 18 2 15 20 12 1 30 13 6 3 11 10 28 1 3 26 7 11 2 2.70999124060388841 16 25 9 12 8 4 5 32 12 20.7115201056003571 87.0308492885461504 
3 19 12 15 15 5 6 20 1 16 30 11 17 9 2 1 32 1 11 16.1354543567662532 10 9 1 5 4 6 6 12 23 7 16 18 2 15 20 12 1 30 13 6 3 11 10 28 1 3 26 7 11 2 2.70999124060388841 4 14 7 12 8 4 5 32 12 21.3050671219825745 69.1788785685260734 
16 20 4 6 15 7 13 30 7 1 24 4 3 15 2 5 20 2 1 30 7 4 8 12 9 15 12 5 2 3 15 32 10 1 12 7 16 32 2 14 26 4 13 16 13 10 18 5 3 16 11 14 16 1 16 31 7 14 15 11 18.0074263215065002 205.862696737387125 
3 19 12 15 15 5 18 5 11 16 33 2.70999124060388841 17 9 2 1 32 1 11 16.1354543567662532 10 9 1 5 4 6 6 12 23 7 16 18 2 15 20 12 1 30 13 6 3 11 10 28 1 3 26 7 11 2 2.70999124060388841 18 11 6 12 8 4 5 32 12 24.3794591426849365 56.7104289122178713 
3 19 12 15 15 5 18 5 11 14 30 2 17 9 2 1 32 1 11 16.1354543567662532 10 9 1 5 4 6 6 12 23 7 16 18 2 15 20 12 1 30 13 6 3 11 10 28 1 3 26 7 11 2 2.70999124060388841 18 11 6 12 8 4 5 32 12 23.2715971767902374 64.135572208178985 
3 19 12 15 15 5 3.36768017929769181 3 13 13 30 3 17 9 2 1 32 1 16 2 2 9 1 5 4 6 6 12 23 7 16 18 2 15 20 12 1 30 13 6 3 11 10 28 1 3 26 7 11 2 2.70999124060388841 14 24 11 12 8 4 5 32 12 20.5139830708503723 99.9888449788449805 
16 9 2 8 6 12 12 14 4 15 28 8 15 22 4 17 6 4 6 5.34074699537910114 11 4 5 10 14 31 4 4 6 9 11 16.1354543567662532 12 4.94126535182462057 12 13 17 12 1 14 26 9.82524131762891173 15 31 12 6 25 4 17 26 5 13 12 13.151007650947605 14 15 5 12 1 11 17.3171828985214233 247.263083596829745 
3 19 12 15 15 5 18 5 11 14 31 2 17 9 2 1 32 1 11 16.1354543567662532 10 9 1 5 4 6 6 12 23 7 16 18 2 15 20 12 1 30 13 6 3 11 10 28 1 3 26 7 11 2 2.70999124060388841 18 11 6 12 8 4 5 32 12 23.3718761205673218 63.3467555164562839 
3 19 12 15 15 5 13 31 10 13 5.34074699537910114 7 17 9 2 1 32 1 11 16.1354543567662532 10 9 1 5 4 6 6 12 23 7 16 18 2 15 20 12 14 24 13 6 3 11 1 16.1354543567662532 8 3 26 7 11 2 2.70999124060388841 14 30 5 17 6 5 5 32 12 19.2968428730964661 123.700123237114596 
16 11 5 1 31 8 14 6 9 4 26 2.70999124060388841 1 32 9 1 20 4 14 26 10 3 24 9 10 31 7 9.25570237641795579 15 5 4 28 3 11 12 3.84646942076222631 12 6 4 16 6 9.82524131762891173 14 8 8 15 3 8 14 25 2 17 7 2 3 32 1 17.8244721320812971 25 10 17.6744678616523743 218.82316833493303 
4 16 1 15 1 1 3.36768017929769181 20 1 9.25570237641795579 6 3.84646942076222631 2 17 9.82524131762891173 17.8244721320812971 25 7.75241283629571765 1.62229798836725392 1 7.88610251083374347 18 12 9 16 9 1.10007641880078921 14 15 9 1 26 13 14 3.20579382966472926 5 8 24 9 12 15 4 13.361908823362814 7 3 1 1 4 6 16 3 2 32 8 12 30 5 16 19 2 18.6703376770019531 194.448127759717323 
3 19 12 15 15 5 18 5 11 16 31 2.70999124060388841 17 9 2 1 32 1 11 16.1354543567662532 10 9 1 5 4 6 6 12 23 7 16 18 2 15 20 12 1 30 13 6 3 11 10 28 1 3 26 7 11 2 2.70999124060388841 18 11 6 12 8 4 5 32 12 23.6201891899108887 59.4444812245026952 
3 19 12 15 15 5 4 31 2.70999124060388841 2 20 6.96245171630185755 17 9 2 1 32 1 14 26 11 9 1 5 4 6 6 12 23 7 16 18 2 15 20 12 1 30 13 6 3 11 13 20 13 3 26 7 11 2 2.70999124060388841 18 11 6 12 8 4 5 32 12 20.2991158366203308 102.949928761999317 
14 25 4 4 6 4 3.36768017929769181 11 12 14 13 7 16 16.1354543567662532 3.84646942076222631 13.2195649013323386 6 7 15 32 13.151007650947605 12 32 2 16 20 4 14 31 9 15 5 5 15 12 3 4 17 7.75241283629571765 6 33 9 17 5 1 3 30 11 12 32 3 1 26 3 1 3 6 2 30 1 17.3045459985733032 254.607769320462808 
3 19 12 15 15 5 14 26 10 14 13 1 17 9 2 1 32 1 4 2 10 9 1 5 4 6 6 12 23 7 16 18 2 15 20 12 1 30 13 6 3 11 10 28 1 3 26 7 11 2 2.70999124060388841 3.36768017929769181 1 3 12 8 4 5 32 12 20.6345381736755371 99.9413971190245576 
3 19 12 15 15 5 14 24 8 3.36768017929769181 12 4 17 9 2 1 32 1 11 16.1354543567662532 10 9 1 5 4 6 6 12 23 7 16 18 2 15 20 12 1 30 13 6 3 11 10 28 1 3 26 7 11 2 2.70999124060388841 14 1 9 12 8 4 5 32 12 20.6642991006374359 89.6719424216455963 

Current Evaluation = 100000000(100000040)
Front Size = 31
3 9 2 2 24 8 15 23 8 14 7 4 1 3 10 3.36768017929769181 6 6 17 11 5 18 1 13 3 16.1354543567662532 12 13 24 12 9 30 5 2 32 1 13 13 2 4.94126535182462057 6 11 14 9 9 14 16 13 6 32 9.82524131762891173 8 31 12 14 20 6 13 1 8 18.9697301387786865 187.695793011969471 
17 5 9 3 32 11 11 26 7 2 2 13 3.36768017929769181 20 8 16 15 12 14 28 3 13 15 3 9.25570237641795579 7 9 4.94126535182462057 9 7 1 15 2 14 31 2 1 14 11 13.2195649013323386 31.8448655754823804 3 1 2 2 6 18.140740276750666 7 14 15 11 14 26 9 16 15 4 4 6 13 17.8374278843402863 218.372188922188911 
3 19 12 15 15 5 18 5 11 14 22 2 17 9 2 1 32 1 11 16.1354543567662532 10 9 1 5 4 6 6 12 23 7 16 18 2 15 20 12 1 30 13 6 3 11 10 28 1 3 26 7 11 2 2.70999124060388841 18 11 6 12 8 4 5 32 12 23.7522060871124268 58.8274388589289785 
10 23 4 1 9 1 4 32 9 16 25 11 12 26 2 6 31 3 14 25 9 15 24 13 4 20 3 17 15 7 3.36768017929769181 9 3 6 24 10 2 25 6.96245171630185755 2 31 7 1 1 9 15 25 7 13 22 6 4 6 9 9 8 7 16 16 12 17.8769397139549255 211.403536814063102 
3 19 12 15 15 5 6 13 11 16 31 9 17 9 2 1 32 1 11 16.1354543567662532 10 9 1 5 4 6 6 12 23 7 16 18 2 15 20 12 1 30 13 6 3 11 10 28 1 3 26 7 12 12 9 4 19 2 12 8 4 5 32 12 20.6400020718574524 90.8642134063948532 
3 19 12 15 15 5 13 17 2 3 32 9 17 9 2 17 30 4 11 16.1354543567662532 10 9 1 5 4 6 6 12 23 7 16 18 2 15 20 12 1 30 13 6 3 11 12 6 7 3 26 7 1 18 6 6 6 10 12 8 4 5 32 12 18.9812459349632263 155.208455733801173 
10 16 9 17 3 13 4 5.34074699537910114 7 15 6 3 14 32 1 1 24 5 12 5 3 15 30 9 5 2 13 15 31 3 9.25570237641795579 33 7 2 26 2 3 15 6 17 26 3.84646942076222631 4 32 5 1 25 9 12 24 10 14 2 9.82524131762891173 4 20 9 2 26 4 18.3861169815063477 202.653293153874529 
3 19 12 15 15 5 18 5 11 14 3 2.70999124060388841 17 9 2 1 32 1 11 16.1354543567662532 10 9 1 5 4 6 6 12 23 7 16 18 2 15 20 12 1 30 13 6 3 11 10 28 1 3 26 7 11 2 2.70999124060388841 9.25570237641795579 1 2 12 8 4 5 32 12 22.4603271484375 66.4312725458236315 
3 19 12 15 15 5 18 5 11 14 3 2.70999124060388841 17 9 2 1 32 1 11 16.1354543567662532 10 9 1 5 4 6 6 12 23 7 16 18 2 15 20 12 1 30 13 6 3 11 10 16.1354543567662532 1 3 26 7 11 2 2.70999124060388841 18 11 6 12 8 4 5 32 12 23.3312721252441406 63.8855129052059922 
3 19 12 15 15 5 18 5 11 10 2 2.70999124060388841 17 9 2 1 32 1 11 16.1354543567662532 10 9 1 5 4 6 6 12 23 7 16 18 2 15 20 12 1 30 13 6 3 11 10 28 1 3 26 7 11 2 2.70999124060388841 4 17 5 12 8 4 5 32 12 23.3928561210632324 60.9311737844468908 
3 19 12 15 15 5 18 5 11 16 30 2 17 9 2 1 32 1 11 16.1354543567662532 10 9 1 5 4 6 6 12 23 7 16 18 2 15 20 12 1 30 13 6 3 11 10 28 1 3 26 7 11 2 2.70999124060388841 18 20 5 12 8 4 5 32 12 23.0256131887435913 64.2406572353730638 
3 19 12 15 15 5 18 5 11 10 10 2 17 9 2 1 32 1 11 16.1354543567662532 10 9 1 5 4 6 6 12 23 7 16 18 2 15 20 12 1 30 13 6 3 11 10 28 1 3 26 7 11 2 2.70999124060388841 18 11 6 12 8 4 5 32 12 26.7406890392303467 54.8061331866088395 
3 19 12 15 15 5 18 5 11 14 33 2.70999124060388841 17 9 2 1 32 1 11 16.1354543567662532 10 9 1 5 4 6 6 12 23 7 16 18 2 15 20 12 1 30 13 6 3 11 10 28 1 3 26 7 11 2 2.70999124060388841 4 7 7 12 8 4 5 32 12 23.183616042137146 64.1501490495342352 
13 19 11 4 12 7 10 26 1 14 6 11 3.36768017929769181 5 6 3 9 7 13 18 10 4 32 5 14 6 4 4 30 4 3 7 13 2 13 11 9.25570237641795579 20 7 8 24 9 6 5 3.84646942076222631 12 30 10 13 6 12 15 6 10 16 31 12 3 16 13 17.6147809326648712 229.951939220849852 
3 19 12 15 15 5 6 1 3 14 6 4 17 9 2 1 32 1 11 16.1354543567662532 10 9 1 5 4 6 6 12 23 7 16 18 2 15 20 12 1 30 13 6 3 11 10 28 1 3 26 7 11 2 2.70999124060388841 16 25 9 12 8 4 5 32 12 20.7115201056003571 87.0308492885461504 
3 19 12 15 15 5 6 20 1 16 30 11 17 9 2 1 32 1 11 16.1354543567662532 10 9 1 5 4 6 6 12 23 7 16 18 2 15 20 12 1 30 13 6 3 11 10 28 1 3 26 7 11 2 2.70999124060388841 4 14 7 12 8 4 5 32 12 21.3050671219825745 69.1788785685260734 
16 20 4 6 15 7 13 30 7 1 24 4 3 15 2 5 20 2 1 30 7 4 8 12 9 15 12 5 2 3 15 32 10 1 12 7 16 32 2 14 26 4 13 16 13 10 18 5 3 16 11 14 16 1 16 31 7 14 15 11 18.0074263215065002 205.862696737387125 
3 19 12 15 15 5 18 5 11 16 33 2.70999124060388841 17 9 2 1 32 1 11 16.1354543567662532 10 9 1 5 4 6 6 12 23 7 16 18 2 15 20 12 1 30 13 6 3 11 10 28 1 3 26 7 11 2 2.70999124060388841 18 11 6 12 8 4 5 32 12 24.3794591426849365 56.7104289122178713 
3 19 12 15 15 5 18 5 11 14 30 2 17 9 2 1 32 1 11 16.1354543567662532 10 9 1 5 4 6 6 12 23 7 16 18 2 15 20 12 1 30 13 6 3 11 10 28 1 3 26 7 11 2 2.70999124060388841 18 11 6 12 8 4 5 32 12 23.2715971767902374 64.135572208178985 
3 19 12 15 15 5 3.36768017929769181 3 13 13 30 3 17 9 2 1 32 1 16 2 2 9 1 5 4 6 6 12 23 7 16 18 2 15 20 12 1 30 13 6 3 11 10 28 1 3 26 7 11 2 2.70999124060388841 14 24 11 12 8 4 5 32 12 20.5139830708503723 99.9888449788449805 
16 9 2 8 6 12 12 14 4 15 28 8 15 22 4 17 6 4 6 5.34074699537910114 11 4 5 10 14 31 4 4 6 9 11 16.1354543567662532 12 4.94126535182462057 12 13 17 12 1 14 26 9.82524131762891173 15 31 12 6 25 4 17 26 5 13 12 13.151007650947605 14 15 5 12 1 11 17.3171828985214233 247.263083596829745 
3 19 12 15 15 5 13 31 10 13 5.34074699537910114 7 17 9 2 1 32 1 11 16.1354543567662532 10 9 1 5 4 6 6 12 23 7 16 18 2 15 20 12 14 24 13 6 3 11 1 16.1354543567662532 8 3 26 7 11 2 2.70999124060388841 14 30 5 17 6 5 5 32 12 19.2968428730964661 123.700123237114596 
16 11 5 1 31 8 14 6 9 4 26 2.70999124060388841 1 32 9 1 20 4 14 26 10 3 24 9 10 31 7 9.25570237641795579 15 5 4 28 3 11 12 3.84646942076222631 12 6 4 16 6 9.82524131762891173 14 8 8 15 3 8 14 25 2 17 7 2 3 32 1 17.8244721320812971 25 10 17.6744678616523743 218.82316833493303 
4 16 1 15 1 1 3.36768017929769181 20 1 9.25570237641795579 6 3.84646942076222631 2 17 9.82524131762891173 17.8244721320812971 25 7.75241283629571765 1.62229798836725392 1 7.88610251083374347 18 12 9 16 9 1.10007641880078921 14 15 9 1 26 13 14 3.20579382966472926 5 8 24 9 12 15 4 13.361908823362814 7 3 1 1 4 6 16 3 2 32 8 12 30 5 16 19 2 18.6703376770019531 194.448127759717323 
3 19 12 15 15 5 18 5 11 16 31 2.70999124060388841 17 9 2 1 32 1 11 16.1354543567662532 10 9 1 5 4 6 6 12 23 7 16 18 2 15 20 12 1 30 13 6 3 11 10 28 1 3 26 7 11 2 2.70999124060388841 18 11 6 12 8 4 5 32 12 23.6201891899108887 59.4444812245026952 
3 19 12 15 15 5 4 31 2.70999124060388841 2 20 6.96245171630185755 17 9 2 1 32 1 14 26 11 9 1 5 4 6 6 12 23 7 16 18 2 15 20 12 1 30 13 6 3 11 13 20 13 3 26 7 11 2 2.70999124060388841 18 11 6 12 8 4 5 32 12 20.2991158366203308 102.949928761999317 
14 25 4 4 6 4 3.36768017929769181 11 12 14 13 7 16 16.1354543567662532 3.84646942076222631 13.2195649013323386 6 7 15 32 13.151007650947605 12 32 2 16 20 4 14 31 9 15 5 5 15 12 3 4 17 7.75241283629571765 6 33 9 17 5 1 3 30 11 12 32 3 1 26 3 1 3 6 2 30 1 17.3045459985733032 254.607769320462808 
3 19 12 15 15 5 14 26 10 14 13 1 17 9 2 1 32 1 4 2 10 9 1 5 4 6 6 12 23 7 16 18 2 15 20 12 1 30 13 6 3 11 10 28 1 3 26 7 11 2 2.70999124060388841 3.36768017929769181 1 3 12 8 4 5 32 12 20.6345381736755371 99.9413971190245576 
3 19 12 15 15 5 14 24 8 3.36768017929769181 12 4 17 9 2 1 32 1 11 16.1354543567662532 10 9 1 5 4 6 6 12 23 7 16 18 2 15 20 12 1 30 13 6 3 11 10 28 1 3 26 7 11 2 2.70999124060388841 14 1 9 12 8 4 5 32 12 20.6642991006374359 89.6719424216455963 
3 19 12 15 15 5 6 25 4 4 1 11 17 9 2 1 32 1 12 24 4 9 1 5 4 6 6 12 23 7 16 18 2 15 20 12 1 30 13 6 3 11 10 28 1 3 26 7 11 2 2.70999124060388841 1 15 13 12 8 4 17 12 6 19.6996500492095947 103.936298057386907 
3 19 12 15 15 5 18 5 11 14 31 2 17 9 2 1 32 1 11 16.1354543567662532 10 9 1 5 4 6 6 12 23 7 16 18 2 15 20 12 1 30 13 6 3 11 10 28 1 3 26 7 11 2 2.70999124060388841 18 11 6 12 8 4 5 32 12 23.3718761205673218 62.6653194909413571 

MOEA/D: Multiobjective Evolutionary Algorithm Based on Decomposition
Number of Evaluations = 100000000
Mutation Probability = 0.0500000007450580597
Population Size = 140
Neighborhood size = 22
Seed: 13

Time =  78684.9461429999938

Current Evaluation = 100000040
Front Size = 31
3 9 2 2 24 8 15 23 8 14 7 4 1 3 10 3.36768017929769181 6 6 17 11 5 18 1 13 3 16.1354543567662532 12 13 24 12 9 30 5 2 32 1 13 13 2 4.94126535182462057 6 11 14 9 9 14 16 13 6 32 9.82524131762891173 8 31 12 14 20 6 13 1 8 18.9697301387786865 187.695793011969471 
17 5 9 3 32 11 11 26 7 2 2 13 3.36768017929769181 20 8 16 15 12 14 28 3 13 15 3 9.25570237641795579 7 9 4.94126535182462057 9 7 1 15 2 14 31 2 1 14 11 13.2195649013323386 31.8448655754823804 3 1 2 2 6 18.140740276750666 7 14 15 11 14 26 9 16 15 4 4 6 13 17.8374278843402863 218.372188922188911 
3 19 12 15 15 5 18 5 11 14 22 2 17 9 2 1 32 1 11 16.1354543567662532 10 9 1 5 4 6 6 12 23 7 16 18 2 15 20 12 1 30 13 6 3 11 10 28 1 3 26 7 11 2 2.70999124060388841 18 11 6 12 8 4 5 32 12 23.7522060871124268 58.8274388589289785 
10 23 4 1 9 1 4 32 9 16 25 11 12 26 2 6 31 3 14 25 9 15 24 13 4 20 3 17 15 7 3.36768017929769181 9 3 6 24 10 2 25 6.96245171630185755 2 31 7 1 1 9 15 25 7 13 22 6 4 6 9 9 8 7 16 16 12 17.8769397139549255 211.403536814063102 
3 19 12 15 15 5 6 13 11 16 31 9 17 9 2 1 32 1 11 16.1354543567662532 10 9 1 5 4 6 6 12 23 7 16 18 2 15 20 12 1 30 13 6 3 11 10 28 1 3 26 7 12 12 9 4 19 2 12 8 4 5 32 12 20.6400020718574524 90.8642134063948532 
3 19 12 15 15 5 13 17 2 3 32 9 17 9 2 17 30 4 11 16.1354543567662532 10 9 1 5 4 6 6 12 23 7 16 18 2 15 20 12 1 30 13 6 3 11 12 6 7 3 26 7 1 18 6 6 6 10 12 8 4 5 32 12 18.9812459349632263 155.208455733801173 
10 16 9 17 3 13 4 5.34074699537910114 7 15 6 3 14 32 1 1 24 5 12 5 3 15 30 9 5 2 13 15 31 3 9.25570237641795579 33 7 2 26 2 3 15 6 17 26 3.84646942076222631 4 32 5 1 25 9 12 24 10 14 2 9.82524131762891173 4 20 9 2 26 4 18.3861169815063477 202.653293153874529 
3 19 12 15 15 5 18 5 11 14 3 2.70999124060388841 17 9 2 1 32 1 11 16.1354543567662532 10 9 1 5 4 6 6 12 23 7 16 18 2 15 20 12 1 30 13 6 3 11 10 28 1 3 26 7 11 2 2.70999124060388841 9.25570237641795579 1 2 12 8 4 5 32 12 22.4603271484375 66.4312725458236315 
3 19 12 15 15 5 18 5 11 14 3 2.70999124060388841 17 9 2 1 32 1 11 16.1354543567662532 10 9 1 5 4 6 6 12 23 7 16 18 2 15 20 12 1 30 13 6 3 11 10 16.1354543567662532 1 3 26 7 11 2 2.70999124060388841 18 11 6 12 8 4 5 32 12 23.3312721252441406 63.8855129052059922 
3 19 12 15 15 5 18 5 11 10 2 2.70999124060388841 17 9 2 1 32 1 11 16.1354543567662532 10 9 1 5 4 6 6 12 23 7 16 18 2 15 20 12 1 30 13 6 3 11 10 28 1 3 26 7 11 2 2.70999124060388841 4 17 5 12 8 4 5 32 12 23.3928561210632324 60.9311737844468908 
3 19 12 15 15 5 18 5 11 16 30 2 17 9 2 1 32 1 11 16.1354543567662532 10 9 1 5 4 6 6 12 23 7 16 18 2 15 20 12 1 30 13 6 3 11 10 28 1 3 26 7 11 2 2.70999124060388841 18 20 5 12 8 4 5 32 12 23.0256131887435913 64.2406572353730638 
3 19 12 15 15 5 18 5 11 10 10 2 17 9 2 1 32 1 11 16.1354543567662532 10 9 1 5 4 6 6 12 23 7 16 18 2 15 20 12 1 30 13 6 3 11 10 28 1 3 26 7 11 2 2.70999124060388841 18 11 6 12 8 4 5 32 12 26.7406890392303467 54.8061331866088395 
3 19 12 15 15 5 18 5 11 14 33 2.70999124060388841 17 9 2 1 32 1 11 16.1354543567662532 10 9 1 5 4 6 6 12 23 7 16 18 2 15 20 12 1 30 13 6 3 11 10 28 1 3 26 7 11 2 2.70999124060388841 4 7 7 12 8 4 5 32 12 23.183616042137146 64.1501490495342352 
13 19 11 4 12 7 10 26 1 14 6 11 3.36768017929769181 5 6 3 9 7 13 18 10 4 32 5 14 6 4 4 30 4 3 7 13 2 13 11 9.25570237641795579 20 7 8 24 9 6 5 3.84646942076222631 12 30 10 13 6 12 15 6 10 16 31 12 3 16 13 17.6147809326648712 229.951939220849852 
3 19 12 15 15 5 6 1 3 14 6 4 17 9 2 1 32 1 11 16.1354543567662532 10 9 1 5 4 6 6 12 23 7 16 18 2 15 20 12 1 30 13 6 3 11 10 28 1 3 26 7 11 2 2.70999124060388841 16 25 9 12 8 4 5 32 12 20.7115201056003571 87.0308492885461504 
3 19 12 15 15 5 6 20 1 16 30 11 17 9 2 1 32 1 11 16.1354543567662532 10 9 1 5 4 6 6 12 23 7 16 18 2 15 20 12 1 30 13 6 3 11 10 28 1 3 26 7 11 2 2.70999124060388841 4 14 7 12 8 4 5 32 12 21.3050671219825745 69.1788785685260734 
16 20 4 6 15 7 13 30 7 1 24 4 3 15 2 5 20 2 1 30 7 4 8 12 9 15 12 5 2 3 15 32 10 1 12 7 16 32 2 14 26 4 13 16 13 10 18 5 3 16 11 14 16 1 16 31 7 14 15 11 18.0074263215065002 205.862696737387125 
3 19 12 15 15 5 18 5 11 16 33 2.70999124060388841 17 9 2 1 32 1 11 16.1354543567662532 10 9 1 5 4 6 6 12 23 7 16 18 2 15 20 12 1 30 13 6 3 11 10 28 1 3 26 7 11 2 2.70999124060388841 18 11 6 12 8 4 5 32 12 24.3794591426849365 56.7104289122178713 
3 19 12 15 15 5 18 5 11 14 30 2 17 9 2 1 32 1 11 16.1354543567662532 10 9 1 5 4 6 6 12 23 7 16 18 2 15 20 12 1 30 13 6 3 11 10 28 1 3 26 7 11 2 2.70999124060388841 18 11 6 12 8 4 5 32 12 23.2715971767902374 64.135572208178985 
3 19 12 15 15 5 3.36768017929769181 3 13 13 30 3 17 9 2 1 32 1 16 2 2 9 1 5 4 6 6 12 23 7 16 18 2 15 20 12 1 30 13 6 3 11 10 28 1 3 26 7 11 2 2.70999124060388841 14 24 11 12 8 4 5 32 12 20.5139830708503723 99.9888449788449805 
16 9 2 8 6 12 12 14 4 15 28 8 15 22 4 17 6 4 6 5.34074699537910114 11 4 5 10 14 31 4 4 6 9 11 16.1354543567662532 12 4.94126535182462057 12 13 17 12 1 14 26 9.82524131762891173 15 31 12 6 25 4 17 26 5 13 12 13.151007650947605 14 15 5 12 1 11 17.3171828985214233 247.263083596829745 
3 19 12 15 15 5 13 31 10 13 5.34074699537910114 7 17 9 2 1 32 1 11 16.1354543567662532 10 9 1 5 4 6 6 12 23 7 16 18 2 15 20 12 14 24 13 6 3 11 1 16.1354543567662532 8 3 26 7 11 2 2.70999124060388841 14 30 5 17 6 5 5 32 12 19.2968428730964661 123.700123237114596 
16 11 5 1 31 8 14 6 9 4 26 2.70999124060388841 1 32 9 1 20 4 14 26 10 3 24 9 10 31 7 9.25570237641795579 15 5 4 28 3 11 12 3.84646942076222631 12 6 4 16 6 9.82524131762891173 14 8 8 15 3 8 14 25 2 17 7 2 3 32 1 17.8244721320812971 25 10 17.6744678616523743 218.82316833493303 
4 16 1 15 1 1 3.36768017929769181 20 1 9.25570237641795579 6 3.84646942076222631 2 17 9.82524131762891173 17.8244721320812971 25 7.75241283629571765 1.62229798836725392 1 7.88610251083374347 18 12 9 16 9 1.10007641880078921 14 15 9 1 26 13 14 3.20579382966472926 5 8 24 9 12 15 4 13.361908823362814 7 3 1 1 4 6 16 3 2 32 8 12 30 5 16 19 2 18.6703376770019531 194.448127759717323 
3 19 12 15 15 5 18 5 11 16 31 2.70999124060388841 17 9 2 1 32 1 11 16.1354543567662532 10 9 1 5 4 6 6 12 23 7 16 18 2 15 20 12 1 30 13 6 3 11 10 28 1 3 26 7 11 2 2.70999124060388841 18 11 6 12 8 4 5 32 12 23.6201891899108887 59.4444812245026952 
3 19 12 15 15 5 4 31 2.70999124060388841 2 20 6.96245171630185755 17 9 2 1 32 1 14 26 11 9 1 5 4 6 6 12 23 7 16 18 2 15 20 12 1 30 13 6 3 11 13 20 13 3 26 7 11 2 2.70999124060388841 18 11 6 12 8 4 5 32 12 20.2991158366203308 102.949928761999317 
14 25 4 4 6 4 3.36768017929769181 11 12 14 13 7 16 16.1354543567662532 3.84646942076222631 13.2195649013323386 6 7 15 32 13.151007650947605 12 32 2 16 20 4 14 31 9 15 5 5 15 12 3 4 17 7.75241283629571765 6 33 9 17 5 1 3 30 11 12 32 3 1 26 3 1 3 6 2 30 1 17.3045459985733032 254.607769320462808 
3 19 12 15 15 5 14 26 10 14 13 1 17 9 2 1 32 1 4 2 10 9 1 5 4 6 6 12 23 7 16 18 2 15 20 12 1 30 13 6 3 11 10 28 1 3 26 7 11 2 2.70999124060388841 3.36768017929769181 1 3 12 8 4 5 32 12 20.6345381736755371 99.9413971190245576 
3 19 12 15 15 5 14 24 8 3.36768017929769181 12 4 17 9 2 1 32 1 11 16.1354543567662532 10 9 1 5 4 6 6 12 23 7 16 18 2 15 20 12 1 30 13 6 3 11 10 28 1 3 26 7 11 2 2.70999124060388841 14 1 9 12 8 4 5 32 12 20.6642991006374359 89.6719424216455963 
3 19 12 15 15 5 6 25 4 4 1 11 17 9 2 1 32 1 12 24 4 9 1 5 4 6 6 12 23 7 16 18 2 15 20 12 1 30 13 6 3 11 10 28 1 3 26 7 11 2 2.70999124060388841 1 15 13 12 8 4 17 12 6 19.6996500492095947 103.936298057386907 
3 19 12 15 15 5 18 5 11 14 31 2 17 9 2 1 32 1 11 16.1354543567662532 10 9 1 5 4 6 6 12 23 7 16 18 2 15 20 12 1 30 13 6 3 11 10 28 1 3 26 7 11 2 2.70999124060388841 18 11 6 12 8 4 5 32 12 23.3718761205673218 62.6653194909413571 

