Current Evaluation = 10000000(10000000)
Front Size = 34
11 20 6 17 1 9 6 3 2 14 29 1 16 26 2 14 15 13 9 21 11 4 31 13 12 1 4 1 22 9 2 32 4 15 15 9 10 33 1 16 6 8 11 24 11 4 9 12 3 19 2.70999124060388841 1 25 4 6 3 5 15 15 5 21.31490558385849 76.5741217487885848 
11 20 6 17 1 9 6 3 2 14 29 1 16 26 2 6 15 13 9 21 11 4 31 13 12 1 4 1 22 9 2 32 4 15 15 9 10 33 1 16 6 8 11 24 11 4 9 12 3 19 2.70999124060388841 14 20 3 6 3 5 10 2 1 22.2001267075538635 70.6021179348701793 
11 20 6 17 1 9 6 3 2 14 29 1 16 26 2 18 33 12 9 21 11 4 31 13 12 1 4 1 22 9 2 32 4 15 15 9 10 33 1 16 6 8 11 24 11 4 9 12 3 19 2.70999124060388841 1 7 9 6 3 5 14 15 3 23.336093544960022 61.835776042749572 
13 1 13 6 30 9 5 12 2.70999124060388841 3 24 5 4 15 8 6 11 2 2 32 13 10 31 6.96245171630185755 6 11 1 14 26 12 16 24 9 9 6 11 15 24 5 2 24 10 12 7 3 3 12 2 6 26 7 10 12 12 15 3 5 9 32 13 18.7962867021560669 203.636355141173681 
11 20 6 17 1 9 6 3 2 14 29 1 16 26 2 4 24 10 15 5.34074699537910114 9 4 31 13 12 1 4 1 22 9 2 32 4 15 15 9 10 33 1 16 6 8 11 24 11 4 9 12 3 19 2.70999124060388841 12 24 6 6 3 5 8 5 1 20.6167596578598022 112.753777829647532 
11 20 6 17 1 9 6 3 2 14 29 1 16 26 2 15 14 1 9 21 11 4 31 13 12 1 4 1 22 9 2 32 4 15 15 9 1 20 9 16 6 8 11 24 11 4 9 12 3 19 2.70999124060388841 14 15 6 6 3 5 10 2 1 21.0657945275306702 95.2329856332178366 
11 20 6 17 1 9 6 3 2 14 29 1 16 26 2 18 33 12 9 21 11 4 31 13 12 1 4 1 22 9 2 32 4 15 15 9 10 33 1 16 6 8 11 24 11 4 9 12 3 19 2.70999124060388841 14 20 9 6 3 5 10 2 1 23.704329788684845 58.607158511440602 
11 20 6 17 1 9 6 3 2 14 29 1 16 26 2 18 33 12 9 21 11 4 31 13 12 1 4 1 22 9 2 32 4 15 15 9 10 33 1 16 6 8 11 24 11 4 9 12 3 19 2.70999124060388841 14 17 7 6 3 5 10 2 1 24.1484147310256958 58.3031857681681558 
11 20 6 17 1 9 6 3 2 14 29 1 16 26 2 18 24 1 9 21 11 4 31 13 12 1 4 1 22 9 2 32 4 15 15 9 10 33 1 16 6 8 11 24 11 4 9 12 3 19 2.70999124060388841 1 27 10 6 3 5 10 2 1 24.7997738122940063 57.3473239150326251 
11 20 6 17 1 9 6 3 2 14 29 1 16 26 2 4 31 12 4 6 10 4 31 13 12 1 4 1 22 9 2 32 4 15 15 9 10 33 1 16 6 8 11 24 11 4 9 12 3 19 2.70999124060388841 5 1 12 6 3 5 13 26 10 20.5195745825767517 120.021444082148491 
11 20 6 17 1 9 6 3 2 14 29 1 16 26 2 13 30 5 9 21 11 4 31 13 12 1 4 1 22 9 2 32 4 15 15 9 6 26 11 16 6 8 11 24 11 4 9 12 3 19 2.70999124060388841 4 15 13 6 3 5 10 2 1 20.9036076068878174 106.10319939206174 
11 20 6 17 1 9 6 3 2 14 29 1 16 26 2 18 33 12 9 21 11 4 31 13 12 1 4 1 22 9 2 32 4 15 15 9 10 33 1 16 6 8 11 24 11 4 9 12 3 19 2.70999124060388841 1 14 9 6 3 5 10 2 1 24.1355327963829041 58.379074429931805 
4 9 2 9 2 13 4 24 4 2 32 12 2 16 2.70999124060388841 14 1 3 14 9 11 17 30 4 2 14 5 3 6 6 8 15 11 14 31 1 1 30 12 12 23 8 9.25570237641795579 1 6 2 16 11 13 20 4 4 22 3.84646942076222631 9 26 7 3 8 5 19.1526885628700256 195.929814629814615 
11 20 6 17 1 9 6 3 2 14 29 1 16 26 2 18 33 12 9 21 11 4 31 13 12 1 4 1 22 9 2 32 4 15 15 9 10 33 1 16 6 8 11 24 11 4 9 12 3 19 2.70999124060388841 14 11 3 6 3 5 10 2 1 24.2686507701873779 57.9163088195706877 
11 20 6 17 1 9 6 3 2 14 16 1 16 26 2 18 33 12 9 21 11 4 31 13 12 1 4 1 22 9 2 32 4 15 15 9 10 33 1 16 6 8 11 24 11 4 9 12 3 19 2.70999124060388841 1 27 10 6 3 5 10 2 1 24.9025169610977173 57.2265931754312547 
11 20 6 17 1 9 6 3 2 14 29 1 16 26 2 3.36768017929769181 5 10 9 21 11 4 31 13 12 1 4 1 22 9 2 32 4 15 15 9 14 25 5 16 6 8 1 9 6 4 9 12 3 19 2.70999124060388841 9.25570237641795579 30 1 6 3 5 10 2 1 20.7998676300048828 109.940002014607799 
11 20 6 17 1 9 6 3 2 14 29 1 16 26 2 18 33 12 9 21 11 4 31 13 12 1 4 1 22 9 2 32 4 15 15 9 10 33 1 16 6 8 11 24 11 4 9 12 3 19 2.70999124060388841 2 1 4 6 3 5 15 17 6 23.6750286221504211 61.6040978216847748 
12 9 9 2 32 2.70999124060388841 17 32 5 6 25 5 8 20 2 12 25 12 17 2 9 13 26 2 16 20 10 6 1 12 16 24 3 14 14 5 1 16.1354543567662532 13 2 9 1 18 6 11 13 24 1 12 24 11 3 31 6 4.94126535182462057 15 6 3 30 10 18.0028517246246338 231.317973586149293 
5 20 4 4 16 7 14 6 2.70999124060388841 17 31 2 13 23 7 8 28 5 16 16.1354543567662532 1 14 19 8 6 1 9 4.94126535182462057 1 12 2 24 4 14 28 12 15 25 10 14 14 4 17 26 1 9 33 7 2 26 13 14 2 9 14 30 9.82524131762891173 9 32 11 18.8147349655628204 202.755027720817225 
9 17 2.70999124060388841 1 24 13 1 2 8 11 15 11 4 31 2 6 1 11 3 11 10 14 20 7 1 22 9 1 31 8 6 18 6.96245171630185755 4 31 4 5 15 4 1 26 4 4 2 1 2 25 8 15 6 3.84646942076222631 9 20 10 13.2195649013323386 16 4 16 31.8448655754823804 1 19.060210645198822 198.306017702139314 
14 32 4 15 5.34074699537910114 1 9.25570237641795579 33 5 3 20 9 4 26 8 4 30 7 6 7 1 1 3 1 4.94126535182462057 26 7 16 25 9 11 15 11 15 12 5 1 23 9.82524131762891173 13 24 4 16 22 6 1 31 4 12 18 1 13 24 10 6 1 12 6 1 5 18.3381489217281342 208.065181980042667 
5 25 5 3 24 1 15 22 7 6 12 3 9 5 5 4 1 3 17 2 2.70999124060388841 16 15 7 3 18 3 18 28 9 15 20 8 8 12 9 14 24 13 12 12 9 5 1 2 1 31 3 13 6 7 2 9 6 14 32 3 16 17 13 19.5984895825386047 182.872333222333197 
16 28 13 4 18 2.70999124060388841 9 19 6.96245171630185755 14 13 11 14 20 10 4 24 13 14 31 5 17 26 8 4 20 4 15 24 4 2 20 6 8 12 5 16 15 4 4.94126535182462057 25 8 2 20 2 4 1 2 17 23 8 1 15 2 6 30 8 15 20 9.82524131762891173 17.2845627665519714 236.635367247131995 
6 22 6 1 20 3 2 31 1 12 6 5 4 15 2.70999124060388841 14 15 12 15 22 1 12 8 12 16 31 13 1 8 9 14 14 3 13 1 3 2 30 1 6 26 13 13 30 9 15 15 10 9.25570237641795579 12 12 4.94126535182462057 24 4 15 5 4 11 20 9.82524131762891173 18.0896143913269043 224.412123269460722 
14 17 2 16 1 4 1 8 2 3 15 11 1 18 8 13 16 12 12 24 4 17 31 9 2 6 6 4 9 4 17 22 11 9 1 6 3 32 1 2 19 12 2 30 13 16 13 1 12 6 5 3 18 3 9 32 7 9 25 12 19.2660346627235413 195.321022768081605 
11 20 6 17 1 9 6 3 2 14 20 13 16 26 2 3 6 10 3.36768017929769181 30 3 4 31 13 12 1 4 1 22 9 2 32 4 15 15 9 10 33 1 16 6 8 9.25570237641795579 17 3.84646942076222631 4 9 12 3 19 2.70999124060388841 1 6 9 6 3 5 10 2 1 19.6612519025802612 128.753372835864241 
11 20 6 17 1 9 6 3 2 14 29 1 16 26 2 18 33 12 9 21 11 4 31 13 12 1 4 1 22 9 2 32 4 15 15 9 10 33 1 16 6 8 11 24 11 4 9 12 3 19 2.70999124060388841 1 27 10 6 3 5 10 2 1 25.5001107454299927 55.7726718703656346 
11 20 6 17 1 9 6 3 2 14 29 1 16 26 2 18 33 12 12 12 12 4 31 13 12 1 4 1 22 9 2 32 4 15 15 9 10 33 1 16 6 8 11 24 11 4 9 12 3 19 2.70999124060388841 14 25 10 6 3 5 10 2 1 22.5640076994895935 66.0765785610708747 
11 20 6 17 1 9 6 3 2 14 29 1 16 26 2 14 17 3 3.36768017929769181 9 11 4 31 13 12 1 4 1 22 9 2 32 4 15 15 9 10 33 1 16 6 8 11 24 11 4 9 12 3 19 2.70999124060388841 9 6 7 6 3 5 6 13 7 20.714305579662323 110.171720304784827 
11 20 6 17 1 9 6 3 2 14 29 1 16 26 2 15 23 2 9 21 11 4 31 13 12 1 4 1 22 9 2 32 4 15 15 9 13 30 2 16 6 8 11 24 11 4 9 12 3 19 2.70999124060388841 10 16 10 6 3 5 3 12 9 21.1643304228782654 94.717404142999797 
11 20 6 17 1 9 6 3 2 14 29 1 16 26 2 3 16 13 9 21 11 4 31 13 12 1 4 1 22 9 2 32 4 15 15 9 10 33 1 16 6 8 11 24 11 4 9 12 3 19 2.70999124060388841 1 17 9 6 3 5 10 2 1 23.0379588007926941 64.5916363441211274 
3 9 2.70999124060388841 6 12 12 4 31 12 2 25 5 15 19 11 1 16.1354543567662532 5 12 7 10 4 6 3 8 1 13 6 31 4 17 12 4 16 3 8 10 25 1 4 18 11 12 11 12 4.94126535182462057 32 2 15 17 11 8 32 3 16 6 9 10 24 4 19.3947996497154236 189.744342369210557 
11 20 6 17 1 9 6 3 2 14 29 1 16 26 2 18 33 12 9 21 11 4 31 13 12 1 4 1 22 9 2 32 4 15 15 9 10 33 1 16 6 8 11 24 11 4 9 12 3 19 2.70999124060388841 1 25 10 6 3 5 10 2 1 24.0545157194137573 58.4880113988887373 
11 20 6 17 1 9 6 3 2 14 29 1 16 26 2 18 33 12 9 21 11 4 31 13 12 1 4 1 22 9 2 32 4 15 15 9 10 33 1 16 6 8 11 24 11 4 9 12 3 19 2.70999124060388841 14 13 6 6 3 5 15 31 10 23.2817367315292358 63.2497810442421766 

Current Evaluation = 20000000(20000000)
Front Size = 26
11 20 6 17 1 9 6 3 2 14 29 1 16 26 2 14 15 13 9 21 11 4 31 13 12 1 4 1 22 9 2 32 4 15 15 9 10 33 1 16 6 8 11 24 11 4 9 12 3 19 2.70999124060388841 1 25 4 6 3 5 15 15 5 21.31490558385849 76.5741217487885848 
11 20 6 17 1 9 6 3 2 14 29 1 16 26 2 6 15 13 9 21 11 4 31 13 12 1 4 1 22 9 2 32 4 15 15 9 10 33 1 16 6 8 11 24 11 4 9 12 3 19 2.70999124060388841 14 20 3 6 3 5 10 2 1 22.2001267075538635 70.6021179348701793 
11 20 6 17 1 9 6 3 2 14 29 1 16 26 2 18 33 12 9 21 11 4 31 13 12 1 4 1 22 9 2 32 4 15 15 9 10 33 1 16 6 8 11 24 11 4 9 12 3 19 2.70999124060388841 1 7 9 6 3 5 14 15 3 23.336093544960022 61.835776042749572 
5 25 5 3 24 1 15 22 7 6 12 3 9 5 5 4 1 3 17 2 2.70999124060388841 16 15 7 3 18 3 18 28 9 15 20 8 8 12 9 14 24 13 12 12 9 5 1 2 1 31 3 13 6 7 2 9 6 14 32 3 16 17 13 19.5984895825386047 182.872333222333197 
16 28 13 4 18 2.70999124060388841 9 19 6.96245171630185755 14 13 11 14 20 10 4 24 13 14 31 5 17 26 8 4 20 4 15 24 4 2 20 6 8 12 5 16 15 4 4.94126535182462057 25 8 2 20 2 4 1 2 17 23 8 1 15 2 6 30 8 15 20 9.82524131762891173 17.2845627665519714 236.635367247131995 
11 20 6 17 1 9 6 3 2 14 20 13 16 26 2 3 6 10 3.36768017929769181 30 3 4 31 13 12 1 4 1 22 9 2 32 4 15 15 9 10 33 1 16 6 8 9.25570237641795579 17 3.84646942076222631 4 9 12 3 19 2.70999124060388841 1 6 9 6 3 5 10 2 1 19.6612519025802612 128.753372835864241 
11 20 6 17 1 9 6 3 2 14 29 1 16 26 2 18 33 12 12 12 12 4 31 13 12 1 4 1 22 9 2 32 4 15 15 9 10 33 1 16 6 8 11 24 11 4 9 12 3 19 2.70999124060388841 14 25 10 6 3 5 10 2 1 22.5640076994895935 66.0765785610708747 
11 20 6 17 1 9 6 3 2 14 29 1 16 26 2 3 16 13 9 21 11 4 31 13 12 1 4 1 22 9 2 32 4 15 15 9 10 33 1 16 6 8 11 24 11 4 9 12 3 19 2.70999124060388841 1 17 9 6 3 5 10 2 1 23.0379588007926941 64.5916363441211274 
11 20 6 17 1 9 6 3 2 14 29 1 16 26 2 4 1 9 9 21 11 4 31 13 12 1 4 1 22 9 2 32 4 15 15 9 10 33 1 16 6 8 11 24 11 4 9 12 3 19 2.70999124060388841 13 25 7 6 3 5 15 30 10 21.1580185890197754 88.9370350039854429 
11 20 6 17 1 9 6 3 2 14 29 1 16 26 2 18 33 12 9 15 7 4 31 13 12 1 4 1 22 9 2 32 4 15 15 9 10 33 1 16 6 8 11 24 11 4 9 12 3 19 2.70999124060388841 1 14 4 6 3 5 14 12 6 21.8537996411323547 75.3097024028562743 
11 20 6 17 1 9 6 3 2 14 29 1 16 26 2 18 33 12 9 21 11 4 31 13 12 1 4 1 22 9 2 32 4 15 15 9 10 33 1 16 6 8 11 24 11 4 9 12 3 19 2.70999124060388841 5 14 7 6 3 5 10 2 1 24.7438727617263794 56.3462246608142578 
11 20 6 17 1 9 6 3 2 14 29 1 16 26 2 18 33 12 9 21 11 4 31 13 12 1 4 1 22 9 2 32 4 15 15 9 10 33 1 16 6 8 11 24 11 4 9 12 3 19 2.70999124060388841 1 27 10 6 3 5 10 2 1 25.5001107454299927 55.7646312509484403 
1 20 7 6 25 7 12 15 11 14 20 2 14 20 5 3 7 9 14 26 11 14 14 7 8 24 10 16 30 3 15 30 7 8 18 2.70999124060388841 8 7 3 17 5 1 13 30 10 15 8 3 16 25 4 14 12 12 9.25570237641795579 1 11 3 8.22565314501180467 7 16.9737210869789124 316.230921855921792 
2 20 9 10 26 2.70999124060388841 13 31 8 13 32 9 1 15 2 12 2 4 17 24 8 8 28 4 3 16.1354543567662532 10 14 25 2 3 1 2 12 2 2 4.94126535182462057 26 1 17 6 5 17 14 11 14 26 5 14 26 6 4 6 2 13.2195649013323386 32 3 17.8244721320812971 15 7.75241283629571765 17.293383777141571 217.1183839846029 
11 20 6 17 1 9 6 3 2 14 29 1 16 26 2 6 30 1 9 21 11 4 31 13 12 1 4 1 22 9 2 32 4 15 15 9 10 33 1 16 6 8 11 24 11 4 9 12 3 19 2.70999124060388841 14 15 3 6 3 5 15 1 10 21.3075895309448242 79.9087361565516403 
3.36768017929769181 13 12 14 24 4 15 24 5 9 15 13 4 22 8 2 2 1 16 18 2 9.25570237641795579 13 12 14 31 11 13 19 3.84646942076222631 16 32 13 2 6 9 13.2195649013323386 26 9 3 17 11 4 15 9 17 9 5 6 16 6 16 7 13 1 25 4 8 5 3 19.1972121298313141 184.983155028665863 
11 20 6 17 1 9 6 3 2 14 29 1 16 26 2 18 33 12 9 21 11 4 31 13 12 1 4 1 22 9 2 32 4 15 15 9 10 33 1 16 6 8 11 24 11 4 9 12 3 19 2.70999124060388841 9 1 7 6 3 5 14 25 1 23.2560886144638062 62.5099185277393303 
3 31 8 3 5.34074699537910114 4 6 28 1 15 15 8 6 6 2 4 30 10 9.25570237641795579 31 9 2 20 13 1 20 9 10 24 11 4.94126535182462057 6 8 6 12 11 4 19 3 14 3 9.82524131762891173 10 2 7 6 24 5 13 32 13.151007650947605 4 8 2 17 12 11 1 25 9 17.986997663974762 188.748980697664905 
11 20 6 17 1 9 6 3 2 14 29 1 16 26 2 8 30 4 9 21 11 4 31 13 12 1 4 1 22 9 2 32 4 15 15 9 15 14 2.70999124060388841 16 6 8 9 30 5 4 9 12 3 19 2.70999124060388841 14 7 8 6 3 5 14 26 4 19.7369524836540222 125.278577203373246 
11 20 6 17 1 9 6 3 2 14 29 1 16 26 2 15 24 12 9 21 11 4 31 13 12 1 4 1 22 9 2 32 4 15 15 9 10 33 1 16 6 8 11 24 11 4 9 12 3 19 2.70999124060388841 14 25 9 6 3 5 10 2 1 22.0948886871337891 72.3358559548938729 
4 6 2 3.36768017929769181 31 3 17 30 9 5 9 1 4 26 11 12 17 11 16 15 12 17 18 10 13 9 11 14 6 10 8 30 1 6 1 6.96245171630185755 1 1 7 10 20 10 15 15 4 1 19 4 8 8 3 6 12 3 4.94126535182462057 3 2 14 26 2 17.97353395819664 206.273132328627639 
11 20 6 17 1 9 6 3 2 14 29 1 16 26 2 18 33 12 9 21 11 4 31 13 12 1 4 1 22 9 2 32 4 15 15 9 10 33 1 16 6 8 11 24 11 4 9 12 3 19 2.70999124060388841 1 12 9 6 3 5 2 2 2 23.4373316168785095 61.4453885098178461 
11 20 6 17 1 9 6 3 2 15 15 1 16 26 2 18 33 12 9 21 11 4 31 13 12 1 4 1 22 9 2 32 4 15 15 9 10 33 1 16 6 8 11 24 11 4 9 12 3 19 2.70999124060388841 1 5 9 6 3 5 10 2 1 23.4586008787155151 56.6063859642502791 
11 20 6 17 1 9 6 3 2 14 29 1 16 26 2 9 6 12 3 12 12 4 31 13 12 1 4 1 22 9 2 32 4 15 15 9 10 33 1 16 6 8 11 24 11 4 9 12 3 19 2.70999124060388841 1 15 2 6 3 5 14 25 11 20.1980875134468079 91.1254852755226779 
1 13 7 13 6 11 17 31 11 9 26 12 3.36768017929769181 15 12 17 1 5 2 18 6.96245171630185755 6 12 5 18 19 3 12 30 6 6 24 11 13 5 1 3 6 12 4 3 8 4 8 3.84646942076222631 14 32 9 17 8 4 14 32 2 10 30 9 8 16 9 18.9235098958015442 187.832267723676381 
4 20 5 15 16 8 15 6 5 3.36768017929769181 9 2 9.25570237641795579 24 11 14 15 1 6 25 4 1 16 3 15 8.22565314501180467 7 12 19 9 15 24 9 6 26 3 13 6 10 17 1 13 4 11 9.82524131762891173 18 12 7 14 31.8448655754823804 12 9 6 12 3 14 12 6 30 7 17.9554016590118408 212.667905190658701 

Current Evaluation = 30000000(30000000)
Front Size = 31
11 20 6 17 1 9 6 3 2 14 29 1 16 26 2 14 15 13 9 21 11 4 31 13 12 1 4 1 22 9 2 32 4 15 15 9 10 33 1 16 6 8 11 24 11 4 9 12 3 19 2.70999124060388841 1 25 4 6 3 5 15 15 5 21.31490558385849 76.5741217487885848 
11 20 6 17 1 9 6 3 2 14 29 1 16 26 2 6 15 13 9 21 11 4 31 13 12 1 4 1 22 9 2 32 4 15 15 9 10 33 1 16 6 8 11 24 11 4 9 12 3 19 2.70999124060388841 14 20 3 6 3 5 10 2 1 22.2001267075538635 70.6021179348701793 
11 20 6 17 1 9 6 3 2 14 29 1 16 26 2 18 33 12 9 21 11 4 31 13 12 1 4 1 22 9 2 32 4 15 15 9 10 33 1 16 6 8 11 24 11 4 9 12 3 19 2.70999124060388841 1 7 9 6 3 5 14 15 3 23.336093544960022 61.835776042749572 
5 25 5 3 24 1 15 22 7 6 12 3 9 5 5 4 1 3 17 2 2.70999124060388841 16 15 7 3 18 3 18 28 9 15 20 8 8 12 9 14 24 13 12 12 9 5 1 2 1 31 3 13 6 7 2 9 6 14 32 3 16 17 13 19.5984895825386047 182.872333222333197 
16 28 13 4 18 2.70999124060388841 9 19 6.96245171630185755 14 13 11 14 20 10 4 24 13 14 31 5 17 26 8 4 20 4 15 24 4 2 20 6 8 12 5 16 15 4 4.94126535182462057 25 8 2 20 2 4 1 2 17 23 8 1 15 2 6 30 8 15 20 9.82524131762891173 17.2845627665519714 236.635367247131995 
11 20 6 17 1 9 6 3 2 14 20 13 16 26 2 3 6 10 3.36768017929769181 30 3 4 31 13 12 1 4 1 22 9 2 32 4 15 15 9 10 33 1 16 6 8 9.25570237641795579 17 3.84646942076222631 4 9 12 3 19 2.70999124060388841 1 6 9 6 3 5 10 2 1 19.6612519025802612 128.753372835864241 
11 20 6 17 1 9 6 3 2 14 29 1 16 26 2 18 33 12 12 12 12 4 31 13 12 1 4 1 22 9 2 32 4 15 15 9 10 33 1 16 6 8 11 24 11 4 9 12 3 19 2.70999124060388841 14 25 10 6 3 5 10 2 1 22.5640076994895935 66.0765785610708747 
11 20 6 17 1 9 6 3 2 14 29 1 16 26 2 4 1 9 9 21 11 4 31 13 12 1 4 1 22 9 2 32 4 15 15 9 10 33 1 16 6 8 11 24 11 4 9 12 3 19 2.70999124060388841 13 25 7 6 3 5 15 30 10 21.1580185890197754 88.9370350039854429 
11 20 6 17 1 9 6 3 2 14 29 1 16 26 2 18 33 12 9 15 7 4 31 13 12 1 4 1 22 9 2 32 4 15 15 9 10 33 1 16 6 8 11 24 11 4 9 12 3 19 2.70999124060388841 1 14 4 6 3 5 14 12 6 21.8537996411323547 75.3097024028562743 
11 20 6 17 1 9 6 3 2 14 29 1 16 26 2 18 33 12 9 21 11 4 31 13 12 1 4 1 22 9 2 32 4 15 15 9 10 33 1 16 6 8 11 24 11 4 9 12 3 19 2.70999124060388841 5 14 7 6 3 5 10 2 1 24.7438727617263794 56.3462246608142578 
11 20 6 17 1 9 6 3 2 14 29 1 16 26 2 18 33 12 9 21 11 4 31 13 12 1 4 1 22 9 2 32 4 15 15 9 10 33 1 16 6 8 11 24 11 4 9 12 3 19 2.70999124060388841 1 27 10 6 3 5 10 2 1 25.5001107454299927 55.7646312509484403 
1 20 7 6 25 7 12 15 11 14 20 2 14 20 5 3 7 9 14 26 11 14 14 7 8 24 10 16 30 3 15 30 7 8 18 2.70999124060388841 8 7 3 17 5 1 13 30 10 15 8 3 16 25 4 14 12 12 9.25570237641795579 1 11 3 8.22565314501180467 7 16.9737210869789124 316.230921855921792 
2 20 9 10 26 2.70999124060388841 13 31 8 13 32 9 1 15 2 12 2 4 17 24 8 8 28 4 3 16.1354543567662532 10 14 25 2 3 1 2 12 2 2 4.94126535182462057 26 1 17 6 5 17 14 11 14 26 5 14 26 6 4 6 2 13.2195649013323386 32 3 17.8244721320812971 15 7.75241283629571765 17.293383777141571 217.1183839846029 
11 20 6 17 1 9 6 3 2 14 29 1 16 26 2 6 30 1 9 21 11 4 31 13 12 1 4 1 22 9 2 32 4 15 15 9 10 33 1 16 6 8 11 24 11 4 9 12 3 19 2.70999124060388841 14 15 3 6 3 5 15 1 10 21.3075895309448242 79.9087361565516403 
3 31 8 3 5.34074699537910114 4 6 28 1 15 15 8 6 6 2 4 30 10 9.25570237641795579 31 9 2 20 13 1 20 9 10 24 11 4.94126535182462057 6 8 6 12 11 4 19 3 14 3 9.82524131762891173 10 2 7 6 24 5 13 32 13.151007650947605 4 8 2 17 12 11 1 25 9 17.986997663974762 188.748980697664905 
11 20 6 17 1 9 6 3 2 14 29 1 16 26 2 8 30 4 9 21 11 4 31 13 12 1 4 1 22 9 2 32 4 15 15 9 15 14 2.70999124060388841 16 6 8 9 30 5 4 9 12 3 19 2.70999124060388841 14 7 8 6 3 5 14 26 4 19.7369524836540222 125.278577203373246 
11 20 6 17 1 9 6 3 2 14 29 1 16 26 2 15 24 12 9 21 11 4 31 13 12 1 4 1 22 9 2 32 4 15 15 9 10 33 1 16 6 8 11 24 11 4 9 12 3 19 2.70999124060388841 14 25 9 6 3 5 10 2 1 22.0948886871337891 72.3358559548938729 
4 6 2 3.36768017929769181 31 3 17 30 9 5 9 1 4 26 11 12 17 11 16 15 12 17 18 10 13 9 11 14 6 10 8 30 1 6 1 6.96245171630185755 1 1 7 10 20 10 15 15 4 1 19 4 8 8 3 6 12 3 4.94126535182462057 3 2 14 26 2 17.97353395819664 206.273132328627639 
11 20 6 17 1 9 6 3 2 14 29 1 16 26 2 18 33 12 9 21 11 4 31 13 12 1 4 1 22 9 2 32 4 15 15 9 10 33 1 16 6 8 11 24 11 4 9 12 3 19 2.70999124060388841 1 12 9 6 3 5 2 2 2 23.4373316168785095 61.4453885098178461 
11 20 6 17 1 9 6 3 2 15 15 1 16 26 2 18 33 12 9 21 11 4 31 13 12 1 4 1 22 9 2 32 4 15 15 9 10 33 1 16 6 8 11 24 11 4 9 12 3 19 2.70999124060388841 1 5 9 6 3 5 10 2 1 23.4586008787155151 56.6063859642502791 
11 20 6 17 1 9 6 3 2 14 29 1 16 26 2 9 6 12 3 12 12 4 31 13 12 1 4 1 22 9 2 32 4 15 15 9 10 33 1 16 6 8 11 24 11 4 9 12 3 19 2.70999124060388841 1 15 2 6 3 5 14 25 11 20.1980875134468079 91.1254852755226779 
4 20 5 15 16 8 15 6 5 3.36768017929769181 9 2 9.25570237641795579 24 11 14 15 1 6 25 4 1 16 3 15 8.22565314501180467 7 12 19 9 15 24 9 6 26 3 13 6 10 17 1 13 4 11 9.82524131762891173 18 12 7 14 31.8448655754823804 12 9 6 12 3 14 12 6 30 7 17.9554016590118408 212.667905190658701 
11 20 6 17 1 9 6 3 2 14 29 1 16 26 2 18 33 12 9 21 11 4 31 13 12 1 4 1 22 9 2 32 4 15 15 9 10 33 1 16 6 8 11 24 11 4 9 12 3 19 2.70999124060388841 1 1 7 6 3 5 15 20 10 23.0316087007522583 64.4116321614691714 
11 20 6 17 1 9 6 3 2 14 29 1 16 26 2 15 24 8 9 21 11 4 31 13 12 1 4 1 22 9 2 32 4 15 15 9 10 33 1 16 6 8 11 24 11 4 9 12 3 19 2.70999124060388841 14 5.34074699537910114 6 6 3 5 10 2 1 22.4369816780090332 68.7490138752418005 
11 20 6 17 1 9 6 3 2 14 29 1 16 26 2 18 33 12 9 21 11 4 31 13 12 1 4 1 22 9 2 32 4 15 15 9 10 33 1 16 6 8 11 24 11 4 9 12 3 19 2.70999124060388841 14 25 4 6 3 5 15 14 10 23.1035536527633667 62.4068720907828904 
14 19 8 4 20 1 12 12 11 4 26 2 13 25 9 15 23 5 13 17 5 16 6 7 12 30 2.70999124060388841 14 24 8 2 24 11 12 30 3 12 3 3 9 31 7 17 12 11 14 28 8 3 14 9 13 30 4 16 24 12 15 31 9 17.0667295455932617 246.465793271056441 
13 15 2.70999124060388841 14 25 5 6 19 7 16 26 2 3 24 13 12 14 10 14 25 6.96245171630185755 4 18 9 15 32 10 6 15 5 8 30 3.84646942076222631 13 18 1 11 15 4 16 20 3 8 6 7 8 33 3 14 24 4 3 9 8 4 20 5 17 9 12 17.7276548445224762 213.666468016212264 
11 20 6 17 1 9 6 3 2 14 29 1 16 26 2 15 19 2 9 21 11 4 31 13 12 1 4 1 22 9 2 32 4 15 15 9 10 33 1 16 6 8 11 24 11 4 9 12 3 19 2.70999124060388841 14 12 7 6 3 5 10 2 1 22.3267306983470917 70.3187123538817929 
8 15 10 14 26 2 12 1 6 16 20 13 17 24 2.70999124060388841 9 5 11 6 24 11 2 6 12 1 33 9 12 2 10 15 28 3 6 6 7 2 32 2 13 32 4 9.25570237641795579 9 1 8 2 10 4 30 12 14 8.22565314501180467 5 15 18 4 6 19 6 18.8277818560600281 184.19569780924266 
11 20 6 17 1 9 6 3 2 15 16 1 16 26 2 12 15 12 9 21 11 4 31 13 12 1 4 1 22 9 2 32 4 15 15 9 10 33 1 16 6 8 11 24 11 4 9 12 3 19 2.70999124060388841 6 25 10 6 3 5 10 2 1 22.1558689475059509 72.291039610842347 
11 20 6 17 1 9 6 3 2 14 29 1 16 26 2 18 33 12 9 21 11 4 31 13 12 1 4 1 22 9 2 32 4 15 15 9 10 33 1 16 6 8 11 24 11 4 9 12 3 19 2.70999124060388841 14 1 7 6 3 5 15 25 9 22.8189966082572937 64.9362862081927119 

Current Evaluation = 40000000(40000000)
Front Size = 32
11 20 6 17 1 9 6 3 2 14 29 1 16 26 2 14 15 13 9 21 11 4 31 13 12 1 4 1 22 9 2 32 4 15 15 9 10 33 1 16 6 8 11 24 11 4 9 12 3 19 2.70999124060388841 1 25 4 6 3 5 15 15 5 21.31490558385849 76.5741217487885848 
11 20 6 17 1 9 6 3 2 14 29 1 16 26 2 6 15 13 9 21 11 4 31 13 12 1 4 1 22 9 2 32 4 15 15 9 10 33 1 16 6 8 11 24 11 4 9 12 3 19 2.70999124060388841 14 20 3 6 3 5 10 2 1 22.2001267075538635 70.6021179348701793 
11 20 6 17 1 9 6 3 2 14 29 1 16 26 2 18 33 12 9 21 11 4 31 13 12 1 4 1 22 9 2 32 4 15 15 9 10 33 1 16 6 8 11 24 11 4 9 12 3 19 2.70999124060388841 1 7 9 6 3 5 14 15 3 23.336093544960022 61.835776042749572 
5 25 5 3 24 1 15 22 7 6 12 3 9 5 5 4 1 3 17 2 2.70999124060388841 16 15 7 3 18 3 18 28 9 15 20 8 8 12 9 14 24 13 12 12 9 5 1 2 1 31 3 13 6 7 2 9 6 14 32 3 16 17 13 19.5984895825386047 182.872333222333197 
16 28 13 4 18 2.70999124060388841 9 19 6.96245171630185755 14 13 11 14 20 10 4 24 13 14 31 5 17 26 8 4 20 4 15 24 4 2 20 6 8 12 5 16 15 4 4.94126535182462057 25 8 2 20 2 4 1 2 17 23 8 1 15 2 6 30 8 15 20 9.82524131762891173 17.2845627665519714 236.635367247131995 
11 20 6 17 1 9 6 3 2 14 20 13 16 26 2 3 6 10 3.36768017929769181 30 3 4 31 13 12 1 4 1 22 9 2 32 4 15 15 9 10 33 1 16 6 8 9.25570237641795579 17 3.84646942076222631 4 9 12 3 19 2.70999124060388841 1 6 9 6 3 5 10 2 1 19.6612519025802612 128.753372835864241 
11 20 6 17 1 9 6 3 2 14 29 1 16 26 2 18 33 12 12 12 12 4 31 13 12 1 4 1 22 9 2 32 4 15 15 9 10 33 1 16 6 8 11 24 11 4 9 12 3 19 2.70999124060388841 14 25 10 6 3 5 10 2 1 22.5640076994895935 66.0765785610708747 
11 20 6 17 1 9 6 3 2 14 29 1 16 26 2 4 1 9 9 21 11 4 31 13 12 1 4 1 22 9 2 32 4 15 15 9 10 33 1 16 6 8 11 24 11 4 9 12 3 19 2.70999124060388841 13 25 7 6 3 5 15 30 10 21.1580185890197754 88.9370350039854429 
11 20 6 17 1 9 6 3 2 14 29 1 16 26 2 18 33 12 9 15 7 4 31 13 12 1 4 1 22 9 2 32 4 15 15 9 10 33 1 16 6 8 11 24 11 4 9 12 3 19 2.70999124060388841 1 14 4 6 3 5 14 12 6 21.8537996411323547 75.3097024028562743 
11 20 6 17 1 9 6 3 2 14 29 1 16 26 2 18 33 12 9 21 11 4 31 13 12 1 4 1 22 9 2 32 4 15 15 9 10 33 1 16 6 8 11 24 11 4 9 12 3 19 2.70999124060388841 5 14 7 6 3 5 10 2 1 24.7438727617263794 56.3462246608142578 
1 20 7 6 25 7 12 15 11 14 20 2 14 20 5 3 7 9 14 26 11 14 14 7 8 24 10 16 30 3 15 30 7 8 18 2.70999124060388841 8 7 3 17 5 1 13 30 10 15 8 3 16 25 4 14 12 12 9.25570237641795579 1 11 3 8.22565314501180467 7 16.9737210869789124 316.230921855921792 
2 20 9 10 26 2.70999124060388841 13 31 8 13 32 9 1 15 2 12 2 4 17 24 8 8 28 4 3 16.1354543567662532 10 14 25 2 3 1 2 12 2 2 4.94126535182462057 26 1 17 6 5 17 14 11 14 26 5 14 26 6 4 6 2 13.2195649013323386 32 3 17.8244721320812971 15 7.75241283629571765 17.293383777141571 217.1183839846029 
11 20 6 17 1 9 6 3 2 14 29 1 16 26 2 6 30 1 9 21 11 4 31 13 12 1 4 1 22 9 2 32 4 15 15 9 10 33 1 16 6 8 11 24 11 4 9 12 3 19 2.70999124060388841 14 15 3 6 3 5 15 1 10 21.3075895309448242 79.9087361565516403 
3 31 8 3 5.34074699537910114 4 6 28 1 15 15 8 6 6 2 4 30 10 9.25570237641795579 31 9 2 20 13 1 20 9 10 24 11 4.94126535182462057 6 8 6 12 11 4 19 3 14 3 9.82524131762891173 10 2 7 6 24 5 13 32 13.151007650947605 4 8 2 17 12 11 1 25 9 17.986997663974762 188.748980697664905 
11 20 6 17 1 9 6 3 2 14 29 1 16 26 2 8 30 4 9 21 11 4 31 13 12 1 4 1 22 9 2 32 4 15 15 9 15 14 2.70999124060388841 16 6 8 9 30 5 4 9 12 3 19 2.70999124060388841 14 7 8 6 3 5 14 26 4 19.7369524836540222 125.278577203373246 
11 20 6 17 1 9 6 3 2 14 29 1 16 26 2 15 24 12 9 21 11 4 31 13 12 1 4 1 22 9 2 32 4 15 15 9 10 33 1 16 6 8 11 24 11 4 9 12 3 19 2.70999124060388841 14 25 9 6 3 5 10 2 1 22.0948886871337891 72.3358559548938729 
11 20 6 17 1 9 6 3 2 15 15 1 16 26 2 18 33 12 9 21 11 4 31 13 12 1 4 1 22 9 2 32 4 15 15 9 10 33 1 16 6 8 11 24 11 4 9 12 3 19 2.70999124060388841 1 5 9 6 3 5 10 2 1 23.4586008787155151 56.6063859642502791 
11 20 6 17 1 9 6 3 2 14 29 1 16 26 2 9 6 12 3 12 12 4 31 13 12 1 4 1 22 9 2 32 4 15 15 9 10 33 1 16 6 8 11 24 11 4 9 12 3 19 2.70999124060388841 1 15 2 6 3 5 14 25 11 20.1980875134468079 91.1254852755226779 
11 20 6 17 1 9 6 3 2 14 29 1 16 26 2 18 33 12 9 21 11 4 31 13 12 1 4 1 22 9 2 32 4 15 15 9 10 33 1 16 6 8 11 24 11 4 9 12 3 19 2.70999124060388841 1 1 7 6 3 5 15 20 10 23.0316087007522583 64.4116321614691714 
11 20 6 17 1 9 6 3 2 14 29 1 16 26 2 15 24 8 9 21 11 4 31 13 12 1 4 1 22 9 2 32 4 15 15 9 10 33 1 16 6 8 11 24 11 4 9 12 3 19 2.70999124060388841 14 5.34074699537910114 6 6 3 5 10 2 1 22.4369816780090332 68.7490138752418005 
11 20 6 17 1 9 6 3 2 14 29 1 16 26 2 18 33 12 9 21 11 4 31 13 12 1 4 1 22 9 2 32 4 15 15 9 10 33 1 16 6 8 11 24 11 4 9 12 3 19 2.70999124060388841 14 25 4 6 3 5 15 14 10 23.1035536527633667 62.4068720907828904 
13 15 2.70999124060388841 14 25 5 6 19 7 16 26 2 3 24 13 12 14 10 14 25 6.96245171630185755 4 18 9 15 32 10 6 15 5 8 30 3.84646942076222631 13 18 1 11 15 4 16 20 3 8 6 7 8 33 3 14 24 4 3 9 8 4 20 5 17 9 12 17.7276548445224762 213.666468016212264 
11 20 6 17 1 9 6 3 2 14 29 1 16 26 2 15 19 2 9 21 11 4 31 13 12 1 4 1 22 9 2 32 4 15 15 9 10 33 1 16 6 8 11 24 11 4 9 12 3 19 2.70999124060388841 14 12 7 6 3 5 10 2 1 22.3267306983470917 70.3187123538817929 
8 15 10 14 26 2 12 1 6 16 20 13 17 24 2.70999124060388841 9 5 11 6 24 11 2 6 12 1 33 9 12 2 10 15 28 3 6 6 7 2 32 2 13 32 4 9.25570237641795579 9 1 8 2 10 4 30 12 14 8.22565314501180467 5 15 18 4 6 19 6 18.8277818560600281 184.19569780924266 
11 20 6 17 1 9 6 3 2 15 16 1 16 26 2 12 15 12 9 21 11 4 31 13 12 1 4 1 22 9 2 32 4 15 15 9 10 33 1 16 6 8 11 24 11 4 9 12 3 19 2.70999124060388841 6 25 10 6 3 5 10 2 1 22.1558689475059509 72.291039610842347 
11 20 6 17 1 9 6 3 2 14 29 1 16 26 2 18 33 12 9 21 11 4 31 13 12 1 4 1 22 9 2 32 4 15 15 9 10 33 1 16 6 8 11 24 11 4 9 12 3 19 2.70999124060388841 14 1 7 6 3 5 15 25 9 22.8189966082572937 64.9362862081927119 
11 20 6 17 1 9 6 3 2 14 29 1 16 26 2 18 33 12 9 21 11 4 31 13 12 1 4 1 22 9 2 32 4 15 15 9 10 33 1 16 6 8 11 24 11 4 9 12 3 19 2.70999124060388841 1 27 10 6 3 5 10 2 1 25.5001107454299927 55.6249780429111098 
11 20 6 17 1 9 6 3 2 14 29 1 16 26 2 18 33 12 9 21 11 4 31 13 12 1 4 1 22 9 2 32 4 15 15 9 10 33 1 16 6 8 11 24 11 4 9 12 2 25 7 14 30 9 6 3 5 10 2 1 23.4278457760810852 60.8788777730243922 
11 20 6 17 1 9 6 3 2 14 29 1 16 26 2 1 25 2 9 15 7 4 31 13 12 1 4 1 22 9 2 32 4 15 15 9 9 20 11 16 6 8 11 24 11 4 9 12 3 19 2.70999124060388841 6 1 3 6 3 5 10 2 1 19.9507905840873718 116.501136817554723 
17 15 1 5 25 13 4 24 7 9 20 9 12 17 9 4 1 10 9 26 6 17 24 2 14 31 2 17 25 1 4 15 2 2 6 8 3 31 10 2 19 10 2 32 11 4 30 11 8 9 7 15 20 9 14 26 5 9 16 4 17.9055587649345398 196.414280447794368 
6 32 10 9 32 13 15 20 6 3 6 9 14 3 6 5 26 5 16 33 4 14 1 2.70999124060388841 8 9 11 13 3 2 15 26 3 6 20 9 17 5 2 15 31 4 14 18 12 16 24 10 2 31 11 13 6 9 4 18 10 15 20 6.96245171630185755 17.0618317723274231 237.074133168173404 
15 1 4 1 5 6 18 30 8 4 16 1 1 9 2 3.36768017929769181 25 11 5 32 12 12 15 6.96245171630185755 13 20 5 17 22 1 9 6 4 3 25 4 2 22 2 3 5 8 4.94126535182462057 2 7 6 6 8 1 1 10 3 18 4 13.2195649013323386 15 6 16 20 2 19.6342180371284485 174.373119854002169 

Current Evaluation = 50000000(50000000)
Front Size = 34
11 20 6 17 1 9 6 3 2 14 29 1 16 26 2 14 15 13 9 21 11 4 31 13 12 1 4 1 22 9 2 32 4 15 15 9 10 33 1 16 6 8 11 24 11 4 9 12 3 19 2.70999124060388841 1 25 4 6 3 5 15 15 5 21.31490558385849 76.5741217487885848 
11 20 6 17 1 9 6 3 2 14 29 1 16 26 2 6 15 13 9 21 11 4 31 13 12 1 4 1 22 9 2 32 4 15 15 9 10 33 1 16 6 8 11 24 11 4 9 12 3 19 2.70999124060388841 14 20 3 6 3 5 10 2 1 22.2001267075538635 70.6021179348701793 
11 20 6 17 1 9 6 3 2 14 29 1 16 26 2 18 33 12 9 21 11 4 31 13 12 1 4 1 22 9 2 32 4 15 15 9 10 33 1 16 6 8 11 24 11 4 9 12 3 19 2.70999124060388841 1 7 9 6 3 5 14 15 3 23.336093544960022 61.835776042749572 
16 28 13 4 18 2.70999124060388841 9 19 6.96245171630185755 14 13 11 14 20 10 4 24 13 14 31 5 17 26 8 4 20 4 15 24 4 2 20 6 8 12 5 16 15 4 4.94126535182462057 25 8 2 20 2 4 1 2 17 23 8 1 15 2 6 30 8 15 20 9.82524131762891173 17.2845627665519714 236.635367247131995 
11 20 6 17 1 9 6 3 2 14 20 13 16 26 2 3 6 10 3.36768017929769181 30 3 4 31 13 12 1 4 1 22 9 2 32 4 15 15 9 10 33 1 16 6 8 9.25570237641795579 17 3.84646942076222631 4 9 12 3 19 2.70999124060388841 1 6 9 6 3 5 10 2 1 19.6612519025802612 128.753372835864241 
11 20 6 17 1 9 6 3 2 14 29 1 16 26 2 18 33 12 12 12 12 4 31 13 12 1 4 1 22 9 2 32 4 15 15 9 10 33 1 16 6 8 11 24 11 4 9 12 3 19 2.70999124060388841 14 25 10 6 3 5 10 2 1 22.5640076994895935 66.0765785610708747 
11 20 6 17 1 9 6 3 2 14 29 1 16 26 2 4 1 9 9 21 11 4 31 13 12 1 4 1 22 9 2 32 4 15 15 9 10 33 1 16 6 8 11 24 11 4 9 12 3 19 2.70999124060388841 13 25 7 6 3 5 15 30 10 21.1580185890197754 88.9370350039854429 
11 20 6 17 1 9 6 3 2 14 29 1 16 26 2 18 33 12 9 15 7 4 31 13 12 1 4 1 22 9 2 32 4 15 15 9 10 33 1 16 6 8 11 24 11 4 9 12 3 19 2.70999124060388841 1 14 4 6 3 5 14 12 6 21.8537996411323547 75.3097024028562743 
11 20 6 17 1 9 6 3 2 14 29 1 16 26 2 18 33 12 9 21 11 4 31 13 12 1 4 1 22 9 2 32 4 15 15 9 10 33 1 16 6 8 11 24 11 4 9 12 3 19 2.70999124060388841 5 14 7 6 3 5 10 2 1 24.7438727617263794 56.3462246608142578 
1 20 7 6 25 7 12 15 11 14 20 2 14 20 5 3 7 9 14 26 11 14 14 7 8 24 10 16 30 3 15 30 7 8 18 2.70999124060388841 8 7 3 17 5 1 13 30 10 15 8 3 16 25 4 14 12 12 9.25570237641795579 1 11 3 8.22565314501180467 7 16.9737210869789124 316.230921855921792 
2 20 9 10 26 2.70999124060388841 13 31 8 13 32 9 1 15 2 12 2 4 17 24 8 8 28 4 3 16.1354543567662532 10 14 25 2 3 1 2 12 2 2 4.94126535182462057 26 1 17 6 5 17 14 11 14 26 5 14 26 6 4 6 2 13.2195649013323386 32 3 17.8244721320812971 15 7.75241283629571765 17.293383777141571 217.1183839846029 
11 20 6 17 1 9 6 3 2 14 29 1 16 26 2 6 30 1 9 21 11 4 31 13 12 1 4 1 22 9 2 32 4 15 15 9 10 33 1 16 6 8 11 24 11 4 9 12 3 19 2.70999124060388841 14 15 3 6 3 5 15 1 10 21.3075895309448242 79.9087361565516403 
3 31 8 3 5.34074699537910114 4 6 28 1 15 15 8 6 6 2 4 30 10 9.25570237641795579 31 9 2 20 13 1 20 9 10 24 11 4.94126535182462057 6 8 6 12 11 4 19 3 14 3 9.82524131762891173 10 2 7 6 24 5 13 32 13.151007650947605 4 8 2 17 12 11 1 25 9 17.986997663974762 188.748980697664905 
11 20 6 17 1 9 6 3 2 14 29 1 16 26 2 15 24 12 9 21 11 4 31 13 12 1 4 1 22 9 2 32 4 15 15 9 10 33 1 16 6 8 11 24 11 4 9 12 3 19 2.70999124060388841 14 25 9 6 3 5 10 2 1 22.0948886871337891 72.3358559548938729 
11 20 6 17 1 9 6 3 2 15 15 1 16 26 2 18 33 12 9 21 11 4 31 13 12 1 4 1 22 9 2 32 4 15 15 9 10 33 1 16 6 8 11 24 11 4 9 12 3 19 2.70999124060388841 1 5 9 6 3 5 10 2 1 23.4586008787155151 56.6063859642502791 
11 20 6 17 1 9 6 3 2 14 29 1 16 26 2 9 6 12 3 12 12 4 31 13 12 1 4 1 22 9 2 32 4 15 15 9 10 33 1 16 6 8 11 24 11 4 9 12 3 19 2.70999124060388841 1 15 2 6 3 5 14 25 11 20.1980875134468079 91.1254852755226779 
11 20 6 17 1 9 6 3 2 14 29 1 16 26 2 15 24 8 9 21 11 4 31 13 12 1 4 1 22 9 2 32 4 15 15 9 10 33 1 16 6 8 11 24 11 4 9 12 3 19 2.70999124060388841 14 5.34074699537910114 6 6 3 5 10 2 1 22.4369816780090332 68.7490138752418005 
11 20 6 17 1 9 6 3 2 14 29 1 16 26 2 18 33 12 9 21 11 4 31 13 12 1 4 1 22 9 2 32 4 15 15 9 10 33 1 16 6 8 11 24 11 4 9 12 3 19 2.70999124060388841 14 25 4 6 3 5 15 14 10 23.1035536527633667 62.4068720907828904 
11 20 6 17 1 9 6 3 2 14 29 1 16 26 2 15 19 2 9 21 11 4 31 13 12 1 4 1 22 9 2 32 4 15 15 9 10 33 1 16 6 8 11 24 11 4 9 12 3 19 2.70999124060388841 14 12 7 6 3 5 10 2 1 22.3267306983470917 70.3187123538817929 
8 15 10 14 26 2 12 1 6 16 20 13 17 24 2.70999124060388841 9 5 11 6 24 11 2 6 12 1 33 9 12 2 10 15 28 3 6 6 7 2 32 2 13 32 4 9.25570237641795579 9 1 8 2 10 4 30 12 14 8.22565314501180467 5 15 18 4 6 19 6 18.8277818560600281 184.19569780924266 
11 20 6 17 1 9 6 3 2 15 16 1 16 26 2 12 15 12 9 21 11 4 31 13 12 1 4 1 22 9 2 32 4 15 15 9 10 33 1 16 6 8 11 24 11 4 9 12 3 19 2.70999124060388841 6 25 10 6 3 5 10 2 1 22.1558689475059509 72.291039610842347 
11 20 6 17 1 9 6 3 2 14 29 1 16 26 2 18 33 12 9 21 11 4 31 13 12 1 4 1 22 9 2 32 4 15 15 9 10 33 1 16 6 8 11 24 11 4 9 12 3 19 2.70999124060388841 14 1 7 6 3 5 15 25 9 22.8189966082572937 64.9362862081927119 
11 20 6 17 1 9 6 3 2 14 29 1 16 26 2 18 33 12 9 21 11 4 31 13 12 1 4 1 22 9 2 32 4 15 15 9 10 33 1 16 6 8 11 24 11 4 9 12 3 19 2.70999124060388841 1 27 10 6 3 5 10 2 1 25.5001107454299927 55.6249780429111098 
11 20 6 17 1 9 6 3 2 14 29 1 16 26 2 18 33 12 9 21 11 4 31 13 12 1 4 1 22 9 2 32 4 15 15 9 10 33 1 16 6 8 11 24 11 4 9 12 2 25 7 14 30 9 6 3 5 10 2 1 23.4278457760810852 60.8788777730243922 
17 15 1 5 25 13 4 24 7 9 20 9 12 17 9 4 1 10 9 26 6 17 24 2 14 31 2 17 25 1 4 15 2 2 6 8 3 31 10 2 19 10 2 32 11 4 30 11 8 9 7 15 20 9 14 26 5 9 16 4 17.9055587649345398 196.414280447794368 
6 32 10 9 32 13 15 20 6 3 6 9 14 3 6 5 26 5 16 33 4 14 1 2.70999124060388841 8 9 11 13 3 2 15 26 3 6 20 9 17 5 2 15 31 4 14 18 12 16 24 10 2 31 11 13 6 9 4 18 10 15 20 6.96245171630185755 17.0618317723274231 237.074133168173404 
15 1 4 1 5 6 18 30 8 4 16 1 1 9 2 3.36768017929769181 25 11 5 32 12 12 15 6.96245171630185755 13 20 5 17 22 1 9 6 4 3 25 4 2 22 2 3 5 8 4.94126535182462057 2 7 6 6 8 1 1 10 3 18 4 13.2195649013323386 15 6 16 20 2 19.6342180371284485 174.373119854002169 
11 20 6 17 1 9 6 3 2 14 29 1 16 26 2 18 33 12 9 25 11 4 31 13 12 1 4 1 22 9 2 32 4 15 15 9 10 33 1 16 6 8 11 24 11 4 9 12 3 19 2.70999124060388841 13 20 3 6 3 5 10 2 1 22.8495886325836182 63.8651282446664652 
6 5.34074699537910114 11 2 16.1354543567662532 3.84646942076222631 12 1 1 6 31 4 16 30 3 13 18 9 6 20 2 4 26 2 13.2195649013323386 32 13.151007650947605 18 30 5 14 9 7 15 15 1 17 16 6 4 30 13 1 6 7.75241283629571765 14 25 4 18 32 9 4 18 9 16 1 10 16 26 10 17.623319149017334 211.387539732892378 
11 20 6 17 1 9 6 3 2 6 15 12 16 26 2 1 24 2 6 17 2 4 31 13 12 1 4 1 22 9 2 32 4 15 15 9 10 33 1 16 6 8 11 24 11 4 9 12 3 19 2.70999124060388841 12 6 11 6 3 5 14 8 5 19.6767576336860657 108.832313451336162 
6 22 2.70999124060388841 10 9 1 14 25 1 11 1 6 2 1 9 6 24 5 16 15 13 9 16.1354543567662532 10 14 25 1 4.94126535182462057 6 11 5 18 2 14 2 13 12 31 4 13.2195649013323386 16 10 6 12 1 17 31 11 2 20 13.151007650947605 4 26 7 6 7 10 16 32 4 19.2372636795043945 183.355354724394942 
11 20 6 17 1 9 6 3 2 14 29 1 16 26 2 18 33 12 9 21 11 4 31 13 12 1 4 1 22 9 2 32 4 15 15 9 10 33 1 16 6 8 11 24 11 4 9 12 3 19 2.70999124060388841 1 2 3 6 3 5 14 20 4 23.1024456918239594 62.7666658636218742 
1 1 9 15 26 2 3.36768017929769181 30 10 16 29 5 6 32 2 10 30 10 14 32 4 2 33 1 9 14 3 12 9 6.96245171630185755 9 3 11 2 32 13 17 31 5 1 22 2 4.94126535182462057 14 4 2 2 9.82524131762891173 17.8244721320812971 1 1 14 15 4 12 25 5 2 32 7.75241283629571765 19.477374941110611 180.32928524495307 
3 25 13 17 1 9 6 3 2 14 29 1 16 26 2 18 33 12 9 21 11 4 31 13 12 1 4 1 22 9 2 32 4 15 15 9 10 33 1 16 6 8 11 24 11 4 9 12 3 19 2.70999124060388841 14 25 9 6 3 5 10 2 1 23.3011907339096069 61.8930376976892518 

Current Evaluation = 60000000(60000000)
Front Size = 34
11 20 6 17 1 9 6 3 2 14 29 1 16 26 2 14 15 13 9 21 11 4 31 13 12 1 4 1 22 9 2 32 4 15 15 9 10 33 1 16 6 8 11 24 11 4 9 12 3 19 2.70999124060388841 1 25 4 6 3 5 15 15 5 21.31490558385849 76.5741217487885848 
11 20 6 17 1 9 6 3 2 14 29 1 16 26 2 6 15 13 9 21 11 4 31 13 12 1 4 1 22 9 2 32 4 15 15 9 10 33 1 16 6 8 11 24 11 4 9 12 3 19 2.70999124060388841 14 20 3 6 3 5 10 2 1 22.2001267075538635 70.6021179348701793 
16 28 13 4 18 2.70999124060388841 9 19 6.96245171630185755 14 13 11 14 20 10 4 24 13 14 31 5 17 26 8 4 20 4 15 24 4 2 20 6 8 12 5 16 15 4 4.94126535182462057 25 8 2 20 2 4 1 2 17 23 8 1 15 2 6 30 8 15 20 9.82524131762891173 17.2845627665519714 236.635367247131995 
11 20 6 17 1 9 6 3 2 14 20 13 16 26 2 3 6 10 3.36768017929769181 30 3 4 31 13 12 1 4 1 22 9 2 32 4 15 15 9 10 33 1 16 6 8 9.25570237641795579 17 3.84646942076222631 4 9 12 3 19 2.70999124060388841 1 6 9 6 3 5 10 2 1 19.6612519025802612 128.753372835864241 
11 20 6 17 1 9 6 3 2 14 29 1 16 26 2 18 33 12 12 12 12 4 31 13 12 1 4 1 22 9 2 32 4 15 15 9 10 33 1 16 6 8 11 24 11 4 9 12 3 19 2.70999124060388841 14 25 10 6 3 5 10 2 1 22.5640076994895935 66.0765785610708747 
11 20 6 17 1 9 6 3 2 14 29 1 16 26 2 4 1 9 9 21 11 4 31 13 12 1 4 1 22 9 2 32 4 15 15 9 10 33 1 16 6 8 11 24 11 4 9 12 3 19 2.70999124060388841 13 25 7 6 3 5 15 30 10 21.1580185890197754 88.9370350039854429 
11 20 6 17 1 9 6 3 2 14 29 1 16 26 2 18 33 12 9 15 7 4 31 13 12 1 4 1 22 9 2 32 4 15 15 9 10 33 1 16 6 8 11 24 11 4 9 12 3 19 2.70999124060388841 1 14 4 6 3 5 14 12 6 21.8537996411323547 75.3097024028562743 
11 20 6 17 1 9 6 3 2 14 29 1 16 26 2 18 33 12 9 21 11 4 31 13 12 1 4 1 22 9 2 32 4 15 15 9 10 33 1 16 6 8 11 24 11 4 9 12 3 19 2.70999124060388841 5 14 7 6 3 5 10 2 1 24.7438727617263794 56.3462246608142578 
1 20 7 6 25 7 12 15 11 14 20 2 14 20 5 3 7 9 14 26 11 14 14 7 8 24 10 16 30 3 15 30 7 8 18 2.70999124060388841 8 7 3 17 5 1 13 30 10 15 8 3 16 25 4 14 12 12 9.25570237641795579 1 11 3 8.22565314501180467 7 16.9737210869789124 316.230921855921792 
2 20 9 10 26 2.70999124060388841 13 31 8 13 32 9 1 15 2 12 2 4 17 24 8 8 28 4 3 16.1354543567662532 10 14 25 2 3 1 2 12 2 2 4.94126535182462057 26 1 17 6 5 17 14 11 14 26 5 14 26 6 4 6 2 13.2195649013323386 32 3 17.8244721320812971 15 7.75241283629571765 17.293383777141571 217.1183839846029 
11 20 6 17 1 9 6 3 2 14 29 1 16 26 2 6 30 1 9 21 11 4 31 13 12 1 4 1 22 9 2 32 4 15 15 9 10 33 1 16 6 8 11 24 11 4 9 12 3 19 2.70999124060388841 14 15 3 6 3 5 15 1 10 21.3075895309448242 79.9087361565516403 
3 31 8 3 5.34074699537910114 4 6 28 1 15 15 8 6 6 2 4 30 10 9.25570237641795579 31 9 2 20 13 1 20 9 10 24 11 4.94126535182462057 6 8 6 12 11 4 19 3 14 3 9.82524131762891173 10 2 7 6 24 5 13 32 13.151007650947605 4 8 2 17 12 11 1 25 9 17.986997663974762 188.748980697664905 
11 20 6 17 1 9 6 3 2 14 29 1 16 26 2 15 24 12 9 21 11 4 31 13 12 1 4 1 22 9 2 32 4 15 15 9 10 33 1 16 6 8 11 24 11 4 9 12 3 19 2.70999124060388841 14 25 9 6 3 5 10 2 1 22.0948886871337891 72.3358559548938729 
11 20 6 17 1 9 6 3 2 15 15 1 16 26 2 18 33 12 9 21 11 4 31 13 12 1 4 1 22 9 2 32 4 15 15 9 10 33 1 16 6 8 11 24 11 4 9 12 3 19 2.70999124060388841 1 5 9 6 3 5 10 2 1 23.4586008787155151 56.6063859642502791 
11 20 6 17 1 9 6 3 2 14 29 1 16 26 2 9 6 12 3 12 12 4 31 13 12 1 4 1 22 9 2 32 4 15 15 9 10 33 1 16 6 8 11 24 11 4 9 12 3 19 2.70999124060388841 1 15 2 6 3 5 14 25 11 20.1980875134468079 91.1254852755226779 
11 20 6 17 1 9 6 3 2 14 29 1 16 26 2 15 24 8 9 21 11 4 31 13 12 1 4 1 22 9 2 32 4 15 15 9 10 33 1 16 6 8 11 24 11 4 9 12 3 19 2.70999124060388841 14 5.34074699537910114 6 6 3 5 10 2 1 22.4369816780090332 68.7490138752418005 
11 20 6 17 1 9 6 3 2 14 29 1 16 26 2 18 33 12 9 21 11 4 31 13 12 1 4 1 22 9 2 32 4 15 15 9 10 33 1 16 6 8 11 24 11 4 9 12 3 19 2.70999124060388841 14 25 4 6 3 5 15 14 10 23.1035536527633667 62.4068720907828904 
11 20 6 17 1 9 6 3 2 14 29 1 16 26 2 15 19 2 9 21 11 4 31 13 12 1 4 1 22 9 2 32 4 15 15 9 10 33 1 16 6 8 11 24 11 4 9 12 3 19 2.70999124060388841 14 12 7 6 3 5 10 2 1 22.3267306983470917 70.3187123538817929 
8 15 10 14 26 2 12 1 6 16 20 13 17 24 2.70999124060388841 9 5 11 6 24 11 2 6 12 1 33 9 12 2 10 15 28 3 6 6 7 2 32 2 13 32 4 9.25570237641795579 9 1 8 2 10 4 30 12 14 8.22565314501180467 5 15 18 4 6 19 6 18.8277818560600281 184.19569780924266 
11 20 6 17 1 9 6 3 2 15 16 1 16 26 2 12 15 12 9 21 11 4 31 13 12 1 4 1 22 9 2 32 4 15 15 9 10 33 1 16 6 8 11 24 11 4 9 12 3 19 2.70999124060388841 6 25 10 6 3 5 10 2 1 22.1558689475059509 72.291039610842347 
11 20 6 17 1 9 6 3 2 14 29 1 16 26 2 18 33 12 9 21 11 4 31 13 12 1 4 1 22 9 2 32 4 15 15 9 10 33 1 16 6 8 11 24 11 4 9 12 3 19 2.70999124060388841 14 1 7 6 3 5 15 25 9 22.8189966082572937 64.9362862081927119 
11 20 6 17 1 9 6 3 2 14 29 1 16 26 2 18 33 12 9 21 11 4 31 13 12 1 4 1 22 9 2 32 4 15 15 9 10 33 1 16 6 8 11 24 11 4 9 12 3 19 2.70999124060388841 1 27 10 6 3 5 10 2 1 25.5001107454299927 55.6249780429111098 
17 15 1 5 25 13 4 24 7 9 20 9 12 17 9 4 1 10 9 26 6 17 24 2 14 31 2 17 25 1 4 15 2 2 6 8 3 31 10 2 19 10 2 32 11 4 30 11 8 9 7 15 20 9 14 26 5 9 16 4 17.9055587649345398 196.414280447794368 
6 32 10 9 32 13 15 20 6 3 6 9 14 3 6 5 26 5 16 33 4 14 1 2.70999124060388841 8 9 11 13 3 2 15 26 3 6 20 9 17 5 2 15 31 4 14 18 12 16 24 10 2 31 11 13 6 9 4 18 10 15 20 6.96245171630185755 17.0618317723274231 237.074133168173404 
15 1 4 1 5 6 18 30 8 4 16 1 1 9 2 3.36768017929769181 25 11 5 32 12 12 15 6.96245171630185755 13 20 5 17 22 1 9 6 4 3 25 4 2 22 2 3 5 8 4.94126535182462057 2 7 6 6 8 1 1 10 3 18 4 13.2195649013323386 15 6 16 20 2 19.6342180371284485 174.373119854002169 
11 20 6 17 1 9 6 3 2 14 29 1 16 26 2 18 33 12 9 25 11 4 31 13 12 1 4 1 22 9 2 32 4 15 15 9 10 33 1 16 6 8 11 24 11 4 9 12 3 19 2.70999124060388841 13 20 3 6 3 5 10 2 1 22.8495886325836182 63.8651282446664652 
6 5.34074699537910114 11 2 16.1354543567662532 3.84646942076222631 12 1 1 6 31 4 16 30 3 13 18 9 6 20 2 4 26 2 13.2195649013323386 32 13.151007650947605 18 30 5 14 9 7 15 15 1 17 16 6 4 30 13 1 6 7.75241283629571765 14 25 4 18 32 9 4 18 9 16 1 10 16 26 10 17.623319149017334 211.387539732892378 
11 20 6 17 1 9 6 3 2 6 15 12 16 26 2 1 24 2 6 17 2 4 31 13 12 1 4 1 22 9 2 32 4 15 15 9 10 33 1 16 6 8 11 24 11 4 9 12 3 19 2.70999124060388841 12 6 11 6 3 5 14 8 5 19.6767576336860657 108.832313451336162 
11 20 6 17 1 9 6 3 2 14 29 1 16 26 2 18 33 12 9 21 11 4 31 13 12 1 4 1 22 9 2 32 4 15 15 9 10 33 1 16 6 8 11 24 11 4 9 12 3 19 2.70999124060388841 1 2 3 6 3 5 14 20 4 23.1024456918239594 62.7666658636218742 
11 20 6 17 1 9 6 3 2 14 29 1 16 26 2 3 6 11 9 21 11 4 31 13 12 1 4 1 22 9 2 32 4 15 15 9 10 33 1 16 6 8 11 24 11 4 9 12 3 19 2.70999124060388841 15 20 3 6 3 5 10 2 1 22.4252407550811768 69.9440887100337676 
11 20 6 17 1 9 6 3 2 14 29 1 16 26 2 18 33 12 9 21 11 4 31 13 12 1 4 1 22 9 2 32 4 15 15 9 10 33 1 16 6 8 11 24 11 4 9 12 3 19 2.70999124060388841 14 25 3 6 3 5 1 15 1 23.1652286648750305 60.6973311828858186 
11 20 6 17 1 9 6 3 2 14 29 1 16 26 2 10 19 11 9 21 11 4 31 13 12 1 4 1 22 9 2 32 4 15 15 9 10 33 1 16 6 8 11 24 11 4 9 12 3 19 2.70999124060388841 14 31 9 6 3 5 10 2 1 22.8057036995887756 65.6457083421875041 
14 24 5 15 5 6 14 6 4 4 33 2.70999124060388841 1 26 6 12 12 13 13 24 6.96245171630185755 1 12 1 17 8 9 16 2 9 2 32 12 16 14 13 14 16 10 1 6 7 18 31 9 3 13 2 4 8 2 8 25 7 6 15 11 9 3 13 19.1104258000850677 176.091220707397184 
15 17 2 1 6 13 14 30 8 2 25 6 1 3 13 10 30 4 17 26 10 12 15 9 9 24 2 6 31 1 13 12 2 1 20 2 12 26 7 4 30 12 3.36768017929769181 2 9 1 13 1 16 2 6.96245171630185755 1 23 7 14 7 13 11 24 8 18.7195417284965515 187.540194686634351 

Current Evaluation = 70000000(70000000)
Front Size = 33
11 20 6 17 1 9 6 3 2 14 29 1 16 26 2 14 15 13 9 21 11 4 31 13 12 1 4 1 22 9 2 32 4 15 15 9 10 33 1 16 6 8 11 24 11 4 9 12 3 19 2.70999124060388841 1 25 4 6 3 5 15 15 5 21.31490558385849 76.5741217487885848 
11 20 6 17 1 9 6 3 2 14 29 1 16 26 2 6 15 13 9 21 11 4 31 13 12 1 4 1 22 9 2 32 4 15 15 9 10 33 1 16 6 8 11 24 11 4 9 12 3 19 2.70999124060388841 14 20 3 6 3 5 10 2 1 22.2001267075538635 70.6021179348701793 
16 28 13 4 18 2.70999124060388841 9 19 6.96245171630185755 14 13 11 14 20 10 4 24 13 14 31 5 17 26 8 4 20 4 15 24 4 2 20 6 8 12 5 16 15 4 4.94126535182462057 25 8 2 20 2 4 1 2 17 23 8 1 15 2 6 30 8 15 20 9.82524131762891173 17.2845627665519714 236.635367247131995 
11 20 6 17 1 9 6 3 2 14 20 13 16 26 2 3 6 10 3.36768017929769181 30 3 4 31 13 12 1 4 1 22 9 2 32 4 15 15 9 10 33 1 16 6 8 9.25570237641795579 17 3.84646942076222631 4 9 12 3 19 2.70999124060388841 1 6 9 6 3 5 10 2 1 19.6612519025802612 128.753372835864241 
11 20 6 17 1 9 6 3 2 14 29 1 16 26 2 18 33 12 12 12 12 4 31 13 12 1 4 1 22 9 2 32 4 15 15 9 10 33 1 16 6 8 11 24 11 4 9 12 3 19 2.70999124060388841 14 25 10 6 3 5 10 2 1 22.5640076994895935 66.0765785610708747 
11 20 6 17 1 9 6 3 2 14 29 1 16 26 2 4 1 9 9 21 11 4 31 13 12 1 4 1 22 9 2 32 4 15 15 9 10 33 1 16 6 8 11 24 11 4 9 12 3 19 2.70999124060388841 13 25 7 6 3 5 15 30 10 21.1580185890197754 88.9370350039854429 
11 20 6 17 1 9 6 3 2 14 29 1 16 26 2 18 33 12 9 15 7 4 31 13 12 1 4 1 22 9 2 32 4 15 15 9 10 33 1 16 6 8 11 24 11 4 9 12 3 19 2.70999124060388841 1 14 4 6 3 5 14 12 6 21.8537996411323547 75.3097024028562743 
11 20 6 17 1 9 6 3 2 14 29 1 16 26 2 18 33 12 9 21 11 4 31 13 12 1 4 1 22 9 2 32 4 15 15 9 10 33 1 16 6 8 11 24 11 4 9 12 3 19 2.70999124060388841 5 14 7 6 3 5 10 2 1 24.7438727617263794 56.3462246608142578 
1 20 7 6 25 7 12 15 11 14 20 2 14 20 5 3 7 9 14 26 11 14 14 7 8 24 10 16 30 3 15 30 7 8 18 2.70999124060388841 8 7 3 17 5 1 13 30 10 15 8 3 16 25 4 14 12 12 9.25570237641795579 1 11 3 8.22565314501180467 7 16.9737210869789124 316.230921855921792 
2 20 9 10 26 2.70999124060388841 13 31 8 13 32 9 1 15 2 12 2 4 17 24 8 8 28 4 3 16.1354543567662532 10 14 25 2 3 1 2 12 2 2 4.94126535182462057 26 1 17 6 5 17 14 11 14 26 5 14 26 6 4 6 2 13.2195649013323386 32 3 17.8244721320812971 15 7.75241283629571765 17.293383777141571 217.1183839846029 
11 20 6 17 1 9 6 3 2 14 29 1 16 26 2 6 30 1 9 21 11 4 31 13 12 1 4 1 22 9 2 32 4 15 15 9 10 33 1 16 6 8 11 24 11 4 9 12 3 19 2.70999124060388841 14 15 3 6 3 5 15 1 10 21.3075895309448242 79.9087361565516403 
3 31 8 3 5.34074699537910114 4 6 28 1 15 15 8 6 6 2 4 30 10 9.25570237641795579 31 9 2 20 13 1 20 9 10 24 11 4.94126535182462057 6 8 6 12 11 4 19 3 14 3 9.82524131762891173 10 2 7 6 24 5 13 32 13.151007650947605 4 8 2 17 12 11 1 25 9 17.986997663974762 188.748980697664905 
11 20 6 17 1 9 6 3 2 14 29 1 16 26 2 15 24 12 9 21 11 4 31 13 12 1 4 1 22 9 2 32 4 15 15 9 10 33 1 16 6 8 11 24 11 4 9 12 3 19 2.70999124060388841 14 25 9 6 3 5 10 2 1 22.0948886871337891 72.3358559548938729 
11 20 6 17 1 9 6 3 2 15 15 1 16 26 2 18 33 12 9 21 11 4 31 13 12 1 4 1 22 9 2 32 4 15 15 9 10 33 1 16 6 8 11 24 11 4 9 12 3 19 2.70999124060388841 1 5 9 6 3 5 10 2 1 23.4586008787155151 56.6063859642502791 
11 20 6 17 1 9 6 3 2 14 29 1 16 26 2 9 6 12 3 12 12 4 31 13 12 1 4 1 22 9 2 32 4 15 15 9 10 33 1 16 6 8 11 24 11 4 9 12 3 19 2.70999124060388841 1 15 2 6 3 5 14 25 11 20.1980875134468079 91.1254852755226779 
11 20 6 17 1 9 6 3 2 14 29 1 16 26 2 15 24 8 9 21 11 4 31 13 12 1 4 1 22 9 2 32 4 15 15 9 10 33 1 16 6 8 11 24 11 4 9 12 3 19 2.70999124060388841 14 5.34074699537910114 6 6 3 5 10 2 1 22.4369816780090332 68.7490138752418005 
11 20 6 17 1 9 6 3 2 14 29 1 16 26 2 15 19 2 9 21 11 4 31 13 12 1 4 1 22 9 2 32 4 15 15 9 10 33 1 16 6 8 11 24 11 4 9 12 3 19 2.70999124060388841 14 12 7 6 3 5 10 2 1 22.3267306983470917 70.3187123538817929 
11 20 6 17 1 9 6 3 2 15 16 1 16 26 2 12 15 12 9 21 11 4 31 13 12 1 4 1 22 9 2 32 4 15 15 9 10 33 1 16 6 8 11 24 11 4 9 12 3 19 2.70999124060388841 6 25 10 6 3 5 10 2 1 22.1558689475059509 72.291039610842347 
11 20 6 17 1 9 6 3 2 14 29 1 16 26 2 18 33 12 9 21 11 4 31 13 12 1 4 1 22 9 2 32 4 15 15 9 10 33 1 16 6 8 11 24 11 4 9 12 3 19 2.70999124060388841 1 27 10 6 3 5 10 2 1 25.5001107454299927 55.6249780429111098 
17 15 1 5 25 13 4 24 7 9 20 9 12 17 9 4 1 10 9 26 6 17 24 2 14 31 2 17 25 1 4 15 2 2 6 8 3 31 10 2 19 10 2 32 11 4 30 11 8 9 7 15 20 9 14 26 5 9 16 4 17.9055587649345398 196.414280447794368 
6 32 10 9 32 13 15 20 6 3 6 9 14 3 6 5 26 5 16 33 4 14 1 2.70999124060388841 8 9 11 13 3 2 15 26 3 6 20 9 17 5 2 15 31 4 14 18 12 16 24 10 2 31 11 13 6 9 4 18 10 15 20 6.96245171630185755 17.0618317723274231 237.074133168173404 
6 5.34074699537910114 11 2 16.1354543567662532 3.84646942076222631 12 1 1 6 31 4 16 30 3 13 18 9 6 20 2 4 26 2 13.2195649013323386 32 13.151007650947605 18 30 5 14 9 7 15 15 1 17 16 6 4 30 13 1 6 7.75241283629571765 14 25 4 18 32 9 4 18 9 16 1 10 16 26 10 17.623319149017334 211.387539732892378 
11 20 6 17 1 9 6 3 2 6 15 12 16 26 2 1 24 2 6 17 2 4 31 13 12 1 4 1 22 9 2 32 4 15 15 9 10 33 1 16 6 8 11 24 11 4 9 12 3 19 2.70999124060388841 12 6 11 6 3 5 14 8 5 19.6767576336860657 108.832313451336162 
11 20 6 17 1 9 6 3 2 14 29 1 16 26 2 3 6 11 9 21 11 4 31 13 12 1 4 1 22 9 2 32 4 15 15 9 10 33 1 16 6 8 11 24 11 4 9 12 3 19 2.70999124060388841 15 20 3 6 3 5 10 2 1 22.4252407550811768 69.9440887100337676 
11 20 6 17 1 9 6 3 2 14 29 1 16 26 2 18 33 12 9 21 11 4 31 13 12 1 4 1 22 9 2 32 4 15 15 9 10 33 1 16 6 8 11 24 11 4 9 12 3 19 2.70999124060388841 14 25 3 6 3 5 1 15 1 23.1652286648750305 60.6973311828858186 
14 24 5 15 5 6 14 6 4 4 33 2.70999124060388841 1 26 6 12 12 13 13 24 6.96245171630185755 1 12 1 17 8 9 16 2 9 2 32 12 16 14 13 14 16 10 1 6 7 18 31 9 3 13 2 4 8 2 8 25 7 6 15 11 9 3 13 19.1104258000850677 176.091220707397184 
11 20 6 17 1 9 6 3 2 14 29 1 16 26 2 18 33 12 9 21 11 4 31 13 12 1 4 1 22 9 2 32 4 15 15 9 14 20 9 16 6 8 11 24 11 4 9 12 3 19 2.70999124060388841 10 2 3 6 3 5 1 5 10 22.349945604801178 70.0514927143364901 
11 20 6 17 1 9 6 3 2 14 29 1 16 26 2 18 33 12 9 21 11 4 31 13 12 1 4 1 22 9 2 32 4 15 15 9 10 33 1 16 6 8 11 24 11 4 9 12 3 19 2.70999124060388841 1 20 4 6 3 5 14 1 5 22.7690367102622986 65.5271671268916123 
11 20 6 17 1 9 6 3 2 14 29 1 16 26 2 18 33 12 9 21 11 4 31 13 12 1 4 1 22 9 2 32 4 15 15 9 10 33 1 16 6 8 11 24 11 4 9 12 3 19 2.70999124060388841 1 27 10 6 3 5 14 16 9 24.581537663936615 56.4251446891706081 
14 1 9 15 32 8 4 20 5 3.36768017929769181 8 10 6 17 1 9.25570237641795579 30 9 16 19 2 4 1 1 6 32 1 4 18 3.84646942076222631 15 24 12 3 14 4 16 26 2 13 19 12 1 15 6 15 15 6 16 1 7 4 8 1 1 12 5 11 30 9 18.3627565205097198 180.572330624164124 
11 20 6 17 1 9 6 3 2 14 29 1 16 26 2 18 33 12 9 21 11 4 31 13 12 1 4 1 22 9 2 32 4 15 15 9 10 33 1 16 6 8 11 24 11 4 9 12 3 19 2.70999124060388841 14 1 10 6 3 5 15 20 9 22.8042096495628357 61.514310011804028 
11 20 6 17 1 9 6 3 2 14 29 1 15 9 2.70999124060388841 15 24 9 15 14 5 4 31 13 12 1 4 1 22 9 2 32 4 15 15 9 15 13 2 16 6 8 11 24 11 4 9 12 3 19 2.70999124060388841 16 26 11 6 3 5 9.25570237641795579 15 6 19.5544524788856506 155.881331473069679 
11 20 6 17 1 9 6 3 2 14 29 1 16 26 2 14 30 2 9 21 11 4 31 13 12 1 4 1 22 9 2 32 4 15 15 9 10 33 1 16 6 8 11 24 11 4 9 12 3 19 2.70999124060388841 1 5.34074699537910114 7 6 3 5 10 2 1 22.0933867394924164 74.5061910654775374 

Current Evaluation = 80000000(80000000)
Front Size = 28
11 20 6 17 1 9 6 3 2 14 29 1 16 26 2 14 15 13 9 21 11 4 31 13 12 1 4 1 22 9 2 32 4 15 15 9 10 33 1 16 6 8 11 24 11 4 9 12 3 19 2.70999124060388841 1 25 4 6 3 5 15 15 5 21.31490558385849 76.5741217487885848 
16 28 13 4 18 2.70999124060388841 9 19 6.96245171630185755 14 13 11 14 20 10 4 24 13 14 31 5 17 26 8 4 20 4 15 24 4 2 20 6 8 12 5 16 15 4 4.94126535182462057 25 8 2 20 2 4 1 2 17 23 8 1 15 2 6 30 8 15 20 9.82524131762891173 17.2845627665519714 236.635367247131995 
11 20 6 17 1 9 6 3 2 14 20 13 16 26 2 3 6 10 3.36768017929769181 30 3 4 31 13 12 1 4 1 22 9 2 32 4 15 15 9 10 33 1 16 6 8 9.25570237641795579 17 3.84646942076222631 4 9 12 3 19 2.70999124060388841 1 6 9 6 3 5 10 2 1 19.6612519025802612 128.753372835864241 
11 20 6 17 1 9 6 3 2 14 29 1 16 26 2 18 33 12 12 12 12 4 31 13 12 1 4 1 22 9 2 32 4 15 15 9 10 33 1 16 6 8 11 24 11 4 9 12 3 19 2.70999124060388841 14 25 10 6 3 5 10 2 1 22.5640076994895935 66.0765785610708747 
11 20 6 17 1 9 6 3 2 14 29 1 16 26 2 4 1 9 9 21 11 4 31 13 12 1 4 1 22 9 2 32 4 15 15 9 10 33 1 16 6 8 11 24 11 4 9 12 3 19 2.70999124060388841 13 25 7 6 3 5 15 30 10 21.1580185890197754 88.9370350039854429 
2 20 9 10 26 2.70999124060388841 13 31 8 13 32 9 1 15 2 12 2 4 17 24 8 8 28 4 3 16.1354543567662532 10 14 25 2 3 1 2 12 2 2 4.94126535182462057 26 1 17 6 5 17 14 11 14 26 5 14 26 6 4 6 2 13.2195649013323386 32 3 17.8244721320812971 15 7.75241283629571765 17.293383777141571 217.1183839846029 
11 20 6 17 1 9 6 3 2 14 29 1 16 26 2 6 30 1 9 21 11 4 31 13 12 1 4 1 22 9 2 32 4 15 15 9 10 33 1 16 6 8 11 24 11 4 9 12 3 19 2.70999124060388841 14 15 3 6 3 5 15 1 10 21.3075895309448242 79.9087361565516403 
3 31 8 3 5.34074699537910114 4 6 28 1 15 15 8 6 6 2 4 30 10 9.25570237641795579 31 9 2 20 13 1 20 9 10 24 11 4.94126535182462057 6 8 6 12 11 4 19 3 14 3 9.82524131762891173 10 2 7 6 24 5 13 32 13.151007650947605 4 8 2 17 12 11 1 25 9 17.986997663974762 188.748980697664905 
11 20 6 17 1 9 6 3 2 14 29 1 16 26 2 9 6 12 3 12 12 4 31 13 12 1 4 1 22 9 2 32 4 15 15 9 10 33 1 16 6 8 11 24 11 4 9 12 3 19 2.70999124060388841 1 15 2 6 3 5 14 25 11 20.1980875134468079 91.1254852755226779 
11 20 6 17 1 9 6 3 2 14 29 1 16 26 2 15 24 8 9 21 11 4 31 13 12 1 4 1 22 9 2 32 4 15 15 9 10 33 1 16 6 8 11 24 11 4 9 12 3 19 2.70999124060388841 14 5.34074699537910114 6 6 3 5 10 2 1 22.4369816780090332 68.7490138752418005 
11 20 6 17 1 9 6 3 2 14 29 1 16 26 2 15 19 2 9 21 11 4 31 13 12 1 4 1 22 9 2 32 4 15 15 9 10 33 1 16 6 8 11 24 11 4 9 12 3 19 2.70999124060388841 14 12 7 6 3 5 10 2 1 22.3267306983470917 70.3187123538817929 
17 15 1 5 25 13 4 24 7 9 20 9 12 17 9 4 1 10 9 26 6 17 24 2 14 31 2 17 25 1 4 15 2 2 6 8 3 31 10 2 19 10 2 32 11 4 30 11 8 9 7 15 20 9 14 26 5 9 16 4 17.9055587649345398 196.414280447794368 
6 32 10 9 32 13 15 20 6 3 6 9 14 3 6 5 26 5 16 33 4 14 1 2.70999124060388841 8 9 11 13 3 2 15 26 3 6 20 9 17 5 2 15 31 4 14 18 12 16 24 10 2 31 11 13 6 9 4 18 10 15 20 6.96245171630185755 17.0618317723274231 237.074133168173404 
6 5.34074699537910114 11 2 16.1354543567662532 3.84646942076222631 12 1 1 6 31 4 16 30 3 13 18 9 6 20 2 4 26 2 13.2195649013323386 32 13.151007650947605 18 30 5 14 9 7 15 15 1 17 16 6 4 30 13 1 6 7.75241283629571765 14 25 4 18 32 9 4 18 9 16 1 10 16 26 10 17.623319149017334 211.387539732892378 
11 20 6 17 1 9 6 3 2 6 15 12 16 26 2 1 24 2 6 17 2 4 31 13 12 1 4 1 22 9 2 32 4 15 15 9 10 33 1 16 6 8 11 24 11 4 9 12 3 19 2.70999124060388841 12 6 11 6 3 5 14 8 5 19.6767576336860657 108.832313451336162 
11 20 6 17 1 9 6 3 2 14 29 1 16 26 2 3 6 11 9 21 11 4 31 13 12 1 4 1 22 9 2 32 4 15 15 9 10 33 1 16 6 8 11 24 11 4 9 12 3 19 2.70999124060388841 15 20 3 6 3 5 10 2 1 22.4252407550811768 69.9440887100337676 
14 24 5 15 5 6 14 6 4 4 33 2.70999124060388841 1 26 6 12 12 13 13 24 6.96245171630185755 1 12 1 17 8 9 16 2 9 2 32 12 16 14 13 14 16 10 1 6 7 18 31 9 3 13 2 4 8 2 8 25 7 6 15 11 9 3 13 19.1104258000850677 176.091220707397184 
11 20 6 17 1 9 6 3 2 14 29 1 16 26 2 18 33 12 9 21 11 4 31 13 12 1 4 1 22 9 2 32 4 15 15 9 14 20 9 16 6 8 11 24 11 4 9 12 3 19 2.70999124060388841 10 2 3 6 3 5 1 5 10 22.349945604801178 70.0514927143364901 
14 1 9 15 32 8 4 20 5 3.36768017929769181 8 10 6 17 1 9.25570237641795579 30 9 16 19 2 4 1 1 6 32 1 4 18 3.84646942076222631 15 24 12 3 14 4 16 26 2 13 19 12 1 15 6 15 15 6 16 1 7 4 8 1 1 12 5 11 30 9 18.3627565205097198 180.572330624164124 
11 20 6 17 1 9 6 3 2 14 29 1 15 9 2.70999124060388841 15 24 9 15 14 5 4 31 13 12 1 4 1 22 9 2 32 4 15 15 9 15 13 2 16 6 8 11 24 11 4 9 12 3 19 2.70999124060388841 16 26 11 6 3 5 9.25570237641795579 15 6 19.5544524788856506 155.881331473069679 
11 20 6 17 1 9 6 3 2 14 29 1 16 26 2 12 15 8 9 21 11 4 31 13 12 1 4 1 22 9 2 32 4 15 15 9 10 33 1 16 6 8 11 24 11 4 9 12 3 19 2.70999124060388841 5 25 10 6 3 5 14 15 10 22.0718265771865845 70.5190311286472138 
6 12 5 6 9 11 9 18 2.70999124060388841 17 15 13 17 32 6.96245171630185755 8 32 3 1 32 4 1 18 5 13 9 3.84646942076222631 14 6 8 1 9 1 6 26 2 9 24 12 14 32 3 12 31 11 4 15 8 1 6 2 17 24 3 12 5 6 13 17 4 16.9138367176055908 257.886846486846537 
3.36768017929769181 7 11 17 1 9 6 3 2 14 29 1 16 26 2 18 16 1 9 21 11 4 31 13 12 1 4 1 22 9 2 32 4 15 15 9 10 33 1 16 6 8 11 24 11 4 9 12 3 19 2.70999124060388841 15 1 9 6 3 5 14 11 4 22.7353755831718445 55.7587850839411558 
3.36768017929769181 7 11 17 1 9 6 3 2 14 29 1 16 26 2 18 16 1 9 21 11 4 31 13 12 1 4 1 22 9 2 32 4 15 15 9 10 33 1 16 6 8 11 24 11 4 9 12 3 19 2.70999124060388841 1 27 10 6 3 5 10 2 1 25.0889797210693359 51.3120453143892661 
3.36768017929769181 7 11 17 1 9 6 3 2 14 29 1 16 26 2 18 16 1 9 21 11 4 31 13 12 1 4 1 22 9 2 32 4 15 15 9 14 20 7 16 6 8 11 24 11 4 9 12 3 19 2.70999124060388841 1 1 9 6 3 5 10 2 1 21.8274536728858948 71.9840827387266984 
3.36768017929769181 7 11 17 1 9 6 3 2 14 29 1 16 26 2 18 16 1 9 21 11 4 31 13 12 1 4 1 22 9 2 32 4 15 15 9 10 33 1 16 6 8 11 24 11 4 9 12 14 1 4 1 27 10 6 3 5 10 2 1 24.4666867256164551 53.573330685598556 
3.36768017929769181 7 11 17 1 9 6 3 2 14 29 1 16 26 2 18 16 1 9 21 11 4 31 13 12 1 4 1 22 9 2 32 4 15 15 9 10 33 1 16 6 8 11 24 11 4 9 12 3 19 2.70999124060388841 14 20 9 6 3 5 10 2 1 23.2931987643241882 54.4353848226636075 
3.36768017929769181 7 11 17 1 9 6 3 2 14 29 1 16 26 2 18 16 1 9 21 11 4 31 13 12 1 4 1 22 9 2 32 4 15 15 9 10 33 1 16 6 8 11 24 11 4 9 12 3 19 2.70999124060388841 5 5 4 6 3 5 10 2 1 24.262569785118103 54.2349671051699502 

Current Evaluation = 90000000(90000000)
Front Size = 33
11 20 6 17 1 9 6 3 2 14 29 1 16 26 2 14 15 13 9 21 11 4 31 13 12 1 4 1 22 9 2 32 4 15 15 9 10 33 1 16 6 8 11 24 11 4 9 12 3 19 2.70999124060388841 1 25 4 6 3 5 15 15 5 21.31490558385849 76.5741217487885848 
16 28 13 4 18 2.70999124060388841 9 19 6.96245171630185755 14 13 11 14 20 10 4 24 13 14 31 5 17 26 8 4 20 4 15 24 4 2 20 6 8 12 5 16 15 4 4.94126535182462057 25 8 2 20 2 4 1 2 17 23 8 1 15 2 6 30 8 15 20 9.82524131762891173 17.2845627665519714 236.635367247131995 
11 20 6 17 1 9 6 3 2 14 20 13 16 26 2 3 6 10 3.36768017929769181 30 3 4 31 13 12 1 4 1 22 9 2 32 4 15 15 9 10 33 1 16 6 8 9.25570237641795579 17 3.84646942076222631 4 9 12 3 19 2.70999124060388841 1 6 9 6 3 5 10 2 1 19.6612519025802612 128.753372835864241 
2 20 9 10 26 2.70999124060388841 13 31 8 13 32 9 1 15 2 12 2 4 17 24 8 8 28 4 3 16.1354543567662532 10 14 25 2 3 1 2 12 2 2 4.94126535182462057 26 1 17 6 5 17 14 11 14 26 5 14 26 6 4 6 2 13.2195649013323386 32 3 17.8244721320812971 15 7.75241283629571765 17.293383777141571 217.1183839846029 
11 20 6 17 1 9 6 3 2 14 29 1 16 26 2 6 30 1 9 21 11 4 31 13 12 1 4 1 22 9 2 32 4 15 15 9 10 33 1 16 6 8 11 24 11 4 9 12 3 19 2.70999124060388841 14 15 3 6 3 5 15 1 10 21.3075895309448242 79.9087361565516403 
3 31 8 3 5.34074699537910114 4 6 28 1 15 15 8 6 6 2 4 30 10 9.25570237641795579 31 9 2 20 13 1 20 9 10 24 11 4.94126535182462057 6 8 6 12 11 4 19 3 14 3 9.82524131762891173 10 2 7 6 24 5 13 32 13.151007650947605 4 8 2 17 12 11 1 25 9 17.986997663974762 188.748980697664905 
11 20 6 17 1 9 6 3 2 14 29 1 16 26 2 9 6 12 3 12 12 4 31 13 12 1 4 1 22 9 2 32 4 15 15 9 10 33 1 16 6 8 11 24 11 4 9 12 3 19 2.70999124060388841 1 15 2 6 3 5 14 25 11 20.1980875134468079 91.1254852755226779 
17 15 1 5 25 13 4 24 7 9 20 9 12 17 9 4 1 10 9 26 6 17 24 2 14 31 2 17 25 1 4 15 2 2 6 8 3 31 10 2 19 10 2 32 11 4 30 11 8 9 7 15 20 9 14 26 5 9 16 4 17.9055587649345398 196.414280447794368 
6 32 10 9 32 13 15 20 6 3 6 9 14 3 6 5 26 5 16 33 4 14 1 2.70999124060388841 8 9 11 13 3 2 15 26 3 6 20 9 17 5 2 15 31 4 14 18 12 16 24 10 2 31 11 13 6 9 4 18 10 15 20 6.96245171630185755 17.0618317723274231 237.074133168173404 
6 5.34074699537910114 11 2 16.1354543567662532 3.84646942076222631 12 1 1 6 31 4 16 30 3 13 18 9 6 20 2 4 26 2 13.2195649013323386 32 13.151007650947605 18 30 5 14 9 7 15 15 1 17 16 6 4 30 13 1 6 7.75241283629571765 14 25 4 18 32 9 4 18 9 16 1 10 16 26 10 17.623319149017334 211.387539732892378 
11 20 6 17 1 9 6 3 2 6 15 12 16 26 2 1 24 2 6 17 2 4 31 13 12 1 4 1 22 9 2 32 4 15 15 9 10 33 1 16 6 8 11 24 11 4 9 12 3 19 2.70999124060388841 12 6 11 6 3 5 14 8 5 19.6767576336860657 108.832313451336162 
14 24 5 15 5 6 14 6 4 4 33 2.70999124060388841 1 26 6 12 12 13 13 24 6.96245171630185755 1 12 1 17 8 9 16 2 9 2 32 12 16 14 13 14 16 10 1 6 7 18 31 9 3 13 2 4 8 2 8 25 7 6 15 11 9 3 13 19.1104258000850677 176.091220707397184 
14 1 9 15 32 8 4 20 5 3.36768017929769181 8 10 6 17 1 9.25570237641795579 30 9 16 19 2 4 1 1 6 32 1 4 18 3.84646942076222631 15 24 12 3 14 4 16 26 2 13 19 12 1 15 6 15 15 6 16 1 7 4 8 1 1 12 5 11 30 9 18.3627565205097198 180.572330624164124 
6 12 5 6 9 11 9 18 2.70999124060388841 17 15 13 17 32 6.96245171630185755 8 32 3 1 32 4 1 18 5 13 9 3.84646942076222631 14 6 8 1 9 1 6 26 2 9 24 12 14 32 3 12 31 11 4 15 8 1 6 2 17 24 3 12 5 6 13 17 4 16.9138367176055908 257.886846486846537 
3.36768017929769181 7 11 17 1 9 6 3 2 14 29 1 16 26 2 18 16 1 9 21 11 4 31 13 12 1 4 1 22 9 2 32 4 15 15 9 10 33 1 16 6 8 11 24 11 4 9 12 3 19 2.70999124060388841 15 1 9 6 3 5 14 11 4 22.7353755831718445 55.7587850839411558 
3.36768017929769181 7 11 17 1 9 6 3 2 14 29 1 16 26 2 18 16 1 9 21 11 4 31 13 12 1 4 1 22 9 2 32 4 15 15 9 14 20 7 16 6 8 11 24 11 4 9 12 3 19 2.70999124060388841 1 1 9 6 3 5 10 2 1 21.8274536728858948 71.9840827387266984 
3.36768017929769181 7 11 17 1 9 6 3 2 14 29 1 16 26 2 18 16 1 9 21 11 4 31 13 12 1 4 1 22 9 2 32 4 15 15 9 10 33 1 16 6 8 11 24 11 4 9 12 3 19 2.70999124060388841 14 20 9 6 3 5 10 2 1 23.2931987643241882 54.4353848226636075 
3.36768017929769181 7 11 17 1 9 6 3 2 14 29 1 16 26 2 18 16 1 9 21 11 4 31 13 12 1 4 1 22 9 2 32 4 15 15 9 10 33 1 16 6 8 11 24 11 4 9 12 3 19 2.70999124060388841 14 20 9 6 3 5 14 30 7 21.9847946763038635 70.4111130065033848 
3.36768017929769181 7 11 17 1 9 6 3 2 14 29 1 16 26 2 18 16 1 9 21 11 4 31 13 12 1 4 1 22 9 2 32 4 15 15 9 10 33 1 16 6 8 11 24 11 4 9 12 3 19 2.70999124060388841 1 27 10 6 3 5 2 28 1 25.0530307292938232 52.7654466175715342 
3.36768017929769181 7 11 17 1 9 6 3 2 14 29 1 16 26 2 18 16 1 9 21 11 4 31 13 12 1 4 1 22 9 2 32 4 15 15 9 10 33 1 16 6 8 11 24 11 4 9 12 3 19 2.70999124060388841 1 27 10 6 3 5 10 2 1 25.0889797210693359 50.91635824131383 
3.36768017929769181 7 11 17 1 9 6 3 2 14 29 1 16 26 2 18 16 1 9 21 11 4 31 13 12 1 4 1 22 9 2 32 4 15 15 9 10 33 1 16 6 8 11 24 11 4 9 12 3 19 2.70999124060388841 14 20 4 6 3 5 10 2 1 23.3212227523326874 53.5760816296658575 
3.36768017929769181 7 11 17 1 9 6 3 2 14 29 1 16 26 2 18 16 1 9 21 11 4 31 13 12 1 4 1 22 9 2 32 4 15 15 9 10 33 1 16 6 8 11 24 11 4 9 12 3 19 2.70999124060388841 14 7 7 6 3 5 10 2 1 23.8238987922668457 53.2003155118297713 
3.36768017929769181 7 11 17 1 9 6 3 2 14 29 1 16 26 2 18 16 1 10 20 8 4 31 13 12 1 4 1 22 9 2 32 4 15 15 9 10 33 1 16 6 8 11 24 11 4 9 12 3 19 2.70999124060388841 1 27 10 6 3 5 10 2 1 24.2101906538009644 52.7860070033692637 
3.36768017929769181 7 11 17 1 9 6 3 2 14 29 1 16 26 2 18 16 1 3 30 12 4 31 13 12 1 4 1 22 9 2 32 4 15 15 9 10 33 1 16 6 8 11 24 11 4 9 12 3 19 2.70999124060388841 14 12 7 6 3 5 10 2 1 21.9620456993579865 71.2267416964225504 
3.36768017929769181 7 11 17 1 9 6 3 2 14 29 1 16 26 2 14 31 4 9 21 11 4 31 13 12 1 4 1 1 13 2 32 4 15 15 9 2 30 11 16 6 8 11 24 11 4 9 12 3 19 2.70999124060388841 13 20 2 6 3 5 4 12 7 19.4100354015827179 141.622288069058413 
3.36768017929769181 7 11 17 1 9 6 3 2 14 29 1 16 26 2 18 16 1 9 21 11 4 31 13 12 1 4 1 22 9 2 32 4 15 15 9 10 33 1 16 6 8 11 24 11 4 9 12 3 19 2.70999124060388841 14 11 9 6 3 5 10 2 1 23.7094957232475281 53.4656276273477147 
12 24 2.70999124060388841 17 1 9 6 3 2 14 29 1 16 26 2 18 16 1 3 2 2 4 31 13 12 1 4 1 22 9 2 32 4 15 15 9 10 33 1 16 6 8 11 24 11 4 9 12 3 19 2.70999124060388841 15 14 9 6 3 5 14 25 6 21.146354615688324 85.7677363002215998 
3.36768017929769181 7 11 17 1 9 6 3 2 14 29 1 16 26 2 18 16 1 9 21 11 4 31 13 12 1 4 1 22 9 2 32 4 15 15 9 10 33 1 16 6 8 11 24 11 4 9 12 3 19 2.70999124060388841 14 7 10 6 3 5 10 2 1 23.8778988122940063 52.9281358404446181 
3.36768017929769181 7 11 17 1 9 6 3 2 14 29 1 16 26 2 18 16 1 3 5 12 4 31 13 12 1 4 1 22 9 2 32 4 15 15 9 14 8 9 16 6 8 11 24 11 4 9 12 3 19 2.70999124060388841 2 25 6 6 3 5 10 2 1 21.5014966130256653 74.5420597672172107 
3.36768017929769181 7 11 17 1 9 6 3 2 14 29 1 16 26 2 18 16 1 3 12 8 4 31 13 12 1 4 1 22 9 2 32 4 15 15 9 10 33 1 16 6 8 11 24 11 4 9 12 3 19 2.70999124060388841 14 31 6 6 3 5 10 2 1 22.2235246896743774 63.4728522333421239 
3.36768017929769181 7 11 17 1 9 6 3 2 14 29 1 16 26 2 18 16 1 9 21 11 4 31 13 12 1 4 1 22 9 2 32 4 15 15 9 10 33 1 16 6 8 11 24 11 4 9 12 3 19 2.70999124060388841 1 26 4 6 3 5 14 1 6 22.4825845956802368 63.3240074684469931 
3.36768017929769181 7 11 17 1 9 6 3 2 14 29 1 16 26 2 18 16 1 9 13 11 4 31 13 12 1 4 1 22 9 2 32 4 15 15 9 10 33 1 16 6 8 11 24 11 4 9 12 14 30 4 3 26 9 6 3 5 10 2 1 22.0101267397403717 64.3576302838948209 
3.36768017929769181 7 11 17 1 9 6 3 2 14 29 1 16 26 2 18 16 1 9 14 8 4 31 13 12 1 4 1 22 9 2 32 4 15 15 9 10 33 1 16 6 8 11 24 11 4 9 12 3 19 2.70999124060388841 1 7 7 6 3 5 5 1 9 22.5936444997787476 60.4103626946071017 

Current Evaluation = 100000000(100000000)
Front Size = 39
11 20 6 17 1 9 6 3 2 14 29 1 16 26 2 14 15 13 9 21 11 4 31 13 12 1 4 1 22 9 2 32 4 15 15 9 10 33 1 16 6 8 11 24 11 4 9 12 3 19 2.70999124060388841 1 25 4 6 3 5 15 15 5 21.31490558385849 76.5741217487885848 
16 28 13 4 18 2.70999124060388841 9 19 6.96245171630185755 14 13 11 14 20 10 4 24 13 14 31 5 17 26 8 4 20 4 15 24 4 2 20 6 8 12 5 16 15 4 4.94126535182462057 25 8 2 20 2 4 1 2 17 23 8 1 15 2 6 30 8 15 20 9.82524131762891173 17.2845627665519714 236.635367247131995 
11 20 6 17 1 9 6 3 2 14 20 13 16 26 2 3 6 10 3.36768017929769181 30 3 4 31 13 12 1 4 1 22 9 2 32 4 15 15 9 10 33 1 16 6 8 9.25570237641795579 17 3.84646942076222631 4 9 12 3 19 2.70999124060388841 1 6 9 6 3 5 10 2 1 19.6612519025802612 128.753372835864241 
2 20 9 10 26 2.70999124060388841 13 31 8 13 32 9 1 15 2 12 2 4 17 24 8 8 28 4 3 16.1354543567662532 10 14 25 2 3 1 2 12 2 2 4.94126535182462057 26 1 17 6 5 17 14 11 14 26 5 14 26 6 4 6 2 13.2195649013323386 32 3 17.8244721320812971 15 7.75241283629571765 17.293383777141571 217.1183839846029 
11 20 6 17 1 9 6 3 2 14 29 1 16 26 2 6 30 1 9 21 11 4 31 13 12 1 4 1 22 9 2 32 4 15 15 9 10 33 1 16 6 8 11 24 11 4 9 12 3 19 2.70999124060388841 14 15 3 6 3 5 15 1 10 21.3075895309448242 79.9087361565516403 
3 31 8 3 5.34074699537910114 4 6 28 1 15 15 8 6 6 2 4 30 10 9.25570237641795579 31 9 2 20 13 1 20 9 10 24 11 4.94126535182462057 6 8 6 12 11 4 19 3 14 3 9.82524131762891173 10 2 7 6 24 5 13 32 13.151007650947605 4 8 2 17 12 11 1 25 9 17.986997663974762 188.748980697664905 
11 20 6 17 1 9 6 3 2 14 29 1 16 26 2 9 6 12 3 12 12 4 31 13 12 1 4 1 22 9 2 32 4 15 15 9 10 33 1 16 6 8 11 24 11 4 9 12 3 19 2.70999124060388841 1 15 2 6 3 5 14 25 11 20.1980875134468079 91.1254852755226779 
17 15 1 5 25 13 4 24 7 9 20 9 12 17 9 4 1 10 9 26 6 17 24 2 14 31 2 17 25 1 4 15 2 2 6 8 3 31 10 2 19 10 2 32 11 4 30 11 8 9 7 15 20 9 14 26 5 9 16 4 17.9055587649345398 196.414280447794368 
6 32 10 9 32 13 15 20 6 3 6 9 14 3 6 5 26 5 16 33 4 14 1 2.70999124060388841 8 9 11 13 3 2 15 26 3 6 20 9 17 5 2 15 31 4 14 18 12 16 24 10 2 31 11 13 6 9 4 18 10 15 20 6.96245171630185755 17.0618317723274231 237.074133168173404 
6 5.34074699537910114 11 2 16.1354543567662532 3.84646942076222631 12 1 1 6 31 4 16 30 3 13 18 9 6 20 2 4 26 2 13.2195649013323386 32 13.151007650947605 18 30 5 14 9 7 15 15 1 17 16 6 4 30 13 1 6 7.75241283629571765 14 25 4 18 32 9 4 18 9 16 1 10 16 26 10 17.623319149017334 211.387539732892378 
11 20 6 17 1 9 6 3 2 6 15 12 16 26 2 1 24 2 6 17 2 4 31 13 12 1 4 1 22 9 2 32 4 15 15 9 10 33 1 16 6 8 11 24 11 4 9 12 3 19 2.70999124060388841 12 6 11 6 3 5 14 8 5 19.6767576336860657 108.832313451336162 
14 24 5 15 5 6 14 6 4 4 33 2.70999124060388841 1 26 6 12 12 13 13 24 6.96245171630185755 1 12 1 17 8 9 16 2 9 2 32 12 16 14 13 14 16 10 1 6 7 18 31 9 3 13 2 4 8 2 8 25 7 6 15 11 9 3 13 19.1104258000850677 176.091220707397184 
14 1 9 15 32 8 4 20 5 3.36768017929769181 8 10 6 17 1 9.25570237641795579 30 9 16 19 2 4 1 1 6 32 1 4 18 3.84646942076222631 15 24 12 3 14 4 16 26 2 13 19 12 1 15 6 15 15 6 16 1 7 4 8 1 1 12 5 11 30 9 18.3627565205097198 180.572330624164124 
6 12 5 6 9 11 9 18 2.70999124060388841 17 15 13 17 32 6.96245171630185755 8 32 3 1 32 4 1 18 5 13 9 3.84646942076222631 14 6 8 1 9 1 6 26 2 9 24 12 14 32 3 12 31 11 4 15 8 1 6 2 17 24 3 12 5 6 13 17 4 16.9138367176055908 257.886846486846537 
3.36768017929769181 7 11 17 1 9 6 3 2 14 29 1 16 26 2 18 16 1 9 21 11 4 31 13 12 1 4 1 22 9 2 32 4 15 15 9 10 33 1 16 6 8 11 24 11 4 9 12 3 19 2.70999124060388841 15 1 9 6 3 5 14 11 4 22.7353755831718445 55.7587850839411558 
3.36768017929769181 7 11 17 1 9 6 3 2 14 29 1 16 26 2 18 16 1 9 21 11 4 31 13 12 1 4 1 22 9 2 32 4 15 15 9 14 20 7 16 6 8 11 24 11 4 9 12 3 19 2.70999124060388841 1 1 9 6 3 5 10 2 1 21.8274536728858948 71.9840827387266984 
3.36768017929769181 7 11 17 1 9 6 3 2 14 29 1 16 26 2 18 16 1 9 21 11 4 31 13 12 1 4 1 22 9 2 32 4 15 15 9 10 33 1 16 6 8 11 24 11 4 9 12 3 19 2.70999124060388841 14 20 9 6 3 5 10 2 1 23.2931987643241882 54.4353848226636075 
3.36768017929769181 7 11 17 1 9 6 3 2 14 29 1 16 26 2 18 16 1 9 21 11 4 31 13 12 1 4 1 22 9 2 32 4 15 15 9 10 33 1 16 6 8 11 24 11 4 9 12 3 19 2.70999124060388841 14 20 9 6 3 5 14 30 7 21.9847946763038635 70.4111130065033848 
3.36768017929769181 7 11 17 1 9 6 3 2 14 29 1 16 26 2 18 16 1 9 21 11 4 31 13 12 1 4 1 22 9 2 32 4 15 15 9 10 33 1 16 6 8 11 24 11 4 9 12 3 19 2.70999124060388841 1 27 10 6 3 5 10 2 1 25.0889797210693359 50.91635824131383 
3.36768017929769181 7 11 17 1 9 6 3 2 14 29 1 16 26 2 18 16 1 9 21 11 4 31 13 12 1 4 1 22 9 2 32 4 15 15 9 10 33 1 16 6 8 11 24 11 4 9 12 3 19 2.70999124060388841 14 20 4 6 3 5 10 2 1 23.3212227523326874 53.5760816296658575 
3.36768017929769181 7 11 17 1 9 6 3 2 14 29 1 16 26 2 18 16 1 3 30 12 4 31 13 12 1 4 1 22 9 2 32 4 15 15 9 10 33 1 16 6 8 11 24 11 4 9 12 3 19 2.70999124060388841 14 12 7 6 3 5 10 2 1 21.9620456993579865 71.2267416964225504 
3.36768017929769181 7 11 17 1 9 6 3 2 14 29 1 16 26 2 14 31 4 9 21 11 4 31 13 12 1 4 1 1 13 2 32 4 15 15 9 2 30 11 16 6 8 11 24 11 4 9 12 3 19 2.70999124060388841 13 20 2 6 3 5 4 12 7 19.4100354015827179 141.622288069058413 
3.36768017929769181 7 11 17 1 9 6 3 2 14 29 1 16 26 2 18 16 1 9 21 11 4 31 13 12 1 4 1 22 9 2 32 4 15 15 9 10 33 1 16 6 8 11 24 11 4 9 12 3 19 2.70999124060388841 14 7 10 6 3 5 10 2 1 23.8778988122940063 52.9281358404446181 
3.36768017929769181 7 11 17 1 9 6 3 2 14 29 1 16 26 2 18 16 1 3 5 12 4 31 13 12 1 4 1 22 9 2 32 4 15 15 9 14 8 9 16 6 8 11 24 11 4 9 12 3 19 2.70999124060388841 2 25 6 6 3 5 10 2 1 21.5014966130256653 74.5420597672172107 
3.36768017929769181 7 11 17 1 9 6 3 2 14 29 1 16 26 2 18 16 1 3 12 8 4 31 13 12 1 4 1 22 9 2 32 4 15 15 9 10 33 1 16 6 8 11 24 11 4 9 12 3 19 2.70999124060388841 14 31 6 6 3 5 10 2 1 22.2235246896743774 63.4728522333421239 
3.36768017929769181 7 11 17 1 9 6 3 2 14 29 1 16 26 2 18 16 1 9 13 11 4 31 13 12 1 4 1 22 9 2 32 4 15 15 9 10 33 1 16 6 8 11 24 11 4 9 12 14 30 4 3 26 9 6 3 5 10 2 1 22.0101267397403717 64.3576302838948209 
3.36768017929769181 7 11 17 1 9 6 3 2 14 29 1 16 26 2 18 16 1 9 14 8 4 31 13 12 1 4 1 22 9 2 32 4 15 15 9 10 33 1 16 6 8 11 24 11 4 9 12 3 19 2.70999124060388841 1 7 7 6 3 5 5 1 9 22.5936444997787476 60.4103626946071017 
3.36768017929769181 7 11 17 1 9 6 3 2 14 29 1 16 26 2 18 16 1 9 21 11 4 31 13 12 1 4 1 22 9 2 32 4 15 15 9 10 33 1 16 6 8 11 24 11 4 9 12 3 19 2.70999124060388841 14 20 5 6 3 5 1 30 3 22.3541936278343201 62.3398021259860258 
13 20 12 1 25 11 17 11 5 3 14 12 2 1 13 14 18 13 2 26 2.70999124060388841 9.25570237641795579 24 4 14 32 3.84646942076222631 8 20 9 16 6 5 3 9 6 12 15 7 12 9 4 6 20 9 12 19 9.82524131762891173 6 20 8 14 11 11 15 19 9 14 31.8448655754823804 7.75241283629571765 16.923370897769928 243.927114019451466 
3.36768017929769181 7 11 17 1 9 6 3 2 1 6 1 16 26 2 18 16 1 9 21 11 4 31 13 12 1 4 1 22 9 2 32 4 15 15 9 10 33 1 16 6 8 11 24 11 4 9 12 3 19 2.70999124060388841 14 25 5 6 3 5 10 2 1 22.6313128471374512 57.9123868539212268 
3.36768017929769181 7 11 17 1 9 6 3 2 14 29 1 16 26 2 18 16 1 9 21 11 4 31 13 12 1 4 1 22 9 2 32 4 15 15 9 10 33 1 16 6 8 11 24 11 4 9 12 3 19 2.70999124060388841 14 25 10 6 3 5 10 2 1 23.4640097618103027 53.4216725301722448 
3.36768017929769181 7 11 17 1 9 6 3 2 14 29 1 16 26 2 18 16 1 9 21 11 4 31 13 12 1 4 1 22 9 2 32 4 15 15 9 10 33 1 16 6 8 11 24 11 4 9 12 3 19 2.70999124060388841 5 20 6 6 3 5 10 2 1 24.2009137868881226 51.6691033185121711 
3.36768017929769181 7 11 17 1 9 6 3 2 14 29 1 16 26 2 18 16 1 3 17 2.70999124060388841 4 31 13 12 1 4 1 22 9 2 32 4 15 15 9 10 33 1 16 6 8 11 24 11 4 9 12 3 19 2.70999124060388841 14 20 10 6 3 5 10 2 1 22.4093756675720215 61.9320643787688141 
3.36768017929769181 7 11 17 1 9 6 3 2 14 29 1 16 26 2 18 16 1 9 21 11 4 31 13 12 1 4 1 22 9 2 32 4 15 15 9 14 16 6 16 6 8 11 24 11 4 9 12 3 19 2.70999124060388841 1 30 3 6 3 5 14 31 6 21.247078537940979 80.9217476967477012 
3.36768017929769181 7 11 17 1 9 6 3 2 14 29 1 16 26 2 18 16 1 3.36768017929769181 15 11 4 31 13 12 1 4 1 22 9 2 32 4 15 15 9 6 30 6.96245171630185755 16 6 8 11 24 11 4 9 12 3 19 2.70999124060388841 1 14 9 6 3 5 10 2 1 20.9936156272888184 81.7516214487271213 
3.36768017929769181 7 11 17 1 9 6 3 2 14 29 1 16 26 2 18 16 1 9 21 11 4 31 13 12 1 4 1 22 9 2 32 4 15 15 9 10 33 1 16 6 8 11 24 11 4 9 12 3 19 2.70999124060388841 14 5.34074699537910114 6.96245171630185755 6 3 5 10 2 1 23.6628787517547607 53.3743877183822377 
3.36768017929769181 7 11 17 1 9 6 3 2 14 29 1 16 26 2 18 16 1 9 21 11 4 31 13 12 1 4 1 22 9 2 32 4 15 15 9 10 33 1 16 6 8 11 24 11 4 9 12 3 19 2.70999124060388841 14 14 3 6 3 5 10 2 1 23.693050742149353 53.0561430646619172 
3.36768017929769181 7 11 17 1 9 6 3 2 14 29 1 16 26 2 18 16 1 12 6 3 4 31 13 12 1 4 1 22 9 2 32 4 15 15 9 14 16 7 16 6 8 11 24 11 4 9 12 3 19 2.70999124060388841 13 15 4 6 3 5 10 2 1 20.8590906858444214 88.1240045143976261 
3.36768017929769181 7 11 17 1 9 6 3 2 14 29 1 16 26 2 18 16 1 9 21 11 4 31 13 12 1 4 1 22 9 2 32 4 15 15 9 10 33 1 16 6 8 11 24 11 4 9 12 3 19 2.70999124060388841 14 12 9 6 3 5 10 2 1 23.316360741853714 53.8002502566752341 

MOEA/D: Multiobjective Evolutionary Algorithm Based on Decomposition
Number of Evaluations = 100000000
Mutation Probability = 0.0500000007450580597
Population Size = 250
Neighborhood size = 62
Seed: 13

Time =  19198.1975720000009

Current Evaluation = 100000000
Front Size = 39
11 20 6 17 1 9 6 3 2 14 29 1 16 26 2 14 15 13 9 21 11 4 31 13 12 1 4 1 22 9 2 32 4 15 15 9 10 33 1 16 6 8 11 24 11 4 9 12 3 19 2.70999124060388841 1 25 4 6 3 5 15 15 5 21.31490558385849 76.5741217487885848 
16 28 13 4 18 2.70999124060388841 9 19 6.96245171630185755 14 13 11 14 20 10 4 24 13 14 31 5 17 26 8 4 20 4 15 24 4 2 20 6 8 12 5 16 15 4 4.94126535182462057 25 8 2 20 2 4 1 2 17 23 8 1 15 2 6 30 8 15 20 9.82524131762891173 17.2845627665519714 236.635367247131995 
11 20 6 17 1 9 6 3 2 14 20 13 16 26 2 3 6 10 3.36768017929769181 30 3 4 31 13 12 1 4 1 22 9 2 32 4 15 15 9 10 33 1 16 6 8 9.25570237641795579 17 3.84646942076222631 4 9 12 3 19 2.70999124060388841 1 6 9 6 3 5 10 2 1 19.6612519025802612 128.753372835864241 
2 20 9 10 26 2.70999124060388841 13 31 8 13 32 9 1 15 2 12 2 4 17 24 8 8 28 4 3 16.1354543567662532 10 14 25 2 3 1 2 12 2 2 4.94126535182462057 26 1 17 6 5 17 14 11 14 26 5 14 26 6 4 6 2 13.2195649013323386 32 3 17.8244721320812971 15 7.75241283629571765 17.293383777141571 217.1183839846029 
11 20 6 17 1 9 6 3 2 14 29 1 16 26 2 6 30 1 9 21 11 4 31 13 12 1 4 1 22 9 2 32 4 15 15 9 10 33 1 16 6 8 11 24 11 4 9 12 3 19 2.70999124060388841 14 15 3 6 3 5 15 1 10 21.3075895309448242 79.9087361565516403 
3 31 8 3 5.34074699537910114 4 6 28 1 15 15 8 6 6 2 4 30 10 9.25570237641795579 31 9 2 20 13 1 20 9 10 24 11 4.94126535182462057 6 8 6 12 11 4 19 3 14 3 9.82524131762891173 10 2 7 6 24 5 13 32 13.151007650947605 4 8 2 17 12 11 1 25 9 17.986997663974762 188.748980697664905 
11 20 6 17 1 9 6 3 2 14 29 1 16 26 2 9 6 12 3 12 12 4 31 13 12 1 4 1 22 9 2 32 4 15 15 9 10 33 1 16 6 8 11 24 11 4 9 12 3 19 2.70999124060388841 1 15 2 6 3 5 14 25 11 20.1980875134468079 91.1254852755226779 
17 15 1 5 25 13 4 24 7 9 20 9 12 17 9 4 1 10 9 26 6 17 24 2 14 31 2 17 25 1 4 15 2 2 6 8 3 31 10 2 19 10 2 32 11 4 30 11 8 9 7 15 20 9 14 26 5 9 16 4 17.9055587649345398 196.414280447794368 
6 32 10 9 32 13 15 20 6 3 6 9 14 3 6 5 26 5 16 33 4 14 1 2.70999124060388841 8 9 11 13 3 2 15 26 3 6 20 9 17 5 2 15 31 4 14 18 12 16 24 10 2 31 11 13 6 9 4 18 10 15 20 6.96245171630185755 17.0618317723274231 237.074133168173404 
6 5.34074699537910114 11 2 16.1354543567662532 3.84646942076222631 12 1 1 6 31 4 16 30 3 13 18 9 6 20 2 4 26 2 13.2195649013323386 32 13.151007650947605 18 30 5 14 9 7 15 15 1 17 16 6 4 30 13 1 6 7.75241283629571765 14 25 4 18 32 9 4 18 9 16 1 10 16 26 10 17.623319149017334 211.387539732892378 
11 20 6 17 1 9 6 3 2 6 15 12 16 26 2 1 24 2 6 17 2 4 31 13 12 1 4 1 22 9 2 32 4 15 15 9 10 33 1 16 6 8 11 24 11 4 9 12 3 19 2.70999124060388841 12 6 11 6 3 5 14 8 5 19.6767576336860657 108.832313451336162 
14 24 5 15 5 6 14 6 4 4 33 2.70999124060388841 1 26 6 12 12 13 13 24 6.96245171630185755 1 12 1 17 8 9 16 2 9 2 32 12 16 14 13 14 16 10 1 6 7 18 31 9 3 13 2 4 8 2 8 25 7 6 15 11 9 3 13 19.1104258000850677 176.091220707397184 
14 1 9 15 32 8 4 20 5 3.36768017929769181 8 10 6 17 1 9.25570237641795579 30 9 16 19 2 4 1 1 6 32 1 4 18 3.84646942076222631 15 24 12 3 14 4 16 26 2 13 19 12 1 15 6 15 15 6 16 1 7 4 8 1 1 12 5 11 30 9 18.3627565205097198 180.572330624164124 
6 12 5 6 9 11 9 18 2.70999124060388841 17 15 13 17 32 6.96245171630185755 8 32 3 1 32 4 1 18 5 13 9 3.84646942076222631 14 6 8 1 9 1 6 26 2 9 24 12 14 32 3 12 31 11 4 15 8 1 6 2 17 24 3 12 5 6 13 17 4 16.9138367176055908 257.886846486846537 
3.36768017929769181 7 11 17 1 9 6 3 2 14 29 1 16 26 2 18 16 1 9 21 11 4 31 13 12 1 4 1 22 9 2 32 4 15 15 9 10 33 1 16 6 8 11 24 11 4 9 12 3 19 2.70999124060388841 15 1 9 6 3 5 14 11 4 22.7353755831718445 55.7587850839411558 
3.36768017929769181 7 11 17 1 9 6 3 2 14 29 1 16 26 2 18 16 1 9 21 11 4 31 13 12 1 4 1 22 9 2 32 4 15 15 9 14 20 7 16 6 8 11 24 11 4 9 12 3 19 2.70999124060388841 1 1 9 6 3 5 10 2 1 21.8274536728858948 71.9840827387266984 
3.36768017929769181 7 11 17 1 9 6 3 2 14 29 1 16 26 2 18 16 1 9 21 11 4 31 13 12 1 4 1 22 9 2 32 4 15 15 9 10 33 1 16 6 8 11 24 11 4 9 12 3 19 2.70999124060388841 14 20 9 6 3 5 10 2 1 23.2931987643241882 54.4353848226636075 
3.36768017929769181 7 11 17 1 9 6 3 2 14 29 1 16 26 2 18 16 1 9 21 11 4 31 13 12 1 4 1 22 9 2 32 4 15 15 9 10 33 1 16 6 8 11 24 11 4 9 12 3 19 2.70999124060388841 14 20 9 6 3 5 14 30 7 21.9847946763038635 70.4111130065033848 
3.36768017929769181 7 11 17 1 9 6 3 2 14 29 1 16 26 2 18 16 1 9 21 11 4 31 13 12 1 4 1 22 9 2 32 4 15 15 9 10 33 1 16 6 8 11 24 11 4 9 12 3 19 2.70999124060388841 1 27 10 6 3 5 10 2 1 25.0889797210693359 50.91635824131383 
3.36768017929769181 7 11 17 1 9 6 3 2 14 29 1 16 26 2 18 16 1 9 21 11 4 31 13 12 1 4 1 22 9 2 32 4 15 15 9 10 33 1 16 6 8 11 24 11 4 9 12 3 19 2.70999124060388841 14 20 4 6 3 5 10 2 1 23.3212227523326874 53.5760816296658575 
3.36768017929769181 7 11 17 1 9 6 3 2 14 29 1 16 26 2 18 16 1 3 30 12 4 31 13 12 1 4 1 22 9 2 32 4 15 15 9 10 33 1 16 6 8 11 24 11 4 9 12 3 19 2.70999124060388841 14 12 7 6 3 5 10 2 1 21.9620456993579865 71.2267416964225504 
3.36768017929769181 7 11 17 1 9 6 3 2 14 29 1 16 26 2 14 31 4 9 21 11 4 31 13 12 1 4 1 1 13 2 32 4 15 15 9 2 30 11 16 6 8 11 24 11 4 9 12 3 19 2.70999124060388841 13 20 2 6 3 5 4 12 7 19.4100354015827179 141.622288069058413 
3.36768017929769181 7 11 17 1 9 6 3 2 14 29 1 16 26 2 18 16 1 9 21 11 4 31 13 12 1 4 1 22 9 2 32 4 15 15 9 10 33 1 16 6 8 11 24 11 4 9 12 3 19 2.70999124060388841 14 7 10 6 3 5 10 2 1 23.8778988122940063 52.9281358404446181 
3.36768017929769181 7 11 17 1 9 6 3 2 14 29 1 16 26 2 18 16 1 3 5 12 4 31 13 12 1 4 1 22 9 2 32 4 15 15 9 14 8 9 16 6 8 11 24 11 4 9 12 3 19 2.70999124060388841 2 25 6 6 3 5 10 2 1 21.5014966130256653 74.5420597672172107 
3.36768017929769181 7 11 17 1 9 6 3 2 14 29 1 16 26 2 18 16 1 3 12 8 4 31 13 12 1 4 1 22 9 2 32 4 15 15 9 10 33 1 16 6 8 11 24 11 4 9 12 3 19 2.70999124060388841 14 31 6 6 3 5 10 2 1 22.2235246896743774 63.4728522333421239 
3.36768017929769181 7 11 17 1 9 6 3 2 14 29 1 16 26 2 18 16 1 9 13 11 4 31 13 12 1 4 1 22 9 2 32 4 15 15 9 10 33 1 16 6 8 11 24 11 4 9 12 14 30 4 3 26 9 6 3 5 10 2 1 22.0101267397403717 64.3576302838948209 
3.36768017929769181 7 11 17 1 9 6 3 2 14 29 1 16 26 2 18 16 1 9 14 8 4 31 13 12 1 4 1 22 9 2 32 4 15 15 9 10 33 1 16 6 8 11 24 11 4 9 12 3 19 2.70999124060388841 1 7 7 6 3 5 5 1 9 22.5936444997787476 60.4103626946071017 
3.36768017929769181 7 11 17 1 9 6 3 2 14 29 1 16 26 2 18 16 1 9 21 11 4 31 13 12 1 4 1 22 9 2 32 4 15 15 9 10 33 1 16 6 8 11 24 11 4 9 12 3 19 2.70999124060388841 14 20 5 6 3 5 1 30 3 22.3541936278343201 62.3398021259860258 
13 20 12 1 25 11 17 11 5 3 14 12 2 1 13 14 18 13 2 26 2.70999124060388841 9.25570237641795579 24 4 14 32 3.84646942076222631 8 20 9 16 6 5 3 9 6 12 15 7 12 9 4 6 20 9 12 19 9.82524131762891173 6 20 8 14 11 11 15 19 9 14 31.8448655754823804 7.75241283629571765 16.923370897769928 243.927114019451466 
3.36768017929769181 7 11 17 1 9 6 3 2 1 6 1 16 26 2 18 16 1 9 21 11 4 31 13 12 1 4 1 22 9 2 32 4 15 15 9 10 33 1 16 6 8 11 24 11 4 9 12 3 19 2.70999124060388841 14 25 5 6 3 5 10 2 1 22.6313128471374512 57.9123868539212268 
3.36768017929769181 7 11 17 1 9 6 3 2 14 29 1 16 26 2 18 16 1 9 21 11 4 31 13 12 1 4 1 22 9 2 32 4 15 15 9 10 33 1 16 6 8 11 24 11 4 9 12 3 19 2.70999124060388841 14 25 10 6 3 5 10 2 1 23.4640097618103027 53.4216725301722448 
3.36768017929769181 7 11 17 1 9 6 3 2 14 29 1 16 26 2 18 16 1 9 21 11 4 31 13 12 1 4 1 22 9 2 32 4 15 15 9 10 33 1 16 6 8 11 24 11 4 9 12 3 19 2.70999124060388841 5 20 6 6 3 5 10 2 1 24.2009137868881226 51.6691033185121711 
3.36768017929769181 7 11 17 1 9 6 3 2 14 29 1 16 26 2 18 16 1 3 17 2.70999124060388841 4 31 13 12 1 4 1 22 9 2 32 4 15 15 9 10 33 1 16 6 8 11 24 11 4 9 12 3 19 2.70999124060388841 14 20 10 6 3 5 10 2 1 22.4093756675720215 61.9320643787688141 
3.36768017929769181 7 11 17 1 9 6 3 2 14 29 1 16 26 2 18 16 1 9 21 11 4 31 13 12 1 4 1 22 9 2 32 4 15 15 9 14 16 6 16 6 8 11 24 11 4 9 12 3 19 2.70999124060388841 1 30 3 6 3 5 14 31 6 21.247078537940979 80.9217476967477012 
3.36768017929769181 7 11 17 1 9 6 3 2 14 29 1 16 26 2 18 16 1 3.36768017929769181 15 11 4 31 13 12 1 4 1 22 9 2 32 4 15 15 9 6 30 6.96245171630185755 16 6 8 11 24 11 4 9 12 3 19 2.70999124060388841 1 14 9 6 3 5 10 2 1 20.9936156272888184 81.7516214487271213 
3.36768017929769181 7 11 17 1 9 6 3 2 14 29 1 16 26 2 18 16 1 9 21 11 4 31 13 12 1 4 1 22 9 2 32 4 15 15 9 10 33 1 16 6 8 11 24 11 4 9 12 3 19 2.70999124060388841 14 5.34074699537910114 6.96245171630185755 6 3 5 10 2 1 23.6628787517547607 53.3743877183822377 
3.36768017929769181 7 11 17 1 9 6 3 2 14 29 1 16 26 2 18 16 1 9 21 11 4 31 13 12 1 4 1 22 9 2 32 4 15 15 9 10 33 1 16 6 8 11 24 11 4 9 12 3 19 2.70999124060388841 14 14 3 6 3 5 10 2 1 23.693050742149353 53.0561430646619172 
3.36768017929769181 7 11 17 1 9 6 3 2 14 29 1 16 26 2 18 16 1 12 6 3 4 31 13 12 1 4 1 22 9 2 32 4 15 15 9 14 16 7 16 6 8 11 24 11 4 9 12 3 19 2.70999124060388841 13 15 4 6 3 5 10 2 1 20.8590906858444214 88.1240045143976261 
3.36768017929769181 7 11 17 1 9 6 3 2 14 29 1 16 26 2 18 16 1 9 21 11 4 31 13 12 1 4 1 22 9 2 32 4 15 15 9 10 33 1 16 6 8 11 24 11 4 9 12 3 19 2.70999124060388841 14 12 9 6 3 5 10 2 1 23.316360741853714 53.8002502566752341 

