Current Evaluation = 10000000(10000000)
Front Size = 29
10 31 1 4 2 8 2 18 7 17 1 2 3.36768017929769181 31 5 9 24 13 13 22 6.96245171630185755 16 11 3 4.94126535182462057 18 5 12 20 8 13.2195649013323386 26 2 6 24 8 17 32 12 14 20 2 6 26 1 2 12 7 12 9 9 6 6 12 13 26 6 2 32 12 18.1704216599464417 210.176974901974887 
2 32 8 15 19 10 3 31 1 2 1 9 14 14 11 15 18 2.70999124060388841 16 16 10 13 6 2 17 9 9 12 15 1 6 28 7 3 24 10 2 1 6 17 17 3 2 26 5 11 24 4 1 1 4 3 5 4 9 16 9 13 31 13 19.1552615761756897 198.042478273360615 
17 9 4 16 6 9 2 19 2.70999124060388841 11 12 11 3 23 7 13 16 3 14 16 13 9 12 5 15 15 5 1 19 1 4 7 2 15 32 7 14 26 6 9 14 8 8 30 4 15 8 6.96245171630185755 9 12 13 13 26 7 10 15 2 12 12 2 19.8855217099189758 187.835530551320062 
12 15 11 4 16 8 6 6 2 14 20 9 5 31 5 14 18 3 6 22 12 3.36768017929769181 1 4 1 24 1 9 13 1 16 15 1 1 3 8 10 26 11 16 2 2 2 30 7 12 17 6 9 1 7 2 30 11 10 19 13 16 16 1 20.4229520559310913 116.249866578901731 
15 32 12 5 15 8 11 26 2.70999124060388841 16 30 6.96245171630185755 3 26 8 2 32 3.84646942076222631 1 6 7 17 31 11 16 24 11 4 2 3 9 19 11 10 11 2 2 1 2 3 23 3 4 15 1 13 22 7 8 31 7 15 5 11 17 12 3 13.2195649013323386 20 13.151007650947605 20.2134068012237549 180.155108800015512 
12 15 11 4 16 8 14 24 3 11 12 2 5 31 5 14 18 3 6 22 10 3.36768017929769181 1 4 14 32 6 9 13 1 16 15 1 1 3 8 10 26 11 16 2 2 2 30 7 12 17 6 9 1 7 5 20 9 10 19 13 16 16 1 21.3060129880905151 98.0143814657183583 
12 15 11 4 16 8 3.36768017929769181 25 9 12 26 4 5 31 5 14 18 3 6 22 10 3.36768017929769181 1 4 1 32 1 9 13 1 16 15 1 1 3 8 10 26 11 16 2 2 2 30 7 12 17 6 9 1 7 5 20 9 10 19 13 16 16 1 21.1891229748725891 107.993825131933633 
12 15 11 4 16 8 18 21 2 10 14 2.70999124060388841 5 31 5 14 18 3 6 22 10 3.36768017929769181 1 4 11 23 1 9 13 1 16 15 1 1 3 8 10 26 11 16 2 2 2 30 7 12 17 6 9 1 7 5 20 9 10 19 13 16 16 1 25.1397131681442261 69.8417082504698641 
12 15 11 4 16 8 18 21 2 10 32 4 5 31 5 14 18 3 6 22 10 3.36768017929769181 1 4 11 23 1 9 13 1 16 15 1 1 3 8 10 26 11 16 2 2 2 30 7 12 9 3 9 1 7 5 20 9 10 19 13 16 16 1 24.6004661321640015 70.4420524655025417 
12 15 11 4 16 8 18 21 2 15 32 2 5 31 5 14 18 3 6 22 10 3.36768017929769181 1 4 11 23 1 9 13 1 16 15 1 1 3 8 10 26 11 16 2 2 2 30 7 12 9 3 9 1 7 5 20 9 10 19 13 16 16 1 24.1957690715789795 70.5852755615393619 
12 15 11 4 16 8 18 21 2 1 33 2.70999124060388841 5 31 5 14 18 3 6 22 10 3.36768017929769181 1 4 11 23 1 9 13 1 16 15 1 1 3 8 10 26 11 16 2 2 2 30 7 12 9 3 9 1 7 5 20 9 10 19 13 16 16 1 24.9136390686035156 70.3847271751644712 
12 15 11 4 16 8 4 20 8 1 30 3 5 31 5 14 18 3 6 22 10 3.36768017929769181 1 4 11 23 1 9 13 1 16 15 1 1 3 8 10 26 11 16 2 2 2 30 7 12 9 3 9 1 7 5 20 9 10 19 13 16 16 1 22.0733209848403931 95.0901534648222224 
12 15 11 4 16 8 15 12 2 1 19 2.70999124060388841 5 31 5 14 18 3 6 22 10 3.36768017929769181 1 4 11 23 1 9 13 1 16 15 1 1 3 8 10 26 11 16 2 2 2 30 7 12 9 3 9 1 7 5 20 9 10 19 13 16 16 1 22.3189699649810791 83.4377662048537019 
12 15 11 4 16 8 18 21 2 6 32 10 5 31 5 14 18 3 6 22 10 3.36768017929769181 1 4 11 23 1 9 13 1 16 15 1 1 3 8 10 26 11 16 2 2 2 30 7 12 9 3 9 1 7 5 20 9 10 19 13 16 16 1 24.1158510446548462 73.9500688440708416 
12 15 11 4 16 8 18 21 2 15 10 6 5 31 5 14 18 3 6 22 10 3.36768017929769181 1 4 11 23 1 9 13 1 16 15 1 1 3 8 10 26 11 16 2 2 2 30 7 12 9 3 9 1 7 5 20 9 10 19 13 16 16 1 26.9210820198059082 67.2649129215602386 
12 15 11 4 16 8 18 21 2 6 1 4 5 31 5 14 18 3 6 22 10 3.36768017929769181 1 4 11 23 1 9 13 1 16 15 1 1 3 8 10 26 11 16 2 2 2 30 7 12 9 3 9 1 7 5 20 9 10 19 13 16 16 1 24.0750811100006104 76.3158334730483574 
12 15 11 4 16 8 16 26 2 1 3 9 5 31 5 14 18 3 6 22 10 3.36768017929769181 1 4 11 23 1 9 13 1 18 16 12 1 3 8 10 26 11 16 2 2 2 30 7 12 9 3 9 1 7 5 20 9 10 19 13 16 16 1 23.2669779658317566 82.1330780330780215 
12 15 11 4 16 8 18 21 2 16 7 2.70999124060388841 5 31 5 14 18 3 6 22 10 3.36768017929769181 1 4 11 23 1 9 13 1 18 16 12 1 3 8 10 26 11 16 2 2 2 30 7 12 9 3 9 1 7 5 20 9 10 19 13 16 16 1 25.7360090017318726 68.3672042014056132 
12 15 11 4 16 8 16 5 2.70999124060388841 2 12 7 5 31 5 14 18 3 6 22 10 3.36768017929769181 1 4 11 23 1 9 13 1 18 16 12 1 3 8 10 26 11 16 2 2 2 30 7 12 9 3 9 1 7 5 20 9 10 19 13 16 16 1 23.450376033782959 77.4622372120574028 
12 15 11 4 16 8 16 14 2 14 33 2.70999124060388841 5 31 5 14 18 3 6 22 10 3.36768017929769181 1 4 11 23 1 9 13 1 18 16 12 1 3 8 10 26 11 16 2 2 2 30 7 12 9 3 9 1 7 5 20 9 10 19 13 16 16 1 23.9407979249954224 76.7770683846241582 
12 15 11 4 16 8 18 21 2 15 28 9 5 31 5 14 18 3 6 22 10 3.36768017929769181 1 4 11 23 1 9 13 1 18 16 12 1 3 8 10 26 11 16 2 2 2 30 7 12 9 3 9 1 7 5 20 9 10 19 13 16 16 1 25.750857949256897 67.3549719516694978 
12 15 11 4 16 8 18 21 2 15 32 9 5 31 5 14 18 3 6 22 10 3.36768017929769181 1 4 11 23 1 9 13 1 18 16 12 1 3 8 10 26 11 16 2 2 2 30 7 12 9 3 9 1 7 5 20 9 10 19 13 16 16 1 25.1446190476417542 68.6451556040285453 
12 15 11 4 16 8 18 21 2 15 10 6 5 31 5 14 18 3 6 22 10 3.36768017929769181 1 4 11 23 1 9 13 1 18 16 12 1 3 8 10 26 11 16 2 2 2 30 7 12 9 3 9 1 7 14 20 10 10 19 13 16 16 1 27.3393030166625977 66.2471891171977774 
12 15 11 4 16 8 18 21 2 1 28 9 5 31 5 14 18 3 6 22 10 3.36768017929769181 1 4 11 23 1 9 13 1 18 16 12 1 3 8 10 26 11 16 2 2 2 30 7 12 9 3 9 1 7 5 20 9 10 19 13 16 16 1 25.6996610164642334 68.46432916386469 
12 15 11 4 16 8 18 21 2 15 10 6 5 31 5 14 18 3 6 22 10 3.36768017929769181 1 4 11 23 1 9 13 1 18 16 12 1 3 8 10 26 11 16 2 2 2 30 7 12 9 3 9 1 7 5 20 9 10 19 13 16 16 1 27.9769699573516846 64.3839032036099042 
14 24 7 13 26 10 3.36768017929769181 20 5 14 16 5 8 2 12 3 31 5 6 6 13 6 24 10 13 1 12 5 18 7 1 28 3 4 24 9 9.25570237641795579 32 13 15 33 3 12 15 12 4 32 11 14 31 5 2 24 3.84646942076222631 13 26 13 1 16 7 17.9764569401741028 227.353055106228481 
12 15 11 4 16 8 18 21 2 1 32 7 5 31 5 14 18 3 6 22 10 3.36768017929769181 1 4 11 23 1 9 13 1 18 16 12 1 3 8 10 26 11 16 2 2 2 30 7 12 9 3 9 1 7 5 20 9 10 19 13 16 16 1 25.141446053981781 68.9841455962063463 
12 32 2.70999124060388841 1 11 2 13 3 1 2 18 2 12 12 12 1 8 11 4 15 4 1 16 9 16 20 8 6 26 2 3 6 6 8 18 5 14 2 2 14 30 6 1 13 1 15 18 11 2 2 5 12 20 7 8 22 5 16 28 8 19.5181319117546082 196.675532302235098 
18 32 12 3.36768017929769181 1 9 7 7 6.96245171630185755 8 19 3 2 3 9 9 17 3 14 24 8 17 30 10 12 28 8 16 9 5 13 19 9 4.94126535182462057 25 11 13 26 8 14 15 7 3 30 9.82524131762891173 15 32 13 17 30 9 8 13 5 2 6 11 1 15 9 20.038119912147522 184.512126762126741 

Current Evaluation = 20000000(20000000)
Front Size = 33
10 31 1 4 2 8 2 18 7 17 1 2 3.36768017929769181 31 5 9 24 13 13 22 6.96245171630185755 16 11 3 4.94126535182462057 18 5 12 20 8 13.2195649013323386 26 2 6 24 8 17 32 12 14 20 2 6 26 1 2 12 7 12 9 9 6 6 12 13 26 6 2 32 12 18.1704216599464417 210.176974901974887 
2 32 8 15 19 10 3 31 1 2 1 9 14 14 11 15 18 2.70999124060388841 16 16 10 13 6 2 17 9 9 12 15 1 6 28 7 3 24 10 2 1 6 17 17 3 2 26 5 11 24 4 1 1 4 3 5 4 9 16 9 13 31 13 19.1552615761756897 198.042478273360615 
17 9 4 16 6 9 2 19 2.70999124060388841 11 12 11 3 23 7 13 16 3 14 16 13 9 12 5 15 15 5 1 19 1 4 7 2 15 32 7 14 26 6 9 14 8 8 30 4 15 8 6.96245171630185755 9 12 13 13 26 7 10 15 2 12 12 2 19.8855217099189758 187.835530551320062 
12 15 11 4 16 8 6 6 2 14 20 9 5 31 5 14 18 3 6 22 12 3.36768017929769181 1 4 1 24 1 9 13 1 16 15 1 1 3 8 10 26 11 16 2 2 2 30 7 12 17 6 9 1 7 2 30 11 10 19 13 16 16 1 20.4229520559310913 116.249866578901731 
15 32 12 5 15 8 11 26 2.70999124060388841 16 30 6.96245171630185755 3 26 8 2 32 3.84646942076222631 1 6 7 17 31 11 16 24 11 4 2 3 9 19 11 10 11 2 2 1 2 3 23 3 4 15 1 13 22 7 8 31 7 15 5 11 17 12 3 13.2195649013323386 20 13.151007650947605 20.2134068012237549 180.155108800015512 
12 15 11 4 16 8 14 24 3 11 12 2 5 31 5 14 18 3 6 22 10 3.36768017929769181 1 4 14 32 6 9 13 1 16 15 1 1 3 8 10 26 11 16 2 2 2 30 7 12 17 6 9 1 7 5 20 9 10 19 13 16 16 1 21.3060129880905151 98.0143814657183583 
12 15 11 4 16 8 3.36768017929769181 25 9 12 26 4 5 31 5 14 18 3 6 22 10 3.36768017929769181 1 4 1 32 1 9 13 1 16 15 1 1 3 8 10 26 11 16 2 2 2 30 7 12 17 6 9 1 7 5 20 9 10 19 13 16 16 1 21.1891229748725891 107.993825131933633 
12 15 11 4 16 8 18 21 2 10 14 2.70999124060388841 5 31 5 14 18 3 6 22 10 3.36768017929769181 1 4 11 23 1 9 13 1 16 15 1 1 3 8 10 26 11 16 2 2 2 30 7 12 17 6 9 1 7 5 20 9 10 19 13 16 16 1 25.1397131681442261 69.8417082504698641 
12 15 11 4 16 8 18 21 2 10 32 4 5 31 5 14 18 3 6 22 10 3.36768017929769181 1 4 11 23 1 9 13 1 16 15 1 1 3 8 10 26 11 16 2 2 2 30 7 12 9 3 9 1 7 5 20 9 10 19 13 16 16 1 24.6004661321640015 70.4420524655025417 
12 15 11 4 16 8 18 21 2 15 32 2 5 31 5 14 18 3 6 22 10 3.36768017929769181 1 4 11 23 1 9 13 1 16 15 1 1 3 8 10 26 11 16 2 2 2 30 7 12 9 3 9 1 7 5 20 9 10 19 13 16 16 1 24.1957690715789795 70.5852755615393619 
12 15 11 4 16 8 18 21 2 1 33 2.70999124060388841 5 31 5 14 18 3 6 22 10 3.36768017929769181 1 4 11 23 1 9 13 1 16 15 1 1 3 8 10 26 11 16 2 2 2 30 7 12 9 3 9 1 7 5 20 9 10 19 13 16 16 1 24.9136390686035156 70.3847271751644712 
12 15 11 4 16 8 4 20 8 1 30 3 5 31 5 14 18 3 6 22 10 3.36768017929769181 1 4 11 23 1 9 13 1 16 15 1 1 3 8 10 26 11 16 2 2 2 30 7 12 9 3 9 1 7 5 20 9 10 19 13 16 16 1 22.0733209848403931 95.0901534648222224 
12 15 11 4 16 8 15 12 2 1 19 2.70999124060388841 5 31 5 14 18 3 6 22 10 3.36768017929769181 1 4 11 23 1 9 13 1 16 15 1 1 3 8 10 26 11 16 2 2 2 30 7 12 9 3 9 1 7 5 20 9 10 19 13 16 16 1 22.3189699649810791 83.4377662048537019 
12 15 11 4 16 8 18 21 2 6 32 10 5 31 5 14 18 3 6 22 10 3.36768017929769181 1 4 11 23 1 9 13 1 16 15 1 1 3 8 10 26 11 16 2 2 2 30 7 12 9 3 9 1 7 5 20 9 10 19 13 16 16 1 24.1158510446548462 73.9500688440708416 
12 15 11 4 16 8 18 21 2 6 1 4 5 31 5 14 18 3 6 22 10 3.36768017929769181 1 4 11 23 1 9 13 1 16 15 1 1 3 8 10 26 11 16 2 2 2 30 7 12 9 3 9 1 7 5 20 9 10 19 13 16 16 1 24.0750811100006104 76.3158334730483574 
12 15 11 4 16 8 16 26 2 1 3 9 5 31 5 14 18 3 6 22 10 3.36768017929769181 1 4 11 23 1 9 13 1 18 16 12 1 3 8 10 26 11 16 2 2 2 30 7 12 9 3 9 1 7 5 20 9 10 19 13 16 16 1 23.2669779658317566 82.1330780330780215 
12 15 11 4 16 8 16 5 2.70999124060388841 2 12 7 5 31 5 14 18 3 6 22 10 3.36768017929769181 1 4 11 23 1 9 13 1 18 16 12 1 3 8 10 26 11 16 2 2 2 30 7 12 9 3 9 1 7 5 20 9 10 19 13 16 16 1 23.450376033782959 77.4622372120574028 
12 15 11 4 16 8 16 14 2 14 33 2.70999124060388841 5 31 5 14 18 3 6 22 10 3.36768017929769181 1 4 11 23 1 9 13 1 18 16 12 1 3 8 10 26 11 16 2 2 2 30 7 12 9 3 9 1 7 5 20 9 10 19 13 16 16 1 23.9407979249954224 76.7770683846241582 
12 15 11 4 16 8 18 21 2 15 32 9 5 31 5 14 18 3 6 22 10 3.36768017929769181 1 4 11 23 1 9 13 1 18 16 12 1 3 8 10 26 11 16 2 2 2 30 7 12 9 3 9 1 7 5 20 9 10 19 13 16 16 1 25.1446190476417542 68.6451556040285453 
12 15 11 4 16 8 18 21 2 15 10 6 5 31 5 14 18 3 6 22 10 3.36768017929769181 1 4 11 23 1 9 13 1 18 16 12 1 3 8 10 26 11 16 2 2 2 30 7 12 9 3 9 1 7 14 20 10 10 19 13 16 16 1 27.3393030166625977 66.2471891171977774 
12 15 11 4 16 8 18 21 2 15 10 6 5 31 5 14 18 3 6 22 10 3.36768017929769181 1 4 11 23 1 9 13 1 18 16 12 1 3 8 10 26 11 16 2 2 2 30 7 12 9 3 9 1 7 5 20 9 10 19 13 16 16 1 27.9769699573516846 64.3839032036099042 
14 24 7 13 26 10 3.36768017929769181 20 5 14 16 5 8 2 12 3 31 5 6 6 13 6 24 10 13 1 12 5 18 7 1 28 3 4 24 9 9.25570237641795579 32 13 15 33 3 12 15 12 4 32 11 14 31 5 2 24 3.84646942076222631 13 26 13 1 16 7 17.9764569401741028 227.353055106228481 
12 15 11 4 16 8 18 21 2 1 32 7 5 31 5 14 18 3 6 22 10 3.36768017929769181 1 4 11 23 1 9 13 1 18 16 12 1 3 8 10 26 11 16 2 2 2 30 7 12 9 3 9 1 7 5 20 9 10 19 13 16 16 1 25.141446053981781 68.9841455962063463 
12 32 2.70999124060388841 1 11 2 13 3 1 2 18 2 12 12 12 1 8 11 4 15 4 1 16 9 16 20 8 6 26 2 3 6 6 8 18 5 14 2 2 14 30 6 1 13 1 15 18 11 2 2 5 12 20 7 8 22 5 16 28 8 19.5181319117546082 196.675532302235098 
18 32 12 3.36768017929769181 1 9 7 7 6.96245171630185755 8 19 3 2 3 9 9 17 3 14 24 8 17 30 10 12 28 8 16 9 5 13 19 9 4.94126535182462057 25 11 13 26 8 14 15 7 3 30 9.82524131762891173 15 32 13 17 30 9 8 13 5 2 6 11 1 15 9 20.038119912147522 184.512126762126741 
12 15 11 4 16 8 18 21 2 15 10 6 5 31 5 14 18 3 6 22 10 3.36768017929769181 1 4 11 7 2.70999124060388841 9 13 1 18 16 12 1 3 8 10 26 11 16 2 2 2 30 7 12 9 3 9 1 7 5 20 9 10 19 13 16 16 1 27.7975578308105469 65.2733234773361488 
12 15 11 4 16 8 6 2 2 1 19 5 5 31 5 14 18 3 6 22 10 3.36768017929769181 1 4 16 5.34074699537910114 8 9 13 1 18 16 12 1 3 8 10 26 11 16 2 2 2 30 7 12 9 3 9 1 7 5 20 9 6 25 12 16 16 1 21.8514338731765747 97.615414205706557 
12 15 11 4 16 8 18 21 2 16 32 2 5 31 5 14 18 3 6 22 10 3.36768017929769181 1 4 11 23 1 9 13 1 18 16 12 1 3 8 10 26 11 16 2 2 2 30 7 12 9 3 9 1 7 5 20 9 10 19 13 16 16 1 25.2693980932235718 67.2308481794742647 
15 28 5 8 18 8 13 13 12 12 24 11 16 9 1 4 6 13 16 20 7 14 12 1 4 6 3 9 7 6 14 18 1 15 32 9 12 28 11 9 26 5 6 30 13 2 23 7 8 2 13 16 24 11 12 22 10 6 5.34074699537910114 9 19.8658081293106079 188.633871194165323 
12 15 11 4 16 8 1 6 2 15 25 10 5 31 5 14 18 3 6 22 10 3.36768017929769181 1 4 11 23 1 9 13 1 18 16 12 1 3 8 10 26 11 16 2 2 2 30 7 12 9 3 9 1 7 5 20 9 13 32 2 16 16 1 22.2032568454742432 92.4389264811003528 
12 15 11 4 16 8 18 21 2 15 10 6 5 31 5 14 18 3 6 22 10 3.36768017929769181 1 4 11 23 1 9 13 1 18 16 12 1 3 8 10 26 11 16 2 2 17 30 5 12 9 3 9 1 7 5 20 9 10 19 13 16 16 1 27.8597089648246765 64.940324547817454 
12 15 11 4 16 8 4 24 5 15 26 8 5 31 5 14 18 3 6 22 10 3.36768017929769181 1 4 15 5.34074699537910114 4 9 13 1 1 18 6 1 3 8 15 32 9 16 2 2 2 30 7 12 9 3 9 1 7 5 20 9 10 19 13 16 16 1 20.3234758973121643 157.434024248398657 
12 15 11 4 16 8 16 24 2.70999124060388841 2 17 11 5 31 5 14 18 3 6 22 10 3.36768017929769181 1 4 11 23 1 9 13 1 18 16 12 1 3 8 10 26 11 16 2 2 2 30 7 12 9 3 9 1 7 5 20 9 6 19 5 16 16 1 23.0943989753723145 83.0012474242217024 

Current Evaluation = 30000000(30000000)
Front Size = 34
10 31 1 4 2 8 2 18 7 17 1 2 3.36768017929769181 31 5 9 24 13 13 22 6.96245171630185755 16 11 3 4.94126535182462057 18 5 12 20 8 13.2195649013323386 26 2 6 24 8 17 32 12 14 20 2 6 26 1 2 12 7 12 9 9 6 6 12 13 26 6 2 32 12 18.1704216599464417 210.176974901974887 
17 9 4 16 6 9 2 19 2.70999124060388841 11 12 11 3 23 7 13 16 3 14 16 13 9 12 5 15 15 5 1 19 1 4 7 2 15 32 7 14 26 6 9 14 8 8 30 4 15 8 6.96245171630185755 9 12 13 13 26 7 10 15 2 12 12 2 19.8855217099189758 187.835530551320062 
12 15 11 4 16 8 6 6 2 14 20 9 5 31 5 14 18 3 6 22 12 3.36768017929769181 1 4 1 24 1 9 13 1 16 15 1 1 3 8 10 26 11 16 2 2 2 30 7 12 17 6 9 1 7 2 30 11 10 19 13 16 16 1 20.4229520559310913 116.249866578901731 
15 32 12 5 15 8 11 26 2.70999124060388841 16 30 6.96245171630185755 3 26 8 2 32 3.84646942076222631 1 6 7 17 31 11 16 24 11 4 2 3 9 19 11 10 11 2 2 1 2 3 23 3 4 15 1 13 22 7 8 31 7 15 5 11 17 12 3 13.2195649013323386 20 13.151007650947605 20.2134068012237549 180.155108800015512 
12 15 11 4 16 8 14 24 3 11 12 2 5 31 5 14 18 3 6 22 10 3.36768017929769181 1 4 14 32 6 9 13 1 16 15 1 1 3 8 10 26 11 16 2 2 2 30 7 12 17 6 9 1 7 5 20 9 10 19 13 16 16 1 21.3060129880905151 98.0143814657183583 
12 15 11 4 16 8 3.36768017929769181 25 9 12 26 4 5 31 5 14 18 3 6 22 10 3.36768017929769181 1 4 1 32 1 9 13 1 16 15 1 1 3 8 10 26 11 16 2 2 2 30 7 12 17 6 9 1 7 5 20 9 10 19 13 16 16 1 21.1891229748725891 107.993825131933633 
12 15 11 4 16 8 18 21 2 10 14 2.70999124060388841 5 31 5 14 18 3 6 22 10 3.36768017929769181 1 4 11 23 1 9 13 1 16 15 1 1 3 8 10 26 11 16 2 2 2 30 7 12 17 6 9 1 7 5 20 9 10 19 13 16 16 1 25.1397131681442261 69.8417082504698641 
12 15 11 4 16 8 18 21 2 10 32 4 5 31 5 14 18 3 6 22 10 3.36768017929769181 1 4 11 23 1 9 13 1 16 15 1 1 3 8 10 26 11 16 2 2 2 30 7 12 9 3 9 1 7 5 20 9 10 19 13 16 16 1 24.6004661321640015 70.4420524655025417 
12 15 11 4 16 8 18 21 2 15 32 2 5 31 5 14 18 3 6 22 10 3.36768017929769181 1 4 11 23 1 9 13 1 16 15 1 1 3 8 10 26 11 16 2 2 2 30 7 12 9 3 9 1 7 5 20 9 10 19 13 16 16 1 24.1957690715789795 70.5852755615393619 
12 15 11 4 16 8 18 21 2 1 33 2.70999124060388841 5 31 5 14 18 3 6 22 10 3.36768017929769181 1 4 11 23 1 9 13 1 16 15 1 1 3 8 10 26 11 16 2 2 2 30 7 12 9 3 9 1 7 5 20 9 10 19 13 16 16 1 24.9136390686035156 70.3847271751644712 
12 15 11 4 16 8 4 20 8 1 30 3 5 31 5 14 18 3 6 22 10 3.36768017929769181 1 4 11 23 1 9 13 1 16 15 1 1 3 8 10 26 11 16 2 2 2 30 7 12 9 3 9 1 7 5 20 9 10 19 13 16 16 1 22.0733209848403931 95.0901534648222224 
12 15 11 4 16 8 15 12 2 1 19 2.70999124060388841 5 31 5 14 18 3 6 22 10 3.36768017929769181 1 4 11 23 1 9 13 1 16 15 1 1 3 8 10 26 11 16 2 2 2 30 7 12 9 3 9 1 7 5 20 9 10 19 13 16 16 1 22.3189699649810791 83.4377662048537019 
12 15 11 4 16 8 18 21 2 15 32 9 5 31 5 14 18 3 6 22 10 3.36768017929769181 1 4 11 23 1 9 13 1 18 16 12 1 3 8 10 26 11 16 2 2 2 30 7 12 9 3 9 1 7 5 20 9 10 19 13 16 16 1 25.1446190476417542 68.6451556040285453 
12 15 11 4 16 8 18 21 2 15 10 6 5 31 5 14 18 3 6 22 10 3.36768017929769181 1 4 11 23 1 9 13 1 18 16 12 1 3 8 10 26 11 16 2 2 2 30 7 12 9 3 9 1 7 14 20 10 10 19 13 16 16 1 27.3393030166625977 66.2471891171977774 
14 24 7 13 26 10 3.36768017929769181 20 5 14 16 5 8 2 12 3 31 5 6 6 13 6 24 10 13 1 12 5 18 7 1 28 3 4 24 9 9.25570237641795579 32 13 15 33 3 12 15 12 4 32 11 14 31 5 2 24 3.84646942076222631 13 26 13 1 16 7 17.9764569401741028 227.353055106228481 
12 15 11 4 16 8 18 21 2 1 32 7 5 31 5 14 18 3 6 22 10 3.36768017929769181 1 4 11 23 1 9 13 1 18 16 12 1 3 8 10 26 11 16 2 2 2 30 7 12 9 3 9 1 7 5 20 9 10 19 13 16 16 1 25.141446053981781 68.9841455962063463 
18 32 12 3.36768017929769181 1 9 7 7 6.96245171630185755 8 19 3 2 3 9 9 17 3 14 24 8 17 30 10 12 28 8 16 9 5 13 19 9 4.94126535182462057 25 11 13 26 8 14 15 7 3 30 9.82524131762891173 15 32 13 17 30 9 8 13 5 2 6 11 1 15 9 20.038119912147522 184.512126762126741 
12 15 11 4 16 8 18 21 2 15 10 6 5 31 5 14 18 3 6 22 10 3.36768017929769181 1 4 11 7 2.70999124060388841 9 13 1 18 16 12 1 3 8 10 26 11 16 2 2 2 30 7 12 9 3 9 1 7 5 20 9 10 19 13 16 16 1 27.7975578308105469 65.2733234773361488 
12 15 11 4 16 8 6 2 2 1 19 5 5 31 5 14 18 3 6 22 10 3.36768017929769181 1 4 16 5.34074699537910114 8 9 13 1 18 16 12 1 3 8 10 26 11 16 2 2 2 30 7 12 9 3 9 1 7 5 20 9 6 25 12 16 16 1 21.8514338731765747 97.615414205706557 
12 15 11 4 16 8 18 21 2 16 32 2 5 31 5 14 18 3 6 22 10 3.36768017929769181 1 4 11 23 1 9 13 1 18 16 12 1 3 8 10 26 11 16 2 2 2 30 7 12 9 3 9 1 7 5 20 9 10 19 13 16 16 1 25.2693980932235718 67.2308481794742647 
15 28 5 8 18 8 13 13 12 12 24 11 16 9 1 4 6 13 16 20 7 14 12 1 4 6 3 9 7 6 14 18 1 15 32 9 12 28 11 9 26 5 6 30 13 2 23 7 8 2 13 16 24 11 12 22 10 6 5.34074699537910114 9 19.8658081293106079 188.633871194165323 
12 15 11 4 16 8 1 6 2 15 25 10 5 31 5 14 18 3 6 22 10 3.36768017929769181 1 4 11 23 1 9 13 1 18 16 12 1 3 8 10 26 11 16 2 2 2 30 7 12 9 3 9 1 7 5 20 9 13 32 2 16 16 1 22.2032568454742432 92.4389264811003528 
12 15 11 4 16 8 18 21 2 15 10 6 5 31 5 14 18 3 6 22 10 3.36768017929769181 1 4 11 23 1 9 13 1 18 16 12 1 3 8 10 26 11 16 2 2 17 30 5 12 9 3 9 1 7 5 20 9 10 19 13 16 16 1 27.8597089648246765 64.940324547817454 
12 15 11 4 16 8 4 24 5 15 26 8 5 31 5 14 18 3 6 22 10 3.36768017929769181 1 4 15 5.34074699537910114 4 9 13 1 1 18 6 1 3 8 15 32 9 16 2 2 2 30 7 12 9 3 9 1 7 5 20 9 10 19 13 16 16 1 20.3234758973121643 157.434024248398657 
12 15 11 4 16 8 16 24 2.70999124060388841 2 17 11 5 31 5 14 18 3 6 22 10 3.36768017929769181 1 4 11 23 1 9 13 1 18 16 12 1 3 8 10 26 11 16 2 2 2 30 7 12 9 3 9 1 7 5 20 9 6 19 5 16 16 1 23.0943989753723145 83.0012474242217024 
12 15 11 4 16 8 15 24 9 16 32 4 5 31 5 14 18 3 6 22 10 3.36768017929769181 1 4 11 23 1 9 13 1 18 16 12 1 3 8 10 26 11 16 2 2 2 30 7 12 9 3 9 1 7 5 20 9 10 19 13 16 16 1 22.9672180414199829 83.022704775694919 
12 15 11 4 16 8 18 21 2 16 24 2 5 31 5 14 18 3 6 22 10 3.36768017929769181 1 4 4 31 6 9 13 1 18 16 12 1 3 8 10 26 11 16 2 2 2 30 7 12 9 3 9 1 7 5 20 9 10 19 13 16 16 1 24.0733789205551147 72.1890325412392428 
12 19 11 4 12 5 4 28 5 16 32 2.70999124060388841 5 1 2 16 3 8 1 22 9 15 14 11 9.25570237641795579 6 11 9 15 3 4.94126535182462057 32 10 8 24 9.82524131762891173 2 18 7 14 12 1 2 32 2 1 31 13 17.8244721320812971 5 1 13 16 13 17 15 7.75241283629571765 4 6 11 19.0577268004417419 195.746632400966774 
12 3 5 11 5.34074699537910114 6.96245171630185755 9 20 11 17 31 5 14 30 8 4.94126535182462057 18 13 15 1 9 14 1 9.82524131762891173 10 14 2 9 15 1 3 3 3 8 8 7 15 25 7 6 6 13.151007650947605 10.3494946964094545 7 11 4 26 7 6 12 7 6 32 12 6 1 9 17 18 1.44943743604301667 19.0431577861309052 196.105143772636012 
12 15 11 4 16 8 16 7 2 15 10 6 5 31 5 14 18 3 6 22 10 3.36768017929769181 1 4 11 23 1 9 13 1 18 16 12 1 3 8 10 26 11 16 2 2 2 30 7 12 9 3 9 1 7 5 20 9 10 19 13 16 16 1 26.3584638833999634 66.7924196787792113 
12 15 11 4 16 8 16 25 2 1 24 13 5 31 5 14 18 3 6 22 10 3.36768017929769181 1 4 11 23 1 9 13 1 18 16 12 1 3 8 10 26 11 16 2 2 2 30 7 12 9 3 9 1 7 5 20 9 10 19 13 16 16 1 23.2087810039520264 75.8104775435606086 
12 15 11 4 16 8 18 21 2 15 10 6 5 31 5 14 18 3 6 22 10 3.36768017929769181 1 4 11 23 1 9 13 1 18 16 12 1 3 8 10 26 11 16 2 2 2 30 7 12 9 3 9 1 7 5 20 9 10 19 13 16 16 1 27.9769699573516846 64.3777516043834481 
12 15 11 4 16 8 18 21 2 15 10 6 5 30 9 14 18 3 6 22 10 3.36768017929769181 1 4 11 23 1 9 13 1 18 16 12 1 3 8 10 26 11 16 2 2 2 30 7 12 9 3 9 1 7 5 20 9 10 19 13 16 16 1 27.7866668701171875 65.9343526703443104 
12 15 11 4 16 8 18 21 2 1 32 4 5 31 5 14 18 3 6 22 10 3.36768017929769181 1 4 11 23 1 9 13 1 18 16 12 1 3 8 10 26 11 16 2 2 2 30 7 12 9 3 9 1 7 5 20 9 10 19 13 16 16 1 25.1214460730552673 70.1449980506447162 

Current Evaluation = 40000000(40000000)
Front Size = 36
10 31 1 4 2 8 2 18 7 17 1 2 3.36768017929769181 31 5 9 24 13 13 22 6.96245171630185755 16 11 3 4.94126535182462057 18 5 12 20 8 13.2195649013323386 26 2 6 24 8 17 32 12 14 20 2 6 26 1 2 12 7 12 9 9 6 6 12 13 26 6 2 32 12 18.1704216599464417 210.176974901974887 
17 9 4 16 6 9 2 19 2.70999124060388841 11 12 11 3 23 7 13 16 3 14 16 13 9 12 5 15 15 5 1 19 1 4 7 2 15 32 7 14 26 6 9 14 8 8 30 4 15 8 6.96245171630185755 9 12 13 13 26 7 10 15 2 12 12 2 19.8855217099189758 187.835530551320062 
12 15 11 4 16 8 6 6 2 14 20 9 5 31 5 14 18 3 6 22 12 3.36768017929769181 1 4 1 24 1 9 13 1 16 15 1 1 3 8 10 26 11 16 2 2 2 30 7 12 17 6 9 1 7 2 30 11 10 19 13 16 16 1 20.4229520559310913 116.249866578901731 
15 32 12 5 15 8 11 26 2.70999124060388841 16 30 6.96245171630185755 3 26 8 2 32 3.84646942076222631 1 6 7 17 31 11 16 24 11 4 2 3 9 19 11 10 11 2 2 1 2 3 23 3 4 15 1 13 22 7 8 31 7 15 5 11 17 12 3 13.2195649013323386 20 13.151007650947605 20.2134068012237549 180.155108800015512 
12 15 11 4 16 8 14 24 3 11 12 2 5 31 5 14 18 3 6 22 10 3.36768017929769181 1 4 14 32 6 9 13 1 16 15 1 1 3 8 10 26 11 16 2 2 2 30 7 12 17 6 9 1 7 5 20 9 10 19 13 16 16 1 21.3060129880905151 98.0143814657183583 
12 15 11 4 16 8 3.36768017929769181 25 9 12 26 4 5 31 5 14 18 3 6 22 10 3.36768017929769181 1 4 1 32 1 9 13 1 16 15 1 1 3 8 10 26 11 16 2 2 2 30 7 12 17 6 9 1 7 5 20 9 10 19 13 16 16 1 21.1891229748725891 107.993825131933633 
12 15 11 4 16 8 18 21 2 10 14 2.70999124060388841 5 31 5 14 18 3 6 22 10 3.36768017929769181 1 4 11 23 1 9 13 1 16 15 1 1 3 8 10 26 11 16 2 2 2 30 7 12 17 6 9 1 7 5 20 9 10 19 13 16 16 1 25.1397131681442261 69.8417082504698641 
12 15 11 4 16 8 18 21 2 10 32 4 5 31 5 14 18 3 6 22 10 3.36768017929769181 1 4 11 23 1 9 13 1 16 15 1 1 3 8 10 26 11 16 2 2 2 30 7 12 9 3 9 1 7 5 20 9 10 19 13 16 16 1 24.6004661321640015 70.4420524655025417 
12 15 11 4 16 8 18 21 2 15 32 2 5 31 5 14 18 3 6 22 10 3.36768017929769181 1 4 11 23 1 9 13 1 16 15 1 1 3 8 10 26 11 16 2 2 2 30 7 12 9 3 9 1 7 5 20 9 10 19 13 16 16 1 24.1957690715789795 70.5852755615393619 
12 15 11 4 16 8 18 21 2 1 33 2.70999124060388841 5 31 5 14 18 3 6 22 10 3.36768017929769181 1 4 11 23 1 9 13 1 16 15 1 1 3 8 10 26 11 16 2 2 2 30 7 12 9 3 9 1 7 5 20 9 10 19 13 16 16 1 24.9136390686035156 70.3847271751644712 
12 15 11 4 16 8 4 20 8 1 30 3 5 31 5 14 18 3 6 22 10 3.36768017929769181 1 4 11 23 1 9 13 1 16 15 1 1 3 8 10 26 11 16 2 2 2 30 7 12 9 3 9 1 7 5 20 9 10 19 13 16 16 1 22.0733209848403931 95.0901534648222224 
12 15 11 4 16 8 15 12 2 1 19 2.70999124060388841 5 31 5 14 18 3 6 22 10 3.36768017929769181 1 4 11 23 1 9 13 1 16 15 1 1 3 8 10 26 11 16 2 2 2 30 7 12 9 3 9 1 7 5 20 9 10 19 13 16 16 1 22.3189699649810791 83.4377662048537019 
12 15 11 4 16 8 18 21 2 15 32 9 5 31 5 14 18 3 6 22 10 3.36768017929769181 1 4 11 23 1 9 13 1 18 16 12 1 3 8 10 26 11 16 2 2 2 30 7 12 9 3 9 1 7 5 20 9 10 19 13 16 16 1 25.1446190476417542 68.6451556040285453 
12 15 11 4 16 8 18 21 2 15 10 6 5 31 5 14 18 3 6 22 10 3.36768017929769181 1 4 11 23 1 9 13 1 18 16 12 1 3 8 10 26 11 16 2 2 2 30 7 12 9 3 9 1 7 14 20 10 10 19 13 16 16 1 27.3393030166625977 66.2471891171977774 
14 24 7 13 26 10 3.36768017929769181 20 5 14 16 5 8 2 12 3 31 5 6 6 13 6 24 10 13 1 12 5 18 7 1 28 3 4 24 9 9.25570237641795579 32 13 15 33 3 12 15 12 4 32 11 14 31 5 2 24 3.84646942076222631 13 26 13 1 16 7 17.9764569401741028 227.353055106228481 
12 15 11 4 16 8 18 21 2 1 32 7 5 31 5 14 18 3 6 22 10 3.36768017929769181 1 4 11 23 1 9 13 1 18 16 12 1 3 8 10 26 11 16 2 2 2 30 7 12 9 3 9 1 7 5 20 9 10 19 13 16 16 1 25.141446053981781 68.9841455962063463 
18 32 12 3.36768017929769181 1 9 7 7 6.96245171630185755 8 19 3 2 3 9 9 17 3 14 24 8 17 30 10 12 28 8 16 9 5 13 19 9 4.94126535182462057 25 11 13 26 8 14 15 7 3 30 9.82524131762891173 15 32 13 17 30 9 8 13 5 2 6 11 1 15 9 20.038119912147522 184.512126762126741 
12 15 11 4 16 8 18 21 2 15 10 6 5 31 5 14 18 3 6 22 10 3.36768017929769181 1 4 11 7 2.70999124060388841 9 13 1 18 16 12 1 3 8 10 26 11 16 2 2 2 30 7 12 9 3 9 1 7 5 20 9 10 19 13 16 16 1 27.7975578308105469 65.2733234773361488 
12 15 11 4 16 8 6 2 2 1 19 5 5 31 5 14 18 3 6 22 10 3.36768017929769181 1 4 16 5.34074699537910114 8 9 13 1 18 16 12 1 3 8 10 26 11 16 2 2 2 30 7 12 9 3 9 1 7 5 20 9 6 25 12 16 16 1 21.8514338731765747 97.615414205706557 
12 15 11 4 16 8 18 21 2 16 32 2 5 31 5 14 18 3 6 22 10 3.36768017929769181 1 4 11 23 1 9 13 1 18 16 12 1 3 8 10 26 11 16 2 2 2 30 7 12 9 3 9 1 7 5 20 9 10 19 13 16 16 1 25.2693980932235718 67.2308481794742647 
15 28 5 8 18 8 13 13 12 12 24 11 16 9 1 4 6 13 16 20 7 14 12 1 4 6 3 9 7 6 14 18 1 15 32 9 12 28 11 9 26 5 6 30 13 2 23 7 8 2 13 16 24 11 12 22 10 6 5.34074699537910114 9 19.8658081293106079 188.633871194165323 
12 15 11 4 16 8 1 6 2 15 25 10 5 31 5 14 18 3 6 22 10 3.36768017929769181 1 4 11 23 1 9 13 1 18 16 12 1 3 8 10 26 11 16 2 2 2 30 7 12 9 3 9 1 7 5 20 9 13 32 2 16 16 1 22.2032568454742432 92.4389264811003528 
12 15 11 4 16 8 18 21 2 15 10 6 5 31 5 14 18 3 6 22 10 3.36768017929769181 1 4 11 23 1 9 13 1 18 16 12 1 3 8 10 26 11 16 2 2 17 30 5 12 9 3 9 1 7 5 20 9 10 19 13 16 16 1 27.8597089648246765 64.940324547817454 
12 15 11 4 16 8 4 24 5 15 26 8 5 31 5 14 18 3 6 22 10 3.36768017929769181 1 4 15 5.34074699537910114 4 9 13 1 1 18 6 1 3 8 15 32 9 16 2 2 2 30 7 12 9 3 9 1 7 5 20 9 10 19 13 16 16 1 20.3234758973121643 157.434024248398657 
12 15 11 4 16 8 16 24 2.70999124060388841 2 17 11 5 31 5 14 18 3 6 22 10 3.36768017929769181 1 4 11 23 1 9 13 1 18 16 12 1 3 8 10 26 11 16 2 2 2 30 7 12 9 3 9 1 7 5 20 9 6 19 5 16 16 1 23.0943989753723145 83.0012474242217024 
12 15 11 4 16 8 15 24 9 16 32 4 5 31 5 14 18 3 6 22 10 3.36768017929769181 1 4 11 23 1 9 13 1 18 16 12 1 3 8 10 26 11 16 2 2 2 30 7 12 9 3 9 1 7 5 20 9 10 19 13 16 16 1 22.9672180414199829 83.022704775694919 
12 15 11 4 16 8 18 21 2 16 24 2 5 31 5 14 18 3 6 22 10 3.36768017929769181 1 4 4 31 6 9 13 1 18 16 12 1 3 8 10 26 11 16 2 2 2 30 7 12 9 3 9 1 7 5 20 9 10 19 13 16 16 1 24.0733789205551147 72.1890325412392428 
12 19 11 4 12 5 4 28 5 16 32 2.70999124060388841 5 1 2 16 3 8 1 22 9 15 14 11 9.25570237641795579 6 11 9 15 3 4.94126535182462057 32 10 8 24 9.82524131762891173 2 18 7 14 12 1 2 32 2 1 31 13 17.8244721320812971 5 1 13 16 13 17 15 7.75241283629571765 4 6 11 19.0577268004417419 195.746632400966774 
12 3 5 11 5.34074699537910114 6.96245171630185755 9 20 11 17 31 5 14 30 8 4.94126535182462057 18 13 15 1 9 14 1 9.82524131762891173 10 14 2 9 15 1 3 3 3 8 8 7 15 25 7 6 6 13.151007650947605 10.3494946964094545 7 11 4 26 7 6 12 7 6 32 12 6 1 9 17 18 1.44943743604301667 19.0431577861309052 196.105143772636012 
12 15 11 4 16 8 16 25 2 1 24 13 5 31 5 14 18 3 6 22 10 3.36768017929769181 1 4 11 23 1 9 13 1 18 16 12 1 3 8 10 26 11 16 2 2 2 30 7 12 9 3 9 1 7 5 20 9 10 19 13 16 16 1 23.2087810039520264 75.8104775435606086 
12 15 11 4 16 8 18 21 2 15 10 6 5 31 5 14 18 3 6 22 10 3.36768017929769181 1 4 11 23 1 9 13 1 18 16 12 1 3 8 10 26 11 16 2 2 2 30 7 12 9 3 9 1 7 5 20 9 10 19 13 16 16 1 27.9769699573516846 64.3777516043834481 
12 15 11 4 16 8 18 21 2 1 32 4 5 31 5 14 18 3 6 22 10 3.36768017929769181 1 4 11 23 1 9 13 1 18 16 12 1 3 8 10 26 11 16 2 2 2 30 7 12 9 3 9 1 7 5 20 9 10 19 13 16 16 1 25.1214460730552673 70.1449980506447162 
12 15 11 4 16 8 18 21 2 10 28 2 5 31 5 14 18 3 6 22 10 3.36768017929769181 1 4 11 23 1 9 13 1 18 16 12 1 3 8 10 26 11 16 2 2 2 30 7 12 9 3 9 1 7 5 20 9 10 19 13 16 16 1 26.3416070938110352 66.6368113046635813 
12 15 11 4 16 8 18 21 2 15 10 6 5 31 9 14 18 3 6 22 10 3.36768017929769181 1 4 11 23 1 9 13 1 18 16 12 1 3 8 10 26 11 16 2 2 2 30 7 12 9 3 9 1 7 5 20 9 10 19 13 16 16 1 27.8869458436965942 64.3874416567306582 
12 15 11 4 16 8 18 21 2 15 10 6 16 31 2.70999124060388841 14 18 3 6 22 10 3.36768017929769181 1 4 11 23 1 9 13 1 18 16 12 1 3 8 10 26 11 16 2 2 2 30 7 12 9 3 9 1 7 5 20 9 10 19 13 16 16 1 27.5026059150695801 65.6387079406140543 
12 15 11 4 16 8 14 5 3 15 1 10 5 31 5 14 18 3 6 22 10 3.36768017929769181 1 4 1 6 5 9 13 1 17 1 12 1 5.34074699537910114 9 10 26 11 16 2 2 2 30 7 12 9 3 9 1 7 5 20 9 10 19 13 16 16 1 20.3303648829460144 136.677082868638877 

Current Evaluation = 50000000(50000000)
Front Size = 40
10 31 1 4 2 8 2 18 7 17 1 2 3.36768017929769181 31 5 9 24 13 13 22 6.96245171630185755 16 11 3 4.94126535182462057 18 5 12 20 8 13.2195649013323386 26 2 6 24 8 17 32 12 14 20 2 6 26 1 2 12 7 12 9 9 6 6 12 13 26 6 2 32 12 18.1704216599464417 210.176974901974887 
17 9 4 16 6 9 2 19 2.70999124060388841 11 12 11 3 23 7 13 16 3 14 16 13 9 12 5 15 15 5 1 19 1 4 7 2 15 32 7 14 26 6 9 14 8 8 30 4 15 8 6.96245171630185755 9 12 13 13 26 7 10 15 2 12 12 2 19.8855217099189758 187.835530551320062 
12 15 11 4 16 8 6 6 2 14 20 9 5 31 5 14 18 3 6 22 12 3.36768017929769181 1 4 1 24 1 9 13 1 16 15 1 1 3 8 10 26 11 16 2 2 2 30 7 12 17 6 9 1 7 2 30 11 10 19 13 16 16 1 20.4229520559310913 116.249866578901731 
12 15 11 4 16 8 14 24 3 11 12 2 5 31 5 14 18 3 6 22 10 3.36768017929769181 1 4 14 32 6 9 13 1 16 15 1 1 3 8 10 26 11 16 2 2 2 30 7 12 17 6 9 1 7 5 20 9 10 19 13 16 16 1 21.3060129880905151 98.0143814657183583 
12 15 11 4 16 8 3.36768017929769181 25 9 12 26 4 5 31 5 14 18 3 6 22 10 3.36768017929769181 1 4 1 32 1 9 13 1 16 15 1 1 3 8 10 26 11 16 2 2 2 30 7 12 17 6 9 1 7 5 20 9 10 19 13 16 16 1 21.1891229748725891 107.993825131933633 
12 15 11 4 16 8 18 21 2 10 14 2.70999124060388841 5 31 5 14 18 3 6 22 10 3.36768017929769181 1 4 11 23 1 9 13 1 16 15 1 1 3 8 10 26 11 16 2 2 2 30 7 12 17 6 9 1 7 5 20 9 10 19 13 16 16 1 25.1397131681442261 69.8417082504698641 
12 15 11 4 16 8 18 21 2 10 32 4 5 31 5 14 18 3 6 22 10 3.36768017929769181 1 4 11 23 1 9 13 1 16 15 1 1 3 8 10 26 11 16 2 2 2 30 7 12 9 3 9 1 7 5 20 9 10 19 13 16 16 1 24.6004661321640015 70.4420524655025417 
12 15 11 4 16 8 18 21 2 15 32 2 5 31 5 14 18 3 6 22 10 3.36768017929769181 1 4 11 23 1 9 13 1 16 15 1 1 3 8 10 26 11 16 2 2 2 30 7 12 9 3 9 1 7 5 20 9 10 19 13 16 16 1 24.1957690715789795 70.5852755615393619 
12 15 11 4 16 8 18 21 2 1 33 2.70999124060388841 5 31 5 14 18 3 6 22 10 3.36768017929769181 1 4 11 23 1 9 13 1 16 15 1 1 3 8 10 26 11 16 2 2 2 30 7 12 9 3 9 1 7 5 20 9 10 19 13 16 16 1 24.9136390686035156 70.3847271751644712 
12 15 11 4 16 8 4 20 8 1 30 3 5 31 5 14 18 3 6 22 10 3.36768017929769181 1 4 11 23 1 9 13 1 16 15 1 1 3 8 10 26 11 16 2 2 2 30 7 12 9 3 9 1 7 5 20 9 10 19 13 16 16 1 22.0733209848403931 95.0901534648222224 
12 15 11 4 16 8 15 12 2 1 19 2.70999124060388841 5 31 5 14 18 3 6 22 10 3.36768017929769181 1 4 11 23 1 9 13 1 16 15 1 1 3 8 10 26 11 16 2 2 2 30 7 12 9 3 9 1 7 5 20 9 10 19 13 16 16 1 22.3189699649810791 83.4377662048537019 
12 15 11 4 16 8 18 21 2 15 32 9 5 31 5 14 18 3 6 22 10 3.36768017929769181 1 4 11 23 1 9 13 1 18 16 12 1 3 8 10 26 11 16 2 2 2 30 7 12 9 3 9 1 7 5 20 9 10 19 13 16 16 1 25.1446190476417542 68.6451556040285453 
12 15 11 4 16 8 18 21 2 15 10 6 5 31 5 14 18 3 6 22 10 3.36768017929769181 1 4 11 23 1 9 13 1 18 16 12 1 3 8 10 26 11 16 2 2 2 30 7 12 9 3 9 1 7 14 20 10 10 19 13 16 16 1 27.3393030166625977 66.2471891171977774 
14 24 7 13 26 10 3.36768017929769181 20 5 14 16 5 8 2 12 3 31 5 6 6 13 6 24 10 13 1 12 5 18 7 1 28 3 4 24 9 9.25570237641795579 32 13 15 33 3 12 15 12 4 32 11 14 31 5 2 24 3.84646942076222631 13 26 13 1 16 7 17.9764569401741028 227.353055106228481 
12 15 11 4 16 8 18 21 2 1 32 7 5 31 5 14 18 3 6 22 10 3.36768017929769181 1 4 11 23 1 9 13 1 18 16 12 1 3 8 10 26 11 16 2 2 2 30 7 12 9 3 9 1 7 5 20 9 10 19 13 16 16 1 25.141446053981781 68.9841455962063463 
12 15 11 4 16 8 18 21 2 15 10 6 5 31 5 14 18 3 6 22 10 3.36768017929769181 1 4 11 7 2.70999124060388841 9 13 1 18 16 12 1 3 8 10 26 11 16 2 2 2 30 7 12 9 3 9 1 7 5 20 9 10 19 13 16 16 1 27.7975578308105469 65.2733234773361488 
12 15 11 4 16 8 6 2 2 1 19 5 5 31 5 14 18 3 6 22 10 3.36768017929769181 1 4 16 5.34074699537910114 8 9 13 1 18 16 12 1 3 8 10 26 11 16 2 2 2 30 7 12 9 3 9 1 7 5 20 9 6 25 12 16 16 1 21.8514338731765747 97.615414205706557 
12 15 11 4 16 8 18 21 2 16 32 2 5 31 5 14 18 3 6 22 10 3.36768017929769181 1 4 11 23 1 9 13 1 18 16 12 1 3 8 10 26 11 16 2 2 2 30 7 12 9 3 9 1 7 5 20 9 10 19 13 16 16 1 25.2693980932235718 67.2308481794742647 
15 28 5 8 18 8 13 13 12 12 24 11 16 9 1 4 6 13 16 20 7 14 12 1 4 6 3 9 7 6 14 18 1 15 32 9 12 28 11 9 26 5 6 30 13 2 23 7 8 2 13 16 24 11 12 22 10 6 5.34074699537910114 9 19.8658081293106079 188.633871194165323 
12 15 11 4 16 8 1 6 2 15 25 10 5 31 5 14 18 3 6 22 10 3.36768017929769181 1 4 11 23 1 9 13 1 18 16 12 1 3 8 10 26 11 16 2 2 2 30 7 12 9 3 9 1 7 5 20 9 13 32 2 16 16 1 22.2032568454742432 92.4389264811003528 
12 15 11 4 16 8 18 21 2 15 10 6 5 31 5 14 18 3 6 22 10 3.36768017929769181 1 4 11 23 1 9 13 1 18 16 12 1 3 8 10 26 11 16 2 2 17 30 5 12 9 3 9 1 7 5 20 9 10 19 13 16 16 1 27.8597089648246765 64.940324547817454 
12 15 11 4 16 8 4 24 5 15 26 8 5 31 5 14 18 3 6 22 10 3.36768017929769181 1 4 15 5.34074699537910114 4 9 13 1 1 18 6 1 3 8 15 32 9 16 2 2 2 30 7 12 9 3 9 1 7 5 20 9 10 19 13 16 16 1 20.3234758973121643 157.434024248398657 
12 15 11 4 16 8 16 24 2.70999124060388841 2 17 11 5 31 5 14 18 3 6 22 10 3.36768017929769181 1 4 11 23 1 9 13 1 18 16 12 1 3 8 10 26 11 16 2 2 2 30 7 12 9 3 9 1 7 5 20 9 6 19 5 16 16 1 23.0943989753723145 83.0012474242217024 
12 15 11 4 16 8 15 24 9 16 32 4 5 31 5 14 18 3 6 22 10 3.36768017929769181 1 4 11 23 1 9 13 1 18 16 12 1 3 8 10 26 11 16 2 2 2 30 7 12 9 3 9 1 7 5 20 9 10 19 13 16 16 1 22.9672180414199829 83.022704775694919 
12 15 11 4 16 8 18 21 2 16 24 2 5 31 5 14 18 3 6 22 10 3.36768017929769181 1 4 4 31 6 9 13 1 18 16 12 1 3 8 10 26 11 16 2 2 2 30 7 12 9 3 9 1 7 5 20 9 10 19 13 16 16 1 24.0733789205551147 72.1890325412392428 
12 19 11 4 12 5 4 28 5 16 32 2.70999124060388841 5 1 2 16 3 8 1 22 9 15 14 11 9.25570237641795579 6 11 9 15 3 4.94126535182462057 32 10 8 24 9.82524131762891173 2 18 7 14 12 1 2 32 2 1 31 13 17.8244721320812971 5 1 13 16 13 17 15 7.75241283629571765 4 6 11 19.0577268004417419 195.746632400966774 
12 3 5 11 5.34074699537910114 6.96245171630185755 9 20 11 17 31 5 14 30 8 4.94126535182462057 18 13 15 1 9 14 1 9.82524131762891173 10 14 2 9 15 1 3 3 3 8 8 7 15 25 7 6 6 13.151007650947605 10.3494946964094545 7 11 4 26 7 6 12 7 6 32 12 6 1 9 17 18 1.44943743604301667 19.0431577861309052 196.105143772636012 
12 15 11 4 16 8 16 25 2 1 24 13 5 31 5 14 18 3 6 22 10 3.36768017929769181 1 4 11 23 1 9 13 1 18 16 12 1 3 8 10 26 11 16 2 2 2 30 7 12 9 3 9 1 7 5 20 9 10 19 13 16 16 1 23.2087810039520264 75.8104775435606086 
12 15 11 4 16 8 18 21 2 15 10 6 5 31 5 14 18 3 6 22 10 3.36768017929769181 1 4 11 23 1 9 13 1 18 16 12 1 3 8 10 26 11 16 2 2 2 30 7 12 9 3 9 1 7 5 20 9 10 19 13 16 16 1 27.9769699573516846 64.3777516043834481 
12 15 11 4 16 8 18 21 2 1 32 4 5 31 5 14 18 3 6 22 10 3.36768017929769181 1 4 11 23 1 9 13 1 18 16 12 1 3 8 10 26 11 16 2 2 2 30 7 12 9 3 9 1 7 5 20 9 10 19 13 16 16 1 25.1214460730552673 70.1449980506447162 
12 15 11 4 16 8 18 21 2 10 28 2 5 31 5 14 18 3 6 22 10 3.36768017929769181 1 4 11 23 1 9 13 1 18 16 12 1 3 8 10 26 11 16 2 2 2 30 7 12 9 3 9 1 7 5 20 9 10 19 13 16 16 1 26.3416070938110352 66.6368113046635813 
12 15 11 4 16 8 18 21 2 15 10 6 5 31 9 14 18 3 6 22 10 3.36768017929769181 1 4 11 23 1 9 13 1 18 16 12 1 3 8 10 26 11 16 2 2 2 30 7 12 9 3 9 1 7 5 20 9 10 19 13 16 16 1 27.8869458436965942 64.3874416567306582 
12 15 11 4 16 8 18 21 2 15 10 6 16 31 2.70999124060388841 14 18 3 6 22 10 3.36768017929769181 1 4 11 23 1 9 13 1 18 16 12 1 3 8 10 26 11 16 2 2 2 30 7 12 9 3 9 1 7 5 20 9 10 19 13 16 16 1 27.5026059150695801 65.6387079406140543 
12 15 11 4 16 8 14 5 3 15 1 10 5 31 5 14 18 3 6 22 10 3.36768017929769181 1 4 1 6 5 9 13 1 17 1 12 1 5.34074699537910114 9 10 26 11 16 2 2 2 30 7 12 9 3 9 1 7 5 20 9 10 19 13 16 16 1 20.3303648829460144 136.677082868638877 
12 15 11 4 16 8 18 21 2 16 24 2.70999124060388841 5 31 5 14 18 3 6 22 10 3.36768017929769181 1 4 11 23 1 9 13 1 18 16 12 1 3 8 10 26 11 16 2 2 2 30 7 12 9 3 9 1 7 5 20 9 10 19 13 16 16 1 25.2561280727386475 68.6030789573552653 
12 15 11 4 16 8 1 25 11 12 25 8 5 31 5 14 18 3 6 22 10 3.36768017929769181 1 4 3 20 11 16 20 2 1 32 13 1 3 8 8 6 12 16 2 2 2 30 7 12 9 3 9 1 7 5 20 9 10 19 13 16 16 1 19.9039750695228577 165.135876278615541 
12 15 11 4 16 8 1 6 2.70999124060388841 10 2 2 5 31 5 14 18 3 6 22 10 3.36768017929769181 1 4 11 23 1 9 13 1 18 16 12 1 3 8 10 26 11 16 2 2 2 30 7 12 9 3 9 1 7 5 20 9 10 19 13 16 16 1 23.8348469734191895 72.9315336318186382 
8 12 12 4 5.34074699537910114 9 2 15 2 9.25570237641795579 32 7 14 32 9 1 23 11 13 30 13 16 6 11 6 1 9 3 18 13 6 24 11 8 6 9 3 8.22565314501180467 4 14 22 10 16 3 2 14 31 13 9 25 6 18 11 9.82524131762891173 2 31.8448655754823804 1 5 24 7 18.8832497000694275 206.674648411229299 
12 15 11 4 16 8 14 24 4 16 12 2.70999124060388841 5 31 5 14 18 3 6 22 10 3.36768017929769181 1 4 11 23 1 9 13 1 18 16 12 1 3 8 10 26 11 16 2 2 2 30 7 12 9 3 9 1 7 5 20 9 10 19 13 16 16 1 22.8507809340953827 83.2915347490977638 
12 15 11 4 16 8 18 21 2 16 28 2.70999124060388841 5 31 5 14 18 3 6 22 10 3.36768017929769181 1 4 11 23 1 9 13 1 18 16 12 1 3 8 10 26 11 16 2 2 2 30 7 12 9 3 9 1 7 5 20 9 10 19 13 16 16 1 25.8756370544433594 66.7602280692394032 

Current Evaluation = 60000000(60000000)
Front Size = 41
10 31 1 4 2 8 2 18 7 17 1 2 3.36768017929769181 31 5 9 24 13 13 22 6.96245171630185755 16 11 3 4.94126535182462057 18 5 12 20 8 13.2195649013323386 26 2 6 24 8 17 32 12 14 20 2 6 26 1 2 12 7 12 9 9 6 6 12 13 26 6 2 32 12 18.1704216599464417 210.176974901974887 
17 9 4 16 6 9 2 19 2.70999124060388841 11 12 11 3 23 7 13 16 3 14 16 13 9 12 5 15 15 5 1 19 1 4 7 2 15 32 7 14 26 6 9 14 8 8 30 4 15 8 6.96245171630185755 9 12 13 13 26 7 10 15 2 12 12 2 19.8855217099189758 187.835530551320062 
12 15 11 4 16 8 6 6 2 14 20 9 5 31 5 14 18 3 6 22 12 3.36768017929769181 1 4 1 24 1 9 13 1 16 15 1 1 3 8 10 26 11 16 2 2 2 30 7 12 17 6 9 1 7 2 30 11 10 19 13 16 16 1 20.4229520559310913 116.249866578901731 
12 15 11 4 16 8 14 24 3 11 12 2 5 31 5 14 18 3 6 22 10 3.36768017929769181 1 4 14 32 6 9 13 1 16 15 1 1 3 8 10 26 11 16 2 2 2 30 7 12 17 6 9 1 7 5 20 9 10 19 13 16 16 1 21.3060129880905151 98.0143814657183583 
12 15 11 4 16 8 3.36768017929769181 25 9 12 26 4 5 31 5 14 18 3 6 22 10 3.36768017929769181 1 4 1 32 1 9 13 1 16 15 1 1 3 8 10 26 11 16 2 2 2 30 7 12 17 6 9 1 7 5 20 9 10 19 13 16 16 1 21.1891229748725891 107.993825131933633 
12 15 11 4 16 8 18 21 2 10 14 2.70999124060388841 5 31 5 14 18 3 6 22 10 3.36768017929769181 1 4 11 23 1 9 13 1 16 15 1 1 3 8 10 26 11 16 2 2 2 30 7 12 17 6 9 1 7 5 20 9 10 19 13 16 16 1 25.1397131681442261 69.8417082504698641 
12 15 11 4 16 8 18 21 2 10 32 4 5 31 5 14 18 3 6 22 10 3.36768017929769181 1 4 11 23 1 9 13 1 16 15 1 1 3 8 10 26 11 16 2 2 2 30 7 12 9 3 9 1 7 5 20 9 10 19 13 16 16 1 24.6004661321640015 70.4420524655025417 
12 15 11 4 16 8 18 21 2 15 32 2 5 31 5 14 18 3 6 22 10 3.36768017929769181 1 4 11 23 1 9 13 1 16 15 1 1 3 8 10 26 11 16 2 2 2 30 7 12 9 3 9 1 7 5 20 9 10 19 13 16 16 1 24.1957690715789795 70.5852755615393619 
12 15 11 4 16 8 18 21 2 1 33 2.70999124060388841 5 31 5 14 18 3 6 22 10 3.36768017929769181 1 4 11 23 1 9 13 1 16 15 1 1 3 8 10 26 11 16 2 2 2 30 7 12 9 3 9 1 7 5 20 9 10 19 13 16 16 1 24.9136390686035156 70.3847271751644712 
12 15 11 4 16 8 4 20 8 1 30 3 5 31 5 14 18 3 6 22 10 3.36768017929769181 1 4 11 23 1 9 13 1 16 15 1 1 3 8 10 26 11 16 2 2 2 30 7 12 9 3 9 1 7 5 20 9 10 19 13 16 16 1 22.0733209848403931 95.0901534648222224 
12 15 11 4 16 8 15 12 2 1 19 2.70999124060388841 5 31 5 14 18 3 6 22 10 3.36768017929769181 1 4 11 23 1 9 13 1 16 15 1 1 3 8 10 26 11 16 2 2 2 30 7 12 9 3 9 1 7 5 20 9 10 19 13 16 16 1 22.3189699649810791 83.4377662048537019 
12 15 11 4 16 8 18 21 2 15 32 9 5 31 5 14 18 3 6 22 10 3.36768017929769181 1 4 11 23 1 9 13 1 18 16 12 1 3 8 10 26 11 16 2 2 2 30 7 12 9 3 9 1 7 5 20 9 10 19 13 16 16 1 25.1446190476417542 68.6451556040285453 
12 15 11 4 16 8 18 21 2 15 10 6 5 31 5 14 18 3 6 22 10 3.36768017929769181 1 4 11 23 1 9 13 1 18 16 12 1 3 8 10 26 11 16 2 2 2 30 7 12 9 3 9 1 7 14 20 10 10 19 13 16 16 1 27.3393030166625977 66.2471891171977774 
14 24 7 13 26 10 3.36768017929769181 20 5 14 16 5 8 2 12 3 31 5 6 6 13 6 24 10 13 1 12 5 18 7 1 28 3 4 24 9 9.25570237641795579 32 13 15 33 3 12 15 12 4 32 11 14 31 5 2 24 3.84646942076222631 13 26 13 1 16 7 17.9764569401741028 227.353055106228481 
12 15 11 4 16 8 18 21 2 1 32 7 5 31 5 14 18 3 6 22 10 3.36768017929769181 1 4 11 23 1 9 13 1 18 16 12 1 3 8 10 26 11 16 2 2 2 30 7 12 9 3 9 1 7 5 20 9 10 19 13 16 16 1 25.141446053981781 68.9841455962063463 
12 15 11 4 16 8 18 21 2 15 10 6 5 31 5 14 18 3 6 22 10 3.36768017929769181 1 4 11 7 2.70999124060388841 9 13 1 18 16 12 1 3 8 10 26 11 16 2 2 2 30 7 12 9 3 9 1 7 5 20 9 10 19 13 16 16 1 27.7975578308105469 65.2733234773361488 
12 15 11 4 16 8 6 2 2 1 19 5 5 31 5 14 18 3 6 22 10 3.36768017929769181 1 4 16 5.34074699537910114 8 9 13 1 18 16 12 1 3 8 10 26 11 16 2 2 2 30 7 12 9 3 9 1 7 5 20 9 6 25 12 16 16 1 21.8514338731765747 97.615414205706557 
12 15 11 4 16 8 18 21 2 16 32 2 5 31 5 14 18 3 6 22 10 3.36768017929769181 1 4 11 23 1 9 13 1 18 16 12 1 3 8 10 26 11 16 2 2 2 30 7 12 9 3 9 1 7 5 20 9 10 19 13 16 16 1 25.2693980932235718 67.2308481794742647 
15 28 5 8 18 8 13 13 12 12 24 11 16 9 1 4 6 13 16 20 7 14 12 1 4 6 3 9 7 6 14 18 1 15 32 9 12 28 11 9 26 5 6 30 13 2 23 7 8 2 13 16 24 11 12 22 10 6 5.34074699537910114 9 19.8658081293106079 188.633871194165323 
12 15 11 4 16 8 1 6 2 15 25 10 5 31 5 14 18 3 6 22 10 3.36768017929769181 1 4 11 23 1 9 13 1 18 16 12 1 3 8 10 26 11 16 2 2 2 30 7 12 9 3 9 1 7 5 20 9 13 32 2 16 16 1 22.2032568454742432 92.4389264811003528 
12 15 11 4 16 8 18 21 2 15 10 6 5 31 5 14 18 3 6 22 10 3.36768017929769181 1 4 11 23 1 9 13 1 18 16 12 1 3 8 10 26 11 16 2 2 17 30 5 12 9 3 9 1 7 5 20 9 10 19 13 16 16 1 27.8597089648246765 64.940324547817454 
12 15 11 4 16 8 4 24 5 15 26 8 5 31 5 14 18 3 6 22 10 3.36768017929769181 1 4 15 5.34074699537910114 4 9 13 1 1 18 6 1 3 8 15 32 9 16 2 2 2 30 7 12 9 3 9 1 7 5 20 9 10 19 13 16 16 1 20.3234758973121643 157.434024248398657 
12 15 11 4 16 8 16 24 2.70999124060388841 2 17 11 5 31 5 14 18 3 6 22 10 3.36768017929769181 1 4 11 23 1 9 13 1 18 16 12 1 3 8 10 26 11 16 2 2 2 30 7 12 9 3 9 1 7 5 20 9 6 19 5 16 16 1 23.0943989753723145 83.0012474242217024 
12 15 11 4 16 8 15 24 9 16 32 4 5 31 5 14 18 3 6 22 10 3.36768017929769181 1 4 11 23 1 9 13 1 18 16 12 1 3 8 10 26 11 16 2 2 2 30 7 12 9 3 9 1 7 5 20 9 10 19 13 16 16 1 22.9672180414199829 83.022704775694919 
12 15 11 4 16 8 18 21 2 16 24 2 5 31 5 14 18 3 6 22 10 3.36768017929769181 1 4 4 31 6 9 13 1 18 16 12 1 3 8 10 26 11 16 2 2 2 30 7 12 9 3 9 1 7 5 20 9 10 19 13 16 16 1 24.0733789205551147 72.1890325412392428 
12 19 11 4 12 5 4 28 5 16 32 2.70999124060388841 5 1 2 16 3 8 1 22 9 15 14 11 9.25570237641795579 6 11 9 15 3 4.94126535182462057 32 10 8 24 9.82524131762891173 2 18 7 14 12 1 2 32 2 1 31 13 17.8244721320812971 5 1 13 16 13 17 15 7.75241283629571765 4 6 11 19.0577268004417419 195.746632400966774 
12 3 5 11 5.34074699537910114 6.96245171630185755 9 20 11 17 31 5 14 30 8 4.94126535182462057 18 13 15 1 9 14 1 9.82524131762891173 10 14 2 9 15 1 3 3 3 8 8 7 15 25 7 6 6 13.151007650947605 10.3494946964094545 7 11 4 26 7 6 12 7 6 32 12 6 1 9 17 18 1.44943743604301667 19.0431577861309052 196.105143772636012 
12 15 11 4 16 8 16 25 2 1 24 13 5 31 5 14 18 3 6 22 10 3.36768017929769181 1 4 11 23 1 9 13 1 18 16 12 1 3 8 10 26 11 16 2 2 2 30 7 12 9 3 9 1 7 5 20 9 10 19 13 16 16 1 23.2087810039520264 75.8104775435606086 
12 15 11 4 16 8 18 21 2 1 32 4 5 31 5 14 18 3 6 22 10 3.36768017929769181 1 4 11 23 1 9 13 1 18 16 12 1 3 8 10 26 11 16 2 2 2 30 7 12 9 3 9 1 7 5 20 9 10 19 13 16 16 1 25.1214460730552673 70.1449980506447162 
12 15 11 4 16 8 18 21 2 15 10 6 5 31 9 14 18 3 6 22 10 3.36768017929769181 1 4 11 23 1 9 13 1 18 16 12 1 3 8 10 26 11 16 2 2 2 30 7 12 9 3 9 1 7 5 20 9 10 19 13 16 16 1 27.8869458436965942 64.3874416567306582 
12 15 11 4 16 8 18 21 2 15 10 6 16 31 2.70999124060388841 14 18 3 6 22 10 3.36768017929769181 1 4 11 23 1 9 13 1 18 16 12 1 3 8 10 26 11 16 2 2 2 30 7 12 9 3 9 1 7 5 20 9 10 19 13 16 16 1 27.5026059150695801 65.6387079406140543 
12 15 11 4 16 8 14 5 3 15 1 10 5 31 5 14 18 3 6 22 10 3.36768017929769181 1 4 1 6 5 9 13 1 17 1 12 1 5.34074699537910114 9 10 26 11 16 2 2 2 30 7 12 9 3 9 1 7 5 20 9 10 19 13 16 16 1 20.3303648829460144 136.677082868638877 
12 15 11 4 16 8 18 21 2 16 24 2.70999124060388841 5 31 5 14 18 3 6 22 10 3.36768017929769181 1 4 11 23 1 9 13 1 18 16 12 1 3 8 10 26 11 16 2 2 2 30 7 12 9 3 9 1 7 5 20 9 10 19 13 16 16 1 25.2561280727386475 68.6030789573552653 
12 15 11 4 16 8 1 25 11 12 25 8 5 31 5 14 18 3 6 22 10 3.36768017929769181 1 4 3 20 11 16 20 2 1 32 13 1 3 8 8 6 12 16 2 2 2 30 7 12 9 3 9 1 7 5 20 9 10 19 13 16 16 1 19.9039750695228577 165.135876278615541 
12 15 11 4 16 8 1 6 2.70999124060388841 10 2 2 5 31 5 14 18 3 6 22 10 3.36768017929769181 1 4 11 23 1 9 13 1 18 16 12 1 3 8 10 26 11 16 2 2 2 30 7 12 9 3 9 1 7 5 20 9 10 19 13 16 16 1 23.8348469734191895 72.9315336318186382 
8 12 12 4 5.34074699537910114 9 2 15 2 9.25570237641795579 32 7 14 32 9 1 23 11 13 30 13 16 6 11 6 1 9 3 18 13 6 24 11 8 6 9 3 8.22565314501180467 4 14 22 10 16 3 2 14 31 13 9 25 6 18 11 9.82524131762891173 2 31.8448655754823804 1 5 24 7 18.8832497000694275 206.674648411229299 
12 15 11 4 16 8 14 24 4 16 12 2.70999124060388841 5 31 5 14 18 3 6 22 10 3.36768017929769181 1 4 11 23 1 9 13 1 18 16 12 1 3 8 10 26 11 16 2 2 2 30 7 12 9 3 9 1 7 5 20 9 10 19 13 16 16 1 22.8507809340953827 83.2915347490977638 
12 15 11 4 16 8 18 21 2 15 10 6 5 31 5 14 18 3 6 22 10 3.36768017929769181 1 4 11 23 1 9 13 1 18 16 12 1 3 8 10 26 11 16 2 2 2 30 7 12 9 3 9 1 7 5 20 9 10 19 13 16 16 1 27.9769699573516846 64.1985397772757977 
3.36768017929769181 5 7 15 1 10 1 5 8 12 24 11 5 1 12 10 30 4 3 31 5 11 16.1354543567662532 6 6 18 2 9 3 9 6 15 4 13 31 12 14 20 1 17 15 11 1 1 2 3 32 9 13 2 12 4 26 7 4 19 9 17 7 6 18.9636319875717163 204.983356340941526 
8 19 2 15 22 2.70999124060388841 9.25570237641795579 32 4 6 9 2 14 15 11 17 24 3 14 13 2 11 26 12 17 2 8 1 28 7 15 24 3.84646942076222631 17 1 6 1 16 2 16 30 10 18 18 1 12 14 7 14 6 2 6 12 10 13.2195649013323386 1 3 5 32 7 19.6573410332202911 193.394916641333594 
12 15 11 4 16 8 18 21 2 16 2 2 5 31 5 14 18 3 6 22 10 3.36768017929769181 1 4 11 23 1 9 13 1 18 16 12 1 3 8 10 26 11 16 2 2 2 30 7 12 9 3 9 1 7 5 20 9 10 19 13 16 16 1 25.5780370235443115 66.4324668836322587 

Current Evaluation = 70000000(70000000)
Front Size = 41
10 31 1 4 2 8 2 18 7 17 1 2 3.36768017929769181 31 5 9 24 13 13 22 6.96245171630185755 16 11 3 4.94126535182462057 18 5 12 20 8 13.2195649013323386 26 2 6 24 8 17 32 12 14 20 2 6 26 1 2 12 7 12 9 9 6 6 12 13 26 6 2 32 12 18.1704216599464417 210.176974901974887 
12 15 11 4 16 8 6 6 2 14 20 9 5 31 5 14 18 3 6 22 12 3.36768017929769181 1 4 1 24 1 9 13 1 16 15 1 1 3 8 10 26 11 16 2 2 2 30 7 12 17 6 9 1 7 2 30 11 10 19 13 16 16 1 20.4229520559310913 116.249866578901731 
12 15 11 4 16 8 14 24 3 11 12 2 5 31 5 14 18 3 6 22 10 3.36768017929769181 1 4 14 32 6 9 13 1 16 15 1 1 3 8 10 26 11 16 2 2 2 30 7 12 17 6 9 1 7 5 20 9 10 19 13 16 16 1 21.3060129880905151 98.0143814657183583 
12 15 11 4 16 8 3.36768017929769181 25 9 12 26 4 5 31 5 14 18 3 6 22 10 3.36768017929769181 1 4 1 32 1 9 13 1 16 15 1 1 3 8 10 26 11 16 2 2 2 30 7 12 17 6 9 1 7 5 20 9 10 19 13 16 16 1 21.1891229748725891 107.993825131933633 
12 15 11 4 16 8 18 21 2 10 14 2.70999124060388841 5 31 5 14 18 3 6 22 10 3.36768017929769181 1 4 11 23 1 9 13 1 16 15 1 1 3 8 10 26 11 16 2 2 2 30 7 12 17 6 9 1 7 5 20 9 10 19 13 16 16 1 25.1397131681442261 69.8417082504698641 
12 15 11 4 16 8 18 21 2 10 32 4 5 31 5 14 18 3 6 22 10 3.36768017929769181 1 4 11 23 1 9 13 1 16 15 1 1 3 8 10 26 11 16 2 2 2 30 7 12 9 3 9 1 7 5 20 9 10 19 13 16 16 1 24.6004661321640015 70.4420524655025417 
12 15 11 4 16 8 18 21 2 15 32 2 5 31 5 14 18 3 6 22 10 3.36768017929769181 1 4 11 23 1 9 13 1 16 15 1 1 3 8 10 26 11 16 2 2 2 30 7 12 9 3 9 1 7 5 20 9 10 19 13 16 16 1 24.1957690715789795 70.5852755615393619 
12 15 11 4 16 8 18 21 2 1 33 2.70999124060388841 5 31 5 14 18 3 6 22 10 3.36768017929769181 1 4 11 23 1 9 13 1 16 15 1 1 3 8 10 26 11 16 2 2 2 30 7 12 9 3 9 1 7 5 20 9 10 19 13 16 16 1 24.9136390686035156 70.3847271751644712 
12 15 11 4 16 8 4 20 8 1 30 3 5 31 5 14 18 3 6 22 10 3.36768017929769181 1 4 11 23 1 9 13 1 16 15 1 1 3 8 10 26 11 16 2 2 2 30 7 12 9 3 9 1 7 5 20 9 10 19 13 16 16 1 22.0733209848403931 95.0901534648222224 
12 15 11 4 16 8 15 12 2 1 19 2.70999124060388841 5 31 5 14 18 3 6 22 10 3.36768017929769181 1 4 11 23 1 9 13 1 16 15 1 1 3 8 10 26 11 16 2 2 2 30 7 12 9 3 9 1 7 5 20 9 10 19 13 16 16 1 22.3189699649810791 83.4377662048537019 
12 15 11 4 16 8 18 21 2 15 32 9 5 31 5 14 18 3 6 22 10 3.36768017929769181 1 4 11 23 1 9 13 1 18 16 12 1 3 8 10 26 11 16 2 2 2 30 7 12 9 3 9 1 7 5 20 9 10 19 13 16 16 1 25.1446190476417542 68.6451556040285453 
14 24 7 13 26 10 3.36768017929769181 20 5 14 16 5 8 2 12 3 31 5 6 6 13 6 24 10 13 1 12 5 18 7 1 28 3 4 24 9 9.25570237641795579 32 13 15 33 3 12 15 12 4 32 11 14 31 5 2 24 3.84646942076222631 13 26 13 1 16 7 17.9764569401741028 227.353055106228481 
12 15 11 4 16 8 18 21 2 1 32 7 5 31 5 14 18 3 6 22 10 3.36768017929769181 1 4 11 23 1 9 13 1 18 16 12 1 3 8 10 26 11 16 2 2 2 30 7 12 9 3 9 1 7 5 20 9 10 19 13 16 16 1 25.141446053981781 68.9841455962063463 
12 15 11 4 16 8 6 2 2 1 19 5 5 31 5 14 18 3 6 22 10 3.36768017929769181 1 4 16 5.34074699537910114 8 9 13 1 18 16 12 1 3 8 10 26 11 16 2 2 2 30 7 12 9 3 9 1 7 5 20 9 6 25 12 16 16 1 21.8514338731765747 97.615414205706557 
12 15 11 4 16 8 18 21 2 16 32 2 5 31 5 14 18 3 6 22 10 3.36768017929769181 1 4 11 23 1 9 13 1 18 16 12 1 3 8 10 26 11 16 2 2 2 30 7 12 9 3 9 1 7 5 20 9 10 19 13 16 16 1 25.2693980932235718 67.2308481794742647 
12 15 11 4 16 8 1 6 2 15 25 10 5 31 5 14 18 3 6 22 10 3.36768017929769181 1 4 11 23 1 9 13 1 18 16 12 1 3 8 10 26 11 16 2 2 2 30 7 12 9 3 9 1 7 5 20 9 13 32 2 16 16 1 22.2032568454742432 92.4389264811003528 
12 15 11 4 16 8 18 21 2 15 10 6 5 31 5 14 18 3 6 22 10 3.36768017929769181 1 4 11 23 1 9 13 1 18 16 12 1 3 8 10 26 11 16 2 2 17 30 5 12 9 3 9 1 7 5 20 9 10 19 13 16 16 1 27.8597089648246765 64.940324547817454 
12 15 11 4 16 8 4 24 5 15 26 8 5 31 5 14 18 3 6 22 10 3.36768017929769181 1 4 15 5.34074699537910114 4 9 13 1 1 18 6 1 3 8 15 32 9 16 2 2 2 30 7 12 9 3 9 1 7 5 20 9 10 19 13 16 16 1 20.3234758973121643 157.434024248398657 
12 15 11 4 16 8 15 24 9 16 32 4 5 31 5 14 18 3 6 22 10 3.36768017929769181 1 4 11 23 1 9 13 1 18 16 12 1 3 8 10 26 11 16 2 2 2 30 7 12 9 3 9 1 7 5 20 9 10 19 13 16 16 1 22.9672180414199829 83.022704775694919 
12 15 11 4 16 8 18 21 2 16 24 2 5 31 5 14 18 3 6 22 10 3.36768017929769181 1 4 4 31 6 9 13 1 18 16 12 1 3 8 10 26 11 16 2 2 2 30 7 12 9 3 9 1 7 5 20 9 10 19 13 16 16 1 24.0733789205551147 72.1890325412392428 
12 19 11 4 12 5 4 28 5 16 32 2.70999124060388841 5 1 2 16 3 8 1 22 9 15 14 11 9.25570237641795579 6 11 9 15 3 4.94126535182462057 32 10 8 24 9.82524131762891173 2 18 7 14 12 1 2 32 2 1 31 13 17.8244721320812971 5 1 13 16 13 17 15 7.75241283629571765 4 6 11 19.0577268004417419 195.746632400966774 
12 3 5 11 5.34074699537910114 6.96245171630185755 9 20 11 17 31 5 14 30 8 4.94126535182462057 18 13 15 1 9 14 1 9.82524131762891173 10 14 2 9 15 1 3 3 3 8 8 7 15 25 7 6 6 13.151007650947605 10.3494946964094545 7 11 4 26 7 6 12 7 6 32 12 6 1 9 17 18 1.44943743604301667 19.0431577861309052 196.105143772636012 
12 15 11 4 16 8 16 25 2 1 24 13 5 31 5 14 18 3 6 22 10 3.36768017929769181 1 4 11 23 1 9 13 1 18 16 12 1 3 8 10 26 11 16 2 2 2 30 7 12 9 3 9 1 7 5 20 9 10 19 13 16 16 1 23.2087810039520264 75.8104775435606086 
12 15 11 4 16 8 18 21 2 1 32 4 5 31 5 14 18 3 6 22 10 3.36768017929769181 1 4 11 23 1 9 13 1 18 16 12 1 3 8 10 26 11 16 2 2 2 30 7 12 9 3 9 1 7 5 20 9 10 19 13 16 16 1 25.1214460730552673 70.1449980506447162 
12 15 11 4 16 8 18 21 2 15 10 6 5 31 9 14 18 3 6 22 10 3.36768017929769181 1 4 11 23 1 9 13 1 18 16 12 1 3 8 10 26 11 16 2 2 2 30 7 12 9 3 9 1 7 5 20 9 10 19 13 16 16 1 27.8869458436965942 64.3874416567306582 
12 15 11 4 16 8 14 5 3 15 1 10 5 31 5 14 18 3 6 22 10 3.36768017929769181 1 4 1 6 5 9 13 1 17 1 12 1 5.34074699537910114 9 10 26 11 16 2 2 2 30 7 12 9 3 9 1 7 5 20 9 10 19 13 16 16 1 20.3303648829460144 136.677082868638877 
12 15 11 4 16 8 18 21 2 16 24 2.70999124060388841 5 31 5 14 18 3 6 22 10 3.36768017929769181 1 4 11 23 1 9 13 1 18 16 12 1 3 8 10 26 11 16 2 2 2 30 7 12 9 3 9 1 7 5 20 9 10 19 13 16 16 1 25.2561280727386475 68.6030789573552653 
12 15 11 4 16 8 1 25 11 12 25 8 5 31 5 14 18 3 6 22 10 3.36768017929769181 1 4 3 20 11 16 20 2 1 32 13 1 3 8 8 6 12 16 2 2 2 30 7 12 9 3 9 1 7 5 20 9 10 19 13 16 16 1 19.9039750695228577 165.135876278615541 
12 15 11 4 16 8 1 6 2.70999124060388841 10 2 2 5 31 5 14 18 3 6 22 10 3.36768017929769181 1 4 11 23 1 9 13 1 18 16 12 1 3 8 10 26 11 16 2 2 2 30 7 12 9 3 9 1 7 5 20 9 10 19 13 16 16 1 23.8348469734191895 72.9315336318186382 
8 12 12 4 5.34074699537910114 9 2 15 2 9.25570237641795579 32 7 14 32 9 1 23 11 13 30 13 16 6 11 6 1 9 3 18 13 6 24 11 8 6 9 3 8.22565314501180467 4 14 22 10 16 3 2 14 31 13 9 25 6 18 11 9.82524131762891173 2 31.8448655754823804 1 5 24 7 18.8832497000694275 206.674648411229299 
12 15 11 4 16 8 14 24 4 16 12 2.70999124060388841 5 31 5 14 18 3 6 22 10 3.36768017929769181 1 4 11 23 1 9 13 1 18 16 12 1 3 8 10 26 11 16 2 2 2 30 7 12 9 3 9 1 7 5 20 9 10 19 13 16 16 1 22.8507809340953827 83.2915347490977638 
12 15 11 4 16 8 18 21 2 15 10 6 5 31 5 14 18 3 6 22 10 3.36768017929769181 1 4 11 23 1 9 13 1 18 16 12 1 3 8 10 26 11 16 2 2 2 30 7 12 9 3 9 1 7 5 20 9 10 19 13 16 16 1 27.9769699573516846 64.1985397772757977 
8 19 2 15 22 2.70999124060388841 9.25570237641795579 32 4 6 9 2 14 15 11 17 24 3 14 13 2 11 26 12 17 2 8 1 28 7 15 24 3.84646942076222631 17 1 6 1 16 2 16 30 10 18 18 1 12 14 7 14 6 2 6 12 10 13.2195649013323386 1 3 5 32 7 19.6573410332202911 193.394916641333594 
12 15 11 4 16 8 18 21 2 16 2 2 5 31 5 14 18 3 6 22 10 3.36768017929769181 1 4 11 23 1 9 13 1 18 16 12 1 3 8 10 26 11 16 2 2 2 30 7 12 9 3 9 1 7 5 20 9 10 19 13 16 16 1 25.5780370235443115 66.4324668836322587 
12 1 3 6 31 9 13 22 12 3 15 12 5 5.34074699537910114 4 15 30 5 12 25 9 3 2 11 16 18 4 2 6 13 18 24 4 13 31 4 3 32 8 5 3 9 1 26 13 4 8 12 14 12 7 3 9 8 4 8 2 16 2 6 19.8271118104457855 186.781592795543901 
12 5 12 1 12 8 6 24 10 2 25 10 6 31 12 9 9 11 12 2 11 17 24 5 15 32 2 3.36768017929769181 16 9 1 22 10 9 28 6.96245171630185755 10 6 8 5 19 7 2 3 9 1 18 6 13 31 6 16 22 13 4.94126535182462057 30 1 14 6 9.82524131762891173 19.7389677762985229 186.822134736608433 
10 6 8 17 5.34074699537910114 9 14 32 8 4 6 6 16 25 2 3 24 9 8 21 11 6 1 5 17 8 1 9 25 11 3 24 9 14 30 5 4 22 8 9 2 6 17 30 10 6 18 6 12 5 9 14 32 1 6 18 3 12 1 6.96245171630185755 18.9446080327033997 204.244968593498015 
12 15 11 4 16 8 6 26 3 2 6 2.70999124060388841 5 31 5 14 18 3 6 22 10 3.36768017929769181 1 4 11 23 1 9 13 1 16 12 2 1 3 8 10 26 11 16 2 2 2 30 7 12 9 3 9 1 7 5 20 9 10 19 13 16 16 1 21.9681398868560791 95.6175278665702564 
12 15 11 4 16 8 12 24 11 14 25 1 5 31 5 14 18 3 6 22 10 3.36768017929769181 1 4 17 30 3 9 13 1 18 16 12 1 3 8 10 26 11 16 2 2 2 30 7 12 9 3 9 1 7 5 20 9 10 19 13 16 16 1 21.8895469307899475 97.3332648419480222 
12 15 11 4 16 8 16 24 2 1 32 7 5 31 5 14 18 3 6 22 10 3.36768017929769181 1 4 11 23 1 9 13 1 18 16 12 1 3 8 10 26 11 16 2 2 2 30 7 12 9 3 9 1 7 5 20 9 10 19 13 16 16 1 23.0430590510368347 79.7961779638695816 
12 15 11 4 16 8 18 21 2 15 10 6 5 31 5 14 18 3 6 22 10 3.36768017929769181 1 4 4 15 1 9 13 1 18 16 12 1 3 8 10 26 11 16 2 2 2 30 7 12 9 3 9 1 7 5 20 9 10 19 13 16 16 1 26.9470588564872742 64.9892731874406877 

Current Evaluation = 80000000(80000000)
Front Size = 41
10 31 1 4 2 8 2 18 7 17 1 2 3.36768017929769181 31 5 9 24 13 13 22 6.96245171630185755 16 11 3 4.94126535182462057 18 5 12 20 8 13.2195649013323386 26 2 6 24 8 17 32 12 14 20 2 6 26 1 2 12 7 12 9 9 6 6 12 13 26 6 2 32 12 18.1704216599464417 210.176974901974887 
12 15 11 4 16 8 6 6 2 14 20 9 5 31 5 14 18 3 6 22 12 3.36768017929769181 1 4 1 24 1 9 13 1 16 15 1 1 3 8 10 26 11 16 2 2 2 30 7 12 17 6 9 1 7 2 30 11 10 19 13 16 16 1 20.4229520559310913 116.249866578901731 
12 15 11 4 16 8 14 24 3 11 12 2 5 31 5 14 18 3 6 22 10 3.36768017929769181 1 4 14 32 6 9 13 1 16 15 1 1 3 8 10 26 11 16 2 2 2 30 7 12 17 6 9 1 7 5 20 9 10 19 13 16 16 1 21.3060129880905151 98.0143814657183583 
12 15 11 4 16 8 3.36768017929769181 25 9 12 26 4 5 31 5 14 18 3 6 22 10 3.36768017929769181 1 4 1 32 1 9 13 1 16 15 1 1 3 8 10 26 11 16 2 2 2 30 7 12 17 6 9 1 7 5 20 9 10 19 13 16 16 1 21.1891229748725891 107.993825131933633 
12 15 11 4 16 8 18 21 2 10 14 2.70999124060388841 5 31 5 14 18 3 6 22 10 3.36768017929769181 1 4 11 23 1 9 13 1 16 15 1 1 3 8 10 26 11 16 2 2 2 30 7 12 17 6 9 1 7 5 20 9 10 19 13 16 16 1 25.1397131681442261 69.8417082504698641 
12 15 11 4 16 8 18 21 2 10 32 4 5 31 5 14 18 3 6 22 10 3.36768017929769181 1 4 11 23 1 9 13 1 16 15 1 1 3 8 10 26 11 16 2 2 2 30 7 12 9 3 9 1 7 5 20 9 10 19 13 16 16 1 24.6004661321640015 70.4420524655025417 
12 15 11 4 16 8 18 21 2 15 32 2 5 31 5 14 18 3 6 22 10 3.36768017929769181 1 4 11 23 1 9 13 1 16 15 1 1 3 8 10 26 11 16 2 2 2 30 7 12 9 3 9 1 7 5 20 9 10 19 13 16 16 1 24.1957690715789795 70.5852755615393619 
12 15 11 4 16 8 18 21 2 1 33 2.70999124060388841 5 31 5 14 18 3 6 22 10 3.36768017929769181 1 4 11 23 1 9 13 1 16 15 1 1 3 8 10 26 11 16 2 2 2 30 7 12 9 3 9 1 7 5 20 9 10 19 13 16 16 1 24.9136390686035156 70.3847271751644712 
12 15 11 4 16 8 4 20 8 1 30 3 5 31 5 14 18 3 6 22 10 3.36768017929769181 1 4 11 23 1 9 13 1 16 15 1 1 3 8 10 26 11 16 2 2 2 30 7 12 9 3 9 1 7 5 20 9 10 19 13 16 16 1 22.0733209848403931 95.0901534648222224 
12 15 11 4 16 8 15 12 2 1 19 2.70999124060388841 5 31 5 14 18 3 6 22 10 3.36768017929769181 1 4 11 23 1 9 13 1 16 15 1 1 3 8 10 26 11 16 2 2 2 30 7 12 9 3 9 1 7 5 20 9 10 19 13 16 16 1 22.3189699649810791 83.4377662048537019 
12 15 11 4 16 8 18 21 2 15 32 9 5 31 5 14 18 3 6 22 10 3.36768017929769181 1 4 11 23 1 9 13 1 18 16 12 1 3 8 10 26 11 16 2 2 2 30 7 12 9 3 9 1 7 5 20 9 10 19 13 16 16 1 25.1446190476417542 68.6451556040285453 
14 24 7 13 26 10 3.36768017929769181 20 5 14 16 5 8 2 12 3 31 5 6 6 13 6 24 10 13 1 12 5 18 7 1 28 3 4 24 9 9.25570237641795579 32 13 15 33 3 12 15 12 4 32 11 14 31 5 2 24 3.84646942076222631 13 26 13 1 16 7 17.9764569401741028 227.353055106228481 
12 15 11 4 16 8 18 21 2 1 32 7 5 31 5 14 18 3 6 22 10 3.36768017929769181 1 4 11 23 1 9 13 1 18 16 12 1 3 8 10 26 11 16 2 2 2 30 7 12 9 3 9 1 7 5 20 9 10 19 13 16 16 1 25.141446053981781 68.9841455962063463 
12 15 11 4 16 8 6 2 2 1 19 5 5 31 5 14 18 3 6 22 10 3.36768017929769181 1 4 16 5.34074699537910114 8 9 13 1 18 16 12 1 3 8 10 26 11 16 2 2 2 30 7 12 9 3 9 1 7 5 20 9 6 25 12 16 16 1 21.8514338731765747 97.615414205706557 
12 15 11 4 16 8 18 21 2 16 32 2 5 31 5 14 18 3 6 22 10 3.36768017929769181 1 4 11 23 1 9 13 1 18 16 12 1 3 8 10 26 11 16 2 2 2 30 7 12 9 3 9 1 7 5 20 9 10 19 13 16 16 1 25.2693980932235718 67.2308481794742647 
12 15 11 4 16 8 1 6 2 15 25 10 5 31 5 14 18 3 6 22 10 3.36768017929769181 1 4 11 23 1 9 13 1 18 16 12 1 3 8 10 26 11 16 2 2 2 30 7 12 9 3 9 1 7 5 20 9 13 32 2 16 16 1 22.2032568454742432 92.4389264811003528 
12 15 11 4 16 8 18 21 2 15 10 6 5 31 5 14 18 3 6 22 10 3.36768017929769181 1 4 11 23 1 9 13 1 18 16 12 1 3 8 10 26 11 16 2 2 17 30 5 12 9 3 9 1 7 5 20 9 10 19 13 16 16 1 27.8597089648246765 64.940324547817454 
12 15 11 4 16 8 4 24 5 15 26 8 5 31 5 14 18 3 6 22 10 3.36768017929769181 1 4 15 5.34074699537910114 4 9 13 1 1 18 6 1 3 8 15 32 9 16 2 2 2 30 7 12 9 3 9 1 7 5 20 9 10 19 13 16 16 1 20.3234758973121643 157.434024248398657 
12 15 11 4 16 8 15 24 9 16 32 4 5 31 5 14 18 3 6 22 10 3.36768017929769181 1 4 11 23 1 9 13 1 18 16 12 1 3 8 10 26 11 16 2 2 2 30 7 12 9 3 9 1 7 5 20 9 10 19 13 16 16 1 22.9672180414199829 83.022704775694919 
12 15 11 4 16 8 18 21 2 16 24 2 5 31 5 14 18 3 6 22 10 3.36768017929769181 1 4 4 31 6 9 13 1 18 16 12 1 3 8 10 26 11 16 2 2 2 30 7 12 9 3 9 1 7 5 20 9 10 19 13 16 16 1 24.0733789205551147 72.1890325412392428 
12 19 11 4 12 5 4 28 5 16 32 2.70999124060388841 5 1 2 16 3 8 1 22 9 15 14 11 9.25570237641795579 6 11 9 15 3 4.94126535182462057 32 10 8 24 9.82524131762891173 2 18 7 14 12 1 2 32 2 1 31 13 17.8244721320812971 5 1 13 16 13 17 15 7.75241283629571765 4 6 11 19.0577268004417419 195.746632400966774 
12 3 5 11 5.34074699537910114 6.96245171630185755 9 20 11 17 31 5 14 30 8 4.94126535182462057 18 13 15 1 9 14 1 9.82524131762891173 10 14 2 9 15 1 3 3 3 8 8 7 15 25 7 6 6 13.151007650947605 10.3494946964094545 7 11 4 26 7 6 12 7 6 32 12 6 1 9 17 18 1.44943743604301667 19.0431577861309052 196.105143772636012 
12 15 11 4 16 8 16 25 2 1 24 13 5 31 5 14 18 3 6 22 10 3.36768017929769181 1 4 11 23 1 9 13 1 18 16 12 1 3 8 10 26 11 16 2 2 2 30 7 12 9 3 9 1 7 5 20 9 10 19 13 16 16 1 23.2087810039520264 75.8104775435606086 
12 15 11 4 16 8 18 21 2 1 32 4 5 31 5 14 18 3 6 22 10 3.36768017929769181 1 4 11 23 1 9 13 1 18 16 12 1 3 8 10 26 11 16 2 2 2 30 7 12 9 3 9 1 7 5 20 9 10 19 13 16 16 1 25.1214460730552673 70.1449980506447162 
12 15 11 4 16 8 18 21 2 15 10 6 5 31 9 14 18 3 6 22 10 3.36768017929769181 1 4 11 23 1 9 13 1 18 16 12 1 3 8 10 26 11 16 2 2 2 30 7 12 9 3 9 1 7 5 20 9 10 19 13 16 16 1 27.8869458436965942 64.3874416567306582 
12 15 11 4 16 8 14 5 3 15 1 10 5 31 5 14 18 3 6 22 10 3.36768017929769181 1 4 1 6 5 9 13 1 17 1 12 1 5.34074699537910114 9 10 26 11 16 2 2 2 30 7 12 9 3 9 1 7 5 20 9 10 19 13 16 16 1 20.3303648829460144 136.677082868638877 
12 15 11 4 16 8 18 21 2 16 24 2.70999124060388841 5 31 5 14 18 3 6 22 10 3.36768017929769181 1 4 11 23 1 9 13 1 18 16 12 1 3 8 10 26 11 16 2 2 2 30 7 12 9 3 9 1 7 5 20 9 10 19 13 16 16 1 25.2561280727386475 68.6030789573552653 
12 15 11 4 16 8 1 25 11 12 25 8 5 31 5 14 18 3 6 22 10 3.36768017929769181 1 4 3 20 11 16 20 2 1 32 13 1 3 8 8 6 12 16 2 2 2 30 7 12 9 3 9 1 7 5 20 9 10 19 13 16 16 1 19.9039750695228577 165.135876278615541 
12 15 11 4 16 8 1 6 2.70999124060388841 10 2 2 5 31 5 14 18 3 6 22 10 3.36768017929769181 1 4 11 23 1 9 13 1 18 16 12 1 3 8 10 26 11 16 2 2 2 30 7 12 9 3 9 1 7 5 20 9 10 19 13 16 16 1 23.8348469734191895 72.9315336318186382 
8 12 12 4 5.34074699537910114 9 2 15 2 9.25570237641795579 32 7 14 32 9 1 23 11 13 30 13 16 6 11 6 1 9 3 18 13 6 24 11 8 6 9 3 8.22565314501180467 4 14 22 10 16 3 2 14 31 13 9 25 6 18 11 9.82524131762891173 2 31.8448655754823804 1 5 24 7 18.8832497000694275 206.674648411229299 
12 15 11 4 16 8 14 24 4 16 12 2.70999124060388841 5 31 5 14 18 3 6 22 10 3.36768017929769181 1 4 11 23 1 9 13 1 18 16 12 1 3 8 10 26 11 16 2 2 2 30 7 12 9 3 9 1 7 5 20 9 10 19 13 16 16 1 22.8507809340953827 83.2915347490977638 
8 19 2 15 22 2.70999124060388841 9.25570237641795579 32 4 6 9 2 14 15 11 17 24 3 14 13 2 11 26 12 17 2 8 1 28 7 15 24 3.84646942076222631 17 1 6 1 16 2 16 30 10 18 18 1 12 14 7 14 6 2 6 12 10 13.2195649013323386 1 3 5 32 7 19.6573410332202911 193.394916641333594 
12 15 11 4 16 8 18 21 2 16 2 2 5 31 5 14 18 3 6 22 10 3.36768017929769181 1 4 11 23 1 9 13 1 18 16 12 1 3 8 10 26 11 16 2 2 2 30 7 12 9 3 9 1 7 5 20 9 10 19 13 16 16 1 25.5780370235443115 66.4324668836322587 
12 1 3 6 31 9 13 22 12 3 15 12 5 5.34074699537910114 4 15 30 5 12 25 9 3 2 11 16 18 4 2 6 13 18 24 4 13 31 4 3 32 8 5 3 9 1 26 13 4 8 12 14 12 7 3 9 8 4 8 2 16 2 6 19.8271118104457855 186.781592795543901 
12 5 12 1 12 8 6 24 10 2 25 10 6 31 12 9 9 11 12 2 11 17 24 5 15 32 2 3.36768017929769181 16 9 1 22 10 9 28 6.96245171630185755 10 6 8 5 19 7 2 3 9 1 18 6 13 31 6 16 22 13 4.94126535182462057 30 1 14 6 9.82524131762891173 19.7389677762985229 186.822134736608433 
10 6 8 17 5.34074699537910114 9 14 32 8 4 6 6 16 25 2 3 24 9 8 21 11 6 1 5 17 8 1 9 25 11 3 24 9 14 30 5 4 22 8 9 2 6 17 30 10 6 18 6 12 5 9 14 32 1 6 18 3 12 1 6.96245171630185755 18.9446080327033997 204.244968593498015 
12 15 11 4 16 8 6 26 3 2 6 2.70999124060388841 5 31 5 14 18 3 6 22 10 3.36768017929769181 1 4 11 23 1 9 13 1 16 12 2 1 3 8 10 26 11 16 2 2 2 30 7 12 9 3 9 1 7 5 20 9 10 19 13 16 16 1 21.9681398868560791 95.6175278665702564 
12 15 11 4 16 8 12 24 11 14 25 1 5 31 5 14 18 3 6 22 10 3.36768017929769181 1 4 17 30 3 9 13 1 18 16 12 1 3 8 10 26 11 16 2 2 2 30 7 12 9 3 9 1 7 5 20 9 10 19 13 16 16 1 21.8895469307899475 97.3332648419480222 
12 15 11 4 16 8 16 24 2 1 32 7 5 31 5 14 18 3 6 22 10 3.36768017929769181 1 4 11 23 1 9 13 1 18 16 12 1 3 8 10 26 11 16 2 2 2 30 7 12 9 3 9 1 7 5 20 9 10 19 13 16 16 1 23.0430590510368347 79.7961779638695816 
12 15 11 4 16 8 18 21 2 15 10 6 5 31 5 14 18 3 6 22 10 3.36768017929769181 1 4 4 15 1 9 13 1 18 16 12 1 3 8 10 26 11 16 2 2 2 30 7 12 9 3 9 1 7 5 20 9 10 19 13 16 16 1 26.9470588564872742 64.9892731874406877 
12 15 11 4 16 8 18 21 2 15 10 6 5 31 5 14 18 3 6 22 10 3.36768017929769181 1 4 11 23 1 9 13 1 18 16 12 1 3 8 10 26 11 16 2 2 2 30 7 12 9 3 9 1 7 5 20 9 10 19 13 16 16 1 27.9769699573516846 63.4761830387236543 

Current Evaluation = 90000000(90000000)
Front Size = 42
12 15 11 4 16 8 6 6 2 14 20 9 5 31 5 14 18 3 6 22 12 3.36768017929769181 1 4 1 24 1 9 13 1 16 15 1 1 3 8 10 26 11 16 2 2 2 30 7 12 17 6 9 1 7 2 30 11 10 19 13 16 16 1 20.4229520559310913 116.249866578901731 
12 15 11 4 16 8 14 24 3 11 12 2 5 31 5 14 18 3 6 22 10 3.36768017929769181 1 4 14 32 6 9 13 1 16 15 1 1 3 8 10 26 11 16 2 2 2 30 7 12 17 6 9 1 7 5 20 9 10 19 13 16 16 1 21.3060129880905151 98.0143814657183583 
12 15 11 4 16 8 3.36768017929769181 25 9 12 26 4 5 31 5 14 18 3 6 22 10 3.36768017929769181 1 4 1 32 1 9 13 1 16 15 1 1 3 8 10 26 11 16 2 2 2 30 7 12 17 6 9 1 7 5 20 9 10 19 13 16 16 1 21.1891229748725891 107.993825131933633 
12 15 11 4 16 8 18 21 2 10 14 2.70999124060388841 5 31 5 14 18 3 6 22 10 3.36768017929769181 1 4 11 23 1 9 13 1 16 15 1 1 3 8 10 26 11 16 2 2 2 30 7 12 17 6 9 1 7 5 20 9 10 19 13 16 16 1 25.1397131681442261 69.8417082504698641 
12 15 11 4 16 8 18 21 2 10 32 4 5 31 5 14 18 3 6 22 10 3.36768017929769181 1 4 11 23 1 9 13 1 16 15 1 1 3 8 10 26 11 16 2 2 2 30 7 12 9 3 9 1 7 5 20 9 10 19 13 16 16 1 24.6004661321640015 70.4420524655025417 
12 15 11 4 16 8 18 21 2 15 32 2 5 31 5 14 18 3 6 22 10 3.36768017929769181 1 4 11 23 1 9 13 1 16 15 1 1 3 8 10 26 11 16 2 2 2 30 7 12 9 3 9 1 7 5 20 9 10 19 13 16 16 1 24.1957690715789795 70.5852755615393619 
12 15 11 4 16 8 18 21 2 1 33 2.70999124060388841 5 31 5 14 18 3 6 22 10 3.36768017929769181 1 4 11 23 1 9 13 1 16 15 1 1 3 8 10 26 11 16 2 2 2 30 7 12 9 3 9 1 7 5 20 9 10 19 13 16 16 1 24.9136390686035156 70.3847271751644712 
12 15 11 4 16 8 4 20 8 1 30 3 5 31 5 14 18 3 6 22 10 3.36768017929769181 1 4 11 23 1 9 13 1 16 15 1 1 3 8 10 26 11 16 2 2 2 30 7 12 9 3 9 1 7 5 20 9 10 19 13 16 16 1 22.0733209848403931 95.0901534648222224 
12 15 11 4 16 8 15 12 2 1 19 2.70999124060388841 5 31 5 14 18 3 6 22 10 3.36768017929769181 1 4 11 23 1 9 13 1 16 15 1 1 3 8 10 26 11 16 2 2 2 30 7 12 9 3 9 1 7 5 20 9 10 19 13 16 16 1 22.3189699649810791 83.4377662048537019 
12 15 11 4 16 8 18 21 2 15 32 9 5 31 5 14 18 3 6 22 10 3.36768017929769181 1 4 11 23 1 9 13 1 18 16 12 1 3 8 10 26 11 16 2 2 2 30 7 12 9 3 9 1 7 5 20 9 10 19 13 16 16 1 25.1446190476417542 68.6451556040285453 
12 15 11 4 16 8 18 21 2 1 32 7 5 31 5 14 18 3 6 22 10 3.36768017929769181 1 4 11 23 1 9 13 1 18 16 12 1 3 8 10 26 11 16 2 2 2 30 7 12 9 3 9 1 7 5 20 9 10 19 13 16 16 1 25.141446053981781 68.9841455962063463 
12 15 11 4 16 8 6 2 2 1 19 5 5 31 5 14 18 3 6 22 10 3.36768017929769181 1 4 16 5.34074699537910114 8 9 13 1 18 16 12 1 3 8 10 26 11 16 2 2 2 30 7 12 9 3 9 1 7 5 20 9 6 25 12 16 16 1 21.8514338731765747 97.615414205706557 
12 15 11 4 16 8 18 21 2 16 32 2 5 31 5 14 18 3 6 22 10 3.36768017929769181 1 4 11 23 1 9 13 1 18 16 12 1 3 8 10 26 11 16 2 2 2 30 7 12 9 3 9 1 7 5 20 9 10 19 13 16 16 1 25.2693980932235718 67.2308481794742647 
12 15 11 4 16 8 1 6 2 15 25 10 5 31 5 14 18 3 6 22 10 3.36768017929769181 1 4 11 23 1 9 13 1 18 16 12 1 3 8 10 26 11 16 2 2 2 30 7 12 9 3 9 1 7 5 20 9 13 32 2 16 16 1 22.2032568454742432 92.4389264811003528 
12 15 11 4 16 8 18 21 2 15 10 6 5 31 5 14 18 3 6 22 10 3.36768017929769181 1 4 11 23 1 9 13 1 18 16 12 1 3 8 10 26 11 16 2 2 17 30 5 12 9 3 9 1 7 5 20 9 10 19 13 16 16 1 27.8597089648246765 64.940324547817454 
12 15 11 4 16 8 4 24 5 15 26 8 5 31 5 14 18 3 6 22 10 3.36768017929769181 1 4 15 5.34074699537910114 4 9 13 1 1 18 6 1 3 8 15 32 9 16 2 2 2 30 7 12 9 3 9 1 7 5 20 9 10 19 13 16 16 1 20.3234758973121643 157.434024248398657 
12 15 11 4 16 8 15 24 9 16 32 4 5 31 5 14 18 3 6 22 10 3.36768017929769181 1 4 11 23 1 9 13 1 18 16 12 1 3 8 10 26 11 16 2 2 2 30 7 12 9 3 9 1 7 5 20 9 10 19 13 16 16 1 22.9672180414199829 83.022704775694919 
12 15 11 4 16 8 18 21 2 16 24 2 5 31 5 14 18 3 6 22 10 3.36768017929769181 1 4 4 31 6 9 13 1 18 16 12 1 3 8 10 26 11 16 2 2 2 30 7 12 9 3 9 1 7 5 20 9 10 19 13 16 16 1 24.0733789205551147 72.1890325412392428 
12 19 11 4 12 5 4 28 5 16 32 2.70999124060388841 5 1 2 16 3 8 1 22 9 15 14 11 9.25570237641795579 6 11 9 15 3 4.94126535182462057 32 10 8 24 9.82524131762891173 2 18 7 14 12 1 2 32 2 1 31 13 17.8244721320812971 5 1 13 16 13 17 15 7.75241283629571765 4 6 11 19.0577268004417419 195.746632400966774 
12 3 5 11 5.34074699537910114 6.96245171630185755 9 20 11 17 31 5 14 30 8 4.94126535182462057 18 13 15 1 9 14 1 9.82524131762891173 10 14 2 9 15 1 3 3 3 8 8 7 15 25 7 6 6 13.151007650947605 10.3494946964094545 7 11 4 26 7 6 12 7 6 32 12 6 1 9 17 18 1.44943743604301667 19.0431577861309052 196.105143772636012 
12 15 11 4 16 8 16 25 2 1 24 13 5 31 5 14 18 3 6 22 10 3.36768017929769181 1 4 11 23 1 9 13 1 18 16 12 1 3 8 10 26 11 16 2 2 2 30 7 12 9 3 9 1 7 5 20 9 10 19 13 16 16 1 23.2087810039520264 75.8104775435606086 
12 15 11 4 16 8 18 21 2 1 32 4 5 31 5 14 18 3 6 22 10 3.36768017929769181 1 4 11 23 1 9 13 1 18 16 12 1 3 8 10 26 11 16 2 2 2 30 7 12 9 3 9 1 7 5 20 9 10 19 13 16 16 1 25.1214460730552673 70.1449980506447162 
12 15 11 4 16 8 18 21 2 15 10 6 5 31 9 14 18 3 6 22 10 3.36768017929769181 1 4 11 23 1 9 13 1 18 16 12 1 3 8 10 26 11 16 2 2 2 30 7 12 9 3 9 1 7 5 20 9 10 19 13 16 16 1 27.8869458436965942 64.3874416567306582 
12 15 11 4 16 8 14 5 3 15 1 10 5 31 5 14 18 3 6 22 10 3.36768017929769181 1 4 1 6 5 9 13 1 17 1 12 1 5.34074699537910114 9 10 26 11 16 2 2 2 30 7 12 9 3 9 1 7 5 20 9 10 19 13 16 16 1 20.3303648829460144 136.677082868638877 
12 15 11 4 16 8 18 21 2 16 24 2.70999124060388841 5 31 5 14 18 3 6 22 10 3.36768017929769181 1 4 11 23 1 9 13 1 18 16 12 1 3 8 10 26 11 16 2 2 2 30 7 12 9 3 9 1 7 5 20 9 10 19 13 16 16 1 25.2561280727386475 68.6030789573552653 
12 15 11 4 16 8 1 25 11 12 25 8 5 31 5 14 18 3 6 22 10 3.36768017929769181 1 4 3 20 11 16 20 2 1 32 13 1 3 8 8 6 12 16 2 2 2 30 7 12 9 3 9 1 7 5 20 9 10 19 13 16 16 1 19.9039750695228577 165.135876278615541 
12 15 11 4 16 8 1 6 2.70999124060388841 10 2 2 5 31 5 14 18 3 6 22 10 3.36768017929769181 1 4 11 23 1 9 13 1 18 16 12 1 3 8 10 26 11 16 2 2 2 30 7 12 9 3 9 1 7 5 20 9 10 19 13 16 16 1 23.8348469734191895 72.9315336318186382 
12 15 11 4 16 8 14 24 4 16 12 2.70999124060388841 5 31 5 14 18 3 6 22 10 3.36768017929769181 1 4 11 23 1 9 13 1 18 16 12 1 3 8 10 26 11 16 2 2 2 30 7 12 9 3 9 1 7 5 20 9 10 19 13 16 16 1 22.8507809340953827 83.2915347490977638 
12 15 11 4 16 8 18 21 2 16 2 2 5 31 5 14 18 3 6 22 10 3.36768017929769181 1 4 11 23 1 9 13 1 18 16 12 1 3 8 10 26 11 16 2 2 2 30 7 12 9 3 9 1 7 5 20 9 10 19 13 16 16 1 25.5780370235443115 66.4324668836322587 
12 1 3 6 31 9 13 22 12 3 15 12 5 5.34074699537910114 4 15 30 5 12 25 9 3 2 11 16 18 4 2 6 13 18 24 4 13 31 4 3 32 8 5 3 9 1 26 13 4 8 12 14 12 7 3 9 8 4 8 2 16 2 6 19.8271118104457855 186.781592795543901 
12 5 12 1 12 8 6 24 10 2 25 10 6 31 12 9 9 11 12 2 11 17 24 5 15 32 2 3.36768017929769181 16 9 1 22 10 9 28 6.96245171630185755 10 6 8 5 19 7 2 3 9 1 18 6 13 31 6 16 22 13 4.94126535182462057 30 1 14 6 9.82524131762891173 19.7389677762985229 186.822134736608433 
12 15 11 4 16 8 6 26 3 2 6 2.70999124060388841 5 31 5 14 18 3 6 22 10 3.36768017929769181 1 4 11 23 1 9 13 1 16 12 2 1 3 8 10 26 11 16 2 2 2 30 7 12 9 3 9 1 7 5 20 9 10 19 13 16 16 1 21.9681398868560791 95.6175278665702564 
12 15 11 4 16 8 12 24 11 14 25 1 5 31 5 14 18 3 6 22 10 3.36768017929769181 1 4 17 30 3 9 13 1 18 16 12 1 3 8 10 26 11 16 2 2 2 30 7 12 9 3 9 1 7 5 20 9 10 19 13 16 16 1 21.8895469307899475 97.3332648419480222 
12 15 11 4 16 8 16 24 2 1 32 7 5 31 5 14 18 3 6 22 10 3.36768017929769181 1 4 11 23 1 9 13 1 18 16 12 1 3 8 10 26 11 16 2 2 2 30 7 12 9 3 9 1 7 5 20 9 10 19 13 16 16 1 23.0430590510368347 79.7961779638695816 
12 15 11 4 16 8 18 21 2 15 10 6 5 31 5 14 18 3 6 22 10 3.36768017929769181 1 4 4 15 1 9 13 1 18 16 12 1 3 8 10 26 11 16 2 2 2 30 7 12 9 3 9 1 7 5 20 9 10 19 13 16 16 1 26.9470588564872742 64.9892731874406877 
12 15 11 4 16 8 18 21 2 15 10 6 5 31 5 14 18 3 6 22 10 3.36768017929769181 1 4 11 23 1 9 13 1 18 16 12 1 3 8 10 26 11 16 2 2 2 30 7 12 9 3 9 1 7 5 20 9 10 19 13 16 16 1 27.9769699573516846 63.4761830387236543 
12 15 11 4 16 8 16 5.34074699537910114 2 2 1 6 5 31 5 14 18 3 6 22 10 3.36768017929769181 1 4 6 25 7 9 13 1 18 16 12 1 3 8 10 26 11 16 2 2 2 30 7 12 9 3 9 1 7 5 20 9 10 19 13 16 16 1 22.2597988843917847 92.0567732090063799 
12 15 11 4 16 8 1 25 10 12 24 2 5 31 5 14 18 3 6 22 10 3.36768017929769181 1 4 4 18 10 9 13 1 18 16 12 1 3 8 10 26 11 16 2 2 2 30 7 12 9 3 9 1 7 5 20 9 6 12 7 16 16 1 21.1837478280067444 109.950745309806308 
12 26 7 4 25 2.70999124060388841 1 30 8 6 16 4 4 26 5 16 5 13 14 23 9 3 6 9 1 8 8 6 18 13 15 2 13 9.25570237641795579 6 11 12 26 9 15 12 7 4.94126535182462057 26 9 14 26 7 6 19 12 13 16 10 1 3 8 13.2195649013323386 5 13 17.5142076313495636 200.55602551043728 
16 23 13 16 12 1 12 26 7 14 24 13 4 28 4 2 13 11 17 15 10 3.36768017929769181 24 8 16 30 7 9.25570237641795579 15 3 10 11 4 13 22 10 2 25 2 12 6 1 4.94126535182462057 19 7 14 24 8 14 14 4 3 18 8 13 9 4 1 8 9 19.3322688341140747 193.316666013724841 
12 15 11 4 16 8 18 21 2 16 33 2.70999124060388841 5 31 5 14 18 3 6 22 10 3.36768017929769181 1 4 11 23 1 9 13 1 18 16 12 1 3 8 10 26 11 16 2 2 2 30 7 12 9 3 9 1 7 5 20 9 10 19 13 16 16 1 26.0384650230407715 65.8297412456248736 
12 15 11 4 16 8 18 21 2 15 32 6 5 31 5 14 18 3 6 22 10 3.36768017929769181 1 4 11 23 1 9 13 1 18 16 12 1 3 8 10 26 11 16 2 2 2 30 7 12 9 3 9 1 7 5 20 9 10 19 13 16 16 1 25.3126430511474609 67.0792750715466468 

Current Evaluation = 100000000(100000000)
Front Size = 41
12 15 11 4 16 8 6 6 2 14 20 9 5 31 5 14 18 3 6 22 12 3.36768017929769181 1 4 1 24 1 9 13 1 16 15 1 1 3 8 10 26 11 16 2 2 2 30 7 12 17 6 9 1 7 2 30 11 10 19 13 16 16 1 20.4229520559310913 116.249866578901731 
12 15 11 4 16 8 14 24 3 11 12 2 5 31 5 14 18 3 6 22 10 3.36768017929769181 1 4 14 32 6 9 13 1 16 15 1 1 3 8 10 26 11 16 2 2 2 30 7 12 17 6 9 1 7 5 20 9 10 19 13 16 16 1 21.3060129880905151 98.0143814657183583 
12 15 11 4 16 8 3.36768017929769181 25 9 12 26 4 5 31 5 14 18 3 6 22 10 3.36768017929769181 1 4 1 32 1 9 13 1 16 15 1 1 3 8 10 26 11 16 2 2 2 30 7 12 17 6 9 1 7 5 20 9 10 19 13 16 16 1 21.1891229748725891 107.993825131933633 
12 15 11 4 16 8 18 21 2 10 14 2.70999124060388841 5 31 5 14 18 3 6 22 10 3.36768017929769181 1 4 11 23 1 9 13 1 16 15 1 1 3 8 10 26 11 16 2 2 2 30 7 12 17 6 9 1 7 5 20 9 10 19 13 16 16 1 25.1397131681442261 69.8417082504698641 
12 15 11 4 16 8 18 21 2 10 32 4 5 31 5 14 18 3 6 22 10 3.36768017929769181 1 4 11 23 1 9 13 1 16 15 1 1 3 8 10 26 11 16 2 2 2 30 7 12 9 3 9 1 7 5 20 9 10 19 13 16 16 1 24.6004661321640015 70.4420524655025417 
12 15 11 4 16 8 18 21 2 15 32 2 5 31 5 14 18 3 6 22 10 3.36768017929769181 1 4 11 23 1 9 13 1 16 15 1 1 3 8 10 26 11 16 2 2 2 30 7 12 9 3 9 1 7 5 20 9 10 19 13 16 16 1 24.1957690715789795 70.5852755615393619 
12 15 11 4 16 8 18 21 2 1 33 2.70999124060388841 5 31 5 14 18 3 6 22 10 3.36768017929769181 1 4 11 23 1 9 13 1 16 15 1 1 3 8 10 26 11 16 2 2 2 30 7 12 9 3 9 1 7 5 20 9 10 19 13 16 16 1 24.9136390686035156 70.3847271751644712 
12 15 11 4 16 8 4 20 8 1 30 3 5 31 5 14 18 3 6 22 10 3.36768017929769181 1 4 11 23 1 9 13 1 16 15 1 1 3 8 10 26 11 16 2 2 2 30 7 12 9 3 9 1 7 5 20 9 10 19 13 16 16 1 22.0733209848403931 95.0901534648222224 
12 15 11 4 16 8 15 12 2 1 19 2.70999124060388841 5 31 5 14 18 3 6 22 10 3.36768017929769181 1 4 11 23 1 9 13 1 16 15 1 1 3 8 10 26 11 16 2 2 2 30 7 12 9 3 9 1 7 5 20 9 10 19 13 16 16 1 22.3189699649810791 83.4377662048537019 
12 15 11 4 16 8 18 21 2 15 32 9 5 31 5 14 18 3 6 22 10 3.36768017929769181 1 4 11 23 1 9 13 1 18 16 12 1 3 8 10 26 11 16 2 2 2 30 7 12 9 3 9 1 7 5 20 9 10 19 13 16 16 1 25.1446190476417542 68.6451556040285453 
12 15 11 4 16 8 18 21 2 1 32 7 5 31 5 14 18 3 6 22 10 3.36768017929769181 1 4 11 23 1 9 13 1 18 16 12 1 3 8 10 26 11 16 2 2 2 30 7 12 9 3 9 1 7 5 20 9 10 19 13 16 16 1 25.141446053981781 68.9841455962063463 
12 15 11 4 16 8 6 2 2 1 19 5 5 31 5 14 18 3 6 22 10 3.36768017929769181 1 4 16 5.34074699537910114 8 9 13 1 18 16 12 1 3 8 10 26 11 16 2 2 2 30 7 12 9 3 9 1 7 5 20 9 6 25 12 16 16 1 21.8514338731765747 97.615414205706557 
12 15 11 4 16 8 18 21 2 16 32 2 5 31 5 14 18 3 6 22 10 3.36768017929769181 1 4 11 23 1 9 13 1 18 16 12 1 3 8 10 26 11 16 2 2 2 30 7 12 9 3 9 1 7 5 20 9 10 19 13 16 16 1 25.2693980932235718 67.2308481794742647 
12 15 11 4 16 8 1 6 2 15 25 10 5 31 5 14 18 3 6 22 10 3.36768017929769181 1 4 11 23 1 9 13 1 18 16 12 1 3 8 10 26 11 16 2 2 2 30 7 12 9 3 9 1 7 5 20 9 13 32 2 16 16 1 22.2032568454742432 92.4389264811003528 
12 15 11 4 16 8 18 21 2 15 10 6 5 31 5 14 18 3 6 22 10 3.36768017929769181 1 4 11 23 1 9 13 1 18 16 12 1 3 8 10 26 11 16 2 2 17 30 5 12 9 3 9 1 7 5 20 9 10 19 13 16 16 1 27.8597089648246765 64.940324547817454 
12 15 11 4 16 8 15 24 9 16 32 4 5 31 5 14 18 3 6 22 10 3.36768017929769181 1 4 11 23 1 9 13 1 18 16 12 1 3 8 10 26 11 16 2 2 2 30 7 12 9 3 9 1 7 5 20 9 10 19 13 16 16 1 22.9672180414199829 83.022704775694919 
12 15 11 4 16 8 18 21 2 16 24 2 5 31 5 14 18 3 6 22 10 3.36768017929769181 1 4 4 31 6 9 13 1 18 16 12 1 3 8 10 26 11 16 2 2 2 30 7 12 9 3 9 1 7 5 20 9 10 19 13 16 16 1 24.0733789205551147 72.1890325412392428 
12 15 11 4 16 8 16 25 2 1 24 13 5 31 5 14 18 3 6 22 10 3.36768017929769181 1 4 11 23 1 9 13 1 18 16 12 1 3 8 10 26 11 16 2 2 2 30 7 12 9 3 9 1 7 5 20 9 10 19 13 16 16 1 23.2087810039520264 75.8104775435606086 
12 15 11 4 16 8 18 21 2 1 32 4 5 31 5 14 18 3 6 22 10 3.36768017929769181 1 4 11 23 1 9 13 1 18 16 12 1 3 8 10 26 11 16 2 2 2 30 7 12 9 3 9 1 7 5 20 9 10 19 13 16 16 1 25.1214460730552673 70.1449980506447162 
12 15 11 4 16 8 18 21 2 15 10 6 5 31 9 14 18 3 6 22 10 3.36768017929769181 1 4 11 23 1 9 13 1 18 16 12 1 3 8 10 26 11 16 2 2 2 30 7 12 9 3 9 1 7 5 20 9 10 19 13 16 16 1 27.8869458436965942 64.3874416567306582 
12 15 11 4 16 8 14 5 3 15 1 10 5 31 5 14 18 3 6 22 10 3.36768017929769181 1 4 1 6 5 9 13 1 17 1 12 1 5.34074699537910114 9 10 26 11 16 2 2 2 30 7 12 9 3 9 1 7 5 20 9 10 19 13 16 16 1 20.3303648829460144 136.677082868638877 
12 15 11 4 16 8 18 21 2 16 24 2.70999124060388841 5 31 5 14 18 3 6 22 10 3.36768017929769181 1 4 11 23 1 9 13 1 18 16 12 1 3 8 10 26 11 16 2 2 2 30 7 12 9 3 9 1 7 5 20 9 10 19 13 16 16 1 25.2561280727386475 68.6030789573552653 
12 15 11 4 16 8 1 25 11 12 25 8 5 31 5 14 18 3 6 22 10 3.36768017929769181 1 4 3 20 11 16 20 2 1 32 13 1 3 8 8 6 12 16 2 2 2 30 7 12 9 3 9 1 7 5 20 9 10 19 13 16 16 1 19.9039750695228577 165.135876278615541 
12 15 11 4 16 8 1 6 2.70999124060388841 10 2 2 5 31 5 14 18 3 6 22 10 3.36768017929769181 1 4 11 23 1 9 13 1 18 16 12 1 3 8 10 26 11 16 2 2 2 30 7 12 9 3 9 1 7 5 20 9 10 19 13 16 16 1 23.8348469734191895 72.9315336318186382 
12 15 11 4 16 8 14 24 4 16 12 2.70999124060388841 5 31 5 14 18 3 6 22 10 3.36768017929769181 1 4 11 23 1 9 13 1 18 16 12 1 3 8 10 26 11 16 2 2 2 30 7 12 9 3 9 1 7 5 20 9 10 19 13 16 16 1 22.8507809340953827 83.2915347490977638 
12 15 11 4 16 8 18 21 2 16 2 2 5 31 5 14 18 3 6 22 10 3.36768017929769181 1 4 11 23 1 9 13 1 18 16 12 1 3 8 10 26 11 16 2 2 2 30 7 12 9 3 9 1 7 5 20 9 10 19 13 16 16 1 25.5780370235443115 66.4324668836322587 
12 1 3 6 31 9 13 22 12 3 15 12 5 5.34074699537910114 4 15 30 5 12 25 9 3 2 11 16 18 4 2 6 13 18 24 4 13 31 4 3 32 8 5 3 9 1 26 13 4 8 12 14 12 7 3 9 8 4 8 2 16 2 6 19.8271118104457855 186.781592795543901 
12 5 12 1 12 8 6 24 10 2 25 10 6 31 12 9 9 11 12 2 11 17 24 5 15 32 2 3.36768017929769181 16 9 1 22 10 9 28 6.96245171630185755 10 6 8 5 19 7 2 3 9 1 18 6 13 31 6 16 22 13 4.94126535182462057 30 1 14 6 9.82524131762891173 19.7389677762985229 186.822134736608433 
12 15 11 4 16 8 6 26 3 2 6 2.70999124060388841 5 31 5 14 18 3 6 22 10 3.36768017929769181 1 4 11 23 1 9 13 1 16 12 2 1 3 8 10 26 11 16 2 2 2 30 7 12 9 3 9 1 7 5 20 9 10 19 13 16 16 1 21.9681398868560791 95.6175278665702564 
12 15 11 4 16 8 12 24 11 14 25 1 5 31 5 14 18 3 6 22 10 3.36768017929769181 1 4 17 30 3 9 13 1 18 16 12 1 3 8 10 26 11 16 2 2 2 30 7 12 9 3 9 1 7 5 20 9 10 19 13 16 16 1 21.8895469307899475 97.3332648419480222 
12 15 11 4 16 8 16 24 2 1 32 7 5 31 5 14 18 3 6 22 10 3.36768017929769181 1 4 11 23 1 9 13 1 18 16 12 1 3 8 10 26 11 16 2 2 2 30 7 12 9 3 9 1 7 5 20 9 10 19 13 16 16 1 23.0430590510368347 79.7961779638695816 
12 15 11 4 16 8 18 21 2 15 10 6 5 31 5 14 18 3 6 22 10 3.36768017929769181 1 4 4 15 1 9 13 1 18 16 12 1 3 8 10 26 11 16 2 2 2 30 7 12 9 3 9 1 7 5 20 9 10 19 13 16 16 1 26.9470588564872742 64.9892731874406877 
12 15 11 4 16 8 18 21 2 15 10 6 5 31 5 14 18 3 6 22 10 3.36768017929769181 1 4 11 23 1 9 13 1 18 16 12 1 3 8 10 26 11 16 2 2 2 30 7 12 9 3 9 1 7 5 20 9 10 19 13 16 16 1 27.9769699573516846 63.4761830387236543 
12 15 11 4 16 8 16 5.34074699537910114 2 2 1 6 5 31 5 14 18 3 6 22 10 3.36768017929769181 1 4 6 25 7 9 13 1 18 16 12 1 3 8 10 26 11 16 2 2 2 30 7 12 9 3 9 1 7 5 20 9 10 19 13 16 16 1 22.2597988843917847 92.0567732090063799 
12 15 11 4 16 8 1 25 10 12 24 2 5 31 5 14 18 3 6 22 10 3.36768017929769181 1 4 4 18 10 9 13 1 18 16 12 1 3 8 10 26 11 16 2 2 2 30 7 12 9 3 9 1 7 5 20 9 6 12 7 16 16 1 21.1837478280067444 109.950745309806308 
12 26 7 4 25 2.70999124060388841 1 30 8 6 16 4 4 26 5 16 5 13 14 23 9 3 6 9 1 8 8 6 18 13 15 2 13 9.25570237641795579 6 11 12 26 9 15 12 7 4.94126535182462057 26 9 14 26 7 6 19 12 13 16 10 1 3 8 13.2195649013323386 5 13 17.5142076313495636 200.55602551043728 
12 15 11 4 16 8 18 21 2 16 33 2.70999124060388841 5 31 5 14 18 3 6 22 10 3.36768017929769181 1 4 11 23 1 9 13 1 18 16 12 1 3 8 10 26 11 16 2 2 2 30 7 12 9 3 9 1 7 5 20 9 10 19 13 16 16 1 26.0384650230407715 65.8297412456248736 
12 15 11 4 16 8 18 21 2 15 32 6 5 31 5 14 18 3 6 22 10 3.36768017929769181 1 4 11 23 1 9 13 1 18 16 12 1 3 8 10 26 11 16 2 2 2 30 7 12 9 3 9 1 7 5 20 9 10 19 13 16 16 1 25.3126430511474609 67.0792750715466468 
14 18 2.70999124060388841 15 15 13 14 18 13 12 1 3 16 12 2 14 1 1 14 1 2 13 30 1 9.25570237641795579 15 6 15 16 7 3 24 3 4.94126535182462057 24 4 6 24 10 6 16 8 15 32 2 2 1 3 14 6 6 10 32 7 3 31 9.82524131762891173 3 14 8 16.8657628297805786 232.678168401233023 
18 12 2.70999124060388841 2 29 4 9 1 7 1 5 6.96245171630185755 13 15 3.84646942076222631 13 30 11 1 12 2 14 6 6 6 24 4 16 19 4 14 16 8 13 15 9.82524131762891173 3 20 13 17 9 2 16 2 8 1 31 6 16 26 13 1 31.8448655754823804 7 9 13 9 14 11 11 18.6027786731719971 192.212494210770103 
12 15 11 4 16 8 14 6 5 3.36768017929769181 15 2 5 31 5 14 18 3 6 22 10 3.36768017929769181 1 4 12 25 2 9 13 1 13 13 4 1 3 8 10 26 11 16 2 2 2 30 7 12 9 3 9 1 7 5 20 9 8 31 3 16 16 1 20.127282977104187 138.041107499545518 

MOEA/D: Multiobjective Evolutionary Algorithm Based on Decomposition
Number of Evaluations = 100000000
Mutation Probability = 0.0500000007450580597
Population Size = 25
Neighborhood size = 8
Seed: 13

Time =  229614.639468000008

Current Evaluation = 100000000
Front Size = 41
12 15 11 4 16 8 6 6 2 14 20 9 5 31 5 14 18 3 6 22 12 3.36768017929769181 1 4 1 24 1 9 13 1 16 15 1 1 3 8 10 26 11 16 2 2 2 30 7 12 17 6 9 1 7 2 30 11 10 19 13 16 16 1 20.4229520559310913 116.249866578901731 
12 15 11 4 16 8 14 24 3 11 12 2 5 31 5 14 18 3 6 22 10 3.36768017929769181 1 4 14 32 6 9 13 1 16 15 1 1 3 8 10 26 11 16 2 2 2 30 7 12 17 6 9 1 7 5 20 9 10 19 13 16 16 1 21.3060129880905151 98.0143814657183583 
12 15 11 4 16 8 3.36768017929769181 25 9 12 26 4 5 31 5 14 18 3 6 22 10 3.36768017929769181 1 4 1 32 1 9 13 1 16 15 1 1 3 8 10 26 11 16 2 2 2 30 7 12 17 6 9 1 7 5 20 9 10 19 13 16 16 1 21.1891229748725891 107.993825131933633 
12 15 11 4 16 8 18 21 2 10 14 2.70999124060388841 5 31 5 14 18 3 6 22 10 3.36768017929769181 1 4 11 23 1 9 13 1 16 15 1 1 3 8 10 26 11 16 2 2 2 30 7 12 17 6 9 1 7 5 20 9 10 19 13 16 16 1 25.1397131681442261 69.8417082504698641 
12 15 11 4 16 8 18 21 2 10 32 4 5 31 5 14 18 3 6 22 10 3.36768017929769181 1 4 11 23 1 9 13 1 16 15 1 1 3 8 10 26 11 16 2 2 2 30 7 12 9 3 9 1 7 5 20 9 10 19 13 16 16 1 24.6004661321640015 70.4420524655025417 
12 15 11 4 16 8 18 21 2 15 32 2 5 31 5 14 18 3 6 22 10 3.36768017929769181 1 4 11 23 1 9 13 1 16 15 1 1 3 8 10 26 11 16 2 2 2 30 7 12 9 3 9 1 7 5 20 9 10 19 13 16 16 1 24.1957690715789795 70.5852755615393619 
12 15 11 4 16 8 18 21 2 1 33 2.70999124060388841 5 31 5 14 18 3 6 22 10 3.36768017929769181 1 4 11 23 1 9 13 1 16 15 1 1 3 8 10 26 11 16 2 2 2 30 7 12 9 3 9 1 7 5 20 9 10 19 13 16 16 1 24.9136390686035156 70.3847271751644712 
12 15 11 4 16 8 4 20 8 1 30 3 5 31 5 14 18 3 6 22 10 3.36768017929769181 1 4 11 23 1 9 13 1 16 15 1 1 3 8 10 26 11 16 2 2 2 30 7 12 9 3 9 1 7 5 20 9 10 19 13 16 16 1 22.0733209848403931 95.0901534648222224 
12 15 11 4 16 8 15 12 2 1 19 2.70999124060388841 5 31 5 14 18 3 6 22 10 3.36768017929769181 1 4 11 23 1 9 13 1 16 15 1 1 3 8 10 26 11 16 2 2 2 30 7 12 9 3 9 1 7 5 20 9 10 19 13 16 16 1 22.3189699649810791 83.4377662048537019 
12 15 11 4 16 8 18 21 2 15 32 9 5 31 5 14 18 3 6 22 10 3.36768017929769181 1 4 11 23 1 9 13 1 18 16 12 1 3 8 10 26 11 16 2 2 2 30 7 12 9 3 9 1 7 5 20 9 10 19 13 16 16 1 25.1446190476417542 68.6451556040285453 
12 15 11 4 16 8 18 21 2 1 32 7 5 31 5 14 18 3 6 22 10 3.36768017929769181 1 4 11 23 1 9 13 1 18 16 12 1 3 8 10 26 11 16 2 2 2 30 7 12 9 3 9 1 7 5 20 9 10 19 13 16 16 1 25.141446053981781 68.9841455962063463 
12 15 11 4 16 8 6 2 2 1 19 5 5 31 5 14 18 3 6 22 10 3.36768017929769181 1 4 16 5.34074699537910114 8 9 13 1 18 16 12 1 3 8 10 26 11 16 2 2 2 30 7 12 9 3 9 1 7 5 20 9 6 25 12 16 16 1 21.8514338731765747 97.615414205706557 
12 15 11 4 16 8 18 21 2 16 32 2 5 31 5 14 18 3 6 22 10 3.36768017929769181 1 4 11 23 1 9 13 1 18 16 12 1 3 8 10 26 11 16 2 2 2 30 7 12 9 3 9 1 7 5 20 9 10 19 13 16 16 1 25.2693980932235718 67.2308481794742647 
12 15 11 4 16 8 1 6 2 15 25 10 5 31 5 14 18 3 6 22 10 3.36768017929769181 1 4 11 23 1 9 13 1 18 16 12 1 3 8 10 26 11 16 2 2 2 30 7 12 9 3 9 1 7 5 20 9 13 32 2 16 16 1 22.2032568454742432 92.4389264811003528 
12 15 11 4 16 8 18 21 2 15 10 6 5 31 5 14 18 3 6 22 10 3.36768017929769181 1 4 11 23 1 9 13 1 18 16 12 1 3 8 10 26 11 16 2 2 17 30 5 12 9 3 9 1 7 5 20 9 10 19 13 16 16 1 27.8597089648246765 64.940324547817454 
12 15 11 4 16 8 15 24 9 16 32 4 5 31 5 14 18 3 6 22 10 3.36768017929769181 1 4 11 23 1 9 13 1 18 16 12 1 3 8 10 26 11 16 2 2 2 30 7 12 9 3 9 1 7 5 20 9 10 19 13 16 16 1 22.9672180414199829 83.022704775694919 
12 15 11 4 16 8 18 21 2 16 24 2 5 31 5 14 18 3 6 22 10 3.36768017929769181 1 4 4 31 6 9 13 1 18 16 12 1 3 8 10 26 11 16 2 2 2 30 7 12 9 3 9 1 7 5 20 9 10 19 13 16 16 1 24.0733789205551147 72.1890325412392428 
12 15 11 4 16 8 16 25 2 1 24 13 5 31 5 14 18 3 6 22 10 3.36768017929769181 1 4 11 23 1 9 13 1 18 16 12 1 3 8 10 26 11 16 2 2 2 30 7 12 9 3 9 1 7 5 20 9 10 19 13 16 16 1 23.2087810039520264 75.8104775435606086 
12 15 11 4 16 8 18 21 2 1 32 4 5 31 5 14 18 3 6 22 10 3.36768017929769181 1 4 11 23 1 9 13 1 18 16 12 1 3 8 10 26 11 16 2 2 2 30 7 12 9 3 9 1 7 5 20 9 10 19 13 16 16 1 25.1214460730552673 70.1449980506447162 
12 15 11 4 16 8 18 21 2 15 10 6 5 31 9 14 18 3 6 22 10 3.36768017929769181 1 4 11 23 1 9 13 1 18 16 12 1 3 8 10 26 11 16 2 2 2 30 7 12 9 3 9 1 7 5 20 9 10 19 13 16 16 1 27.8869458436965942 64.3874416567306582 
12 15 11 4 16 8 14 5 3 15 1 10 5 31 5 14 18 3 6 22 10 3.36768017929769181 1 4 1 6 5 9 13 1 17 1 12 1 5.34074699537910114 9 10 26 11 16 2 2 2 30 7 12 9 3 9 1 7 5 20 9 10 19 13 16 16 1 20.3303648829460144 136.677082868638877 
12 15 11 4 16 8 18 21 2 16 24 2.70999124060388841 5 31 5 14 18 3 6 22 10 3.36768017929769181 1 4 11 23 1 9 13 1 18 16 12 1 3 8 10 26 11 16 2 2 2 30 7 12 9 3 9 1 7 5 20 9 10 19 13 16 16 1 25.2561280727386475 68.6030789573552653 
12 15 11 4 16 8 1 25 11 12 25 8 5 31 5 14 18 3 6 22 10 3.36768017929769181 1 4 3 20 11 16 20 2 1 32 13 1 3 8 8 6 12 16 2 2 2 30 7 12 9 3 9 1 7 5 20 9 10 19 13 16 16 1 19.9039750695228577 165.135876278615541 
12 15 11 4 16 8 1 6 2.70999124060388841 10 2 2 5 31 5 14 18 3 6 22 10 3.36768017929769181 1 4 11 23 1 9 13 1 18 16 12 1 3 8 10 26 11 16 2 2 2 30 7 12 9 3 9 1 7 5 20 9 10 19 13 16 16 1 23.8348469734191895 72.9315336318186382 
12 15 11 4 16 8 14 24 4 16 12 2.70999124060388841 5 31 5 14 18 3 6 22 10 3.36768017929769181 1 4 11 23 1 9 13 1 18 16 12 1 3 8 10 26 11 16 2 2 2 30 7 12 9 3 9 1 7 5 20 9 10 19 13 16 16 1 22.8507809340953827 83.2915347490977638 
12 15 11 4 16 8 18 21 2 16 2 2 5 31 5 14 18 3 6 22 10 3.36768017929769181 1 4 11 23 1 9 13 1 18 16 12 1 3 8 10 26 11 16 2 2 2 30 7 12 9 3 9 1 7 5 20 9 10 19 13 16 16 1 25.5780370235443115 66.4324668836322587 
12 1 3 6 31 9 13 22 12 3 15 12 5 5.34074699537910114 4 15 30 5 12 25 9 3 2 11 16 18 4 2 6 13 18 24 4 13 31 4 3 32 8 5 3 9 1 26 13 4 8 12 14 12 7 3 9 8 4 8 2 16 2 6 19.8271118104457855 186.781592795543901 
12 5 12 1 12 8 6 24 10 2 25 10 6 31 12 9 9 11 12 2 11 17 24 5 15 32 2 3.36768017929769181 16 9 1 22 10 9 28 6.96245171630185755 10 6 8 5 19 7 2 3 9 1 18 6 13 31 6 16 22 13 4.94126535182462057 30 1 14 6 9.82524131762891173 19.7389677762985229 186.822134736608433 
12 15 11 4 16 8 6 26 3 2 6 2.70999124060388841 5 31 5 14 18 3 6 22 10 3.36768017929769181 1 4 11 23 1 9 13 1 16 12 2 1 3 8 10 26 11 16 2 2 2 30 7 12 9 3 9 1 7 5 20 9 10 19 13 16 16 1 21.9681398868560791 95.6175278665702564 
12 15 11 4 16 8 12 24 11 14 25 1 5 31 5 14 18 3 6 22 10 3.36768017929769181 1 4 17 30 3 9 13 1 18 16 12 1 3 8 10 26 11 16 2 2 2 30 7 12 9 3 9 1 7 5 20 9 10 19 13 16 16 1 21.8895469307899475 97.3332648419480222 
12 15 11 4 16 8 16 24 2 1 32 7 5 31 5 14 18 3 6 22 10 3.36768017929769181 1 4 11 23 1 9 13 1 18 16 12 1 3 8 10 26 11 16 2 2 2 30 7 12 9 3 9 1 7 5 20 9 10 19 13 16 16 1 23.0430590510368347 79.7961779638695816 
12 15 11 4 16 8 18 21 2 15 10 6 5 31 5 14 18 3 6 22 10 3.36768017929769181 1 4 4 15 1 9 13 1 18 16 12 1 3 8 10 26 11 16 2 2 2 30 7 12 9 3 9 1 7 5 20 9 10 19 13 16 16 1 26.9470588564872742 64.9892731874406877 
12 15 11 4 16 8 18 21 2 15 10 6 5 31 5 14 18 3 6 22 10 3.36768017929769181 1 4 11 23 1 9 13 1 18 16 12 1 3 8 10 26 11 16 2 2 2 30 7 12 9 3 9 1 7 5 20 9 10 19 13 16 16 1 27.9769699573516846 63.4761830387236543 
12 15 11 4 16 8 16 5.34074699537910114 2 2 1 6 5 31 5 14 18 3 6 22 10 3.36768017929769181 1 4 6 25 7 9 13 1 18 16 12 1 3 8 10 26 11 16 2 2 2 30 7 12 9 3 9 1 7 5 20 9 10 19 13 16 16 1 22.2597988843917847 92.0567732090063799 
12 15 11 4 16 8 1 25 10 12 24 2 5 31 5 14 18 3 6 22 10 3.36768017929769181 1 4 4 18 10 9 13 1 18 16 12 1 3 8 10 26 11 16 2 2 2 30 7 12 9 3 9 1 7 5 20 9 6 12 7 16 16 1 21.1837478280067444 109.950745309806308 
12 26 7 4 25 2.70999124060388841 1 30 8 6 16 4 4 26 5 16 5 13 14 23 9 3 6 9 1 8 8 6 18 13 15 2 13 9.25570237641795579 6 11 12 26 9 15 12 7 4.94126535182462057 26 9 14 26 7 6 19 12 13 16 10 1 3 8 13.2195649013323386 5 13 17.5142076313495636 200.55602551043728 
12 15 11 4 16 8 18 21 2 16 33 2.70999124060388841 5 31 5 14 18 3 6 22 10 3.36768017929769181 1 4 11 23 1 9 13 1 18 16 12 1 3 8 10 26 11 16 2 2 2 30 7 12 9 3 9 1 7 5 20 9 10 19 13 16 16 1 26.0384650230407715 65.8297412456248736 
12 15 11 4 16 8 18 21 2 15 32 6 5 31 5 14 18 3 6 22 10 3.36768017929769181 1 4 11 23 1 9 13 1 18 16 12 1 3 8 10 26 11 16 2 2 2 30 7 12 9 3 9 1 7 5 20 9 10 19 13 16 16 1 25.3126430511474609 67.0792750715466468 
14 18 2.70999124060388841 15 15 13 14 18 13 12 1 3 16 12 2 14 1 1 14 1 2 13 30 1 9.25570237641795579 15 6 15 16 7 3 24 3 4.94126535182462057 24 4 6 24 10 6 16 8 15 32 2 2 1 3 14 6 6 10 32 7 3 31 9.82524131762891173 3 14 8 16.8657628297805786 232.678168401233023 
18 12 2.70999124060388841 2 29 4 9 1 7 1 5 6.96245171630185755 13 15 3.84646942076222631 13 30 11 1 12 2 14 6 6 6 24 4 16 19 4 14 16 8 13 15 9.82524131762891173 3 20 13 17 9 2 16 2 8 1 31 6 16 26 13 1 31.8448655754823804 7 9 13 9 14 11 11 18.6027786731719971 192.212494210770103 
12 15 11 4 16 8 14 6 5 3.36768017929769181 15 2 5 31 5 14 18 3 6 22 10 3.36768017929769181 1 4 12 25 2 9 13 1 13 13 4 1 3 8 10 26 11 16 2 2 2 30 7 12 9 3 9 1 7 5 20 9 8 31 3 16 16 1 20.127282977104187 138.041107499545518 

