Current Evaluation = 10000000(10000000)
Front Size = 39
15 24 9 12 22 11 16 31 1 12 32 5 14 20 2.70999124060388841 15 32 6.96245171630185755 9 28 12 16 25 13 10 24 11 14 8.22565314501180467 9.82524131762891173 17.8244721320812971 2 7.75241283629571765 11 19 5 15 15 10 16 1 2 14 30 8 18 24 7 4 23 1 15 30 8 1.62229798836725392 20 5 9 14 3 20.055088996887207 171.937446780985795 
16 18 13 9 33 4 2 1 12 15 13 12 14 24 7 15 22 2 14 5.34074699537910114 6.96245171630185755 16 31 12 9 32 9 14 16 6 8 15 6 15 6 11 4.94126535182462057 30 13 12 6 12 17 20 6 8 1 6 6 32 11 13.2195649013323386 20 2 4 17 10 12 31 12 18.3369486927986145 215.5716407775231 
6 8 8 14 26 2 14 28 2 2 1 3 9 2 13 16 16 7 12 1 7 1 3 13 15 2 3 14 6 6 4 19 11 1 6 9 18 14 5 13 18 13 14 32 7 13 26 3 8 24 12 1 18 5 11 15 11 12 12 9 19.3709607720375061 204.95109085960479 
13 24 6 14 19 12 4 11 13 1 13 2.70999124060388841 17 20 4 14 16.1354543567662532 9 13 15 6 5 31 4 12 1 3.84646942076222631 15 14 13 17 31 4 8 6 1 4 26 2 3 17 7 4 16 9 3 9 9 17 18 9.82524131762891173 1 31.8448655754823804 11 6 16 7.75241283629571765 6 9 6 18.207025945186615 222.798125537360306 
4 16 8 16 25 10 6 30 6 5 1 12 13 32 8 14 22 7 6 3 6 9 12 10 16 24 4 3 19 2 13 31 7 15 31 10 14 8 2 6 5.34074699537910114 8 5 30 2 8 13 1 4 7 6.96245171630185755 12 15 13 6 8 3 17 2 8 19.8341405987739563 194.533885694555408 
11 13 2.70999124060388841 15 9 6.96245171630185755 6 20 2 17 2 4 4.94126535182462057 26 2 2 28 9.82524131762891173 13 32 7 13 9 4 6 12 10 9 1 10 6 9 11 17 25 12 10 14 2 12 15 11 15 20 13 4 24 7 18 2 10 17.8244721320812971 30 9 3 6 8 15 22 5 19.7842918038368225 196.277858630877233 
13 2 12 16 1 1 16 18 8 14 26 13 10 14 4 15 30 9 12 16 2 14 31 4 3.36768017929769181 15 4 8 19 9 5 25 9 9.25570237641795579 23 12 16 31 13 14 25 7 14 16 8 4.94126535182462057 6 12 9 6 2 6 1 11 3 18 9 10 20 12 18.817023903131485 208.925781165566121 
14 20 9 13 24 4 1 17 11 3 33 2 14 12 2 4 24 9 15 5 6 14 22 13 18 23 9 16 16 13 15 15 1 4 3 9 5 12 13 4 1 4 3 16 5 12 6 13 8 31 2.70999124060388841 9.25570237641795579 26 12 1 26 11 15 26 2 19.5344418883323669 202.56128280702751 
13 18 10 10 15 2.70999124060388841 14 25 6 12 12 4 17 19 8 15 6 10 1 24 9 7 32 7 1 27 1 15 1 7 16 26 10 9 6 11 6 24 10 1 16 2 15 32 8 14 18 12 15 2 4 16 24 3 6 11 8 9.25570237641795579 9 11 20.0515507459640503 187.316056166056114 
14 20 6 3.36768017929769181 16 11 12 21 1 14 32 2 4 26 7 1 3 9 6 30 2.70999124060388841 17 19 13 4 11 1 12 15 12 9 6 11 10 1 7 2 32 2 16 2 2.70999124060388841 1 31 5 6 15 1 11 25 1 15 20 2.70999124060388841 18 24 2.70999124060388841 12 2 8 20.9201897382736206 111.79307557150041 
1 32 6 3.36768017929769181 16 11 3.36768017929769181 12 10 1 14 6.96245171630185755 14 8 10 1 3 9 6 30 2.70999124060388841 17 19 13 4 11 1 12 15 12 9 6 11 10 1 7 2 32 2 16 2 2.70999124060388841 1 31 5 6 15 1 11 25 1 10 19 9 15 22 6 3 8 10 20.7637978196144104 116.47121853080975 
2 22 2 3.36768017929769181 16 11 12 21 1 10 28 6 18 23 10 1 3 9 6 30 2.70999124060388841 16 9 2 4 11 1 12 15 12 9 6 11 10 1 7 2 32 2 16 2 2.70999124060388841 1 31 5 6 15 1 11 25 1 10 19 9 18 24 2.70999124060388841 12 2 8 24.9960875511169434 65.0467419528802822 
2 22 2 3.36768017929769181 16 11 12 21 1 10 28 6 18 23 10 1 3 9 6 30 2.70999124060388841 16 9 2 4 11 1 12 15 12 9 6 11 10 1 7 2 32 2 16 2 2.70999124060388841 1 31 5 6 15 1 11 25 1 10 19 9 4 26 13 12 2 8 24.2000485062599182 66.837375670422702 
2 22 2 3.36768017929769181 16 11 4 12 8 10 28 6 18 23 10 1 3 9 6 30 2.70999124060388841 16 9 2 4 11 1 12 15 12 9 6 11 10 1 7 15 32 4 16 2 2.70999124060388841 1 31 5 6 15 1 11 25 1 10 19 9 18 24 2.70999124060388841 12 2 8 23.4588185548782349 72.831314502673635 
2 22 2 3.36768017929769181 16 11 12 21 1 10 28 6 18 23 10 1 3 9 6 30 2.70999124060388841 16 9 2 4 11 1 12 15 12 9 6 11 10 1 7 2 32 2 16 2 2.70999124060388841 1 31 5 6 15 1 11 25 1 10 19 9 4 20 11 12 2 8 24.139969527721405 67.7549519872356001 
2 22 2 3.36768017929769181 16 11 1 20 12 14 15 4 3 18 1 1 3 9 6 30 2.70999124060388841 16 9 2 4 11 1 12 15 12 9 6 11 10 1 7 2 32 2 16 2 2.70999124060388841 1 31 5 6 15 1 11 25 1 10 19 9 2 6 11 12 2 8 20.4369645118713379 118.989608196059891 
2 22 2 3.36768017929769181 16 11 12 21 1 4 26 4 14 6 3 1 3 9 6 30 2.70999124060388841 16 9 2 4 11 1 12 15 12 9 6 11 10 1 7 2 32 2 16 2 2.70999124060388841 1 31 5 6 15 1 3.36768017929769181 23 8 10 19 9 18 24 2.70999124060388841 12 2 8 22.0359305143356323 87.5534789561336169 
2 22 2 3.36768017929769181 16 11 16 13 1 10 28 6 14 5 4 1 3 9 6 30 2.70999124060388841 16 9 2 4 11 1 12 15 12 9 6 11 10 1 7 14 30 11 16 2 2.70999124060388841 1 31 5 6 15 1 11 25 1 10 19 9 15 24 5 9 13 4 21.1445786952972412 110.051923849731054 
2 22 2 3.36768017929769181 16 11 12 21 1 10 28 6 18 23 10 1 3 9 6 30 2.70999124060388841 16 9 2 4 11 1 12 15 12 9 6 11 10 1 7 2 32 2 16 2 2.70999124060388841 1 31 5 6 15 1 11 25 1 10 19 9 15 24 4 12 2 8 24.0211825370788574 69.3275963869105567 
2 22 2 3.36768017929769181 16 11 12 5.34074699537910114 12 10 28 6 18 23 10 1 3 9 6 30 2.70999124060388841 16 9 2 4 11 1 12 15 12 9 6 11 10 1 7 2 32 2 16 2 2.70999124060388841 1 31 5 6 15 1 11 25 1 10 19 9 18 24 2.70999124060388841 12 2 8 23.8927115201950073 69.5560839703741607 
2 22 2 3.36768017929769181 16 11 12 21 1 15 32 5 14 19 4 1 3 9 6 30 2.70999124060388841 16 9 2 4 11 1 12 15 12 9 6 11 10 1 7 2 32 2 16 2 2.70999124060388841 1 31 5 6 15 1 11 25 1 1 32 9 18 24 2.70999124060388841 12 2 8 21.5827296376228333 89.5433217189314661 
2 22 2 3.36768017929769181 16 11 4 7 12 10 28 6 18 23 10 1 3 9 6 30 2.70999124060388841 16 9 2 4 11 1 12 15 12 9 6 11 10 1 7 2 32 2 16 2 2.70999124060388841 1 31 5 6 15 1 3 5.34074699537910114 13 10 19 9 18 24 2.70999124060388841 12 2 8 23.6234647035598755 72.7891948046070496 
2 22 2 3.36768017929769181 16 11 12 21 1 17 30 9 14 5.34074699537910114 2 1 3 9 6 30 2.70999124060388841 16 9 2 4 11 1 12 15 12 9 6 11 10 1 7 2 32 2 16 2 2.70999124060388841 1 31 5 6 15 1 14 31 7 10 19 9 18 24 2.70999124060388841 12 2 8 21.1146495938301086 111.158364420768521 
2 22 2 3.36768017929769181 16 11 12 21 1 10 28 6 18 23 10 1 3 9 6 30 2.70999124060388841 16 9 2 4 11 1 12 15 12 9 6 11 10 1 7 2 32 2 17 18 4 1 31 5 6 15 1 11 25 1 10 19 9 18 24 2.70999124060388841 12 2 8 24.7571206092834473 66.0302852645031351 
2 22 2 3.36768017929769181 16 11 12 12 13 4 26 13 18 23 10 1 3 9 6 30 2.70999124060388841 16 9 2 4 11 1 12 15 12 9 6 11 10 1 7 2 32 2 16 2 2.70999124060388841 1 31 5 6 15 1 4 5.34074699537910114 11 10 19 9 18 24 2.70999124060388841 12 2 8 22.0798234343528748 80.3707749915964342 
2 22 2 3.36768017929769181 16 11 4 12 12 10 28 6 18 23 10 1 3 9 6 30 2.70999124060388841 16 9 2 4 11 1 12 15 12 9 6 11 10 1 7 2 32 2 16 2 2.70999124060388841 1 31 5 6 15 1 11 25 1 10 19 9 17 3 7 12 2 8 22.9241195321083069 75.5620448733843375 
2 22 2 3.36768017929769181 16 11 12 21 1 10 28 6 14 32 5 1 3 9 6 30 2.70999124060388841 16 9 2 4 11 1 12 15 12 9 6 11 10 1 7 2 32 2 16 2 2.70999124060388841 1 31 5 6 15 1 11 25 1 10 19 9 18 24 2.70999124060388841 12 2 8 23.3475876450538635 73.741336340979629 
2 22 2 3.36768017929769181 16 11 4 26 12 10 28 6 18 23 10 1 3 9 6 30 2.70999124060388841 16 9 2 4 11 1 12 15 12 9 6 11 10 1 7 2 32 2 16 2 2.70999124060388841 1 31 5 6 15 1 11 25 1 10 19 9 18 24 2.70999124060388841 12 2 8 23.6703115105628967 70.0860050556813405 
2 22 2 3.36768017929769181 16 11 1 20 4 10 28 6 14 6 7 1 3 9 6 30 2.70999124060388841 16 9 2 4 11 1 12 15 12 9 6 11 10 1 7 2 32 2 16 2 2.70999124060388841 1 31 5 6 15 1 11 25 1 10 19 9 18 24 2.70999124060388841 12 2 8 21.6918486356735229 88.8271573914145591 
6 25 5 14 7 2 6 1 9 3.36768017929769181 31 6.96245171630185755 1 3 13 15 33 10 6 2 10 14 1 6 10 30 5 4 14 3.84646942076222631 15 18 5 2 20 2 15 9 9.82524131762891173 17 9 3 17 20 10 2 19 9 4 9 7 17.8244721320812971 32 5 12 31 7 6 25 1 18.190611720085144 281.459210663777185 
2 22 2 3.36768017929769181 16 11 3.36768017929769181 25 5 10 28 6 14 6 6 1 3 9 6 30 2.70999124060388841 16 9 2 4 11 1 12 15 12 9 6 11 10 1 7 2 32 2 16 2 2.70999124060388841 1 31 5 6 15 1 11 25 1 10 19 9 15 30 6 12 2 8 21.1574935913085938 95.6711508430686735 
2 22 2 3.36768017929769181 16 11 12 25 8 10 28 6 18 23 10 1 3 9 6 30 2.70999124060388841 16 9 2 4 11 1 12 15 12 9 6 11 10 1 7 2 32 2 16 2 2.70999124060388841 1 31 5 6 15 1 11 25 1 10 19 9 18 24 2.70999124060388841 12 2 8 23.8010425567626953 69.6511010727903965 
2 22 2 3.36768017929769181 16 11 1 6 4 10 28 6 16 30 2 1 3 9 6 30 2.70999124060388841 16 9 2 3 12 2.70999124060388841 12 15 12 9 6 11 10 1 7 2 32 2 16 2 2.70999124060388841 1 31 5 6 15 1 11 25 1 15 18 4 18 24 2.70999124060388841 12 2 8 20.9191137552261353 114.095174551776267 
2 22 2 3.36768017929769181 16 11 12 21 1 10 28 6 14 1 3 1 3 9 6 30 2.70999124060388841 16 9 2 4 11 1 12 15 12 9 6 11 10 1 7 2 32 2 16 2 2.70999124060388841 1 31 5 6 15 1 11 25 1 10 19 9 14 26 3 12 2 8 22.3972246050834656 79.8099826074314365 
1 6 7 3.36768017929769181 16 11 5 12 5 10 28 6 6 25 13 1 3 9 6 30 2.70999124060388841 16 9 2 4 11 1 12 15 12 9 6 11 10 1 7 2 32 2 16 2 2.70999124060388841 1 31 5 6 15 1 4 20 9 10 19 9 18 24 2.70999124060388841 12 2 8 21.0888967514038086 111.772033705461496 
2 22 2 3.36768017929769181 16 11 12 21 1 10 28 6 18 23 10 1 3 9 6 30 2.70999124060388841 16 9 2 4 11 1 12 15 12 9 6 11 10 1 7 2 32 2 14 3 13 1 31 5 6 15 1 11 25 1 10 19 9 18 24 2.70999124060388841 12 2 8 24.7211805582046509 66.6698499671409905 
2 22 2 3.36768017929769181 16 11 10 26 3 6 6 10 14 1 2.70999124060388841 1 3 9 6 30 2.70999124060388841 16 9 2 4 11 1 12 15 12 9 6 11 10 1 7 2 32 2 16 2 2.70999124060388841 1 31 5 6 15 1 11 25 1 10 19 9 18 24 2.70999124060388841 12 2 8 21.2548255324363708 90.5132980378465248 
2 22 2 3.36768017929769181 16 11 12 20 8 15 32 4 18 23 10 1 3 9 6 30 2.70999124060388841 16 9 2 4 11 1 12 15 12 9 6 11 10 1 7 2 32 2 16 2 2.70999124060388841 1 31 5 6 15 1 11 25 1 10 19 9 18 24 2.70999124060388841 12 2 8 22.5023055076599121 79.6694620829574518 
2 22 2 3.36768017929769181 16 11 12 12 12 10 28 6 18 23 10 1 3 9 6 30 2.70999124060388841 16 9 2 4 11 1 12 15 12 9 6 11 10 1 7 2 32 2 16 2 2.70999124060388841 1 31 5 6 15 1 11 25 1 10 19 9 14 30 10 12 2 8 22.5055284798145294 78.0292675409696699 

Current Evaluation = 20000000(20000000)
Front Size = 26
16 18 13 9 33 4 2 1 12 15 13 12 14 24 7 15 22 2 14 5.34074699537910114 6.96245171630185755 16 31 12 9 32 9 14 16 6 8 15 6 15 6 11 4.94126535182462057 30 13 12 6 12 17 20 6 8 1 6 6 32 11 13.2195649013323386 20 2 4 17 10 12 31 12 18.3369486927986145 215.5716407775231 
6 8 8 14 26 2 14 28 2 2 1 3 9 2 13 16 16 7 12 1 7 1 3 13 15 2 3 14 6 6 4 19 11 1 6 9 18 14 5 13 18 13 14 32 7 13 26 3 8 24 12 1 18 5 11 15 11 12 12 9 19.3709607720375061 204.95109085960479 
13 24 6 14 19 12 4 11 13 1 13 2.70999124060388841 17 20 4 14 16.1354543567662532 9 13 15 6 5 31 4 12 1 3.84646942076222631 15 14 13 17 31 4 8 6 1 4 26 2 3 17 7 4 16 9 3 9 9 17 18 9.82524131762891173 1 31.8448655754823804 11 6 16 7.75241283629571765 6 9 6 18.207025945186615 222.798125537360306 
13 2 12 16 1 1 16 18 8 14 26 13 10 14 4 15 30 9 12 16 2 14 31 4 3.36768017929769181 15 4 8 19 9 5 25 9 9.25570237641795579 23 12 16 31 13 14 25 7 14 16 8 4.94126535182462057 6 12 9 6 2 6 1 11 3 18 9 10 20 12 18.817023903131485 208.925781165566121 
14 20 9 13 24 4 1 17 11 3 33 2 14 12 2 4 24 9 15 5 6 14 22 13 18 23 9 16 16 13 15 15 1 4 3 9 5 12 13 4 1 4 3 16 5 12 6 13 8 31 2.70999124060388841 9.25570237641795579 26 12 1 26 11 15 26 2 19.5344418883323669 202.56128280702751 
2 22 2 3.36768017929769181 16 11 4 12 12 10 28 6 18 23 10 1 3 9 6 30 2.70999124060388841 16 9 2 4 11 1 12 15 12 9 6 11 10 1 7 2 32 2 16 2 2.70999124060388841 1 31 5 6 15 1 11 25 1 10 19 9 17 3 7 12 2 8 22.9241195321083069 75.5620448733843375 
2 22 2 3.36768017929769181 16 11 3.36768017929769181 25 5 10 28 6 14 6 6 1 3 9 6 30 2.70999124060388841 16 9 2 4 11 1 12 15 12 9 6 11 10 1 7 2 32 2 16 2 2.70999124060388841 1 31 5 6 15 1 11 25 1 10 19 9 15 30 6 12 2 8 21.1574935913085938 95.6711508430686735 
2 22 2 3.36768017929769181 16 11 12 12 12 10 28 6 18 23 10 1 3 9 6 30 2.70999124060388841 16 9 2 4 11 1 12 15 12 9 6 11 10 1 7 2 32 2 16 2 2.70999124060388841 1 31 5 6 15 1 11 25 1 10 19 9 14 30 10 12 2 8 22.5055284798145294 78.0292675409696699 
2 22 2 3.36768017929769181 16 11 12 21 1 10 28 6 18 23 10 1 3 9 6 30 2.70999124060388841 16 9 2 4 11 1 12 15 12 9 6 11 10 1 7 2 32 2 16 2 2.70999124060388841 1 31 5 6 15 1 11 25 1 10 19 9 18 24 2.70999124060388841 12 2 8 24.9960875511169434 64.8642425461130472 
2 22 2 3.36768017929769181 16 11 2 6 13 4 26 12 15 24 13 1 3 9 6 30 2.70999124060388841 16 9 2 4 11 1 12 15 12 9 6 11 13 8 9 2 32 2 16 2 2.70999124060388841 1 31 5 6 15 1 11 25 1 10 19 9 4 1 3 14 26 5 19.6109312176704407 139.277388209540533 
2 22 2 3.36768017929769181 16 11 12 21 1 10 28 6 14 26 7 1 3 9 6 30 2.70999124060388841 16 9 2 4 11 1 12 15 12 9 6 11 10 1 7 2 32 2 16 2 2.70999124060388841 1 31 5 6 15 1 11 25 1 10 19 9 18 24 2.70999124060388841 12 2 8 23.3362016379833221 70.9132328870422839 
2 22 2 3.36768017929769181 16 11 4 20 12 13 32 3 15 30 10 1 3 9 6 30 2.70999124060388841 16 9 2 4 11 1 12 15 12 9 6 11 10 1 7 2 32 2 16 2 2.70999124060388841 1 31 5 6 15 1 11 25 1 10 19 9 18 24 2.70999124060388841 12 2 8 20.9381805062294006 98.4837266628862693 
2 22 2 3.36768017929769181 16 11 4 12 12 10 28 6 18 23 10 1 3 9 6 30 2.70999124060388841 16 9 2 4 11 1 12 15 12 9 6 11 10 1 7 2 32 2 16 2 2.70999124060388841 1 31 5 6 15 1 3 5.34074699537910114 12 10 19 9 18 24 2.70999124060388841 12 2 8 23.1639506220817566 72.019395278784657 
2 22 2 3.36768017929769181 16 11 4 25 8 10 28 6 18 23 10 1 3 9 6 30 2.70999124060388841 16 9 2 4 11 1 12 15 12 9 6 11 10 1 7 2 32 2 16 2 2.70999124060388841 1 31 5 6 15 1 11 25 1 10 19 9 3.36768017929769181 6 13 12 2 8 22.9256573915481567 74.9079778322812473 
2 22 2 3.36768017929769181 16 11 12 12 12 10 28 6 18 23 10 1 3 9 6 30 2.70999124060388841 16 9 2 4 11 1 12 15 12 9 6 11 10 1 7 2 32 2 16 2 2.70999124060388841 1 31 5 6 15 1 11 25 1 10 19 9 1 23 9 12 2 8 23.183398425579071 71.6531245678360165 
2 22 2 3.36768017929769181 16 11 12 7 13 14 32 9 18 23 10 1 3 9 6 30 2.70999124060388841 16 9 2 4 11 1 12 15 12 9 6 11 10 1 7 2 32 2 16 2 2.70999124060388841 1 31 5 6 15 1 11 25 1 10 19 9 15 30 7 12 2 8 21.653068482875824 78.7296423143978359 
2 22 2 3.36768017929769181 16 11 12 21 1 10 28 6 18 23 10 1 3 9 6 30 2.70999124060388841 16 9 2 4 11 1 12 15 12 9 6 11 10 1 7 2 32 2 16 2 2.70999124060388841 1 31 5 6 15 1 4 5 11 10 19 9 17 31 12 12 2 8 23.598110556602478 70.2969105725869667 
2 22 2 3.36768017929769181 16 11 4 12 13 10 28 6 14 18 10 1 3 9 6 30 2.70999124060388841 16 9 2 4 11 1 12 15 12 9 6 11 10 1 7 2 32 2 16 2 2.70999124060388841 1 31 5 6 15 1 17 30 4 10 19 9 18 24 2.70999124060388841 12 2 8 21.2090267539024353 84.5841210517393591 
17 31 2.70999124060388841 3.36768017929769181 16 11 12 21 1 10 28 6 5 24 6.96245171630185755 1 3 9 6 30 2.70999124060388841 16 9 2 4 11 1 12 15 12 9 6 11 10 1 7 2 32 2 16 2 2.70999124060388841 1 31 5 6 15 1 11 25 1 10 19 9 18 24 2.70999124060388841 12 2 8 23.6124176979064941 69.2651846112182312 
17 14 2 3.36768017929769181 16 11 14 32 8 10 28 6 18 23 10 1 3 9 6 30 2.70999124060388841 16 9 2 4 11 1 12 15 12 9 6 11 10 1 7 2 32 2 16 2 2.70999124060388841 1 31 5 6 15 1 11 25 1 10 19 9 18 24 2.70999124060388841 12 2 8 23.134718656539917 74.1851619283036712 
2 22 2 3.36768017929769181 16 11 13 20 12 10 28 6 17 6 9 1 3 9 6 30 2.70999124060388841 16 9 2 13 17 5 12 15 12 9 6 11 10 1 7 2 32 2 16 2 2.70999124060388841 1 31 5 6 15 1 14 6 13 10 19 9 3 12 2.70999124060388841 12 2 8 19.8864566087722778 104.77557750500489 
8 6 4 4 30 11 15 12 11 1 25 2 13 6 13 14 22 8 3.36768017929769181 32 10 6 25 4 6 6 8 16 22 1 3 30 4 1 31 6.96245171630185755 16 1 1 2 12 8 13 25 9 13 31 7 8 16 7 15 30 3.84646942076222631 17 6 6 14 13 13 16.4689210653305054 250.159080302826055 
2 22 2 3.36768017929769181 16 11 12 21 1 10 28 6 18 23 10 1 3 9 6 30 2.70999124060388841 16 9 2 4 11 1 12 15 12 9 6 11 10 1 7 2 32 2 16 2 2.70999124060388841 1 31 5 6 15 1 11 25 1 10 19 9 3.36768017929769181 23 13 12 2 8 24.7532675266265869 65.5333950213947531 
2 22 2 3.36768017929769181 16 11 12 21 1 10 28 6 18 23 10 1 3 9 6 30 2.70999124060388841 16 9 2 4 11 1 12 15 12 9 6 11 10 1 7 2 32 2 16 2 2.70999124060388841 1 31 5 6 15 1 11 25 1 10 19 9 3.36768017929769181 26 11 12 2 8 24.2604445815086365 65.7916443858766229 
2 22 2 3.36768017929769181 16 11 12 21 1 10 28 6 15 24 4 1 3 9 6 30 2.70999124060388841 16 9 2 4 11 1 12 15 12 9 6 11 10 1 7 2 32 2 16 2 2.70999124060388841 1 31 5 6 15 1 11 25 1 10 19 9 17 20 7 12 2 8 22.536090612411499 76.2005865291516926 
2 22 2 3.36768017929769181 16 11 4 20 12 10 28 6 18 23 10 1 3 9 6 30 2.70999124060388841 16 9 2 4 11 1 12 15 12 9 6 11 10 1 7 2 32 2 16 2 2.70999124060388841 1 31 5 6 15 1 11 25 1 10 19 9 18 24 2.70999124060388841 12 2 8 23.6236324906349182 66.7741208034231164 

Current Evaluation = 30000000(30000000)
Front Size = 29
16 18 13 9 33 4 2 1 12 15 13 12 14 24 7 15 22 2 14 5.34074699537910114 6.96245171630185755 16 31 12 9 32 9 14 16 6 8 15 6 15 6 11 4.94126535182462057 30 13 12 6 12 17 20 6 8 1 6 6 32 11 13.2195649013323386 20 2 4 17 10 12 31 12 18.3369486927986145 215.5716407775231 
13 24 6 14 19 12 4 11 13 1 13 2.70999124060388841 17 20 4 14 16.1354543567662532 9 13 15 6 5 31 4 12 1 3.84646942076222631 15 14 13 17 31 4 8 6 1 4 26 2 3 17 7 4 16 9 3 9 9 17 18 9.82524131762891173 1 31.8448655754823804 11 6 16 7.75241283629571765 6 9 6 18.207025945186615 222.798125537360306 
2 22 2 3.36768017929769181 16 11 4 12 12 10 28 6 18 23 10 1 3 9 6 30 2.70999124060388841 16 9 2 4 11 1 12 15 12 9 6 11 10 1 7 2 32 2 16 2 2.70999124060388841 1 31 5 6 15 1 11 25 1 10 19 9 17 3 7 12 2 8 22.9241195321083069 75.5620448733843375 
2 22 2 3.36768017929769181 16 11 12 12 12 10 28 6 18 23 10 1 3 9 6 30 2.70999124060388841 16 9 2 4 11 1 12 15 12 9 6 11 10 1 7 2 32 2 16 2 2.70999124060388841 1 31 5 6 15 1 11 25 1 10 19 9 14 30 10 12 2 8 22.5055284798145294 78.0292675409696699 
2 22 2 3.36768017929769181 16 11 12 21 1 10 28 6 18 23 10 1 3 9 6 30 2.70999124060388841 16 9 2 4 11 1 12 15 12 9 6 11 10 1 7 2 32 2 16 2 2.70999124060388841 1 31 5 6 15 1 11 25 1 10 19 9 18 24 2.70999124060388841 12 2 8 24.9960875511169434 64.8642425461130472 
2 22 2 3.36768017929769181 16 11 2 6 13 4 26 12 15 24 13 1 3 9 6 30 2.70999124060388841 16 9 2 4 11 1 12 15 12 9 6 11 13 8 9 2 32 2 16 2 2.70999124060388841 1 31 5 6 15 1 11 25 1 10 19 9 4 1 3 14 26 5 19.6109312176704407 139.277388209540533 
2 22 2 3.36768017929769181 16 11 12 21 1 10 28 6 14 26 7 1 3 9 6 30 2.70999124060388841 16 9 2 4 11 1 12 15 12 9 6 11 10 1 7 2 32 2 16 2 2.70999124060388841 1 31 5 6 15 1 11 25 1 10 19 9 18 24 2.70999124060388841 12 2 8 23.3362016379833221 70.9132328870422839 
2 22 2 3.36768017929769181 16 11 4 20 12 13 32 3 15 30 10 1 3 9 6 30 2.70999124060388841 16 9 2 4 11 1 12 15 12 9 6 11 10 1 7 2 32 2 16 2 2.70999124060388841 1 31 5 6 15 1 11 25 1 10 19 9 18 24 2.70999124060388841 12 2 8 20.9381805062294006 98.4837266628862693 
2 22 2 3.36768017929769181 16 11 4 12 12 10 28 6 18 23 10 1 3 9 6 30 2.70999124060388841 16 9 2 4 11 1 12 15 12 9 6 11 10 1 7 2 32 2 16 2 2.70999124060388841 1 31 5 6 15 1 3 5.34074699537910114 12 10 19 9 18 24 2.70999124060388841 12 2 8 23.1639506220817566 72.019395278784657 
2 22 2 3.36768017929769181 16 11 4 25 8 10 28 6 18 23 10 1 3 9 6 30 2.70999124060388841 16 9 2 4 11 1 12 15 12 9 6 11 10 1 7 2 32 2 16 2 2.70999124060388841 1 31 5 6 15 1 11 25 1 10 19 9 3.36768017929769181 6 13 12 2 8 22.9256573915481567 74.9079778322812473 
2 22 2 3.36768017929769181 16 11 12 12 12 10 28 6 18 23 10 1 3 9 6 30 2.70999124060388841 16 9 2 4 11 1 12 15 12 9 6 11 10 1 7 2 32 2 16 2 2.70999124060388841 1 31 5 6 15 1 11 25 1 10 19 9 1 23 9 12 2 8 23.183398425579071 71.6531245678360165 
2 22 2 3.36768017929769181 16 11 12 7 13 14 32 9 18 23 10 1 3 9 6 30 2.70999124060388841 16 9 2 4 11 1 12 15 12 9 6 11 10 1 7 2 32 2 16 2 2.70999124060388841 1 31 5 6 15 1 11 25 1 10 19 9 15 30 7 12 2 8 21.653068482875824 78.7296423143978359 
2 22 2 3.36768017929769181 16 11 12 21 1 10 28 6 18 23 10 1 3 9 6 30 2.70999124060388841 16 9 2 4 11 1 12 15 12 9 6 11 10 1 7 2 32 2 16 2 2.70999124060388841 1 31 5 6 15 1 4 5 11 10 19 9 17 31 12 12 2 8 23.598110556602478 70.2969105725869667 
2 22 2 3.36768017929769181 16 11 4 12 13 10 28 6 14 18 10 1 3 9 6 30 2.70999124060388841 16 9 2 4 11 1 12 15 12 9 6 11 10 1 7 2 32 2 16 2 2.70999124060388841 1 31 5 6 15 1 17 30 4 10 19 9 18 24 2.70999124060388841 12 2 8 21.2090267539024353 84.5841210517393591 
17 31 2.70999124060388841 3.36768017929769181 16 11 12 21 1 10 28 6 5 24 6.96245171630185755 1 3 9 6 30 2.70999124060388841 16 9 2 4 11 1 12 15 12 9 6 11 10 1 7 2 32 2 16 2 2.70999124060388841 1 31 5 6 15 1 11 25 1 10 19 9 18 24 2.70999124060388841 12 2 8 23.6124176979064941 69.2651846112182312 
2 22 2 3.36768017929769181 16 11 13 20 12 10 28 6 17 6 9 1 3 9 6 30 2.70999124060388841 16 9 2 13 17 5 12 15 12 9 6 11 10 1 7 2 32 2 16 2 2.70999124060388841 1 31 5 6 15 1 14 6 13 10 19 9 3 12 2.70999124060388841 12 2 8 19.8864566087722778 104.77557750500489 
8 6 4 4 30 11 15 12 11 1 25 2 13 6 13 14 22 8 3.36768017929769181 32 10 6 25 4 6 6 8 16 22 1 3 30 4 1 31 6.96245171630185755 16 1 1 2 12 8 13 25 9 13 31 7 8 16 7 15 30 3.84646942076222631 17 6 6 14 13 13 16.4689210653305054 250.159080302826055 
2 22 2 3.36768017929769181 16 11 12 21 1 10 28 6 18 23 10 1 3 9 6 30 2.70999124060388841 16 9 2 4 11 1 12 15 12 9 6 11 10 1 7 2 32 2 16 2 2.70999124060388841 1 31 5 6 15 1 11 25 1 10 19 9 3.36768017929769181 23 13 12 2 8 24.7532675266265869 65.5333950213947531 
2 22 2 3.36768017929769181 16 11 12 21 1 10 28 6 18 23 10 1 3 9 6 30 2.70999124060388841 16 9 2 4 11 1 12 15 12 9 6 11 10 1 7 2 32 2 16 2 2.70999124060388841 1 31 5 6 15 1 11 25 1 10 19 9 3.36768017929769181 26 11 12 2 8 24.2604445815086365 65.7916443858766229 
2 22 2 3.36768017929769181 16 11 12 21 1 10 28 6 15 24 4 1 3 9 6 30 2.70999124060388841 16 9 2 4 11 1 12 15 12 9 6 11 10 1 7 2 32 2 16 2 2.70999124060388841 1 31 5 6 15 1 11 25 1 10 19 9 17 20 7 12 2 8 22.536090612411499 76.2005865291516926 
2 22 2 3.36768017929769181 16 11 4 20 12 10 28 6 18 23 10 1 3 9 6 30 2.70999124060388841 16 9 2 4 11 1 12 15 12 9 6 11 10 1 7 2 32 2 16 2 2.70999124060388841 1 31 5 6 15 1 11 25 1 10 19 9 18 24 2.70999124060388841 12 2 8 23.6236324906349182 66.7741208034231164 
3.36768017929769181 26 9 13 15 2 18 25 4 6 6 4 12 26 12 3 26 7 1 28 10 6 31 5 14 15 1 15 1 12 9 24 8 1 26 9 6 31 8 3 17 1 4 5 5 13 12 13 14 1 1 9.25570237641795579 31 3 8 32 3.84646942076222631 17 31 3 17.92937171459198 226.478883981515565 
16 26 2 1 25 7 15 18 13 9 24 12 3.36768017929769181 17 12 12 6 13 1 31 7 5 32 5 14 24 6.96245171630185755 4 15 2 8 18 2 14 3 3 1 12 5 2 29 7 16 6 11 14 15 9 10 20 12 17 33 6 12 2 2 4 9 8 19.5896577835083008 169.286483003240903 
1 32 13 3.36768017929769181 16 11 12 21 1 13 31 8 14 23 5 1 3 9 6 30 2.70999124060388841 16 9 2 4 11 1 12 15 12 9 6 11 10 1 7 2 32 2 16 2 2.70999124060388841 1 31 5 6 15 1 11 25 1 10 19 9 14 6 4 12 2 8 20.9477674067020416 95.2862631864610847 
2 22 2 3.36768017929769181 16 11 12 21 1 10 28 6 18 23 10 1 3 9 6 30 2.70999124060388841 16 9 2 4 11 1 12 15 12 9 6 11 10 1 7 2 32 2 16 2 2.70999124060388841 1 31 5 6 15 1 15 30 8 10 19 9 9 24 13 12 2 8 23.5547555685043335 70.8506656749982398 
2 22 2 3.36768017929769181 16 11 4 25 8 10 28 6 18 23 10 1 3 9 6 30 2.70999124060388841 16 9 2 4 11 1 12 15 12 9 6 11 10 1 7 2 32 2 16 2 2.70999124060388841 1 31 5 6 15 1 11 25 1 3.36768017929769181 20 5 18 24 2.70999124060388841 12 2 8 23.1294865012168884 74.1689518215836188 
6 25 2 8 24 8 17 28 6 18 6 11 16 5 2 17 30 9 14 3 3 2 31 11 12 1 13 4 24 6 14 9 9 11 6 9 13 16 9 8 32 11 14 32 10 1 31 12 15 19 9 3 3 7 1 18 8 13 14 8 18.6538248658180237 197.100365759111895 
2 22 2 3.36768017929769181 16 11 4 15 13 17 6 12 14 30 3 1 3 9 6 30 2.70999124060388841 16 9 2 4 11 1 12 15 12 9 6 11 10 1 7 2 32 2 16 2 2.70999124060388841 1 31 5 6 15 1 11 25 1 10 19 9 18 24 2.70999124060388841 12 2 8 20.8851965367794037 98.8465938298694624 
3 18 8 12 17 11 6 26 3 16 2 10 14 12 4 14 31 9 6 22 10 10 1 11 14 16 1 17 15 8 16 33 12 2 32 1 9 32 2.70999124060388841 9.25570237641795579 32 12 14 20 3 9 8 6 17 6 3.84646942076222631 4 18 5 14 26 7 1 9 4 18.9796810448169708 195.664524854230734 

Current Evaluation = 40000000(40000000)
Front Size = 32
16 18 13 9 33 4 2 1 12 15 13 12 14 24 7 15 22 2 14 5.34074699537910114 6.96245171630185755 16 31 12 9 32 9 14 16 6 8 15 6 15 6 11 4.94126535182462057 30 13 12 6 12 17 20 6 8 1 6 6 32 11 13.2195649013323386 20 2 4 17 10 12 31 12 18.3369486927986145 215.5716407775231 
13 24 6 14 19 12 4 11 13 1 13 2.70999124060388841 17 20 4 14 16.1354543567662532 9 13 15 6 5 31 4 12 1 3.84646942076222631 15 14 13 17 31 4 8 6 1 4 26 2 3 17 7 4 16 9 3 9 9 17 18 9.82524131762891173 1 31.8448655754823804 11 6 16 7.75241283629571765 6 9 6 18.207025945186615 222.798125537360306 
2 22 2 3.36768017929769181 16 11 4 12 12 10 28 6 18 23 10 1 3 9 6 30 2.70999124060388841 16 9 2 4 11 1 12 15 12 9 6 11 10 1 7 2 32 2 16 2 2.70999124060388841 1 31 5 6 15 1 11 25 1 10 19 9 17 3 7 12 2 8 22.9241195321083069 75.5620448733843375 
2 22 2 3.36768017929769181 16 11 12 12 12 10 28 6 18 23 10 1 3 9 6 30 2.70999124060388841 16 9 2 4 11 1 12 15 12 9 6 11 10 1 7 2 32 2 16 2 2.70999124060388841 1 31 5 6 15 1 11 25 1 10 19 9 14 30 10 12 2 8 22.5055284798145294 78.0292675409696699 
2 22 2 3.36768017929769181 16 11 12 21 1 10 28 6 18 23 10 1 3 9 6 30 2.70999124060388841 16 9 2 4 11 1 12 15 12 9 6 11 10 1 7 2 32 2 16 2 2.70999124060388841 1 31 5 6 15 1 11 25 1 10 19 9 18 24 2.70999124060388841 12 2 8 24.9960875511169434 64.8642425461130472 
2 22 2 3.36768017929769181 16 11 2 6 13 4 26 12 15 24 13 1 3 9 6 30 2.70999124060388841 16 9 2 4 11 1 12 15 12 9 6 11 13 8 9 2 32 2 16 2 2.70999124060388841 1 31 5 6 15 1 11 25 1 10 19 9 4 1 3 14 26 5 19.6109312176704407 139.277388209540533 
2 22 2 3.36768017929769181 16 11 12 21 1 10 28 6 14 26 7 1 3 9 6 30 2.70999124060388841 16 9 2 4 11 1 12 15 12 9 6 11 10 1 7 2 32 2 16 2 2.70999124060388841 1 31 5 6 15 1 11 25 1 10 19 9 18 24 2.70999124060388841 12 2 8 23.3362016379833221 70.9132328870422839 
2 22 2 3.36768017929769181 16 11 4 20 12 13 32 3 15 30 10 1 3 9 6 30 2.70999124060388841 16 9 2 4 11 1 12 15 12 9 6 11 10 1 7 2 32 2 16 2 2.70999124060388841 1 31 5 6 15 1 11 25 1 10 19 9 18 24 2.70999124060388841 12 2 8 20.9381805062294006 98.4837266628862693 
2 22 2 3.36768017929769181 16 11 4 12 12 10 28 6 18 23 10 1 3 9 6 30 2.70999124060388841 16 9 2 4 11 1 12 15 12 9 6 11 10 1 7 2 32 2 16 2 2.70999124060388841 1 31 5 6 15 1 3 5.34074699537910114 12 10 19 9 18 24 2.70999124060388841 12 2 8 23.1639506220817566 72.019395278784657 
2 22 2 3.36768017929769181 16 11 4 25 8 10 28 6 18 23 10 1 3 9 6 30 2.70999124060388841 16 9 2 4 11 1 12 15 12 9 6 11 10 1 7 2 32 2 16 2 2.70999124060388841 1 31 5 6 15 1 11 25 1 10 19 9 3.36768017929769181 6 13 12 2 8 22.9256573915481567 74.9079778322812473 
2 22 2 3.36768017929769181 16 11 12 12 12 10 28 6 18 23 10 1 3 9 6 30 2.70999124060388841 16 9 2 4 11 1 12 15 12 9 6 11 10 1 7 2 32 2 16 2 2.70999124060388841 1 31 5 6 15 1 11 25 1 10 19 9 1 23 9 12 2 8 23.183398425579071 71.6531245678360165 
2 22 2 3.36768017929769181 16 11 12 7 13 14 32 9 18 23 10 1 3 9 6 30 2.70999124060388841 16 9 2 4 11 1 12 15 12 9 6 11 10 1 7 2 32 2 16 2 2.70999124060388841 1 31 5 6 15 1 11 25 1 10 19 9 15 30 7 12 2 8 21.653068482875824 78.7296423143978359 
2 22 2 3.36768017929769181 16 11 12 21 1 10 28 6 18 23 10 1 3 9 6 30 2.70999124060388841 16 9 2 4 11 1 12 15 12 9 6 11 10 1 7 2 32 2 16 2 2.70999124060388841 1 31 5 6 15 1 4 5 11 10 19 9 17 31 12 12 2 8 23.598110556602478 70.2969105725869667 
2 22 2 3.36768017929769181 16 11 4 12 13 10 28 6 14 18 10 1 3 9 6 30 2.70999124060388841 16 9 2 4 11 1 12 15 12 9 6 11 10 1 7 2 32 2 16 2 2.70999124060388841 1 31 5 6 15 1 17 30 4 10 19 9 18 24 2.70999124060388841 12 2 8 21.2090267539024353 84.5841210517393591 
17 31 2.70999124060388841 3.36768017929769181 16 11 12 21 1 10 28 6 5 24 6.96245171630185755 1 3 9 6 30 2.70999124060388841 16 9 2 4 11 1 12 15 12 9 6 11 10 1 7 2 32 2 16 2 2.70999124060388841 1 31 5 6 15 1 11 25 1 10 19 9 18 24 2.70999124060388841 12 2 8 23.6124176979064941 69.2651846112182312 
2 22 2 3.36768017929769181 16 11 13 20 12 10 28 6 17 6 9 1 3 9 6 30 2.70999124060388841 16 9 2 13 17 5 12 15 12 9 6 11 10 1 7 2 32 2 16 2 2.70999124060388841 1 31 5 6 15 1 14 6 13 10 19 9 3 12 2.70999124060388841 12 2 8 19.8864566087722778 104.77557750500489 
8 6 4 4 30 11 15 12 11 1 25 2 13 6 13 14 22 8 3.36768017929769181 32 10 6 25 4 6 6 8 16 22 1 3 30 4 1 31 6.96245171630185755 16 1 1 2 12 8 13 25 9 13 31 7 8 16 7 15 30 3.84646942076222631 17 6 6 14 13 13 16.4689210653305054 250.159080302826055 
2 22 2 3.36768017929769181 16 11 12 21 1 10 28 6 18 23 10 1 3 9 6 30 2.70999124060388841 16 9 2 4 11 1 12 15 12 9 6 11 10 1 7 2 32 2 16 2 2.70999124060388841 1 31 5 6 15 1 11 25 1 10 19 9 3.36768017929769181 23 13 12 2 8 24.7532675266265869 65.5333950213947531 
2 22 2 3.36768017929769181 16 11 12 21 1 10 28 6 18 23 10 1 3 9 6 30 2.70999124060388841 16 9 2 4 11 1 12 15 12 9 6 11 10 1 7 2 32 2 16 2 2.70999124060388841 1 31 5 6 15 1 11 25 1 10 19 9 3.36768017929769181 26 11 12 2 8 24.2604445815086365 65.7916443858766229 
2 22 2 3.36768017929769181 16 11 12 21 1 10 28 6 15 24 4 1 3 9 6 30 2.70999124060388841 16 9 2 4 11 1 12 15 12 9 6 11 10 1 7 2 32 2 16 2 2.70999124060388841 1 31 5 6 15 1 11 25 1 10 19 9 17 20 7 12 2 8 22.536090612411499 76.2005865291516926 
2 22 2 3.36768017929769181 16 11 4 20 12 10 28 6 18 23 10 1 3 9 6 30 2.70999124060388841 16 9 2 4 11 1 12 15 12 9 6 11 10 1 7 2 32 2 16 2 2.70999124060388841 1 31 5 6 15 1 11 25 1 10 19 9 18 24 2.70999124060388841 12 2 8 23.6236324906349182 66.7741208034231164 
3.36768017929769181 26 9 13 15 2 18 25 4 6 6 4 12 26 12 3 26 7 1 28 10 6 31 5 14 15 1 15 1 12 9 24 8 1 26 9 6 31 8 3 17 1 4 5 5 13 12 13 14 1 1 9.25570237641795579 31 3 8 32 3.84646942076222631 17 31 3 17.92937171459198 226.478883981515565 
16 26 2 1 25 7 15 18 13 9 24 12 3.36768017929769181 17 12 12 6 13 1 31 7 5 32 5 14 24 6.96245171630185755 4 15 2 8 18 2 14 3 3 1 12 5 2 29 7 16 6 11 14 15 9 10 20 12 17 33 6 12 2 2 4 9 8 19.5896577835083008 169.286483003240903 
1 32 13 3.36768017929769181 16 11 12 21 1 13 31 8 14 23 5 1 3 9 6 30 2.70999124060388841 16 9 2 4 11 1 12 15 12 9 6 11 10 1 7 2 32 2 16 2 2.70999124060388841 1 31 5 6 15 1 11 25 1 10 19 9 14 6 4 12 2 8 20.9477674067020416 95.2862631864610847 
2 22 2 3.36768017929769181 16 11 4 25 8 10 28 6 18 23 10 1 3 9 6 30 2.70999124060388841 16 9 2 4 11 1 12 15 12 9 6 11 10 1 7 2 32 2 16 2 2.70999124060388841 1 31 5 6 15 1 11 25 1 3.36768017929769181 20 5 18 24 2.70999124060388841 12 2 8 23.1294865012168884 74.1689518215836188 
6 25 2 8 24 8 17 28 6 18 6 11 16 5 2 17 30 9 14 3 3 2 31 11 12 1 13 4 24 6 14 9 9 11 6 9 13 16 9 8 32 11 14 32 10 1 31 12 15 19 9 3 3 7 1 18 8 13 14 8 18.6538248658180237 197.100365759111895 
2 22 2 3.36768017929769181 16 11 4 15 13 17 6 12 14 30 3 1 3 9 6 30 2.70999124060388841 16 9 2 4 11 1 12 15 12 9 6 11 10 1 7 2 32 2 16 2 2.70999124060388841 1 31 5 6 15 1 11 25 1 10 19 9 18 24 2.70999124060388841 12 2 8 20.8851965367794037 98.8465938298694624 
3 18 8 12 17 11 6 26 3 16 2 10 14 12 4 14 31 9 6 22 10 10 1 11 14 16 1 17 15 8 16 33 12 2 32 1 9 32 2.70999124060388841 9.25570237641795579 32 12 14 20 3 9 8 6 17 6 3.84646942076222631 4 18 5 14 26 7 1 9 4 18.9796810448169708 195.664524854230734 
2 22 2 3.36768017929769181 16 11 12 21 1 10 28 6 18 23 10 1 3 9 6 30 2.70999124060388841 16 9 2 4 11 1 12 15 12 9 6 11 10 1 7 2 32 2 17 3 6 1 31 5 6 15 1 11 25 1 10 19 9 18 24 2.70999124060388841 12 2 8 24.9496536254882812 65.3648170583678194 
2 22 2 3.36768017929769181 16 11 12 21 1 10 28 6 18 23 10 1 3 9 6 30 2.70999124060388841 16 9 2 4 11 1 12 15 12 9 6 11 10 1 7 2 32 2 16 2 2.70999124060388841 1 31 5 6 15 1 14 26 12 10 19 9 17 18 6 12 2 8 23.3967086672782898 70.3104623879760169 
2 22 2 3.36768017929769181 16 11 9 6 4 10 28 6 14 5.34074699537910114 7 1 3 9 6 30 2.70999124060388841 16 9 2 4 11 1 12 15 12 9 6 11 10 1 7 2 32 2 16 2 2.70999124060388841 1 31 5 6 15 1 11 25 1 10 19 9 14 20 8 12 2 8 21.104697585105896 94.7717617085819199 
2 22 2 3.36768017929769181 16 11 9 5 12 10 28 6 18 23 10 1 3 9 6 30 2.70999124060388841 16 9 2 4 11 1 12 15 12 9 6 11 10 1 7 2 32 2 16 2 2.70999124060388841 1 31 5 6 15 1 11 25 1 10 19 9 4 26 4 12 2 8 23.0883355140686035 74.1995796077885643 

Current Evaluation = 50000000(50000000)
Front Size = 35
16 18 13 9 33 4 2 1 12 15 13 12 14 24 7 15 22 2 14 5.34074699537910114 6.96245171630185755 16 31 12 9 32 9 14 16 6 8 15 6 15 6 11 4.94126535182462057 30 13 12 6 12 17 20 6 8 1 6 6 32 11 13.2195649013323386 20 2 4 17 10 12 31 12 18.3369486927986145 215.5716407775231 
13 24 6 14 19 12 4 11 13 1 13 2.70999124060388841 17 20 4 14 16.1354543567662532 9 13 15 6 5 31 4 12 1 3.84646942076222631 15 14 13 17 31 4 8 6 1 4 26 2 3 17 7 4 16 9 3 9 9 17 18 9.82524131762891173 1 31.8448655754823804 11 6 16 7.75241283629571765 6 9 6 18.207025945186615 222.798125537360306 
2 22 2 3.36768017929769181 16 11 12 12 12 10 28 6 18 23 10 1 3 9 6 30 2.70999124060388841 16 9 2 4 11 1 12 15 12 9 6 11 10 1 7 2 32 2 16 2 2.70999124060388841 1 31 5 6 15 1 11 25 1 10 19 9 14 30 10 12 2 8 22.5055284798145294 78.0292675409696699 
2 22 2 3.36768017929769181 16 11 2 6 13 4 26 12 15 24 13 1 3 9 6 30 2.70999124060388841 16 9 2 4 11 1 12 15 12 9 6 11 13 8 9 2 32 2 16 2 2.70999124060388841 1 31 5 6 15 1 11 25 1 10 19 9 4 1 3 14 26 5 19.6109312176704407 139.277388209540533 
2 22 2 3.36768017929769181 16 11 12 21 1 10 28 6 14 26 7 1 3 9 6 30 2.70999124060388841 16 9 2 4 11 1 12 15 12 9 6 11 10 1 7 2 32 2 16 2 2.70999124060388841 1 31 5 6 15 1 11 25 1 10 19 9 18 24 2.70999124060388841 12 2 8 23.3362016379833221 70.9132328870422839 
2 22 2 3.36768017929769181 16 11 4 12 12 10 28 6 18 23 10 1 3 9 6 30 2.70999124060388841 16 9 2 4 11 1 12 15 12 9 6 11 10 1 7 2 32 2 16 2 2.70999124060388841 1 31 5 6 15 1 3 5.34074699537910114 12 10 19 9 18 24 2.70999124060388841 12 2 8 23.1639506220817566 72.019395278784657 
2 22 2 3.36768017929769181 16 11 12 12 12 10 28 6 18 23 10 1 3 9 6 30 2.70999124060388841 16 9 2 4 11 1 12 15 12 9 6 11 10 1 7 2 32 2 16 2 2.70999124060388841 1 31 5 6 15 1 11 25 1 10 19 9 1 23 9 12 2 8 23.183398425579071 71.6531245678360165 
2 22 2 3.36768017929769181 16 11 12 7 13 14 32 9 18 23 10 1 3 9 6 30 2.70999124060388841 16 9 2 4 11 1 12 15 12 9 6 11 10 1 7 2 32 2 16 2 2.70999124060388841 1 31 5 6 15 1 11 25 1 10 19 9 15 30 7 12 2 8 21.653068482875824 78.7296423143978359 
2 22 2 3.36768017929769181 16 11 4 12 13 10 28 6 14 18 10 1 3 9 6 30 2.70999124060388841 16 9 2 4 11 1 12 15 12 9 6 11 10 1 7 2 32 2 16 2 2.70999124060388841 1 31 5 6 15 1 17 30 4 10 19 9 18 24 2.70999124060388841 12 2 8 21.2090267539024353 84.5841210517393591 
2 22 2 3.36768017929769181 16 11 13 20 12 10 28 6 17 6 9 1 3 9 6 30 2.70999124060388841 16 9 2 13 17 5 12 15 12 9 6 11 10 1 7 2 32 2 16 2 2.70999124060388841 1 31 5 6 15 1 14 6 13 10 19 9 3 12 2.70999124060388841 12 2 8 19.8864566087722778 104.77557750500489 
8 6 4 4 30 11 15 12 11 1 25 2 13 6 13 14 22 8 3.36768017929769181 32 10 6 25 4 6 6 8 16 22 1 3 30 4 1 31 6.96245171630185755 16 1 1 2 12 8 13 25 9 13 31 7 8 16 7 15 30 3.84646942076222631 17 6 6 14 13 13 16.4689210653305054 250.159080302826055 
2 22 2 3.36768017929769181 16 11 12 21 1 10 28 6 18 23 10 1 3 9 6 30 2.70999124060388841 16 9 2 4 11 1 12 15 12 9 6 11 10 1 7 2 32 2 16 2 2.70999124060388841 1 31 5 6 15 1 11 25 1 10 19 9 3.36768017929769181 26 11 12 2 8 24.2604445815086365 65.7916443858766229 
2 22 2 3.36768017929769181 16 11 12 21 1 10 28 6 15 24 4 1 3 9 6 30 2.70999124060388841 16 9 2 4 11 1 12 15 12 9 6 11 10 1 7 2 32 2 16 2 2.70999124060388841 1 31 5 6 15 1 11 25 1 10 19 9 17 20 7 12 2 8 22.536090612411499 76.2005865291516926 
2 22 2 3.36768017929769181 16 11 4 20 12 10 28 6 18 23 10 1 3 9 6 30 2.70999124060388841 16 9 2 4 11 1 12 15 12 9 6 11 10 1 7 2 32 2 16 2 2.70999124060388841 1 31 5 6 15 1 11 25 1 10 19 9 18 24 2.70999124060388841 12 2 8 23.6236324906349182 66.7741208034231164 
3.36768017929769181 26 9 13 15 2 18 25 4 6 6 4 12 26 12 3 26 7 1 28 10 6 31 5 14 15 1 15 1 12 9 24 8 1 26 9 6 31 8 3 17 1 4 5 5 13 12 13 14 1 1 9.25570237641795579 31 3 8 32 3.84646942076222631 17 31 3 17.92937171459198 226.478883981515565 
16 26 2 1 25 7 15 18 13 9 24 12 3.36768017929769181 17 12 12 6 13 1 31 7 5 32 5 14 24 6.96245171630185755 4 15 2 8 18 2 14 3 3 1 12 5 2 29 7 16 6 11 14 15 9 10 20 12 17 33 6 12 2 2 4 9 8 19.5896577835083008 169.286483003240903 
2 22 2 3.36768017929769181 16 11 4 25 8 10 28 6 18 23 10 1 3 9 6 30 2.70999124060388841 16 9 2 4 11 1 12 15 12 9 6 11 10 1 7 2 32 2 16 2 2.70999124060388841 1 31 5 6 15 1 11 25 1 3.36768017929769181 20 5 18 24 2.70999124060388841 12 2 8 23.1294865012168884 74.1689518215836188 
6 25 2 8 24 8 17 28 6 18 6 11 16 5 2 17 30 9 14 3 3 2 31 11 12 1 13 4 24 6 14 9 9 11 6 9 13 16 9 8 32 11 14 32 10 1 31 12 15 19 9 3 3 7 1 18 8 13 14 8 18.6538248658180237 197.100365759111895 
3 18 8 12 17 11 6 26 3 16 2 10 14 12 4 14 31 9 6 22 10 10 1 11 14 16 1 17 15 8 16 33 12 2 32 1 9 32 2.70999124060388841 9.25570237641795579 32 12 14 20 3 9 8 6 17 6 3.84646942076222631 4 18 5 14 26 7 1 9 4 18.9796810448169708 195.664524854230734 
2 22 2 3.36768017929769181 16 11 12 21 1 10 28 6 18 23 10 1 3 9 6 30 2.70999124060388841 16 9 2 4 11 1 12 15 12 9 6 11 10 1 7 2 32 2 16 2 2.70999124060388841 1 31 5 6 15 1 14 26 12 10 19 9 17 18 6 12 2 8 23.3967086672782898 70.3104623879760169 
2 22 2 3.36768017929769181 16 11 9 5 12 10 28 6 18 23 10 1 3 9 6 30 2.70999124060388841 16 9 2 4 11 1 12 15 12 9 6 11 10 1 7 2 32 2 16 2 2.70999124060388841 1 31 5 6 15 1 11 25 1 10 19 9 4 26 4 12 2 8 23.0883355140686035 74.1995796077885643 
16 2 2.70999124060388841 3.36768017929769181 16 11 12 21 1 10 28 6 18 23 10 1 3 9 6 30 2.70999124060388841 16 9 2 4 11 1 12 15 12 9 6 11 10 1 7 2 32 2 16 2 2.70999124060388841 1 31 5 6 15 1 3.36768017929769181 7 11 10 19 9 18 24 2.70999124060388841 12 2 8 24.5669547319412231 65.06125761713065 
2 22 2 3.36768017929769181 16 11 4 20 1 10 28 6 18 23 10 1 3 9 6 30 2.70999124060388841 16 9 2 4 11 1 12 15 12 9 6 11 10 1 7 2 32 2 16 2 2.70999124060388841 1 31 5 6 15 1 3.36768017929769181 7 11 17 13 10 18 24 2.70999124060388841 12 2 8 23.146334707736969 72.4247482685671855 
2 22 2 3.36768017929769181 16 11 12 12 12 10 28 6 18 23 10 1 3 9 6 30 2.70999124060388841 16 9 2 4 11 1 12 15 12 9 6 11 10 1 7 2 32 2 16 2 2.70999124060388841 1 31 5 6 15 1 3.36768017929769181 7 11 10 19 9 18 24 2.70999124060388841 12 2 8 23.4989935755729675 68.1599483488127191 
2 22 2 3.36768017929769181 16 11 12 21 1 15 6 4 18 23 10 1 3 9 6 30 2.70999124060388841 16 9 2 4 11 1 12 15 12 9 6 11 10 1 7 2 32 2 16 2 2.70999124060388841 1 31 5 6 15 1 3.36768017929769181 7 11 10 19 9 18 24 2.70999124060388841 12 2 8 23.4958085417747498 69.7831262070618408 
2 22 2 3.36768017929769181 16 11 13 15 8 6 6 4 18 23 10 1 3 9 6 30 2.70999124060388841 16 9 2 4 11 1 12 15 12 9 6 11 10 1 7 2 32 2 16 2 2.70999124060388841 1 31 5 6 15 1 3.36768017929769181 7 11 10 19 9 14 9 4 12 2 8 21.095594584941864 93.0924039487208717 
14 18 12 3.36768017929769181 16 11 13 26 11 12 24 6 13 31 6 1 3 9 6 30 2.70999124060388841 16 9 2 13 30 5 12 15 12 9 6 11 10 1 7 2 32 2 16 2 2.70999124060388841 1 31 5 6 15 1 3.36768017929769181 7 11 10 19 9 18 24 2.70999124060388841 12 2 8 19.6514387130737305 138.936711441395062 
2 22 2 3.36768017929769181 16 11 9 5.34074699537910114 3 14 6 3 14 24 3 1 3 9 6 30 2.70999124060388841 16 9 2 4 11 1 12 15 12 9 6 11 10 1 7 2 32 2 16 2 2.70999124060388841 1 31 5 6 15 1 3.36768017929769181 7 11 10 19 9 18 24 2.70999124060388841 12 2 8 20.7897535562515259 99.3236759266913651 
2 22 2 3.36768017929769181 16 11 12 21 1 17 24 7 18 23 10 1 3 9 6 30 2.70999124060388841 16 9 2 4 11 1 12 15 12 9 6 11 10 1 7 2 32 2 16 2 2.70999124060388841 1 31 5 6 15 1 3.36768017929769181 7 11 10 19 9 13 26 4 12 2 8 22.5384315848350525 74.2385798249964637 
2 22 2 3.36768017929769181 16 11 9 20 11 14 19 9 18 23 10 1 3 9 6 30 2.70999124060388841 16 9 2 4 11 1 12 15 12 9 6 11 10 1 7 2 32 2 16 2 2.70999124060388841 1 31 5 6 15 1 3.36768017929769181 7 11 10 19 9 18 24 2.70999124060388841 12 2 8 22.368707537651062 78.525100680886311 
2 22 2 3.36768017929769181 16 11 12 21 1 10 28 6 18 23 10 1 3 9 6 30 2.70999124060388841 16 9 2 4 11 1 12 15 12 9 6 11 10 1 7 2 32 2 16 2 2.70999124060388841 1 31 5 6 15 1 3.36768017929769181 7 11 10 19 9 17 23 10 12 2 8 24.3941665887832642 65.5380004929486404 
5 31 12 8 32 10 3.36768017929769181 25 13 1 1 6.96245171630185755 17 30 6 17 8.22565314501180467 9 15 23 6 12 24 2 18 6 13 15 26 9.82524131762891173 13 31.8448655754823804 11 6 1 11 1 24 10 10.3494946964094545 19 1 12 15 6 4 8 6 13 32 11 1 30 13 6 20 7 16 2.14087964533996544 1 19.5511358976364136 189.174802150034338 
2 22 2 3.36768017929769181 16 11 12 21 1 10 28 6 18 23 10 1 3 9 6 30 2.70999124060388841 16 9 2 4 11 1 12 15 12 9 6 11 10 1 7 2 32 2 16 2 2.70999124060388841 1 31 5 6 15 1 3.36768017929769181 7 11 10 19 9 14 24 5 12 2 8 23.6373866200447083 65.8310650930451686 
2 22 2 3.36768017929769181 16 11 12 21 1 10 28 6 18 23 10 1 3 9 6 30 2.70999124060388841 16 9 2 4 11 1 12 15 12 9 6 11 10 1 7 2 32 2 16 2 2.70999124060388841 1 31 5 6 15 1 3.36768017929769181 7 11 10 19 9 18 24 2.70999124060388841 12 2 8 24.7808636426925659 63.312526379086485 
6 18 2.70999124060388841 3.36768017929769181 16 11 12 21 1 1 26 7 14 22 13 1 3 9 6 30 2.70999124060388841 16 9 2 4 11 1 12 15 12 9 6 11 10 1 7 2 32 2 16 2 2.70999124060388841 1 31 5 6 15 1 3.36768017929769181 7 11 10 19 9 6 30 4 12 2 8 20.7962696552276611 94.8285605786411594 

Current Evaluation = 60000000(60000000)
Front Size = 35
16 18 13 9 33 4 2 1 12 15 13 12 14 24 7 15 22 2 14 5.34074699537910114 6.96245171630185755 16 31 12 9 32 9 14 16 6 8 15 6 15 6 11 4.94126535182462057 30 13 12 6 12 17 20 6 8 1 6 6 32 11 13.2195649013323386 20 2 4 17 10 12 31 12 18.3369486927986145 215.5716407775231 
13 24 6 14 19 12 4 11 13 1 13 2.70999124060388841 17 20 4 14 16.1354543567662532 9 13 15 6 5 31 4 12 1 3.84646942076222631 15 14 13 17 31 4 8 6 1 4 26 2 3 17 7 4 16 9 3 9 9 17 18 9.82524131762891173 1 31.8448655754823804 11 6 16 7.75241283629571765 6 9 6 18.207025945186615 222.798125537360306 
2 22 2 3.36768017929769181 16 11 2 6 13 4 26 12 15 24 13 1 3 9 6 30 2.70999124060388841 16 9 2 4 11 1 12 15 12 9 6 11 13 8 9 2 32 2 16 2 2.70999124060388841 1 31 5 6 15 1 11 25 1 10 19 9 4 1 3 14 26 5 19.6109312176704407 139.277388209540533 
2 22 2 3.36768017929769181 16 11 12 21 1 10 28 6 14 26 7 1 3 9 6 30 2.70999124060388841 16 9 2 4 11 1 12 15 12 9 6 11 10 1 7 2 32 2 16 2 2.70999124060388841 1 31 5 6 15 1 11 25 1 10 19 9 18 24 2.70999124060388841 12 2 8 23.3362016379833221 70.9132328870422839 
2 22 2 3.36768017929769181 16 11 4 12 12 10 28 6 18 23 10 1 3 9 6 30 2.70999124060388841 16 9 2 4 11 1 12 15 12 9 6 11 10 1 7 2 32 2 16 2 2.70999124060388841 1 31 5 6 15 1 3 5.34074699537910114 12 10 19 9 18 24 2.70999124060388841 12 2 8 23.1639506220817566 72.019395278784657 
2 22 2 3.36768017929769181 16 11 12 7 13 14 32 9 18 23 10 1 3 9 6 30 2.70999124060388841 16 9 2 4 11 1 12 15 12 9 6 11 10 1 7 2 32 2 16 2 2.70999124060388841 1 31 5 6 15 1 11 25 1 10 19 9 15 30 7 12 2 8 21.653068482875824 78.7296423143978359 
2 22 2 3.36768017929769181 16 11 13 20 12 10 28 6 17 6 9 1 3 9 6 30 2.70999124060388841 16 9 2 13 17 5 12 15 12 9 6 11 10 1 7 2 32 2 16 2 2.70999124060388841 1 31 5 6 15 1 14 6 13 10 19 9 3 12 2.70999124060388841 12 2 8 19.8864566087722778 104.77557750500489 
8 6 4 4 30 11 15 12 11 1 25 2 13 6 13 14 22 8 3.36768017929769181 32 10 6 25 4 6 6 8 16 22 1 3 30 4 1 31 6.96245171630185755 16 1 1 2 12 8 13 25 9 13 31 7 8 16 7 15 30 3.84646942076222631 17 6 6 14 13 13 16.4689210653305054 250.159080302826055 
2 22 2 3.36768017929769181 16 11 12 21 1 10 28 6 18 23 10 1 3 9 6 30 2.70999124060388841 16 9 2 4 11 1 12 15 12 9 6 11 10 1 7 2 32 2 16 2 2.70999124060388841 1 31 5 6 15 1 11 25 1 10 19 9 3.36768017929769181 26 11 12 2 8 24.2604445815086365 65.7916443858766229 
2 22 2 3.36768017929769181 16 11 4 20 12 10 28 6 18 23 10 1 3 9 6 30 2.70999124060388841 16 9 2 4 11 1 12 15 12 9 6 11 10 1 7 2 32 2 16 2 2.70999124060388841 1 31 5 6 15 1 11 25 1 10 19 9 18 24 2.70999124060388841 12 2 8 23.6236324906349182 66.7741208034231164 
3.36768017929769181 26 9 13 15 2 18 25 4 6 6 4 12 26 12 3 26 7 1 28 10 6 31 5 14 15 1 15 1 12 9 24 8 1 26 9 6 31 8 3 17 1 4 5 5 13 12 13 14 1 1 9.25570237641795579 31 3 8 32 3.84646942076222631 17 31 3 17.92937171459198 226.478883981515565 
16 26 2 1 25 7 15 18 13 9 24 12 3.36768017929769181 17 12 12 6 13 1 31 7 5 32 5 14 24 6.96245171630185755 4 15 2 8 18 2 14 3 3 1 12 5 2 29 7 16 6 11 14 15 9 10 20 12 17 33 6 12 2 2 4 9 8 19.5896577835083008 169.286483003240903 
6 25 2 8 24 8 17 28 6 18 6 11 16 5 2 17 30 9 14 3 3 2 31 11 12 1 13 4 24 6 14 9 9 11 6 9 13 16 9 8 32 11 14 32 10 1 31 12 15 19 9 3 3 7 1 18 8 13 14 8 18.6538248658180237 197.100365759111895 
2 22 2 3.36768017929769181 16 11 12 21 1 10 28 6 18 23 10 1 3 9 6 30 2.70999124060388841 16 9 2 4 11 1 12 15 12 9 6 11 10 1 7 2 32 2 16 2 2.70999124060388841 1 31 5 6 15 1 14 26 12 10 19 9 17 18 6 12 2 8 23.3967086672782898 70.3104623879760169 
2 22 2 3.36768017929769181 16 11 4 20 1 10 28 6 18 23 10 1 3 9 6 30 2.70999124060388841 16 9 2 4 11 1 12 15 12 9 6 11 10 1 7 2 32 2 16 2 2.70999124060388841 1 31 5 6 15 1 3.36768017929769181 7 11 17 13 10 18 24 2.70999124060388841 12 2 8 23.146334707736969 72.4247482685671855 
2 22 2 3.36768017929769181 16 11 12 12 12 10 28 6 18 23 10 1 3 9 6 30 2.70999124060388841 16 9 2 4 11 1 12 15 12 9 6 11 10 1 7 2 32 2 16 2 2.70999124060388841 1 31 5 6 15 1 3.36768017929769181 7 11 10 19 9 18 24 2.70999124060388841 12 2 8 23.4989935755729675 68.1599483488127191 
2 22 2 3.36768017929769181 16 11 12 21 1 15 6 4 18 23 10 1 3 9 6 30 2.70999124060388841 16 9 2 4 11 1 12 15 12 9 6 11 10 1 7 2 32 2 16 2 2.70999124060388841 1 31 5 6 15 1 3.36768017929769181 7 11 10 19 9 18 24 2.70999124060388841 12 2 8 23.4958085417747498 69.7831262070618408 
14 18 12 3.36768017929769181 16 11 13 26 11 12 24 6 13 31 6 1 3 9 6 30 2.70999124060388841 16 9 2 13 30 5 12 15 12 9 6 11 10 1 7 2 32 2 16 2 2.70999124060388841 1 31 5 6 15 1 3.36768017929769181 7 11 10 19 9 18 24 2.70999124060388841 12 2 8 19.6514387130737305 138.936711441395062 
2 22 2 3.36768017929769181 16 11 12 21 1 17 24 7 18 23 10 1 3 9 6 30 2.70999124060388841 16 9 2 4 11 1 12 15 12 9 6 11 10 1 7 2 32 2 16 2 2.70999124060388841 1 31 5 6 15 1 3.36768017929769181 7 11 10 19 9 13 26 4 12 2 8 22.5384315848350525 74.2385798249964637 
5 31 12 8 32 10 3.36768017929769181 25 13 1 1 6.96245171630185755 17 30 6 17 8.22565314501180467 9 15 23 6 12 24 2 18 6 13 15 26 9.82524131762891173 13 31.8448655754823804 11 6 1 11 1 24 10 10.3494946964094545 19 1 12 15 6 4 8 6 13 32 11 1 30 13 6 20 7 16 2.14087964533996544 1 19.5511358976364136 189.174802150034338 
2 22 2 3.36768017929769181 16 11 12 21 1 10 28 6 18 23 10 1 3 9 6 30 2.70999124060388841 16 9 2 4 11 1 12 15 12 9 6 11 10 1 7 2 32 2 16 2 2.70999124060388841 1 31 5 6 15 1 3.36768017929769181 7 11 10 19 9 14 24 5 12 2 8 23.6373866200447083 65.8310650930451686 
6 18 2.70999124060388841 3.36768017929769181 16 11 12 21 1 1 26 7 14 22 13 1 3 9 6 30 2.70999124060388841 16 9 2 4 11 1 12 15 12 9 6 11 10 1 7 2 32 2 16 2 2.70999124060388841 1 31 5 6 15 1 3.36768017929769181 7 11 10 19 9 6 30 4 12 2 8 20.7962696552276611 94.8285605786411594 
17 20 2.70999124060388841 3.36768017929769181 16 11 14 26 13 10 28 6 18 23 10 1 3 9 6 30 2.70999124060388841 16 9 2 4 11 1 12 15 12 9 6 11 10 1 7 2 32 2 16 2 2.70999124060388841 1 31 5 6 15 1 3.36768017929769181 7 11 10 19 9 18 24 2.70999124060388841 12 2 8 22.6570807099342346 73.9171415855050782 
16 18 2 3.36768017929769181 16 11 12 21 1 10 28 6 18 23 10 1 3 9 6 30 2.70999124060388841 16 9 2 4 11 1 12 15 12 9 6 11 10 1 7 2 32 2 16 2 2.70999124060388841 1 31 5 6 15 1 3.36768017929769181 7 11 10 19 9 18 24 2.70999124060388841 12 2 8 24.4338417053222656 64.731131892410275 
2 22 2 3.36768017929769181 16 11 4 25 11 10 28 6 14 24 4 1 3 9 6 30 2.70999124060388841 16 9 2 4 11 1 12 15 12 9 6 11 10 1 7 2 32 2 16 2 2.70999124060388841 1 31 5 6 15 1 3.36768017929769181 7 11 10 19 9 15 15 9 12 2 8 20.8380016386508942 84.4696247788159553 
2 22 2 3.36768017929769181 16 11 12 21 1 10 28 6 18 23 10 1 3 9 6 30 2.70999124060388841 16 9 2 4 11 1 12 15 12 9 6 11 10 1 7 2 32 2 16 2 2.70999124060388841 1 31 5 6 15 1 3.36768017929769181 7 11 10 19 9 18 24 2.70999124060388841 12 2 8 24.7808636426925659 63.1454226609440354 
2 22 2 3.36768017929769181 16 11 12 21 1 10 28 6 18 23 10 1 3 9 6 30 2.70999124060388841 16 9 2 4 11 1 12 15 12 9 6 11 10 1 7 2 32 2 16 2 2.70999124060388841 1 31 5 6 15 1 4 16 11 3 5 13 14 26 10 12 2 8 23.1687596440315247 71.3541601000566601 
2 22 2 3.36768017929769181 16 11 12 21 1 10 28 6 18 23 10 1 3 9 6 30 2.70999124060388841 16 9 2 4 11 1 12 15 12 9 6 11 10 1 7 2 32 2 16 2 2.70999124060388841 1 31 5 6 15 1 3.36768017929769181 7 11 10 19 9 14 30 10 12 2 8 23.5721746385097504 68.1263285540799757 
2 22 2 3.36768017929769181 16 11 12 21 1 10 28 6 18 23 10 1 3 9 6 30 2.70999124060388841 16 9 2 4 11 1 12 15 12 9 6 11 10 1 7 2 32 2 14 3 9 1 31 5 6 15 1 3.36768017929769181 7 11 10 19 9 18 24 2.70999124060388841 12 2 8 24.3449326753616333 65.1416521939161726 
2 22 2 3.36768017929769181 16 11 1 20 2 17 31 11 15 6 5 1 3 9 6 30 2.70999124060388841 16 9 2 4 11 1 12 15 12 9 6 11 10 1 7 2 32 2 16 2 2.70999124060388841 1 31 5 6 15 1 3.36768017929769181 7 11 10 19 9 18 24 2.70999124060388841 12 2 8 20.7185586094856262 97.7219712635180713 
2 22 2 3.36768017929769181 16 11 9 20 12 10 28 6 18 23 10 1 3 9 6 30 2.70999124060388841 16 9 2 4 11 1 12 15 12 9 6 11 10 1 7 2 32 2 16 2 2.70999124060388841 1 31 5 6 15 1 3.36768017929769181 7 11 10 19 9 18 24 2.70999124060388841 12 2 8 23.6004945635795593 67.132574140614139 
17 28 2.70999124060388841 3.36768017929769181 16 11 9 12 7 14 6 5 18 23 10 1 3 9 6 30 2.70999124060388841 16 9 2 4 11 1 12 15 12 9 6 11 10 1 7 2 32 2 16 2 2.70999124060388841 1 31 5 6 15 1 3.36768017929769181 7 11 10 19 9 18 24 2.70999124060388841 12 2 8 22.1138806343078613 75.6334244746831104 
2 22 2 9 12 12 3 24 8 10 28 6 14 32 5 1 3 9 6 30 2.70999124060388841 16 9 2 4 11 1 12 15 12 9 6 11 10 1 7 2 32 2 16 2 2.70999124060388841 1 31 5 6 15 1 3.36768017929769181 7 11 10 19 9 9 6 13 12 2 8 20.9794416427612305 80.0020173886257879 
2 22 2 3.36768017929769181 16 11 14 20 4 10 28 6 18 23 10 1 3 9 6 30 2.70999124060388841 16 9 2 4 11 1 12 15 12 9 6 11 10 1 7 2 32 2 16 2 2.70999124060388841 1 31 5 6 15 1 3.36768017929769181 7 11 10 19 9 18 24 2.70999124060388841 12 2 8 23.0428546369075775 73.4308987816766887 
6 20 1 2 9 11 9 16 13 17 31 2 3.36768017929769181 11 6.96245171630185755 14 12 1 15 1 10 6 20 4 14 3 10 4 8 11 8 9 12 16 2 5 17 33 9 3 12 12 4.94126535182462057 3 3 12 15 2 1 1 1 14 2 4 4 31 13 14 1 7 18.7992335557937622 191.08289718809803 

Current Evaluation = 70000000(70000000)
Front Size = 28
16 18 13 9 33 4 2 1 12 15 13 12 14 24 7 15 22 2 14 5.34074699537910114 6.96245171630185755 16 31 12 9 32 9 14 16 6 8 15 6 15 6 11 4.94126535182462057 30 13 12 6 12 17 20 6 8 1 6 6 32 11 13.2195649013323386 20 2 4 17 10 12 31 12 18.3369486927986145 215.5716407775231 
13 24 6 14 19 12 4 11 13 1 13 2.70999124060388841 17 20 4 14 16.1354543567662532 9 13 15 6 5 31 4 12 1 3.84646942076222631 15 14 13 17 31 4 8 6 1 4 26 2 3 17 7 4 16 9 3 9 9 17 18 9.82524131762891173 1 31.8448655754823804 11 6 16 7.75241283629571765 6 9 6 18.207025945186615 222.798125537360306 
2 22 2 3.36768017929769181 16 11 12 7 13 14 32 9 18 23 10 1 3 9 6 30 2.70999124060388841 16 9 2 4 11 1 12 15 12 9 6 11 10 1 7 2 32 2 16 2 2.70999124060388841 1 31 5 6 15 1 11 25 1 10 19 9 15 30 7 12 2 8 21.653068482875824 78.7296423143978359 
2 22 2 3.36768017929769181 16 11 13 20 12 10 28 6 17 6 9 1 3 9 6 30 2.70999124060388841 16 9 2 13 17 5 12 15 12 9 6 11 10 1 7 2 32 2 16 2 2.70999124060388841 1 31 5 6 15 1 14 6 13 10 19 9 3 12 2.70999124060388841 12 2 8 19.8864566087722778 104.77557750500489 
8 6 4 4 30 11 15 12 11 1 25 2 13 6 13 14 22 8 3.36768017929769181 32 10 6 25 4 6 6 8 16 22 1 3 30 4 1 31 6.96245171630185755 16 1 1 2 12 8 13 25 9 13 31 7 8 16 7 15 30 3.84646942076222631 17 6 6 14 13 13 16.4689210653305054 250.159080302826055 
3.36768017929769181 26 9 13 15 2 18 25 4 6 6 4 12 26 12 3 26 7 1 28 10 6 31 5 14 15 1 15 1 12 9 24 8 1 26 9 6 31 8 3 17 1 4 5 5 13 12 13 14 1 1 9.25570237641795579 31 3 8 32 3.84646942076222631 17 31 3 17.92937171459198 226.478883981515565 
16 26 2 1 25 7 15 18 13 9 24 12 3.36768017929769181 17 12 12 6 13 1 31 7 5 32 5 14 24 6.96245171630185755 4 15 2 8 18 2 14 3 3 1 12 5 2 29 7 16 6 11 14 15 9 10 20 12 17 33 6 12 2 2 4 9 8 19.5896577835083008 169.286483003240903 
6 25 2 8 24 8 17 28 6 18 6 11 16 5 2 17 30 9 14 3 3 2 31 11 12 1 13 4 24 6 14 9 9 11 6 9 13 16 9 8 32 11 14 32 10 1 31 12 15 19 9 3 3 7 1 18 8 13 14 8 18.6538248658180237 197.100365759111895 
2 22 2 3.36768017929769181 16 11 12 21 1 17 24 7 18 23 10 1 3 9 6 30 2.70999124060388841 16 9 2 4 11 1 12 15 12 9 6 11 10 1 7 2 32 2 16 2 2.70999124060388841 1 31 5 6 15 1 3.36768017929769181 7 11 10 19 9 13 26 4 12 2 8 22.5384315848350525 74.2385798249964637 
5 31 12 8 32 10 3.36768017929769181 25 13 1 1 6.96245171630185755 17 30 6 17 8.22565314501180467 9 15 23 6 12 24 2 18 6 13 15 26 9.82524131762891173 13 31.8448655754823804 11 6 1 11 1 24 10 10.3494946964094545 19 1 12 15 6 4 8 6 13 32 11 1 30 13 6 20 7 16 2.14087964533996544 1 19.5511358976364136 189.174802150034338 
17 20 2.70999124060388841 3.36768017929769181 16 11 14 26 13 10 28 6 18 23 10 1 3 9 6 30 2.70999124060388841 16 9 2 4 11 1 12 15 12 9 6 11 10 1 7 2 32 2 16 2 2.70999124060388841 1 31 5 6 15 1 3.36768017929769181 7 11 10 19 9 18 24 2.70999124060388841 12 2 8 22.6570807099342346 73.9171415855050782 
2 22 2 3.36768017929769181 16 11 4 25 11 10 28 6 14 24 4 1 3 9 6 30 2.70999124060388841 16 9 2 4 11 1 12 15 12 9 6 11 10 1 7 2 32 2 16 2 2.70999124060388841 1 31 5 6 15 1 3.36768017929769181 7 11 10 19 9 15 15 9 12 2 8 20.8380016386508942 84.4696247788159553 
2 22 2 3.36768017929769181 16 11 12 21 1 10 28 6 18 23 10 1 3 9 6 30 2.70999124060388841 16 9 2 4 11 1 12 15 12 9 6 11 10 1 7 2 32 2 16 2 2.70999124060388841 1 31 5 6 15 1 3.36768017929769181 7 11 10 19 9 18 24 2.70999124060388841 12 2 8 24.7808636426925659 63.1454226609440354 
17 28 2.70999124060388841 3.36768017929769181 16 11 9 12 7 14 6 5 18 23 10 1 3 9 6 30 2.70999124060388841 16 9 2 4 11 1 12 15 12 9 6 11 10 1 7 2 32 2 16 2 2.70999124060388841 1 31 5 6 15 1 3.36768017929769181 7 11 10 19 9 18 24 2.70999124060388841 12 2 8 22.1138806343078613 75.6334244746831104 
2 22 2 9 12 12 3 24 8 10 28 6 14 32 5 1 3 9 6 30 2.70999124060388841 16 9 2 4 11 1 12 15 12 9 6 11 10 1 7 2 32 2 16 2 2.70999124060388841 1 31 5 6 15 1 3.36768017929769181 7 11 10 19 9 9 6 13 12 2 8 20.9794416427612305 80.0020173886257879 
6 20 1 2 9 11 9 16 13 17 31 2 3.36768017929769181 11 6.96245171630185755 14 12 1 15 1 10 6 20 4 14 3 10 4 8 11 8 9 12 16 2 5 17 33 9 3 12 12 4.94126535182462057 3 3 12 15 2 1 1 1 14 2 4 4 31 13 14 1 7 18.7992335557937622 191.08289718809803 
17 8 2.70999124060388841 3.36768017929769181 16 11 12 21 1 6 1 9 18 23 10 1 3 9 6 30 2.70999124060388841 16 9 2 4 11 1 12 15 12 9 6 11 10 1 7 2 32 2 16 2 2.70999124060388841 1 31 5 6 15 1 3.36768017929769181 7 11 10 19 9 18 24 2.70999124060388841 12 2 8 23.3752205967903137 70.1330722054313469 
2 22 2 3.36768017929769181 16 11 11 12 13 10 28 6 18 23 10 1 3 9 6 30 2.70999124060388841 16 9 2 4 11 1 12 15 12 9 6 11 10 1 7 2 32 2 16 2 2.70999124060388841 1 31 5 6 15 1 3.36768017929769181 7 11 10 19 9 18 24 2.70999124060388841 12 2 8 24.0390796661376953 64.4304774696205982 
2 22 2 3.36768017929769181 16 11 4 25 13 10 28 6 18 23 10 1 3 9 6 30 2.70999124060388841 16 9 2 4 11 1 12 15 12 9 6 11 10 1 7 2 32 2 16 2 2.70999124060388841 1 31 5 6 15 1 3.36768017929769181 7 11 10 19 9 18 24 2.70999124060388841 12 2 8 23.4771955609321594 68.8324209714472488 
2 22 2 3.36768017929769181 16 11 12 21 1 10 28 6 14 32 3 1 3 9 6 30 2.70999124060388841 16 9 2 4 11 1 12 15 12 9 6 11 10 1 7 2 32 2 16 2 2.70999124060388841 1 31 5 6 15 1 3.36768017929769181 7 11 10 19 9 18 24 2.70999124060388841 12 2 8 23.1903637647628784 70.526164909735229 
2 22 2 3.36768017929769181 16 11 4 18 2 10 28 6 14 6 10 1 3 9 6 30 2.70999124060388841 16 9 2 4 11 1 12 15 12 9 6 11 10 1 7 2 32 2 16 2 2.70999124060388841 1 31 5 6 15 1 3.36768017929769181 7 11 14 6 12 14 19 7 13 1 11 19.5953316986560822 111.915449202614653 
2 22 2 3.36768017929769181 16 11 12 21 1 14 26 4 18 23 10 1 3 9 6 30 2.70999124060388841 16 9 2 4 11 1 12 15 12 9 6 11 10 1 7 2 32 2 16 2 2.70999124060388841 1 31 5 6 15 1 3.36768017929769181 7 11 10 19 9 18 24 2.70999124060388841 12 2 8 23.3509555459022522 70.2412515619773217 
2 22 2 3.36768017929769181 16 11 9 25 13 10 28 6 18 23 10 1 3 9 6 30 2.70999124060388841 16 9 2 4 11 1 12 15 12 9 6 11 10 1 7 2 32 2 16 2 2.70999124060388841 1 31 5 6 15 1 3.36768017929769181 7 11 10 19 9 6 30 6 12 2 8 22.6822605729103088 73.0201160718653028 
2 22 2 3.36768017929769181 16 11 11 26 12 10 28 6 18 23 10 1 3 9 6 30 2.70999124060388841 16 9 2 4 11 1 12 15 12 9 6 11 10 1 7 2 32 2 16 2 2.70999124060388841 1 31 5 6 15 1 3.36768017929769181 7 11 10 19 9 1 24 7 12 2 8 23.0564946532249451 70.9681857455849325 
4 13 2 15 9 11 3 24 7 2 26 3 15 20 4 12 18 11 10 24 9 3 2 12 15 1 1 14 11 2.70999124060388841 6 28 5 3 25 11 2 3 5 8 12 13 14 31 9 17 2 10 15 16 10 4 12 10 1 30 8 10 32 3 19.3108060359954834 189.791708781414684 
2 22 2 3.36768017929769181 16 11 4 20 1 10 28 6 18 23 10 1 3 9 6 30 2.70999124060388841 16 9 2 4 11 1 12 15 12 9 6 11 10 1 7 2 32 2 16 2 2.70999124060388841 1 31 5 6 15 1 3.36768017929769181 7 11 10 19 9 18 24 2.70999124060388841 12 2 8 23.4904085993766785 65.5540696174010122 
17 5 5 3.36768017929769181 16 11 4 25 13 10 28 6 14 32 7 1 3 9 6 30 2.70999124060388841 16 9 2 4 11 1 12 15 12 9 6 11 10 1 7 2 32 2 16 2 2.70999124060388841 1 31 5 6 15 1 3.36768017929769181 7 11 10 19 9 6 18 2 12 2 8 20.6238857507705688 92.1715156689098478 
2 22 2 3.36768017929769181 16 11 4 20 12 10 28 6 18 23 10 1 3 9 6 30 2.70999124060388841 16 9 2 4 11 1 12 15 12 9 6 11 10 1 7 2 32 2 16 2 2.70999124060388841 1 31 5 6 15 1 3.36768017929769181 7 11 10 19 9 18 24 2.70999124060388841 12 2 8 23.4084085822105408 69.953974408315716 

Current Evaluation = 80000000(80000000)
Front Size = 28
16 18 13 9 33 4 2 1 12 15 13 12 14 24 7 15 22 2 14 5.34074699537910114 6.96245171630185755 16 31 12 9 32 9 14 16 6 8 15 6 15 6 11 4.94126535182462057 30 13 12 6 12 17 20 6 8 1 6 6 32 11 13.2195649013323386 20 2 4 17 10 12 31 12 18.3369486927986145 215.5716407775231 
13 24 6 14 19 12 4 11 13 1 13 2.70999124060388841 17 20 4 14 16.1354543567662532 9 13 15 6 5 31 4 12 1 3.84646942076222631 15 14 13 17 31 4 8 6 1 4 26 2 3 17 7 4 16 9 3 9 9 17 18 9.82524131762891173 1 31.8448655754823804 11 6 16 7.75241283629571765 6 9 6 18.207025945186615 222.798125537360306 
2 22 2 3.36768017929769181 16 11 12 7 13 14 32 9 18 23 10 1 3 9 6 30 2.70999124060388841 16 9 2 4 11 1 12 15 12 9 6 11 10 1 7 2 32 2 16 2 2.70999124060388841 1 31 5 6 15 1 11 25 1 10 19 9 15 30 7 12 2 8 21.653068482875824 78.7296423143978359 
2 22 2 3.36768017929769181 16 11 13 20 12 10 28 6 17 6 9 1 3 9 6 30 2.70999124060388841 16 9 2 13 17 5 12 15 12 9 6 11 10 1 7 2 32 2 16 2 2.70999124060388841 1 31 5 6 15 1 14 6 13 10 19 9 3 12 2.70999124060388841 12 2 8 19.8864566087722778 104.77557750500489 
8 6 4 4 30 11 15 12 11 1 25 2 13 6 13 14 22 8 3.36768017929769181 32 10 6 25 4 6 6 8 16 22 1 3 30 4 1 31 6.96245171630185755 16 1 1 2 12 8 13 25 9 13 31 7 8 16 7 15 30 3.84646942076222631 17 6 6 14 13 13 16.4689210653305054 250.159080302826055 
3.36768017929769181 26 9 13 15 2 18 25 4 6 6 4 12 26 12 3 26 7 1 28 10 6 31 5 14 15 1 15 1 12 9 24 8 1 26 9 6 31 8 3 17 1 4 5 5 13 12 13 14 1 1 9.25570237641795579 31 3 8 32 3.84646942076222631 17 31 3 17.92937171459198 226.478883981515565 
6 25 2 8 24 8 17 28 6 18 6 11 16 5 2 17 30 9 14 3 3 2 31 11 12 1 13 4 24 6 14 9 9 11 6 9 13 16 9 8 32 11 14 32 10 1 31 12 15 19 9 3 3 7 1 18 8 13 14 8 18.6538248658180237 197.100365759111895 
2 22 2 3.36768017929769181 16 11 12 21 1 17 24 7 18 23 10 1 3 9 6 30 2.70999124060388841 16 9 2 4 11 1 12 15 12 9 6 11 10 1 7 2 32 2 16 2 2.70999124060388841 1 31 5 6 15 1 3.36768017929769181 7 11 10 19 9 13 26 4 12 2 8 22.5384315848350525 74.2385798249964637 
17 20 2.70999124060388841 3.36768017929769181 16 11 14 26 13 10 28 6 18 23 10 1 3 9 6 30 2.70999124060388841 16 9 2 4 11 1 12 15 12 9 6 11 10 1 7 2 32 2 16 2 2.70999124060388841 1 31 5 6 15 1 3.36768017929769181 7 11 10 19 9 18 24 2.70999124060388841 12 2 8 22.6570807099342346 73.9171415855050782 
2 22 2 3.36768017929769181 16 11 4 25 11 10 28 6 14 24 4 1 3 9 6 30 2.70999124060388841 16 9 2 4 11 1 12 15 12 9 6 11 10 1 7 2 32 2 16 2 2.70999124060388841 1 31 5 6 15 1 3.36768017929769181 7 11 10 19 9 15 15 9 12 2 8 20.8380016386508942 84.4696247788159553 
2 22 2 3.36768017929769181 16 11 12 21 1 10 28 6 18 23 10 1 3 9 6 30 2.70999124060388841 16 9 2 4 11 1 12 15 12 9 6 11 10 1 7 2 32 2 16 2 2.70999124060388841 1 31 5 6 15 1 3.36768017929769181 7 11 10 19 9 18 24 2.70999124060388841 12 2 8 24.7808636426925659 63.1454226609440354 
17 28 2.70999124060388841 3.36768017929769181 16 11 9 12 7 14 6 5 18 23 10 1 3 9 6 30 2.70999124060388841 16 9 2 4 11 1 12 15 12 9 6 11 10 1 7 2 32 2 16 2 2.70999124060388841 1 31 5 6 15 1 3.36768017929769181 7 11 10 19 9 18 24 2.70999124060388841 12 2 8 22.1138806343078613 75.6334244746831104 
2 22 2 9 12 12 3 24 8 10 28 6 14 32 5 1 3 9 6 30 2.70999124060388841 16 9 2 4 11 1 12 15 12 9 6 11 10 1 7 2 32 2 16 2 2.70999124060388841 1 31 5 6 15 1 3.36768017929769181 7 11 10 19 9 9 6 13 12 2 8 20.9794416427612305 80.0020173886257879 
6 20 1 2 9 11 9 16 13 17 31 2 3.36768017929769181 11 6.96245171630185755 14 12 1 15 1 10 6 20 4 14 3 10 4 8 11 8 9 12 16 2 5 17 33 9 3 12 12 4.94126535182462057 3 3 12 15 2 1 1 1 14 2 4 4 31 13 14 1 7 18.7992335557937622 191.08289718809803 
2 22 2 3.36768017929769181 16 11 11 12 13 10 28 6 18 23 10 1 3 9 6 30 2.70999124060388841 16 9 2 4 11 1 12 15 12 9 6 11 10 1 7 2 32 2 16 2 2.70999124060388841 1 31 5 6 15 1 3.36768017929769181 7 11 10 19 9 18 24 2.70999124060388841 12 2 8 24.0390796661376953 64.4304774696205982 
2 22 2 3.36768017929769181 16 11 4 18 2 10 28 6 14 6 10 1 3 9 6 30 2.70999124060388841 16 9 2 4 11 1 12 15 12 9 6 11 10 1 7 2 32 2 16 2 2.70999124060388841 1 31 5 6 15 1 3.36768017929769181 7 11 14 6 12 14 19 7 13 1 11 19.5953316986560822 111.915449202614653 
2 22 2 3.36768017929769181 16 11 9 25 13 10 28 6 18 23 10 1 3 9 6 30 2.70999124060388841 16 9 2 4 11 1 12 15 12 9 6 11 10 1 7 2 32 2 16 2 2.70999124060388841 1 31 5 6 15 1 3.36768017929769181 7 11 10 19 9 6 30 6 12 2 8 22.6822605729103088 73.0201160718653028 
2 22 2 3.36768017929769181 16 11 11 26 12 10 28 6 18 23 10 1 3 9 6 30 2.70999124060388841 16 9 2 4 11 1 12 15 12 9 6 11 10 1 7 2 32 2 16 2 2.70999124060388841 1 31 5 6 15 1 3.36768017929769181 7 11 10 19 9 1 24 7 12 2 8 23.0564946532249451 70.9681857455849325 
4 13 2 15 9 11 3 24 7 2 26 3 15 20 4 12 18 11 10 24 9 3 2 12 15 1 1 14 11 2.70999124060388841 6 28 5 3 25 11 2 3 5 8 12 13 14 31 9 17 2 10 15 16 10 4 12 10 1 30 8 10 32 3 19.3108060359954834 189.791708781414684 
2 22 2 3.36768017929769181 16 11 4 20 1 10 28 6 18 23 10 1 3 9 6 30 2.70999124060388841 16 9 2 4 11 1 12 15 12 9 6 11 10 1 7 2 32 2 16 2 2.70999124060388841 1 31 5 6 15 1 3.36768017929769181 7 11 10 19 9 18 24 2.70999124060388841 12 2 8 23.4904085993766785 65.5540696174010122 
17 5 5 3.36768017929769181 16 11 4 25 13 10 28 6 14 32 7 1 3 9 6 30 2.70999124060388841 16 9 2 4 11 1 12 15 12 9 6 11 10 1 7 2 32 2 16 2 2.70999124060388841 1 31 5 6 15 1 3.36768017929769181 7 11 10 19 9 6 18 2 12 2 8 20.6238857507705688 92.1715156689098478 
4 32 9 3.36768017929769181 16 11 14 32 6 14 25 6 14 30 5 1 3 9 6 30 2.70999124060388841 16 9 2 4 11 1 12 15 12 9 6 11 10 1 7 2 32 2 16 2 2.70999124060388841 1 31 5 6 15 1 3.36768017929769181 7 11 10 19 9 18 24 2.70999124060388841 12 2 8 19.54679274559021 128.797457557289277 
2 22 2 3.36768017929769181 16 11 12 11 1 10 28 6 18 23 10 1 3 9 6 30 2.70999124060388841 16 9 2 4 11 1 12 15 12 9 6 11 10 1 7 2 32 2 16 2 2.70999124060388841 1 31 5 6 15 1 3.36768017929769181 7 11 10 19 9 15 32 3 12 2 8 23.1324936151504517 68.3871525120905943 
2 22 2 3.36768017929769181 16 11 4 12 13 10 28 6 18 23 10 1 3 9 6 30 2.70999124060388841 16 9 2 4 11 1 12 15 12 9 6 11 10 1 7 2 32 2 16 2 2.70999124060388841 1 31 5 6 15 1 3.36768017929769181 7 11 10 19 9 14 32 7 12 2 8 22.25936359167099 75.0882522673529422 
16 8 2.70999124060388841 3.36768017929769181 16 11 12 21 1 10 28 6 18 23 10 1 3 9 6 30 2.70999124060388841 16 9 2 4 11 1 12 15 12 9 6 11 10 1 7 2 32 2 16 2 2.70999124060388841 1 31 5 6 15 1 3.36768017929769181 7 11 10 19 9 18 24 2.70999124060388841 12 2 8 24.7017086744308472 63.888988315850483 
16 18 2.70999124060388841 3.36768017929769181 16 11 12 21 1 10 28 6 18 23 10 1 3 9 6 30 2.70999124060388841 16 9 2 4 11 1 12 15 12 9 6 11 10 1 7 2 32 2 16 2 2.70999124060388841 1 31 5 6 15 1 3.36768017929769181 7 11 10 19 9 18 24 2.70999124060388841 12 2 8 24.4338417053222656 64.3999385964789326 
2 22 2 3.36768017929769181 16 11 4 12 8 10 28 6 18 23 10 1 3 9 6 30 2.70999124060388841 16 9 2 4 11 1 12 15 12 9 6 11 10 1 7 2 32 2 16 2 2.70999124060388841 1 31 5 6 15 1 3.36768017929769181 7 11 10 19 9 18 24 2.70999124060388841 12 2 8 23.4727705717086792 68.1582151712325697 
2 22 2 3.36768017929769181 16 11 16 18 2.70999124060388841 4 18 4 4 24 7 1 3 9 6 30 2.70999124060388841 16 9 2 4 11 1 12 15 12 9 6 11 10 1 7 2 32 2 16 2 2.70999124060388841 1 31 5 6 15 1 9 12 7 10 19 9 14 6 7 12 2 8 19.3699785470962524 134.659758421198916 

Current Evaluation = 90000000(90000000)
Front Size = 31
16 18 13 9 33 4 2 1 12 15 13 12 14 24 7 15 22 2 14 5.34074699537910114 6.96245171630185755 16 31 12 9 32 9 14 16 6 8 15 6 15 6 11 4.94126535182462057 30 13 12 6 12 17 20 6 8 1 6 6 32 11 13.2195649013323386 20 2 4 17 10 12 31 12 18.3369486927986145 215.5716407775231 
2 22 2 3.36768017929769181 16 11 12 7 13 14 32 9 18 23 10 1 3 9 6 30 2.70999124060388841 16 9 2 4 11 1 12 15 12 9 6 11 10 1 7 2 32 2 16 2 2.70999124060388841 1 31 5 6 15 1 11 25 1 10 19 9 15 30 7 12 2 8 21.653068482875824 78.7296423143978359 
2 22 2 3.36768017929769181 16 11 13 20 12 10 28 6 17 6 9 1 3 9 6 30 2.70999124060388841 16 9 2 13 17 5 12 15 12 9 6 11 10 1 7 2 32 2 16 2 2.70999124060388841 1 31 5 6 15 1 14 6 13 10 19 9 3 12 2.70999124060388841 12 2 8 19.8864566087722778 104.77557750500489 
8 6 4 4 30 11 15 12 11 1 25 2 13 6 13 14 22 8 3.36768017929769181 32 10 6 25 4 6 6 8 16 22 1 3 30 4 1 31 6.96245171630185755 16 1 1 2 12 8 13 25 9 13 31 7 8 16 7 15 30 3.84646942076222631 17 6 6 14 13 13 16.4689210653305054 250.159080302826055 
3.36768017929769181 26 9 13 15 2 18 25 4 6 6 4 12 26 12 3 26 7 1 28 10 6 31 5 14 15 1 15 1 12 9 24 8 1 26 9 6 31 8 3 17 1 4 5 5 13 12 13 14 1 1 9.25570237641795579 31 3 8 32 3.84646942076222631 17 31 3 17.92937171459198 226.478883981515565 
6 25 2 8 24 8 17 28 6 18 6 11 16 5 2 17 30 9 14 3 3 2 31 11 12 1 13 4 24 6 14 9 9 11 6 9 13 16 9 8 32 11 14 32 10 1 31 12 15 19 9 3 3 7 1 18 8 13 14 8 18.6538248658180237 197.100365759111895 
2 22 2 3.36768017929769181 16 11 12 21 1 17 24 7 18 23 10 1 3 9 6 30 2.70999124060388841 16 9 2 4 11 1 12 15 12 9 6 11 10 1 7 2 32 2 16 2 2.70999124060388841 1 31 5 6 15 1 3.36768017929769181 7 11 10 19 9 13 26 4 12 2 8 22.5384315848350525 74.2385798249964637 
17 20 2.70999124060388841 3.36768017929769181 16 11 14 26 13 10 28 6 18 23 10 1 3 9 6 30 2.70999124060388841 16 9 2 4 11 1 12 15 12 9 6 11 10 1 7 2 32 2 16 2 2.70999124060388841 1 31 5 6 15 1 3.36768017929769181 7 11 10 19 9 18 24 2.70999124060388841 12 2 8 22.6570807099342346 73.9171415855050782 
2 22 2 3.36768017929769181 16 11 4 25 11 10 28 6 14 24 4 1 3 9 6 30 2.70999124060388841 16 9 2 4 11 1 12 15 12 9 6 11 10 1 7 2 32 2 16 2 2.70999124060388841 1 31 5 6 15 1 3.36768017929769181 7 11 10 19 9 15 15 9 12 2 8 20.8380016386508942 84.4696247788159553 
2 22 2 3.36768017929769181 16 11 12 21 1 10 28 6 18 23 10 1 3 9 6 30 2.70999124060388841 16 9 2 4 11 1 12 15 12 9 6 11 10 1 7 2 32 2 16 2 2.70999124060388841 1 31 5 6 15 1 3.36768017929769181 7 11 10 19 9 18 24 2.70999124060388841 12 2 8 24.7808636426925659 63.1454226609440354 
17 28 2.70999124060388841 3.36768017929769181 16 11 9 12 7 14 6 5 18 23 10 1 3 9 6 30 2.70999124060388841 16 9 2 4 11 1 12 15 12 9 6 11 10 1 7 2 32 2 16 2 2.70999124060388841 1 31 5 6 15 1 3.36768017929769181 7 11 10 19 9 18 24 2.70999124060388841 12 2 8 22.1138806343078613 75.6334244746831104 
2 22 2 9 12 12 3 24 8 10 28 6 14 32 5 1 3 9 6 30 2.70999124060388841 16 9 2 4 11 1 12 15 12 9 6 11 10 1 7 2 32 2 16 2 2.70999124060388841 1 31 5 6 15 1 3.36768017929769181 7 11 10 19 9 9 6 13 12 2 8 20.9794416427612305 80.0020173886257879 
6 20 1 2 9 11 9 16 13 17 31 2 3.36768017929769181 11 6.96245171630185755 14 12 1 15 1 10 6 20 4 14 3 10 4 8 11 8 9 12 16 2 5 17 33 9 3 12 12 4.94126535182462057 3 3 12 15 2 1 1 1 14 2 4 4 31 13 14 1 7 18.7992335557937622 191.08289718809803 
2 22 2 3.36768017929769181 16 11 11 12 13 10 28 6 18 23 10 1 3 9 6 30 2.70999124060388841 16 9 2 4 11 1 12 15 12 9 6 11 10 1 7 2 32 2 16 2 2.70999124060388841 1 31 5 6 15 1 3.36768017929769181 7 11 10 19 9 18 24 2.70999124060388841 12 2 8 24.0390796661376953 64.4304774696205982 
2 22 2 3.36768017929769181 16 11 4 18 2 10 28 6 14 6 10 1 3 9 6 30 2.70999124060388841 16 9 2 4 11 1 12 15 12 9 6 11 10 1 7 2 32 2 16 2 2.70999124060388841 1 31 5 6 15 1 3.36768017929769181 7 11 14 6 12 14 19 7 13 1 11 19.5953316986560822 111.915449202614653 
2 22 2 3.36768017929769181 16 11 9 25 13 10 28 6 18 23 10 1 3 9 6 30 2.70999124060388841 16 9 2 4 11 1 12 15 12 9 6 11 10 1 7 2 32 2 16 2 2.70999124060388841 1 31 5 6 15 1 3.36768017929769181 7 11 10 19 9 6 30 6 12 2 8 22.6822605729103088 73.0201160718653028 
2 22 2 3.36768017929769181 16 11 11 26 12 10 28 6 18 23 10 1 3 9 6 30 2.70999124060388841 16 9 2 4 11 1 12 15 12 9 6 11 10 1 7 2 32 2 16 2 2.70999124060388841 1 31 5 6 15 1 3.36768017929769181 7 11 10 19 9 1 24 7 12 2 8 23.0564946532249451 70.9681857455849325 
4 13 2 15 9 11 3 24 7 2 26 3 15 20 4 12 18 11 10 24 9 3 2 12 15 1 1 14 11 2.70999124060388841 6 28 5 3 25 11 2 3 5 8 12 13 14 31 9 17 2 10 15 16 10 4 12 10 1 30 8 10 32 3 19.3108060359954834 189.791708781414684 
2 22 2 3.36768017929769181 16 11 4 20 1 10 28 6 18 23 10 1 3 9 6 30 2.70999124060388841 16 9 2 4 11 1 12 15 12 9 6 11 10 1 7 2 32 2 16 2 2.70999124060388841 1 31 5 6 15 1 3.36768017929769181 7 11 10 19 9 18 24 2.70999124060388841 12 2 8 23.4904085993766785 65.5540696174010122 
17 5 5 3.36768017929769181 16 11 4 25 13 10 28 6 14 32 7 1 3 9 6 30 2.70999124060388841 16 9 2 4 11 1 12 15 12 9 6 11 10 1 7 2 32 2 16 2 2.70999124060388841 1 31 5 6 15 1 3.36768017929769181 7 11 10 19 9 6 18 2 12 2 8 20.6238857507705688 92.1715156689098478 
4 32 9 3.36768017929769181 16 11 14 32 6 14 25 6 14 30 5 1 3 9 6 30 2.70999124060388841 16 9 2 4 11 1 12 15 12 9 6 11 10 1 7 2 32 2 16 2 2.70999124060388841 1 31 5 6 15 1 3.36768017929769181 7 11 10 19 9 18 24 2.70999124060388841 12 2 8 19.54679274559021 128.797457557289277 
2 22 2 3.36768017929769181 16 11 12 11 1 10 28 6 18 23 10 1 3 9 6 30 2.70999124060388841 16 9 2 4 11 1 12 15 12 9 6 11 10 1 7 2 32 2 16 2 2.70999124060388841 1 31 5 6 15 1 3.36768017929769181 7 11 10 19 9 15 32 3 12 2 8 23.1324936151504517 68.3871525120905943 
2 22 2 3.36768017929769181 16 11 4 12 13 10 28 6 18 23 10 1 3 9 6 30 2.70999124060388841 16 9 2 4 11 1 12 15 12 9 6 11 10 1 7 2 32 2 16 2 2.70999124060388841 1 31 5 6 15 1 3.36768017929769181 7 11 10 19 9 14 32 7 12 2 8 22.25936359167099 75.0882522673529422 
16 8 2.70999124060388841 3.36768017929769181 16 11 12 21 1 10 28 6 18 23 10 1 3 9 6 30 2.70999124060388841 16 9 2 4 11 1 12 15 12 9 6 11 10 1 7 2 32 2 16 2 2.70999124060388841 1 31 5 6 15 1 3.36768017929769181 7 11 10 19 9 18 24 2.70999124060388841 12 2 8 24.7017086744308472 63.888988315850483 
16 18 2.70999124060388841 3.36768017929769181 16 11 12 21 1 10 28 6 18 23 10 1 3 9 6 30 2.70999124060388841 16 9 2 4 11 1 12 15 12 9 6 11 10 1 7 2 32 2 16 2 2.70999124060388841 1 31 5 6 15 1 3.36768017929769181 7 11 10 19 9 18 24 2.70999124060388841 12 2 8 24.4338417053222656 64.3999385964789326 
2 22 2 3.36768017929769181 16 11 4 12 8 10 28 6 18 23 10 1 3 9 6 30 2.70999124060388841 16 9 2 4 11 1 12 15 12 9 6 11 10 1 7 2 32 2 16 2 2.70999124060388841 1 31 5 6 15 1 3.36768017929769181 7 11 10 19 9 18 24 2.70999124060388841 12 2 8 23.4727705717086792 68.1582151712325697 
2 22 2 3.36768017929769181 16 11 16 18 2.70999124060388841 4 18 4 4 24 7 1 3 9 6 30 2.70999124060388841 16 9 2 4 11 1 12 15 12 9 6 11 10 1 7 2 32 2 16 2 2.70999124060388841 1 31 5 6 15 1 9 12 7 10 19 9 14 6 7 12 2 8 19.3699785470962524 134.659758421198916 
12 25 13 13 18 11 14 1 4 12 14 1 1 2 4 6 30 10 17 23 2 6 12 5 12 9 10 2 24 4 14 14 1 1 9 11 2 18 2.70999124060388841 2 32 3 16 15 5 16 30 7 13 26 13 2 31 5 4 6 2 10 8 10 18.1725456714630127 222.499250740659363 
2 22 2 3.36768017929769181 16 11 14 25 4 10 28 6 13 6 4 1 3 9 6 30 2.70999124060388841 16 9 2 4 11 1 12 15 12 9 6 11 10 1 7 2 32 2 16 2 2.70999124060388841 1 31 5 6 15 1 3.36768017929769181 7 11 10 19 9 14 1 5 12 2 8 20.400539755821228 96.024874747503361 
3 19 4 16 1 1 6 20 2 4 12 12 4 2 4 6 22 7 1 31 2 15 18 5 3.36768017929769181 15 10 9 25 4 15 22 6 16 18 5 4 16.1354543567662532 7 2 3 9 4.94126535182462057 32 1 13.2195649013323386 28 8 3 25 13 17 1 8 6 30 13 17.8244721320812971 6 3 18.6491748094558716 202.540601955696275 
2 22 2 3.36768017929769181 16 11 12 21 1 10 28 6 15 26 6 1 3 9 6 30 2.70999124060388841 16 9 2 4 11 1 12 15 12 9 6 11 10 1 7 2 32 2 16 2 2.70999124060388841 1 31 5 6 15 1 3.36768017929769181 7 11 10 19 9 13 16 3 12 2 8 22.898195743560791 72.683065703882761 

Current Evaluation = 100000000(100000000)
Front Size = 33
16 18 13 9 33 4 2 1 12 15 13 12 14 24 7 15 22 2 14 5.34074699537910114 6.96245171630185755 16 31 12 9 32 9 14 16 6 8 15 6 15 6 11 4.94126535182462057 30 13 12 6 12 17 20 6 8 1 6 6 32 11 13.2195649013323386 20 2 4 17 10 12 31 12 18.3369486927986145 215.5716407775231 
2 22 2 3.36768017929769181 16 11 12 7 13 14 32 9 18 23 10 1 3 9 6 30 2.70999124060388841 16 9 2 4 11 1 12 15 12 9 6 11 10 1 7 2 32 2 16 2 2.70999124060388841 1 31 5 6 15 1 11 25 1 10 19 9 15 30 7 12 2 8 21.653068482875824 78.7296423143978359 
2 22 2 3.36768017929769181 16 11 13 20 12 10 28 6 17 6 9 1 3 9 6 30 2.70999124060388841 16 9 2 13 17 5 12 15 12 9 6 11 10 1 7 2 32 2 16 2 2.70999124060388841 1 31 5 6 15 1 14 6 13 10 19 9 3 12 2.70999124060388841 12 2 8 19.8864566087722778 104.77557750500489 
8 6 4 4 30 11 15 12 11 1 25 2 13 6 13 14 22 8 3.36768017929769181 32 10 6 25 4 6 6 8 16 22 1 3 30 4 1 31 6.96245171630185755 16 1 1 2 12 8 13 25 9 13 31 7 8 16 7 15 30 3.84646942076222631 17 6 6 14 13 13 16.4689210653305054 250.159080302826055 
3.36768017929769181 26 9 13 15 2 18 25 4 6 6 4 12 26 12 3 26 7 1 28 10 6 31 5 14 15 1 15 1 12 9 24 8 1 26 9 6 31 8 3 17 1 4 5 5 13 12 13 14 1 1 9.25570237641795579 31 3 8 32 3.84646942076222631 17 31 3 17.92937171459198 226.478883981515565 
2 22 2 3.36768017929769181 16 11 12 21 1 17 24 7 18 23 10 1 3 9 6 30 2.70999124060388841 16 9 2 4 11 1 12 15 12 9 6 11 10 1 7 2 32 2 16 2 2.70999124060388841 1 31 5 6 15 1 3.36768017929769181 7 11 10 19 9 13 26 4 12 2 8 22.5384315848350525 74.2385798249964637 
2 22 2 3.36768017929769181 16 11 4 25 11 10 28 6 14 24 4 1 3 9 6 30 2.70999124060388841 16 9 2 4 11 1 12 15 12 9 6 11 10 1 7 2 32 2 16 2 2.70999124060388841 1 31 5 6 15 1 3.36768017929769181 7 11 10 19 9 15 15 9 12 2 8 20.8380016386508942 84.4696247788159553 
2 22 2 3.36768017929769181 16 11 12 21 1 10 28 6 18 23 10 1 3 9 6 30 2.70999124060388841 16 9 2 4 11 1 12 15 12 9 6 11 10 1 7 2 32 2 16 2 2.70999124060388841 1 31 5 6 15 1 3.36768017929769181 7 11 10 19 9 18 24 2.70999124060388841 12 2 8 24.7808636426925659 63.1454226609440354 
17 28 2.70999124060388841 3.36768017929769181 16 11 9 12 7 14 6 5 18 23 10 1 3 9 6 30 2.70999124060388841 16 9 2 4 11 1 12 15 12 9 6 11 10 1 7 2 32 2 16 2 2.70999124060388841 1 31 5 6 15 1 3.36768017929769181 7 11 10 19 9 18 24 2.70999124060388841 12 2 8 22.1138806343078613 75.6334244746831104 
2 22 2 9 12 12 3 24 8 10 28 6 14 32 5 1 3 9 6 30 2.70999124060388841 16 9 2 4 11 1 12 15 12 9 6 11 10 1 7 2 32 2 16 2 2.70999124060388841 1 31 5 6 15 1 3.36768017929769181 7 11 10 19 9 9 6 13 12 2 8 20.9794416427612305 80.0020173886257879 
2 22 2 3.36768017929769181 16 11 11 12 13 10 28 6 18 23 10 1 3 9 6 30 2.70999124060388841 16 9 2 4 11 1 12 15 12 9 6 11 10 1 7 2 32 2 16 2 2.70999124060388841 1 31 5 6 15 1 3.36768017929769181 7 11 10 19 9 18 24 2.70999124060388841 12 2 8 24.0390796661376953 64.4304774696205982 
2 22 2 3.36768017929769181 16 11 4 18 2 10 28 6 14 6 10 1 3 9 6 30 2.70999124060388841 16 9 2 4 11 1 12 15 12 9 6 11 10 1 7 2 32 2 16 2 2.70999124060388841 1 31 5 6 15 1 3.36768017929769181 7 11 14 6 12 14 19 7 13 1 11 19.5953316986560822 111.915449202614653 
2 22 2 3.36768017929769181 16 11 9 25 13 10 28 6 18 23 10 1 3 9 6 30 2.70999124060388841 16 9 2 4 11 1 12 15 12 9 6 11 10 1 7 2 32 2 16 2 2.70999124060388841 1 31 5 6 15 1 3.36768017929769181 7 11 10 19 9 6 30 6 12 2 8 22.6822605729103088 73.0201160718653028 
2 22 2 3.36768017929769181 16 11 11 26 12 10 28 6 18 23 10 1 3 9 6 30 2.70999124060388841 16 9 2 4 11 1 12 15 12 9 6 11 10 1 7 2 32 2 16 2 2.70999124060388841 1 31 5 6 15 1 3.36768017929769181 7 11 10 19 9 1 24 7 12 2 8 23.0564946532249451 70.9681857455849325 
2 22 2 3.36768017929769181 16 11 4 20 1 10 28 6 18 23 10 1 3 9 6 30 2.70999124060388841 16 9 2 4 11 1 12 15 12 9 6 11 10 1 7 2 32 2 16 2 2.70999124060388841 1 31 5 6 15 1 3.36768017929769181 7 11 10 19 9 18 24 2.70999124060388841 12 2 8 23.4904085993766785 65.5540696174010122 
17 5 5 3.36768017929769181 16 11 4 25 13 10 28 6 14 32 7 1 3 9 6 30 2.70999124060388841 16 9 2 4 11 1 12 15 12 9 6 11 10 1 7 2 32 2 16 2 2.70999124060388841 1 31 5 6 15 1 3.36768017929769181 7 11 10 19 9 6 18 2 12 2 8 20.6238857507705688 92.1715156689098478 
4 32 9 3.36768017929769181 16 11 14 32 6 14 25 6 14 30 5 1 3 9 6 30 2.70999124060388841 16 9 2 4 11 1 12 15 12 9 6 11 10 1 7 2 32 2 16 2 2.70999124060388841 1 31 5 6 15 1 3.36768017929769181 7 11 10 19 9 18 24 2.70999124060388841 12 2 8 19.54679274559021 128.797457557289277 
2 22 2 3.36768017929769181 16 11 12 11 1 10 28 6 18 23 10 1 3 9 6 30 2.70999124060388841 16 9 2 4 11 1 12 15 12 9 6 11 10 1 7 2 32 2 16 2 2.70999124060388841 1 31 5 6 15 1 3.36768017929769181 7 11 10 19 9 15 32 3 12 2 8 23.1324936151504517 68.3871525120905943 
2 22 2 3.36768017929769181 16 11 4 12 13 10 28 6 18 23 10 1 3 9 6 30 2.70999124060388841 16 9 2 4 11 1 12 15 12 9 6 11 10 1 7 2 32 2 16 2 2.70999124060388841 1 31 5 6 15 1 3.36768017929769181 7 11 10 19 9 14 32 7 12 2 8 22.25936359167099 75.0882522673529422 
16 8 2.70999124060388841 3.36768017929769181 16 11 12 21 1 10 28 6 18 23 10 1 3 9 6 30 2.70999124060388841 16 9 2 4 11 1 12 15 12 9 6 11 10 1 7 2 32 2 16 2 2.70999124060388841 1 31 5 6 15 1 3.36768017929769181 7 11 10 19 9 18 24 2.70999124060388841 12 2 8 24.7017086744308472 63.888988315850483 
2 22 2 3.36768017929769181 16 11 4 12 8 10 28 6 18 23 10 1 3 9 6 30 2.70999124060388841 16 9 2 4 11 1 12 15 12 9 6 11 10 1 7 2 32 2 16 2 2.70999124060388841 1 31 5 6 15 1 3.36768017929769181 7 11 10 19 9 18 24 2.70999124060388841 12 2 8 23.4727705717086792 68.1582151712325697 
2 22 2 3.36768017929769181 16 11 16 18 2.70999124060388841 4 18 4 4 24 7 1 3 9 6 30 2.70999124060388841 16 9 2 4 11 1 12 15 12 9 6 11 10 1 7 2 32 2 16 2 2.70999124060388841 1 31 5 6 15 1 9 12 7 10 19 9 14 6 7 12 2 8 19.3699785470962524 134.659758421198916 
12 25 13 13 18 11 14 1 4 12 14 1 1 2 4 6 30 10 17 23 2 6 12 5 12 9 10 2 24 4 14 14 1 1 9 11 2 18 2.70999124060388841 2 32 3 16 15 5 16 30 7 13 26 13 2 31 5 4 6 2 10 8 10 18.1725456714630127 222.499250740659363 
2 22 2 3.36768017929769181 16 11 14 25 4 10 28 6 13 6 4 1 3 9 6 30 2.70999124060388841 16 9 2 4 11 1 12 15 12 9 6 11 10 1 7 2 32 2 16 2 2.70999124060388841 1 31 5 6 15 1 3.36768017929769181 7 11 10 19 9 14 1 5 12 2 8 20.400539755821228 96.024874747503361 
2 22 2 3.36768017929769181 16 11 12 21 1 10 28 6 15 26 6 1 3 9 6 30 2.70999124060388841 16 9 2 4 11 1 12 15 12 9 6 11 10 1 7 2 32 2 16 2 2.70999124060388841 1 31 5 6 15 1 3.36768017929769181 7 11 10 19 9 13 16 3 12 2 8 22.898195743560791 72.683065703882761 
2 22 2 3.36768017929769181 16 11 12 21 1 10 28 6 18 23 10 1 3 9 6 30 2.70999124060388841 16 9 2 4 11 1 12 15 12 9 6 11 10 1 7 2 32 10 16 2 2.70999124060388841 1 31 5 6 15 1 3.36768017929769181 7 11 10 19 9 18 24 2.70999124060388841 12 2 8 24.7758496999740601 63.3184795822814834 
17 31 2.70999124060388841 3.36768017929769181 16 11 12 21 1 10 28 6 14 1 7 1 3 9 6 30 2.70999124060388841 16 9 2 4 11 1 12 15 12 9 6 11 10 1 7 2 32 2 16 2 2.70999124060388841 1 31 5 6 15 1 3.36768017929769181 7 11 10 19 9 18 24 2.70999124060388841 12 2 8 22.5840027332305908 73.7765324534651654 
14 5.34074699537910114 12 17 16 9 10 24 1 9.25570237641795579 30 3.84646942076222631 12 1 11 13.2195649013323386 31.8448655754823804 10 16 3 8 13 1 5 4 30 8 18 1 9 6 28 11 13 24 11 6 2 7 14 30 13 9 32 8 12 25 13 16 15 7.75241283629571765 14 2.14087964533996544 9 4 26 1 2 12 4 18.5001336932182312 188.534879120286604 
2 22 2 3.36768017929769181 16 11 12 21 1 10 28 6 14 6 4 1 3 9 6 30 2.70999124060388841 16 9 2 4 11 1 12 15 12 9 6 11 10 1 7 2 32 2 16 2 2.70999124060388841 1 31 5 6 15 1 3.36768017929769181 7 11 10 19 9 18 24 2.70999124060388841 12 2 8 23.0152586996555328 71.0811601526537373 
2 22 2 3.36768017929769181 16 11 4 20 12 10 28 6 14 19 5 1 3 9 6 30 2.70999124060388841 16 9 2 4 11 1 12 15 12 9 6 11 10 1 7 2 32 2 16 2 2.70999124060388841 1 31 5 6 15 1 3.36768017929769181 7 11 10 19 9 18 24 2.70999124060388841 12 2 8 22.0300676822662354 78.4104053853979366 
2 6 2 3.36768017929769181 16 11 12 21 1 10 28 6 14 24 13 1 3 9 6 30 2.70999124060388841 16 9 2 4 11 1 12 15 12 9 6 11 10 1 7 2 32 2 16 2 2.70999124060388841 1 31 5 6 15 1 3.36768017929769181 7 11 10 19 9 14 32 4 12 2 8 21.5526547729969025 79.8739096668709578 
17 25 2 3.36768017929769181 16 11 9 24 4 10 28 6 18 23 10 1 3 9 6 30 2.70999124060388841 16 9 2 4 11 1 12 15 12 9 6 11 10 1 7 2 32 2 16 2 2.70999124060388841 1 31 5 6 15 1 3.36768017929769181 7 11 10 19 9 18 24 2.70999124060388841 12 2 8 22.9736236929893494 71.6937668432739201 
2 22 2 3.36768017929769181 16 11 12 21 1 10 28 6 18 23 10 1 3 9 6 30 2.70999124060388841 16 9 2 4 11 1 12 15 12 9 6 11 10 1 7 2 32 2 16 2 2.70999124060388841 1 31 5 6 15 1 3.36768017929769181 7 11 10 19 9 14 22 3 12 2 8 24.0987836122512817 64.2993775765939404 

MOEA/D: Multiobjective Evolutionary Algorithm Based on Decomposition
Number of Evaluations = 100000000
Mutation Probability = 0.0500000007450580597
Population Size = 80
Neighborhood size = 20
Seed: 13

Time =  68875.5948320000025

Current Evaluation = 100000000
Front Size = 33
16 18 13 9 33 4 2 1 12 15 13 12 14 24 7 15 22 2 14 5.34074699537910114 6.96245171630185755 16 31 12 9 32 9 14 16 6 8 15 6 15 6 11 4.94126535182462057 30 13 12 6 12 17 20 6 8 1 6 6 32 11 13.2195649013323386 20 2 4 17 10 12 31 12 18.3369486927986145 215.5716407775231 
2 22 2 3.36768017929769181 16 11 12 7 13 14 32 9 18 23 10 1 3 9 6 30 2.70999124060388841 16 9 2 4 11 1 12 15 12 9 6 11 10 1 7 2 32 2 16 2 2.70999124060388841 1 31 5 6 15 1 11 25 1 10 19 9 15 30 7 12 2 8 21.653068482875824 78.7296423143978359 
2 22 2 3.36768017929769181 16 11 13 20 12 10 28 6 17 6 9 1 3 9 6 30 2.70999124060388841 16 9 2 13 17 5 12 15 12 9 6 11 10 1 7 2 32 2 16 2 2.70999124060388841 1 31 5 6 15 1 14 6 13 10 19 9 3 12 2.70999124060388841 12 2 8 19.8864566087722778 104.77557750500489 
8 6 4 4 30 11 15 12 11 1 25 2 13 6 13 14 22 8 3.36768017929769181 32 10 6 25 4 6 6 8 16 22 1 3 30 4 1 31 6.96245171630185755 16 1 1 2 12 8 13 25 9 13 31 7 8 16 7 15 30 3.84646942076222631 17 6 6 14 13 13 16.4689210653305054 250.159080302826055 
3.36768017929769181 26 9 13 15 2 18 25 4 6 6 4 12 26 12 3 26 7 1 28 10 6 31 5 14 15 1 15 1 12 9 24 8 1 26 9 6 31 8 3 17 1 4 5 5 13 12 13 14 1 1 9.25570237641795579 31 3 8 32 3.84646942076222631 17 31 3 17.92937171459198 226.478883981515565 
2 22 2 3.36768017929769181 16 11 12 21 1 17 24 7 18 23 10 1 3 9 6 30 2.70999124060388841 16 9 2 4 11 1 12 15 12 9 6 11 10 1 7 2 32 2 16 2 2.70999124060388841 1 31 5 6 15 1 3.36768017929769181 7 11 10 19 9 13 26 4 12 2 8 22.5384315848350525 74.2385798249964637 
2 22 2 3.36768017929769181 16 11 4 25 11 10 28 6 14 24 4 1 3 9 6 30 2.70999124060388841 16 9 2 4 11 1 12 15 12 9 6 11 10 1 7 2 32 2 16 2 2.70999124060388841 1 31 5 6 15 1 3.36768017929769181 7 11 10 19 9 15 15 9 12 2 8 20.8380016386508942 84.4696247788159553 
2 22 2 3.36768017929769181 16 11 12 21 1 10 28 6 18 23 10 1 3 9 6 30 2.70999124060388841 16 9 2 4 11 1 12 15 12 9 6 11 10 1 7 2 32 2 16 2 2.70999124060388841 1 31 5 6 15 1 3.36768017929769181 7 11 10 19 9 18 24 2.70999124060388841 12 2 8 24.7808636426925659 63.1454226609440354 
17 28 2.70999124060388841 3.36768017929769181 16 11 9 12 7 14 6 5 18 23 10 1 3 9 6 30 2.70999124060388841 16 9 2 4 11 1 12 15 12 9 6 11 10 1 7 2 32 2 16 2 2.70999124060388841 1 31 5 6 15 1 3.36768017929769181 7 11 10 19 9 18 24 2.70999124060388841 12 2 8 22.1138806343078613 75.6334244746831104 
2 22 2 9 12 12 3 24 8 10 28 6 14 32 5 1 3 9 6 30 2.70999124060388841 16 9 2 4 11 1 12 15 12 9 6 11 10 1 7 2 32 2 16 2 2.70999124060388841 1 31 5 6 15 1 3.36768017929769181 7 11 10 19 9 9 6 13 12 2 8 20.9794416427612305 80.0020173886257879 
2 22 2 3.36768017929769181 16 11 11 12 13 10 28 6 18 23 10 1 3 9 6 30 2.70999124060388841 16 9 2 4 11 1 12 15 12 9 6 11 10 1 7 2 32 2 16 2 2.70999124060388841 1 31 5 6 15 1 3.36768017929769181 7 11 10 19 9 18 24 2.70999124060388841 12 2 8 24.0390796661376953 64.4304774696205982 
2 22 2 3.36768017929769181 16 11 4 18 2 10 28 6 14 6 10 1 3 9 6 30 2.70999124060388841 16 9 2 4 11 1 12 15 12 9 6 11 10 1 7 2 32 2 16 2 2.70999124060388841 1 31 5 6 15 1 3.36768017929769181 7 11 14 6 12 14 19 7 13 1 11 19.5953316986560822 111.915449202614653 
2 22 2 3.36768017929769181 16 11 9 25 13 10 28 6 18 23 10 1 3 9 6 30 2.70999124060388841 16 9 2 4 11 1 12 15 12 9 6 11 10 1 7 2 32 2 16 2 2.70999124060388841 1 31 5 6 15 1 3.36768017929769181 7 11 10 19 9 6 30 6 12 2 8 22.6822605729103088 73.0201160718653028 
2 22 2 3.36768017929769181 16 11 11 26 12 10 28 6 18 23 10 1 3 9 6 30 2.70999124060388841 16 9 2 4 11 1 12 15 12 9 6 11 10 1 7 2 32 2 16 2 2.70999124060388841 1 31 5 6 15 1 3.36768017929769181 7 11 10 19 9 1 24 7 12 2 8 23.0564946532249451 70.9681857455849325 
2 22 2 3.36768017929769181 16 11 4 20 1 10 28 6 18 23 10 1 3 9 6 30 2.70999124060388841 16 9 2 4 11 1 12 15 12 9 6 11 10 1 7 2 32 2 16 2 2.70999124060388841 1 31 5 6 15 1 3.36768017929769181 7 11 10 19 9 18 24 2.70999124060388841 12 2 8 23.4904085993766785 65.5540696174010122 
17 5 5 3.36768017929769181 16 11 4 25 13 10 28 6 14 32 7 1 3 9 6 30 2.70999124060388841 16 9 2 4 11 1 12 15 12 9 6 11 10 1 7 2 32 2 16 2 2.70999124060388841 1 31 5 6 15 1 3.36768017929769181 7 11 10 19 9 6 18 2 12 2 8 20.6238857507705688 92.1715156689098478 
4 32 9 3.36768017929769181 16 11 14 32 6 14 25 6 14 30 5 1 3 9 6 30 2.70999124060388841 16 9 2 4 11 1 12 15 12 9 6 11 10 1 7 2 32 2 16 2 2.70999124060388841 1 31 5 6 15 1 3.36768017929769181 7 11 10 19 9 18 24 2.70999124060388841 12 2 8 19.54679274559021 128.797457557289277 
2 22 2 3.36768017929769181 16 11 12 11 1 10 28 6 18 23 10 1 3 9 6 30 2.70999124060388841 16 9 2 4 11 1 12 15 12 9 6 11 10 1 7 2 32 2 16 2 2.70999124060388841 1 31 5 6 15 1 3.36768017929769181 7 11 10 19 9 15 32 3 12 2 8 23.1324936151504517 68.3871525120905943 
2 22 2 3.36768017929769181 16 11 4 12 13 10 28 6 18 23 10 1 3 9 6 30 2.70999124060388841 16 9 2 4 11 1 12 15 12 9 6 11 10 1 7 2 32 2 16 2 2.70999124060388841 1 31 5 6 15 1 3.36768017929769181 7 11 10 19 9 14 32 7 12 2 8 22.25936359167099 75.0882522673529422 
16 8 2.70999124060388841 3.36768017929769181 16 11 12 21 1 10 28 6 18 23 10 1 3 9 6 30 2.70999124060388841 16 9 2 4 11 1 12 15 12 9 6 11 10 1 7 2 32 2 16 2 2.70999124060388841 1 31 5 6 15 1 3.36768017929769181 7 11 10 19 9 18 24 2.70999124060388841 12 2 8 24.7017086744308472 63.888988315850483 
2 22 2 3.36768017929769181 16 11 4 12 8 10 28 6 18 23 10 1 3 9 6 30 2.70999124060388841 16 9 2 4 11 1 12 15 12 9 6 11 10 1 7 2 32 2 16 2 2.70999124060388841 1 31 5 6 15 1 3.36768017929769181 7 11 10 19 9 18 24 2.70999124060388841 12 2 8 23.4727705717086792 68.1582151712325697 
2 22 2 3.36768017929769181 16 11 16 18 2.70999124060388841 4 18 4 4 24 7 1 3 9 6 30 2.70999124060388841 16 9 2 4 11 1 12 15 12 9 6 11 10 1 7 2 32 2 16 2 2.70999124060388841 1 31 5 6 15 1 9 12 7 10 19 9 14 6 7 12 2 8 19.3699785470962524 134.659758421198916 
12 25 13 13 18 11 14 1 4 12 14 1 1 2 4 6 30 10 17 23 2 6 12 5 12 9 10 2 24 4 14 14 1 1 9 11 2 18 2.70999124060388841 2 32 3 16 15 5 16 30 7 13 26 13 2 31 5 4 6 2 10 8 10 18.1725456714630127 222.499250740659363 
2 22 2 3.36768017929769181 16 11 14 25 4 10 28 6 13 6 4 1 3 9 6 30 2.70999124060388841 16 9 2 4 11 1 12 15 12 9 6 11 10 1 7 2 32 2 16 2 2.70999124060388841 1 31 5 6 15 1 3.36768017929769181 7 11 10 19 9 14 1 5 12 2 8 20.400539755821228 96.024874747503361 
2 22 2 3.36768017929769181 16 11 12 21 1 10 28 6 15 26 6 1 3 9 6 30 2.70999124060388841 16 9 2 4 11 1 12 15 12 9 6 11 10 1 7 2 32 2 16 2 2.70999124060388841 1 31 5 6 15 1 3.36768017929769181 7 11 10 19 9 13 16 3 12 2 8 22.898195743560791 72.683065703882761 
2 22 2 3.36768017929769181 16 11 12 21 1 10 28 6 18 23 10 1 3 9 6 30 2.70999124060388841 16 9 2 4 11 1 12 15 12 9 6 11 10 1 7 2 32 10 16 2 2.70999124060388841 1 31 5 6 15 1 3.36768017929769181 7 11 10 19 9 18 24 2.70999124060388841 12 2 8 24.7758496999740601 63.3184795822814834 
17 31 2.70999124060388841 3.36768017929769181 16 11 12 21 1 10 28 6 14 1 7 1 3 9 6 30 2.70999124060388841 16 9 2 4 11 1 12 15 12 9 6 11 10 1 7 2 32 2 16 2 2.70999124060388841 1 31 5 6 15 1 3.36768017929769181 7 11 10 19 9 18 24 2.70999124060388841 12 2 8 22.5840027332305908 73.7765324534651654 
14 5.34074699537910114 12 17 16 9 10 24 1 9.25570237641795579 30 3.84646942076222631 12 1 11 13.2195649013323386 31.8448655754823804 10 16 3 8 13 1 5 4 30 8 18 1 9 6 28 11 13 24 11 6 2 7 14 30 13 9 32 8 12 25 13 16 15 7.75241283629571765 14 2.14087964533996544 9 4 26 1 2 12 4 18.5001336932182312 188.534879120286604 
2 22 2 3.36768017929769181 16 11 12 21 1 10 28 6 14 6 4 1 3 9 6 30 2.70999124060388841 16 9 2 4 11 1 12 15 12 9 6 11 10 1 7 2 32 2 16 2 2.70999124060388841 1 31 5 6 15 1 3.36768017929769181 7 11 10 19 9 18 24 2.70999124060388841 12 2 8 23.0152586996555328 71.0811601526537373 
2 22 2 3.36768017929769181 16 11 4 20 12 10 28 6 14 19 5 1 3 9 6 30 2.70999124060388841 16 9 2 4 11 1 12 15 12 9 6 11 10 1 7 2 32 2 16 2 2.70999124060388841 1 31 5 6 15 1 3.36768017929769181 7 11 10 19 9 18 24 2.70999124060388841 12 2 8 22.0300676822662354 78.4104053853979366 
2 6 2 3.36768017929769181 16 11 12 21 1 10 28 6 14 24 13 1 3 9 6 30 2.70999124060388841 16 9 2 4 11 1 12 15 12 9 6 11 10 1 7 2 32 2 16 2 2.70999124060388841 1 31 5 6 15 1 3.36768017929769181 7 11 10 19 9 14 32 4 12 2 8 21.5526547729969025 79.8739096668709578 
17 25 2 3.36768017929769181 16 11 9 24 4 10 28 6 18 23 10 1 3 9 6 30 2.70999124060388841 16 9 2 4 11 1 12 15 12 9 6 11 10 1 7 2 32 2 16 2 2.70999124060388841 1 31 5 6 15 1 3.36768017929769181 7 11 10 19 9 18 24 2.70999124060388841 12 2 8 22.9736236929893494 71.6937668432739201 
2 22 2 3.36768017929769181 16 11 12 21 1 10 28 6 18 23 10 1 3 9 6 30 2.70999124060388841 16 9 2 4 11 1 12 15 12 9 6 11 10 1 7 2 32 2 16 2 2.70999124060388841 1 31 5 6 15 1 3.36768017929769181 7 11 10 19 9 14 22 3 12 2 8 24.0987836122512817 64.2993775765939404 

