Current Evaluation = 10000000(10000060)
Front Size = 34
1 26 13 14 25 3 4 16 5 10 1 2 10 2 2 6 12 12 3 1 1 13 26 4 14 15 1 17 16 6 13 2 8 6 12 5 12 6 13 6 14 3 17 20 5 16 30 11 4 20 6 13 19 8 13 6 3 1 26 2.70999124060388841 17.8649526238441467 224.634260613827195 
17 9 11 3 20 3 14 9 11 4 12 5 1 6 2 3 25 1 14 19 1 18 24 6 3.36768017929769181 18 4 16 12 7 1 9 10 11 1 4 4 32 3 1 15 11 13 31 7 10 15 1 14 3 6.96245171630185755 16 1 12 1 32 12 14 26 8 18.3199991583824158 179.003501847309877 
15 16 7 6 12 7 5 20 9 14 22 1 3.36768017929769181 16 8 13 18 1 12 9 13 16 15 12 4 7 1 1 6 4 14 19 10 4 30 8 6 12 12 16 19 8 10 24 11 1 32 1 4 9 10 12 15 9 11 18 4 4 2 2 19.8925737142562866 165.828957992471885 
4 31 10 6 18 2.70999124060388841 15 6 5 8 20 11 12 18 2 16 14 11 9.25570237641795579 24 7 9 32 12 13 32 6 4.94126535182462057 13 9 9 12 9.82524131762891173 17.8244721320812971 1 12 12 18 6 6 9 9 3 31 11 14 31 12 14 32 7.75241283629571765 6 19 2 15 22 1.44943743604301667 2 14 5 17.7165938019752502 251.697830920929079 
15 22 7 10 23 2 17 1 9 4 15 7 2 1 2 11 26 5 2 24 12 12 7 3 15 2 13 14 25 8 3.36768017929769181 32 4 14 15 13 6 24 4 14 26 4 17 9 11 13 5 6.96245171630185755 1 31 10 8 6 9 4.94126535182462057 32 6 15 20 11 18.1643908619880676 202.137858251805085 
5 15 1 17 31 11 10 24 13 12 2 10 11 7 4 3.36768017929769181 26 6.96245171630185755 9 22 5 15 32 1 6 16 13 16 18 12 10 20 2.70999124060388841 18 30 13 12 23 6 9 24 10 1 1 3 14 15 1 16 28 2 15 8 11 11 27 2 3 9 13 24.9689199924468994 59.6522119877646446 
5 15 1 17 31 11 10 24 13 12 2 10 14 12 4 3.36768017929769181 26 6.96245171630185755 9 22 5 15 32 1 6 16 13 16 18 12 10 20 2.70999124060388841 18 30 13 12 23 6 9 24 10 1 1 3 14 15 1 16 28 2 15 8 11 4 12 13 3 9 13 21.624599814414978 76.4295038143978616 
5 15 1 17 31 11 10 24 13 12 2 10 11 7 4 3.36768017929769181 26 6.96245171630185755 9 22 5 15 32 1 6 16 13 16 18 12 10 20 2.70999124060388841 3.36768017929769181 30 2 12 23 6 9 24 10 1 1 3 14 15 1 16 28 2 15 8 11 4 14 3 3 9 13 22.2657437324523926 71.0891992152776169 
5 15 1 17 31 11 10 24 13 12 2 10 11 7 4 3.36768017929769181 26 6.96245171630185755 9 22 5 15 32 1 6 16 13 16 18 12 10 20 2.70999124060388841 17 6 9 12 23 6 9 24 10 1 1 3 14 15 1 16 28 2 15 8 11 10 6 4 3 9 13 22.1800668835639954 74.4462918899278208 
5 15 1 17 31 11 10 24 13 12 2 10 11 7 4 3.36768017929769181 26 6.96245171630185755 9 22 5 15 32 1 6 16 13 16 18 12 10 20 2.70999124060388841 18 30 13 12 23 6 9 24 10 1 1 3 14 15 1 16 28 2 15 8 11 12 5 12 3 9 13 23.1700938940048218 61.327160116838435 
5 15 1 17 31 11 10 24 13 12 2 10 4 5.34074699537910114 3 3.36768017929769181 26 6.96245171630185755 9 22 5 15 32 1 6 16 13 16 18 12 10 20 2.70999124060388841 18 30 13 12 23 6 9 24 10 1 1 3 14 15 1 16 28 2 15 8 11 4 26 6.96245171630185755 3 9 13 22.1861648559570312 71.5461501233322963 
5 15 1 17 31 11 10 24 13 12 2 10 4 25 5 3.36768017929769181 26 6.96245171630185755 9 22 5 15 32 1 6 16 13 16 18 12 10 20 2.70999124060388841 18 30 13 12 23 6 9 24 10 1 1 3 14 15 1 16 28 2 15 8 11 16 24 2 3 9 13 21.9061848521232605 76.1328837828837806 
5 15 1 17 31 11 4 1 9 12 2 10 12 25 2 3.36768017929769181 26 6.96245171630185755 9 22 5 15 32 1 6 16 13 16 18 12 10 20 2.70999124060388841 18 30 13 12 23 6 9 24 10 1 1 3 14 15 1 16 28 2 15 8 11 4 30 7 3 9 13 21.2423838376998901 89.0695667783868714 
5 15 1 17 31 11 10 24 13 12 2 10 11 7 4 3.36768017929769181 26 6.96245171630185755 9 22 5 15 32 1 6 16 13 16 18 12 10 20 2.70999124060388841 18 30 13 4 19 4 9 24 10 1 1 3 14 15 1 16 28 2 15 8 11 16 31 11 3 9 13 22.4819349050521851 70.6421709318931761 
5 15 1 17 31 11 10 24 13 12 2 10 11 7 4 3.36768017929769181 26 6.96245171630185755 9 22 5 15 32 1 6 16 13 16 18 12 10 20 2.70999124060388841 18 30 13 12 23 6 9 24 10 1 1 3 14 15 1 16 28 2 15 8 11 10 5.34074699537910114 8 3 9 13 23.6255998611450195 60.2416491230285445 
5 15 1 17 31 11 10 24 13 12 2 10 11 7 4 3.36768017929769181 26 6.96245171630185755 9 22 5 15 32 1 6 16 13 16 18 12 10 20 2.70999124060388841 18 30 13 12 23 6 9 24 10 1 1 3 14 15 1 16 28 2 15 8 11 12 12 9 3.36768017929769181 6 13 22.5999447703361511 70.0958184799548008 
5 15 1 17 31 11 10 24 13 12 2 10 6 31 7 3.36768017929769181 26 6.96245171630185755 9 22 5 15 32 1 6 16 13 16 18 12 10 20 2.70999124060388841 18 30 13 13 31 9 9 24 10 1 1 3 14 15 1 16 28 2 15 8 11 6 20 8 3 9 13 20.9273588061332703 107.12181564647058 
5 15 1 17 31 11 10 24 13 12 2 10 13 24 9 3.36768017929769181 26 6.96245171630185755 9 22 5 15 32 1 6 16 13 16 18 12 10 20 2.70999124060388841 18 30 13 12 23 6 9 24 10 1 1 3 14 15 1 14 24 11 15 8 11 16 25 8 3 9 13 21.0030369162559509 106.195785415723279 
5 15 1 17 31 11 10 24 13 12 2 10 11 7 4 3.36768017929769181 26 6.96245171630185755 9 22 5 15 32 1 6 16 13 16 18 12 10 20 2.70999124060388841 17 30 7 12 23 6 9 24 10 1 1 3 14 15 1 16 28 2 15 8 11 8 12 3 3 9 13 22.0379117727279663 75.7978659853295369 
5 15 1 17 31 11 10 24 13 16 2 9 11 7 4 3.36768017929769181 26 6.96245171630185755 9 22 5 15 32 1 6 16 13 16 18 12 10 20 2.70999124060388841 18 30 13 12 23 6 9 24 10 1 1 3 14 15 1 16 28 2 15 8 11 6 32 8 3 9 13 22.7277058959007263 62.3608660625623799 
5 15 1 17 31 11 10 24 13 12 2 10 11 7 4 3.36768017929769181 26 6.96245171630185755 9 22 5 15 32 1 6 16 13 16 18 12 10 20 2.70999124060388841 18 30 13 12 23 6 9 24 10 1 1 3 14 15 1 16 28 2 17 31 13 12 26 11 3 9 13 22.5724219083786011 70.5242487904252755 
5 15 1 17 31 11 10 24 13 12 2 10 11 7 4 3.36768017929769181 26 6.96245171630185755 9 22 5 15 32 1 6 16 13 16 18 12 10 20 2.70999124060388841 18 30 13 12 23 6 9 24 10 1 1 3 14 15 1 16 28 2 15 8 11 4 6 9 3 9 13 22.7009509205818176 65.1107620704299279 
5 15 1 17 31 11 10 24 13 12 2 10 11 7 4 3.36768017929769181 26 6.96245171630185755 9 22 5 15 32 1 6 16 13 16 18 12 10 20 2.70999124060388841 18 30 13 12 23 6 9 24 10 1 1 3 14 15 1 16 28 2 15 8 11 14 20 10 3 9 13 22.6094609498977661 67.7092565983579675 
5 15 1 17 31 11 10 24 13 12 2 10 11 7 4 3.36768017929769181 26 6.96245171630185755 6 1 2 15 32 1 6 16 13 16 18 12 10 20 2.70999124060388841 16 12 4 12 23 6 9 24 10 1 1 3 14 15 1 16 28 2 15 8 11 6 6 4 3 9 13 21.1296629309654236 94.4465725386590833 
14 3 5 17 31 11 12 5.34074699537910114 8 12 2 10 4 32 4 3.36768017929769181 26 6.96245171630185755 9 22 5 15 32 1 6 1 9 16 18 12 10 20 2.70999124060388841 18 30 13 12 23 6 9 24 10 1 1 3 14 15 1 16 28 2 15 8 11 13 25 6.96245171630185755 3 9 13 20.4199289679527283 108.820018806700745 
5 15 1 17 31 11 10 24 13 12 2 10 11 7 4 3.36768017929769181 26 6.96245171630185755 14 1 10 15 32 1 6 16 13 16 18 12 10 20 2.70999124060388841 3.36768017929769181 12 7 12 23 6 9 24 10 1 1 3 14 15 1 16 28 2 15 8 11 4 26 10 3 9 13 21.2836229801177979 77.2295476751564109 
14 31 3 17 31 11 10 24 13 12 2 10 11 7 4 3.36768017929769181 26 6.96245171630185755 9 22 5 15 32 1 6 16 13 16 18 12 10 20 2.70999124060388841 15 6 11 16 1 7 9 24 10 1 1 3 14 15 1 16 28 2 15 8 11 6 6 10 3 9 13 20.2911748886108398 126.892813856660595 
5 15 1 17 31 11 10 24 13 12 2 10 11 7 4 3.36768017929769181 26 6.96245171630185755 9 22 5 15 32 1 6 16 13 16 18 12 10 20 2.70999124060388841 18 30 13 12 23 6 9 24 10 1 1 3 14 15 1 16 28 2 15 8 11 2 17 12 3 9 13 23.4452559947967529 61.2617749664564002 
5 15 1 17 31 11 10 24 13 12 2 10 11 7 4 3.36768017929769181 26 6.96245171630185755 9 22 5 15 32 1 6 16 13 16 18 12 10 20 2.70999124060388841 18 30 13 12 23 6 9 24 10 1 1 3 14 15 1 16 28 2 15 8 11 13 6 9 3 9 13 22.6198769211769104 67.6033666125602508 
5 17 13 6 1 10 3.36768017929769181 15 4 1 25 3 9 26 6.96245171630185755 15 30 6 15 31 12 14 20 12 6 12 5 14 25 9 8 15 5 3 23 4 8 30 1 1 8 12 4 1 4 8 22 7 4 6 4 14 25 2 4.94126535182462057 8 10 17 9 13 18.1039647459983826 223.284191041156959 
5 15 1 17 31 11 10 24 13 12 2 10 11 7 4 3.36768017929769181 26 6.96245171630185755 9 22 5 15 32 1 6 16 13 16 18 12 10 20 2.70999124060388841 18 30 13 4 12 4 9 24 10 1 1 3 14 15 1 16 28 2 15 8 11 13 1 11 3 9 13 22.1454728841781616 74.769903752037763 
5 15 1 17 31 11 10 24 13 12 2 10 4 5 2.70999124060388841 3.36768017929769181 26 6.96245171630185755 9 22 5 15 32 1 6 16 13 16 18 12 10 20 2.70999124060388841 18 30 13 12 23 6 9 24 10 1 1 3 14 15 1 16 28 2 15 8 11 13 3 7 3 9 13 22.141549825668335 75.6122883961793519 
5 15 1 17 31 11 10 24 13 12 2 10 2 18 2.70999124060388841 3.36768017929769181 26 6.96245171630185755 9 22 5 15 32 1 6 16 13 16 18 12 10 20 2.70999124060388841 4 6 12 12 23 6 9 24 10 1 1 3 14 15 1 16 28 2 15 8 11 14 24 7 3 9 13 21.0283237099647522 95.4471384604886026 
5 15 1 17 31 11 14 24 7 12 2 10 4 25 7 3.36768017929769181 26 6.96245171630185755 9 22 5 15 32 1 6 16 13 16 18 12 10 20 2.70999124060388841 18 30 13 12 23 6 9 24 10 1 1 3 14 15 1 16 28 2 15 8 11 15 5.34074699537910114 5 3 9 13 21.2010077834129333 89.6269045827011723 

Current Evaluation = 20000000(20000120)
Front Size = 27
17 9 11 3 20 3 14 9 11 4 12 5 1 6 2 3 25 1 14 19 1 18 24 6 3.36768017929769181 18 4 16 12 7 1 9 10 11 1 4 4 32 3 1 15 11 13 31 7 10 15 1 14 3 6.96245171630185755 16 1 12 1 32 12 14 26 8 18.3199991583824158 179.003501847309877 
5 15 1 17 31 11 10 24 13 12 2 10 11 7 4 3.36768017929769181 26 6.96245171630185755 14 1 10 15 32 1 6 16 13 16 18 12 10 20 2.70999124060388841 3.36768017929769181 12 7 12 23 6 9 24 10 1 1 3 14 15 1 16 28 2 15 8 11 4 26 10 3 9 13 21.2836229801177979 77.2295476751564109 
5 15 1 17 31 11 10 24 13 12 2 10 4 25 6 3.36768017929769181 26 6.96245171630185755 2 3 5 15 32 1 6 16 13 16 18 12 10 20 2.70999124060388841 18 30 13 12 23 6 9 24 10 1 1 3 14 15 1 16 28 2 15 8 11 12 25 11 3 9 13 21.9364529848098755 64.3532661994846364 
5 15 1 17 31 11 14 25 9 12 2 10 8 1 11 3.36768017929769181 26 6.96245171630185755 2 3 5 15 32 1 6 16 13 16 18 12 10 20 2.70999124060388841 18 30 13 12 23 6 9 24 10 1 1 3 14 15 1 16 28 2 1 15 2 14 20 2 1 31 12 20.0823758840560913 113.810762928663578 
14 30 13 17 31 11 10 24 13 12 2 10 11 7 4 3.36768017929769181 26 6.96245171630185755 2 3 5 15 32 1 6 16 13 16 18 12 10 20 2.70999124060388841 6 30 4 12 23 6 9 24 10 1 1 3 14 15 1 16 28 2 15 8 11 14 32 8 3 9 13 20.4161490201950073 93.0722788405624186 
5 15 1 17 31 11 10 24 13 12 2 10 12 20 4 3.36768017929769181 26 6.96245171630185755 2 3 5 15 32 1 6 16 13 16 18 12 10 20 2.70999124060388841 18 30 13 12 23 6 9 24 10 1 1 3 14 15 1 6 32 2 15 8 11 4 12 3 3 9 13 20.9835570454597473 78.4635074837039213 
5 15 1 17 31 11 10 24 13 12 2 10 14 12 3 3.36768017929769181 26 6.96245171630185755 2 3 5 15 32 1 6 16 13 16 18 12 10 20 2.70999124060388841 18 30 13 12 23 6 9 24 10 1 1 3 14 15 1 16 28 2 15 8 11 14 25 9 4 26 6 20.9789649248123169 81.0151120209341826 
5 15 1 17 31 11 10 24 13 12 2 10 11 7 4 3.36768017929769181 26 6.96245171630185755 2 3 5 15 32 1 6 16 13 16 18 12 10 20 2.70999124060388841 18 30 13 12 23 6 9 24 10 1 1 3 14 15 1 16 28 2 15 8 11 10 21 2 3 9 13 24.3458161354064941 58.5861027174894602 
5 15 1 17 31 11 10 24 13 12 2 10 4 14 2 3.36768017929769181 26 6.96245171630185755 2 3 5 15 32 1 6 16 13 16 18 12 10 20 2.70999124060388841 18 30 13 12 23 6 9 24 10 1 1 3 14 15 1 16 28 2 15 8 11 6 15 2 3 9 13 21.9085259437561035 68.8505819198430942 
4 25 9 17 31 11 10 24 13 12 2 10 11 7 4 3.36768017929769181 26 6.96245171630185755 2 3 5 15 32 1 6 16 13 16 18 12 10 20 2.70999124060388841 4 30 8 12 23 6 9 24 10 1 1 3 14 15 1 16 28 2 15 8 11 14 6 9 3 9 13 20.6246399283409119 83.1727106090768444 
8 31 13 13 32 1 4 26 6 2 2 10 6 8 4 3.36768017929769181 5 4 1 31 11 15 25 10 6 6 10 3 20 12 13 24 9 10 25 4 14 1 6.96245171630185755 9 16 8 8 31 1 9 31 6 2 1 7 4 6 10 1 24 4 12 30 7 17.6461727619171143 226.578003369179839 
5 15 1 17 31 11 10 24 13 12 2 10 13 30 12 3.36768017929769181 26 6.96245171630185755 2 3 5 15 32 1 6 16 13 16 18 12 10 20 2.70999124060388841 14 5 7 1 31 11 9 24 10 1 1 3 14 15 1 16 28 2 15 8 11 6 1 10 3 9 13 19.8911418318748474 122.56717061504294 
5 15 1 17 31 11 10 24 13 12 2 10 11 7 4 3.36768017929769181 26 6.96245171630185755 2 3 5 15 32 1 6 16 13 16 18 12 10 20 2.70999124060388841 18 30 13 12 23 6 9 24 10 1 1 3 14 15 1 16 28 2 15 8 11 4 25 2.70999124060388841 3 9 13 22.7098419666290283 60.4730533475066494 
5 15 1 17 31 11 10 24 13 12 2 10 11 7 4 3.36768017929769181 26 6.96245171630185755 2 3 5 15 32 1 6 16 13 16 18 12 10 20 2.70999124060388841 18 30 13 12 23 6 9 24 10 1 1 3 14 15 1 16 28 2 15 8 11 4 7 8 3 9 13 23.2189170122146606 58.9799877069462042 
5 15 1 17 31 11 10 24 13 12 2 10 11 7 4 3.36768017929769181 26 6.96245171630185755 2 3 5 15 32 1 6 16 13 16 18 12 10 20 2.70999124060388841 18 30 13 12 23 6 9 24 10 1 1 3 14 15 1 16 28 2 15 8 11 11 27 2 3 9 13 24.7629461288452148 57.7923767946246656 
5 15 1 17 31 11 10 24 13 12 2 10 11 7 4 3.36768017929769181 26 6.96245171630185755 2 3 5 15 32 1 6 16 13 16 18 12 10 20 2.70999124060388841 18 30 13 12 23 6 9 24 10 1 1 3 14 15 1 16 28 2 15 8 11 4 6 2.70999124060388841 3 9 13 22.6020150184631348 61.6109759914084805 
5 15 1 17 31 11 10 24 13 12 2 10 11 7 4 3.36768017929769181 26 6.96245171630185755 2 3 5 15 32 1 6 16 13 16 18 12 10 20 2.70999124060388841 3.36768017929769181 6 4 12 23 6 9 24 10 1 1 3 14 15 1 16 28 2 15 8 11 13 2 9 3 9 13 21.8599109649658203 69.2232736559755466 
5 15 1 17 31 11 10 24 13 12 2 10 11 7 4 3.36768017929769181 26 6.96245171630185755 2 3 5 15 32 1 6 16 13 16 18 12 10 20 2.70999124060388841 18 30 13 12 23 6 9 24 10 1 1 3 14 15 1 16 28 2 14 13 11 4 6 2.70999124060388841 3 9 13 22.2449211478233337 62.1394975207641238 
5 15 1 17 31 11 10 24 13 12 2 10 11 7 4 3.36768017929769181 26 6.96245171630185755 2 3 5 15 32 1 6 16 13 16 18 12 10 20 2.70999124060388841 18 30 13 12 23 6 9 24 10 1 1 3 14 15 1 16 28 2 15 8 11 4 6 8 3 9 13 22.6972010135650635 60.5612704897632668 
5 15 1 17 31 11 10 24 13 12 2 10 11 7 4 3.36768017929769181 26 6.96245171630185755 2 3 5 15 32 1 6 16 13 16 18 12 10 20 2.70999124060388841 18 30 13 12 23 6 9 24 10 1 1 3 14 15 1 16 28 2 15 8 11 12 25 8 3 9 13 22.8724510669708252 60.16772166827554 
9 12 2.70999124060388841 17 31 11 10 24 13 12 2 10 13 15 12 3.36768017929769181 26 6.96245171630185755 2 3 5 15 32 1 6 16 13 16 18 12 10 20 2.70999124060388841 9.25570237641795579 12 7 12 23 6 9 24 10 4.94126535182462057 32 5 14 15 1 14 1 9 15 8 11 1 12 3 3 9 13 19.5022347867488861 123.717834365883576 
5 15 1 17 31 11 10 24 13 12 2 10 9 20 2.70999124060388841 3.36768017929769181 26 6.96245171630185755 2 3 5 15 32 1 6 16 13 16 18 12 10 20 2.70999124060388841 18 30 13 12 23 6 9 24 10 1 1 3 14 15 1 16 28 2 15 8 11 6 3 4 3 9 13 21.910193920135498 67.8307019371627149 
5 15 1 17 31 11 10 24 13 12 2 10 11 7 4 3.36768017929769181 26 6.96245171630185755 2 3 5 15 32 1 6 16 13 16 18 12 10 20 2.70999124060388841 18 30 13 12 23 6 9 24 10 1 1 3 14 15 1 16 28 2 15 8 11 4 13 8 3 9 13 23.0691770315170288 59.1484359113912248 
6 26 5 13 5 5 12 19 4 15 25 11 16 18 1 17 15 9 6 23 8 1 1 5 16 1 7 4 12 8 10 18 12 4 8 10 12 32 13 15 6 2.70999124060388841 14 6 6 1 30 9 4 15 6 14 12 4 6 11 11 8 14 13 17.8490158319473267 199.302399784597895 
5 15 1 17 31 11 10 24 13 12 2 10 11 7 4 3.36768017929769181 26 6.96245171630185755 2 3 5 15 32 1 6 16 13 16 18 12 10 20 2.70999124060388841 18 30 13 12 23 6 9 24 10 1 1 3 14 15 1 16 28 2 15 8 11 2 25 1 3 9 13 22.9940080642700195 59.6716382294644561 
5 15 1 17 31 11 10 24 13 12 2 10 11 7 4 3.36768017929769181 26 6.96245171630185755 2 3 5 15 32 1 6 16 13 16 18 12 10 20 2.70999124060388841 18 30 13 12 23 6 9 24 10 1 1 3 14 15 1 16 28 2 15 8 11 14 12 1 3 9 13 22.5676490068435669 61.6686472009321136 
5 15 1 17 31 11 10 24 13 12 2 10 4 14 4 3.36768017929769181 26 6.96245171630185755 2 3 5 15 32 1 6 16 13 16 18 12 10 20 2.70999124060388841 3 6 13 12 23 6 9 24 10 1 1 3 14 15 1 16 28 2 15 8 11 4 2 7 3 9 13 21.2836518883705139 70.2245288236667449 

Current Evaluation = 30000000(30000040)
Front Size = 42
17 9 11 3 20 3 14 9 11 4 12 5 1 6 2 3 25 1 14 19 1 18 24 6 3.36768017929769181 18 4 16 12 7 1 9 10 11 1 4 4 32 3 1 15 11 13 31 7 10 15 1 14 3 6.96245171630185755 16 1 12 1 32 12 14 26 8 18.3199991583824158 179.003501847309877 
5 15 1 17 31 11 14 25 9 12 2 10 8 1 11 3.36768017929769181 26 6.96245171630185755 2 3 5 15 32 1 6 16 13 16 18 12 10 20 2.70999124060388841 18 30 13 12 23 6 9 24 10 1 1 3 14 15 1 16 28 2 1 15 2 14 20 2 1 31 12 20.0823758840560913 113.810762928663578 
14 30 13 17 31 11 10 24 13 12 2 10 11 7 4 3.36768017929769181 26 6.96245171630185755 2 3 5 15 32 1 6 16 13 16 18 12 10 20 2.70999124060388841 6 30 4 12 23 6 9 24 10 1 1 3 14 15 1 16 28 2 15 8 11 14 32 8 3 9 13 20.4161490201950073 93.0722788405624186 
5 15 1 17 31 11 10 24 13 12 2 10 12 20 4 3.36768017929769181 26 6.96245171630185755 2 3 5 15 32 1 6 16 13 16 18 12 10 20 2.70999124060388841 18 30 13 12 23 6 9 24 10 1 1 3 14 15 1 6 32 2 15 8 11 4 12 3 3 9 13 20.9835570454597473 78.4635074837039213 
4 25 9 17 31 11 10 24 13 12 2 10 11 7 4 3.36768017929769181 26 6.96245171630185755 2 3 5 15 32 1 6 16 13 16 18 12 10 20 2.70999124060388841 4 30 8 12 23 6 9 24 10 1 1 3 14 15 1 16 28 2 15 8 11 14 6 9 3 9 13 20.6246399283409119 83.1727106090768444 
8 31 13 13 32 1 4 26 6 2 2 10 6 8 4 3.36768017929769181 5 4 1 31 11 15 25 10 6 6 10 3 20 12 13 24 9 10 25 4 14 1 6.96245171630185755 9 16 8 8 31 1 9 31 6 2 1 7 4 6 10 1 24 4 12 30 7 17.6461727619171143 226.578003369179839 
5 15 1 17 31 11 10 24 13 12 2 10 13 30 12 3.36768017929769181 26 6.96245171630185755 2 3 5 15 32 1 6 16 13 16 18 12 10 20 2.70999124060388841 14 5 7 1 31 11 9 24 10 1 1 3 14 15 1 16 28 2 15 8 11 6 1 10 3 9 13 19.8911418318748474 122.56717061504294 
5 15 1 17 31 11 10 24 13 12 2 10 11 7 4 3.36768017929769181 26 6.96245171630185755 2 3 5 15 32 1 6 16 13 16 18 12 10 20 2.70999124060388841 18 30 13 12 23 6 9 24 10 1 1 3 14 15 1 16 28 2 14 13 11 4 6 2.70999124060388841 3 9 13 22.2449211478233337 62.1394975207641238 
9 12 2.70999124060388841 17 31 11 10 24 13 12 2 10 13 15 12 3.36768017929769181 26 6.96245171630185755 2 3 5 15 32 1 6 16 13 16 18 12 10 20 2.70999124060388841 9.25570237641795579 12 7 12 23 6 9 24 10 4.94126535182462057 32 5 14 15 1 14 1 9 15 8 11 1 12 3 3 9 13 19.5022347867488861 123.717834365883576 
6 26 5 13 5 5 12 19 4 15 25 11 16 18 1 17 15 9 6 23 8 1 1 5 16 1 7 4 12 8 10 18 12 4 8 10 12 32 13 15 6 2.70999124060388841 14 6 6 1 30 9 4 15 6 14 12 4 6 11 11 8 14 13 17.8490158319473267 199.302399784597895 
5 15 1 17 31 11 10 24 13 12 2 10 4 14 4 3.36768017929769181 26 6.96245171630185755 2 3 5 15 32 1 6 16 13 16 18 12 10 20 2.70999124060388841 3 6 13 12 23 6 9 24 10 1 1 3 14 15 1 16 28 2 15 8 11 4 2 7 3 9 13 21.2836518883705139 70.2245288236667449 
5 15 1 17 31 11 10 24 13 12 2 10 11 7 4 4 1 7 2 3 5 15 32 1 6 16 13 16 18 12 10 20 2.70999124060388841 18 30 13 12 23 6 9 24 10 1 1 3 14 15 1 16 28 2 15 8 11 14 25 4 3 9 13 22.2070940136909485 63.4957469208660683 
5 15 1 17 31 11 10 24 13 12 2 10 3 5 10 4 1 7 2 3 5 15 32 1 6 16 13 16 18 12 10 20 2.70999124060388841 18 30 13 12 23 6 9 24 10 1 1 3 14 15 1 16 28 2 15 8 11 14 24 2.70999124060388841 3 9 13 21.4793829321861267 69.871350449565881 
5 15 1 17 31 11 10 24 13 12 2 10 11 7 4 4 1 7 2 3 5 15 32 1 6 16 13 16 18 12 10 20 2.70999124060388841 18 30 13 12 23 6 9 24 10 1 1 3 14 15 1 16 28 2 15 8 11 14 12 2.70999124060388841 3 9 13 22.2404829859733582 63.093759490707626 
5 15 1 17 31 11 10 24 13 12 2 10 11 7 4 4 1 7 2 3 5 15 32 1 6 16 13 16 18 12 10 20 2.70999124060388841 18 30 13 12 23 6 9 24 10 1 1 3 14 15 1 16 28 2 15 8 11 6 32 12 3 9 13 22.4430399537086487 59.2104906138594629 
5 15 1 17 31 11 10 24 13 12 2 10 11 7 4 4 1 7 2 3 5 15 32 1 6 16 13 16 18 12 10 20 2.70999124060388841 4 30 3 12 23 6 9 24 10 1 1 3 14 15 1 16 28 2 6 19 10 13 20 3 3 9 13 21.209139883518219 75.1439908031205448 
5 15 1 17 31 11 10 24 13 12 2 10 11 7 4 4 1 7 2 3 5 15 32 1 6 16 13 16 18 12 10 20 2.70999124060388841 18 30 13 12 23 6 4 26 4 1 1 3 14 15 1 16 28 2 15 8 11 2 6 4 3 9 13 22.2577990889549255 61.488480401398995 
5 15 1 17 31 11 10 24 13 12 2 10 3 24 1 4 1 7 2 3 5 15 32 1 6 16 13 16 18 12 10 20 2.70999124060388841 3.36768017929769181 26 3 12 23 6 9 24 10 1 1 3 14 15 1 6 1 5 15 8 11 16 24 6 3 9 13 20.3361358642578125 100.616576423283732 
5 15 1 17 31 11 14 26 9 12 2 10 3.36768017929769181 25 1 4 1 7 2 3 5 15 32 1 6 16 13 16 18 12 10 20 2.70999124060388841 2 9 12 12 23 6 9 24 10 1 1 3 14 15 1 16 28 2 15 8 11 13 12 13 3 9 13 20.4022028744220734 94.3486582387324972 
5 15 1 17 31 11 10 24 13 12 2 10 11 7 4 4 1 7 2 3 5 15 32 1 6 16 13 16 18 12 10 20 2.70999124060388841 18 30 13 12 23 6 9 24 10 1 1 3 14 15 1 16 28 2 6 12 1 4 6 8 3 9 13 22.0902209877967834 63.6020912295558816 
14 5.34074699537910114 1 17 31 11 10 24 13 12 2 10 11 7 4 4 1 7 2 3 5 15 32 1 6 16 13 16 18 12 10 20 2.70999124060388841 18 30 13 12 23 6 9 24 10 1 1 3 14 15 1 16 28 2 15 8 11 6 25 2 3 9 13 21.8000410795211792 67.8338768864562667 
5 15 1 17 31 11 10 24 13 12 2 10 13 12 9 4 1 7 2 3 5 15 32 1 6 16 13 16 18 12 10 20 2.70999124060388841 18 30 13 12 23 6 9 24 10 1 1 3 14 15 1 16 28 2 15 8 11 6 6 11 3 9 13 21.1984139680862427 77.0532054338895165 
5 15 1 17 31 11 10 24 13 12 2 10 11 7 4 4 1 7 2 3 5 15 32 1 6 16 13 16 18 12 10 20 2.70999124060388841 18 30 13 12 23 6 9 24 10 1 1 3 14 15 1 16 28 2 15 8 11 14 6 9 3 9 13 22.0712429881095886 63.8747915817530014 
5 15 1 17 31 11 10 24 13 12 2 10 11 7 4 4 1 7 2 3 5 15 32 1 6 16 13 16 18 12 10 20 2.70999124060388841 18 30 13 12 23 6 9 24 10 1 1 3 14 15 1 16 28 2 15 8 11 10 25 2.70999124060388841 3 9 13 23.0003909468650818 57.2466509737180616 
5 15 1 17 31 11 10 24 13 12 2 10 11 7 4 4 1 7 2 3 5 15 32 1 6 16 13 16 18 12 10 20 2.70999124060388841 18 30 13 12 23 6 9 24 10 1 1 3 14 15 1 16 28 2 15 8 11 4 6 7 3 9 13 22.3518210053443909 60.9449806479624954 
5 15 1 17 31 11 10 24 13 12 2 10 11 7 4 4 1 7 2 3 5 15 32 1 6 16 13 16 18 12 10 20 2.70999124060388841 18 30 13 12 23 6 9 24 10 1 1 3 14 15 1 16 28 2 15 8 11 3 5 13 12 6 11 22.5289089679718018 57.6698831226629522 
5 15 1 17 31 11 10 24 13 12 2 10 8 25 9 4 1 7 2 3 5 15 32 1 6 16 13 16 18 12 10 20 2.70999124060388841 6 31 11 12 23 6 9 24 10 1 1 3 14 15 1 16 28 2 15 8 11 1 1 4 3 9 13 20.5783639550209045 90.8130934498877025 
5 15 1 17 31 11 10 24 13 12 2 10 11 7 4 4 1 7 2 3 5 15 32 1 6 16 13 16 18 12 10 20 2.70999124060388841 18 30 13 12 23 6 9 24 10 1 1 3 14 15 1 16 28 2 15 8 11 11 27 2 3 9 13 24.5717660784721375 55.7619422839270129 
5 15 1 17 31 11 10 24 13 12 2 10 14 12 7 4 1 7 2 3 5 15 32 1 6 16 13 16 18 12 10 20 2.70999124060388841 18 30 13 12 13 10 9 24 10 1 1 3 14 15 1 16 19 4 15 8 11 13 12 3 3 9 13 20.4791119396686554 91.9849954502363829 
16 24 2.70999124060388841 17 31 11 10 24 13 14 6 6.96245171630185755 11 7 4 4 1 7 2 3 5 15 32 1 6 16 13 16 18 12 10 20 2.70999124060388841 18 30 13 12 23 6 9 24 10 1 1 3 14 15 1 12 12 2 15 8 11 14 24 7 3 9 13 20.287634015083313 100.772897658863172 
5 15 1 17 31 11 10 24 13 12 2 10 11 7 4 4 1 7 2 3 5 15 32 1 6 16 13 16 18 12 10 20 2.70999124060388841 18 30 13 12 23 6 9 24 10 1 1 3 14 15 1 16 28 2 15 8 11 10 17 12 3 9 13 23.3816511034965515 57.045698463761795 
5 15 1 17 31 11 10 24 13 12 2 10 11 7 4 4 1 7 2 3 5 15 32 1 6 16 13 16 18 12 10 20 2.70999124060388841 3 30 12 12 23 6 9 24 10 1 1 3 14 15 1 16 28 2 15 8 11 8 32 5 3 9 13 21.7735378742218018 68.1895265845265754 
14 24 6 10 31 13 8 24 6 1 31 10 10 30 12 16 2 7 17 26 4 13 15 3 1 2 13 8 1 13 1 12 4 14 30 9 15 12 7 16 26 4 14 5 1 17 20 9 6 20 12 11 7 13 8 31 9 13 15 2.70999124060388841 17.4164641499519348 270.191945114715622 
5 15 1 17 31 11 10 24 13 12 2 10 11 7 4 4 1 7 2 3 5 15 32 1 6 16 13 16 18 12 10 20 2.70999124060388841 18 30 13 12 23 6 9 24 10 1 1 3 14 15 1 16 28 2 15 8 11 10 21 8 3 9 13 24.2498220801353455 56.8950296556737172 
5 15 1 17 31 11 10 24 13 12 2 10 14 6 3 4 1 7 2 3 5 15 32 1 6 16 13 16 18 12 10 20 2.70999124060388841 12 31 7 12 23 6 9 24 10 1 1 3 14 15 1 2 5 10 15 8 11 1 14 5 3 9 13 20.2572827935218811 102.270259200600734 
17 9 6 12 3 10 11 12 9 2 18 1 3.36768017929769181 26 3 15 15 9 4 6 8 14 24 10 14 31 6 9.25570237641795579 30 3.84646942076222631 3 30 9 6 19 2 12 24 9.82524131762891173 15 14 13.151007650947605 16 18.140740276750666 12 2 6 7 6 24 1 14 15 2 1.62229798836725392 31 3 10 9 11 17.772710919380188 225.554370526274511 
5 15 1 17 31 11 14 1 4 12 2 10 11 7 4 4 1 7 2 3 5 15 32 1 6 16 13 16 18 12 10 20 2.70999124060388841 6 1 5 12 23 6 9 24 10 1 1 3 14 15 1 14 2 9 15 8 11 14 5.34074699537910114 5 3 9 13 20.0301458835601807 116.590124147882761 
5 15 1 17 31 11 10 24 13 12 2 10 3.36768017929769181 6 2 4 1 7 2 3 5 15 32 1 6 16 13 16 18 12 10 20 2.70999124060388841 3 31 9 12 23 6 9 24 10 1 1 3 14 15 1 16 28 2 15 8 11 9.25570237641795579 32 5 3 9 13 20.7837387919425964 80.3773646795491459 
5 15 1 17 31 11 10 24 13 12 2 10 9 12 10 4 1 7 2 3 5 15 32 1 6 16 13 16 18 12 10 20 2.70999124060388841 18 30 13 12 23 6 9 24 10 1 1 3 14 15 1 16 28 2 15 8 11 14 25 2.70999124060388841 3 9 13 21.4851709008216858 69.1185615487524387 
5 15 1 17 31 11 10 24 13 12 2 10 11 7 4 4 1 7 2 3 5 15 32 1 6 16 13 16 18 12 10 20 2.70999124060388841 18 30 13 12 23 6 9 24 10 1 1 3 14 15 1 16 28 2 15 8 11 4 6 12 3 9 13 22.4648209810256958 59.0760583379968907 
5 15 1 17 31 11 10 24 13 12 2 10 11 7 4 4 1 7 2 3 5 15 32 1 6 16 13 16 18 12 10 20 2.70999124060388841 4 30 3 12 23 6 9 24 10 1 1 3 14 15 1 16 28 2 15 8 11 9 12 8 3 9 13 21.8533998131752014 63.9860937225862045 
5 15 1 17 31 11 10 24 13 12 2 10 3.36768017929769181 20 2 4 1 7 2 3 5 15 32 1 6 16 13 16 18 12 10 20 2.70999124060388841 18 30 13 12 23 6 9 24 10 1 1 3 14 15 1 16 28 2 14 32 4 4 15 5 3 9 13 20.8056209981441498 78.6859649051283156 

Current Evaluation = 40000000(40000100)
Front Size = 40
17 9 11 3 20 3 14 9 11 4 12 5 1 6 2 3 25 1 14 19 1 18 24 6 3.36768017929769181 18 4 16 12 7 1 9 10 11 1 4 4 32 3 1 15 11 13 31 7 10 15 1 14 3 6.96245171630185755 16 1 12 1 32 12 14 26 8 18.3199991583824158 179.003501847309877 
4 25 9 17 31 11 10 24 13 12 2 10 11 7 4 3.36768017929769181 26 6.96245171630185755 2 3 5 15 32 1 6 16 13 16 18 12 10 20 2.70999124060388841 4 30 8 12 23 6 9 24 10 1 1 3 14 15 1 16 28 2 15 8 11 14 6 9 3 9 13 20.6246399283409119 83.1727106090768444 
5 15 1 17 31 11 10 24 13 12 2 10 13 30 12 3.36768017929769181 26 6.96245171630185755 2 3 5 15 32 1 6 16 13 16 18 12 10 20 2.70999124060388841 14 5 7 1 31 11 9 24 10 1 1 3 14 15 1 16 28 2 15 8 11 6 1 10 3 9 13 19.8911418318748474 122.56717061504294 
5 15 1 17 31 11 10 24 13 12 2 10 11 7 4 3.36768017929769181 26 6.96245171630185755 2 3 5 15 32 1 6 16 13 16 18 12 10 20 2.70999124060388841 18 30 13 12 23 6 9 24 10 1 1 3 14 15 1 16 28 2 14 13 11 4 6 2.70999124060388841 3 9 13 22.2449211478233337 62.1394975207641238 
9 12 2.70999124060388841 17 31 11 10 24 13 12 2 10 13 15 12 3.36768017929769181 26 6.96245171630185755 2 3 5 15 32 1 6 16 13 16 18 12 10 20 2.70999124060388841 9.25570237641795579 12 7 12 23 6 9 24 10 4.94126535182462057 32 5 14 15 1 14 1 9 15 8 11 1 12 3 3 9 13 19.5022347867488861 123.717834365883576 
6 26 5 13 5 5 12 19 4 15 25 11 16 18 1 17 15 9 6 23 8 1 1 5 16 1 7 4 12 8 10 18 12 4 8 10 12 32 13 15 6 2.70999124060388841 14 6 6 1 30 9 4 15 6 14 12 4 6 11 11 8 14 13 17.8490158319473267 199.302399784597895 
5 15 1 17 31 11 10 24 13 12 2 10 4 14 4 3.36768017929769181 26 6.96245171630185755 2 3 5 15 32 1 6 16 13 16 18 12 10 20 2.70999124060388841 3 6 13 12 23 6 9 24 10 1 1 3 14 15 1 16 28 2 15 8 11 4 2 7 3 9 13 21.2836518883705139 70.2245288236667449 
5 15 1 17 31 11 10 24 13 12 2 10 3 5 10 4 1 7 2 3 5 15 32 1 6 16 13 16 18 12 10 20 2.70999124060388841 18 30 13 12 23 6 9 24 10 1 1 3 14 15 1 16 28 2 15 8 11 14 24 2.70999124060388841 3 9 13 21.4793829321861267 69.871350449565881 
5 15 1 17 31 11 10 24 13 12 2 10 11 7 4 4 1 7 2 3 5 15 32 1 6 16 13 16 18 12 10 20 2.70999124060388841 18 30 13 12 23 6 9 24 10 1 1 3 14 15 1 16 28 2 15 8 11 6 32 12 3 9 13 22.4430399537086487 59.2104906138594629 
5 15 1 17 31 11 10 24 13 12 2 10 11 7 4 4 1 7 2 3 5 15 32 1 6 16 13 16 18 12 10 20 2.70999124060388841 18 30 13 12 23 6 4 26 4 1 1 3 14 15 1 16 28 2 15 8 11 2 6 4 3 9 13 22.2577990889549255 61.488480401398995 
5 15 1 17 31 11 10 24 13 12 2 10 11 7 4 4 1 7 2 3 5 15 32 1 6 16 13 16 18 12 10 20 2.70999124060388841 18 30 13 12 23 6 9 24 10 1 1 3 14 15 1 16 28 2 15 8 11 10 25 2.70999124060388841 3 9 13 23.0003909468650818 57.2466509737180616 
5 15 1 17 31 11 10 24 13 12 2 10 11 7 4 4 1 7 2 3 5 15 32 1 6 16 13 16 18 12 10 20 2.70999124060388841 18 30 13 12 23 6 9 24 10 1 1 3 14 15 1 16 28 2 15 8 11 3 5 13 12 6 11 22.5289089679718018 57.6698831226629522 
5 15 1 17 31 11 10 24 13 12 2 10 11 7 4 4 1 7 2 3 5 15 32 1 6 16 13 16 18 12 10 20 2.70999124060388841 18 30 13 12 23 6 9 24 10 1 1 3 14 15 1 16 28 2 15 8 11 11 27 2 3 9 13 24.5717660784721375 55.7619422839270129 
5 15 1 17 31 11 10 24 13 12 2 10 11 7 4 4 1 7 2 3 5 15 32 1 6 16 13 16 18 12 10 20 2.70999124060388841 18 30 13 12 23 6 9 24 10 1 1 3 14 15 1 16 28 2 15 8 11 10 17 12 3 9 13 23.3816511034965515 57.045698463761795 
14 24 6 10 31 13 8 24 6 1 31 10 10 30 12 16 2 7 17 26 4 13 15 3 1 2 13 8 1 13 1 12 4 14 30 9 15 12 7 16 26 4 14 5 1 17 20 9 6 20 12 11 7 13 8 31 9 13 15 2.70999124060388841 17.4164641499519348 270.191945114715622 
5 15 1 17 31 11 10 24 13 12 2 10 11 7 4 4 1 7 2 3 5 15 32 1 6 16 13 16 18 12 10 20 2.70999124060388841 18 30 13 12 23 6 9 24 10 1 1 3 14 15 1 16 28 2 15 8 11 10 21 8 3 9 13 24.2498220801353455 56.8950296556737172 
5 15 1 17 31 11 10 24 13 12 2 10 9 12 10 4 1 7 2 3 5 15 32 1 6 16 13 16 18 12 10 20 2.70999124060388841 18 30 13 12 23 6 9 24 10 1 1 3 14 15 1 16 28 2 15 8 11 14 25 2.70999124060388841 3 9 13 21.4851709008216858 69.1185615487524387 
5 15 1 17 31 11 10 24 13 12 2 10 11 7 4 4 1 7 2 3 5 15 32 1 6 16 13 16 18 12 10 20 2.70999124060388841 18 30 13 12 23 6 9 24 10 1 1 3 14 15 1 16 28 2 15 8 11 4 6 12 3 9 13 22.4648209810256958 59.0760583379968907 
5 15 1 17 31 11 10 24 13 12 2 10 11 7 4 4 1 7 2 3 5 15 32 1 6 16 13 16 18 12 10 20 2.70999124060388841 4 30 3 12 23 6 9 24 10 1 1 3 14 15 1 16 28 2 15 8 11 9 12 8 3 9 13 21.8533998131752014 63.9860937225862045 
5 15 1 17 31 11 10 24 13 12 2 10 3.36768017929769181 20 2 4 1 7 2 3 5 15 32 1 6 16 13 16 18 12 10 20 2.70999124060388841 18 30 13 12 23 6 9 24 10 1 1 3 14 15 1 16 28 2 14 32 4 4 15 5 3 9 13 20.8056209981441498 78.6859649051283156 
5 15 1 17 31 11 10 24 13 12 2 10 13 26 12 4 1 7 2 3 5 15 32 1 6 16 13 16 18 12 10 20 2.70999124060388841 3 6 4 12 23 6 9 24 10 1 1 3 14 15 1 1 1 2.70999124060388841 9 25 3 2 24 12 3 9 13 19.9073697924613953 110.159931568848179 
5 15 1 17 31 11 10 24 13 12 2 10 9 12 4 4 1 7 2 3 5 15 32 1 6 16 13 16 18 12 10 20 2.70999124060388841 18 30 13 12 23 6 9 24 10 1 1 3 14 15 1 16 28 2 15 8 11 9 6 2 3 9 13 21.7279838919639587 67.234751288870072 
5 15 1 17 31 11 10 24 13 12 2 10 3.36768017929769181 25 9 4 1 7 2 3 5 15 32 1 6 16 13 16 18 12 10 20 2.70999124060388841 18 30 13 12 23 6 9 24 10 1 1 3 14 15 1 16 28 2 15 8 11 14 25 9 3 9 13 21.2034439444541931 71.6215127676271095 
5 15 1 17 31 11 10 24 13 12 2 10 9 5.34074699537910114 3 4 1 7 2 3 5 15 32 1 6 16 13 16 18 12 10 20 2.70999124060388841 18 30 13 12 23 6 9 24 10 1 1 3 14 15 1 16 28 2 15 8 11 2 20 1 3 9 13 22.1575978398323059 62.421962343763262 
14 32 8 17 31 11 3.36768017929769181 25 9 12 2 10 11 7 4 4 1 7 2 3 5 15 32 1 6 16 13 16 18 12 10 20 2.70999124060388841 18 30 13 12 23 6 9 24 10 1 1 3 14 15 1 16 28 2 6 12 7 13 31 4 3 9 13 20.3337580561637878 86.8576340505093469 
5 15 1 17 31 11 10 24 13 12 2 10 11 7 4 4 1 7 2 3 5 15 32 1 6 16 13 16 18 12 10 20 2.70999124060388841 18 30 13 12 23 6 9 24 10 1 1 3 14 15 1 16 28 2 15 8 11 13 6 4 3 9 13 22.25074702501297 61.7675035230019844 
5 15 1 17 31 11 10 24 13 12 2 10 3.36768017929769181 20 6 4 1 7 2 3 5 15 32 1 6 16 13 16 18 12 10 20 2.70999124060388841 18 30 13 12 23 6 9 24 10 1 1 3 14 15 1 16 28 2 15 8 11 14 32 4 3 9 13 21.2779829800128937 71.4628118178118257 
5 15 1 17 31 11 10 24 13 12 2 10 14 12 4 4 1 7 2 3 5 15 32 1 6 16 13 16 18 12 10 20 2.70999124060388841 18 30 13 12 23 6 9 24 10 1 1 3 14 15 1 16 28 2 15 8 11 6 32 8 3 9 13 21.184662938117981 74.2627918217152967 
5 15 1 17 31 11 10 24 13 12 2 10 11 7 4 4 1 7 2 3 5 15 32 1 6 16 13 16 18 12 10 20 2.70999124060388841 18 30 13 12 23 6 9 24 10 1 1 3 14 15 1 16 28 2 15 8 11 13 6 5 3 9 13 22.3127470016479492 61.3567859620950316 
14 15 9 17 31 11 10 24 13 12 2 10 12 7 2 4 1 7 2 3 5 15 32 1 6 16 13 16 18 12 10 20 2.70999124060388841 18 30 13 12 12 4 9 24 10 1 1 3 14 15 1 16 28 2 15 8 11 13 1 4 3 9 13 20.2523549795150757 90.7494513442001818 
5 15 1 17 31 11 10 24 13 12 2 10 11 7 4 4 1 7 2 3 5 15 32 1 6 16 13 16 18 12 10 20 2.70999124060388841 4 26 13 12 5 4 9 24 10 1 1 3 14 15 1 16 28 2 15 8 11 14 24 4 3 9 13 20.9038428366184235 76.4192920853879798 
14 26 8 17 31 11 10 24 13 12 2 10 9 13 9 4 1 7 2 3 5 15 32 1 6 16 13 16 18 12 10 20 2.70999124060388841 18 30 13 12 23 6 9 24 10 1 1 3 14 15 1 16 28 2 15 8 11 9 20 7 3 9 13 21.1522479653358459 75.0962946558897499 
5 15 1 17 31 11 10 24 13 12 2 10 11 7 4 4 1 7 2 3 5 15 32 1 6 16 13 16 18 12 10 20 2.70999124060388841 18 30 13 12 23 6 9 24 10 1 1 3 14 15 1 16 28 2 15 8 11 4 20 9 3 9 13 22.3428369760513306 60.3954587207179827 
5 15 1 17 31 11 10 24 13 12 2 10 11 7 4 4 1 7 2 3 5 15 32 1 6 16 13 16 18 12 10 20 2.70999124060388841 3.36768017929769181 12 10 12 23 6 9 24 10 1 1 3 14 15 1 16 28 2 15 8 11 14 25 8 3 9 13 21.5997598767280579 68.9466079356219836 
5 15 1 17 31 11 10 24 13 12 2 10 3.36768017929769181 6 6.96245171630185755 4 1 7 2 3 5 15 32 1 6 16 13 16 18 12 10 20 2.70999124060388841 18 30 13 12 23 6 9 24 10 1 1 3 14 15 1 16 28 2 15 8 11 9 6 11 3 9 13 21.7280779480934143 65.970466042301382 
5 15 1 17 31 11 10 24 13 12 2 10 11 7 4 4 1 7 2 3 5 15 32 1 6 16 13 16 18 12 10 20 2.70999124060388841 18 30 13 4 26 4 9 24 10 1 1 3 14 15 1 16 28 2 15 8 11 6 12 5 3 9 13 21.6922909617424011 68.7209444349688283 
6 32 2.70999124060388841 8 24 7 12 6 11 17 18 6.96245171630185755 3 20 9 3 12 6 16 8.22565314501180467 2 2 6 3 10 8 2 3 26 7 16 5 6 6 20 2 13.2195649013323386 24 6 3 30 13.151007650947605 16 32 2 9 6 10 15 32 5 6 30 13 3 20 6 12 31 10 17.5251509547233582 207.454679144385068 
5 15 1 17 31 11 10 24 13 12 2 10 11 7 4 4 1 7 2 3 5 15 32 1 6 16 13 16 18 12 10 20 2.70999124060388841 3.36768017929769181 9 12 12 23 6 9 24 10 1 1 3 14 15 1 16 28 2 15 8 11 1 25 12 3 9 13 21.9653639197349548 63.1232423372980662 
5 15 1 17 31 11 10 24 13 12 2 10 11 7 4 4 1 7 2 3 5 15 32 1 6 16 13 16 18 12 10 20 2.70999124060388841 18 30 13 3.36768017929769181 26 6.96245171630185755 9 24 10 1 1 3 14 15 1 16 28 2 15 8 11 2 14 12 3 9 13 22.4308189749717712 60.0398355052945831 
14 26 12 17 31 11 10 24 13 12 2 10 3 25 10 4 1 7 2 3 5 15 32 1 6 16 13 16 18 12 10 20 2.70999124060388841 18 30 13 12 23 6 9 24 10 1 1 3 14 15 1 16 28 2 15 8 11 12 1 7 3 9 13 20.7552651166915894 79.1853939969481928 

Current Evaluation = 50000000(50000020)
Front Size = 44
17 9 11 3 20 3 14 9 11 4 12 5 1 6 2 3 25 1 14 19 1 18 24 6 3.36768017929769181 18 4 16 12 7 1 9 10 11 1 4 4 32 3 1 15 11 13 31 7 10 15 1 14 3 6.96245171630185755 16 1 12 1 32 12 14 26 8 18.3199991583824158 179.003501847309877 
4 25 9 17 31 11 10 24 13 12 2 10 11 7 4 3.36768017929769181 26 6.96245171630185755 2 3 5 15 32 1 6 16 13 16 18 12 10 20 2.70999124060388841 4 30 8 12 23 6 9 24 10 1 1 3 14 15 1 16 28 2 15 8 11 14 6 9 3 9 13 20.6246399283409119 83.1727106090768444 
5 15 1 17 31 11 10 24 13 12 2 10 11 7 4 3.36768017929769181 26 6.96245171630185755 2 3 5 15 32 1 6 16 13 16 18 12 10 20 2.70999124060388841 18 30 13 12 23 6 9 24 10 1 1 3 14 15 1 16 28 2 14 13 11 4 6 2.70999124060388841 3 9 13 22.2449211478233337 62.1394975207641238 
9 12 2.70999124060388841 17 31 11 10 24 13 12 2 10 13 15 12 3.36768017929769181 26 6.96245171630185755 2 3 5 15 32 1 6 16 13 16 18 12 10 20 2.70999124060388841 9.25570237641795579 12 7 12 23 6 9 24 10 4.94126535182462057 32 5 14 15 1 14 1 9 15 8 11 1 12 3 3 9 13 19.5022347867488861 123.717834365883576 
6 26 5 13 5 5 12 19 4 15 25 11 16 18 1 17 15 9 6 23 8 1 1 5 16 1 7 4 12 8 10 18 12 4 8 10 12 32 13 15 6 2.70999124060388841 14 6 6 1 30 9 4 15 6 14 12 4 6 11 11 8 14 13 17.8490158319473267 199.302399784597895 
5 15 1 17 31 11 10 24 13 12 2 10 4 14 4 3.36768017929769181 26 6.96245171630185755 2 3 5 15 32 1 6 16 13 16 18 12 10 20 2.70999124060388841 3 6 13 12 23 6 9 24 10 1 1 3 14 15 1 16 28 2 15 8 11 4 2 7 3 9 13 21.2836518883705139 70.2245288236667449 
5 15 1 17 31 11 10 24 13 12 2 10 3 5 10 4 1 7 2 3 5 15 32 1 6 16 13 16 18 12 10 20 2.70999124060388841 18 30 13 12 23 6 9 24 10 1 1 3 14 15 1 16 28 2 15 8 11 14 24 2.70999124060388841 3 9 13 21.4793829321861267 69.871350449565881 
5 15 1 17 31 11 10 24 13 12 2 10 11 7 4 4 1 7 2 3 5 15 32 1 6 16 13 16 18 12 10 20 2.70999124060388841 18 30 13 12 23 6 9 24 10 1 1 3 14 15 1 16 28 2 15 8 11 6 32 12 3 9 13 22.4430399537086487 59.2104906138594629 
5 15 1 17 31 11 10 24 13 12 2 10 11 7 4 4 1 7 2 3 5 15 32 1 6 16 13 16 18 12 10 20 2.70999124060388841 18 30 13 12 23 6 4 26 4 1 1 3 14 15 1 16 28 2 15 8 11 2 6 4 3 9 13 22.2577990889549255 61.488480401398995 
5 15 1 17 31 11 10 24 13 12 2 10 11 7 4 4 1 7 2 3 5 15 32 1 6 16 13 16 18 12 10 20 2.70999124060388841 18 30 13 12 23 6 9 24 10 1 1 3 14 15 1 16 28 2 15 8 11 10 25 2.70999124060388841 3 9 13 23.0003909468650818 57.2466509737180616 
5 15 1 17 31 11 10 24 13 12 2 10 11 7 4 4 1 7 2 3 5 15 32 1 6 16 13 16 18 12 10 20 2.70999124060388841 18 30 13 12 23 6 9 24 10 1 1 3 14 15 1 16 28 2 15 8 11 3 5 13 12 6 11 22.5289089679718018 57.6698831226629522 
5 15 1 17 31 11 10 24 13 12 2 10 11 7 4 4 1 7 2 3 5 15 32 1 6 16 13 16 18 12 10 20 2.70999124060388841 18 30 13 12 23 6 9 24 10 1 1 3 14 15 1 16 28 2 15 8 11 11 27 2 3 9 13 24.5717660784721375 55.7619422839270129 
5 15 1 17 31 11 10 24 13 12 2 10 11 7 4 4 1 7 2 3 5 15 32 1 6 16 13 16 18 12 10 20 2.70999124060388841 18 30 13 12 23 6 9 24 10 1 1 3 14 15 1 16 28 2 15 8 11 10 17 12 3 9 13 23.3816511034965515 57.045698463761795 
5 15 1 17 31 11 10 24 13 12 2 10 11 7 4 4 1 7 2 3 5 15 32 1 6 16 13 16 18 12 10 20 2.70999124060388841 18 30 13 12 23 6 9 24 10 1 1 3 14 15 1 16 28 2 15 8 11 10 21 8 3 9 13 24.2498220801353455 56.8950296556737172 
5 15 1 17 31 11 10 24 13 12 2 10 9 12 10 4 1 7 2 3 5 15 32 1 6 16 13 16 18 12 10 20 2.70999124060388841 18 30 13 12 23 6 9 24 10 1 1 3 14 15 1 16 28 2 15 8 11 14 25 2.70999124060388841 3 9 13 21.4851709008216858 69.1185615487524387 
5 15 1 17 31 11 10 24 13 12 2 10 11 7 4 4 1 7 2 3 5 15 32 1 6 16 13 16 18 12 10 20 2.70999124060388841 18 30 13 12 23 6 9 24 10 1 1 3 14 15 1 16 28 2 15 8 11 4 6 12 3 9 13 22.4648209810256958 59.0760583379968907 
5 15 1 17 31 11 10 24 13 12 2 10 3.36768017929769181 20 2 4 1 7 2 3 5 15 32 1 6 16 13 16 18 12 10 20 2.70999124060388841 18 30 13 12 23 6 9 24 10 1 1 3 14 15 1 16 28 2 14 32 4 4 15 5 3 9 13 20.8056209981441498 78.6859649051283156 
5 15 1 17 31 11 10 24 13 12 2 10 3.36768017929769181 25 9 4 1 7 2 3 5 15 32 1 6 16 13 16 18 12 10 20 2.70999124060388841 18 30 13 12 23 6 9 24 10 1 1 3 14 15 1 16 28 2 15 8 11 14 25 9 3 9 13 21.2034439444541931 71.6215127676271095 
5 15 1 17 31 11 10 24 13 12 2 10 9 5.34074699537910114 3 4 1 7 2 3 5 15 32 1 6 16 13 16 18 12 10 20 2.70999124060388841 18 30 13 12 23 6 9 24 10 1 1 3 14 15 1 16 28 2 15 8 11 2 20 1 3 9 13 22.1575978398323059 62.421962343763262 
14 32 8 17 31 11 3.36768017929769181 25 9 12 2 10 11 7 4 4 1 7 2 3 5 15 32 1 6 16 13 16 18 12 10 20 2.70999124060388841 18 30 13 12 23 6 9 24 10 1 1 3 14 15 1 16 28 2 6 12 7 13 31 4 3 9 13 20.3337580561637878 86.8576340505093469 
5 15 1 17 31 11 10 24 13 12 2 10 11 7 4 4 1 7 2 3 5 15 32 1 6 16 13 16 18 12 10 20 2.70999124060388841 18 30 13 12 23 6 9 24 10 1 1 3 14 15 1 16 28 2 15 8 11 13 6 4 3 9 13 22.25074702501297 61.7675035230019844 
5 15 1 17 31 11 10 24 13 12 2 10 3.36768017929769181 20 6 4 1 7 2 3 5 15 32 1 6 16 13 16 18 12 10 20 2.70999124060388841 18 30 13 12 23 6 9 24 10 1 1 3 14 15 1 16 28 2 15 8 11 14 32 4 3 9 13 21.2779829800128937 71.4628118178118257 
14 15 9 17 31 11 10 24 13 12 2 10 12 7 2 4 1 7 2 3 5 15 32 1 6 16 13 16 18 12 10 20 2.70999124060388841 18 30 13 12 12 4 9 24 10 1 1 3 14 15 1 16 28 2 15 8 11 13 1 4 3 9 13 20.2523549795150757 90.7494513442001818 
5 15 1 17 31 11 10 24 13 12 2 10 11 7 4 4 1 7 2 3 5 15 32 1 6 16 13 16 18 12 10 20 2.70999124060388841 4 26 13 12 5 4 9 24 10 1 1 3 14 15 1 16 28 2 15 8 11 14 24 4 3 9 13 20.9038428366184235 76.4192920853879798 
14 26 8 17 31 11 10 24 13 12 2 10 9 13 9 4 1 7 2 3 5 15 32 1 6 16 13 16 18 12 10 20 2.70999124060388841 18 30 13 12 23 6 9 24 10 1 1 3 14 15 1 16 28 2 15 8 11 9 20 7 3 9 13 21.1522479653358459 75.0962946558897499 
5 15 1 17 31 11 10 24 13 12 2 10 11 7 4 4 1 7 2 3 5 15 32 1 6 16 13 16 18 12 10 20 2.70999124060388841 18 30 13 12 23 6 9 24 10 1 1 3 14 15 1 16 28 2 15 8 11 4 20 9 3 9 13 22.3428369760513306 60.3954587207179827 
5 15 1 17 31 11 10 24 13 12 2 10 3.36768017929769181 6 6.96245171630185755 4 1 7 2 3 5 15 32 1 6 16 13 16 18 12 10 20 2.70999124060388841 18 30 13 12 23 6 9 24 10 1 1 3 14 15 1 16 28 2 15 8 11 9 6 11 3 9 13 21.7280779480934143 65.970466042301382 
6 32 2.70999124060388841 8 24 7 12 6 11 17 18 6.96245171630185755 3 20 9 3 12 6 16 8.22565314501180467 2 2 6 3 10 8 2 3 26 7 16 5 6 6 20 2 13.2195649013323386 24 6 3 30 13.151007650947605 16 32 2 9 6 10 15 32 5 6 30 13 3 20 6 12 31 10 17.5251509547233582 207.454679144385068 
5 15 1 17 31 11 10 24 13 12 2 10 11 7 4 4 1 7 2 3 5 15 32 1 6 16 13 16 18 12 10 20 2.70999124060388841 3.36768017929769181 9 12 12 23 6 9 24 10 1 1 3 14 15 1 16 28 2 15 8 11 1 25 12 3 9 13 21.9653639197349548 63.1232423372980662 
5 15 1 17 31 11 10 24 13 12 2 10 11 7 4 4 1 7 2 3 5 15 32 1 6 16 13 16 18 12 10 20 2.70999124060388841 18 30 13 3.36768017929769181 26 6.96245171630185755 9 24 10 1 1 3 14 15 1 16 28 2 15 8 11 2 14 12 3 9 13 22.4308189749717712 60.0398355052945831 
14 26 12 17 31 11 10 24 13 12 2 10 3 25 10 4 1 7 2 3 5 15 32 1 6 16 13 16 18 12 10 20 2.70999124060388841 18 30 13 12 23 6 9 24 10 1 1 3 14 15 1 16 28 2 15 8 11 12 1 7 3 9 13 20.7552651166915894 79.1853939969481928 
5 15 1 17 31 11 10 24 13 12 2 10 11 7 4 4 1 7 2 3 5 15 32 1 6 16 13 16 18 12 10 20 2.70999124060388841 18 30 13 12 23 6 9 24 10 1 1 3 14 15 1 16 28 2 15 8 11 6 32 2 3 9 13 22.389054000377655 60.1744917755384847 
8 24 12 13 6 5 12 24 3 13 14 2 13 1 1 16 24 7 14 31 7 10 1 10 14 1 4 14 16 10 4 14 10 15 20 13 15 25 11 14 19 2.70999124060388841 14 15 11 3 25 9 15 16 10 6 6 10 17 2 9 11 30 4 16.7313650250434875 266.209156323552634 
5 15 1 17 31 11 10 24 13 12 2 10 9 26 4 4 1 7 2 3 5 15 32 1 6 16 13 16 18 12 10 20 2.70999124060388841 3.36768017929769181 30 4 12 23 6 9 24 10 1 1 3 14 15 1 16 28 2 15 8 11 8 3 10 3 9 13 21.0291768908500671 75.2349702447106097 
5 15 1 17 31 11 10 24 13 12 2 10 11 7 4 4 1 7 2 3 5 15 32 1 6 16 13 16 18 12 10 20 2.70999124060388841 4 6 9 12 23 6 9 24 10 1 1 3 14 15 1 16 28 2 15 8 11 14 12 7 3 9 13 21.1619128882884979 72.1630393524138896 
5 15 1 17 31 11 10 24 13 12 2 10 11 7 4 4 1 7 2 3 5 15 32 1 6 16 13 16 18 12 10 20 2.70999124060388841 18 30 13 12 6 9 9 24 10 1 1 3 14 15 1 16 28 2 15 8 11 12 24 2 3 9 13 21.7869269847869873 63.9345308756672708 
5 15 1 17 31 11 10 24 13 12 2 10 14 6 2.70999124060388841 4 1 7 2 3 5 15 32 1 6 16 13 16 18 12 10 20 2.70999124060388841 18 30 13 3 12 9 9 24 10 1 1 3 14 15 1 16 28 2 15 8 11 12 1 5 3 9 13 20.6022229492664337 85.1987118300642976 
3.36768017929769181 6 6.96245171630185755 17 31 11 14 32 4 12 2 10 13 12 10 4 1 7 2 3 5 15 32 1 6 16 13 16 18 12 10 20 2.70999124060388841 18 30 13 9 2 9 9 24 10 1 1 3 14 15 1 16 28 2 15 8 11 4.94126535182462057 5 7 3 9 13 19.788566917181015 112.828934331846341 
4 5 5 17 31 11 10 24 13 12 2 10 3.36768017929769181 20 6.96245171630185755 4 1 7 2 3 5 15 32 1 6 16 13 16 18 12 10 20 2.70999124060388841 1 8.22565314501180467 4 4 32 3 9 24 10 1 1 3 14 15 1 16 28 2 15 8 11 12 12 7 3 9 13 19.899202823638916 107.449835839541734 
5 15 1 17 31 11 10 24 13 12 2 10 3 12 9 4 1 7 2 3 5 15 32 1 6 16 13 16 18 12 10 20 2.70999124060388841 18 30 13 12 23 6 9 24 10 1 1 3 14 15 1 16 28 2 15 8 11 12 32 2.70999124060388841 3 9 13 21.512112021446228 67.7510914033185969 
5 15 1 17 31 11 10 24 13 12 2 10 11 7 4 4 1 7 2 3 5 15 32 1 6 16 13 16 18 12 10 20 2.70999124060388841 18 30 13 12 23 6 9 24 10 1 1 3 14 15 1 16 28 2 15 8 11 2 3 8 3 9 13 22.9373649954795837 57.5143878304686922 
5 15 1 17 31 11 10 24 13 12 2 10 3 19 5 4 1 7 2 3 5 15 32 1 6 16 13 16 18 12 10 20 2.70999124060388841 3.36768017929769181 30 13 12 23 6 9 24 10 1 1 3 14 15 1 16 28 2 15 8 11 1 26 6.96245171630185755 3 9 13 21.016082763671875 75.2579778408725701 
5 15 1 17 31 11 10 24 13 12 2 10 11 7 4 4 1 7 2 3 5 15 32 1 6 16 13 16 18 12 10 20 2.70999124060388841 18 30 13 12 23 6 9 24 10 1 1 3 14 15 1 16 28 2 15 8 11 6 32 4 3 9 13 22.3100399971008301 60.834495564908984 
5 15 1 17 31 11 10 24 13 12 2 10 11 7 4 4 1 7 2 3 5 15 32 1 6 16 13 16 18 12 10 20 2.70999124060388841 3.36768017929769181 30 4 12 23 6 9 24 10 1 1 3 14 15 1 16 28 2 15 8 11 9 26 8 4 19 4 21.7185497879981995 66.9408583867514153 

Current Evaluation = 60000000(60000080)
Front Size = 38
17 9 11 3 20 3 14 9 11 4 12 5 1 6 2 3 25 1 14 19 1 18 24 6 3.36768017929769181 18 4 16 12 7 1 9 10 11 1 4 4 32 3 1 15 11 13 31 7 10 15 1 14 3 6.96245171630185755 16 1 12 1 32 12 14 26 8 18.3199991583824158 179.003501847309877 
6 26 5 13 5 5 12 19 4 15 25 11 16 18 1 17 15 9 6 23 8 1 1 5 16 1 7 4 12 8 10 18 12 4 8 10 12 32 13 15 6 2.70999124060388841 14 6 6 1 30 9 4 15 6 14 12 4 6 11 11 8 14 13 17.8490158319473267 199.302399784597895 
6 32 2.70999124060388841 8 24 7 12 6 11 17 18 6.96245171630185755 3 20 9 3 12 6 16 8.22565314501180467 2 2 6 3 10 8 2 3 26 7 16 5 6 6 20 2 13.2195649013323386 24 6 3 30 13.151007650947605 16 32 2 9 6 10 15 32 5 6 30 13 3 20 6 12 31 10 17.5251509547233582 207.454679144385068 
8 24 12 13 6 5 12 24 3 13 14 2 13 1 1 16 24 7 14 31 7 10 1 10 14 1 4 14 16 10 4 14 10 15 20 13 15 25 11 14 19 2.70999124060388841 14 15 11 3 25 9 15 16 10 6 6 10 17 2 9 11 30 4 16.7313650250434875 266.209156323552634 
5 15 1 17 31 11 10 24 13 3 20 9 11 7 4 4 1 7 2 3 5 15 32 1 6 16 13 16 18 12 10 20 2.70999124060388841 18 30 13 12 23 6 9 24 10 1 1 3 14 15 1 16 12 2 15 8 11 13 6 7 3 9 13 21.2512499094009399 66.9607954775824226 
5 15 1 17 31 11 10 24 13 12 2 10 11 7 4 4 1 7 2 3 5 15 32 1 6 16 13 16 18 12 10 20 2.70999124060388841 15 30 3 3 26 4 9 24 10 1 1 3 14 15 1 16 12 2 15 8 11 9 6 7 3 9 13 20.4228238463401794 80.7842728946583151 
5 15 1 17 31 11 10 24 13 12 2 10 15 32 4 4 1 7 2 3 5 15 32 1 6 16 13 16 18 12 10 20 2.70999124060388841 18 30 13 12 23 6 9 24 10 1 1 3 14 15 1 16 12 2 6 32 2 12 24 2.70999124060388841 3 9 13 20.2859659790992737 83.4618450177273985 
5 15 1 17 31 11 10 24 13 12 2 10 3 5.34074699537910114 9 4 1 7 2 3 5 15 32 1 6 16 13 16 18 12 10 20 2.70999124060388841 9.25570237641795579 30 8 12 23 6 9 24 10 1 1 3 14 15 1 16 12 2 15 8 11 10 6 8 3 9 13 20.8852276802062988 69.6466135114587956 
5 15 1 17 31 11 10 24 13 12 2 10 11 7 4 4 1 7 2 3 5 15 32 1 6 16 13 16 18 12 10 20 2.70999124060388841 18 30 13 12 23 6 9 24 10 1 1 3 14 15 1 16 12 2 15 8 11 10 2 2 3 9 13 22.6571659445762634 56.6480743003928779 
5 15 1 17 31 11 10 24 13 12 2 10 3 5.34074699537910114 6 4 1 7 2 3 5 15 32 1 6 16 13 16 18 12 10 20 2.70999124060388841 18 30 13 12 23 6 9 24 10 1 1 3 14 15 1 16 12 2 15 8 11 6 20 4 3 9 13 21.0200998783111572 69.3475213838449207 
5 15 1 17 31 11 10 24 13 12 2 10 11 7 4 4 1 7 2 3 5 15 32 1 6 16 13 16 18 12 10 20 2.70999124060388841 18 30 13 12 23 6 9 24 10 1 1 3 14 15 1 16 12 2 15 8 11 14 25 12 4 6 5 21.3655248284339905 66.1696694382595609 
6 3 11 17 31 11 10 24 13 12 2 10 11 7 4 4 1 7 2 3 5 15 32 1 6 16 13 16 18 12 10 20 2.70999124060388841 14 32 9 12 23 6 9 24 10 1 1 3 14 15 1 16 12 2 15 8 11 6 6 10 3 9 13 19.9937888979911804 88.3419323323735313 
12 12 8 17 31 11 10 24 13 12 2 10 3 6 13 4 1 7 2 3 5 4 24 1 6 16 13 16 18 12 10 20 2.70999124060388841 13 3 9 13 6 2.70999124060388841 9 24 10 1 1 3 14 15 1 16 12 2 15 8 11 14 16.1354543567662532 4 3 9 13 18.8157427906990051 152.124048435515391 
5 15 1 17 31 11 10 24 13 12 2 10 13 6 4 4 1 7 2 3 5 15 32 1 6 16 13 16 18 12 10 20 2.70999124060388841 4 30 10 12 23 6 9 24 10 1 1 3 14 15 1 16 12 2 15 8 11 13 17 3 3 9 13 20.0434977412223816 86.3798935234960652 
6 9 9 17 31 11 10 24 13 12 2 10 11 7 4 4 1 7 2 3 5 15 32 1 6 16 13 14 12 11 10 20 2.70999124060388841 14 26 6 1 32 13 9 24 10 1 1 3 14 15 1 16 12 2 15 8 11 9 32 9 3 9 13 19.1465417742729187 139.266576108216981 
5 15 1 17 31 11 10 24 13 12 2 10 6 30 2 4 1 7 2 3 5 15 32 1 6 16 13 16 18 12 10 20 2.70999124060388841 18 30 13 4 26 6 9 24 10 1 1 3 14 15 1 16 12 2 15 8 11 14 20 13 3 9 13 19.9628448486328125 93.4414314062517661 
5 15 1 17 31 11 10 24 13 12 2 10 11 7 4 4 1 7 2 3 5 15 32 1 6 16 13 16 18 12 10 20 2.70999124060388841 3 31 8 12 23 6 9 24 10 1 1 3 14 15 1 16 12 2 15 8 11 4 26 2.70999124060388841 3 9 13 21.2187777161598206 68.1832185358501164 
5 15 1 17 31 11 10 24 13 12 2 10 11 7 4 4 1 7 2 3 5 15 32 1 6 16 13 16 18 12 10 20 2.70999124060388841 18 30 13 12 23 6 9 24 10 1 1 3 14 15 1 16 12 2 15 8 11 10 2 12 3 9 13 22.7111520171165466 55.634399558700153 
5 15 1 17 31 11 10 24 13 1 31 4 6 30 2.70999124060388841 4 1 7 2 3 5 15 32 1 6 16 13 16 18 12 10 20 2.70999124060388841 9 24 10 12 23 6 9 24 10 1 1 3 14 15 1 16 12 2 15 8 11 14 32 4 3 9 13 19.2157007157802582 116.56099149388622 
5 15 1 17 31 11 10 24 13 12 2 10 1 12 7 4 1 7 2 3 5 15 32 1 6 16 13 16 18 12 10 20 2.70999124060388841 15 30 7 12 23 6 9 24 10 1 1 3 14 15 1 16 12 2 15 8 11 13 1 11 3 9 13 19.7504467368125916 94.9708079790259774 
15 25 1 17 31 11 10 24 13 12 2 10 11 7 4 4 1 7 2 3 5 15 32 1 6 16 13 16 18 12 10 20 2.70999124060388841 18 30 13 12 23 6 9 24 10 1 1 3 14 15 1 16 12 2 1 30 2 13 6 4 3 9 13 20.4819151163101196 78.1978594592203677 
5 15 1 17 31 11 10 24 13 12 2 10 3 24 5 4 1 7 2 3 5 15 32 1 6 16 13 16 18 12 10 20 2.70999124060388841 12 26 4 12 23 6 9 24 10 1 1 3 14 15 1 16 12 2 15 8 11 13 3 5 3 9 13 20.2067847847938538 86.3421086880389197 
5 15 1 17 31 11 10 24 13 12 2 10 11 7 4 4 1 7 2 3 5 15 32 1 6 16 13 16 18 12 10 20 2.70999124060388841 18 30 13 12 23 6 9 24 10 1 1 3 14 15 1 16 12 2 15 8 11 4 6 8 3 9 13 21.9068788886070251 58.1931321135936699 
5 15 1 17 31 11 10 24 13 3 2 2 11 7 4 4 1 7 2 3 5 15 32 1 6 16 13 16 18 12 10 20 2.70999124060388841 18 30 13 12 23 6 9 24 10 1 1 3 14 15 1 16 12 2 15 8 11 10 25 12 3 9 13 22.4666219353675842 57.1357721807730101 
5 15 1 17 31 11 10 24 13 3 2 2 11 7 4 4 1 7 2 3 5 15 32 1 6 16 13 16 18 12 10 20 2.70999124060388841 18 30 13 12 23 6 3.36768017929769181 6 7 1 1 3 14 15 1 16 12 2 15 8 11 11 4 12 3 9 13 24.5754721164703369 54.8849469986108076 
5 15 1 17 31 11 10 24 13 3 2 2 11 7 4 4 1 7 2 3 5 15 32 1 6 16 13 16 18 12 10 20 2.70999124060388841 18 30 13 12 23 6 9 24 10 1 1 3 14 15 1 16 12 2 15 8 11 14 32 2 3 9 13 21.6456308960914612 62.7181530024597294 
6 5 3 17 31 11 10 24 13 3 2 2 11 7 4 4 1 7 2 3 5 15 32 1 6 16 13 16 18 12 10 20 2.70999124060388841 18 30 13 12 23 6 9 24 10 1 1 3 14 15 1 16 12 2 15 31 8 14 30 9 3 9 13 20.4880480766296387 77.9816200934271535 
6 9 7 17 31 11 10 24 13 3 2 2 14 5.34074699537910114 7 4 1 7 2 3 5 15 32 1 6 16 13 16 18 12 10 20 2.70999124060388841 2 25 9 12 23 6 9 24 10 1 1 3 14 15 1 16 12 2 15 8 11 9 31 2 3 9 13 19.5243037343025208 110.62968677372703 
5 15 1 17 31 11 10 24 13 3 2 2 11 7 4 4 1 7 2 3 5 15 32 1 6 16 13 16 18 12 10 20 2.70999124060388841 18 30 13 12 23 6 9 24 10 1 1 3 14 15 1 16 12 2 15 8 11 4 6 5 3 9 13 21.8060659170150757 59.5659494177875715 
5 15 1 17 31 11 10 24 13 3 2 2 11 7 4 4 1 7 2 3 5 15 32 1 6 16 13 16 18 12 10 20 2.70999124060388841 18 30 13 12 23 6 9 24 10 1 1 3 14 15 1 16 12 2 15 8 11 10 6 9 3 9 13 22.197770893573761 58.0593815064848187 
5 15 1 17 31 11 10 24 13 3 2 2 11 7 4 4 1 7 2 3 5 15 32 1 6 16 13 16 18 12 10 20 2.70999124060388841 18 30 13 12 23 6 9 24 10 1 1 3 14 15 1 16 12 2 15 8 11 13 6 7 3 9 13 21.6829919219017029 61.0659103071131781 
5 15 1 17 31 11 10 24 13 3 2 2 11 7 4 4 1 7 2 3 5 15 32 1 6 16 13 16 18 12 10 20 2.70999124060388841 18 30 13 12 23 6 9 24 10 1 1 3 14 15 1 16 12 2 15 8 11 4 6 4 3 9 13 21.7440659403800964 60.069950668216272 
5 15 1 17 31 11 3.36768017929769181 24 6.96245171630185755 3 2 2 11 7 4 4 1 7 2 3 5 15 32 1 6 16 13 16 18 12 10 20 2.70999124060388841 4 6 9 12 23 6 9 24 10 1 1 3 14 15 1 16 12 2 15 8 11 4 30 2 3 9 13 20.3672137260437012 82.7824477093464566 
5 15 1 17 31 11 10 24 13 3 2 2 11 7 4 4 1 7 2 3 5 15 32 1 6 16 13 16 18 12 10 20 2.70999124060388841 18 30 13 12 23 6 9 24 10 1 1 3 14 15 1 16 12 2 15 8 11 11 4 12 3 9 13 24.7895970940589905 53.6148765371264773 
5 15 1 17 31 11 10 24 13 3 2 2 11 7 4 4 1 7 2 3 5 15 32 1 6 16 13 16 18 12 10 20 2.70999124060388841 18 30 13 12 23 6 9 24 10 1 1 3 14 15 1 16 12 2 2 20 1 6 6 12 3 9 13 21.5862838625907898 62.8051305972100096 
5 15 1 17 31 11 10 24 13 3 2 2 11 7 4 4 1 7 2 3 5 15 32 1 6 16 13 16 18 12 10 20 2.70999124060388841 18 30 13 3 26 3 9 24 10 1 1 3 14 15 1 16 12 2 15 8 11 12 31 6 3 9 13 21.5233409404754639 64.0958217851404441 
5 15 1 17 31 11 10 24 13 3 2 2 11 7 4 4 1 7 2 3 5 15 32 1 6 16 13 16 18 12 10 20 2.70999124060388841 18 30 13 12 23 6 9 24 10 1 1 3 14 15 1 16 12 2 15 16 1 11 4 12 3 9 13 24.7889772057533264 54.8577624518959297 
5 15 1 17 31 11 10 24 13 3 2 2 14 5.34074699537910114 10 4 1 7 2 3 5 15 32 1 6 16 13 16 18 12 10 20 2.70999124060388841 18 30 13 12 23 6 9 24 10 1 1 3 14 15 1 16 12 2 15 8 11 13 6 5 3 9 13 20.6779088973999023 69.9777996456904958 

Current Evaluation = 70000000(70000000)
Front Size = 29
17 9 11 3 20 3 14 9 11 4 12 5 1 6 2 3 25 1 14 19 1 18 24 6 3.36768017929769181 18 4 16 12 7 1 9 10 11 1 4 4 32 3 1 15 11 13 31 7 10 15 1 14 3 6.96245171630185755 16 1 12 1 32 12 14 26 8 18.3199991583824158 179.003501847309877 
6 26 5 13 5 5 12 19 4 15 25 11 16 18 1 17 15 9 6 23 8 1 1 5 16 1 7 4 12 8 10 18 12 4 8 10 12 32 13 15 6 2.70999124060388841 14 6 6 1 30 9 4 15 6 14 12 4 6 11 11 8 14 13 17.8490158319473267 199.302399784597895 
6 32 2.70999124060388841 8 24 7 12 6 11 17 18 6.96245171630185755 3 20 9 3 12 6 16 8.22565314501180467 2 2 6 3 10 8 2 3 26 7 16 5 6 6 20 2 13.2195649013323386 24 6 3 30 13.151007650947605 16 32 2 9 6 10 15 32 5 6 30 13 3 20 6 12 31 10 17.5251509547233582 207.454679144385068 
8 24 12 13 6 5 12 24 3 13 14 2 13 1 1 16 24 7 14 31 7 10 1 10 14 1 4 14 16 10 4 14 10 15 20 13 15 25 11 14 19 2.70999124060388841 14 15 11 3 25 9 15 16 10 6 6 10 17 2 9 11 30 4 16.7313650250434875 266.209156323552634 
5 15 1 17 31 11 10 24 13 3 20 9 11 7 4 4 1 7 2 3 5 15 32 1 6 16 13 16 18 12 10 20 2.70999124060388841 18 30 13 12 23 6 9 24 10 1 1 3 14 15 1 16 12 2 15 8 11 13 6 7 3 9 13 21.2512499094009399 66.9607954775824226 
6 3 11 17 31 11 10 24 13 12 2 10 11 7 4 4 1 7 2 3 5 15 32 1 6 16 13 16 18 12 10 20 2.70999124060388841 14 32 9 12 23 6 9 24 10 1 1 3 14 15 1 16 12 2 15 8 11 6 6 10 3 9 13 19.9937888979911804 88.3419323323735313 
12 12 8 17 31 11 10 24 13 12 2 10 3 6 13 4 1 7 2 3 5 4 24 1 6 16 13 16 18 12 10 20 2.70999124060388841 13 3 9 13 6 2.70999124060388841 9 24 10 1 1 3 14 15 1 16 12 2 15 8 11 14 16.1354543567662532 4 3 9 13 18.8157427906990051 152.124048435515391 
5 15 1 17 31 11 10 24 13 12 2 10 13 6 4 4 1 7 2 3 5 15 32 1 6 16 13 16 18 12 10 20 2.70999124060388841 4 30 10 12 23 6 9 24 10 1 1 3 14 15 1 16 12 2 15 8 11 13 17 3 3 9 13 20.0434977412223816 86.3798935234960652 
6 9 9 17 31 11 10 24 13 12 2 10 11 7 4 4 1 7 2 3 5 15 32 1 6 16 13 14 12 11 10 20 2.70999124060388841 14 26 6 1 32 13 9 24 10 1 1 3 14 15 1 16 12 2 15 8 11 9 32 9 3 9 13 19.1465417742729187 139.266576108216981 
5 15 1 17 31 11 10 24 13 12 2 10 6 30 2 4 1 7 2 3 5 15 32 1 6 16 13 16 18 12 10 20 2.70999124060388841 18 30 13 4 26 6 9 24 10 1 1 3 14 15 1 16 12 2 15 8 11 14 20 13 3 9 13 19.9628448486328125 93.4414314062517661 
5 15 1 17 31 11 10 24 13 1 31 4 6 30 2.70999124060388841 4 1 7 2 3 5 15 32 1 6 16 13 16 18 12 10 20 2.70999124060388841 9 24 10 12 23 6 9 24 10 1 1 3 14 15 1 16 12 2 15 8 11 14 32 4 3 9 13 19.2157007157802582 116.56099149388622 
5 15 1 17 31 11 10 24 13 12 2 10 1 12 7 4 1 7 2 3 5 15 32 1 6 16 13 16 18 12 10 20 2.70999124060388841 15 30 7 12 23 6 9 24 10 1 1 3 14 15 1 16 12 2 15 8 11 13 1 11 3 9 13 19.7504467368125916 94.9708079790259774 
6 9 7 17 31 11 10 24 13 3 2 2 14 5.34074699537910114 7 4 1 7 2 3 5 15 32 1 6 16 13 16 18 12 10 20 2.70999124060388841 2 25 9 12 23 6 9 24 10 1 1 3 14 15 1 16 12 2 15 8 11 9 31 2 3 9 13 19.5243037343025208 110.62968677372703 
5 15 1 17 31 11 10 24 13 3 2 2 11 7 4 4 1 7 2 3 5 15 32 1 6 16 13 16 18 12 10 20 2.70999124060388841 18 30 13 12 23 6 9 24 10 1 1 3 14 15 1 16 12 2 15 8 11 11 4 12 3 9 13 24.7895970940589905 53.6148765371264773 
5 15 1 17 31 11 10 24 13 3 2 2 14 5.34074699537910114 10 4 1 7 2 3 5 15 32 1 6 16 13 16 18 12 10 20 2.70999124060388841 18 30 13 12 23 6 9 24 10 1 1 3 14 15 1 16 12 2 15 8 11 13 6 5 3 9 13 20.6779088973999023 69.9777996456904958 
6 6 7 17 31 11 10 24 13 3 2 2 9 12 9 4 1 7 2 3 5 15 32 1 6 16 13 16 18 12 10 20 2.70999124060388841 18 30 13 12 23 6 9 24 10 1 1 3 14 15 1 16 12 2 15 8 11 12 20 3 3 9 13 20.1458049416542053 82.1718394746469585 
5 15 1 17 31 11 10 24 13 3 2 2 11 7 4 4 1 7 2 3 5 15 32 1 6 16 13 16 18 12 10 20 2.70999124060388841 4 30 11 12 23 6 9 24 10 1 1 3 14 15 1 16 12 2 15 8 11 14 1 2.70999124060388841 3 9 13 20.771551787853241 67.5574237037472187 
1 25 2.70999124060388841 17 31 11 10 24 13 3 2 2 13 25 7 4 1 7 2 3 5 15 32 1 6 16 13 16 18 12 10 20 2.70999124060388841 18 30 13 12 23 6 9 24 10 1 1 3 14 15 1 16 12 2 15 8 11 4 31 12 3 9 13 20.1282808780670166 84.0520102855242186 
5 15 1 17 31 11 10 24 13 3 2 2 11 7 4 4 1 7 2 3 5 15 32 1 6 16 13 16 18 12 10 20 2.70999124060388841 18 30 13 12 23 6 9 24 10 1 1 3 14 15 1 16 12 2 15 8 11 4 6 12 3 9 13 21.877065896987915 56.8821220804954137 
5 15 1 17 31 11 10 24 13 3 2 2 11 7 4 4 1 7 2 3 5 15 32 1 6 16 13 16 18 12 10 20 2.70999124060388841 18 30 13 12 23 6 9 24 10 1 1 3 14 15 1 16 12 2 2 33 11 4 29 8 3 9 13 23.3941739201545715 54.2897744510079932 
5 15 1 17 31 11 10 24 13 3 2 2 15 25 10 4 1 7 2 3 5 15 32 1 6 16 13 16 18 12 10 20 2.70999124060388841 3.36768017929769181 6 4 12 23 6 9 24 10 1 1 3 14 15 1 16 12 2 2 33 11 14 19 9 3 9 13 20.4174718260765076 77.8646317673936181 
14 31 2 1 12 2.70999124060388841 3 14 11 14 15 4 15 5 5 6 24 2 1 28 12 2 16.1354543567662532 7 9 32 12 4.94126535182462057 9 13 17 24 4 13.2195649013323386 2 9 8 31 3 14 24 4 3 13 5 17 25 11 6 17 5 2 6 11 1 18 5 16 3 13 17.8349470794200897 205.757009406603572 
5 15 1 17 31 11 10 24 13 3 2 2 11 7 4 4 1 7 2 3 5 15 32 1 6 16 13 16 18 12 10 20 2.70999124060388841 4 30 8 12 23 6 9 24 10 1 1 3 14 15 1 16 12 2 2 33 11 11 4 12 3 9 13 24.4127239584922791 53.7530262668507675 
5 15 1 17 31 11 10 24 13 3 2 2 11 7 4 4 1 7 2 3 5 15 32 1 6 16 13 16 18 12 10 20 2.70999124060388841 4 30 11 12 23 6 9 24 10 1 1 3 14 15 1 16 12 2 2 33 11 4 26 3 3 9 13 21.5183118581771851 58.374758097113002 
5 15 1 17 31 11 10 24 13 3 2 2 11 7 4 4 1 7 2 3 5 15 32 1 6 16 13 16 18 12 10 20 2.70999124060388841 18 30 13 12 23 6 9 24 10 1 1 3 14 15 1 16 12 2 2 33 11 4 26 2 3 9 13 22.3846349120140076 55.0932669618052415 
5 15 1 17 31 11 10 24 13 3 2 2 9 6 4 4 1 7 2 3 5 15 32 1 6 16 13 16 18 12 10 20 2.70999124060388841 18 30 13 12 23 6 9 24 10 1 1 3 14 15 1 16 12 2 2 33 11 1 31 4 3 9 13 21.2944859266281128 64.8869631654938956 
5 15 1 17 31 11 10 24 13 3 2 2 11 7 4 4 1 7 2 3 5 15 32 1 6 16 13 16 18 12 10 20 2.70999124060388841 18 30 13 12 23 6 9 24 10 1 1 3 14 15 1 16 12 2 2 33 11 11 4 12 3 9 13 25.265433132648468 51.784432355426901 
5 15 1 17 31 11 10 24 13 3 2 2 11 11 9 4 1 7 2 3 5 15 32 1 6 16 13 16 18 12 10 20 2.70999124060388841 18 30 13 12 23 6 9 24 10 1 1 3 14 15 1 16 12 2 2 33 11 11 4 12 3 9 13 25.1710299849510193 53.2798930397943025 
5 15 1 17 31 11 10 24 13 3 2 2 11 7 4 4 1 7 2 3 5 15 32 1 6 16 13 16 18 12 10 20 2.70999124060388841 4 6 12 12 23 6 9 24 10 1 1 3 14 15 1 16 12 2 6 32 9 1 26 8 3 9 13 20.4263527393341064 74.3161609553456657 

Current Evaluation = 80000000(80000060)
Front Size = 28
17 9 11 3 20 3 14 9 11 4 12 5 1 6 2 3 25 1 14 19 1 18 24 6 3.36768017929769181 18 4 16 12 7 1 9 10 11 1 4 4 32 3 1 15 11 13 31 7 10 15 1 14 3 6.96245171630185755 16 1 12 1 32 12 14 26 8 18.3199991583824158 179.003501847309877 
6 26 5 13 5 5 12 19 4 15 25 11 16 18 1 17 15 9 6 23 8 1 1 5 16 1 7 4 12 8 10 18 12 4 8 10 12 32 13 15 6 2.70999124060388841 14 6 6 1 30 9 4 15 6 14 12 4 6 11 11 8 14 13 17.8490158319473267 199.302399784597895 
6 32 2.70999124060388841 8 24 7 12 6 11 17 18 6.96245171630185755 3 20 9 3 12 6 16 8.22565314501180467 2 2 6 3 10 8 2 3 26 7 16 5 6 6 20 2 13.2195649013323386 24 6 3 30 13.151007650947605 16 32 2 9 6 10 15 32 5 6 30 13 3 20 6 12 31 10 17.5251509547233582 207.454679144385068 
8 24 12 13 6 5 12 24 3 13 14 2 13 1 1 16 24 7 14 31 7 10 1 10 14 1 4 14 16 10 4 14 10 15 20 13 15 25 11 14 19 2.70999124060388841 14 15 11 3 25 9 15 16 10 6 6 10 17 2 9 11 30 4 16.7313650250434875 266.209156323552634 
6 3 11 17 31 11 10 24 13 12 2 10 11 7 4 4 1 7 2 3 5 15 32 1 6 16 13 16 18 12 10 20 2.70999124060388841 14 32 9 12 23 6 9 24 10 1 1 3 14 15 1 16 12 2 15 8 11 6 6 10 3 9 13 19.9937888979911804 88.3419323323735313 
12 12 8 17 31 11 10 24 13 12 2 10 3 6 13 4 1 7 2 3 5 4 24 1 6 16 13 16 18 12 10 20 2.70999124060388841 13 3 9 13 6 2.70999124060388841 9 24 10 1 1 3 14 15 1 16 12 2 15 8 11 14 16.1354543567662532 4 3 9 13 18.8157427906990051 152.124048435515391 
6 9 9 17 31 11 10 24 13 12 2 10 11 7 4 4 1 7 2 3 5 15 32 1 6 16 13 14 12 11 10 20 2.70999124060388841 14 26 6 1 32 13 9 24 10 1 1 3 14 15 1 16 12 2 15 8 11 9 32 9 3 9 13 19.1465417742729187 139.266576108216981 
5 15 1 17 31 11 10 24 13 12 2 10 6 30 2 4 1 7 2 3 5 15 32 1 6 16 13 16 18 12 10 20 2.70999124060388841 18 30 13 4 26 6 9 24 10 1 1 3 14 15 1 16 12 2 15 8 11 14 20 13 3 9 13 19.9628448486328125 93.4414314062517661 
5 15 1 17 31 11 10 24 13 1 31 4 6 30 2.70999124060388841 4 1 7 2 3 5 15 32 1 6 16 13 16 18 12 10 20 2.70999124060388841 9 24 10 12 23 6 9 24 10 1 1 3 14 15 1 16 12 2 15 8 11 14 32 4 3 9 13 19.2157007157802582 116.56099149388622 
5 15 1 17 31 11 10 24 13 12 2 10 1 12 7 4 1 7 2 3 5 15 32 1 6 16 13 16 18 12 10 20 2.70999124060388841 15 30 7 12 23 6 9 24 10 1 1 3 14 15 1 16 12 2 15 8 11 13 1 11 3 9 13 19.7504467368125916 94.9708079790259774 
6 9 7 17 31 11 10 24 13 3 2 2 14 5.34074699537910114 7 4 1 7 2 3 5 15 32 1 6 16 13 16 18 12 10 20 2.70999124060388841 2 25 9 12 23 6 9 24 10 1 1 3 14 15 1 16 12 2 15 8 11 9 31 2 3 9 13 19.5243037343025208 110.62968677372703 
5 15 1 17 31 11 10 24 13 3 2 2 14 5.34074699537910114 10 4 1 7 2 3 5 15 32 1 6 16 13 16 18 12 10 20 2.70999124060388841 18 30 13 12 23 6 9 24 10 1 1 3 14 15 1 16 12 2 15 8 11 13 6 5 3 9 13 20.6779088973999023 69.9777996456904958 
6 6 7 17 31 11 10 24 13 3 2 2 9 12 9 4 1 7 2 3 5 15 32 1 6 16 13 16 18 12 10 20 2.70999124060388841 18 30 13 12 23 6 9 24 10 1 1 3 14 15 1 16 12 2 15 8 11 12 20 3 3 9 13 20.1458049416542053 82.1718394746469585 
1 25 2.70999124060388841 17 31 11 10 24 13 3 2 2 13 25 7 4 1 7 2 3 5 15 32 1 6 16 13 16 18 12 10 20 2.70999124060388841 18 30 13 12 23 6 9 24 10 1 1 3 14 15 1 16 12 2 15 8 11 4 31 12 3 9 13 20.1282808780670166 84.0520102855242186 
5 15 1 17 31 11 10 24 13 3 2 2 11 7 4 4 1 7 2 3 5 15 32 1 6 16 13 16 18 12 10 20 2.70999124060388841 18 30 13 12 23 6 9 24 10 1 1 3 14 15 1 16 12 2 15 8 11 4 6 12 3 9 13 21.877065896987915 56.8821220804954137 
5 15 1 17 31 11 10 24 13 3 2 2 15 25 10 4 1 7 2 3 5 15 32 1 6 16 13 16 18 12 10 20 2.70999124060388841 3.36768017929769181 6 4 12 23 6 9 24 10 1 1 3 14 15 1 16 12 2 2 33 11 14 19 9 3 9 13 20.4174718260765076 77.8646317673936181 
14 31 2 1 12 2.70999124060388841 3 14 11 14 15 4 15 5 5 6 24 2 1 28 12 2 16.1354543567662532 7 9 32 12 4.94126535182462057 9 13 17 24 4 13.2195649013323386 2 9 8 31 3 14 24 4 3 13 5 17 25 11 6 17 5 2 6 11 1 18 5 16 3 13 17.8349470794200897 205.757009406603572 
5 15 1 17 31 11 10 24 13 3 2 2 11 7 4 4 1 7 2 3 5 15 32 1 6 16 13 16 18 12 10 20 2.70999124060388841 4 30 11 12 23 6 9 24 10 1 1 3 14 15 1 16 12 2 2 33 11 4 26 3 3 9 13 21.5183118581771851 58.374758097113002 
5 15 1 17 31 11 10 24 13 3 2 2 11 7 4 4 1 7 2 3 5 15 32 1 6 16 13 16 18 12 10 20 2.70999124060388841 18 30 13 12 23 6 9 24 10 1 1 3 14 15 1 16 12 2 2 33 11 4 26 2 3 9 13 22.3846349120140076 55.0932669618052415 
5 15 1 17 31 11 10 24 13 3 2 2 9 6 4 4 1 7 2 3 5 15 32 1 6 16 13 16 18 12 10 20 2.70999124060388841 18 30 13 12 23 6 9 24 10 1 1 3 14 15 1 16 12 2 2 33 11 1 31 4 3 9 13 21.2944859266281128 64.8869631654938956 
5 15 1 17 31 11 10 24 13 3 2 2 11 7 4 4 1 7 2 3 5 15 32 1 6 16 13 16 18 12 10 20 2.70999124060388841 4 6 12 12 23 6 9 24 10 1 1 3 14 15 1 16 12 2 6 32 9 1 26 8 3 9 13 20.4263527393341064 74.3161609553456657 
5 15 1 17 31 11 10 24 13 3 2 2 11 7 4 4 1 7 2 3 5 15 32 1 6 16 13 16 18 12 10 20 2.70999124060388841 18 30 13 12 23 6 9 24 10 1 1 3 14 15 1 16 12 2 2 33 11 12 19 12 3 9 13 22.7455889582633972 54.5613399118373366 
5 15 1 17 31 11 10 24 13 3 2 2 11 7 4 4 1 7 2 3 5 15 32 1 6 16 13 16 18 12 10 20 2.70999124060388841 18 30 13 12 23 6 9 24 10 1 1 3 14 15 1 16 12 2 2 33 11 12 19 8 3 9 13 22.7867888808250427 52.6506813443274169 
5 15 1 17 31 11 10 24 13 3 2 2 11 7 4 4 1 7 2 3 5 15 32 1 6 16 13 16 18 12 10 20 2.70999124060388841 14 30 8 12 23 6 9 24 10 1 1 3 14 15 1 16 12 2 12 6 7 14 32 2 3 9 13 20.0316748023033142 84.5133797392428363 
5 15 1 17 31 11 10 24 13 3 2 2 11 7 4 4 1 7 2 3 5 15 32 1 6 16 13 16 18 12 10 20 2.70999124060388841 18 30 13 12 23 6 9 24 10 1 1 3 14 15 1 16 12 2 2 33 11 11 4 12 3 9 13 25.265433132648468 51.6687430941604475 
5 15 1 17 31 11 10 24 13 3 2 2 11 7 4 4 1 7 2 3 5 15 32 1 6 16 13 16 18 12 10 20 2.70999124060388841 18 30 13 12 23 6 9 24 10 1 1 3 14 15 1 16 12 2 6 32 1 12 30 11 3 9 13 21.4728149771690369 61.1261110226970459 
13 25 9 4 26 9 3 5 2 14 11 9 14 28 5 9 30 10 4 26 1 15 7 4 8 6 5 3.36768017929769181 26 11 16 6 4 13 24 9 14 16.1354543567662532 2 1 15 13 1 13 3 1 19 5 4.94126535182462057 1 9.82524131762891173 6 26 1 3 20 11 1 31 12 17.0596408843994141 233.818657159833634 
14 32 13 17 31 11 10 24 13 3 2 2 11 7 4 4 1 7 2 3 5 15 32 1 6 16 13 16 18 12 10 20 2.70999124060388841 3.36768017929769181 30 8 12 23 6 9 24 10 1 1 3 14 15 1 16 12 2 2 33 11 4 26 10 3 9 13 20.6913819313049316 66.5733928367615704 

Current Evaluation = 90000000(90000120)
Front Size = 34
17 9 11 3 20 3 14 9 11 4 12 5 1 6 2 3 25 1 14 19 1 18 24 6 3.36768017929769181 18 4 16 12 7 1 9 10 11 1 4 4 32 3 1 15 11 13 31 7 10 15 1 14 3 6.96245171630185755 16 1 12 1 32 12 14 26 8 18.3199991583824158 179.003501847309877 
6 26 5 13 5 5 12 19 4 15 25 11 16 18 1 17 15 9 6 23 8 1 1 5 16 1 7 4 12 8 10 18 12 4 8 10 12 32 13 15 6 2.70999124060388841 14 6 6 1 30 9 4 15 6 14 12 4 6 11 11 8 14 13 17.8490158319473267 199.302399784597895 
6 32 2.70999124060388841 8 24 7 12 6 11 17 18 6.96245171630185755 3 20 9 3 12 6 16 8.22565314501180467 2 2 6 3 10 8 2 3 26 7 16 5 6 6 20 2 13.2195649013323386 24 6 3 30 13.151007650947605 16 32 2 9 6 10 15 32 5 6 30 13 3 20 6 12 31 10 17.5251509547233582 207.454679144385068 
6 3 11 17 31 11 10 24 13 12 2 10 11 7 4 4 1 7 2 3 5 15 32 1 6 16 13 16 18 12 10 20 2.70999124060388841 14 32 9 12 23 6 9 24 10 1 1 3 14 15 1 16 12 2 15 8 11 6 6 10 3 9 13 19.9937888979911804 88.3419323323735313 
12 12 8 17 31 11 10 24 13 12 2 10 3 6 13 4 1 7 2 3 5 4 24 1 6 16 13 16 18 12 10 20 2.70999124060388841 13 3 9 13 6 2.70999124060388841 9 24 10 1 1 3 14 15 1 16 12 2 15 8 11 14 16.1354543567662532 4 3 9 13 18.8157427906990051 152.124048435515391 
6 9 9 17 31 11 10 24 13 12 2 10 11 7 4 4 1 7 2 3 5 15 32 1 6 16 13 14 12 11 10 20 2.70999124060388841 14 26 6 1 32 13 9 24 10 1 1 3 14 15 1 16 12 2 15 8 11 9 32 9 3 9 13 19.1465417742729187 139.266576108216981 
5 15 1 17 31 11 10 24 13 12 2 10 6 30 2 4 1 7 2 3 5 15 32 1 6 16 13 16 18 12 10 20 2.70999124060388841 18 30 13 4 26 6 9 24 10 1 1 3 14 15 1 16 12 2 15 8 11 14 20 13 3 9 13 19.9628448486328125 93.4414314062517661 
5 15 1 17 31 11 10 24 13 1 31 4 6 30 2.70999124060388841 4 1 7 2 3 5 15 32 1 6 16 13 16 18 12 10 20 2.70999124060388841 9 24 10 12 23 6 9 24 10 1 1 3 14 15 1 16 12 2 15 8 11 14 32 4 3 9 13 19.2157007157802582 116.56099149388622 
5 15 1 17 31 11 10 24 13 12 2 10 1 12 7 4 1 7 2 3 5 15 32 1 6 16 13 16 18 12 10 20 2.70999124060388841 15 30 7 12 23 6 9 24 10 1 1 3 14 15 1 16 12 2 15 8 11 13 1 11 3 9 13 19.7504467368125916 94.9708079790259774 
6 9 7 17 31 11 10 24 13 3 2 2 14 5.34074699537910114 7 4 1 7 2 3 5 15 32 1 6 16 13 16 18 12 10 20 2.70999124060388841 2 25 9 12 23 6 9 24 10 1 1 3 14 15 1 16 12 2 15 8 11 9 31 2 3 9 13 19.5243037343025208 110.62968677372703 
5 15 1 17 31 11 10 24 13 3 2 2 14 5.34074699537910114 10 4 1 7 2 3 5 15 32 1 6 16 13 16 18 12 10 20 2.70999124060388841 18 30 13 12 23 6 9 24 10 1 1 3 14 15 1 16 12 2 15 8 11 13 6 5 3 9 13 20.6779088973999023 69.9777996456904958 
6 6 7 17 31 11 10 24 13 3 2 2 9 12 9 4 1 7 2 3 5 15 32 1 6 16 13 16 18 12 10 20 2.70999124060388841 18 30 13 12 23 6 9 24 10 1 1 3 14 15 1 16 12 2 15 8 11 12 20 3 3 9 13 20.1458049416542053 82.1718394746469585 
1 25 2.70999124060388841 17 31 11 10 24 13 3 2 2 13 25 7 4 1 7 2 3 5 15 32 1 6 16 13 16 18 12 10 20 2.70999124060388841 18 30 13 12 23 6 9 24 10 1 1 3 14 15 1 16 12 2 15 8 11 4 31 12 3 9 13 20.1282808780670166 84.0520102855242186 
5 15 1 17 31 11 10 24 13 3 2 2 11 7 4 4 1 7 2 3 5 15 32 1 6 16 13 16 18 12 10 20 2.70999124060388841 18 30 13 12 23 6 9 24 10 1 1 3 14 15 1 16 12 2 15 8 11 4 6 12 3 9 13 21.877065896987915 56.8821220804954137 
5 15 1 17 31 11 10 24 13 3 2 2 15 25 10 4 1 7 2 3 5 15 32 1 6 16 13 16 18 12 10 20 2.70999124060388841 3.36768017929769181 6 4 12 23 6 9 24 10 1 1 3 14 15 1 16 12 2 2 33 11 14 19 9 3 9 13 20.4174718260765076 77.8646317673936181 
14 31 2 1 12 2.70999124060388841 3 14 11 14 15 4 15 5 5 6 24 2 1 28 12 2 16.1354543567662532 7 9 32 12 4.94126535182462057 9 13 17 24 4 13.2195649013323386 2 9 8 31 3 14 24 4 3 13 5 17 25 11 6 17 5 2 6 11 1 18 5 16 3 13 17.8349470794200897 205.757009406603572 
5 15 1 17 31 11 10 24 13 3 2 2 11 7 4 4 1 7 2 3 5 15 32 1 6 16 13 16 18 12 10 20 2.70999124060388841 4 30 11 12 23 6 9 24 10 1 1 3 14 15 1 16 12 2 2 33 11 4 26 3 3 9 13 21.5183118581771851 58.374758097113002 
5 15 1 17 31 11 10 24 13 3 2 2 11 7 4 4 1 7 2 3 5 15 32 1 6 16 13 16 18 12 10 20 2.70999124060388841 18 30 13 12 23 6 9 24 10 1 1 3 14 15 1 16 12 2 2 33 11 4 26 2 3 9 13 22.3846349120140076 55.0932669618052415 
5 15 1 17 31 11 10 24 13 3 2 2 9 6 4 4 1 7 2 3 5 15 32 1 6 16 13 16 18 12 10 20 2.70999124060388841 18 30 13 12 23 6 9 24 10 1 1 3 14 15 1 16 12 2 2 33 11 1 31 4 3 9 13 21.2944859266281128 64.8869631654938956 
5 15 1 17 31 11 10 24 13 3 2 2 11 7 4 4 1 7 2 3 5 15 32 1 6 16 13 16 18 12 10 20 2.70999124060388841 4 6 12 12 23 6 9 24 10 1 1 3 14 15 1 16 12 2 6 32 9 1 26 8 3 9 13 20.4263527393341064 74.3161609553456657 
5 15 1 17 31 11 10 24 13 3 2 2 11 7 4 4 1 7 2 3 5 15 32 1 6 16 13 16 18 12 10 20 2.70999124060388841 18 30 13 12 23 6 9 24 10 1 1 3 14 15 1 16 12 2 2 33 11 12 19 12 3 9 13 22.7455889582633972 54.5613399118373366 
5 15 1 17 31 11 10 24 13 3 2 2 11 7 4 4 1 7 2 3 5 15 32 1 6 16 13 16 18 12 10 20 2.70999124060388841 18 30 13 12 23 6 9 24 10 1 1 3 14 15 1 16 12 2 2 33 11 12 19 8 3 9 13 22.7867888808250427 52.6506813443274169 
5 15 1 17 31 11 10 24 13 3 2 2 11 7 4 4 1 7 2 3 5 15 32 1 6 16 13 16 18 12 10 20 2.70999124060388841 14 30 8 12 23 6 9 24 10 1 1 3 14 15 1 16 12 2 12 6 7 14 32 2 3 9 13 20.0316748023033142 84.5133797392428363 
5 15 1 17 31 11 10 24 13 3 2 2 11 7 4 4 1 7 2 3 5 15 32 1 6 16 13 16 18 12 10 20 2.70999124060388841 18 30 13 12 23 6 9 24 10 1 1 3 14 15 1 16 12 2 6 32 1 12 30 11 3 9 13 21.4728149771690369 61.1261110226970459 
14 32 13 17 31 11 10 24 13 3 2 2 11 7 4 4 1 7 2 3 5 15 32 1 6 16 13 16 18 12 10 20 2.70999124060388841 3.36768017929769181 30 8 12 23 6 9 24 10 1 1 3 14 15 1 16 12 2 2 33 11 4 26 10 3 9 13 20.6913819313049316 66.5733928367615704 
13 14 4 16 12 5 17 6 2.70999124060388841 6 32 4 8 26 2 12 30 6.96245171630185755 2 19 9 3 32 3.84646942076222631 4 5 11 12 20 2 6 12 9.82524131762891173 15 32 7 4 32 9 14 18 3 4 20 5 4 24 13 14 9 9 8 30 13 12 5 5 17 22 1 16.3336039781570435 231.123997244585496 
5 15 1 17 31 11 10 24 13 3 2 2 11 7 4 4 1 7 2 3 5 15 32 1 6 16 13 16 18 12 10 20 2.70999124060388841 18 30 13 12 23 6 9 24 10 1 1 3 14 15 1 16 12 2 2 33 11 11 4 12 3 9 13 25.265433132648468 51.6448569431438713 
5 15 1 17 31 11 10 24 13 3 2 2 11 7 4 4 1 7 2 3 5 15 32 1 6 16 13 16 18 12 10 20 2.70999124060388841 4 30 10 12 23 6 9 24 10 1 1 3 14 15 1 16 12 2 12 6 3 9 24 4 3 9 13 20.5963848829269409 72.2197491014170652 
5 15 1 17 31 11 10 24 13 3 2 2 11 7 4 4 1 7 2 3 5 15 32 1 6 16 13 16 18 12 10 20 2.70999124060388841 4 24 9 12 23 6 9 24 10 1 1 3 14 15 1 16 12 2 2 33 11 12 24 4 3 9 13 21.3514388799667358 64.2232599764283378 
5 15 1 17 31 11 10 24 13 3 2 2 12 6 5 4 1 7 2 3 5 15 32 1 6 16 13 16 18 12 10 20 2.70999124060388841 18 30 13 12 23 6 9 24 10 1 1 3 14 15 1 16 12 2 2 6 2.70999124060388841 6 25 9 3 9 13 20.3582589030265808 81.3232980469822593 
5 15 1 17 31 11 10 24 13 3 2 2 11 7 4 4 1 7 2 3 5 15 32 1 6 16 13 16 18 12 10 20 2.70999124060388841 18 30 13 12 23 6 9 24 10 1 1 3 14 15 1 16 12 2 2 33 11 6 6 1 3 9 13 22.3580159544944763 55.5552051854684379 
14 17 4 17 31 11 10 24 13 3 2 2 11 7 4 4 1 7 2 3 5 15 32 1 6 16 13 16 18 12 10 20 2.70999124060388841 4 12 2.70999124060388841 12 23 6 9 24 10 1 1 3 14 15 1 16 12 2 1 25 1 13 32 12 3 9 13 19.9919828176498413 90.9599420033608936 
5 15 1 17 31 11 10 24 13 3 2 2 12 5.34074699537910114 4 4 1 7 2 3 5 15 32 1 6 16 13 16 18 12 10 20 2.70999124060388841 18 30 13 12 23 6 9 24 10 1 1 3 14 15 1 16 12 2 2 33 11 1 30 12 3 9 13 21.4432399272918701 63.93982623212829 
5 15 1 17 31 11 10 24 13 3 2 2 11 7 4 4 1 7 2 3 5 15 32 1 6 16 13 16 18 12 10 20 2.70999124060388841 18 30 13 12 23 6 9 24 10 1 1 3 14 15 1 16 12 2 2 33 11 4 26 12 3 9 13 22.438620924949646 55.0272763702042482 

Current Evaluation = 100000000(100000040)
Front Size = 34
17 9 11 3 20 3 14 9 11 4 12 5 1 6 2 3 25 1 14 19 1 18 24 6 3.36768017929769181 18 4 16 12 7 1 9 10 11 1 4 4 32 3 1 15 11 13 31 7 10 15 1 14 3 6.96245171630185755 16 1 12 1 32 12 14 26 8 18.3199991583824158 179.003501847309877 
6 26 5 13 5 5 12 19 4 15 25 11 16 18 1 17 15 9 6 23 8 1 1 5 16 1 7 4 12 8 10 18 12 4 8 10 12 32 13 15 6 2.70999124060388841 14 6 6 1 30 9 4 15 6 14 12 4 6 11 11 8 14 13 17.8490158319473267 199.302399784597895 
6 3 11 17 31 11 10 24 13 12 2 10 11 7 4 4 1 7 2 3 5 15 32 1 6 16 13 16 18 12 10 20 2.70999124060388841 14 32 9 12 23 6 9 24 10 1 1 3 14 15 1 16 12 2 15 8 11 6 6 10 3 9 13 19.9937888979911804 88.3419323323735313 
12 12 8 17 31 11 10 24 13 12 2 10 3 6 13 4 1 7 2 3 5 4 24 1 6 16 13 16 18 12 10 20 2.70999124060388841 13 3 9 13 6 2.70999124060388841 9 24 10 1 1 3 14 15 1 16 12 2 15 8 11 14 16.1354543567662532 4 3 9 13 18.8157427906990051 152.124048435515391 
6 9 9 17 31 11 10 24 13 12 2 10 11 7 4 4 1 7 2 3 5 15 32 1 6 16 13 14 12 11 10 20 2.70999124060388841 14 26 6 1 32 13 9 24 10 1 1 3 14 15 1 16 12 2 15 8 11 9 32 9 3 9 13 19.1465417742729187 139.266576108216981 
5 15 1 17 31 11 10 24 13 12 2 10 6 30 2 4 1 7 2 3 5 15 32 1 6 16 13 16 18 12 10 20 2.70999124060388841 18 30 13 4 26 6 9 24 10 1 1 3 14 15 1 16 12 2 15 8 11 14 20 13 3 9 13 19.9628448486328125 93.4414314062517661 
5 15 1 17 31 11 10 24 13 1 31 4 6 30 2.70999124060388841 4 1 7 2 3 5 15 32 1 6 16 13 16 18 12 10 20 2.70999124060388841 9 24 10 12 23 6 9 24 10 1 1 3 14 15 1 16 12 2 15 8 11 14 32 4 3 9 13 19.2157007157802582 116.56099149388622 
5 15 1 17 31 11 10 24 13 12 2 10 1 12 7 4 1 7 2 3 5 15 32 1 6 16 13 16 18 12 10 20 2.70999124060388841 15 30 7 12 23 6 9 24 10 1 1 3 14 15 1 16 12 2 15 8 11 13 1 11 3 9 13 19.7504467368125916 94.9708079790259774 
6 9 7 17 31 11 10 24 13 3 2 2 14 5.34074699537910114 7 4 1 7 2 3 5 15 32 1 6 16 13 16 18 12 10 20 2.70999124060388841 2 25 9 12 23 6 9 24 10 1 1 3 14 15 1 16 12 2 15 8 11 9 31 2 3 9 13 19.5243037343025208 110.62968677372703 
5 15 1 17 31 11 10 24 13 3 2 2 14 5.34074699537910114 10 4 1 7 2 3 5 15 32 1 6 16 13 16 18 12 10 20 2.70999124060388841 18 30 13 12 23 6 9 24 10 1 1 3 14 15 1 16 12 2 15 8 11 13 6 5 3 9 13 20.6779088973999023 69.9777996456904958 
6 6 7 17 31 11 10 24 13 3 2 2 9 12 9 4 1 7 2 3 5 15 32 1 6 16 13 16 18 12 10 20 2.70999124060388841 18 30 13 12 23 6 9 24 10 1 1 3 14 15 1 16 12 2 15 8 11 12 20 3 3 9 13 20.1458049416542053 82.1718394746469585 
1 25 2.70999124060388841 17 31 11 10 24 13 3 2 2 13 25 7 4 1 7 2 3 5 15 32 1 6 16 13 16 18 12 10 20 2.70999124060388841 18 30 13 12 23 6 9 24 10 1 1 3 14 15 1 16 12 2 15 8 11 4 31 12 3 9 13 20.1282808780670166 84.0520102855242186 
5 15 1 17 31 11 10 24 13 3 2 2 11 7 4 4 1 7 2 3 5 15 32 1 6 16 13 16 18 12 10 20 2.70999124060388841 18 30 13 12 23 6 9 24 10 1 1 3 14 15 1 16 12 2 15 8 11 4 6 12 3 9 13 21.877065896987915 56.8821220804954137 
5 15 1 17 31 11 10 24 13 3 2 2 15 25 10 4 1 7 2 3 5 15 32 1 6 16 13 16 18 12 10 20 2.70999124060388841 3.36768017929769181 6 4 12 23 6 9 24 10 1 1 3 14 15 1 16 12 2 2 33 11 14 19 9 3 9 13 20.4174718260765076 77.8646317673936181 
5 15 1 17 31 11 10 24 13 3 2 2 11 7 4 4 1 7 2 3 5 15 32 1 6 16 13 16 18 12 10 20 2.70999124060388841 4 30 11 12 23 6 9 24 10 1 1 3 14 15 1 16 12 2 2 33 11 4 26 3 3 9 13 21.5183118581771851 58.374758097113002 
5 15 1 17 31 11 10 24 13 3 2 2 11 7 4 4 1 7 2 3 5 15 32 1 6 16 13 16 18 12 10 20 2.70999124060388841 18 30 13 12 23 6 9 24 10 1 1 3 14 15 1 16 12 2 2 33 11 4 26 2 3 9 13 22.3846349120140076 55.0932669618052415 
5 15 1 17 31 11 10 24 13 3 2 2 9 6 4 4 1 7 2 3 5 15 32 1 6 16 13 16 18 12 10 20 2.70999124060388841 18 30 13 12 23 6 9 24 10 1 1 3 14 15 1 16 12 2 2 33 11 1 31 4 3 9 13 21.2944859266281128 64.8869631654938956 
5 15 1 17 31 11 10 24 13 3 2 2 11 7 4 4 1 7 2 3 5 15 32 1 6 16 13 16 18 12 10 20 2.70999124060388841 4 6 12 12 23 6 9 24 10 1 1 3 14 15 1 16 12 2 6 32 9 1 26 8 3 9 13 20.4263527393341064 74.3161609553456657 
5 15 1 17 31 11 10 24 13 3 2 2 11 7 4 4 1 7 2 3 5 15 32 1 6 16 13 16 18 12 10 20 2.70999124060388841 18 30 13 12 23 6 9 24 10 1 1 3 14 15 1 16 12 2 2 33 11 12 19 8 3 9 13 22.7867888808250427 52.6506813443274169 
5 15 1 17 31 11 10 24 13 3 2 2 11 7 4 4 1 7 2 3 5 15 32 1 6 16 13 16 18 12 10 20 2.70999124060388841 14 30 8 12 23 6 9 24 10 1 1 3 14 15 1 16 12 2 12 6 7 14 32 2 3 9 13 20.0316748023033142 84.5133797392428363 
5 15 1 17 31 11 10 24 13 3 2 2 11 7 4 4 1 7 2 3 5 15 32 1 6 16 13 16 18 12 10 20 2.70999124060388841 18 30 13 12 23 6 9 24 10 1 1 3 14 15 1 16 12 2 6 32 1 12 30 11 3 9 13 21.4728149771690369 61.1261110226970459 
14 32 13 17 31 11 10 24 13 3 2 2 11 7 4 4 1 7 2 3 5 15 32 1 6 16 13 16 18 12 10 20 2.70999124060388841 3.36768017929769181 30 8 12 23 6 9 24 10 1 1 3 14 15 1 16 12 2 2 33 11 4 26 10 3 9 13 20.6913819313049316 66.5733928367615704 
13 14 4 16 12 5 17 6 2.70999124060388841 6 32 4 8 26 2 12 30 6.96245171630185755 2 19 9 3 32 3.84646942076222631 4 5 11 12 20 2 6 12 9.82524131762891173 15 32 7 4 32 9 14 18 3 4 20 5 4 24 13 14 9 9 8 30 13 12 5 5 17 22 1 16.3336039781570435 231.123997244585496 
5 15 1 17 31 11 10 24 13 3 2 2 11 7 4 4 1 7 2 3 5 15 32 1 6 16 13 16 18 12 10 20 2.70999124060388841 4 30 10 12 23 6 9 24 10 1 1 3 14 15 1 16 12 2 12 6 3 9 24 4 3 9 13 20.5963848829269409 72.2197491014170652 
5 15 1 17 31 11 10 24 13 3 2 2 11 7 4 4 1 7 2 3 5 15 32 1 6 16 13 16 18 12 10 20 2.70999124060388841 4 24 9 12 23 6 9 24 10 1 1 3 14 15 1 16 12 2 2 33 11 12 24 4 3 9 13 21.3514388799667358 64.2232599764283378 
5 15 1 17 31 11 10 24 13 3 2 2 12 6 5 4 1 7 2 3 5 15 32 1 6 16 13 16 18 12 10 20 2.70999124060388841 18 30 13 12 23 6 9 24 10 1 1 3 14 15 1 16 12 2 2 6 2.70999124060388841 6 25 9 3 9 13 20.3582589030265808 81.3232980469822593 
5 15 1 17 31 11 10 24 13 3 2 2 11 7 4 4 1 7 2 3 5 15 32 1 6 16 13 16 18 12 10 20 2.70999124060388841 18 30 13 12 23 6 9 24 10 1 1 3 14 15 1 16 12 2 2 33 11 6 6 1 3 9 13 22.3580159544944763 55.5552051854684379 
14 17 4 17 31 11 10 24 13 3 2 2 11 7 4 4 1 7 2 3 5 15 32 1 6 16 13 16 18 12 10 20 2.70999124060388841 4 12 2.70999124060388841 12 23 6 9 24 10 1 1 3 14 15 1 16 12 2 1 25 1 13 32 12 3 9 13 19.9919828176498413 90.9599420033608936 
5 15 1 17 31 11 10 24 13 3 2 2 12 5.34074699537910114 4 4 1 7 2 3 5 15 32 1 6 16 13 16 18 12 10 20 2.70999124060388841 18 30 13 12 23 6 9 24 10 1 1 3 14 15 1 16 12 2 2 33 11 1 30 12 3 9 13 21.4432399272918701 63.93982623212829 
5 15 1 17 31 11 10 24 13 3 2 2 11 7 4 4 1 7 2 3 5 15 32 1 6 16 13 16 18 12 10 20 2.70999124060388841 18 30 13 12 23 6 9 24 10 1 1 3 14 15 1 16 12 2 2 33 11 11 4 12 3 9 13 25.265433132648468 50.4807042023096031 
5 15 1 17 31 11 10 24 13 3 2 2 11 7 4 4 1 7 2 3 5 15 32 1 6 16 13 16 18 12 10 20 2.70999124060388841 18 30 13 12 23 6 9 24 10 1 1 3 14 15 1 16 12 2 10 2 8 11 4 12 3 9 13 25.1931541562080383 51.6705932819645426 
12 9 10 3 30 2 2 6 5 14 25 1 15 5 12 8 14 7 15 9 13 14 1 8 10 15 12 6 32 10 6 30 6 4 26 2 14 1 2 1 32 6 3.36768017929769181 1 11 4 19 3 14 24 10 4 12 1 17 15 1 16 12 9 16.904809832572937 199.528437730140496 
5 15 1 17 31 11 10 24 13 3 2 2 11 7 4 4 1 7 2 3 5 15 32 1 6 16 13 16 18 12 10 20 2.70999124060388841 18 30 13 12 23 6 9 24 10 1 1 3 14 15 1 16 12 2 2 33 11 4 6 8 3 9 13 22.3941019177436829 53.9922787354379281 
5 15 1 17 31 11 10 24 13 3 2 2 11 7 4 4 1 7 2 3 5 15 32 1 6 16 13 16 18 12 10 20 2.70999124060388841 18 30 13 12 23 6 9 24 10 1 1 3 14 15 1 16 12 2 2 33 11 4 26 7 3 9 13 22.3256209492683411 56.4049523638010015 

MOEA/D: Multiobjective Evolutionary Algorithm Based on Decomposition
Number of Evaluations = 100000000
Mutation Probability = 0.0500000007450580597
Population Size = 140
Neighborhood size = 56
Seed: 13

Time =  36631.4593569999997

Current Evaluation = 100000040
Front Size = 34
17 9 11 3 20 3 14 9 11 4 12 5 1 6 2 3 25 1 14 19 1 18 24 6 3.36768017929769181 18 4 16 12 7 1 9 10 11 1 4 4 32 3 1 15 11 13 31 7 10 15 1 14 3 6.96245171630185755 16 1 12 1 32 12 14 26 8 18.3199991583824158 179.003501847309877 
6 26 5 13 5 5 12 19 4 15 25 11 16 18 1 17 15 9 6 23 8 1 1 5 16 1 7 4 12 8 10 18 12 4 8 10 12 32 13 15 6 2.70999124060388841 14 6 6 1 30 9 4 15 6 14 12 4 6 11 11 8 14 13 17.8490158319473267 199.302399784597895 
6 3 11 17 31 11 10 24 13 12 2 10 11 7 4 4 1 7 2 3 5 15 32 1 6 16 13 16 18 12 10 20 2.70999124060388841 14 32 9 12 23 6 9 24 10 1 1 3 14 15 1 16 12 2 15 8 11 6 6 10 3 9 13 19.9937888979911804 88.3419323323735313 
12 12 8 17 31 11 10 24 13 12 2 10 3 6 13 4 1 7 2 3 5 4 24 1 6 16 13 16 18 12 10 20 2.70999124060388841 13 3 9 13 6 2.70999124060388841 9 24 10 1 1 3 14 15 1 16 12 2 15 8 11 14 16.1354543567662532 4 3 9 13 18.8157427906990051 152.124048435515391 
6 9 9 17 31 11 10 24 13 12 2 10 11 7 4 4 1 7 2 3 5 15 32 1 6 16 13 14 12 11 10 20 2.70999124060388841 14 26 6 1 32 13 9 24 10 1 1 3 14 15 1 16 12 2 15 8 11 9 32 9 3 9 13 19.1465417742729187 139.266576108216981 
5 15 1 17 31 11 10 24 13 12 2 10 6 30 2 4 1 7 2 3 5 15 32 1 6 16 13 16 18 12 10 20 2.70999124060388841 18 30 13 4 26 6 9 24 10 1 1 3 14 15 1 16 12 2 15 8 11 14 20 13 3 9 13 19.9628448486328125 93.4414314062517661 
5 15 1 17 31 11 10 24 13 1 31 4 6 30 2.70999124060388841 4 1 7 2 3 5 15 32 1 6 16 13 16 18 12 10 20 2.70999124060388841 9 24 10 12 23 6 9 24 10 1 1 3 14 15 1 16 12 2 15 8 11 14 32 4 3 9 13 19.2157007157802582 116.56099149388622 
5 15 1 17 31 11 10 24 13 12 2 10 1 12 7 4 1 7 2 3 5 15 32 1 6 16 13 16 18 12 10 20 2.70999124060388841 15 30 7 12 23 6 9 24 10 1 1 3 14 15 1 16 12 2 15 8 11 13 1 11 3 9 13 19.7504467368125916 94.9708079790259774 
6 9 7 17 31 11 10 24 13 3 2 2 14 5.34074699537910114 7 4 1 7 2 3 5 15 32 1 6 16 13 16 18 12 10 20 2.70999124060388841 2 25 9 12 23 6 9 24 10 1 1 3 14 15 1 16 12 2 15 8 11 9 31 2 3 9 13 19.5243037343025208 110.62968677372703 
5 15 1 17 31 11 10 24 13 3 2 2 14 5.34074699537910114 10 4 1 7 2 3 5 15 32 1 6 16 13 16 18 12 10 20 2.70999124060388841 18 30 13 12 23 6 9 24 10 1 1 3 14 15 1 16 12 2 15 8 11 13 6 5 3 9 13 20.6779088973999023 69.9777996456904958 
6 6 7 17 31 11 10 24 13 3 2 2 9 12 9 4 1 7 2 3 5 15 32 1 6 16 13 16 18 12 10 20 2.70999124060388841 18 30 13 12 23 6 9 24 10 1 1 3 14 15 1 16 12 2 15 8 11 12 20 3 3 9 13 20.1458049416542053 82.1718394746469585 
1 25 2.70999124060388841 17 31 11 10 24 13 3 2 2 13 25 7 4 1 7 2 3 5 15 32 1 6 16 13 16 18 12 10 20 2.70999124060388841 18 30 13 12 23 6 9 24 10 1 1 3 14 15 1 16 12 2 15 8 11 4 31 12 3 9 13 20.1282808780670166 84.0520102855242186 
5 15 1 17 31 11 10 24 13 3 2 2 11 7 4 4 1 7 2 3 5 15 32 1 6 16 13 16 18 12 10 20 2.70999124060388841 18 30 13 12 23 6 9 24 10 1 1 3 14 15 1 16 12 2 15 8 11 4 6 12 3 9 13 21.877065896987915 56.8821220804954137 
5 15 1 17 31 11 10 24 13 3 2 2 15 25 10 4 1 7 2 3 5 15 32 1 6 16 13 16 18 12 10 20 2.70999124060388841 3.36768017929769181 6 4 12 23 6 9 24 10 1 1 3 14 15 1 16 12 2 2 33 11 14 19 9 3 9 13 20.4174718260765076 77.8646317673936181 
5 15 1 17 31 11 10 24 13 3 2 2 11 7 4 4 1 7 2 3 5 15 32 1 6 16 13 16 18 12 10 20 2.70999124060388841 4 30 11 12 23 6 9 24 10 1 1 3 14 15 1 16 12 2 2 33 11 4 26 3 3 9 13 21.5183118581771851 58.374758097113002 
5 15 1 17 31 11 10 24 13 3 2 2 11 7 4 4 1 7 2 3 5 15 32 1 6 16 13 16 18 12 10 20 2.70999124060388841 18 30 13 12 23 6 9 24 10 1 1 3 14 15 1 16 12 2 2 33 11 4 26 2 3 9 13 22.3846349120140076 55.0932669618052415 
5 15 1 17 31 11 10 24 13 3 2 2 9 6 4 4 1 7 2 3 5 15 32 1 6 16 13 16 18 12 10 20 2.70999124060388841 18 30 13 12 23 6 9 24 10 1 1 3 14 15 1 16 12 2 2 33 11 1 31 4 3 9 13 21.2944859266281128 64.8869631654938956 
5 15 1 17 31 11 10 24 13 3 2 2 11 7 4 4 1 7 2 3 5 15 32 1 6 16 13 16 18 12 10 20 2.70999124060388841 4 6 12 12 23 6 9 24 10 1 1 3 14 15 1 16 12 2 6 32 9 1 26 8 3 9 13 20.4263527393341064 74.3161609553456657 
5 15 1 17 31 11 10 24 13 3 2 2 11 7 4 4 1 7 2 3 5 15 32 1 6 16 13 16 18 12 10 20 2.70999124060388841 18 30 13 12 23 6 9 24 10 1 1 3 14 15 1 16 12 2 2 33 11 12 19 8 3 9 13 22.7867888808250427 52.6506813443274169 
5 15 1 17 31 11 10 24 13 3 2 2 11 7 4 4 1 7 2 3 5 15 32 1 6 16 13 16 18 12 10 20 2.70999124060388841 14 30 8 12 23 6 9 24 10 1 1 3 14 15 1 16 12 2 12 6 7 14 32 2 3 9 13 20.0316748023033142 84.5133797392428363 
5 15 1 17 31 11 10 24 13 3 2 2 11 7 4 4 1 7 2 3 5 15 32 1 6 16 13 16 18 12 10 20 2.70999124060388841 18 30 13 12 23 6 9 24 10 1 1 3 14 15 1 16 12 2 6 32 1 12 30 11 3 9 13 21.4728149771690369 61.1261110226970459 
14 32 13 17 31 11 10 24 13 3 2 2 11 7 4 4 1 7 2 3 5 15 32 1 6 16 13 16 18 12 10 20 2.70999124060388841 3.36768017929769181 30 8 12 23 6 9 24 10 1 1 3 14 15 1 16 12 2 2 33 11 4 26 10 3 9 13 20.6913819313049316 66.5733928367615704 
13 14 4 16 12 5 17 6 2.70999124060388841 6 32 4 8 26 2 12 30 6.96245171630185755 2 19 9 3 32 3.84646942076222631 4 5 11 12 20 2 6 12 9.82524131762891173 15 32 7 4 32 9 14 18 3 4 20 5 4 24 13 14 9 9 8 30 13 12 5 5 17 22 1 16.3336039781570435 231.123997244585496 
5 15 1 17 31 11 10 24 13 3 2 2 11 7 4 4 1 7 2 3 5 15 32 1 6 16 13 16 18 12 10 20 2.70999124060388841 4 30 10 12 23 6 9 24 10 1 1 3 14 15 1 16 12 2 12 6 3 9 24 4 3 9 13 20.5963848829269409 72.2197491014170652 
5 15 1 17 31 11 10 24 13 3 2 2 11 7 4 4 1 7 2 3 5 15 32 1 6 16 13 16 18 12 10 20 2.70999124060388841 4 24 9 12 23 6 9 24 10 1 1 3 14 15 1 16 12 2 2 33 11 12 24 4 3 9 13 21.3514388799667358 64.2232599764283378 
5 15 1 17 31 11 10 24 13 3 2 2 12 6 5 4 1 7 2 3 5 15 32 1 6 16 13 16 18 12 10 20 2.70999124060388841 18 30 13 12 23 6 9 24 10 1 1 3 14 15 1 16 12 2 2 6 2.70999124060388841 6 25 9 3 9 13 20.3582589030265808 81.3232980469822593 
5 15 1 17 31 11 10 24 13 3 2 2 11 7 4 4 1 7 2 3 5 15 32 1 6 16 13 16 18 12 10 20 2.70999124060388841 18 30 13 12 23 6 9 24 10 1 1 3 14 15 1 16 12 2 2 33 11 6 6 1 3 9 13 22.3580159544944763 55.5552051854684379 
14 17 4 17 31 11 10 24 13 3 2 2 11 7 4 4 1 7 2 3 5 15 32 1 6 16 13 16 18 12 10 20 2.70999124060388841 4 12 2.70999124060388841 12 23 6 9 24 10 1 1 3 14 15 1 16 12 2 1 25 1 13 32 12 3 9 13 19.9919828176498413 90.9599420033608936 
5 15 1 17 31 11 10 24 13 3 2 2 12 5.34074699537910114 4 4 1 7 2 3 5 15 32 1 6 16 13 16 18 12 10 20 2.70999124060388841 18 30 13 12 23 6 9 24 10 1 1 3 14 15 1 16 12 2 2 33 11 1 30 12 3 9 13 21.4432399272918701 63.93982623212829 
5 15 1 17 31 11 10 24 13 3 2 2 11 7 4 4 1 7 2 3 5 15 32 1 6 16 13 16 18 12 10 20 2.70999124060388841 18 30 13 12 23 6 9 24 10 1 1 3 14 15 1 16 12 2 2 33 11 11 4 12 3 9 13 25.265433132648468 50.4807042023096031 
5 15 1 17 31 11 10 24 13 3 2 2 11 7 4 4 1 7 2 3 5 15 32 1 6 16 13 16 18 12 10 20 2.70999124060388841 18 30 13 12 23 6 9 24 10 1 1 3 14 15 1 16 12 2 10 2 8 11 4 12 3 9 13 25.1931541562080383 51.6705932819645426 
12 9 10 3 30 2 2 6 5 14 25 1 15 5 12 8 14 7 15 9 13 14 1 8 10 15 12 6 32 10 6 30 6 4 26 2 14 1 2 1 32 6 3.36768017929769181 1 11 4 19 3 14 24 10 4 12 1 17 15 1 16 12 9 16.904809832572937 199.528437730140496 
5 15 1 17 31 11 10 24 13 3 2 2 11 7 4 4 1 7 2 3 5 15 32 1 6 16 13 16 18 12 10 20 2.70999124060388841 18 30 13 12 23 6 9 24 10 1 1 3 14 15 1 16 12 2 2 33 11 4 6 8 3 9 13 22.3941019177436829 53.9922787354379281 
5 15 1 17 31 11 10 24 13 3 2 2 11 7 4 4 1 7 2 3 5 15 32 1 6 16 13 16 18 12 10 20 2.70999124060388841 18 30 13 12 23 6 9 24 10 1 1 3 14 15 1 16 12 2 2 33 11 4 26 7 3 9 13 22.3256209492683411 56.4049523638010015 

