Current Evaluation = 10000000(10000000)
Front Size = 43
6 26 3 16 28 10 15 18 2.70999124060388841 14 2 7 12 24 12 12 19 11 3 5.34074699537910114 1 9 15 12 16 32 9 1 31 2 14 24 5 5 3 4 10 12 10 9 16 1 14 30 2 4 8 13 3.36768017929769181 15 11 1 26 10 6 17 6 10 24 3 19.8733220994472504 120.483263248171028 
16 1 8 14 25 2.70999124060388841 15 18 2.70999124060388841 14 2 7 12 24 3 12 19 11 17 30 13 9 15 12 16 32 9 1 31 2 14 24 5 5 3 4 10 12 10 9 16 1 11 9 2 4 8 13 3.36768017929769181 15 11 1 26 10 6 17 6 10 24 3 19.8760879039764404 119.568520906480487 
14 25 9 16 28 10 15 18 2.70999124060388841 14 2 7 1 24 7 12 19 11 3 5.34074699537910114 1 9 15 12 16 32 9 1 31 2 14 24 5 5 3 4 15 15 12 9 16 1 1 30 9 4 8 13 3.36768017929769181 15 11 1 26 10 6 17 6 10 24 3 19.0863000750541687 134.498970710362784 
2 7 2.70999124060388841 3 20 7 14 6 12 3 31 9 9.25570237641795579 30 10 8 6 9 2 32 12 9 26 13 3 19 13 3 25 6 2 11 1 12 15 5 17 8 7 12 30 6 3 3 1 12 15 9 8 31 3.84646942076222631 16 3 8 14 9 10 15 25 3 18.9989431500434875 211.887479307757928 
12 6 2.70999124060388841 14 12 5 4 30 9 14 25 2 4 6 10 17 9 5 3 5 6 17 22 13 16 17 12 5 26 2 15 9 7 1 7 5 14 5 12 15 11 13 1 18 6 13 25 5 8 16 2 14 30 7 1 3 4 2 25 4 17.872039794921875 260.384764702102188 
6 9 9 10 1 2.70999124060388841 18 12 6.96245171630185755 16 12 5 13 9 9 1 14 3 6 31 11 15 2 3 4.94126535182462057 8 5 8 18 6 11 24 1 14 30 11 13 32 11 2 5 9 14 25 9.82524131762891173 15 31.8448655754823804 2 2 24 13 6 6 5 12 24 11 16 16 11 18.9228078722953796 219.849368716938358 
10 11 1 2 30 3 15 18 2.70999124060388841 14 2 7 18 26 13 12 19 11 3 5.34074699537910114 1 9 15 12 16 32 9 1 31 2 6 22 5 15 1 9 10 12 10 9 16 1 3 15 13 4 8 13 16 2 2.70999124060388841 15 24 13 6 17 6 1 19 4 21.4313861131668091 72.9314394034106783 
13 6 5 2 30 3 15 18 2.70999124060388841 14 2 7 6 17 5 12 19 11 3 5.34074699537910114 1 9 15 12 16 32 9 1 31 2 6 22 5 5 3 4 10 12 10 9 16 1 11 9 2 4 8 13 16 2 2.70999124060388841 15 24 13 14 32 3 1 19 4 20.3117589950561523 104.684085161444301 
14 25 2 2 30 3 15 18 2.70999124060388841 14 2 7 18 26 13 12 19 11 3 5.34074699537910114 1 9 15 12 16 32 9 1 31 2 6 22 5 14 30 4 10 12 10 9 16 1 11 9 2 4 8 13 16 2 2.70999124060388841 15 24 13 6 17 6 1 19 4 20.4749650061130524 94.5227984364404819 
10 11 1 2 30 3 15 18 2.70999124060388841 14 2 7 18 26 13 12 19 11 3 5.34074699537910114 1 9 15 12 16 32 9 1 31 2 6 22 5 14 26 3 10 12 10 9 16 1 17 30 1 4 8 13 16 2 2.70999124060388841 15 24 13 6 17 6 1 19 4 21.1652281880378723 76.3238368057645147 
17 24 2.70999124060388841 2 30 3 15 18 2.70999124060388841 14 2 7 2 32 9 12 19 11 3 5.34074699537910114 1 9 15 12 16 32 9 1 31 2 6 22 5 5 3 4 10 12 10 13 1 9 11 9 2 4 8 13 16 2 2.70999124060388841 15 24 13 6 17 6 1 19 4 19.9209839105606079 119.408781147364834 
17 5.34074699537910114 5 2 30 3 15 18 2.70999124060388841 14 2 7 5 12 4 12 19 11 3 5.34074699537910114 1 9 15 12 16 32 9 1 31 2 6 22 5 12 20 11 10 12 10 9 16 1 15 32 6.96245171630185755 4 8 13 16 2 2.70999124060388841 15 24 13 14 25 10 1 19 4 19.4900250434875488 128.49220709881314 
10 11 1 2 30 3 15 18 2.70999124060388841 14 2 7 14 32 9 12 19 11 3 5.34074699537910114 1 9 15 12 16 32 9 1 31 2 6 22 5 5 3 4 10 12 10 9 16 1 3.36768017929769181 20 2 4 8 13 16 2 2.70999124060388841 15 24 13 4 30 2 1 19 4 20.2329930067062378 106.639171185259713 
10 11 1 2 30 3 15 18 2.70999124060388841 14 2 7 4 26 7 12 19 11 3 5.34074699537910114 1 9 15 12 16 32 9 1 31 2 6 22 5 5 3 4 10 12 10 9 16 1 12 6 13 4 8 13 16 2 2.70999124060388841 15 24 13 6 17 6 1 19 4 21.0073360204696655 84.0826583306876216 
16 33 12 14 22 3 3 24 13 14 19 12 13 25 1 13 1 2.70999124060388841 9 18 11 14 24 12 14 30 9 8 5 11 16 15 6.96245171630185755 12 31 8 4 31 4 1 3 1 6 14 13 6 6 6 4.94126535182462057 16 9.82524131762891173 4 15 13 4 31 1 2 9 10 18.2425357699394226 233.575299035804022 
13 25 10 2 30 3 15 18 2.70999124060388841 14 2 7 18 26 13 12 19 11 3 5.34074699537910114 1 9 15 12 16 32 9 1 31 2 6 22 5 14 26 9 10 12 10 9 16 1 11 9 2 4 8 13 16 2 2.70999124060388841 15 24 13 6 17 6 1 19 4 20.7145030200481415 87.0762582472642919 
12 5.34074699537910114 9 2 30 3 15 18 2.70999124060388841 14 2 7 4 6 9 12 19 11 3 5.34074699537910114 1 9 15 12 16 32 9 1 31 2 6 22 5 5 3 4 6 32 7 9 16 1 11 9 2 4 8 13 16 2 2.70999124060388841 15 24 13 6 17 6 1 19 4 20.0986408591270447 109.122571872571868 
6 3 10 2 30 3 15 18 2.70999124060388841 14 2 7 9 26 4 12 19 11 3 5.34074699537910114 1 9 15 12 16 32 9 1 31 2 6 22 5 5 3 4 1 15 4 16 30 3 3 19 8 4 8 13 16 2 2.70999124060388841 15 24 13 6 17 6 1 19 4 19.4429188370704651 134.476667450196857 
3 14 10 2 30 3 15 18 2.70999124060388841 14 2 7 18 26 13 12 19 11 3 5.34074699537910114 1 9 15 12 16 32 9 1 31 2 6 22 5 14 6 2.70999124060388841 10 12 10 9 16 1 11 15 11 4 8 13 16 2 2.70999124060388841 15 24 13 6 17 6 1 19 4 21.0264280140399933 82.5883773593804165 
12 20 9 2 30 3 15 18 2.70999124060388841 14 2 7 14 26 9 12 19 11 3 5.34074699537910114 1 9 15 12 16 32 9 1 31 2 6 22 5 5 3 4 10 12 10 9 16 1 11 15 11 4 8 13 16 2 2.70999124060388841 15 24 13 6 17 6 1 19 4 20.3225569427013397 99.0343872591331262 
10 11 1 2 30 3 15 18 2.70999124060388841 14 2 7 18 26 13 12 19 11 3 5.34074699537910114 1 9 15 12 16 32 9 1 31 2 6 22 5 14 6 10 1 26 9 9 16 1 11 15 11 4 8 13 16 2 2.70999124060388841 15 24 13 6 17 6 1 19 4 21.1214011013507843 78.9690414782667887 
10 11 1 2 30 3 15 18 2.70999124060388841 14 2 7 18 26 13 12 19 11 3 5.34074699537910114 1 9 15 12 16 32 9 1 31 2 6 22 5 14 6 9 10 12 10 9 16 1 11 15 11 4 8 13 16 2 2.70999124060388841 15 24 13 6 17 6 1 19 4 21.6327921748161316 70.2619203129104193 
3 6 6 2 30 3 15 18 2.70999124060388841 14 2 7 14 25 12 12 19 11 3 5.34074699537910114 1 9 15 12 16 32 9 1 31 2 6 22 5 6 1 2.70999124060388841 10 12 10 9 16 1 11 15 11 4 8 13 16 2 2.70999124060388841 15 24 13 6 17 6 1 19 4 19.9412078261375427 114.042158790745191 
10 11 1 2 30 3 15 18 2.70999124060388841 14 2 7 18 26 13 12 19 11 3 5.34074699537910114 1 9 15 12 16 32 9 1 31 2 6 22 5 5 3 4 10 12 10 9 16 1 11 15 11 4 8 13 16 2 2.70999124060388841 15 24 13 6 17 6 1 19 4 22.6836711764335632 59.8192527327079588 
10 11 1 2 30 3 1 3 4 14 2 7 18 26 13 12 19 11 3 5.34074699537910114 1 9 15 12 16 32 9 1 31 2 6 22 5 5 3 4 10 12 10 9 16 1 11 15 11 4 8 13 16 2 2.70999124060388841 15 24 13 6 17 6 1 19 4 22.6059932112693787 60.5247108313759625 
10 11 1 2 30 3 15 18 2.70999124060388841 14 2 7 18 26 13 12 19 11 3 5.34074699537910114 1 9 15 12 16 32 9 1 31 2 6 22 5 5 3 4 10 12 10 9 16 1 11 15 11 4 8 13 16 2 2.70999124060388841 15 24 13 14 6 9 1 19 4 21.9248781800270081 63.8009100357432644 
6 5.34074699537910114 7 2 30 3 15 18 2.70999124060388841 14 2 7 18 26 13 12 19 11 3 5.34074699537910114 1 9 15 12 16 32 9 1 31 2 6 22 5 14 30 9 10 12 10 9 16 1 11 15 11 4 8 13 16 2 2.70999124060388841 15 24 13 6 17 6 1 19 4 20.6291590929031372 90.9291466703231492 
14 32 12 2 30 3 15 18 2.70999124060388841 14 2 7 16 20 6 12 19 11 3 5.34074699537910114 1 9 15 12 16 32 9 1 31 2 6 22 5 5 3 4 13 12 12 9 16 1 11 15 11 4 8 13 16 2 2.70999124060388841 15 24 13 6 17 6 1 19 4 20.0655238628387451 112.756233145332985 
10 11 1 2 30 3 15 18 2.70999124060388841 14 2 7 17 6 10 12 19 11 15 20 6 9 15 12 16 32 9 1 31 2 6 22 5 6 26 9 10 12 10 6 6 3 11 15 11 4 8 13 16 2 2.70999124060388841 15 24 13 6 17 6 1 19 4 19.7055860161781311 125.799621510442677 
10 11 1 2 30 3 15 18 2.70999124060388841 14 2 7 18 26 13 12 19 11 3 5.34074699537910114 1 9 15 12 16 32 9 1 31 2 6 22 5 14 1 4 10 12 10 9 16 1 11 15 11 4 8 13 16 2 2.70999124060388841 15 24 13 6 17 6 1 19 4 21.7491511702537537 68.288203990102744 
10 11 1 2 30 3 15 18 2.70999124060388841 14 2 7 18 26 13 12 19 11 3 5.34074699537910114 1 9 15 12 16 32 9 1 31 2 6 22 5 14 1 9 10 12 10 9 16 1 11 15 11 4 8 13 16 2 2.70999124060388841 15 24 13 6 17 6 1 19 4 21.7211271822452545 68.5185239597004312 
15 1 4 2 30 3 15 18 2.70999124060388841 14 2 7 4 12 10 12 19 11 3 5.34074699537910114 1 9 15 12 16 32 9 1 31 2 6 22 5 5 3 4 10 12 10 9 16 1 11 15 11 16 6 2.70999124060388841 16 2 2.70999124060388841 15 24 13 6 17 6 1 19 4 20.1048068404197693 109.003540027224247 
10 11 1 2 30 3 15 18 2.70999124060388841 14 2 7 18 26 13 12 19 11 3 5.34074699537910114 1 9 15 12 16 32 9 1 31 2 6 22 5 5 3 4 10 12 10 9 16 1 11 15 11 4 8 13 16 2 2.70999124060388841 15 24 13 14 1 10 1 19 4 22.1152371764183044 63.1458067344163467 
10 11 1 2 30 3 15 18 2.70999124060388841 14 2 7 18 26 13 12 19 11 3 5.34074699537910114 1 9 15 12 16 32 9 1 31 2 6 22 5 14 6 7 10 12 10 9 16 1 11 15 11 4 8 13 17 30 1 15 24 13 6 17 6 1 19 4 21.3908411860466003 73.4589464381366923 
3.36768017929769181 1 3 2 30 3 15 18 2.70999124060388841 14 2 7 18 26 13 12 19 11 3 5.34074699537910114 1 9 15 12 16 32 9 1 31 2 6 22 5 5 3 4 10 12 10 2 5 10 17 31 13 4 8 13 16 2 2.70999124060388841 15 24 13 14 32 3 1 19 4 20.2283560037612915 108.25853099649116 
10 11 1 2 30 3 15 18 2.70999124060388841 14 2 7 16 3 6 12 19 11 3 5.34074699537910114 1 9 15 12 16 32 9 1 31 2 6 22 5 14 26 9 10 12 10 9 16 1 11 15 11 4 8 13 16 2 2.70999124060388841 15 24 13 6 17 6 1 19 4 21.0448060929775238 81.5941816468132401 
14 1 3 2 30 3 15 18 2.70999124060388841 14 2 7 4 12 9 12 19 11 3 5.34074699537910114 1 9 15 12 16 32 9 1 31 2 6 22 5 5 3 4 10 12 10 9 16 1 11 15 11 4 8 13 16 2 2.70999124060388841 15 24 13 6 17 6 1 19 4 20.4289358854293823 97.4259214921720087 
14 12 4 2 30 3 15 18 2.70999124060388841 14 2 7 18 26 13 12 19 11 3 5.34074699537910114 1 9 15 12 16 32 9 1 31 2 6 22 5 5 3 4 10 12 10 9 16 1 11 15 11 17 6 13 16 2 2.70999124060388841 15 24 13 6 17 6 1 19 4 20.8516740202903748 84.80312875553102 
8 25 9 2 30 3 15 18 2.70999124060388841 14 2 7 18 26 13 12 19 11 3 5.34074699537910114 1 9 15 12 16 32 9 1 31 2 6 22 5 14 6 2.70999124060388841 10 12 10 9 16 1 11 15 11 4 8 13 16 2 2.70999124060388841 15 24 13 6 17 6 1 19 4 20.812292069196701 85.5224680662836505 
3 12 7 2 30 3 15 18 2.70999124060388841 14 2 7 18 26 13 12 19 11 3 5.34074699537910114 1 9 15 12 16 32 9 1 31 2 6 22 5 5 3 4 10 12 10 9 16 1 13 24 8 4 8 13 16 2 2.70999124060388841 15 24 13 14 1 6 1 19 4 20.4502810835838318 96.222243538892414 
14 25 2 2 30 3 15 18 2.70999124060388841 14 2 7 18 26 13 12 19 11 3 5.34074699537910114 1 9 15 12 16 32 9 1 31 2 6 22 5 14 18 9 10 12 10 9 16 1 11 15 11 4 8 13 16 2 2.70999124060388841 15 24 13 6 17 6 1 19 4 20.6656440496444702 88.6936568333627235 
10 11 1 2 30 3 15 32 6 14 2 7 18 26 13 12 19 11 3 5.34074699537910114 1 9 15 12 16 32 9 1 31 2 6 22 5 5 3 4 10 12 10 9 16 1 11 15 11 4 8 13 16 2 2.70999124060388841 15 24 13 6 17 6 1 19 4 22.5691311955451965 62.747526493933016 
10 11 1 2 30 3 15 18 2.70999124060388841 14 2 7 18 26 13 12 19 11 3 5.34074699537910114 1 9 15 12 16 32 9 1 31 2 6 22 5 14 6 4 10 12 10 9 16 1 11 15 11 4 8 13 16 2 2.70999124060388841 15 24 13 6 17 6 1 19 4 21.6608161628246307 69.019644460060249 

Current Evaluation = 20000000(20000000)
Front Size = 28
14 25 9 16 28 10 15 18 2.70999124060388841 14 2 7 1 24 7 12 19 11 3 5.34074699537910114 1 9 15 12 16 32 9 1 31 2 14 24 5 5 3 4 15 15 12 9 16 1 1 30 9 4 8 13 3.36768017929769181 15 11 1 26 10 6 17 6 10 24 3 19.0863000750541687 134.498970710362784 
2 7 2.70999124060388841 3 20 7 14 6 12 3 31 9 9.25570237641795579 30 10 8 6 9 2 32 12 9 26 13 3 19 13 3 25 6 2 11 1 12 15 5 17 8 7 12 30 6 3 3 1 12 15 9 8 31 3.84646942076222631 16 3 8 14 9 10 15 25 3 18.9989431500434875 211.887479307757928 
6 9 9 10 1 2.70999124060388841 18 12 6.96245171630185755 16 12 5 13 9 9 1 14 3 6 31 11 15 2 3 4.94126535182462057 8 5 8 18 6 11 24 1 14 30 11 13 32 11 2 5 9 14 25 9.82524131762891173 15 31.8448655754823804 2 2 24 13 6 6 5 12 24 11 16 16 11 18.9228078722953796 219.849368716938358 
16 33 12 14 22 3 3 24 13 14 19 12 13 25 1 13 1 2.70999124060388841 9 18 11 14 24 12 14 30 9 8 5 11 16 15 6.96245171630185755 12 31 8 4 31 4 1 3 1 6 14 13 6 6 6 4.94126535182462057 16 9.82524131762891173 4 15 13 4 31 1 2 9 10 18.2425357699394226 233.575299035804022 
10 11 1 2 30 3 15 18 2.70999124060388841 14 2 7 18 26 13 12 19 11 3 5.34074699537910114 1 9 15 12 16 32 9 1 31 2 6 22 5 5 3 4 10 12 10 9 16 1 11 15 11 4 8 13 16 2 2.70999124060388841 15 24 13 14 1 10 1 19 4 22.1152371764183044 63.1458067344163467 
10 11 1 2 30 3 15 18 2.70999124060388841 14 2 7 9 6 12 12 19 11 3 5.34074699537910114 1 9 15 12 16 32 9 1 31 2 6 22 5 5 3 4 2 1 9 9 16 1 12 15 8 4 8 13 16 2 2.70999124060388841 15 24 13 6 17 6 1 19 4 21.0012029409408569 79.0079273358467589 
10 11 1 2 30 3 15 18 2.70999124060388841 14 2 7 4 26 13 12 19 11 3 5.34074699537910114 1 9 15 12 16 32 9 1 31 2 6 1 3 5 3 4 10 12 10 9 16 1 11 15 11 4 8 13 16 2 2.70999124060388841 15 24 13 6 17 6 1 19 4 21.4908651113510132 71.4293165168165132 
10 11 1 2 30 3 15 18 2.70999124060388841 14 2 7 18 26 13 12 19 11 3 5.34074699537910114 1 9 15 12 16 32 9 1 31 2 6 22 5 14 24 4 10 12 10 9 16 1 11 15 11 4 8 13 16 2 2.70999124060388841 15 24 13 6 17 6 1 19 4 21.702651172876358 65.7428234263837226 
10 11 1 2 30 3 15 18 2.70999124060388841 14 2 7 18 26 13 12 19 11 3 5.34074699537910114 1 9 15 12 16 32 9 1 31 2 6 22 5 5 3 4 10 12 10 3 6 8 11 15 11 4 8 13 16 2 2.70999124060388841 15 24 13 14 20 3 1 19 4 21.5503742098808289 70.5012419128293288 
10 11 1 2 30 3 15 18 2.70999124060388841 14 2 7 4 6 13 12 19 11 3 5.34074699537910114 1 9 15 12 16 32 9 1 31 2 6 22 5 14 24 9 1 30 7 9 16 1 11 15 11 4 8 13 16 2 2.70999124060388841 15 24 13 6 17 6 1 19 4 20.008512020111084 86.0874169539610818 
17 6 10 2 30 3 15 18 2.70999124060388841 14 2 7 3.36768017929769181 30 13 12 19 11 3 5.34074699537910114 1 9 15 12 16 32 9 1 31 2 6 22 5 6 26 5 14 1 2 9 16 1 11 15 11 4 8 13 16 2 2.70999124060388841 15 24 13 6 17 6 1 19 4 19.2507109045982361 126.024596922872774 
17 32 4 2 30 3 15 18 2.70999124060388841 14 2 7 1 20 7 12 19 11 3 5.34074699537910114 1 9 15 12 16 32 9 1 31 2 6 22 5 5 3 4 1 6 9 9 16 1 11 15 11 4 8 13 16 2 2.70999124060388841 15 24 13 6 17 6 1 19 4 19.769727885723114 110.083801990496227 
10 11 1 2 30 3 15 18 2.70999124060388841 14 2 7 18 26 13 12 19 11 3 5.34074699537910114 1 9 15 12 16 32 9 1 31 2 6 22 5 14 1 5 10 12 10 9 16 1 11 15 11 4 8 13 16 2 2.70999124060388841 15 24 13 6 17 6 1 19 4 21.8111512064933777 63.4623390142299399 
14 31 9 2 30 3 15 18 2.70999124060388841 14 2 7 14 7 7 12 19 11 3 5.34074699537910114 1 9 15 12 16 32 9 1 31 2 6 22 5 5 3 4 10 12 10 9 16 1 3.36768017929769181 24 1 4 8 13 16 2 2.70999124060388841 15 24 13 14 14 6 1 19 4 19.6933439373970032 115.002648125801343 
4 3 3 2 30 3 15 18 2.70999124060388841 14 2 7 14 26 9 12 19 11 3 5.34074699537910114 1 9 15 12 16 32 9 1 31 2 6 22 5 5 3 4 10 12 10 9 16 1 6 6 9 4 8 13 16 2 2.70999124060388841 15 24 13 6 17 6 1 19 4 19.6725229918956757 121.118792679993646 
10 11 1 2 30 3 15 18 2.70999124060388841 14 2 7 6 26 8 12 19 11 3 5.34074699537910114 1 9 15 12 16 32 9 1 31 2 6 22 5 14 30 11 10 12 10 9 16 1 11 15 11 14 12 9 16 2 2.70999124060388841 15 24 13 6 17 6 1 19 4 19.985570102930069 109.341435067664591 
10 11 1 2 30 3 15 18 2.70999124060388841 14 2 7 16 26 9 12 19 11 3 5.34074699537910114 1 9 15 12 16 32 9 1 31 2 6 22 5 14 6 7 10 12 10 9 16 1 11 15 11 4 8 13 16 2 2.70999124060388841 15 24 13 6 17 6 1 19 4 20.6416420340538025 79.2593900598851206 
12 25 6 2 30 3 15 18 2.70999124060388841 14 2 7 18 26 13 12 19 11 3 5.34074699537910114 1 9 15 12 16 32 9 1 31 2 6 22 5 6 24 9 10 12 10 9 16 1 15 32 1 17 26 11 16 2 2.70999124060388841 15 24 13 6 17 6 1 19 4 19.9544931054115295 109.731397034338201 
17 18 13 4 25 4 16 9 6 14 5.34074699537910114 13 6 24 5 13 25 1 4 17 6 1 15 8 13 22 9 14 12 6 15 3 2 14 14 12 15 18 3 17 2 11 9.25570237641795579 30 4 13 14 11 6 20 12 1 24 6 4.94126535182462057 20 4 2 17 11 17.7584906220436096 240.226445873719854 
8 25 11 1 9 9 10 7 4 9 15 13 16 8 9 1 14 2 11 18 5 17 31 11 8 18 4 4 6 2 3 26 4 17 14 1 17 15 2 2 30 6 1 20 10 15 32 9 6 32 3 9 5.34074699537910114 5 6 15 7 1 6 3 18.8051116466522217 228.813023945929757 
10 11 1 2 30 3 15 18 2.70999124060388841 14 2 7 18 26 13 12 19 11 3 5.34074699537910114 1 9 15 12 16 32 9 1 31 2 6 22 5 14 6 4 10 12 10 9 16 1 11 15 11 4 8 13 16 2 2.70999124060388841 15 1 7 6 17 6 1 19 4 21.594316154718399 68.2162615162615111 
10 11 1 2 30 3 15 18 2.70999124060388841 14 2 7 18 26 13 12 19 11 3 5.34074699537910114 1 9 15 12 16 32 9 1 31 2 6 22 5 5 3 4 10 12 10 9 16 1 11 15 11 4 8 13 16 2 2.70999124060388841 15 1 7 6 17 6 1 19 4 22.6171711683273315 58.6473745104596986 
10 11 1 2 30 3 15 18 2.70999124060388841 14 2 7 18 26 13 12 19 11 3 5.34074699537910114 1 9 15 12 16 32 9 1 31 2 6 22 5 14 6 7 10 12 10 9 16 1 11 15 11 4 8 13 16 2 2.70999124060388841 15 1 7 6 17 6 1 19 4 21.6143161654472351 67.3821883595856264 
10 11 1 2 30 3 15 18 2.70999124060388841 14 2 7 18 26 13 12 19 11 3 5.34074699537910114 1 9 15 12 16 32 9 1 31 2 6 22 5 14 24 4 17 30 6 9 16 1 11 15 11 4 8 13 16 2 2.70999124060388841 15 1 7 6 17 6 1 19 4 21.111762136220932 75.7327921606520675 
10 11 1 2 30 3 15 18 2.70999124060388841 14 2 7 18 26 13 12 19 11 3 5.34074699537910114 1 9 15 12 16 32 9 1 31 2 6 22 5 2 24 4 10 12 10 9 16 1 11 15 11 12 30 2 16 2 2.70999124060388841 15 1 7 6 17 6 1 19 4 21.4964472651481628 70.9679230015107834 
10 11 1 2 30 3 15 18 2.70999124060388841 14 2 7 18 26 13 12 19 11 3 5.34074699537910114 1 9 15 12 16 32 9 1 31 2 6 22 5 5 3 4 10 12 10 9 16 1 11 15 11 4 8 13 16 2 2.70999124060388841 15 1 7 6 20 5 1 19 4 22.1431101560592651 60.1884226097579358 
10 11 1 2 30 3 15 18 2.70999124060388841 14 2 7 18 26 13 12 19 11 3 5.34074699537910114 1 9 15 12 16 32 9 1 31 2 6 22 5 14 26 7 10 12 10 9 16 1 11 15 11 3 30 2.70999124060388841 16 2 2.70999124060388841 15 1 7 6 17 6 1 19 4 21.1859701573848724 72.6800454447513289 
10 11 1 2 30 3 15 18 2.70999124060388841 17 32 5 18 26 13 12 19 11 3 5.34074699537910114 1 9 15 12 16 32 9 1 31 2 6 22 5 14 6 9 10 12 10 9 16 1 11 15 11 4 8 13 16 2 2.70999124060388841 15 1 7 6 17 6 1 19 4 21.5211260914802551 70.8056796403468098 

Current Evaluation = 30000000(30000000)
Front Size = 30
14 25 9 16 28 10 15 18 2.70999124060388841 14 2 7 1 24 7 12 19 11 3 5.34074699537910114 1 9 15 12 16 32 9 1 31 2 14 24 5 5 3 4 15 15 12 9 16 1 1 30 9 4 8 13 3.36768017929769181 15 11 1 26 10 6 17 6 10 24 3 19.0863000750541687 134.498970710362784 
2 7 2.70999124060388841 3 20 7 14 6 12 3 31 9 9.25570237641795579 30 10 8 6 9 2 32 12 9 26 13 3 19 13 3 25 6 2 11 1 12 15 5 17 8 7 12 30 6 3 3 1 12 15 9 8 31 3.84646942076222631 16 3 8 14 9 10 15 25 3 18.9989431500434875 211.887479307757928 
16 33 12 14 22 3 3 24 13 14 19 12 13 25 1 13 1 2.70999124060388841 9 18 11 14 24 12 14 30 9 8 5 11 16 15 6.96245171630185755 12 31 8 4 31 4 1 3 1 6 14 13 6 6 6 4.94126535182462057 16 9.82524131762891173 4 15 13 4 31 1 2 9 10 18.2425357699394226 233.575299035804022 
10 11 1 2 30 3 15 18 2.70999124060388841 14 2 7 4 6 13 12 19 11 3 5.34074699537910114 1 9 15 12 16 32 9 1 31 2 6 22 5 14 24 9 1 30 7 9 16 1 11 15 11 4 8 13 16 2 2.70999124060388841 15 24 13 6 17 6 1 19 4 20.008512020111084 86.0874169539610818 
17 6 10 2 30 3 15 18 2.70999124060388841 14 2 7 3.36768017929769181 30 13 12 19 11 3 5.34074699537910114 1 9 15 12 16 32 9 1 31 2 6 22 5 6 26 5 14 1 2 9 16 1 11 15 11 4 8 13 16 2 2.70999124060388841 15 24 13 6 17 6 1 19 4 19.2507109045982361 126.024596922872774 
10 11 1 2 30 3 15 18 2.70999124060388841 14 2 7 18 26 13 12 19 11 3 5.34074699537910114 1 9 15 12 16 32 9 1 31 2 6 22 5 14 1 5 10 12 10 9 16 1 11 15 11 4 8 13 16 2 2.70999124060388841 15 24 13 6 17 6 1 19 4 21.8111512064933777 63.4623390142299399 
4 3 3 2 30 3 15 18 2.70999124060388841 14 2 7 14 26 9 12 19 11 3 5.34074699537910114 1 9 15 12 16 32 9 1 31 2 6 22 5 5 3 4 10 12 10 9 16 1 6 6 9 4 8 13 16 2 2.70999124060388841 15 24 13 6 17 6 1 19 4 19.6725229918956757 121.118792679993646 
17 18 13 4 25 4 16 9 6 14 5.34074699537910114 13 6 24 5 13 25 1 4 17 6 1 15 8 13 22 9 14 12 6 15 3 2 14 14 12 15 18 3 17 2 11 9.25570237641795579 30 4 13 14 11 6 20 12 1 24 6 4.94126535182462057 20 4 2 17 11 17.7584906220436096 240.226445873719854 
10 11 1 2 30 3 15 18 2.70999124060388841 14 2 7 18 26 13 12 19 11 3 5.34074699537910114 1 9 15 12 16 32 9 1 31 2 6 22 5 5 3 4 10 12 10 9 16 1 11 15 11 4 8 13 16 2 2.70999124060388841 15 1 7 6 20 5 1 19 4 22.1431101560592651 60.1884226097579358 
10 11 1 2 30 3 15 18 2.70999124060388841 14 2 7 4 1 9 12 19 11 3 5.34074699537910114 1 9 15 12 16 32 9 1 31 2 6 22 5 14 6 4 10 12 10 9 16 1 11 15 11 4 8 13 16 2 2.70999124060388841 15 1 7 6 17 6 1 19 4 20.5419990122318268 77.8796066566614513 
10 11 1 2 30 3 15 18 2.70999124060388841 14 2 7 18 26 13 12 19 11 3 5.34074699537910114 1 9 15 12 16 32 9 1 31 2 6 22 5 1 24 9 10 12 10 9 16 1 11 15 11 4 30 2.70999124060388841 16 2 2.70999124060388841 15 1 7 6 17 6 1 19 4 21.1996411085128784 69.2856049882223317 
10 11 1 2 30 3 15 18 2.70999124060388841 14 2 7 4 26 12 12 19 11 3 5.34074699537910114 1 9 15 12 16 32 9 1 31 2 6 22 5 5 3 4 10 12 10 9 16 1 11 15 11 4 8 13 16 2 2.70999124060388841 14 24 3 6 17 6 1 19 4 21.546190083026886 68.7397129014776027 
10 11 1 2 30 3 15 18 2.70999124060388841 14 2 7 4 6 7 12 19 11 3 5.34074699537910114 1 9 15 12 16 32 9 1 31 2 6 22 5 5 3 4 10 12 10 9 16 1 11 15 11 4 8 13 16 2 2.70999124060388841 15 1 7 14 25 5 1 19 4 20.9636010527610779 77.4742677553561805 
10 11 1 2 30 3 15 18 2.70999124060388841 14 2 7 18 26 13 12 19 11 3 5.34074699537910114 1 9 15 12 16 32 9 1 31 2 6 22 5 14 26 7 10 12 10 9 16 1 11 15 11 4 8 13 16 2 2.70999124060388841 15 1 7 6 17 6 1 19 4 21.7000351846218109 65.440115273820922 
10 11 1 2 30 3 15 18 2.70999124060388841 14 2 7 18 26 13 12 19 11 3 5.34074699537910114 1 9 15 12 16 32 9 1 31 2 6 22 5 5 3 4 14 20 10 9 16 1 11 15 11 4 8 13 16 2 2.70999124060388841 15 1 7 6 17 6 1 19 4 21.8797261714935303 62.7999134789175315 
10 11 1 2 30 3 15 18 2.70999124060388841 14 2 7 4 24 13 12 19 11 3 5.34074699537910114 1 9 15 12 16 32 9 1 31 2 6 22 5 5 3 4 10 12 10 9 16 1 3 15 12 4 8 13 16 2 2.70999124060388841 15 1 7 6 17 6 1 19 4 21.1590650081634521 71.3101728601728553 
13 25 4 2 30 3 15 18 2.70999124060388841 14 2 7 18 26 13 12 19 11 3 5.34074699537910114 1 9 15 12 16 32 9 1 31 2 6 22 5 15 5 7 10 12 10 9 16 1 3 32 4 4 8 13 16 2 2.70999124060388841 15 1 7 14 1 4 1 19 4 19.5768890380859375 121.607215929557185 
10 11 1 2 30 3 15 18 2.70999124060388841 14 2 7 18 26 13 12 19 11 3 5.34074699537910114 1 9 15 12 16 32 9 1 31 2 6 22 5 14 6 4 10 12 10 9 16 1 11 15 11 4 8 13 16 2 2.70999124060388841 15 1 7 6 17 6 1 19 4 21.594316154718399 66.909427500603968 
10 11 1 2 30 3 15 18 2.70999124060388841 14 2 7 18 26 13 12 19 11 3 5.34074699537910114 1 9 15 12 16 32 9 1 31 2 6 22 5 5 3 4 10 12 10 9 16 1 11 15 11 4 8 13 16 2 2.70999124060388841 15 1 7 6 17 6 1 19 4 22.6171711683273315 58.0501222042666214 
10 11 1 2 30 3 15 18 2.70999124060388841 14 2 7 18 26 13 12 19 11 3 5.34074699537910114 1 9 15 12 16 32 9 1 31 2 6 22 5 14 24 9 10 12 10 9 16 1 11 15 11 4 8 13 16 2 2.70999124060388841 15 1 7 6 17 6 1 19 4 21.6081271767616272 66.7978021978021843 
14 26 9 3.36768017929769181 25 12 14 18 8 13 15 5 9 18 8 17 18 12 4 8 4 3 16 8 9.25570237641795579 25 9 6 31 11 17 14 1 14 26 8 12 30 1 11 2 4 1 16 3 9 6 9 17 31 2 2 1 2 13 5 9 12 20 13 18.639867752790451 218.461727445241365 
3.36768017929769181 14 7 2 30 3 15 18 2.70999124060388841 14 2 7 6 1 4 12 19 11 3 5.34074699537910114 1 9 15 12 16 32 9 1 31 2 6 22 5 5 3 4 10 12 10 9 16 1 14 24 4 4 8 13 16 2 2.70999124060388841 15 1 7 6 17 6 1 19 4 19.6880218684673309 106.94130155869145 
10 11 1 2 30 3 15 18 2.70999124060388841 14 2 7 18 26 13 12 19 11 3 5.34074699537910114 1 9 15 12 16 32 9 1 31 2 6 22 5 5 3 4 10 12 10 9 16 1 11 15 11 4 8 13 16 2 2.70999124060388841 15 1 7 14 23 3 1 19 4 22.5715441703796387 59.9121088070211556 
14 25 9 2 30 3 15 18 2.70999124060388841 14 2 7 4 26 1 12 19 11 3 5.34074699537910114 1 9 15 12 16 32 9 1 31 2 6 22 5 5 3 4 10 12 10 9 16 1 11 15 11 4 8 13 16 2 2.70999124060388841 15 1 7 6 17 6 1 19 4 20.5004448890686035 85.4852374205315186 
10 11 1 2 30 3 15 18 2.70999124060388841 14 2 7 18 26 13 12 19 11 3 5.34074699537910114 1 9 15 12 16 32 9 1 31 2 6 22 5 14 6 6 10 12 10 9 16 1 11 15 11 4 8 13 16 2 2.70999124060388841 15 1 7 6 17 6 1 19 4 21.7343161702156067 64.2660303876112096 
14 5 6 2 30 3 15 18 2.70999124060388841 14 2 7 18 26 13 12 19 11 3 5.34074699537910114 1 9 15 12 16 32 9 1 31 2 6 22 5 5 3 4 14 32 7 1 6 7 11 15 11 4 8 13 16 2 2.70999124060388841 15 1 7 6 17 6 1 19 4 19.9951239824295044 102.912462071538812 
10 11 1 2 30 3 15 18 2.70999124060388841 14 2 7 4 6 11 12 19 11 3 5.34074699537910114 1 9 15 12 16 32 9 1 31 2 6 22 5 5 3 4 10 12 10 9 16 1 11 15 11 4 8 13 16 2 2.70999124060388841 15 1 7 6 17 6 1 19 4 21.6241430640220642 66.4829903561793856 
10 11 1 2 30 3 15 18 2.70999124060388841 14 2 7 18 26 13 12 19 11 3 5.34074699537910114 1 9 15 12 16 32 9 1 31 2 6 22 5 14 6 9 10 12 10 9 16 1 11 15 11 4 8 13 16 2 2.70999124060388841 15 1 7 6 17 6 1 19 4 21.5662921667098999 67.628032595423889 
10 11 1 2 30 3 15 18 2.70999124060388841 6 24 9 18 26 13 12 19 11 3 5.34074699537910114 1 9 15 12 16 32 9 1 31 2 6 22 5 15 26 3 14 6 5 9 16 1 11 15 11 4 8 13 16 2 2.70999124060388841 15 1 7 6 17 6 1 19 4 21.0278571248054504 74.1717497247271069 
17 32 7 2 30 3 15 18 2.70999124060388841 14 2 7 2 25 9 12 19 11 3 5.34074699537910114 1 9 15 12 16 32 9 1 31 2 14 26 11 17 31 10 10 12 10 9 16 1 11 15 11 4 8 13 16 2 2.70999124060388841 15 1 7 6 17 6 1 19 4 19.5244229435920715 123.016483170932887 

Current Evaluation = 40000000(40000000)
Front Size = 38
14 25 9 16 28 10 15 18 2.70999124060388841 14 2 7 1 24 7 12 19 11 3 5.34074699537910114 1 9 15 12 16 32 9 1 31 2 14 24 5 5 3 4 15 15 12 9 16 1 1 30 9 4 8 13 3.36768017929769181 15 11 1 26 10 6 17 6 10 24 3 19.0863000750541687 134.498970710362784 
2 7 2.70999124060388841 3 20 7 14 6 12 3 31 9 9.25570237641795579 30 10 8 6 9 2 32 12 9 26 13 3 19 13 3 25 6 2 11 1 12 15 5 17 8 7 12 30 6 3 3 1 12 15 9 8 31 3.84646942076222631 16 3 8 14 9 10 15 25 3 18.9989431500434875 211.887479307757928 
16 33 12 14 22 3 3 24 13 14 19 12 13 25 1 13 1 2.70999124060388841 9 18 11 14 24 12 14 30 9 8 5 11 16 15 6.96245171630185755 12 31 8 4 31 4 1 3 1 6 14 13 6 6 6 4.94126535182462057 16 9.82524131762891173 4 15 13 4 31 1 2 9 10 18.2425357699394226 233.575299035804022 
10 11 1 2 30 3 15 18 2.70999124060388841 14 2 7 4 6 13 12 19 11 3 5.34074699537910114 1 9 15 12 16 32 9 1 31 2 6 22 5 14 24 9 1 30 7 9 16 1 11 15 11 4 8 13 16 2 2.70999124060388841 15 24 13 6 17 6 1 19 4 20.008512020111084 86.0874169539610818 
17 6 10 2 30 3 15 18 2.70999124060388841 14 2 7 3.36768017929769181 30 13 12 19 11 3 5.34074699537910114 1 9 15 12 16 32 9 1 31 2 6 22 5 6 26 5 14 1 2 9 16 1 11 15 11 4 8 13 16 2 2.70999124060388841 15 24 13 6 17 6 1 19 4 19.2507109045982361 126.024596922872774 
17 18 13 4 25 4 16 9 6 14 5.34074699537910114 13 6 24 5 13 25 1 4 17 6 1 15 8 13 22 9 14 12 6 15 3 2 14 14 12 15 18 3 17 2 11 9.25570237641795579 30 4 13 14 11 6 20 12 1 24 6 4.94126535182462057 20 4 2 17 11 17.7584906220436096 240.226445873719854 
10 11 1 2 30 3 15 18 2.70999124060388841 14 2 7 18 26 13 12 19 11 3 5.34074699537910114 1 9 15 12 16 32 9 1 31 2 6 22 5 5 3 4 10 12 10 9 16 1 11 15 11 4 8 13 16 2 2.70999124060388841 15 1 7 6 20 5 1 19 4 22.1431101560592651 60.1884226097579358 
10 11 1 2 30 3 15 18 2.70999124060388841 14 2 7 4 1 9 12 19 11 3 5.34074699537910114 1 9 15 12 16 32 9 1 31 2 6 22 5 14 6 4 10 12 10 9 16 1 11 15 11 4 8 13 16 2 2.70999124060388841 15 1 7 6 17 6 1 19 4 20.5419990122318268 77.8796066566614513 
10 11 1 2 30 3 15 18 2.70999124060388841 14 2 7 18 26 13 12 19 11 3 5.34074699537910114 1 9 15 12 16 32 9 1 31 2 6 22 5 1 24 9 10 12 10 9 16 1 11 15 11 4 30 2.70999124060388841 16 2 2.70999124060388841 15 1 7 6 17 6 1 19 4 21.1996411085128784 69.2856049882223317 
10 11 1 2 30 3 15 18 2.70999124060388841 14 2 7 4 26 12 12 19 11 3 5.34074699537910114 1 9 15 12 16 32 9 1 31 2 6 22 5 5 3 4 10 12 10 9 16 1 11 15 11 4 8 13 16 2 2.70999124060388841 14 24 3 6 17 6 1 19 4 21.546190083026886 68.7397129014776027 
10 11 1 2 30 3 15 18 2.70999124060388841 14 2 7 18 26 13 12 19 11 3 5.34074699537910114 1 9 15 12 16 32 9 1 31 2 6 22 5 5 3 4 14 20 10 9 16 1 11 15 11 4 8 13 16 2 2.70999124060388841 15 1 7 6 17 6 1 19 4 21.8797261714935303 62.7999134789175315 
10 11 1 2 30 3 15 18 2.70999124060388841 14 2 7 18 26 13 12 19 11 3 5.34074699537910114 1 9 15 12 16 32 9 1 31 2 6 22 5 14 6 4 10 12 10 9 16 1 11 15 11 4 8 13 16 2 2.70999124060388841 15 1 7 6 17 6 1 19 4 21.594316154718399 66.909427500603968 
10 11 1 2 30 3 15 18 2.70999124060388841 14 2 7 18 26 13 12 19 11 3 5.34074699537910114 1 9 15 12 16 32 9 1 31 2 6 22 5 14 24 9 10 12 10 9 16 1 11 15 11 4 8 13 16 2 2.70999124060388841 15 1 7 6 17 6 1 19 4 21.6081271767616272 66.7978021978021843 
14 26 9 3.36768017929769181 25 12 14 18 8 13 15 5 9 18 8 17 18 12 4 8 4 3 16 8 9.25570237641795579 25 9 6 31 11 17 14 1 14 26 8 12 30 1 11 2 4 1 16 3 9 6 9 17 31 2 2 1 2 13 5 9 12 20 13 18.639867752790451 218.461727445241365 
3.36768017929769181 14 7 2 30 3 15 18 2.70999124060388841 14 2 7 6 1 4 12 19 11 3 5.34074699537910114 1 9 15 12 16 32 9 1 31 2 6 22 5 5 3 4 10 12 10 9 16 1 14 24 4 4 8 13 16 2 2.70999124060388841 15 1 7 6 17 6 1 19 4 19.6880218684673309 106.94130155869145 
10 11 1 2 30 3 15 18 2.70999124060388841 14 2 7 18 26 13 12 19 11 3 5.34074699537910114 1 9 15 12 16 32 9 1 31 2 6 22 5 5 3 4 10 12 10 9 16 1 11 15 11 4 8 13 16 2 2.70999124060388841 15 1 7 14 23 3 1 19 4 22.5715441703796387 59.9121088070211556 
14 25 9 2 30 3 15 18 2.70999124060388841 14 2 7 4 26 1 12 19 11 3 5.34074699537910114 1 9 15 12 16 32 9 1 31 2 6 22 5 5 3 4 10 12 10 9 16 1 11 15 11 4 8 13 16 2 2.70999124060388841 15 1 7 6 17 6 1 19 4 20.5004448890686035 85.4852374205315186 
10 11 1 2 30 3 15 18 2.70999124060388841 14 2 7 4 6 11 12 19 11 3 5.34074699537910114 1 9 15 12 16 32 9 1 31 2 6 22 5 5 3 4 10 12 10 9 16 1 11 15 11 4 8 13 16 2 2.70999124060388841 15 1 7 6 17 6 1 19 4 21.6241430640220642 66.4829903561793856 
10 11 1 2 30 3 15 18 2.70999124060388841 14 2 7 18 26 13 12 19 11 3 5.34074699537910114 1 9 15 12 16 32 9 1 31 2 6 22 5 14 6 9 10 12 10 9 16 1 11 15 11 4 8 13 16 2 2.70999124060388841 15 1 7 6 17 6 1 19 4 21.5662921667098999 67.628032595423889 
10 11 1 2 30 3 15 18 2.70999124060388841 6 24 9 18 26 13 12 19 11 3 5.34074699537910114 1 9 15 12 16 32 9 1 31 2 6 22 5 15 26 3 14 6 5 9 16 1 11 15 11 4 8 13 16 2 2.70999124060388841 15 1 7 6 17 6 1 19 4 21.0278571248054504 74.1717497247271069 
10 11 1 2 30 3 15 18 2.70999124060388841 14 2 7 3 6 11 12 19 11 3 5.34074699537910114 1 9 15 12 16 32 9 1 31 2 6 22 5 15 24 9 10 12 10 9 16 1 11 15 11 4 8 13 16 2 2.70999124060388841 15 1 7 6 17 6 1 19 4 20.919467031955719 76.0382648816276969 
3 25 13 2 30 3 15 18 2.70999124060388841 14 2 7 14 6 13 12 19 11 3 5.34074699537910114 1 9 15 12 16 32 9 1 31 2 6 22 5 5 3 4 10 12 10 9 16 1 11 15 11 14 26 7 16 2 2.70999124060388841 15 1 7 6 17 6 1 19 4 19.8092128336429596 106.853525047980696 
10 11 1 2 30 3 15 18 2.70999124060388841 14 2 7 18 26 13 12 19 11 3 5.34074699537910114 1 9 15 12 16 32 9 1 31 2 6 22 5 5 3 4 10 12 10 3 24 13 11 15 11 4 8 13 16 2 2.70999124060388841 15 1 7 6 17 6 1 19 4 22.0562381148338318 62.2466859249473359 
10 11 1 2 30 3 15 18 2.70999124060388841 14 2 7 4 1 13 12 19 11 3 5.34074699537910114 1 9 15 12 16 32 9 1 31 2 6 22 5 14 6 6 10 12 10 9 16 1 11 15 11 4 8 13 16 2 2.70999124060388841 15 1 7 6 17 6 1 19 4 20.8430230021476746 77.7670526627843799 
10 11 1 2 30 3 15 18 2.70999124060388841 14 2 7 4 26 13 12 19 11 3 5.34074699537910114 1 9 15 12 16 32 9 1 31 2 6 22 5 5 3 4 10 12 10 4 24 13 11 15 11 4 8 13 16 2 2.70999124060388841 15 1 7 6 17 6 1 19 4 21.0885329842567444 73.685706307581313 
10 11 1 2 30 3 15 18 2.70999124060388841 14 2 7 18 26 13 12 19 11 3 5.34074699537910114 1 9 15 12 16 32 9 1 31 2 6 22 5 5 3 4 10 12 10 9 16 1 11 15 11 4 8 13 16 2 2.70999124060388841 15 1 7 6 17 6 1 19 4 22.6171711683273315 58.0086010082464938 
10 11 1 2 30 3 15 18 2.70999124060388841 14 2 7 18 26 13 12 19 11 3 5.34074699537910114 1 9 15 12 16 32 9 1 31 2 6 22 5 14 6 5 10 12 10 9 16 1 11 15 11 4 8 13 16 2 2.70999124060388841 15 1 7 6 17 6 1 19 4 21.6563161611557007 62.9184777844658143 
14 25 8 2 30 3 15 18 2.70999124060388841 14 2 7 13 30 12 12 19 11 3 5.34074699537910114 1 9 15 12 16 32 9 1 31 2 6 22 5 5 3 4 10 12 10 9 16 1 14 32 13 4 8 13 16 2 2.70999124060388841 15 1 7 6 17 6 1 19 4 19.50420081615448 121.74877677097848 
10 11 1 2 30 3 15 18 2.70999124060388841 14 2 7 18 26 13 12 19 11 3 5.34074699537910114 1 9 15 12 16 32 9 1 31 2 6 22 5 15 24 4 10 12 10 12 6 8 11 15 11 4 8 13 16 2 2.70999124060388841 15 1 7 6 17 6 1 19 4 21.2987821102142334 68.7676913973839135 
10 11 1 2 30 3 15 18 2.70999124060388841 14 2 7 18 26 13 12 19 11 3 5.34074699537910114 1 9 15 12 16 32 9 1 31 2 6 22 5 5 3 4 10 12 10 9 16 1 11 15 11 4 8 13 16 2 2.70999124060388841 15 1 7 6 17 6 14 24 10 22.2283672094345093 60.0311099316470091 
14 20 9 2 30 3 15 18 2.70999124060388841 14 2 7 17 9 12 12 19 11 3 5.34074699537910114 1 9 15 12 16 32 9 1 31 2 6 22 5 6 32 6 10 12 10 9 16 1 11 15 11 4 8 13 16 2 2.70999124060388841 15 1 7 6 17 6 1 19 4 19.8114069104194641 102.071518677401002 
10 11 1 2 30 3 15 18 2.70999124060388841 14 2 7 18 26 13 12 19 11 3 5.34074699537910114 1 9 15 12 16 32 9 1 31 2 6 22 5 14 26 9 10 12 10 3.36768017929769181 24 12 11 15 11 4 8 13 16 2 2.70999124060388841 15 1 7 6 17 6 1 19 4 21.091078132390976 71.2040028036716706 
17 31 4 2 30 3 15 18 2.70999124060388841 14 2 7 18 26 13 12 19 11 3 5.34074699537910114 1 9 15 12 16 32 9 1 31 2 6 22 5 14 24 4 10 12 10 9 16 1 11 15 11 4 8 13 16 2 2.70999124060388841 15 1 7 6 17 6 1 19 4 20.5379060208797455 84.1525122220774477 
10 11 1 2 30 3 15 18 2.70999124060388841 14 2 7 6 32 9 12 19 11 3 5.34074699537910114 1 9 15 12 16 32 9 1 31 2 6 22 5 14 6 2 10 12 10 9 16 1 11 15 11 4 8 13 16 2 2.70999124060388841 15 1 7 6 17 6 1 19 4 20.5108970105648041 85.1789804845360408 
14 6 10 2 30 3 15 18 2.70999124060388841 14 2 7 13 20 11 12 19 11 3 5.34074699537910114 1 9 15 12 16 32 9 1 31 2 6 22 5 5 3 4 6 25 4 9 16 1 11 15 11 4 8 13 16 2 2.70999124060388841 15 1 7 6 17 6 1 19 4 19.6844988763332367 109.826086073553171 
10 11 1 2 30 3 15 18 2.70999124060388841 14 2 7 3 24 9 12 19 11 3 5.34074699537910114 1 9 15 12 16 32 9 1 31 2 6 22 5 14 30 4 10 12 10 9 16 1 11 15 11 4 8 13 16 2 2.70999124060388841 15 1 7 6 17 6 1 19 4 20.5339180529117584 84.5807735774549911 
10 11 1 2 30 3 15 18 2.70999124060388841 14 2 7 12 26 12 12 19 11 3 5.34074699537910114 1 9 15 12 16 32 9 1 31 2 6 22 5 14 6 3 10 12 10 9 16 1 11 15 11 4 8 13 16 2 2.70999124060388841 15 1 7 6 17 6 1 19 4 20.8878299593925476 77.5575991484323737 
14 15 4 2 30 3 15 18 2.70999124060388841 14 2 7 4 1 2.70999124060388841 12 19 11 3 5.34074699537910114 1 9 15 12 16 32 9 1 31 2 6 22 5 5 3 4 10 12 10 9 16 1 1 6 7 4 8 13 16 2 2.70999124060388841 15 1 7 6 17 6 1 19 4 19.526983916759491 116.563014327720225 

Current Evaluation = 50000000(50000000)
Front Size = 38
14 25 9 16 28 10 15 18 2.70999124060388841 14 2 7 1 24 7 12 19 11 3 5.34074699537910114 1 9 15 12 16 32 9 1 31 2 14 24 5 5 3 4 15 15 12 9 16 1 1 30 9 4 8 13 3.36768017929769181 15 11 1 26 10 6 17 6 10 24 3 19.0863000750541687 134.498970710362784 
16 33 12 14 22 3 3 24 13 14 19 12 13 25 1 13 1 2.70999124060388841 9 18 11 14 24 12 14 30 9 8 5 11 16 15 6.96245171630185755 12 31 8 4 31 4 1 3 1 6 14 13 6 6 6 4.94126535182462057 16 9.82524131762891173 4 15 13 4 31 1 2 9 10 18.2425357699394226 233.575299035804022 
10 11 1 2 30 3 15 18 2.70999124060388841 14 2 7 4 6 13 12 19 11 3 5.34074699537910114 1 9 15 12 16 32 9 1 31 2 6 22 5 14 24 9 1 30 7 9 16 1 11 15 11 4 8 13 16 2 2.70999124060388841 15 24 13 6 17 6 1 19 4 20.008512020111084 86.0874169539610818 
17 6 10 2 30 3 15 18 2.70999124060388841 14 2 7 3.36768017929769181 30 13 12 19 11 3 5.34074699537910114 1 9 15 12 16 32 9 1 31 2 6 22 5 6 26 5 14 1 2 9 16 1 11 15 11 4 8 13 16 2 2.70999124060388841 15 24 13 6 17 6 1 19 4 19.2507109045982361 126.024596922872774 
17 18 13 4 25 4 16 9 6 14 5.34074699537910114 13 6 24 5 13 25 1 4 17 6 1 15 8 13 22 9 14 12 6 15 3 2 14 14 12 15 18 3 17 2 11 9.25570237641795579 30 4 13 14 11 6 20 12 1 24 6 4.94126535182462057 20 4 2 17 11 17.7584906220436096 240.226445873719854 
10 11 1 2 30 3 15 18 2.70999124060388841 14 2 7 18 26 13 12 19 11 3 5.34074699537910114 1 9 15 12 16 32 9 1 31 2 6 22 5 5 3 4 10 12 10 9 16 1 11 15 11 4 8 13 16 2 2.70999124060388841 15 1 7 6 20 5 1 19 4 22.1431101560592651 60.1884226097579358 
10 11 1 2 30 3 15 18 2.70999124060388841 14 2 7 4 1 9 12 19 11 3 5.34074699537910114 1 9 15 12 16 32 9 1 31 2 6 22 5 14 6 4 10 12 10 9 16 1 11 15 11 4 8 13 16 2 2.70999124060388841 15 1 7 6 17 6 1 19 4 20.5419990122318268 77.8796066566614513 
10 11 1 2 30 3 15 18 2.70999124060388841 14 2 7 18 26 13 12 19 11 3 5.34074699537910114 1 9 15 12 16 32 9 1 31 2 6 22 5 1 24 9 10 12 10 9 16 1 11 15 11 4 30 2.70999124060388841 16 2 2.70999124060388841 15 1 7 6 17 6 1 19 4 21.1996411085128784 69.2856049882223317 
14 26 9 3.36768017929769181 25 12 14 18 8 13 15 5 9 18 8 17 18 12 4 8 4 3 16 8 9.25570237641795579 25 9 6 31 11 17 14 1 14 26 8 12 30 1 11 2 4 1 16 3 9 6 9 17 31 2 2 1 2 13 5 9 12 20 13 18.639867752790451 218.461727445241365 
3.36768017929769181 14 7 2 30 3 15 18 2.70999124060388841 14 2 7 6 1 4 12 19 11 3 5.34074699537910114 1 9 15 12 16 32 9 1 31 2 6 22 5 5 3 4 10 12 10 9 16 1 14 24 4 4 8 13 16 2 2.70999124060388841 15 1 7 6 17 6 1 19 4 19.6880218684673309 106.94130155869145 
14 25 9 2 30 3 15 18 2.70999124060388841 14 2 7 4 26 1 12 19 11 3 5.34074699537910114 1 9 15 12 16 32 9 1 31 2 6 22 5 5 3 4 10 12 10 9 16 1 11 15 11 4 8 13 16 2 2.70999124060388841 15 1 7 6 17 6 1 19 4 20.5004448890686035 85.4852374205315186 
10 11 1 2 30 3 15 18 2.70999124060388841 6 24 9 18 26 13 12 19 11 3 5.34074699537910114 1 9 15 12 16 32 9 1 31 2 6 22 5 15 26 3 14 6 5 9 16 1 11 15 11 4 8 13 16 2 2.70999124060388841 15 1 7 6 17 6 1 19 4 21.0278571248054504 74.1717497247271069 
10 11 1 2 30 3 15 18 2.70999124060388841 14 2 7 18 26 13 12 19 11 3 5.34074699537910114 1 9 15 12 16 32 9 1 31 2 6 22 5 5 3 4 10 12 10 3 24 13 11 15 11 4 8 13 16 2 2.70999124060388841 15 1 7 6 17 6 1 19 4 22.0562381148338318 62.2466859249473359 
10 11 1 2 30 3 15 18 2.70999124060388841 14 2 7 4 26 13 12 19 11 3 5.34074699537910114 1 9 15 12 16 32 9 1 31 2 6 22 5 5 3 4 10 12 10 4 24 13 11 15 11 4 8 13 16 2 2.70999124060388841 15 1 7 6 17 6 1 19 4 21.0885329842567444 73.685706307581313 
10 11 1 2 30 3 15 18 2.70999124060388841 14 2 7 18 26 13 12 19 11 3 5.34074699537910114 1 9 15 12 16 32 9 1 31 2 6 22 5 14 6 5 10 12 10 9 16 1 11 15 11 4 8 13 16 2 2.70999124060388841 15 1 7 6 17 6 1 19 4 21.6563161611557007 62.9184777844658143 
14 25 8 2 30 3 15 18 2.70999124060388841 14 2 7 13 30 12 12 19 11 3 5.34074699537910114 1 9 15 12 16 32 9 1 31 2 6 22 5 5 3 4 10 12 10 9 16 1 14 32 13 4 8 13 16 2 2.70999124060388841 15 1 7 6 17 6 1 19 4 19.50420081615448 121.74877677097848 
10 11 1 2 30 3 15 18 2.70999124060388841 14 2 7 18 26 13 12 19 11 3 5.34074699537910114 1 9 15 12 16 32 9 1 31 2 6 22 5 15 24 4 10 12 10 12 6 8 11 15 11 4 8 13 16 2 2.70999124060388841 15 1 7 6 17 6 1 19 4 21.2987821102142334 68.7676913973839135 
10 11 1 2 30 3 15 18 2.70999124060388841 14 2 7 18 26 13 12 19 11 3 5.34074699537910114 1 9 15 12 16 32 9 1 31 2 6 22 5 5 3 4 10 12 10 9 16 1 11 15 11 4 8 13 16 2 2.70999124060388841 15 1 7 6 17 6 14 24 10 22.2283672094345093 60.0311099316470091 
10 11 1 2 30 3 15 18 2.70999124060388841 14 2 7 18 26 13 12 19 11 3 5.34074699537910114 1 9 15 12 16 32 9 1 31 2 6 22 5 14 26 9 10 12 10 3.36768017929769181 24 12 11 15 11 4 8 13 16 2 2.70999124060388841 15 1 7 6 17 6 1 19 4 21.091078132390976 71.2040028036716706 
17 31 4 2 30 3 15 18 2.70999124060388841 14 2 7 18 26 13 12 19 11 3 5.34074699537910114 1 9 15 12 16 32 9 1 31 2 6 22 5 14 24 4 10 12 10 9 16 1 11 15 11 4 8 13 16 2 2.70999124060388841 15 1 7 6 17 6 1 19 4 20.5379060208797455 84.1525122220774477 
10 11 1 2 30 3 15 18 2.70999124060388841 14 2 7 6 32 9 12 19 11 3 5.34074699537910114 1 9 15 12 16 32 9 1 31 2 6 22 5 14 6 2 10 12 10 9 16 1 11 15 11 4 8 13 16 2 2.70999124060388841 15 1 7 6 17 6 1 19 4 20.5108970105648041 85.1789804845360408 
14 6 10 2 30 3 15 18 2.70999124060388841 14 2 7 13 20 11 12 19 11 3 5.34074699537910114 1 9 15 12 16 32 9 1 31 2 6 22 5 5 3 4 6 25 4 9 16 1 11 15 11 4 8 13 16 2 2.70999124060388841 15 1 7 6 17 6 1 19 4 19.6844988763332367 109.826086073553171 
10 11 1 2 30 3 15 18 2.70999124060388841 14 2 7 3 24 9 12 19 11 3 5.34074699537910114 1 9 15 12 16 32 9 1 31 2 6 22 5 14 30 4 10 12 10 9 16 1 11 15 11 4 8 13 16 2 2.70999124060388841 15 1 7 6 17 6 1 19 4 20.5339180529117584 84.5807735774549911 
10 11 1 2 30 3 15 18 2.70999124060388841 14 2 7 18 26 13 12 19 11 3 5.34074699537910114 1 9 15 12 16 32 9 1 31 2 6 22 5 14 6 3 10 12 10 9 16 1 11 15 11 4 8 13 16 2 2.70999124060388841 15 1 7 2 6 5 1 19 4 21.4262811541557312 63.4539952017912867 
14 17 10 2 30 3 15 18 2.70999124060388841 14 2 7 6 24 10 12 19 11 3 5.34074699537910114 1 9 15 12 16 32 9 1 31 2 6 22 5 5 3 4 1 1 6 15 30 1 15 30 5 4 8 13 16 2 2.70999124060388841 15 1 7 6 17 6 1 19 4 18.7480669021606445 160.092188856894722 
14 12 2 2 30 3 15 18 2.70999124060388841 14 2 7 18 26 13 12 19 11 3 5.34074699537910114 1 9 15 12 16 32 9 1 31 2 6 22 5 14 6 7 10 12 10 9 16 1 11 15 11 4 6 9 16 2 2.70999124060388841 15 1 7 6 17 6 1 19 4 19.7113900184631348 96.6241695582601352 
10 11 1 2 30 3 15 18 2.70999124060388841 14 2 7 18 26 13 12 19 11 3 5.34074699537910114 1 9 15 12 16 32 9 1 31 2 6 22 5 14 19 4 10 12 10 9 16 1 11 15 11 4 8 13 16 2 2.70999124060388841 15 1 7 6 17 6 1 19 4 21.9195802211761475 62.5334905347965062 
6 15 5 2 30 3 15 18 2.70999124060388841 14 2 7 4 6 2.70999124060388841 12 19 11 3 5.34074699537910114 1 9 15 12 16 32 9 1 31 2 6 22 5 5 3 4 10 12 10 11 6 1 14 20 4 4 8 13 16 2 2.70999124060388841 15 1 7 6 17 6 1 19 4 19.5089267790317535 114.687942731305029 
10 11 1 2 30 3 15 18 2.70999124060388841 14 2 7 4 6 4 12 19 11 3 5.34074699537910114 1 9 15 12 16 32 9 1 31 2 6 22 5 14 24 6 10 12 10 9 16 1 11 15 11 4 8 13 16 2 2.70999124060388841 15 1 7 6 17 6 1 19 4 20.6635230779647827 75.8626273840508389 
10 11 1 2 30 3 15 18 2.70999124060388841 14 2 7 18 26 13 12 19 11 3 5.34074699537910114 1 9 15 12 16 32 9 1 31 2 6 22 5 5 3 4 10 12 10 3 6 1 11 15 11 4 8 13 16 2 2.70999124060388841 15 1 7 6 17 6 1 19 4 22.0964031219482422 60.3726955614342771 
10 11 1 6 32 3 15 18 2.70999124060388841 14 2 7 18 26 13 12 19 11 3 5.34074699537910114 1 9 15 12 16 32 9 1 31 2 6 22 5 5 3 4 10 12 10 9 16 1 11 15 11 4 8 13 16 2 2.70999124060388841 15 1 7 6 17 6 1 19 4 22.4825870990753174 59.5708570700301934 
10 11 1 2 30 3 15 18 2.70999124060388841 14 2 7 18 26 13 12 19 11 3 5.34074699537910114 1 9 15 12 16 32 9 1 31 2 6 22 5 5 3 4 10 12 10 9 16 1 11 15 11 17 30 13 16 2 2.70999124060388841 15 1 7 6 17 6 1 19 4 22.0722151398658752 62.146104210344788 
10 11 1 2 30 3 15 18 2.70999124060388841 14 2 7 18 26 13 12 19 11 3 5.34074699537910114 1 9 15 12 16 32 9 1 31 2 6 22 5 5 3 4 10 12 10 9 16 1 11 15 11 4 8 13 16 2 2.70999124060388841 15 1 7 6 17 6 1 19 4 22.6171711683273315 57.9595999108764559 
10 11 1 2 30 3 15 18 2.70999124060388841 14 2 7 4 26 13 12 19 11 3 5.34074699537910114 1 9 15 12 16 32 9 1 31 2 6 22 5 5 3 4 10 12 10 9 16 1 11 15 11 4 8 13 16 2 2.70999124060388841 15 1 7 6 17 6 1 19 4 21.7232620120048523 62.7453259183736662 
10 11 1 2 30 3 15 18 2.70999124060388841 14 2 7 18 26 13 12 19 11 3 5.34074699537910114 1 9 15 12 16 32 9 1 31 2 6 22 5 14 26 9 10 12 10 9 16 1 11 15 11 4 8 13 16 2 2.70999124060388841 15 1 7 6 17 6 1 19 4 21.6520111858844757 63.0042578277258585 
10 11 1 2 30 3 15 18 2.70999124060388841 14 1 6 18 26 13 12 19 11 3 5.34074699537910114 1 9 15 12 16 32 9 1 31 2 6 22 5 5 3 4 10 12 10 9 16 1 11 15 11 4 8 13 16 2 2.70999124060388841 15 1 7 6 17 6 1 19 4 22.4617620706558228 59.7569906686027039 
14 31 10 2 30 3 15 18 2.70999124060388841 14 2 7 4 6 1 12 19 11 3 5.34074699537910114 1 9 15 12 16 32 9 1 31 2 6 22 5 5 3 4 1 26 4 9 16 1 11 15 11 4 8 13 16 2 2.70999124060388841 15 1 7 6 17 6 1 19 4 19.8884338736534119 92.5518724100565464 
14 9 12 2 30 3 15 18 2.70999124060388841 14 2 7 13 20 3 12 19 11 3 5.34074699537910114 1 9 15 12 16 32 9 1 31 2 6 22 5 14 7 7 10 12 10 17 31 10 11 15 11 12 12 6 16 2 2.70999124060388841 15 1 7 6 17 6 1 19 4 19.036764919757843 156.373587498844216 

Current Evaluation = 60000000(60000000)
Front Size = 37
14 25 9 16 28 10 15 18 2.70999124060388841 14 2 7 1 24 7 12 19 11 3 5.34074699537910114 1 9 15 12 16 32 9 1 31 2 14 24 5 5 3 4 15 15 12 9 16 1 1 30 9 4 8 13 3.36768017929769181 15 11 1 26 10 6 17 6 10 24 3 19.0863000750541687 134.498970710362784 
16 33 12 14 22 3 3 24 13 14 19 12 13 25 1 13 1 2.70999124060388841 9 18 11 14 24 12 14 30 9 8 5 11 16 15 6.96245171630185755 12 31 8 4 31 4 1 3 1 6 14 13 6 6 6 4.94126535182462057 16 9.82524131762891173 4 15 13 4 31 1 2 9 10 18.2425357699394226 233.575299035804022 
10 11 1 2 30 3 15 18 2.70999124060388841 14 2 7 4 6 13 12 19 11 3 5.34074699537910114 1 9 15 12 16 32 9 1 31 2 6 22 5 14 24 9 1 30 7 9 16 1 11 15 11 4 8 13 16 2 2.70999124060388841 15 24 13 6 17 6 1 19 4 20.008512020111084 86.0874169539610818 
17 6 10 2 30 3 15 18 2.70999124060388841 14 2 7 3.36768017929769181 30 13 12 19 11 3 5.34074699537910114 1 9 15 12 16 32 9 1 31 2 6 22 5 6 26 5 14 1 2 9 16 1 11 15 11 4 8 13 16 2 2.70999124060388841 15 24 13 6 17 6 1 19 4 19.2507109045982361 126.024596922872774 
17 18 13 4 25 4 16 9 6 14 5.34074699537910114 13 6 24 5 13 25 1 4 17 6 1 15 8 13 22 9 14 12 6 15 3 2 14 14 12 15 18 3 17 2 11 9.25570237641795579 30 4 13 14 11 6 20 12 1 24 6 4.94126535182462057 20 4 2 17 11 17.7584906220436096 240.226445873719854 
10 11 1 2 30 3 15 18 2.70999124060388841 14 2 7 4 1 9 12 19 11 3 5.34074699537910114 1 9 15 12 16 32 9 1 31 2 6 22 5 14 6 4 10 12 10 9 16 1 11 15 11 4 8 13 16 2 2.70999124060388841 15 1 7 6 17 6 1 19 4 20.5419990122318268 77.8796066566614513 
10 11 1 2 30 3 15 18 2.70999124060388841 14 2 7 18 26 13 12 19 11 3 5.34074699537910114 1 9 15 12 16 32 9 1 31 2 6 22 5 1 24 9 10 12 10 9 16 1 11 15 11 4 30 2.70999124060388841 16 2 2.70999124060388841 15 1 7 6 17 6 1 19 4 21.1996411085128784 69.2856049882223317 
14 26 9 3.36768017929769181 25 12 14 18 8 13 15 5 9 18 8 17 18 12 4 8 4 3 16 8 9.25570237641795579 25 9 6 31 11 17 14 1 14 26 8 12 30 1 11 2 4 1 16 3 9 6 9 17 31 2 2 1 2 13 5 9 12 20 13 18.639867752790451 218.461727445241365 
3.36768017929769181 14 7 2 30 3 15 18 2.70999124060388841 14 2 7 6 1 4 12 19 11 3 5.34074699537910114 1 9 15 12 16 32 9 1 31 2 6 22 5 5 3 4 10 12 10 9 16 1 14 24 4 4 8 13 16 2 2.70999124060388841 15 1 7 6 17 6 1 19 4 19.6880218684673309 106.94130155869145 
14 25 9 2 30 3 15 18 2.70999124060388841 14 2 7 4 26 1 12 19 11 3 5.34074699537910114 1 9 15 12 16 32 9 1 31 2 6 22 5 5 3 4 10 12 10 9 16 1 11 15 11 4 8 13 16 2 2.70999124060388841 15 1 7 6 17 6 1 19 4 20.5004448890686035 85.4852374205315186 
10 11 1 2 30 3 15 18 2.70999124060388841 6 24 9 18 26 13 12 19 11 3 5.34074699537910114 1 9 15 12 16 32 9 1 31 2 6 22 5 15 26 3 14 6 5 9 16 1 11 15 11 4 8 13 16 2 2.70999124060388841 15 1 7 6 17 6 1 19 4 21.0278571248054504 74.1717497247271069 
10 11 1 2 30 3 15 18 2.70999124060388841 14 2 7 4 26 13 12 19 11 3 5.34074699537910114 1 9 15 12 16 32 9 1 31 2 6 22 5 5 3 4 10 12 10 4 24 13 11 15 11 4 8 13 16 2 2.70999124060388841 15 1 7 6 17 6 1 19 4 21.0885329842567444 73.685706307581313 
10 11 1 2 30 3 15 18 2.70999124060388841 14 2 7 18 26 13 12 19 11 3 5.34074699537910114 1 9 15 12 16 32 9 1 31 2 6 22 5 14 6 5 10 12 10 9 16 1 11 15 11 4 8 13 16 2 2.70999124060388841 15 1 7 6 17 6 1 19 4 21.6563161611557007 62.9184777844658143 
10 11 1 2 30 3 15 18 2.70999124060388841 14 2 7 18 26 13 12 19 11 3 5.34074699537910114 1 9 15 12 16 32 9 1 31 2 6 22 5 15 24 4 10 12 10 12 6 8 11 15 11 4 8 13 16 2 2.70999124060388841 15 1 7 6 17 6 1 19 4 21.2987821102142334 68.7676913973839135 
10 11 1 2 30 3 15 18 2.70999124060388841 14 2 7 18 26 13 12 19 11 3 5.34074699537910114 1 9 15 12 16 32 9 1 31 2 6 22 5 14 26 9 10 12 10 3.36768017929769181 24 12 11 15 11 4 8 13 16 2 2.70999124060388841 15 1 7 6 17 6 1 19 4 21.091078132390976 71.2040028036716706 
14 6 10 2 30 3 15 18 2.70999124060388841 14 2 7 13 20 11 12 19 11 3 5.34074699537910114 1 9 15 12 16 32 9 1 31 2 6 22 5 5 3 4 6 25 4 9 16 1 11 15 11 4 8 13 16 2 2.70999124060388841 15 1 7 6 17 6 1 19 4 19.6844988763332367 109.826086073553171 
10 11 1 2 30 3 15 18 2.70999124060388841 14 2 7 18 26 13 12 19 11 3 5.34074699537910114 1 9 15 12 16 32 9 1 31 2 6 22 5 14 6 3 10 12 10 9 16 1 11 15 11 4 8 13 16 2 2.70999124060388841 15 1 7 2 6 5 1 19 4 21.4262811541557312 63.4539952017912867 
14 17 10 2 30 3 15 18 2.70999124060388841 14 2 7 6 24 10 12 19 11 3 5.34074699537910114 1 9 15 12 16 32 9 1 31 2 6 22 5 5 3 4 1 1 6 15 30 1 15 30 5 4 8 13 16 2 2.70999124060388841 15 1 7 6 17 6 1 19 4 18.7480669021606445 160.092188856894722 
14 12 2 2 30 3 15 18 2.70999124060388841 14 2 7 18 26 13 12 19 11 3 5.34074699537910114 1 9 15 12 16 32 9 1 31 2 6 22 5 14 6 7 10 12 10 9 16 1 11 15 11 4 6 9 16 2 2.70999124060388841 15 1 7 6 17 6 1 19 4 19.7113900184631348 96.6241695582601352 
6 15 5 2 30 3 15 18 2.70999124060388841 14 2 7 4 6 2.70999124060388841 12 19 11 3 5.34074699537910114 1 9 15 12 16 32 9 1 31 2 6 22 5 5 3 4 10 12 10 11 6 1 14 20 4 4 8 13 16 2 2.70999124060388841 15 1 7 6 17 6 1 19 4 19.5089267790317535 114.687942731305029 
10 11 1 2 30 3 15 18 2.70999124060388841 14 2 7 4 6 4 12 19 11 3 5.34074699537910114 1 9 15 12 16 32 9 1 31 2 6 22 5 14 24 6 10 12 10 9 16 1 11 15 11 4 8 13 16 2 2.70999124060388841 15 1 7 6 17 6 1 19 4 20.6635230779647827 75.8626273840508389 
10 11 1 6 32 3 15 18 2.70999124060388841 14 2 7 18 26 13 12 19 11 3 5.34074699537910114 1 9 15 12 16 32 9 1 31 2 6 22 5 5 3 4 10 12 10 9 16 1 11 15 11 4 8 13 16 2 2.70999124060388841 15 1 7 6 17 6 1 19 4 22.4825870990753174 59.5708570700301934 
10 11 1 2 30 3 15 18 2.70999124060388841 14 2 7 18 26 13 12 19 11 3 5.34074699537910114 1 9 15 12 16 32 9 1 31 2 6 22 5 5 3 4 10 12 10 9 16 1 11 15 11 4 8 13 16 2 2.70999124060388841 15 1 7 6 17 6 1 19 4 22.6171711683273315 57.9595999108764559 
10 11 1 2 30 3 15 18 2.70999124060388841 14 2 7 4 26 13 12 19 11 3 5.34074699537910114 1 9 15 12 16 32 9 1 31 2 6 22 5 5 3 4 10 12 10 9 16 1 11 15 11 4 8 13 16 2 2.70999124060388841 15 1 7 6 17 6 1 19 4 21.7232620120048523 62.7453259183736662 
10 11 1 2 30 3 15 18 2.70999124060388841 14 2 7 18 26 13 12 19 11 3 5.34074699537910114 1 9 15 12 16 32 9 1 31 2 6 22 5 14 26 9 10 12 10 9 16 1 11 15 11 4 8 13 16 2 2.70999124060388841 15 1 7 6 17 6 1 19 4 21.6520111858844757 63.0042578277258585 
10 11 1 2 30 3 15 18 2.70999124060388841 14 1 6 18 26 13 12 19 11 3 5.34074699537910114 1 9 15 12 16 32 9 1 31 2 6 22 5 5 3 4 10 12 10 9 16 1 11 15 11 4 8 13 16 2 2.70999124060388841 15 1 7 6 17 6 1 19 4 22.4617620706558228 59.7569906686027039 
14 31 10 2 30 3 15 18 2.70999124060388841 14 2 7 4 6 1 12 19 11 3 5.34074699537910114 1 9 15 12 16 32 9 1 31 2 6 22 5 5 3 4 1 26 4 9 16 1 11 15 11 4 8 13 16 2 2.70999124060388841 15 1 7 6 17 6 1 19 4 19.8884338736534119 92.5518724100565464 
14 9 12 2 30 3 15 18 2.70999124060388841 14 2 7 13 20 3 12 19 11 3 5.34074699537910114 1 9 15 12 16 32 9 1 31 2 6 22 5 14 7 7 10 12 10 17 31 10 11 15 11 12 12 6 16 2 2.70999124060388841 15 1 7 6 17 6 1 19 4 19.036764919757843 156.373587498844216 
10 11 1 2 30 3 15 18 2.70999124060388841 14 2 7 18 26 13 12 19 11 3 5.34074699537910114 1 9 15 12 16 32 9 1 31 2 6 22 5 14 3 6 10 12 10 9 16 1 11 15 11 4 8 13 16 2 2.70999124060388841 15 1 7 6 17 6 1 19 4 22.017480194568634 59.826133593780817 
14 25 9 2 30 3 15 18 2.70999124060388841 14 2 7 18 26 13 12 19 11 3 5.34074699537910114 1 9 15 12 16 32 9 1 31 2 6 6 4 5 3 4 10 12 10 9 16 1 11 15 11 17 9 13 16 2 2.70999124060388841 15 1 7 6 17 6 1 19 4 20.5261741280555725 81.5498000380049461 
10 11 1 2 30 3 15 18 2.70999124060388841 14 2 7 18 26 13 12 19 11 3 5.34074699537910114 1 9 15 12 16 32 9 1 31 2 6 22 5 5 3 4 10 12 10 9 16 1 11 15 11 4 8 13 16 2 2.70999124060388841 15 1 7 14 25 9 1 19 4 21.9662051796913147 61.7476699316524531 
13 26 11 2 30 3 15 18 2.70999124060388841 14 2 7 14 24 6 12 19 11 3 5.34074699537910114 1 9 15 12 16 32 9 1 31 2 6 22 5 14 20 4 10 12 10 9 16 1 11 15 11 4 8 13 16 2 2.70999124060388841 15 1 7 6 17 6 3 20 7 19.3029389679431915 119.71381062058866 
10 11 1 2 30 3 15 18 2.70999124060388841 14 2 7 18 26 13 12 19 11 3 5.34074699537910114 1 9 15 12 16 32 9 1 31 2 6 22 5 14 24 9 1 1 4 9 16 1 11 15 11 4 8 13 16 2 2.70999124060388841 15 1 7 6 17 6 1 19 4 21.0253521800041199 75.1883092951900238 
14 12 3 2 30 3 15 18 2.70999124060388841 14 2 7 13 6 2.70999124060388841 12 19 11 3 5.34074699537910114 1 9 15 12 16 32 9 1 31 2 6 22 5 5 3 4 10 12 10 3 26 7 11 15 11 4 8 13 16 2 2.70999124060388841 15 1 7 6 17 6 1 19 4 19.6700158715248108 110.69204019791691 
3.36768017929769181 5 11 2 30 3 15 18 2.70999124060388841 14 2 7 4 26 6 12 19 11 3 5.34074699537910114 1 9 15 12 16 32 9 1 31 2 6 22 5 5 3 4 10 12 10 9 16 1 11 15 11 4 8 13 16 2 2.70999124060388841 15 1 7 14 25 3 1 19 4 20.5093458890914917 83.0572753148901199 
10 11 1 2 30 3 15 18 2.70999124060388841 14 2 7 18 26 13 12 19 11 3 5.34074699537910114 1 9 15 12 16 32 9 1 31 2 6 22 5 14 6 6 10 12 10 9 16 1 11 15 11 4 8 13 16 2 2.70999124060388841 15 1 7 6 17 6 1 19 4 21.7343161702156067 61.8535276441287891 
10 11 1 2 30 3 15 18 2.70999124060388841 14 2 7 1 32 4 12 19 11 3 5.34074699537910114 1 9 15 12 16 32 9 1 31 2 6 22 5 1 30 11 10 12 10 9 16 1 9 15 7 4 8 13 16 2 2.70999124060388841 15 1 7 14 6 12 1 19 4 19.6344200968742371 110.885956666870527 

Current Evaluation = 70000000(70000000)
Front Size = 37
14 25 9 16 28 10 15 18 2.70999124060388841 14 2 7 1 24 7 12 19 11 3 5.34074699537910114 1 9 15 12 16 32 9 1 31 2 14 24 5 5 3 4 15 15 12 9 16 1 1 30 9 4 8 13 3.36768017929769181 15 11 1 26 10 6 17 6 10 24 3 19.0863000750541687 134.498970710362784 
16 33 12 14 22 3 3 24 13 14 19 12 13 25 1 13 1 2.70999124060388841 9 18 11 14 24 12 14 30 9 8 5 11 16 15 6.96245171630185755 12 31 8 4 31 4 1 3 1 6 14 13 6 6 6 4.94126535182462057 16 9.82524131762891173 4 15 13 4 31 1 2 9 10 18.2425357699394226 233.575299035804022 
10 11 1 2 30 3 15 18 2.70999124060388841 14 2 7 4 6 13 12 19 11 3 5.34074699537910114 1 9 15 12 16 32 9 1 31 2 6 22 5 14 24 9 1 30 7 9 16 1 11 15 11 4 8 13 16 2 2.70999124060388841 15 24 13 6 17 6 1 19 4 20.008512020111084 86.0874169539610818 
17 6 10 2 30 3 15 18 2.70999124060388841 14 2 7 3.36768017929769181 30 13 12 19 11 3 5.34074699537910114 1 9 15 12 16 32 9 1 31 2 6 22 5 6 26 5 14 1 2 9 16 1 11 15 11 4 8 13 16 2 2.70999124060388841 15 24 13 6 17 6 1 19 4 19.2507109045982361 126.024596922872774 
17 18 13 4 25 4 16 9 6 14 5.34074699537910114 13 6 24 5 13 25 1 4 17 6 1 15 8 13 22 9 14 12 6 15 3 2 14 14 12 15 18 3 17 2 11 9.25570237641795579 30 4 13 14 11 6 20 12 1 24 6 4.94126535182462057 20 4 2 17 11 17.7584906220436096 240.226445873719854 
10 11 1 2 30 3 15 18 2.70999124060388841 14 2 7 4 1 9 12 19 11 3 5.34074699537910114 1 9 15 12 16 32 9 1 31 2 6 22 5 14 6 4 10 12 10 9 16 1 11 15 11 4 8 13 16 2 2.70999124060388841 15 1 7 6 17 6 1 19 4 20.5419990122318268 77.8796066566614513 
10 11 1 2 30 3 15 18 2.70999124060388841 14 2 7 18 26 13 12 19 11 3 5.34074699537910114 1 9 15 12 16 32 9 1 31 2 6 22 5 1 24 9 10 12 10 9 16 1 11 15 11 4 30 2.70999124060388841 16 2 2.70999124060388841 15 1 7 6 17 6 1 19 4 21.1996411085128784 69.2856049882223317 
14 26 9 3.36768017929769181 25 12 14 18 8 13 15 5 9 18 8 17 18 12 4 8 4 3 16 8 9.25570237641795579 25 9 6 31 11 17 14 1 14 26 8 12 30 1 11 2 4 1 16 3 9 6 9 17 31 2 2 1 2 13 5 9 12 20 13 18.639867752790451 218.461727445241365 
3.36768017929769181 14 7 2 30 3 15 18 2.70999124060388841 14 2 7 6 1 4 12 19 11 3 5.34074699537910114 1 9 15 12 16 32 9 1 31 2 6 22 5 5 3 4 10 12 10 9 16 1 14 24 4 4 8 13 16 2 2.70999124060388841 15 1 7 6 17 6 1 19 4 19.6880218684673309 106.94130155869145 
10 11 1 2 30 3 15 18 2.70999124060388841 6 24 9 18 26 13 12 19 11 3 5.34074699537910114 1 9 15 12 16 32 9 1 31 2 6 22 5 15 26 3 14 6 5 9 16 1 11 15 11 4 8 13 16 2 2.70999124060388841 15 1 7 6 17 6 1 19 4 21.0278571248054504 74.1717497247271069 
10 11 1 2 30 3 15 18 2.70999124060388841 14 2 7 18 26 13 12 19 11 3 5.34074699537910114 1 9 15 12 16 32 9 1 31 2 6 22 5 14 6 5 10 12 10 9 16 1 11 15 11 4 8 13 16 2 2.70999124060388841 15 1 7 6 17 6 1 19 4 21.6563161611557007 62.9184777844658143 
10 11 1 2 30 3 15 18 2.70999124060388841 14 2 7 18 26 13 12 19 11 3 5.34074699537910114 1 9 15 12 16 32 9 1 31 2 6 22 5 15 24 4 10 12 10 12 6 8 11 15 11 4 8 13 16 2 2.70999124060388841 15 1 7 6 17 6 1 19 4 21.2987821102142334 68.7676913973839135 
14 6 10 2 30 3 15 18 2.70999124060388841 14 2 7 13 20 11 12 19 11 3 5.34074699537910114 1 9 15 12 16 32 9 1 31 2 6 22 5 5 3 4 6 25 4 9 16 1 11 15 11 4 8 13 16 2 2.70999124060388841 15 1 7 6 17 6 1 19 4 19.6844988763332367 109.826086073553171 
10 11 1 2 30 3 15 18 2.70999124060388841 14 2 7 18 26 13 12 19 11 3 5.34074699537910114 1 9 15 12 16 32 9 1 31 2 6 22 5 14 6 3 10 12 10 9 16 1 11 15 11 4 8 13 16 2 2.70999124060388841 15 1 7 2 6 5 1 19 4 21.4262811541557312 63.4539952017912867 
14 17 10 2 30 3 15 18 2.70999124060388841 14 2 7 6 24 10 12 19 11 3 5.34074699537910114 1 9 15 12 16 32 9 1 31 2 6 22 5 5 3 4 1 1 6 15 30 1 15 30 5 4 8 13 16 2 2.70999124060388841 15 1 7 6 17 6 1 19 4 18.7480669021606445 160.092188856894722 
14 12 2 2 30 3 15 18 2.70999124060388841 14 2 7 18 26 13 12 19 11 3 5.34074699537910114 1 9 15 12 16 32 9 1 31 2 6 22 5 14 6 7 10 12 10 9 16 1 11 15 11 4 6 9 16 2 2.70999124060388841 15 1 7 6 17 6 1 19 4 19.7113900184631348 96.6241695582601352 
6 15 5 2 30 3 15 18 2.70999124060388841 14 2 7 4 6 2.70999124060388841 12 19 11 3 5.34074699537910114 1 9 15 12 16 32 9 1 31 2 6 22 5 5 3 4 10 12 10 11 6 1 14 20 4 4 8 13 16 2 2.70999124060388841 15 1 7 6 17 6 1 19 4 19.5089267790317535 114.687942731305029 
10 11 1 2 30 3 15 18 2.70999124060388841 14 2 7 4 6 4 12 19 11 3 5.34074699537910114 1 9 15 12 16 32 9 1 31 2 6 22 5 14 24 6 10 12 10 9 16 1 11 15 11 4 8 13 16 2 2.70999124060388841 15 1 7 6 17 6 1 19 4 20.6635230779647827 75.8626273840508389 
10 11 1 6 32 3 15 18 2.70999124060388841 14 2 7 18 26 13 12 19 11 3 5.34074699537910114 1 9 15 12 16 32 9 1 31 2 6 22 5 5 3 4 10 12 10 9 16 1 11 15 11 4 8 13 16 2 2.70999124060388841 15 1 7 6 17 6 1 19 4 22.4825870990753174 59.5708570700301934 
10 11 1 2 30 3 15 18 2.70999124060388841 14 2 7 4 26 13 12 19 11 3 5.34074699537910114 1 9 15 12 16 32 9 1 31 2 6 22 5 5 3 4 10 12 10 9 16 1 11 15 11 4 8 13 16 2 2.70999124060388841 15 1 7 6 17 6 1 19 4 21.7232620120048523 62.7453259183736662 
10 11 1 2 30 3 15 18 2.70999124060388841 14 2 7 18 26 13 12 19 11 3 5.34074699537910114 1 9 15 12 16 32 9 1 31 2 6 22 5 14 26 9 10 12 10 9 16 1 11 15 11 4 8 13 16 2 2.70999124060388841 15 1 7 6 17 6 1 19 4 21.6520111858844757 63.0042578277258585 
10 11 1 2 30 3 15 18 2.70999124060388841 14 1 6 18 26 13 12 19 11 3 5.34074699537910114 1 9 15 12 16 32 9 1 31 2 6 22 5 5 3 4 10 12 10 9 16 1 11 15 11 4 8 13 16 2 2.70999124060388841 15 1 7 6 17 6 1 19 4 22.4617620706558228 59.7569906686027039 
14 31 10 2 30 3 15 18 2.70999124060388841 14 2 7 4 6 1 12 19 11 3 5.34074699537910114 1 9 15 12 16 32 9 1 31 2 6 22 5 5 3 4 1 26 4 9 16 1 11 15 11 4 8 13 16 2 2.70999124060388841 15 1 7 6 17 6 1 19 4 19.8884338736534119 92.5518724100565464 
14 9 12 2 30 3 15 18 2.70999124060388841 14 2 7 13 20 3 12 19 11 3 5.34074699537910114 1 9 15 12 16 32 9 1 31 2 6 22 5 14 7 7 10 12 10 17 31 10 11 15 11 12 12 6 16 2 2.70999124060388841 15 1 7 6 17 6 1 19 4 19.036764919757843 156.373587498844216 
10 11 1 2 30 3 15 18 2.70999124060388841 14 2 7 18 26 13 12 19 11 3 5.34074699537910114 1 9 15 12 16 32 9 1 31 2 6 22 5 14 3 6 10 12 10 9 16 1 11 15 11 4 8 13 16 2 2.70999124060388841 15 1 7 6 17 6 1 19 4 22.017480194568634 59.826133593780817 
14 25 9 2 30 3 15 18 2.70999124060388841 14 2 7 18 26 13 12 19 11 3 5.34074699537910114 1 9 15 12 16 32 9 1 31 2 6 6 4 5 3 4 10 12 10 9 16 1 11 15 11 17 9 13 16 2 2.70999124060388841 15 1 7 6 17 6 1 19 4 20.5261741280555725 81.5498000380049461 
13 26 11 2 30 3 15 18 2.70999124060388841 14 2 7 14 24 6 12 19 11 3 5.34074699537910114 1 9 15 12 16 32 9 1 31 2 6 22 5 14 20 4 10 12 10 9 16 1 11 15 11 4 8 13 16 2 2.70999124060388841 15 1 7 6 17 6 3 20 7 19.3029389679431915 119.71381062058866 
14 12 3 2 30 3 15 18 2.70999124060388841 14 2 7 13 6 2.70999124060388841 12 19 11 3 5.34074699537910114 1 9 15 12 16 32 9 1 31 2 6 22 5 5 3 4 10 12 10 3 26 7 11 15 11 4 8 13 16 2 2.70999124060388841 15 1 7 6 17 6 1 19 4 19.6700158715248108 110.69204019791691 
10 11 1 2 30 3 15 18 2.70999124060388841 14 2 7 18 26 13 12 19 11 3 5.34074699537910114 1 9 15 12 16 32 9 1 31 2 6 22 5 14 6 6 10 12 10 9 16 1 11 15 11 4 8 13 16 2 2.70999124060388841 15 1 7 6 17 6 1 19 4 21.7343161702156067 61.8535276441287891 
10 11 1 2 30 3 15 18 2.70999124060388841 14 2 7 1 32 4 12 19 11 3 5.34074699537910114 1 9 15 12 16 32 9 1 31 2 6 22 5 1 30 11 10 12 10 9 16 1 9 15 7 4 8 13 16 2 2.70999124060388841 15 1 7 14 6 12 1 19 4 19.6344200968742371 110.885956666870527 
4 25 11 2 30 3 15 18 2.70999124060388841 14 2 7 6 6 9 12 19 11 3 5.34074699537910114 1 9 15 12 16 32 9 1 31 2 6 22 5 5 3 4 10 12 10 9 16 1 11 15 11 4 8 13 16 2 2.70999124060388841 15 1 7 6 17 6 1 19 4 20.474993884563446 82.4240855157153476 
11 20 11 17 25 12 16 6 7 17 15 13 13 19 2.70999124060388841 8 8 5 3 16.1354543567662532 3.84646942076222631 4 31 9 15 14 1 13 13 4 12 24 10 15 15 13 2 24 9 14 12 12 1 30 13 9 26 7 13 20 4 11 6 1 1 3 1 2 31 4 18.6481056213378906 208.055897860309585 
4 25 1 2 30 3 15 18 2.70999124060388841 14 2 7 18 26 13 12 19 11 3 5.34074699537910114 1 9 15 12 16 32 9 1 31 2 6 22 5 17 24 9 10 12 10 9 16 1 11 15 11 4 8 13 16 2 2.70999124060388841 15 1 7 6 17 6 1 19 4 21.0003610253334045 74.4583122695891575 
10 11 1 2 30 3 15 18 2.70999124060388841 14 2 7 18 26 13 12 19 11 3 5.34074699537910114 1 9 15 12 16 32 9 1 31 2 6 22 5 14 24 9 10 12 10 9 16 1 11 15 11 4 30 13 16 2 2.70999124060388841 15 1 7 6 17 6 1 19 4 21.0742521286010742 69.4567907937473166 
10 11 1 2 30 3 15 18 2.70999124060388841 14 2 7 18 26 13 12 19 11 3 5.34074699537910114 1 9 15 12 16 32 9 1 31 2 6 22 5 5 3 4 10 12 10 9 16 1 11 15 11 4 8 13 16 2 2.70999124060388841 15 1 7 14 6 10 1 19 4 21.9604021608829498 59.9468311731364807 
10 11 1 2 30 3 15 18 2.70999124060388841 14 2 7 18 26 13 12 19 11 3 5.34074699537910114 1 9 15 12 16 32 9 1 31 2 6 22 5 5 3 4 10 12 10 9 16 1 11 15 11 4 8 13 16 2 2.70999124060388841 15 1 7 6 17 6 1 19 4 22.6171711683273315 57.5437254195021239 
10 11 1 2 30 3 15 18 2.70999124060388841 14 2 7 18 26 13 12 19 11 3 5.34074699537910114 1 9 15 12 16 32 9 1 31 2 6 22 5 5 3 4 10 12 10 9 16 1 11 15 11 4 8 13 16 2 2.70999124060388841 14 24 2 2 7 9 1 19 4 22.5427701473236084 58.6108926483961312 

Current Evaluation = 80000000(80000000)
Front Size = 35
14 25 9 16 28 10 15 18 2.70999124060388841 14 2 7 1 24 7 12 19 11 3 5.34074699537910114 1 9 15 12 16 32 9 1 31 2 14 24 5 5 3 4 15 15 12 9 16 1 1 30 9 4 8 13 3.36768017929769181 15 11 1 26 10 6 17 6 10 24 3 19.0863000750541687 134.498970710362784 
16 33 12 14 22 3 3 24 13 14 19 12 13 25 1 13 1 2.70999124060388841 9 18 11 14 24 12 14 30 9 8 5 11 16 15 6.96245171630185755 12 31 8 4 31 4 1 3 1 6 14 13 6 6 6 4.94126535182462057 16 9.82524131762891173 4 15 13 4 31 1 2 9 10 18.2425357699394226 233.575299035804022 
10 11 1 2 30 3 15 18 2.70999124060388841 14 2 7 4 6 13 12 19 11 3 5.34074699537910114 1 9 15 12 16 32 9 1 31 2 6 22 5 14 24 9 1 30 7 9 16 1 11 15 11 4 8 13 16 2 2.70999124060388841 15 24 13 6 17 6 1 19 4 20.008512020111084 86.0874169539610818 
17 6 10 2 30 3 15 18 2.70999124060388841 14 2 7 3.36768017929769181 30 13 12 19 11 3 5.34074699537910114 1 9 15 12 16 32 9 1 31 2 6 22 5 6 26 5 14 1 2 9 16 1 11 15 11 4 8 13 16 2 2.70999124060388841 15 24 13 6 17 6 1 19 4 19.2507109045982361 126.024596922872774 
17 18 13 4 25 4 16 9 6 14 5.34074699537910114 13 6 24 5 13 25 1 4 17 6 1 15 8 13 22 9 14 12 6 15 3 2 14 14 12 15 18 3 17 2 11 9.25570237641795579 30 4 13 14 11 6 20 12 1 24 6 4.94126535182462057 20 4 2 17 11 17.7584906220436096 240.226445873719854 
10 11 1 2 30 3 15 18 2.70999124060388841 14 2 7 4 1 9 12 19 11 3 5.34074699537910114 1 9 15 12 16 32 9 1 31 2 6 22 5 14 6 4 10 12 10 9 16 1 11 15 11 4 8 13 16 2 2.70999124060388841 15 1 7 6 17 6 1 19 4 20.5419990122318268 77.8796066566614513 
14 26 9 3.36768017929769181 25 12 14 18 8 13 15 5 9 18 8 17 18 12 4 8 4 3 16 8 9.25570237641795579 25 9 6 31 11 17 14 1 14 26 8 12 30 1 11 2 4 1 16 3 9 6 9 17 31 2 2 1 2 13 5 9 12 20 13 18.639867752790451 218.461727445241365 
10 11 1 2 30 3 15 18 2.70999124060388841 14 2 7 18 26 13 12 19 11 3 5.34074699537910114 1 9 15 12 16 32 9 1 31 2 6 22 5 14 6 5 10 12 10 9 16 1 11 15 11 4 8 13 16 2 2.70999124060388841 15 1 7 6 17 6 1 19 4 21.6563161611557007 62.9184777844658143 
10 11 1 2 30 3 15 18 2.70999124060388841 14 2 7 18 26 13 12 19 11 3 5.34074699537910114 1 9 15 12 16 32 9 1 31 2 6 22 5 15 24 4 10 12 10 12 6 8 11 15 11 4 8 13 16 2 2.70999124060388841 15 1 7 6 17 6 1 19 4 21.2987821102142334 68.7676913973839135 
10 11 1 2 30 3 15 18 2.70999124060388841 14 2 7 18 26 13 12 19 11 3 5.34074699537910114 1 9 15 12 16 32 9 1 31 2 6 22 5 14 6 3 10 12 10 9 16 1 11 15 11 4 8 13 16 2 2.70999124060388841 15 1 7 2 6 5 1 19 4 21.4262811541557312 63.4539952017912867 
14 17 10 2 30 3 15 18 2.70999124060388841 14 2 7 6 24 10 12 19 11 3 5.34074699537910114 1 9 15 12 16 32 9 1 31 2 6 22 5 5 3 4 1 1 6 15 30 1 15 30 5 4 8 13 16 2 2.70999124060388841 15 1 7 6 17 6 1 19 4 18.7480669021606445 160.092188856894722 
14 12 2 2 30 3 15 18 2.70999124060388841 14 2 7 18 26 13 12 19 11 3 5.34074699537910114 1 9 15 12 16 32 9 1 31 2 6 22 5 14 6 7 10 12 10 9 16 1 11 15 11 4 6 9 16 2 2.70999124060388841 15 1 7 6 17 6 1 19 4 19.7113900184631348 96.6241695582601352 
6 15 5 2 30 3 15 18 2.70999124060388841 14 2 7 4 6 2.70999124060388841 12 19 11 3 5.34074699537910114 1 9 15 12 16 32 9 1 31 2 6 22 5 5 3 4 10 12 10 11 6 1 14 20 4 4 8 13 16 2 2.70999124060388841 15 1 7 6 17 6 1 19 4 19.5089267790317535 114.687942731305029 
10 11 1 2 30 3 15 18 2.70999124060388841 14 2 7 4 6 4 12 19 11 3 5.34074699537910114 1 9 15 12 16 32 9 1 31 2 6 22 5 14 24 6 10 12 10 9 16 1 11 15 11 4 8 13 16 2 2.70999124060388841 15 1 7 6 17 6 1 19 4 20.6635230779647827 75.8626273840508389 
10 11 1 6 32 3 15 18 2.70999124060388841 14 2 7 18 26 13 12 19 11 3 5.34074699537910114 1 9 15 12 16 32 9 1 31 2 6 22 5 5 3 4 10 12 10 9 16 1 11 15 11 4 8 13 16 2 2.70999124060388841 15 1 7 6 17 6 1 19 4 22.4825870990753174 59.5708570700301934 
10 11 1 2 30 3 15 18 2.70999124060388841 14 2 7 4 26 13 12 19 11 3 5.34074699537910114 1 9 15 12 16 32 9 1 31 2 6 22 5 5 3 4 10 12 10 9 16 1 11 15 11 4 8 13 16 2 2.70999124060388841 15 1 7 6 17 6 1 19 4 21.7232620120048523 62.7453259183736662 
10 11 1 2 30 3 15 18 2.70999124060388841 14 2 7 18 26 13 12 19 11 3 5.34074699537910114 1 9 15 12 16 32 9 1 31 2 6 22 5 14 26 9 10 12 10 9 16 1 11 15 11 4 8 13 16 2 2.70999124060388841 15 1 7 6 17 6 1 19 4 21.6520111858844757 63.0042578277258585 
10 11 1 2 30 3 15 18 2.70999124060388841 14 1 6 18 26 13 12 19 11 3 5.34074699537910114 1 9 15 12 16 32 9 1 31 2 6 22 5 5 3 4 10 12 10 9 16 1 11 15 11 4 8 13 16 2 2.70999124060388841 15 1 7 6 17 6 1 19 4 22.4617620706558228 59.7569906686027039 
14 31 10 2 30 3 15 18 2.70999124060388841 14 2 7 4 6 1 12 19 11 3 5.34074699537910114 1 9 15 12 16 32 9 1 31 2 6 22 5 5 3 4 1 26 4 9 16 1 11 15 11 4 8 13 16 2 2.70999124060388841 15 1 7 6 17 6 1 19 4 19.8884338736534119 92.5518724100565464 
10 11 1 2 30 3 15 18 2.70999124060388841 14 2 7 18 26 13 12 19 11 3 5.34074699537910114 1 9 15 12 16 32 9 1 31 2 6 22 5 14 3 6 10 12 10 9 16 1 11 15 11 4 8 13 16 2 2.70999124060388841 15 1 7 6 17 6 1 19 4 22.017480194568634 59.826133593780817 
13 26 11 2 30 3 15 18 2.70999124060388841 14 2 7 14 24 6 12 19 11 3 5.34074699537910114 1 9 15 12 16 32 9 1 31 2 6 22 5 14 20 4 10 12 10 9 16 1 11 15 11 4 8 13 16 2 2.70999124060388841 15 1 7 6 17 6 3 20 7 19.3029389679431915 119.71381062058866 
10 11 1 2 30 3 15 18 2.70999124060388841 14 2 7 18 26 13 12 19 11 3 5.34074699537910114 1 9 15 12 16 32 9 1 31 2 6 22 5 14 6 6 10 12 10 9 16 1 11 15 11 4 8 13 16 2 2.70999124060388841 15 1 7 6 17 6 1 19 4 21.7343161702156067 61.8535276441287891 
10 11 1 2 30 3 15 18 2.70999124060388841 14 2 7 1 32 4 12 19 11 3 5.34074699537910114 1 9 15 12 16 32 9 1 31 2 6 22 5 1 30 11 10 12 10 9 16 1 9 15 7 4 8 13 16 2 2.70999124060388841 15 1 7 14 6 12 1 19 4 19.6344200968742371 110.885956666870527 
4 25 11 2 30 3 15 18 2.70999124060388841 14 2 7 6 6 9 12 19 11 3 5.34074699537910114 1 9 15 12 16 32 9 1 31 2 6 22 5 5 3 4 10 12 10 9 16 1 11 15 11 4 8 13 16 2 2.70999124060388841 15 1 7 6 17 6 1 19 4 20.474993884563446 82.4240855157153476 
11 20 11 17 25 12 16 6 7 17 15 13 13 19 2.70999124060388841 8 8 5 3 16.1354543567662532 3.84646942076222631 4 31 9 15 14 1 13 13 4 12 24 10 15 15 13 2 24 9 14 12 12 1 30 13 9 26 7 13 20 4 11 6 1 1 3 1 2 31 4 18.6481056213378906 208.055897860309585 
10 11 1 2 30 3 15 18 2.70999124060388841 14 2 7 18 26 13 12 19 11 3 5.34074699537910114 1 9 15 12 16 32 9 1 31 2 6 22 5 5 3 4 10 12 10 9 16 1 11 15 11 4 8 13 16 2 2.70999124060388841 15 1 7 14 6 10 1 19 4 21.9604021608829498 59.9468311731364807 
10 11 1 2 30 3 15 18 2.70999124060388841 14 2 7 18 26 13 12 19 11 3 5.34074699537910114 1 9 15 12 16 32 9 1 31 2 6 22 5 5 3 4 10 12 10 9 16 1 11 15 11 4 8 13 16 2 2.70999124060388841 14 24 2 2 7 9 1 19 4 22.5427701473236084 58.6108926483961312 
10 11 1 2 30 3 15 18 2.70999124060388841 14 2 7 13 1 9 12 19 11 3 5.34074699537910114 1 9 15 12 16 32 9 1 31 2 14 32 3 1 6 7 10 12 10 9 16 1 4 15 1 4 8 13 16 2 2.70999124060388841 15 1 7 6 17 6 1 19 4 19.6603961586952209 97.6465346731857124 
12 6 6 1 6 7 3 6 7 15 15 2 1 2 3 11 20 9 14 32 2.70999124060388841 15 5 5 9.25570237641795579 8 1 1 9 7 5 9 13 14 24 9 8 6 2 4.94126535182462057 3 5 6 26 11 9 8 9 13.2195649013323386 25 7 4 15 6 17 1 3 3 14 6 18.41852867603302 229.288629223565977 
14 12 9 2 30 3 15 18 2.70999124060388841 14 2 7 4 24 11 12 19 11 3 5.34074699537910114 1 9 15 12 16 32 9 1 31 2 6 22 5 5 3 4 10 12 10 9 16 1 11 15 11 4 8 13 16 2 2.70999124060388841 15 1 7 6 17 6 1 19 4 20.3155359327793121 84.0240604709974264 
10 11 1 2 30 3 15 18 2.70999124060388841 14 2 7 6 24 4 12 19 11 3 5.34074699537910114 1 9 15 12 16 32 9 1 31 2 6 22 5 14 26 9 10 12 10 9 16 1 11 15 11 4 8 13 16 2 2.70999124060388841 15 1 7 6 17 6 1 19 4 20.5043320953845978 79.5826079283401242 
14 1 1 2 30 3 15 18 2.70999124060388841 14 2 7 2 12 7 12 19 11 3 5.34074699537910114 1 9 15 12 16 32 9 1 31 2 6 22 5 14 31 5 10 12 10 9 16 1 12 30 7 2 14 8 16 2 2.70999124060388841 15 1 7 6 17 6 1 19 4 18.9216339588165283 147.581072454490879 
10 11 1 2 30 3 15 18 2.70999124060388841 14 2 7 18 26 13 12 19 11 3 5.34074699537910114 1 9 15 12 16 32 9 1 31 2 6 22 5 14 24 4 10 12 10 9 16 1 11 15 11 4 8 13 16 2 2.70999124060388841 15 1 7 14 26 9 1 19 4 20.963077187538147 69.2391024995676219 
3 20 13 2 30 3 15 18 2.70999124060388841 14 2 7 14 26 2.70999124060388841 12 19 11 3 5.34074699537910114 1 9 15 12 16 32 9 1 31 2 6 22 5 5 3 4 10 12 10 13 20 7 11 15 11 4 8 13 16 2 2.70999124060388841 15 1 7 6 17 6 15 26 5 19.5725458860397339 113.080404175547841 
10 11 1 2 30 3 15 18 2.70999124060388841 14 2 7 18 26 13 12 19 11 3 5.34074699537910114 1 9 15 12 16 32 9 1 31 2 6 22 5 5 3 4 10 12 10 9 16 1 11 15 11 4 8 13 16 2 2.70999124060388841 15 1 7 6 17 6 1 19 4 22.6171711683273315 57.4412794700314606 

Current Evaluation = 90000000(90000000)
Front Size = 30
16 33 12 14 22 3 3 24 13 14 19 12 13 25 1 13 1 2.70999124060388841 9 18 11 14 24 12 14 30 9 8 5 11 16 15 6.96245171630185755 12 31 8 4 31 4 1 3 1 6 14 13 6 6 6 4.94126535182462057 16 9.82524131762891173 4 15 13 4 31 1 2 9 10 18.2425357699394226 233.575299035804022 
10 11 1 2 30 3 15 18 2.70999124060388841 14 2 7 4 6 13 12 19 11 3 5.34074699537910114 1 9 15 12 16 32 9 1 31 2 6 22 5 14 24 9 1 30 7 9 16 1 11 15 11 4 8 13 16 2 2.70999124060388841 15 24 13 6 17 6 1 19 4 20.008512020111084 86.0874169539610818 
17 18 13 4 25 4 16 9 6 14 5.34074699537910114 13 6 24 5 13 25 1 4 17 6 1 15 8 13 22 9 14 12 6 15 3 2 14 14 12 15 18 3 17 2 11 9.25570237641795579 30 4 13 14 11 6 20 12 1 24 6 4.94126535182462057 20 4 2 17 11 17.7584906220436096 240.226445873719854 
10 11 1 2 30 3 15 18 2.70999124060388841 14 2 7 4 1 9 12 19 11 3 5.34074699537910114 1 9 15 12 16 32 9 1 31 2 6 22 5 14 6 4 10 12 10 9 16 1 11 15 11 4 8 13 16 2 2.70999124060388841 15 1 7 6 17 6 1 19 4 20.5419990122318268 77.8796066566614513 
10 11 1 2 30 3 15 18 2.70999124060388841 14 2 7 18 26 13 12 19 11 3 5.34074699537910114 1 9 15 12 16 32 9 1 31 2 6 22 5 14 6 5 10 12 10 9 16 1 11 15 11 4 8 13 16 2 2.70999124060388841 15 1 7 6 17 6 1 19 4 21.6563161611557007 62.9184777844658143 
10 11 1 2 30 3 15 18 2.70999124060388841 14 2 7 18 26 13 12 19 11 3 5.34074699537910114 1 9 15 12 16 32 9 1 31 2 6 22 5 15 24 4 10 12 10 12 6 8 11 15 11 4 8 13 16 2 2.70999124060388841 15 1 7 6 17 6 1 19 4 21.2987821102142334 68.7676913973839135 
10 11 1 2 30 3 15 18 2.70999124060388841 14 2 7 18 26 13 12 19 11 3 5.34074699537910114 1 9 15 12 16 32 9 1 31 2 6 22 5 14 6 3 10 12 10 9 16 1 11 15 11 4 8 13 16 2 2.70999124060388841 15 1 7 2 6 5 1 19 4 21.4262811541557312 63.4539952017912867 
14 17 10 2 30 3 15 18 2.70999124060388841 14 2 7 6 24 10 12 19 11 3 5.34074699537910114 1 9 15 12 16 32 9 1 31 2 6 22 5 5 3 4 1 1 6 15 30 1 15 30 5 4 8 13 16 2 2.70999124060388841 15 1 7 6 17 6 1 19 4 18.7480669021606445 160.092188856894722 
14 12 2 2 30 3 15 18 2.70999124060388841 14 2 7 18 26 13 12 19 11 3 5.34074699537910114 1 9 15 12 16 32 9 1 31 2 6 22 5 14 6 7 10 12 10 9 16 1 11 15 11 4 6 9 16 2 2.70999124060388841 15 1 7 6 17 6 1 19 4 19.7113900184631348 96.6241695582601352 
6 15 5 2 30 3 15 18 2.70999124060388841 14 2 7 4 6 2.70999124060388841 12 19 11 3 5.34074699537910114 1 9 15 12 16 32 9 1 31 2 6 22 5 5 3 4 10 12 10 11 6 1 14 20 4 4 8 13 16 2 2.70999124060388841 15 1 7 6 17 6 1 19 4 19.5089267790317535 114.687942731305029 
10 11 1 2 30 3 15 18 2.70999124060388841 14 2 7 4 6 4 12 19 11 3 5.34074699537910114 1 9 15 12 16 32 9 1 31 2 6 22 5 14 24 6 10 12 10 9 16 1 11 15 11 4 8 13 16 2 2.70999124060388841 15 1 7 6 17 6 1 19 4 20.6635230779647827 75.8626273840508389 
10 11 1 2 30 3 15 18 2.70999124060388841 14 2 7 4 26 13 12 19 11 3 5.34074699537910114 1 9 15 12 16 32 9 1 31 2 6 22 5 5 3 4 10 12 10 9 16 1 11 15 11 4 8 13 16 2 2.70999124060388841 15 1 7 6 17 6 1 19 4 21.7232620120048523 62.7453259183736662 
10 11 1 2 30 3 15 18 2.70999124060388841 14 2 7 18 26 13 12 19 11 3 5.34074699537910114 1 9 15 12 16 32 9 1 31 2 6 22 5 14 26 9 10 12 10 9 16 1 11 15 11 4 8 13 16 2 2.70999124060388841 15 1 7 6 17 6 1 19 4 21.6520111858844757 63.0042578277258585 
14 31 10 2 30 3 15 18 2.70999124060388841 14 2 7 4 6 1 12 19 11 3 5.34074699537910114 1 9 15 12 16 32 9 1 31 2 6 22 5 5 3 4 1 26 4 9 16 1 11 15 11 4 8 13 16 2 2.70999124060388841 15 1 7 6 17 6 1 19 4 19.8884338736534119 92.5518724100565464 
10 11 1 2 30 3 15 18 2.70999124060388841 14 2 7 18 26 13 12 19 11 3 5.34074699537910114 1 9 15 12 16 32 9 1 31 2 6 22 5 14 3 6 10 12 10 9 16 1 11 15 11 4 8 13 16 2 2.70999124060388841 15 1 7 6 17 6 1 19 4 22.017480194568634 59.826133593780817 
10 11 1 2 30 3 15 18 2.70999124060388841 14 2 7 18 26 13 12 19 11 3 5.34074699537910114 1 9 15 12 16 32 9 1 31 2 6 22 5 14 6 6 10 12 10 9 16 1 11 15 11 4 8 13 16 2 2.70999124060388841 15 1 7 6 17 6 1 19 4 21.7343161702156067 61.8535276441287891 
10 11 1 2 30 3 15 18 2.70999124060388841 14 2 7 18 26 13 12 19 11 3 5.34074699537910114 1 9 15 12 16 32 9 1 31 2 6 22 5 5 3 4 10 12 10 9 16 1 11 15 11 4 8 13 16 2 2.70999124060388841 15 1 7 14 6 10 1 19 4 21.9604021608829498 59.9468311731364807 
10 11 1 2 30 3 15 18 2.70999124060388841 14 2 7 18 26 13 12 19 11 3 5.34074699537910114 1 9 15 12 16 32 9 1 31 2 6 22 5 5 3 4 10 12 10 9 16 1 11 15 11 4 8 13 16 2 2.70999124060388841 14 24 2 2 7 9 1 19 4 22.5427701473236084 58.6108926483961312 
10 11 1 2 30 3 15 18 2.70999124060388841 14 2 7 13 1 9 12 19 11 3 5.34074699537910114 1 9 15 12 16 32 9 1 31 2 14 32 3 1 6 7 10 12 10 9 16 1 4 15 1 4 8 13 16 2 2.70999124060388841 15 1 7 6 17 6 1 19 4 19.6603961586952209 97.6465346731857124 
14 12 9 2 30 3 15 18 2.70999124060388841 14 2 7 4 24 11 12 19 11 3 5.34074699537910114 1 9 15 12 16 32 9 1 31 2 6 22 5 5 3 4 10 12 10 9 16 1 11 15 11 4 8 13 16 2 2.70999124060388841 15 1 7 6 17 6 1 19 4 20.3155359327793121 84.0240604709974264 
14 1 1 2 30 3 15 18 2.70999124060388841 14 2 7 2 12 7 12 19 11 3 5.34074699537910114 1 9 15 12 16 32 9 1 31 2 6 22 5 14 31 5 10 12 10 9 16 1 12 30 7 2 14 8 16 2 2.70999124060388841 15 1 7 6 17 6 1 19 4 18.9216339588165283 147.581072454490879 
10 11 1 2 30 3 15 18 2.70999124060388841 14 2 7 18 26 13 12 19 11 3 5.34074699537910114 1 9 15 12 16 32 9 1 31 2 6 22 5 14 24 4 10 12 10 9 16 1 11 15 11 4 8 13 16 2 2.70999124060388841 15 1 7 14 26 9 1 19 4 20.963077187538147 69.2391024995676219 
10 11 1 2 30 3 15 18 2.70999124060388841 14 2 7 18 26 13 12 19 11 3 5.34074699537910114 1 9 15 12 16 32 9 1 31 2 6 22 5 5 3 4 10 12 10 9 16 1 11 15 11 4 8 13 16 2 2.70999124060388841 15 1 7 6 17 6 1 19 4 22.6171711683273315 57.4412794700314606 
14 20 9 2 30 3 15 18 2.70999124060388841 14 2 7 18 26 13 12 19 11 3 5.34074699537910114 1 9 15 12 16 32 9 1 31 2 6 22 5 14 6 6 10 12 10 9 16 1 11 15 11 4 8 13 16 2 2.70999124060388841 15 1 7 6 17 6 1 19 4 20.3607120513916016 79.4590708266994596 
10 11 1 2 30 3 15 18 2.70999124060388841 14 2 7 18 26 13 12 19 11 3 5.34074699537910114 1 9 15 12 16 32 9 1 31 2 6 22 5 5 3 4 10 12 10 9 16 1 11 15 11 4 8 13 16 2 2.70999124060388841 15 1 7 6 17 6 14 6 5 22.1745321750640869 58.7125174091639579 
17 31 5 2 30 3 15 18 2.70999124060388841 14 2 7 15 1 10 12 19 11 3 5.34074699537910114 1 9 15 12 16 32 9 1 31 2 6 22 5 14 30 7 10 12 10 9 16 1 11 15 11 1 6 7 16 2 2.70999124060388841 15 1 7 6 17 6 1 19 4 18.9257418513298035 115.756571946571924 
14 24 9 2 30 3 15 18 2.70999124060388841 14 2 7 13 6 12 12 19 11 3 5.34074699537910114 1 9 15 12 16 32 9 1 31 2 6 22 5 15 6 12 10 12 10 9 16 1 11 15 11 4 8 13 16 2 2.70999124060388841 15 1 7 6 17 6 1 19 4 19.5263768434524536 108.139184062450099 
3.36768017929769181 20 8 2 30 3 15 18 2.70999124060388841 14 2 7 16 24 9 12 19 11 3 5.34074699537910114 1 9 15 12 16 32 9 1 31 2 6 22 5 17 1 9 10 12 10 9 16 1 11 15 11 4 8 13 16 2 2.70999124060388841 15 1 7 6 17 6 1 19 4 19.9280118942260742 89.1938347860486687 
10 11 1 2 30 3 15 18 2.70999124060388841 14 2 7 4 6 8 12 19 11 3 5.34074699537910114 1 9 15 12 16 32 9 1 31 2 6 22 5 5 3 4 10 12 10 9 24 1 11 15 11 4 8 13 16 2 2.70999124060388841 15 1 7 6 17 6 1 19 4 21.3180999755859375 68.6795322993960582 
15 2 6 6 32 12 17 30 11 14 6 5 1 30 5 17 24 2.70999124060388841 3 18 3 3 19 1 11 12 7 9 32 6 12 20 8 6 2 10 17 30 7 6 26 3 16 31 6 2 19 4 11 24 6.96245171630185755 1 7 7 6 26 7 8 9 4 18.3672210574150085 207.640233576667327 

Current Evaluation = 100000000(100000000)
Front Size = 33
16 33 12 14 22 3 3 24 13 14 19 12 13 25 1 13 1 2.70999124060388841 9 18 11 14 24 12 14 30 9 8 5 11 16 15 6.96245171630185755 12 31 8 4 31 4 1 3 1 6 14 13 6 6 6 4.94126535182462057 16 9.82524131762891173 4 15 13 4 31 1 2 9 10 18.2425357699394226 233.575299035804022 
10 11 1 2 30 3 15 18 2.70999124060388841 14 2 7 4 6 13 12 19 11 3 5.34074699537910114 1 9 15 12 16 32 9 1 31 2 6 22 5 14 24 9 1 30 7 9 16 1 11 15 11 4 8 13 16 2 2.70999124060388841 15 24 13 6 17 6 1 19 4 20.008512020111084 86.0874169539610818 
17 18 13 4 25 4 16 9 6 14 5.34074699537910114 13 6 24 5 13 25 1 4 17 6 1 15 8 13 22 9 14 12 6 15 3 2 14 14 12 15 18 3 17 2 11 9.25570237641795579 30 4 13 14 11 6 20 12 1 24 6 4.94126535182462057 20 4 2 17 11 17.7584906220436096 240.226445873719854 
10 11 1 2 30 3 15 18 2.70999124060388841 14 2 7 4 1 9 12 19 11 3 5.34074699537910114 1 9 15 12 16 32 9 1 31 2 6 22 5 14 6 4 10 12 10 9 16 1 11 15 11 4 8 13 16 2 2.70999124060388841 15 1 7 6 17 6 1 19 4 20.5419990122318268 77.8796066566614513 
10 11 1 2 30 3 15 18 2.70999124060388841 14 2 7 18 26 13 12 19 11 3 5.34074699537910114 1 9 15 12 16 32 9 1 31 2 6 22 5 14 6 5 10 12 10 9 16 1 11 15 11 4 8 13 16 2 2.70999124060388841 15 1 7 6 17 6 1 19 4 21.6563161611557007 62.9184777844658143 
10 11 1 2 30 3 15 18 2.70999124060388841 14 2 7 18 26 13 12 19 11 3 5.34074699537910114 1 9 15 12 16 32 9 1 31 2 6 22 5 15 24 4 10 12 10 12 6 8 11 15 11 4 8 13 16 2 2.70999124060388841 15 1 7 6 17 6 1 19 4 21.2987821102142334 68.7676913973839135 
10 11 1 2 30 3 15 18 2.70999124060388841 14 2 7 18 26 13 12 19 11 3 5.34074699537910114 1 9 15 12 16 32 9 1 31 2 6 22 5 14 6 3 10 12 10 9 16 1 11 15 11 4 8 13 16 2 2.70999124060388841 15 1 7 2 6 5 1 19 4 21.4262811541557312 63.4539952017912867 
14 17 10 2 30 3 15 18 2.70999124060388841 14 2 7 6 24 10 12 19 11 3 5.34074699537910114 1 9 15 12 16 32 9 1 31 2 6 22 5 5 3 4 1 1 6 15 30 1 15 30 5 4 8 13 16 2 2.70999124060388841 15 1 7 6 17 6 1 19 4 18.7480669021606445 160.092188856894722 
14 12 2 2 30 3 15 18 2.70999124060388841 14 2 7 18 26 13 12 19 11 3 5.34074699537910114 1 9 15 12 16 32 9 1 31 2 6 22 5 14 6 7 10 12 10 9 16 1 11 15 11 4 6 9 16 2 2.70999124060388841 15 1 7 6 17 6 1 19 4 19.7113900184631348 96.6241695582601352 
6 15 5 2 30 3 15 18 2.70999124060388841 14 2 7 4 6 2.70999124060388841 12 19 11 3 5.34074699537910114 1 9 15 12 16 32 9 1 31 2 6 22 5 5 3 4 10 12 10 11 6 1 14 20 4 4 8 13 16 2 2.70999124060388841 15 1 7 6 17 6 1 19 4 19.5089267790317535 114.687942731305029 
10 11 1 2 30 3 15 18 2.70999124060388841 14 2 7 4 6 4 12 19 11 3 5.34074699537910114 1 9 15 12 16 32 9 1 31 2 6 22 5 14 24 6 10 12 10 9 16 1 11 15 11 4 8 13 16 2 2.70999124060388841 15 1 7 6 17 6 1 19 4 20.6635230779647827 75.8626273840508389 
10 11 1 2 30 3 15 18 2.70999124060388841 14 2 7 4 26 13 12 19 11 3 5.34074699537910114 1 9 15 12 16 32 9 1 31 2 6 22 5 5 3 4 10 12 10 9 16 1 11 15 11 4 8 13 16 2 2.70999124060388841 15 1 7 6 17 6 1 19 4 21.7232620120048523 62.7453259183736662 
10 11 1 2 30 3 15 18 2.70999124060388841 14 2 7 18 26 13 12 19 11 3 5.34074699537910114 1 9 15 12 16 32 9 1 31 2 6 22 5 14 26 9 10 12 10 9 16 1 11 15 11 4 8 13 16 2 2.70999124060388841 15 1 7 6 17 6 1 19 4 21.6520111858844757 63.0042578277258585 
14 31 10 2 30 3 15 18 2.70999124060388841 14 2 7 4 6 1 12 19 11 3 5.34074699537910114 1 9 15 12 16 32 9 1 31 2 6 22 5 5 3 4 1 26 4 9 16 1 11 15 11 4 8 13 16 2 2.70999124060388841 15 1 7 6 17 6 1 19 4 19.8884338736534119 92.5518724100565464 
10 11 1 2 30 3 15 18 2.70999124060388841 14 2 7 18 26 13 12 19 11 3 5.34074699537910114 1 9 15 12 16 32 9 1 31 2 6 22 5 14 3 6 10 12 10 9 16 1 11 15 11 4 8 13 16 2 2.70999124060388841 15 1 7 6 17 6 1 19 4 22.017480194568634 59.826133593780817 
10 11 1 2 30 3 15 18 2.70999124060388841 14 2 7 18 26 13 12 19 11 3 5.34074699537910114 1 9 15 12 16 32 9 1 31 2 6 22 5 14 6 6 10 12 10 9 16 1 11 15 11 4 8 13 16 2 2.70999124060388841 15 1 7 6 17 6 1 19 4 21.7343161702156067 61.8535276441287891 
10 11 1 2 30 3 15 18 2.70999124060388841 14 2 7 18 26 13 12 19 11 3 5.34074699537910114 1 9 15 12 16 32 9 1 31 2 6 22 5 5 3 4 10 12 10 9 16 1 11 15 11 4 8 13 16 2 2.70999124060388841 15 1 7 14 6 10 1 19 4 21.9604021608829498 59.9468311731364807 
10 11 1 2 30 3 15 18 2.70999124060388841 14 2 7 18 26 13 12 19 11 3 5.34074699537910114 1 9 15 12 16 32 9 1 31 2 6 22 5 5 3 4 10 12 10 9 16 1 11 15 11 4 8 13 16 2 2.70999124060388841 14 24 2 2 7 9 1 19 4 22.5427701473236084 58.6108926483961312 
10 11 1 2 30 3 15 18 2.70999124060388841 14 2 7 13 1 9 12 19 11 3 5.34074699537910114 1 9 15 12 16 32 9 1 31 2 14 32 3 1 6 7 10 12 10 9 16 1 4 15 1 4 8 13 16 2 2.70999124060388841 15 1 7 6 17 6 1 19 4 19.6603961586952209 97.6465346731857124 
14 12 9 2 30 3 15 18 2.70999124060388841 14 2 7 4 24 11 12 19 11 3 5.34074699537910114 1 9 15 12 16 32 9 1 31 2 6 22 5 5 3 4 10 12 10 9 16 1 11 15 11 4 8 13 16 2 2.70999124060388841 15 1 7 6 17 6 1 19 4 20.3155359327793121 84.0240604709974264 
14 1 1 2 30 3 15 18 2.70999124060388841 14 2 7 2 12 7 12 19 11 3 5.34074699537910114 1 9 15 12 16 32 9 1 31 2 6 22 5 14 31 5 10 12 10 9 16 1 12 30 7 2 14 8 16 2 2.70999124060388841 15 1 7 6 17 6 1 19 4 18.9216339588165283 147.581072454490879 
10 11 1 2 30 3 15 18 2.70999124060388841 14 2 7 18 26 13 12 19 11 3 5.34074699537910114 1 9 15 12 16 32 9 1 31 2 6 22 5 14 24 4 10 12 10 9 16 1 11 15 11 4 8 13 16 2 2.70999124060388841 15 1 7 14 26 9 1 19 4 20.963077187538147 69.2391024995676219 
10 11 1 2 30 3 15 18 2.70999124060388841 14 2 7 18 26 13 12 19 11 3 5.34074699537910114 1 9 15 12 16 32 9 1 31 2 6 22 5 5 3 4 10 12 10 9 16 1 11 15 11 4 8 13 16 2 2.70999124060388841 15 1 7 6 17 6 1 19 4 22.6171711683273315 57.4412794700314606 
14 20 9 2 30 3 15 18 2.70999124060388841 14 2 7 18 26 13 12 19 11 3 5.34074699537910114 1 9 15 12 16 32 9 1 31 2 6 22 5 14 6 6 10 12 10 9 16 1 11 15 11 4 8 13 16 2 2.70999124060388841 15 1 7 6 17 6 1 19 4 20.3607120513916016 79.4590708266994596 
10 11 1 2 30 3 15 18 2.70999124060388841 14 2 7 18 26 13 12 19 11 3 5.34074699537910114 1 9 15 12 16 32 9 1 31 2 6 22 5 5 3 4 10 12 10 9 16 1 11 15 11 4 8 13 16 2 2.70999124060388841 15 1 7 6 17 6 14 6 5 22.1745321750640869 58.7125174091639579 
17 31 5 2 30 3 15 18 2.70999124060388841 14 2 7 15 1 10 12 19 11 3 5.34074699537910114 1 9 15 12 16 32 9 1 31 2 6 22 5 14 30 7 10 12 10 9 16 1 11 15 11 1 6 7 16 2 2.70999124060388841 15 1 7 6 17 6 1 19 4 18.9257418513298035 115.756571946571924 
14 24 9 2 30 3 15 18 2.70999124060388841 14 2 7 13 6 12 12 19 11 3 5.34074699537910114 1 9 15 12 16 32 9 1 31 2 6 22 5 15 6 12 10 12 10 9 16 1 11 15 11 4 8 13 16 2 2.70999124060388841 15 1 7 6 17 6 1 19 4 19.5263768434524536 108.139184062450099 
3.36768017929769181 20 8 2 30 3 15 18 2.70999124060388841 14 2 7 16 24 9 12 19 11 3 5.34074699537910114 1 9 15 12 16 32 9 1 31 2 6 22 5 17 1 9 10 12 10 9 16 1 11 15 11 4 8 13 16 2 2.70999124060388841 15 1 7 6 17 6 1 19 4 19.9280118942260742 89.1938347860486687 
10 11 1 2 30 3 15 18 2.70999124060388841 14 2 7 4 6 8 12 19 11 3 5.34074699537910114 1 9 15 12 16 32 9 1 31 2 6 22 5 5 3 4 10 12 10 9 24 1 11 15 11 4 8 13 16 2 2.70999124060388841 15 1 7 6 17 6 1 19 4 21.3180999755859375 68.6795322993960582 
15 2 6 6 32 12 17 30 11 14 6 5 1 30 5 17 24 2.70999124060388841 3 18 3 3 19 1 11 12 7 9 32 6 12 20 8 6 2 10 17 30 7 6 26 3 16 31 6 2 19 4 11 24 6.96245171630185755 1 7 7 6 26 7 8 9 4 18.3672210574150085 207.640233576667327 
10 11 1 2 30 3 15 18 2.70999124060388841 14 2 7 18 26 13 12 19 11 3 5.34074699537910114 1 9 15 12 16 32 9 1 31 2 6 22 5 14 24 9 10 12 10 9 16 1 11 15 11 4 8 13 16 2 2.70999124060388841 15 1 7 6 17 6 1 19 4 21.6081271767616272 63.2565017177765512 
4 24 11 2 30 3 15 18 2.70999124060388841 14 2 7 16 6 2 12 19 11 3 5.34074699537910114 1 9 15 12 16 32 9 1 31 2 6 22 5 14 1 4 10 12 10 9 16 1 11 15 11 4 8 13 16 2 2.70999124060388841 15 1 7 5 9 5 1 19 4 19.9757177829742432 87.6045844528300819 
15 25 3 1 32 9 14 9 3 8 25 3 12 13 9 3.36768017929769181 3 6 3 26 10 17 24 8 17 32 4 6 17 6.96245171630185755 13 30 7 16 17 3.84646942076222631 15 12 9 14 19 4 12 28 13 2 26 3 13.2195649013323386 20 5 4 6 1 12 6 11 13 32 9 17.2953762412071228 255.432558222651124 

MOEA/D: Multiobjective Evolutionary Algorithm Based on Decomposition
Number of Evaluations = 100000000
Mutation Probability = 0.0500000007450580597
Population Size = 80
Neighborhood size = 16
Seed: 13

Time =  65332.0331099999967

Current Evaluation = 100000000
Front Size = 33
16 33 12 14 22 3 3 24 13 14 19 12 13 25 1 13 1 2.70999124060388841 9 18 11 14 24 12 14 30 9 8 5 11 16 15 6.96245171630185755 12 31 8 4 31 4 1 3 1 6 14 13 6 6 6 4.94126535182462057 16 9.82524131762891173 4 15 13 4 31 1 2 9 10 18.2425357699394226 233.575299035804022 
10 11 1 2 30 3 15 18 2.70999124060388841 14 2 7 4 6 13 12 19 11 3 5.34074699537910114 1 9 15 12 16 32 9 1 31 2 6 22 5 14 24 9 1 30 7 9 16 1 11 15 11 4 8 13 16 2 2.70999124060388841 15 24 13 6 17 6 1 19 4 20.008512020111084 86.0874169539610818 
17 18 13 4 25 4 16 9 6 14 5.34074699537910114 13 6 24 5 13 25 1 4 17 6 1 15 8 13 22 9 14 12 6 15 3 2 14 14 12 15 18 3 17 2 11 9.25570237641795579 30 4 13 14 11 6 20 12 1 24 6 4.94126535182462057 20 4 2 17 11 17.7584906220436096 240.226445873719854 
10 11 1 2 30 3 15 18 2.70999124060388841 14 2 7 4 1 9 12 19 11 3 5.34074699537910114 1 9 15 12 16 32 9 1 31 2 6 22 5 14 6 4 10 12 10 9 16 1 11 15 11 4 8 13 16 2 2.70999124060388841 15 1 7 6 17 6 1 19 4 20.5419990122318268 77.8796066566614513 
10 11 1 2 30 3 15 18 2.70999124060388841 14 2 7 18 26 13 12 19 11 3 5.34074699537910114 1 9 15 12 16 32 9 1 31 2 6 22 5 14 6 5 10 12 10 9 16 1 11 15 11 4 8 13 16 2 2.70999124060388841 15 1 7 6 17 6 1 19 4 21.6563161611557007 62.9184777844658143 
10 11 1 2 30 3 15 18 2.70999124060388841 14 2 7 18 26 13 12 19 11 3 5.34074699537910114 1 9 15 12 16 32 9 1 31 2 6 22 5 15 24 4 10 12 10 12 6 8 11 15 11 4 8 13 16 2 2.70999124060388841 15 1 7 6 17 6 1 19 4 21.2987821102142334 68.7676913973839135 
10 11 1 2 30 3 15 18 2.70999124060388841 14 2 7 18 26 13 12 19 11 3 5.34074699537910114 1 9 15 12 16 32 9 1 31 2 6 22 5 14 6 3 10 12 10 9 16 1 11 15 11 4 8 13 16 2 2.70999124060388841 15 1 7 2 6 5 1 19 4 21.4262811541557312 63.4539952017912867 
14 17 10 2 30 3 15 18 2.70999124060388841 14 2 7 6 24 10 12 19 11 3 5.34074699537910114 1 9 15 12 16 32 9 1 31 2 6 22 5 5 3 4 1 1 6 15 30 1 15 30 5 4 8 13 16 2 2.70999124060388841 15 1 7 6 17 6 1 19 4 18.7480669021606445 160.092188856894722 
14 12 2 2 30 3 15 18 2.70999124060388841 14 2 7 18 26 13 12 19 11 3 5.34074699537910114 1 9 15 12 16 32 9 1 31 2 6 22 5 14 6 7 10 12 10 9 16 1 11 15 11 4 6 9 16 2 2.70999124060388841 15 1 7 6 17 6 1 19 4 19.7113900184631348 96.6241695582601352 
6 15 5 2 30 3 15 18 2.70999124060388841 14 2 7 4 6 2.70999124060388841 12 19 11 3 5.34074699537910114 1 9 15 12 16 32 9 1 31 2 6 22 5 5 3 4 10 12 10 11 6 1 14 20 4 4 8 13 16 2 2.70999124060388841 15 1 7 6 17 6 1 19 4 19.5089267790317535 114.687942731305029 
10 11 1 2 30 3 15 18 2.70999124060388841 14 2 7 4 6 4 12 19 11 3 5.34074699537910114 1 9 15 12 16 32 9 1 31 2 6 22 5 14 24 6 10 12 10 9 16 1 11 15 11 4 8 13 16 2 2.70999124060388841 15 1 7 6 17 6 1 19 4 20.6635230779647827 75.8626273840508389 
10 11 1 2 30 3 15 18 2.70999124060388841 14 2 7 4 26 13 12 19 11 3 5.34074699537910114 1 9 15 12 16 32 9 1 31 2 6 22 5 5 3 4 10 12 10 9 16 1 11 15 11 4 8 13 16 2 2.70999124060388841 15 1 7 6 17 6 1 19 4 21.7232620120048523 62.7453259183736662 
10 11 1 2 30 3 15 18 2.70999124060388841 14 2 7 18 26 13 12 19 11 3 5.34074699537910114 1 9 15 12 16 32 9 1 31 2 6 22 5 14 26 9 10 12 10 9 16 1 11 15 11 4 8 13 16 2 2.70999124060388841 15 1 7 6 17 6 1 19 4 21.6520111858844757 63.0042578277258585 
14 31 10 2 30 3 15 18 2.70999124060388841 14 2 7 4 6 1 12 19 11 3 5.34074699537910114 1 9 15 12 16 32 9 1 31 2 6 22 5 5 3 4 1 26 4 9 16 1 11 15 11 4 8 13 16 2 2.70999124060388841 15 1 7 6 17 6 1 19 4 19.8884338736534119 92.5518724100565464 
10 11 1 2 30 3 15 18 2.70999124060388841 14 2 7 18 26 13 12 19 11 3 5.34074699537910114 1 9 15 12 16 32 9 1 31 2 6 22 5 14 3 6 10 12 10 9 16 1 11 15 11 4 8 13 16 2 2.70999124060388841 15 1 7 6 17 6 1 19 4 22.017480194568634 59.826133593780817 
10 11 1 2 30 3 15 18 2.70999124060388841 14 2 7 18 26 13 12 19 11 3 5.34074699537910114 1 9 15 12 16 32 9 1 31 2 6 22 5 14 6 6 10 12 10 9 16 1 11 15 11 4 8 13 16 2 2.70999124060388841 15 1 7 6 17 6 1 19 4 21.7343161702156067 61.8535276441287891 
10 11 1 2 30 3 15 18 2.70999124060388841 14 2 7 18 26 13 12 19 11 3 5.34074699537910114 1 9 15 12 16 32 9 1 31 2 6 22 5 5 3 4 10 12 10 9 16 1 11 15 11 4 8 13 16 2 2.70999124060388841 15 1 7 14 6 10 1 19 4 21.9604021608829498 59.9468311731364807 
10 11 1 2 30 3 15 18 2.70999124060388841 14 2 7 18 26 13 12 19 11 3 5.34074699537910114 1 9 15 12 16 32 9 1 31 2 6 22 5 5 3 4 10 12 10 9 16 1 11 15 11 4 8 13 16 2 2.70999124060388841 14 24 2 2 7 9 1 19 4 22.5427701473236084 58.6108926483961312 
10 11 1 2 30 3 15 18 2.70999124060388841 14 2 7 13 1 9 12 19 11 3 5.34074699537910114 1 9 15 12 16 32 9 1 31 2 14 32 3 1 6 7 10 12 10 9 16 1 4 15 1 4 8 13 16 2 2.70999124060388841 15 1 7 6 17 6 1 19 4 19.6603961586952209 97.6465346731857124 
14 12 9 2 30 3 15 18 2.70999124060388841 14 2 7 4 24 11 12 19 11 3 5.34074699537910114 1 9 15 12 16 32 9 1 31 2 6 22 5 5 3 4 10 12 10 9 16 1 11 15 11 4 8 13 16 2 2.70999124060388841 15 1 7 6 17 6 1 19 4 20.3155359327793121 84.0240604709974264 
14 1 1 2 30 3 15 18 2.70999124060388841 14 2 7 2 12 7 12 19 11 3 5.34074699537910114 1 9 15 12 16 32 9 1 31 2 6 22 5 14 31 5 10 12 10 9 16 1 12 30 7 2 14 8 16 2 2.70999124060388841 15 1 7 6 17 6 1 19 4 18.9216339588165283 147.581072454490879 
10 11 1 2 30 3 15 18 2.70999124060388841 14 2 7 18 26 13 12 19 11 3 5.34074699537910114 1 9 15 12 16 32 9 1 31 2 6 22 5 14 24 4 10 12 10 9 16 1 11 15 11 4 8 13 16 2 2.70999124060388841 15 1 7 14 26 9 1 19 4 20.963077187538147 69.2391024995676219 
10 11 1 2 30 3 15 18 2.70999124060388841 14 2 7 18 26 13 12 19 11 3 5.34074699537910114 1 9 15 12 16 32 9 1 31 2 6 22 5 5 3 4 10 12 10 9 16 1 11 15 11 4 8 13 16 2 2.70999124060388841 15 1 7 6 17 6 1 19 4 22.6171711683273315 57.4412794700314606 
14 20 9 2 30 3 15 18 2.70999124060388841 14 2 7 18 26 13 12 19 11 3 5.34074699537910114 1 9 15 12 16 32 9 1 31 2 6 22 5 14 6 6 10 12 10 9 16 1 11 15 11 4 8 13 16 2 2.70999124060388841 15 1 7 6 17 6 1 19 4 20.3607120513916016 79.4590708266994596 
10 11 1 2 30 3 15 18 2.70999124060388841 14 2 7 18 26 13 12 19 11 3 5.34074699537910114 1 9 15 12 16 32 9 1 31 2 6 22 5 5 3 4 10 12 10 9 16 1 11 15 11 4 8 13 16 2 2.70999124060388841 15 1 7 6 17 6 14 6 5 22.1745321750640869 58.7125174091639579 
17 31 5 2 30 3 15 18 2.70999124060388841 14 2 7 15 1 10 12 19 11 3 5.34074699537910114 1 9 15 12 16 32 9 1 31 2 6 22 5 14 30 7 10 12 10 9 16 1 11 15 11 1 6 7 16 2 2.70999124060388841 15 1 7 6 17 6 1 19 4 18.9257418513298035 115.756571946571924 
14 24 9 2 30 3 15 18 2.70999124060388841 14 2 7 13 6 12 12 19 11 3 5.34074699537910114 1 9 15 12 16 32 9 1 31 2 6 22 5 15 6 12 10 12 10 9 16 1 11 15 11 4 8 13 16 2 2.70999124060388841 15 1 7 6 17 6 1 19 4 19.5263768434524536 108.139184062450099 
3.36768017929769181 20 8 2 30 3 15 18 2.70999124060388841 14 2 7 16 24 9 12 19 11 3 5.34074699537910114 1 9 15 12 16 32 9 1 31 2 6 22 5 17 1 9 10 12 10 9 16 1 11 15 11 4 8 13 16 2 2.70999124060388841 15 1 7 6 17 6 1 19 4 19.9280118942260742 89.1938347860486687 
10 11 1 2 30 3 15 18 2.70999124060388841 14 2 7 4 6 8 12 19 11 3 5.34074699537910114 1 9 15 12 16 32 9 1 31 2 6 22 5 5 3 4 10 12 10 9 24 1 11 15 11 4 8 13 16 2 2.70999124060388841 15 1 7 6 17 6 1 19 4 21.3180999755859375 68.6795322993960582 
15 2 6 6 32 12 17 30 11 14 6 5 1 30 5 17 24 2.70999124060388841 3 18 3 3 19 1 11 12 7 9 32 6 12 20 8 6 2 10 17 30 7 6 26 3 16 31 6 2 19 4 11 24 6.96245171630185755 1 7 7 6 26 7 8 9 4 18.3672210574150085 207.640233576667327 
10 11 1 2 30 3 15 18 2.70999124060388841 14 2 7 18 26 13 12 19 11 3 5.34074699537910114 1 9 15 12 16 32 9 1 31 2 6 22 5 14 24 9 10 12 10 9 16 1 11 15 11 4 8 13 16 2 2.70999124060388841 15 1 7 6 17 6 1 19 4 21.6081271767616272 63.2565017177765512 
4 24 11 2 30 3 15 18 2.70999124060388841 14 2 7 16 6 2 12 19 11 3 5.34074699537910114 1 9 15 12 16 32 9 1 31 2 6 22 5 14 1 4 10 12 10 9 16 1 11 15 11 4 8 13 16 2 2.70999124060388841 15 1 7 5 9 5 1 19 4 19.9757177829742432 87.6045844528300819 
15 25 3 1 32 9 14 9 3 8 25 3 12 13 9 3.36768017929769181 3 6 3 26 10 17 24 8 17 32 4 6 17 6.96245171630185755 13 30 7 16 17 3.84646942076222631 15 12 9 14 19 4 12 28 13 2 26 3 13.2195649013323386 20 5 4 6 1 12 6 11 13 32 9 17.2953762412071228 255.432558222651124 

