Current Evaluation = 10000000(10000080)
Front Size = 31
10 13 2 14 22 11 14 31 8 12 19 4 1 6 13 9 5 2.70999124060388841 4 7 7 6 32 6 8 30 3 15 22 6.96245171630185755 1 13 11 4.94126535182462057 30 10 13 24 1 12 19 2 16 16 12 11 9 5 9 18 4 13.2195649013323386 33 7 3 20 5 15 24 1 20.4527245163917542 175.951910009495151 
5 15 1 6 16 2 4 23 12 15 1 5 9 1 7 17 9 4 2 20 6 1 31 1 14 22 2 16 2 2 3.36768017929769181 6 1 3 5 11 12 31 4 17 19 6 10 16 7 15 32 1 1 2 2 2 3 12 11 20 8 3.36768017929769181 30 13 20.9008975625038147 108.816006093367207 
5 15 1 6 16 2 4 23 12 18 17 13 9 1 7 17 9 4 10 28 6 1 31 1 14 22 2 16 2 2 11 29 8 3 5 11 4 1 9 17 19 6 10 16 7 15 32 1 1 2 2 2 3 12 11 20 8 3.36768017929769181 30 13 24.5913786292076111 54.0196800706671993 
12 15 2 16 12 8 2 5 12 2 1 5 2 15 7 3 24 2 14 24 5 2 13 13 6 32 1 15 20 6 12 30 3 14 6 12 14 15 1 6 20 4 8 12 2.70999124060388841 15 3 10 6 15 2 5 16.1354543567662532 7 15 5 3.84646942076222631 14 5 8 17.6914817094802856 259.672577708888809 
5 15 1 6 16 2 4 23 12 18 17 13 9 1 7 17 9 4 10 28 6 1 31 1 14 22 2 16 2 2 11 29 8 3 5 11 12 4 5 17 1 3 10 16 7 15 32 1 1 2 2 2 3 12 11 20 8 3.36768017929769181 30 13 26.708583652973175 53.5148784339235348 
5 15 1 6 16 2 4 23 12 18 17 13 9 1 7 17 9 4 10 28 6 1 31 1 14 22 2 16 2 2 12 32 11 3 5 11 4 12 9 17 19 6 10 16 7 15 32 1 1 2 2 2 3 12 11 20 8 3.36768017929769181 30 13 23.0255928039550781 69.1210323503378561 
5 15 1 6 16 2 4 23 12 18 17 13 9 1 7 17 9 4 10 28 6 1 31 1 14 22 2 16 2 2 4 12 2.70999124060388841 3 5 11 9 26 6 1 30 3 10 16 7 15 32 1 1 2 2 2 3 12 11 20 8 3.36768017929769181 30 13 22.8855686783790588 71.2962046969029757 
5 31 4 4 16 12 6 32 1 3 5.34074699537910114 2 9.25570237641795579 29 8 13 6 11 17 31 5 8 16 2 11 1 2 6 19 9 14 9 4 16 6 10 2 33 1 4 15 3 3 32 11 1 13 1 13 24 4 16 9 2 15 18 6 9 14 9 20.7993259429931641 174.17712981462978 
4 30 13 13 24 3 17 22 10 1 28 2 9 11 8 15 33 2 3 25 9 4 29 8 12 26 4 14 31 6 16 14 4 1 24 10 6 12 13 16 9 11 15 32 10 3.36768017929769181 16 1 1 32 9 6 33 6 9 16 10 10 32 7 20.8414537310600281 172.115159676924378 
5 15 1 6 16 2 4 23 12 18 17 13 9 1 7 17 9 4 10 28 6 1 31 1 14 22 2 16 2 2 11 29 8 3 5 11 4 6 9 17 19 6 10 16 7 15 32 1 1 2 2 2 3 12 11 20 8 3.36768017929769181 30 13 24.5030436515808105 57.5812075163005659 
5 15 1 6 16 2 4 23 12 12 33 13 9 1 7 17 9 4 14 6 3 1 31 1 14 22 2 16 2 2 15 22 2 3 5 11 9 30 7 17 19 6 10 16 7 15 32 1 1 2 2 2 3 12 11 20 8 3.36768017929769181 30 13 21.6152175068855286 89.3884933423201176 
5 15 1 6 16 2 4 23 12 14 6 5 9 1 7 17 9 4 10 28 6 1 31 1 14 22 2 16 2 2 11 29 8 3 5 11 12 26 7 17 19 6 6 16 4 15 32 1 1 2 2 2 3 12 11 20 8 3.36768017929769181 30 13 22.4930305480957031 79.2638699376504263 
5 15 1 6 16 2 4 23 12 14 13 9 9 1 7 17 9 4 10 28 6 1 31 1 14 22 2 16 2 2 14 20 12 3 5 11 6 12 11 17 19 6 10 16 7 15 32 1 1 2 2 2 3 12 11 20 8 3.36768017929769181 30 13 21.4430767893791199 103.338082507983358 
5 15 1 6 16 2 4 23 12 18 17 13 9 1 7 17 9 4 10 28 6 1 31 1 14 22 2 16 2 2 11 25 8 3 5 11 12 4 5 17 19 6 10 16 7 15 32 1 1 2 2 2 3 12 11 20 8 3.36768017929769181 30 13 26.0732677578926086 53.5237609148400111 
5 15 1 6 16 2 4 23 12 18 17 13 9 1 7 17 9 4 10 28 6 1 31 1 14 22 2 16 2 2 12 24 8 3 5 11 4 6 10 17 19 6 10 16 7 15 32 1 1 2 2 2 3 12 11 20 8 3.36768017929769181 30 13 23.1067448258399963 59.8527417038191984 
14 25 1 3.36768017929769181 18 6 14 20 4 4 16.1354543567662532 5 13 25 4 14 1 3 15 30 1 10 32 13 16 5 9 5 30 9 13 20 1 5 24 7 16 6 8 13 19 2 17 12 9 8 31 4 9 26 6 15 32 10 4.94126535182462057 16 9.82524131762891173 2 9 13.151007650947605 17.7798378169536591 225.22817035905274 
5 15 1 6 16 2 4 23 12 18 17 13 9 1 7 17 9 4 10 28 6 1 31 1 14 22 2 16 2 2 11 29 8 3 5 11 4 24 4 17 19 6 10 16 7 15 32 1 1 2 2 2 3 12 11 20 8 3.36768017929769181 30 13 24.5729026794433594 56.3376710094216833 
1 3 7 4 6 1 1 1 2.70999124060388841 16 24 4 4 28 4 14 11 5 2 7 2 14 1 10 3 16.1354543567662532 6 13 18 7 17 31 11 4 9 13 14 5 2 4 15 11 1 32 13 6 20 1 5 26 3.84646942076222631 17 12 4 5 22 9.82524131762891173 12 16 11 19.0568287372589111 178.993131264540267 
5 15 1 6 16 2 4 23 12 15 20 4 9 1 7 17 9 4 10 28 6 1 31 1 14 22 2 16 2 2 6 13 2.70999124060388841 3 5 11 12 26 4 17 19 6 10 16 7 15 32 1 1 2 2 2 3 12 11 20 8 3.36768017929769181 30 13 21.851580798625946 82.4950509514185342 
14 5 5 16 30 2 3.36768017929769181 15 1 17 14 8 1 9 7 12 31 3 11 6 7 9 26 5 16 24 3 13 1 9 14 14 8 12 22 1 17 30 12 4 20 8 13 32 5 6 17 11 2 22 7 14 26 2 4 12 10 13 3 13 17.9126426577568054 180.075016380323291 
5 15 1 6 16 2 4 23 12 12 20 5 9 1 7 17 9 4 10 28 6 1 31 1 14 22 2 16 2 2 4 6 13 3 5 11 2 18 7 17 19 6 10 16 7 15 32 1 1 2 2 2 3 12 11 20 8 3.36768017929769181 30 13 21.9875507354736328 81.0366309739175108 
5 15 1 6 16 2 4 23 12 18 17 13 9 1 7 17 9 4 10 28 6 1 31 1 14 22 2 16 2 2 11 29 8 3 5 11 12 4 5 17 19 6 10 16 7 15 32 1 6 15 2 2 3 12 11 20 8 3.36768017929769181 30 13 26.7208016514778137 53.4494667351885298 
5 15 1 6 16 2 4 23 12 18 17 13 9 1 7 17 9 4 10 28 6 1 31 1 14 22 2 16 2 2 11 29 8 3 5 11 12 4 5 17 19 6 10 16 7 15 32 1 1 2 2 2 3 12 11 20 8 4 30 13 26.8917166590690613 53.1864480728349989 
5 15 1 6 16 2 4 23 12 18 17 13 9 1 7 17 9 4 10 28 6 1 31 1 14 22 2 16 2 2 11 29 8 3 5 11 12 4 5 17 19 6 10 16 7 15 32 1 1 2 2 2 3 12 11 20 8 3.36768017929769181 30 13 26.9655126929283142 51.49082610707881 
5 15 1 6 16 2 4 23 12 7 19 11 9 1 7 17 9 4 10 28 6 1 31 1 14 22 2 16 2 2 14 15 12 3 5 11 12 24 4 17 19 6 10 16 7 15 32 1 1 2 2 2 3 12 11 20 8 3.36768017929769181 30 13 22.9663336277008057 70.121757661963855 
5 15 1 6 16 2 4 23 12 18 17 13 9 1 7 17 9 4 10 28 6 1 31 1 14 22 2 16 2 2 6 32 12 3 5 11 14 6 7 17 19 6 10 16 7 15 32 1 1 2 2 2 3 12 11 20 8 3.36768017929769181 30 13 22.6479517221450806 79.1890248640248586 
5 15 1 6 16 2 4 23 12 3.36768017929769181 12 7 9 1 7 17 9 4 10 28 6 1 31 1 14 22 2 16 2 2 4 17 12 3 5 11 8 24 2 17 19 6 10 16 7 15 32 1 1 2 2 2 3 12 11 20 8 3.36768017929769181 30 13 22.2769497036933899 79.3283679173612057 
5 15 1 6 16 2 4 23 12 18 17 13 9 1 7 17 9 4 10 28 6 1 31 1 14 22 2 16 2 2 4 20 11 3 5 11 12 24 7 17 19 6 10 16 7 15 32 1 1 2 2 2 3 12 11 20 8 3.36768017929769181 30 13 23.0371847748756409 64.2240211069599383 
5 15 1 6 16 2 4 23 12 18 17 13 9 1 7 17 9 4 10 28 6 1 31 1 14 22 2 16 2 2 14 26 2 3 5 11 12 30 4 17 19 6 10 16 7 15 32 1 1 2 2 2 3 12 11 20 8 3.36768017929769181 30 13 22.7135118246078491 75.9677843026288713 
5 15 1 6 16 2 4 23 12 18 17 13 9 1 7 17 9 4 10 28 6 1 31 1 14 22 2 16 2 2 12 12 8 3 5 11 4 1 6 17 19 6 10 16 7 15 32 1 1 2 2 2 3 12 11 20 8 3.36768017929769181 30 13 23.2814466953277588 59.4817850151655989 
18 2 2.70999124060388841 14 18 8 12 25 9 3 20 10 3 6 9 4 19 8 14 32 6.96245171630185755 5 8.22565314501180467 10 14 26 12 3 7 11 15 9 1 16 18 2 9 7 1 6 24 7 17 22 9 2 8 7 6 6 9 16 23.4025356524426229 10 13 31.8448655754823804 7.75241283629571765 16 20 1 20.2439118027687073 177.759510508097407 

Current Evaluation = 20000000(20000160)
Front Size = 37
5 15 1 6 16 2 4 23 12 15 1 5 9 1 7 17 9 4 2 20 6 1 31 1 14 22 2 16 2 2 3.36768017929769181 6 1 3 5 11 12 31 4 17 19 6 10 16 7 15 32 1 1 2 2 2 3 12 11 20 8 3.36768017929769181 30 13 20.9008975625038147 108.816006093367207 
5 15 1 6 16 2 4 23 12 18 17 13 9 1 7 17 9 4 10 28 6 1 31 1 14 22 2 16 2 2 11 29 8 3 5 11 4 1 9 17 19 6 10 16 7 15 32 1 1 2 2 2 3 12 11 20 8 3.36768017929769181 30 13 24.5913786292076111 54.0196800706671993 
5 15 1 6 16 2 4 23 12 18 17 13 9 1 7 17 9 4 10 28 6 1 31 1 14 22 2 16 2 2 12 32 11 3 5 11 4 12 9 17 19 6 10 16 7 15 32 1 1 2 2 2 3 12 11 20 8 3.36768017929769181 30 13 23.0255928039550781 69.1210323503378561 
5 15 1 6 16 2 4 23 12 18 17 13 9 1 7 17 9 4 10 28 6 1 31 1 14 22 2 16 2 2 11 29 8 3 5 11 4 6 9 17 19 6 10 16 7 15 32 1 1 2 2 2 3 12 11 20 8 3.36768017929769181 30 13 24.5030436515808105 57.5812075163005659 
5 15 1 6 16 2 4 23 12 12 33 13 9 1 7 17 9 4 14 6 3 1 31 1 14 22 2 16 2 2 15 22 2 3 5 11 9 30 7 17 19 6 10 16 7 15 32 1 1 2 2 2 3 12 11 20 8 3.36768017929769181 30 13 21.6152175068855286 89.3884933423201176 
5 15 1 6 16 2 4 23 12 14 6 5 9 1 7 17 9 4 10 28 6 1 31 1 14 22 2 16 2 2 11 29 8 3 5 11 12 26 7 17 19 6 6 16 4 15 32 1 1 2 2 2 3 12 11 20 8 3.36768017929769181 30 13 22.4930305480957031 79.2638699376504263 
5 15 1 6 16 2 4 23 12 18 17 13 9 1 7 17 9 4 10 28 6 1 31 1 14 22 2 16 2 2 12 24 8 3 5 11 4 6 10 17 19 6 10 16 7 15 32 1 1 2 2 2 3 12 11 20 8 3.36768017929769181 30 13 23.1067448258399963 59.8527417038191984 
14 25 1 3.36768017929769181 18 6 14 20 4 4 16.1354543567662532 5 13 25 4 14 1 3 15 30 1 10 32 13 16 5 9 5 30 9 13 20 1 5 24 7 16 6 8 13 19 2 17 12 9 8 31 4 9 26 6 15 32 10 4.94126535182462057 16 9.82524131762891173 2 9 13.151007650947605 17.7798378169536591 225.22817035905274 
5 15 1 6 16 2 4 23 12 18 17 13 9 1 7 17 9 4 10 28 6 1 31 1 14 22 2 16 2 2 11 29 8 3 5 11 4 24 4 17 19 6 10 16 7 15 32 1 1 2 2 2 3 12 11 20 8 3.36768017929769181 30 13 24.5729026794433594 56.3376710094216833 
1 3 7 4 6 1 1 1 2.70999124060388841 16 24 4 4 28 4 14 11 5 2 7 2 14 1 10 3 16.1354543567662532 6 13 18 7 17 31 11 4 9 13 14 5 2 4 15 11 1 32 13 6 20 1 5 26 3.84646942076222631 17 12 4 5 22 9.82524131762891173 12 16 11 19.0568287372589111 178.993131264540267 
5 15 1 6 16 2 4 23 12 15 20 4 9 1 7 17 9 4 10 28 6 1 31 1 14 22 2 16 2 2 6 13 2.70999124060388841 3 5 11 12 26 4 17 19 6 10 16 7 15 32 1 1 2 2 2 3 12 11 20 8 3.36768017929769181 30 13 21.851580798625946 82.4950509514185342 
14 5 5 16 30 2 3.36768017929769181 15 1 17 14 8 1 9 7 12 31 3 11 6 7 9 26 5 16 24 3 13 1 9 14 14 8 12 22 1 17 30 12 4 20 8 13 32 5 6 17 11 2 22 7 14 26 2 4 12 10 13 3 13 17.9126426577568054 180.075016380323291 
5 15 1 6 16 2 4 23 12 12 20 5 9 1 7 17 9 4 10 28 6 1 31 1 14 22 2 16 2 2 4 6 13 3 5 11 2 18 7 17 19 6 10 16 7 15 32 1 1 2 2 2 3 12 11 20 8 3.36768017929769181 30 13 21.9875507354736328 81.0366309739175108 
5 15 1 6 16 2 4 23 12 3.36768017929769181 12 7 9 1 7 17 9 4 10 28 6 1 31 1 14 22 2 16 2 2 4 17 12 3 5 11 8 24 2 17 19 6 10 16 7 15 32 1 1 2 2 2 3 12 11 20 8 3.36768017929769181 30 13 22.2769497036933899 79.3283679173612057 
5 15 1 6 16 2 4 23 12 18 17 13 9 1 7 17 9 4 10 28 6 1 31 1 14 22 2 16 2 2 4 20 11 3 5 11 12 24 7 17 19 6 10 16 7 15 32 1 1 2 2 2 3 12 11 20 8 3.36768017929769181 30 13 23.0371847748756409 64.2240211069599383 
5 15 1 6 16 2 4 23 12 18 17 13 9 1 7 17 9 4 10 28 6 1 31 1 14 22 2 16 2 2 14 26 2 3 5 11 12 30 4 17 19 6 10 16 7 15 32 1 1 2 2 2 3 12 11 20 8 3.36768017929769181 30 13 22.7135118246078491 75.9677843026288713 
5 15 1 6 16 2 4 23 12 18 17 13 9 1 7 17 9 4 10 28 6 1 31 1 14 22 2 16 2 2 12 12 8 3 5 11 4 1 6 17 19 6 10 16 7 15 32 1 1 2 2 2 3 12 11 20 8 3.36768017929769181 30 13 23.2814466953277588 59.4817850151655989 
18 2 2.70999124060388841 14 18 8 12 25 9 3 20 10 3 6 9 4 19 8 14 32 6.96245171630185755 5 8.22565314501180467 10 14 26 12 3 7 11 15 9 1 16 18 2 9 7 1 6 24 7 17 22 9 2 8 7 6 6 9 16 23.4025356524426229 10 13 31.8448655754823804 7.75241283629571765 16 20 1 20.2439118027687073 177.759510508097407 
5 15 1 6 16 2 4 23 12 3.36768017929769181 23 12 9 1 7 17 9 4 13 13 2 1 31 1 14 22 2 16 2 2 14 18 6 3 5 11 14 19 13 17 19 6 3 6 1 15 32 1 1 2 2 2 3 12 11 20 8 3.36768017929769181 30 13 20.8944336175918579 147.390288080211405 
5 15 1 6 16 2 4 23 12 12 12 7 9 1 7 17 9 4 15 20 1 1 31 1 14 22 2 16 2 2 3.36768017929769181 24 7 3 5 11 9.25570237641795579 1 11 17 19 6 10 16 7 15 32 1 1 2 2 2 3 12 11 20 8 3.36768017929769181 30 13 20.9415385723114014 97.7101949261166993 
5 15 1 6 16 2 4 23 12 12 26 13 9 1 7 17 9 4 15 1 4 1 31 1 14 22 2 16 2 2 11 29 8 3 5 11 9 31 3 17 19 6 10 16 7 15 32 1 1 2 2 2 3 12 11 20 8 3.36768017929769181 30 13 22.5354673862457275 78.5661233686463021 
5 15 1 6 16 2 4 23 12 18 17 13 9 1 7 17 9 4 10 28 6 1 31 1 14 22 2 16 2 2 11 29 8 3 5 11 4 6 4 17 19 6 10 16 7 15 32 1 1 2 2 2 3 12 11 20 8 3.36768017929769181 30 13 24.5310676693916321 57.2881842975083302 
6 3 8 6 1 6 4 5 2.70999124060388841 6 6 6 14 12 13 13 26 7 1 12 10 2 9 12 1 11 5 12 24 4 3 8 9 15 25 4 16 26 5 4 2 6.96245171630185755 16 1 2 4.94126535182462057 32 8 6 2 3 6 11 2 17 1 11 13 9 9.82524131762891173 17.5157336592674255 246.209000639883016 
5 15 1 6 16 2 15 5 9 15 20 8 9 1 7 17 9 4 10 28 6 1 31 1 14 22 2 16 2 2 16 24 13 3 5 11 13 31 2.70999124060388841 17 19 6 10 16 7 15 32 1 1 2 2 3 12 5 11 20 8 3.36768017929769181 30 13 20.8981725573539734 135.018451112136376 
5 5.34074699537910114 7 15 5 12 6 6 8 2 1 4 6 5 10 15 9 9 14 5 3 8 9 3 14 9 10 16 30 13 3 25 11 17 13 8 10 25 7 14 26 4 15 26 9 4 19 6 14 30 1 16 26 9 15 32 6 14 14 6.96245171630185755 17.4857240915298462 277.064575414265846 
5 15 1 6 16 2 4 23 12 18 17 13 9 1 7 17 9 4 10 28 6 1 31 1 14 22 2 16 2 2 11 29 8 3 5 11 12 26 10 17 19 6 10 16 7 15 32 1 1 2 2 2 3 12 11 20 8 3.36768017929769181 30 13 24.7582096457481384 53.9183587830434519 
12 14 8 13 24 3 3 25 5 1 31 12 6 18 9 12 24 1 3 1 2 1 1 2 1 18 1 3 5.34074699537910114 6 14 8 8 3 16 12 8 14 4 16 30 9 8 15 11 4 1 9 12 32 2 6 9 12 13 26 10 13 20 11 17.7360587120056152 239.484382421843719 
5 15 1 6 16 2 4 23 12 18 17 13 9 1 7 17 9 4 10 28 6 1 31 1 14 22 2 16 2 2 11 29 8 3 5 11 12 4 5 17 19 6 10 16 7 15 32 1 1 2 2 2 3 12 11 20 8 3.36768017929769181 30 13 26.9655126929283142 51.362693108884649 
5 15 1 6 16 2 4 23 12 18 17 13 9 1 7 17 9 4 2 16 5 1 31 1 14 22 2 16 2 2 15 3 2.70999124060388841 3 5 11 9.25570237641795579 26 7 17 19 6 10 16 7 15 32 1 1 2 2 2 3 12 11 20 8 3.36768017929769181 30 13 22.7368726134300232 74.9266634380411318 
5 15 1 6 16 2 4 23 12 18 17 13 9 1 7 17 9 4 10 28 6 1 31 1 14 22 2 16 2 2 11 29 8 3 5 11 12 4 5 17 15 10 10 16 7 15 32 1 1 2 2 2 3 12 11 20 8 3.36768017929769181 30 13 26.716988742351532 53.0866694993261987 
16 31 11 10 25 2 2 31 2.70999124060388841 18 19 8 1 1 1 14 1 6.96245171630185755 15 15 4 2 9 4 9 25 1 12 31 8 4.94126535182462057 26 12 3 15 1 2 26 4 17 23.4025356524426229 9 16 17 1 17.8244721320812971 14 2 1 30 1 16 26 7.75241283629571765 8 5 1 4 23 11 20.6421607136726379 171.453388888073704 
5 15 1 6 16 2 4 23 12 18 17 13 9 1 7 17 9 4 10 28 6 1 31 1 14 22 2 16 2 2 11 26 8 3 5 11 12 4 5 17 19 6 10 16 7 15 32 1 1 2 2 2 3 12 11 20 8 3.36768017929769181 30 13 26.0511597990989685 53.51293587758245 
5 15 1 6 16 2 4 23 12 18 17 13 9 1 7 17 9 4 10 28 6 1 31 1 14 22 2 16 2 2 4 26 13 3 5 11 14 24 4 17 19 6 10 16 7 15 32 1 1 2 2 2 3 12 11 20 8 3.36768017929769181 30 13 22.7772867381572723 73.1272882107036821 
3.36768017929769181 26 13 6 16 2 4 23 12 18 17 13 9 1 7 17 9 4 10 28 6 1 31 1 14 22 2 16 2 2 4 6 13 3 5 11 4 11 10 17 19 6 10 16 7 15 32 1 1 2 2 2 3 12 11 20 8 3.36768017929769181 30 13 22.8392618298530579 69.1662492434164591 
3 23 9 2 33 2 3.36768017929769181 15 5 16 14 5 4 1 7 14 32 11 9.25570237641795579 18 8 2 30 3 12 8.22565314501180467 7 14 13 3 8 22 1 1 12 9.82524131762891173 4 24 13.151007650947605 10.3494946964094545 12 6 16 9 11 14 3 1 2 19 10 4 6 2 2 22 4 14 14 1 20.3374778032302856 173.363962791594389 
5 15 1 6 16 2 4 23 12 18 17 13 9 1 7 17 9 4 10 28 6 1 31 1 14 22 2 16 2 2 4 7 13 3 5 11 12 4 5 17 19 6 10 16 7 15 32 1 1 2 2 2 3 12 11 20 8 3.36768017929769181 30 13 25.8384478688240051 53.8551564701254009 
5 15 1 6 16 2 4 23 12 18 17 13 9 1 7 17 9 4 10 28 6 1 31 1 14 22 2 16 2 2 9 24 13 3 5 11 12 6 9 17 19 6 10 16 7 15 32 1 1 2 2 2 3 12 11 20 8 3.36768017929769181 30 13 23.155606746673584 59.8353117388586355 

Current Evaluation = 30000000(30000050)
Front Size = 32
5 15 1 6 16 2 4 23 12 18 17 13 9 1 7 17 9 4 10 28 6 1 31 1 14 22 2 16 2 2 11 29 8 3 5 11 4 1 9 17 19 6 10 16 7 15 32 1 1 2 2 2 3 12 11 20 8 3.36768017929769181 30 13 24.5913786292076111 54.0196800706671993 
5 15 1 6 16 2 4 23 12 12 33 13 9 1 7 17 9 4 14 6 3 1 31 1 14 22 2 16 2 2 15 22 2 3 5 11 9 30 7 17 19 6 10 16 7 15 32 1 1 2 2 2 3 12 11 20 8 3.36768017929769181 30 13 21.6152175068855286 89.3884933423201176 
5 15 1 6 16 2 4 23 12 18 17 13 9 1 7 17 9 4 10 28 6 1 31 1 14 22 2 16 2 2 12 24 8 3 5 11 4 6 10 17 19 6 10 16 7 15 32 1 1 2 2 2 3 12 11 20 8 3.36768017929769181 30 13 23.1067448258399963 59.8527417038191984 
14 25 1 3.36768017929769181 18 6 14 20 4 4 16.1354543567662532 5 13 25 4 14 1 3 15 30 1 10 32 13 16 5 9 5 30 9 13 20 1 5 24 7 16 6 8 13 19 2 17 12 9 8 31 4 9 26 6 15 32 10 4.94126535182462057 16 9.82524131762891173 2 9 13.151007650947605 17.7798378169536591 225.22817035905274 
1 3 7 4 6 1 1 1 2.70999124060388841 16 24 4 4 28 4 14 11 5 2 7 2 14 1 10 3 16.1354543567662532 6 13 18 7 17 31 11 4 9 13 14 5 2 4 15 11 1 32 13 6 20 1 5 26 3.84646942076222631 17 12 4 5 22 9.82524131762891173 12 16 11 19.0568287372589111 178.993131264540267 
5 15 1 6 16 2 4 23 12 15 20 4 9 1 7 17 9 4 10 28 6 1 31 1 14 22 2 16 2 2 6 13 2.70999124060388841 3 5 11 12 26 4 17 19 6 10 16 7 15 32 1 1 2 2 2 3 12 11 20 8 3.36768017929769181 30 13 21.851580798625946 82.4950509514185342 
14 5 5 16 30 2 3.36768017929769181 15 1 17 14 8 1 9 7 12 31 3 11 6 7 9 26 5 16 24 3 13 1 9 14 14 8 12 22 1 17 30 12 4 20 8 13 32 5 6 17 11 2 22 7 14 26 2 4 12 10 13 3 13 17.9126426577568054 180.075016380323291 
5 15 1 6 16 2 4 23 12 12 20 5 9 1 7 17 9 4 10 28 6 1 31 1 14 22 2 16 2 2 4 6 13 3 5 11 2 18 7 17 19 6 10 16 7 15 32 1 1 2 2 2 3 12 11 20 8 3.36768017929769181 30 13 21.9875507354736328 81.0366309739175108 
5 15 1 6 16 2 4 23 12 18 17 13 9 1 7 17 9 4 10 28 6 1 31 1 14 22 2 16 2 2 4 20 11 3 5 11 12 24 7 17 19 6 10 16 7 15 32 1 1 2 2 2 3 12 11 20 8 3.36768017929769181 30 13 23.0371847748756409 64.2240211069599383 
5 15 1 6 16 2 4 23 12 18 17 13 9 1 7 17 9 4 10 28 6 1 31 1 14 22 2 16 2 2 12 12 8 3 5 11 4 1 6 17 19 6 10 16 7 15 32 1 1 2 2 2 3 12 11 20 8 3.36768017929769181 30 13 23.2814466953277588 59.4817850151655989 
5 15 1 6 16 2 4 23 12 12 12 7 9 1 7 17 9 4 15 20 1 1 31 1 14 22 2 16 2 2 3.36768017929769181 24 7 3 5 11 9.25570237641795579 1 11 17 19 6 10 16 7 15 32 1 1 2 2 2 3 12 11 20 8 3.36768017929769181 30 13 20.9415385723114014 97.7101949261166993 
6 3 8 6 1 6 4 5 2.70999124060388841 6 6 6 14 12 13 13 26 7 1 12 10 2 9 12 1 11 5 12 24 4 3 8 9 15 25 4 16 26 5 4 2 6.96245171630185755 16 1 2 4.94126535182462057 32 8 6 2 3 6 11 2 17 1 11 13 9 9.82524131762891173 17.5157336592674255 246.209000639883016 
5 5.34074699537910114 7 15 5 12 6 6 8 2 1 4 6 5 10 15 9 9 14 5 3 8 9 3 14 9 10 16 30 13 3 25 11 17 13 8 10 25 7 14 26 4 15 26 9 4 19 6 14 30 1 16 26 9 15 32 6 14 14 6.96245171630185755 17.4857240915298462 277.064575414265846 
5 15 1 6 16 2 4 23 12 18 17 13 9 1 7 17 9 4 10 28 6 1 31 1 14 22 2 16 2 2 11 29 8 3 5 11 12 26 10 17 19 6 10 16 7 15 32 1 1 2 2 2 3 12 11 20 8 3.36768017929769181 30 13 24.7582096457481384 53.9183587830434519 
12 14 8 13 24 3 3 25 5 1 31 12 6 18 9 12 24 1 3 1 2 1 1 2 1 18 1 3 5.34074699537910114 6 14 8 8 3 16 12 8 14 4 16 30 9 8 15 11 4 1 9 12 32 2 6 9 12 13 26 10 13 20 11 17.7360587120056152 239.484382421843719 
5 15 1 6 16 2 4 23 12 18 17 13 9 1 7 17 9 4 10 28 6 1 31 1 14 22 2 16 2 2 11 29 8 3 5 11 12 4 5 17 15 10 10 16 7 15 32 1 1 2 2 2 3 12 11 20 8 3.36768017929769181 30 13 26.716988742351532 53.0866694993261987 
5 15 1 6 16 2 4 23 12 18 17 13 9 1 7 17 9 4 10 28 6 1 31 1 14 22 2 16 2 2 11 26 8 3 5 11 12 4 5 17 19 6 10 16 7 15 32 1 1 2 2 2 3 12 11 20 8 3.36768017929769181 30 13 26.0511597990989685 53.51293587758245 
5 15 1 6 16 2 4 23 12 18 17 13 9 1 7 17 9 4 10 28 6 1 31 1 14 22 2 16 2 2 4 26 13 3 5 11 14 24 4 17 19 6 10 16 7 15 32 1 1 2 2 2 3 12 11 20 8 3.36768017929769181 30 13 22.7772867381572723 73.1272882107036821 
3.36768017929769181 26 13 6 16 2 4 23 12 18 17 13 9 1 7 17 9 4 10 28 6 1 31 1 14 22 2 16 2 2 4 6 13 3 5 11 4 11 10 17 19 6 10 16 7 15 32 1 1 2 2 2 3 12 11 20 8 3.36768017929769181 30 13 22.8392618298530579 69.1662492434164591 
5 15 1 6 16 2 4 23 12 18 17 13 9 1 7 17 9 4 10 28 6 1 31 1 14 22 2 16 2 2 4 7 13 3 5 11 12 4 5 17 19 6 10 16 7 15 32 1 1 2 2 2 3 12 11 20 8 3.36768017929769181 30 13 25.8384478688240051 53.8551564701254009 
5 15 1 6 16 2 4 23 12 18 17 13 9 1 7 17 9 4 10 28 6 1 31 1 14 22 2 16 2 2 9 24 13 3 5 11 12 6 9 17 19 6 10 16 7 15 32 1 1 2 2 2 3 12 11 20 8 3.36768017929769181 30 13 23.155606746673584 59.8353117388586355 
5 15 1 6 16 2 4 23 12 18 17 13 9 1 7 17 9 4 10 28 6 1 31 1 14 22 2 16 2 2 11 29 8 3 5 11 12 4 5 17 19 6 10 16 7 15 32 1 1 2 2 2 3 12 11 20 8 3.36768017929769181 30 13 26.9655126929283142 51.1557661019208396 
5 15 1 6 16 2 4 23 12 18 17 13 9 1 7 17 9 4 10 28 6 1 31 1 14 22 2 16 2 2 6 32 8 3 5 11 4 26 4 17 19 6 10 16 7 15 32 1 1 2 2 2 3 12 11 20 8 3.36768017929769181 30 13 22.9874247908592224 65.0723581973581844 
5 15 1 6 16 2 4 23 12 18 17 13 9 1 7 17 9 4 10 28 6 1 31 1 14 22 2 16 2 2 11 29 8 3 5 11 4 24 5 17 19 6 10 16 7 15 32 1 1 2 2 2 3 12 12 25 2 3.36768017929769181 30 13 24.0684177279472351 56.2829565672292347 
12 16 4 14 24 7 10 2 2 14 33 2.70999124060388841 18 5 4 6 3 2 13 8 6.96245171630185755 17 6 3 4.94126535182462057 15 11 15 6 9.82524131762891173 12 30 13.151007650947605 16 1 4 4 7 8 1 24 3 13 18.140740276750666 13 6 24 12 8 17 12 13 32 6 15 6 1.44943743604301667 3 26 2 19.4784768223762512 176.502935692290464 
5 15 1 6 16 2 4 23 12 13 26 10 9 1 7 17 9 4 10 28 6 1 31 1 14 22 2 16 2 2 1 20 13 3 5 11 6 31 10 17 19 6 10 16 7 15 32 1 1 2 2 2 3 12 14 26 2.70999124060388841 3.36768017929769181 30 13 20.6582288146018982 107.99226887652479 
5 15 1 6 16 2 4 23 12 12 9 10 9 1 7 17 9 4 4 6 9 1 31 1 14 22 2 16 2 2 8 6 3 3 5 11 14 20 2.70999124060388841 17 19 6 13 15 5 15 32 1 1 2 2 2 3 12 11 20 8 3.36768017929769181 30 13 19.7179176211357117 127.887061657566733 
5 15 1 6 16 2 4 23 12 12 6 8 9 1 7 17 9 4 3.36768017929769181 19 9 1 31 1 14 22 2 16 2 2 11 29 8 3 5 11 4 6 10 17 19 6 10 16 7 15 32 1 1 2 2 2 3 12 11 20 8 3.36768017929769181 30 13 22.4726434946060181 73.8262047775934889 
5 15 1 6 16 2 4 23 12 18 17 13 9 1 7 17 9 4 6 18 9 1 31 1 14 22 2 16 2 2 4 6 11 3 5 11 3.36768017929769181 14 3 17 19 6 10 16 7 15 32 1 1 2 2 2 3 12 11 20 8 3.36768017929769181 30 13 22.1961987018585205 76.233473728034852 
5 15 1 6 16 2 4 23 12 18 17 13 9 1 7 17 9 4 10 28 6 1 31 1 14 22 2 16 2 2 11 29 8 3 5 11 4 26 9 17 19 6 10 16 7 15 32 1 1 2 2 2 3 12 11 20 8 3.36768017929769181 30 13 24.588762640953064 55.4876253487595648 
5 15 1 6 16 2 4 23 12 18 17 13 9 1 7 17 9 4 10 28 6 1 31 1 14 22 2 16 2 2 11 29 8 3 5 11 4 24 9 17 19 6 10 16 7 15 32 1 1 2 2 2 3 12 11 20 8 3.36768017929769181 30 13 24.5448786616325378 55.9839537863092858 
5 15 1 6 16 2 4 23 12 14 6 2.70999124060388841 9 1 7 17 9 4 10 28 6 1 31 1 14 22 2 16 2 2 6 24 4 3 5 11 9.25570237641795579 18 9 17 19 6 10 16 7 15 32 1 1 2 2 2 3 12 11 20 8 3.36768017929769181 30 13 21.4933786690235138 91.8180741804998064 

Current Evaluation = 40000000(40000130)
Front Size = 37
5 15 1 6 16 2 4 23 12 18 17 13 9 1 7 17 9 4 10 28 6 1 31 1 14 22 2 16 2 2 11 29 8 3 5 11 4 1 9 17 19 6 10 16 7 15 32 1 1 2 2 2 3 12 11 20 8 3.36768017929769181 30 13 24.5913786292076111 54.0196800706671993 
5 15 1 6 16 2 4 23 12 12 33 13 9 1 7 17 9 4 14 6 3 1 31 1 14 22 2 16 2 2 15 22 2 3 5 11 9 30 7 17 19 6 10 16 7 15 32 1 1 2 2 2 3 12 11 20 8 3.36768017929769181 30 13 21.6152175068855286 89.3884933423201176 
5 15 1 6 16 2 4 23 12 18 17 13 9 1 7 17 9 4 10 28 6 1 31 1 14 22 2 16 2 2 12 24 8 3 5 11 4 6 10 17 19 6 10 16 7 15 32 1 1 2 2 2 3 12 11 20 8 3.36768017929769181 30 13 23.1067448258399963 59.8527417038191984 
14 25 1 3.36768017929769181 18 6 14 20 4 4 16.1354543567662532 5 13 25 4 14 1 3 15 30 1 10 32 13 16 5 9 5 30 9 13 20 1 5 24 7 16 6 8 13 19 2 17 12 9 8 31 4 9 26 6 15 32 10 4.94126535182462057 16 9.82524131762891173 2 9 13.151007650947605 17.7798378169536591 225.22817035905274 
1 3 7 4 6 1 1 1 2.70999124060388841 16 24 4 4 28 4 14 11 5 2 7 2 14 1 10 3 16.1354543567662532 6 13 18 7 17 31 11 4 9 13 14 5 2 4 15 11 1 32 13 6 20 1 5 26 3.84646942076222631 17 12 4 5 22 9.82524131762891173 12 16 11 19.0568287372589111 178.993131264540267 
5 15 1 6 16 2 4 23 12 15 20 4 9 1 7 17 9 4 10 28 6 1 31 1 14 22 2 16 2 2 6 13 2.70999124060388841 3 5 11 12 26 4 17 19 6 10 16 7 15 32 1 1 2 2 2 3 12 11 20 8 3.36768017929769181 30 13 21.851580798625946 82.4950509514185342 
14 5 5 16 30 2 3.36768017929769181 15 1 17 14 8 1 9 7 12 31 3 11 6 7 9 26 5 16 24 3 13 1 9 14 14 8 12 22 1 17 30 12 4 20 8 13 32 5 6 17 11 2 22 7 14 26 2 4 12 10 13 3 13 17.9126426577568054 180.075016380323291 
5 15 1 6 16 2 4 23 12 12 20 5 9 1 7 17 9 4 10 28 6 1 31 1 14 22 2 16 2 2 4 6 13 3 5 11 2 18 7 17 19 6 10 16 7 15 32 1 1 2 2 2 3 12 11 20 8 3.36768017929769181 30 13 21.9875507354736328 81.0366309739175108 
5 15 1 6 16 2 4 23 12 18 17 13 9 1 7 17 9 4 10 28 6 1 31 1 14 22 2 16 2 2 4 20 11 3 5 11 12 24 7 17 19 6 10 16 7 15 32 1 1 2 2 2 3 12 11 20 8 3.36768017929769181 30 13 23.0371847748756409 64.2240211069599383 
5 15 1 6 16 2 4 23 12 18 17 13 9 1 7 17 9 4 10 28 6 1 31 1 14 22 2 16 2 2 12 12 8 3 5 11 4 1 6 17 19 6 10 16 7 15 32 1 1 2 2 2 3 12 11 20 8 3.36768017929769181 30 13 23.2814466953277588 59.4817850151655989 
5 15 1 6 16 2 4 23 12 12 12 7 9 1 7 17 9 4 15 20 1 1 31 1 14 22 2 16 2 2 3.36768017929769181 24 7 3 5 11 9.25570237641795579 1 11 17 19 6 10 16 7 15 32 1 1 2 2 2 3 12 11 20 8 3.36768017929769181 30 13 20.9415385723114014 97.7101949261166993 
6 3 8 6 1 6 4 5 2.70999124060388841 6 6 6 14 12 13 13 26 7 1 12 10 2 9 12 1 11 5 12 24 4 3 8 9 15 25 4 16 26 5 4 2 6.96245171630185755 16 1 2 4.94126535182462057 32 8 6 2 3 6 11 2 17 1 11 13 9 9.82524131762891173 17.5157336592674255 246.209000639883016 
5 5.34074699537910114 7 15 5 12 6 6 8 2 1 4 6 5 10 15 9 9 14 5 3 8 9 3 14 9 10 16 30 13 3 25 11 17 13 8 10 25 7 14 26 4 15 26 9 4 19 6 14 30 1 16 26 9 15 32 6 14 14 6.96245171630185755 17.4857240915298462 277.064575414265846 
5 15 1 6 16 2 4 23 12 18 17 13 9 1 7 17 9 4 10 28 6 1 31 1 14 22 2 16 2 2 11 29 8 3 5 11 12 26 10 17 19 6 10 16 7 15 32 1 1 2 2 2 3 12 11 20 8 3.36768017929769181 30 13 24.7582096457481384 53.9183587830434519 
12 14 8 13 24 3 3 25 5 1 31 12 6 18 9 12 24 1 3 1 2 1 1 2 1 18 1 3 5.34074699537910114 6 14 8 8 3 16 12 8 14 4 16 30 9 8 15 11 4 1 9 12 32 2 6 9 12 13 26 10 13 20 11 17.7360587120056152 239.484382421843719 
5 15 1 6 16 2 4 23 12 18 17 13 9 1 7 17 9 4 10 28 6 1 31 1 14 22 2 16 2 2 11 26 8 3 5 11 12 4 5 17 19 6 10 16 7 15 32 1 1 2 2 2 3 12 11 20 8 3.36768017929769181 30 13 26.0511597990989685 53.51293587758245 
5 15 1 6 16 2 4 23 12 18 17 13 9 1 7 17 9 4 10 28 6 1 31 1 14 22 2 16 2 2 4 26 13 3 5 11 14 24 4 17 19 6 10 16 7 15 32 1 1 2 2 2 3 12 11 20 8 3.36768017929769181 30 13 22.7772867381572723 73.1272882107036821 
3.36768017929769181 26 13 6 16 2 4 23 12 18 17 13 9 1 7 17 9 4 10 28 6 1 31 1 14 22 2 16 2 2 4 6 13 3 5 11 4 11 10 17 19 6 10 16 7 15 32 1 1 2 2 2 3 12 11 20 8 3.36768017929769181 30 13 22.8392618298530579 69.1662492434164591 
5 15 1 6 16 2 4 23 12 18 17 13 9 1 7 17 9 4 10 28 6 1 31 1 14 22 2 16 2 2 4 7 13 3 5 11 12 4 5 17 19 6 10 16 7 15 32 1 1 2 2 2 3 12 11 20 8 3.36768017929769181 30 13 25.8384478688240051 53.8551564701254009 
5 15 1 6 16 2 4 23 12 18 17 13 9 1 7 17 9 4 10 28 6 1 31 1 14 22 2 16 2 2 9 24 13 3 5 11 12 6 9 17 19 6 10 16 7 15 32 1 1 2 2 2 3 12 11 20 8 3.36768017929769181 30 13 23.155606746673584 59.8353117388586355 
5 15 1 6 16 2 4 23 12 18 17 13 9 1 7 17 9 4 10 28 6 1 31 1 14 22 2 16 2 2 6 32 8 3 5 11 4 26 4 17 19 6 10 16 7 15 32 1 1 2 2 2 3 12 11 20 8 3.36768017929769181 30 13 22.9874247908592224 65.0723581973581844 
5 15 1 6 16 2 4 23 12 18 17 13 9 1 7 17 9 4 10 28 6 1 31 1 14 22 2 16 2 2 11 29 8 3 5 11 4 24 5 17 19 6 10 16 7 15 32 1 1 2 2 2 3 12 12 25 2 3.36768017929769181 30 13 24.0684177279472351 56.2829565672292347 
12 16 4 14 24 7 10 2 2 14 33 2.70999124060388841 18 5 4 6 3 2 13 8 6.96245171630185755 17 6 3 4.94126535182462057 15 11 15 6 9.82524131762891173 12 30 13.151007650947605 16 1 4 4 7 8 1 24 3 13 18.140740276750666 13 6 24 12 8 17 12 13 32 6 15 6 1.44943743604301667 3 26 2 19.4784768223762512 176.502935692290464 
5 15 1 6 16 2 4 23 12 13 26 10 9 1 7 17 9 4 10 28 6 1 31 1 14 22 2 16 2 2 1 20 13 3 5 11 6 31 10 17 19 6 10 16 7 15 32 1 1 2 2 2 3 12 14 26 2.70999124060388841 3.36768017929769181 30 13 20.6582288146018982 107.99226887652479 
5 15 1 6 16 2 4 23 12 12 9 10 9 1 7 17 9 4 4 6 9 1 31 1 14 22 2 16 2 2 8 6 3 3 5 11 14 20 2.70999124060388841 17 19 6 13 15 5 15 32 1 1 2 2 2 3 12 11 20 8 3.36768017929769181 30 13 19.7179176211357117 127.887061657566733 
5 15 1 6 16 2 4 23 12 12 6 8 9 1 7 17 9 4 3.36768017929769181 19 9 1 31 1 14 22 2 16 2 2 11 29 8 3 5 11 4 6 10 17 19 6 10 16 7 15 32 1 1 2 2 2 3 12 11 20 8 3.36768017929769181 30 13 22.4726434946060181 73.8262047775934889 
5 15 1 6 16 2 4 23 12 18 17 13 9 1 7 17 9 4 6 18 9 1 31 1 14 22 2 16 2 2 4 6 11 3 5 11 3.36768017929769181 14 3 17 19 6 10 16 7 15 32 1 1 2 2 2 3 12 11 20 8 3.36768017929769181 30 13 22.1961987018585205 76.233473728034852 
5 15 1 6 16 2 4 23 12 18 17 13 9 1 7 17 9 4 10 28 6 1 31 1 14 22 2 16 2 2 11 29 8 3 5 11 4 24 9 17 19 6 10 16 7 15 32 1 1 2 2 2 3 12 11 20 8 3.36768017929769181 30 13 24.5448786616325378 55.9839537863092858 
5 15 1 6 16 2 4 23 12 14 6 2.70999124060388841 9 1 7 17 9 4 10 28 6 1 31 1 14 22 2 16 2 2 6 24 4 3 5 11 9.25570237641795579 18 9 17 19 6 10 16 7 15 32 1 1 2 2 2 3 12 11 20 8 3.36768017929769181 30 13 21.4933786690235138 91.8180741804998064 
5 15 1 6 16 2 4 23 12 18 17 13 9 1 7 17 9 4 10 28 6 1 31 1 14 22 2 16 2 2 13 32 12 3 5 11 4 25 9 17 19 6 10 16 7 15 32 1 1 2 2 2 3 12 11 20 8 3.36768017929769181 30 13 22.9361206889152527 67.2004695596800872 
5 15 1 6 16 2 4 23 12 18 17 13 9 1 7 17 9 4 10 28 6 1 31 1 14 22 2 16 2 2 11 29 8 3 5 11 12 4 5 17 19 6 10 16 7 15 32 1 1 2 2 2 3 12 9 25 8 3.36768017929769181 30 13 26.6188766360282898 52.9577375267417807 
5 15 1 6 16 2 4 23 12 18 17 13 9 1 7 17 9 4 10 28 6 1 31 1 14 22 2 16 2 2 14 15 2.70999124060388841 3 5 11 4 24 4 17 19 6 10 16 7 15 32 1 1 2 2 2 3 12 11 20 8 3.36768017929769181 30 13 22.7803218364715576 71.1968649470985895 
5 15 1 6 16 2 4 23 12 3.36768017929769181 25 13 9 1 7 17 9 4 10 28 6 1 31 1 14 22 2 16 2 2 4 29 2 3 5 11 12 20 7 17 19 6 10 16 7 15 32 1 1 2 2 2 3 12 11 20 8 3.36768017929769181 30 13 22.80744868516922 70.6326014414910333 
5 15 1 6 16 2 4 23 12 18 17 13 9 1 7 17 9 4 10 28 6 1 31 1 14 22 2 16 2 2 11 29 8 3 5 11 12 6 9 17 19 6 10 16 7 15 32 1 1 2 2 2 3 12 11 20 8 3.36768017929769181 30 13 24.5704666376113892 54.9904246670453389 
5 15 1 6 16 2 4 23 12 3 13 6 9 1 7 17 9 4 10 28 6 1 31 1 14 22 2 16 2 2 13 15 11 3 5 11 12 25 10 17 19 6 10 16 7 15 32 1 1 2 2 2 3 12 11 20 8 3.36768017929769181 30 13 22.3035647869110107 75.8979696872836058 
5 15 1 6 16 2 4 23 12 18 17 13 9 1 7 17 9 4 14 24 10 1 31 1 14 22 2 16 2 2 1 6 10 3 5 11 4 1 13 17 19 6 10 16 7 15 32 1 1 2 2 2 3 12 11 20 8 3.36768017929769181 30 13 21.591650664806366 90.8075353840059734 
5 15 1 6 16 2 4 23 12 18 17 13 9 1 7 17 9 4 10 28 6 1 31 1 14 22 2 16 2 2 11 29 8 3 5 11 12 4 5 17 19 6 10 16 7 15 32 1 1 2 2 2 3 12 11 20 8 3.36768017929769181 30 13 26.9655126929283142 50.7488584874037016 

Current Evaluation = 50000000(50000020)
Front Size = 37
5 15 1 6 16 2 4 23 12 18 17 13 9 1 7 17 9 4 10 28 6 1 31 1 14 22 2 16 2 2 11 29 8 3 5 11 4 1 9 17 19 6 10 16 7 15 32 1 1 2 2 2 3 12 11 20 8 3.36768017929769181 30 13 24.5913786292076111 54.0196800706671993 
5 15 1 6 16 2 4 23 12 12 33 13 9 1 7 17 9 4 14 6 3 1 31 1 14 22 2 16 2 2 15 22 2 3 5 11 9 30 7 17 19 6 10 16 7 15 32 1 1 2 2 2 3 12 11 20 8 3.36768017929769181 30 13 21.6152175068855286 89.3884933423201176 
5 15 1 6 16 2 4 23 12 18 17 13 9 1 7 17 9 4 10 28 6 1 31 1 14 22 2 16 2 2 12 24 8 3 5 11 4 6 10 17 19 6 10 16 7 15 32 1 1 2 2 2 3 12 11 20 8 3.36768017929769181 30 13 23.1067448258399963 59.8527417038191984 
14 25 1 3.36768017929769181 18 6 14 20 4 4 16.1354543567662532 5 13 25 4 14 1 3 15 30 1 10 32 13 16 5 9 5 30 9 13 20 1 5 24 7 16 6 8 13 19 2 17 12 9 8 31 4 9 26 6 15 32 10 4.94126535182462057 16 9.82524131762891173 2 9 13.151007650947605 17.7798378169536591 225.22817035905274 
1 3 7 4 6 1 1 1 2.70999124060388841 16 24 4 4 28 4 14 11 5 2 7 2 14 1 10 3 16.1354543567662532 6 13 18 7 17 31 11 4 9 13 14 5 2 4 15 11 1 32 13 6 20 1 5 26 3.84646942076222631 17 12 4 5 22 9.82524131762891173 12 16 11 19.0568287372589111 178.993131264540267 
14 5 5 16 30 2 3.36768017929769181 15 1 17 14 8 1 9 7 12 31 3 11 6 7 9 26 5 16 24 3 13 1 9 14 14 8 12 22 1 17 30 12 4 20 8 13 32 5 6 17 11 2 22 7 14 26 2 4 12 10 13 3 13 17.9126426577568054 180.075016380323291 
5 15 1 6 16 2 4 23 12 18 17 13 9 1 7 17 9 4 10 28 6 1 31 1 14 22 2 16 2 2 4 20 11 3 5 11 12 24 7 17 19 6 10 16 7 15 32 1 1 2 2 2 3 12 11 20 8 3.36768017929769181 30 13 23.0371847748756409 64.2240211069599383 
5 15 1 6 16 2 4 23 12 18 17 13 9 1 7 17 9 4 10 28 6 1 31 1 14 22 2 16 2 2 12 12 8 3 5 11 4 1 6 17 19 6 10 16 7 15 32 1 1 2 2 2 3 12 11 20 8 3.36768017929769181 30 13 23.2814466953277588 59.4817850151655989 
5 15 1 6 16 2 4 23 12 12 12 7 9 1 7 17 9 4 15 20 1 1 31 1 14 22 2 16 2 2 3.36768017929769181 24 7 3 5 11 9.25570237641795579 1 11 17 19 6 10 16 7 15 32 1 1 2 2 2 3 12 11 20 8 3.36768017929769181 30 13 20.9415385723114014 97.7101949261166993 
6 3 8 6 1 6 4 5 2.70999124060388841 6 6 6 14 12 13 13 26 7 1 12 10 2 9 12 1 11 5 12 24 4 3 8 9 15 25 4 16 26 5 4 2 6.96245171630185755 16 1 2 4.94126535182462057 32 8 6 2 3 6 11 2 17 1 11 13 9 9.82524131762891173 17.5157336592674255 246.209000639883016 
5 5.34074699537910114 7 15 5 12 6 6 8 2 1 4 6 5 10 15 9 9 14 5 3 8 9 3 14 9 10 16 30 13 3 25 11 17 13 8 10 25 7 14 26 4 15 26 9 4 19 6 14 30 1 16 26 9 15 32 6 14 14 6.96245171630185755 17.4857240915298462 277.064575414265846 
5 15 1 6 16 2 4 23 12 18 17 13 9 1 7 17 9 4 10 28 6 1 31 1 14 22 2 16 2 2 11 29 8 3 5 11 12 26 10 17 19 6 10 16 7 15 32 1 1 2 2 2 3 12 11 20 8 3.36768017929769181 30 13 24.7582096457481384 53.9183587830434519 
12 14 8 13 24 3 3 25 5 1 31 12 6 18 9 12 24 1 3 1 2 1 1 2 1 18 1 3 5.34074699537910114 6 14 8 8 3 16 12 8 14 4 16 30 9 8 15 11 4 1 9 12 32 2 6 9 12 13 26 10 13 20 11 17.7360587120056152 239.484382421843719 
5 15 1 6 16 2 4 23 12 18 17 13 9 1 7 17 9 4 10 28 6 1 31 1 14 22 2 16 2 2 11 26 8 3 5 11 12 4 5 17 19 6 10 16 7 15 32 1 1 2 2 2 3 12 11 20 8 3.36768017929769181 30 13 26.0511597990989685 53.51293587758245 
3.36768017929769181 26 13 6 16 2 4 23 12 18 17 13 9 1 7 17 9 4 10 28 6 1 31 1 14 22 2 16 2 2 4 6 13 3 5 11 4 11 10 17 19 6 10 16 7 15 32 1 1 2 2 2 3 12 11 20 8 3.36768017929769181 30 13 22.8392618298530579 69.1662492434164591 
5 15 1 6 16 2 4 23 12 18 17 13 9 1 7 17 9 4 10 28 6 1 31 1 14 22 2 16 2 2 9 24 13 3 5 11 12 6 9 17 19 6 10 16 7 15 32 1 1 2 2 2 3 12 11 20 8 3.36768017929769181 30 13 23.155606746673584 59.8353117388586355 
5 15 1 6 16 2 4 23 12 18 17 13 9 1 7 17 9 4 10 28 6 1 31 1 14 22 2 16 2 2 6 32 8 3 5 11 4 26 4 17 19 6 10 16 7 15 32 1 1 2 2 2 3 12 11 20 8 3.36768017929769181 30 13 22.9874247908592224 65.0723581973581844 
5 15 1 6 16 2 4 23 12 18 17 13 9 1 7 17 9 4 10 28 6 1 31 1 14 22 2 16 2 2 11 29 8 3 5 11 4 24 5 17 19 6 10 16 7 15 32 1 1 2 2 2 3 12 12 25 2 3.36768017929769181 30 13 24.0684177279472351 56.2829565672292347 
12 16 4 14 24 7 10 2 2 14 33 2.70999124060388841 18 5 4 6 3 2 13 8 6.96245171630185755 17 6 3 4.94126535182462057 15 11 15 6 9.82524131762891173 12 30 13.151007650947605 16 1 4 4 7 8 1 24 3 13 18.140740276750666 13 6 24 12 8 17 12 13 32 6 15 6 1.44943743604301667 3 26 2 19.4784768223762512 176.502935692290464 
5 15 1 6 16 2 4 23 12 13 26 10 9 1 7 17 9 4 10 28 6 1 31 1 14 22 2 16 2 2 1 20 13 3 5 11 6 31 10 17 19 6 10 16 7 15 32 1 1 2 2 2 3 12 14 26 2.70999124060388841 3.36768017929769181 30 13 20.6582288146018982 107.99226887652479 
5 15 1 6 16 2 4 23 12 12 9 10 9 1 7 17 9 4 4 6 9 1 31 1 14 22 2 16 2 2 8 6 3 3 5 11 14 20 2.70999124060388841 17 19 6 13 15 5 15 32 1 1 2 2 2 3 12 11 20 8 3.36768017929769181 30 13 19.7179176211357117 127.887061657566733 
5 15 1 6 16 2 4 23 12 12 6 8 9 1 7 17 9 4 3.36768017929769181 19 9 1 31 1 14 22 2 16 2 2 11 29 8 3 5 11 4 6 10 17 19 6 10 16 7 15 32 1 1 2 2 2 3 12 11 20 8 3.36768017929769181 30 13 22.4726434946060181 73.8262047775934889 
5 15 1 6 16 2 4 23 12 18 17 13 9 1 7 17 9 4 6 18 9 1 31 1 14 22 2 16 2 2 4 6 11 3 5 11 3.36768017929769181 14 3 17 19 6 10 16 7 15 32 1 1 2 2 2 3 12 11 20 8 3.36768017929769181 30 13 22.1961987018585205 76.233473728034852 
5 15 1 6 16 2 4 23 12 18 17 13 9 1 7 17 9 4 10 28 6 1 31 1 14 22 2 16 2 2 11 29 8 3 5 11 4 24 9 17 19 6 10 16 7 15 32 1 1 2 2 2 3 12 11 20 8 3.36768017929769181 30 13 24.5448786616325378 55.9839537863092858 
5 15 1 6 16 2 4 23 12 14 6 2.70999124060388841 9 1 7 17 9 4 10 28 6 1 31 1 14 22 2 16 2 2 6 24 4 3 5 11 9.25570237641795579 18 9 17 19 6 10 16 7 15 32 1 1 2 2 2 3 12 11 20 8 3.36768017929769181 30 13 21.4933786690235138 91.8180741804998064 
5 15 1 6 16 2 4 23 12 18 17 13 9 1 7 17 9 4 10 28 6 1 31 1 14 22 2 16 2 2 13 32 12 3 5 11 4 25 9 17 19 6 10 16 7 15 32 1 1 2 2 2 3 12 11 20 8 3.36768017929769181 30 13 22.9361206889152527 67.2004695596800872 
5 15 1 6 16 2 4 23 12 18 17 13 9 1 7 17 9 4 10 28 6 1 31 1 14 22 2 16 2 2 11 29 8 3 5 11 12 4 5 17 19 6 10 16 7 15 32 1 1 2 2 2 3 12 9 25 8 3.36768017929769181 30 13 26.6188766360282898 52.9577375267417807 
5 15 1 6 16 2 4 23 12 18 17 13 9 1 7 17 9 4 10 28 6 1 31 1 14 22 2 16 2 2 11 29 8 3 5 11 12 6 9 17 19 6 10 16 7 15 32 1 1 2 2 2 3 12 11 20 8 3.36768017929769181 30 13 24.5704666376113892 54.9904246670453389 
5 15 1 6 16 2 4 23 12 18 17 13 9 1 7 17 9 4 14 24 10 1 31 1 14 22 2 16 2 2 1 6 10 3 5 11 4 1 13 17 19 6 10 16 7 15 32 1 1 2 2 2 3 12 11 20 8 3.36768017929769181 30 13 21.591650664806366 90.8075353840059734 
5 15 1 6 16 2 4 23 12 18 17 13 9 1 7 17 9 4 10 28 6 1 31 1 14 22 2 16 2 2 11 29 8 3 5 11 12 4 5 17 19 6 10 16 7 15 32 1 1 2 2 2 3 12 11 20 8 3.36768017929769181 30 13 26.9655126929283142 50.7488584874037016 
5 15 1 6 16 2 4 23 12 18 17 13 9 1 7 17 9 4 10 28 6 1 31 1 14 22 2 16 2 2 11 29 8 3 5 11 12 4 5 17 19 6 10 16 7 15 32 1 1 2 2 2 3 12 4 11 11 3.36768017929769181 30 13 26.7197007536888123 52.261703589706471 
5 15 1 6 16 2 4 23 12 11 20 3 9 1 7 17 9 4 10 28 6 1 31 1 14 22 2 16 2 2 6 22 2 3 5 11 4 6 9 17 19 6 10 16 7 15 32 1 1 2 2 2 3 12 4 26 10 3.36768017929769181 30 13 21.8121317625045776 80.9867902456280717 
13 1 3 6 19 13 16 30 5 17 30 7 4 30 12 3 24 11 3 8 2 8 30 12 14 18 10 6 20 12 14 30 10 1 20 7 15 12 7 2 5 4 3.36768017929769181 18 6.96245171630185755 15 13 5 1 1 5 4 8.22565314501180467 12 1 33 4 2 30 2 17.3001949489116669 280.383680872937475 
5 15 1 6 16 2 4 26 3 18 17 13 9 1 7 17 9 4 10 28 6 1 31 1 14 22 2 16 2 2 6 25 2.70999124060388841 3 5 11 12 26 4 17 19 6 10 16 7 15 32 1 1 2 2 2 3 12 11 20 8 3.36768017929769181 30 13 22.5199608206748962 70.1790286641820558 
5 15 1 6 16 2 4 23 12 18 17 13 9 1 7 17 9 4 12 19 3 1 31 1 14 22 2 16 2 2 14 14 13 3 5 11 4 24 4 17 19 6 10 16 7 15 32 1 1 2 2 2 3 12 11 20 8 3.36768017929769181 30 13 22.212049663066864 75.7979697473173388 
5 15 1 6 16 2 4 23 12 18 17 13 9 1 7 17 9 4 2 32 10 1 31 1 14 22 2 16 2 2 14 32 2.70999124060388841 3 5 11 9 20 3 17 19 6 10 16 7 15 32 1 1 2 2 2 3 12 11 20 8 3.36768017929769181 30 13 21.9961896538734436 80.4975996547115216 
5 15 1 6 16 2 4 23 12 18 17 13 9 1 7 17 9 4 10 28 6 1 31 1 14 22 2 16 2 2 4 26 13 3 5 11 12 4 5 17 19 6 10 16 7 15 32 1 1 2 2 2 3 12 11 20 8 3.36768017929769181 30 13 25.4024507999420166 53.6478756310236022 

Current Evaluation = 60000000(60000100)
Front Size = 40
5 15 1 6 16 2 4 23 12 18 17 13 9 1 7 17 9 4 10 28 6 1 31 1 14 22 2 16 2 2 11 29 8 3 5 11 4 1 9 17 19 6 10 16 7 15 32 1 1 2 2 2 3 12 11 20 8 3.36768017929769181 30 13 24.5913786292076111 54.0196800706671993 
5 15 1 6 16 2 4 23 12 12 33 13 9 1 7 17 9 4 14 6 3 1 31 1 14 22 2 16 2 2 15 22 2 3 5 11 9 30 7 17 19 6 10 16 7 15 32 1 1 2 2 2 3 12 11 20 8 3.36768017929769181 30 13 21.6152175068855286 89.3884933423201176 
5 15 1 6 16 2 4 23 12 18 17 13 9 1 7 17 9 4 10 28 6 1 31 1 14 22 2 16 2 2 12 24 8 3 5 11 4 6 10 17 19 6 10 16 7 15 32 1 1 2 2 2 3 12 11 20 8 3.36768017929769181 30 13 23.1067448258399963 59.8527417038191984 
14 25 1 3.36768017929769181 18 6 14 20 4 4 16.1354543567662532 5 13 25 4 14 1 3 15 30 1 10 32 13 16 5 9 5 30 9 13 20 1 5 24 7 16 6 8 13 19 2 17 12 9 8 31 4 9 26 6 15 32 10 4.94126535182462057 16 9.82524131762891173 2 9 13.151007650947605 17.7798378169536591 225.22817035905274 
1 3 7 4 6 1 1 1 2.70999124060388841 16 24 4 4 28 4 14 11 5 2 7 2 14 1 10 3 16.1354543567662532 6 13 18 7 17 31 11 4 9 13 14 5 2 4 15 11 1 32 13 6 20 1 5 26 3.84646942076222631 17 12 4 5 22 9.82524131762891173 12 16 11 19.0568287372589111 178.993131264540267 
14 5 5 16 30 2 3.36768017929769181 15 1 17 14 8 1 9 7 12 31 3 11 6 7 9 26 5 16 24 3 13 1 9 14 14 8 12 22 1 17 30 12 4 20 8 13 32 5 6 17 11 2 22 7 14 26 2 4 12 10 13 3 13 17.9126426577568054 180.075016380323291 
5 15 1 6 16 2 4 23 12 18 17 13 9 1 7 17 9 4 10 28 6 1 31 1 14 22 2 16 2 2 4 20 11 3 5 11 12 24 7 17 19 6 10 16 7 15 32 1 1 2 2 2 3 12 11 20 8 3.36768017929769181 30 13 23.0371847748756409 64.2240211069599383 
5 15 1 6 16 2 4 23 12 18 17 13 9 1 7 17 9 4 10 28 6 1 31 1 14 22 2 16 2 2 12 12 8 3 5 11 4 1 6 17 19 6 10 16 7 15 32 1 1 2 2 2 3 12 11 20 8 3.36768017929769181 30 13 23.2814466953277588 59.4817850151655989 
5 15 1 6 16 2 4 23 12 12 12 7 9 1 7 17 9 4 15 20 1 1 31 1 14 22 2 16 2 2 3.36768017929769181 24 7 3 5 11 9.25570237641795579 1 11 17 19 6 10 16 7 15 32 1 1 2 2 2 3 12 11 20 8 3.36768017929769181 30 13 20.9415385723114014 97.7101949261166993 
6 3 8 6 1 6 4 5 2.70999124060388841 6 6 6 14 12 13 13 26 7 1 12 10 2 9 12 1 11 5 12 24 4 3 8 9 15 25 4 16 26 5 4 2 6.96245171630185755 16 1 2 4.94126535182462057 32 8 6 2 3 6 11 2 17 1 11 13 9 9.82524131762891173 17.5157336592674255 246.209000639883016 
5 15 1 6 16 2 4 23 12 18 17 13 9 1 7 17 9 4 10 28 6 1 31 1 14 22 2 16 2 2 11 29 8 3 5 11 12 26 10 17 19 6 10 16 7 15 32 1 1 2 2 2 3 12 11 20 8 3.36768017929769181 30 13 24.7582096457481384 53.9183587830434519 
12 14 8 13 24 3 3 25 5 1 31 12 6 18 9 12 24 1 3 1 2 1 1 2 1 18 1 3 5.34074699537910114 6 14 8 8 3 16 12 8 14 4 16 30 9 8 15 11 4 1 9 12 32 2 6 9 12 13 26 10 13 20 11 17.7360587120056152 239.484382421843719 
5 15 1 6 16 2 4 23 12 18 17 13 9 1 7 17 9 4 10 28 6 1 31 1 14 22 2 16 2 2 11 26 8 3 5 11 12 4 5 17 19 6 10 16 7 15 32 1 1 2 2 2 3 12 11 20 8 3.36768017929769181 30 13 26.0511597990989685 53.51293587758245 
3.36768017929769181 26 13 6 16 2 4 23 12 18 17 13 9 1 7 17 9 4 10 28 6 1 31 1 14 22 2 16 2 2 4 6 13 3 5 11 4 11 10 17 19 6 10 16 7 15 32 1 1 2 2 2 3 12 11 20 8 3.36768017929769181 30 13 22.8392618298530579 69.1662492434164591 
5 15 1 6 16 2 4 23 12 18 17 13 9 1 7 17 9 4 10 28 6 1 31 1 14 22 2 16 2 2 9 24 13 3 5 11 12 6 9 17 19 6 10 16 7 15 32 1 1 2 2 2 3 12 11 20 8 3.36768017929769181 30 13 23.155606746673584 59.8353117388586355 
5 15 1 6 16 2 4 23 12 18 17 13 9 1 7 17 9 4 10 28 6 1 31 1 14 22 2 16 2 2 6 32 8 3 5 11 4 26 4 17 19 6 10 16 7 15 32 1 1 2 2 2 3 12 11 20 8 3.36768017929769181 30 13 22.9874247908592224 65.0723581973581844 
5 15 1 6 16 2 4 23 12 18 17 13 9 1 7 17 9 4 10 28 6 1 31 1 14 22 2 16 2 2 11 29 8 3 5 11 4 24 5 17 19 6 10 16 7 15 32 1 1 2 2 2 3 12 12 25 2 3.36768017929769181 30 13 24.0684177279472351 56.2829565672292347 
12 16 4 14 24 7 10 2 2 14 33 2.70999124060388841 18 5 4 6 3 2 13 8 6.96245171630185755 17 6 3 4.94126535182462057 15 11 15 6 9.82524131762891173 12 30 13.151007650947605 16 1 4 4 7 8 1 24 3 13 18.140740276750666 13 6 24 12 8 17 12 13 32 6 15 6 1.44943743604301667 3 26 2 19.4784768223762512 176.502935692290464 
5 15 1 6 16 2 4 23 12 13 26 10 9 1 7 17 9 4 10 28 6 1 31 1 14 22 2 16 2 2 1 20 13 3 5 11 6 31 10 17 19 6 10 16 7 15 32 1 1 2 2 2 3 12 14 26 2.70999124060388841 3.36768017929769181 30 13 20.6582288146018982 107.99226887652479 
5 15 1 6 16 2 4 23 12 12 9 10 9 1 7 17 9 4 4 6 9 1 31 1 14 22 2 16 2 2 8 6 3 3 5 11 14 20 2.70999124060388841 17 19 6 13 15 5 15 32 1 1 2 2 2 3 12 11 20 8 3.36768017929769181 30 13 19.7179176211357117 127.887061657566733 
5 15 1 6 16 2 4 23 12 18 17 13 9 1 7 17 9 4 6 18 9 1 31 1 14 22 2 16 2 2 4 6 11 3 5 11 3.36768017929769181 14 3 17 19 6 10 16 7 15 32 1 1 2 2 2 3 12 11 20 8 3.36768017929769181 30 13 22.1961987018585205 76.233473728034852 
5 15 1 6 16 2 4 23 12 18 17 13 9 1 7 17 9 4 10 28 6 1 31 1 14 22 2 16 2 2 13 32 12 3 5 11 4 25 9 17 19 6 10 16 7 15 32 1 1 2 2 2 3 12 11 20 8 3.36768017929769181 30 13 22.9361206889152527 67.2004695596800872 
5 15 1 6 16 2 4 23 12 18 17 13 9 1 7 17 9 4 10 28 6 1 31 1 14 22 2 16 2 2 11 29 8 3 5 11 12 4 5 17 19 6 10 16 7 15 32 1 1 2 2 2 3 12 9 25 8 3.36768017929769181 30 13 26.6188766360282898 52.9577375267417807 
5 15 1 6 16 2 4 23 12 18 17 13 9 1 7 17 9 4 14 24 10 1 31 1 14 22 2 16 2 2 1 6 10 3 5 11 4 1 13 17 19 6 10 16 7 15 32 1 1 2 2 2 3 12 11 20 8 3.36768017929769181 30 13 21.591650664806366 90.8075353840059734 
5 15 1 6 16 2 4 23 12 18 17 13 9 1 7 17 9 4 10 28 6 1 31 1 14 22 2 16 2 2 11 29 8 3 5 11 12 4 5 17 19 6 10 16 7 15 32 1 1 2 2 2 3 12 11 20 8 3.36768017929769181 30 13 26.9655126929283142 50.7488584874037016 
5 15 1 6 16 2 4 23 12 18 17 13 9 1 7 17 9 4 10 28 6 1 31 1 14 22 2 16 2 2 11 29 8 3 5 11 12 4 5 17 19 6 10 16 7 15 32 1 1 2 2 2 3 12 4 11 11 3.36768017929769181 30 13 26.7197007536888123 52.261703589706471 
5 15 1 6 16 2 4 23 12 11 20 3 9 1 7 17 9 4 10 28 6 1 31 1 14 22 2 16 2 2 6 22 2 3 5 11 4 6 9 17 19 6 10 16 7 15 32 1 1 2 2 2 3 12 4 26 10 3.36768017929769181 30 13 21.8121317625045776 80.9867902456280717 
13 1 3 6 19 13 16 30 5 17 30 7 4 30 12 3 24 11 3 8 2 8 30 12 14 18 10 6 20 12 14 30 10 1 20 7 15 12 7 2 5 4 3.36768017929769181 18 6.96245171630185755 15 13 5 1 1 5 4 8.22565314501180467 12 1 33 4 2 30 2 17.3001949489116669 280.383680872937475 
5 15 1 6 16 2 4 26 3 18 17 13 9 1 7 17 9 4 10 28 6 1 31 1 14 22 2 16 2 2 6 25 2.70999124060388841 3 5 11 12 26 4 17 19 6 10 16 7 15 32 1 1 2 2 2 3 12 11 20 8 3.36768017929769181 30 13 22.5199608206748962 70.1790286641820558 
5 15 1 6 16 2 4 23 12 18 17 13 9 1 7 17 9 4 12 19 3 1 31 1 14 22 2 16 2 2 14 14 13 3 5 11 4 24 4 17 19 6 10 16 7 15 32 1 1 2 2 2 3 12 11 20 8 3.36768017929769181 30 13 22.212049663066864 75.7979697473173388 
5 15 1 6 16 2 4 23 12 18 17 13 9 1 7 17 9 4 2 32 10 1 31 1 14 22 2 16 2 2 14 32 2.70999124060388841 3 5 11 9 20 3 17 19 6 10 16 7 15 32 1 1 2 2 2 3 12 11 20 8 3.36768017929769181 30 13 21.9961896538734436 80.4975996547115216 
5 15 1 6 16 2 4 23 12 18 17 13 9 1 7 17 9 4 10 28 6 1 31 1 14 22 2 16 2 2 4 26 13 3 5 11 12 4 5 17 19 6 10 16 7 15 32 1 1 2 2 2 3 12 11 20 8 3.36768017929769181 30 13 25.4024507999420166 53.6478756310236022 
5 15 1 6 16 2 4 23 12 12 25 12 9 1 7 17 9 4 10 28 6 1 31 1 14 22 2 16 2 2 12 6 7 3 5 11 6 32 12 17 19 6 10 16 7 15 32 1 1 2 2 2 3 12 4 26 10 3.36768017929769181 30 13 21.1331387162208557 91.3557990699128482 
5 15 1 6 16 2 4 23 12 18 17 13 9 1 7 17 9 4 10 28 6 1 31 1 14 22 2 16 2 2 15 20 12 3 5 11 12 6 9 17 19 6 10 16 7 15 32 1 1 2 2 2 3 12 11 20 8 3.36768017929769181 30 13 22.9587437510490417 66.5417807064865912 
5 15 1 6 16 2 4 23 12 18 14 13 9 1 7 17 9 4 10 28 6 1 31 1 14 22 2 16 2 2 11 29 8 3 5 11 12 4 5 17 19 6 10 16 7 15 32 1 1 2 2 2 3 12 11 20 8 3.36768017929769181 30 13 26.8212797045707703 52.0192885628247552 
5 15 1 6 16 2 4 23 12 18 17 13 9 1 7 17 9 4 10 28 6 1 31 1 14 22 2 16 2 2 11 29 8 3 5 11 4 6 4 17 19 6 10 16 7 15 32 1 1 2 2 2 3 12 11 20 8 3.36768017929769181 30 13 24.5310676693916321 54.6280230275181182 
5 15 1 6 16 2 4 23 12 18 17 13 9 1 7 17 9 4 10 28 6 1 31 1 14 22 2 16 2 2 11 29 8 3 5 11 12 4 5 17 19 6 10 16 7 15 32 1 1 2 2 2 3 12 4 13 11 3.36768017929769181 30 13 26.6363397240638733 52.8633496558107439 
13 6 13 1 25 7 17 17 7 14 26 8 15 8 1 4 18 10 17 31 13 13 17 10 14 31 2 6 30 3 3.36768017929769181 25 5 1 31 10 4 31 5 16 11 9 3 15 6.96245171630185755 12 32 12 13 5 2 6 15 11 8 15 7 12 9 11 17.3416253924369812 262.271627718686489 
5 15 1 6 16 2 4 23 12 3.36768017929769181 8 4 9 1 7 17 9 4 10 28 6 1 31 1 14 22 2 16 2 2 12 12 8 3 5 11 4 6 6.96245171630185755 17 19 6 10 16 7 15 32 1 1 2 2 2 3 12 11 20 8 3.36768017929769181 30 13 22.303395688533783 72.6077544185810524 
5 15 1 6 16 2 4 23 12 18 17 13 9 1 7 17 9 4 10 28 6 1 31 1 14 22 2 16 2 2 4 17 12 3 5 11 11 6 9 17 19 6 10 16 7 15 32 1 1 2 2 2 3 12 11 20 8 3.36768017929769181 30 13 23.8968726992607117 59.3784637644446605 

Current Evaluation = 70000000(70000180)
Front Size = 40
5 15 1 6 16 2 4 23 12 18 17 13 9 1 7 17 9 4 10 28 6 1 31 1 14 22 2 16 2 2 11 29 8 3 5 11 4 1 9 17 19 6 10 16 7 15 32 1 1 2 2 2 3 12 11 20 8 3.36768017929769181 30 13 24.5913786292076111 54.0196800706671993 
5 15 1 6 16 2 4 23 12 12 33 13 9 1 7 17 9 4 14 6 3 1 31 1 14 22 2 16 2 2 15 22 2 3 5 11 9 30 7 17 19 6 10 16 7 15 32 1 1 2 2 2 3 12 11 20 8 3.36768017929769181 30 13 21.6152175068855286 89.3884933423201176 
5 15 1 6 16 2 4 23 12 18 17 13 9 1 7 17 9 4 10 28 6 1 31 1 14 22 2 16 2 2 12 24 8 3 5 11 4 6 10 17 19 6 10 16 7 15 32 1 1 2 2 2 3 12 11 20 8 3.36768017929769181 30 13 23.1067448258399963 59.8527417038191984 
1 3 7 4 6 1 1 1 2.70999124060388841 16 24 4 4 28 4 14 11 5 2 7 2 14 1 10 3 16.1354543567662532 6 13 18 7 17 31 11 4 9 13 14 5 2 4 15 11 1 32 13 6 20 1 5 26 3.84646942076222631 17 12 4 5 22 9.82524131762891173 12 16 11 19.0568287372589111 178.993131264540267 
14 5 5 16 30 2 3.36768017929769181 15 1 17 14 8 1 9 7 12 31 3 11 6 7 9 26 5 16 24 3 13 1 9 14 14 8 12 22 1 17 30 12 4 20 8 13 32 5 6 17 11 2 22 7 14 26 2 4 12 10 13 3 13 17.9126426577568054 180.075016380323291 
5 15 1 6 16 2 4 23 12 18 17 13 9 1 7 17 9 4 10 28 6 1 31 1 14 22 2 16 2 2 12 12 8 3 5 11 4 1 6 17 19 6 10 16 7 15 32 1 1 2 2 2 3 12 11 20 8 3.36768017929769181 30 13 23.2814466953277588 59.4817850151655989 
5 15 1 6 16 2 4 23 12 12 12 7 9 1 7 17 9 4 15 20 1 1 31 1 14 22 2 16 2 2 3.36768017929769181 24 7 3 5 11 9.25570237641795579 1 11 17 19 6 10 16 7 15 32 1 1 2 2 2 3 12 11 20 8 3.36768017929769181 30 13 20.9415385723114014 97.7101949261166993 
6 3 8 6 1 6 4 5 2.70999124060388841 6 6 6 14 12 13 13 26 7 1 12 10 2 9 12 1 11 5 12 24 4 3 8 9 15 25 4 16 26 5 4 2 6.96245171630185755 16 1 2 4.94126535182462057 32 8 6 2 3 6 11 2 17 1 11 13 9 9.82524131762891173 17.5157336592674255 246.209000639883016 
5 15 1 6 16 2 4 23 12 18 17 13 9 1 7 17 9 4 10 28 6 1 31 1 14 22 2 16 2 2 11 29 8 3 5 11 12 26 10 17 19 6 10 16 7 15 32 1 1 2 2 2 3 12 11 20 8 3.36768017929769181 30 13 24.7582096457481384 53.9183587830434519 
3.36768017929769181 26 13 6 16 2 4 23 12 18 17 13 9 1 7 17 9 4 10 28 6 1 31 1 14 22 2 16 2 2 4 6 13 3 5 11 4 11 10 17 19 6 10 16 7 15 32 1 1 2 2 2 3 12 11 20 8 3.36768017929769181 30 13 22.8392618298530579 69.1662492434164591 
5 15 1 6 16 2 4 23 12 18 17 13 9 1 7 17 9 4 10 28 6 1 31 1 14 22 2 16 2 2 9 24 13 3 5 11 12 6 9 17 19 6 10 16 7 15 32 1 1 2 2 2 3 12 11 20 8 3.36768017929769181 30 13 23.155606746673584 59.8353117388586355 
5 15 1 6 16 2 4 23 12 18 17 13 9 1 7 17 9 4 10 28 6 1 31 1 14 22 2 16 2 2 11 29 8 3 5 11 4 24 5 17 19 6 10 16 7 15 32 1 1 2 2 2 3 12 12 25 2 3.36768017929769181 30 13 24.0684177279472351 56.2829565672292347 
12 16 4 14 24 7 10 2 2 14 33 2.70999124060388841 18 5 4 6 3 2 13 8 6.96245171630185755 17 6 3 4.94126535182462057 15 11 15 6 9.82524131762891173 12 30 13.151007650947605 16 1 4 4 7 8 1 24 3 13 18.140740276750666 13 6 24 12 8 17 12 13 32 6 15 6 1.44943743604301667 3 26 2 19.4784768223762512 176.502935692290464 
5 15 1 6 16 2 4 23 12 13 26 10 9 1 7 17 9 4 10 28 6 1 31 1 14 22 2 16 2 2 1 20 13 3 5 11 6 31 10 17 19 6 10 16 7 15 32 1 1 2 2 2 3 12 14 26 2.70999124060388841 3.36768017929769181 30 13 20.6582288146018982 107.99226887652479 
5 15 1 6 16 2 4 23 12 12 9 10 9 1 7 17 9 4 4 6 9 1 31 1 14 22 2 16 2 2 8 6 3 3 5 11 14 20 2.70999124060388841 17 19 6 13 15 5 15 32 1 1 2 2 2 3 12 11 20 8 3.36768017929769181 30 13 19.7179176211357117 127.887061657566733 
5 15 1 6 16 2 4 23 12 18 17 13 9 1 7 17 9 4 6 18 9 1 31 1 14 22 2 16 2 2 4 6 11 3 5 11 3.36768017929769181 14 3 17 19 6 10 16 7 15 32 1 1 2 2 2 3 12 11 20 8 3.36768017929769181 30 13 22.1961987018585205 76.233473728034852 
5 15 1 6 16 2 4 23 12 18 17 13 9 1 7 17 9 4 14 24 10 1 31 1 14 22 2 16 2 2 1 6 10 3 5 11 4 1 13 17 19 6 10 16 7 15 32 1 1 2 2 2 3 12 11 20 8 3.36768017929769181 30 13 21.591650664806366 90.8075353840059734 
5 15 1 6 16 2 4 23 12 18 17 13 9 1 7 17 9 4 10 28 6 1 31 1 14 22 2 16 2 2 11 29 8 3 5 11 12 4 5 17 19 6 10 16 7 15 32 1 1 2 2 2 3 12 11 20 8 3.36768017929769181 30 13 26.9655126929283142 50.7488584874037016 
5 15 1 6 16 2 4 23 12 18 17 13 9 1 7 17 9 4 10 28 6 1 31 1 14 22 2 16 2 2 11 29 8 3 5 11 12 4 5 17 19 6 10 16 7 15 32 1 1 2 2 2 3 12 4 11 11 3.36768017929769181 30 13 26.7197007536888123 52.261703589706471 
5 15 1 6 16 2 4 23 12 11 20 3 9 1 7 17 9 4 10 28 6 1 31 1 14 22 2 16 2 2 6 22 2 3 5 11 4 6 9 17 19 6 10 16 7 15 32 1 1 2 2 2 3 12 4 26 10 3.36768017929769181 30 13 21.8121317625045776 80.9867902456280717 
13 1 3 6 19 13 16 30 5 17 30 7 4 30 12 3 24 11 3 8 2 8 30 12 14 18 10 6 20 12 14 30 10 1 20 7 15 12 7 2 5 4 3.36768017929769181 18 6.96245171630185755 15 13 5 1 1 5 4 8.22565314501180467 12 1 33 4 2 30 2 17.3001949489116669 280.383680872937475 
5 15 1 6 16 2 4 26 3 18 17 13 9 1 7 17 9 4 10 28 6 1 31 1 14 22 2 16 2 2 6 25 2.70999124060388841 3 5 11 12 26 4 17 19 6 10 16 7 15 32 1 1 2 2 2 3 12 11 20 8 3.36768017929769181 30 13 22.5199608206748962 70.1790286641820558 
5 15 1 6 16 2 4 23 12 18 17 13 9 1 7 17 9 4 12 19 3 1 31 1 14 22 2 16 2 2 14 14 13 3 5 11 4 24 4 17 19 6 10 16 7 15 32 1 1 2 2 2 3 12 11 20 8 3.36768017929769181 30 13 22.212049663066864 75.7979697473173388 
5 15 1 6 16 2 4 23 12 18 17 13 9 1 7 17 9 4 2 32 10 1 31 1 14 22 2 16 2 2 14 32 2.70999124060388841 3 5 11 9 20 3 17 19 6 10 16 7 15 32 1 1 2 2 2 3 12 11 20 8 3.36768017929769181 30 13 21.9961896538734436 80.4975996547115216 
5 15 1 6 16 2 4 23 12 18 17 13 9 1 7 17 9 4 10 28 6 1 31 1 14 22 2 16 2 2 4 26 13 3 5 11 12 4 5 17 19 6 10 16 7 15 32 1 1 2 2 2 3 12 11 20 8 3.36768017929769181 30 13 25.4024507999420166 53.6478756310236022 
5 15 1 6 16 2 4 23 12 12 25 12 9 1 7 17 9 4 10 28 6 1 31 1 14 22 2 16 2 2 12 6 7 3 5 11 6 32 12 17 19 6 10 16 7 15 32 1 1 2 2 2 3 12 4 26 10 3.36768017929769181 30 13 21.1331387162208557 91.3557990699128482 
5 15 1 6 16 2 4 23 12 18 14 13 9 1 7 17 9 4 10 28 6 1 31 1 14 22 2 16 2 2 11 29 8 3 5 11 12 4 5 17 19 6 10 16 7 15 32 1 1 2 2 2 3 12 11 20 8 3.36768017929769181 30 13 26.8212797045707703 52.0192885628247552 
5 15 1 6 16 2 4 23 12 18 17 13 9 1 7 17 9 4 10 28 6 1 31 1 14 22 2 16 2 2 11 29 8 3 5 11 4 6 4 17 19 6 10 16 7 15 32 1 1 2 2 2 3 12 11 20 8 3.36768017929769181 30 13 24.5310676693916321 54.6280230275181182 
5 15 1 6 16 2 4 23 12 18 17 13 9 1 7 17 9 4 10 28 6 1 31 1 14 22 2 16 2 2 11 29 8 3 5 11 12 4 5 17 19 6 10 16 7 15 32 1 1 2 2 2 3 12 4 13 11 3.36768017929769181 30 13 26.6363397240638733 52.8633496558107439 
13 6 13 1 25 7 17 17 7 14 26 8 15 8 1 4 18 10 17 31 13 13 17 10 14 31 2 6 30 3 3.36768017929769181 25 5 1 31 10 4 31 5 16 11 9 3 15 6.96245171630185755 12 32 12 13 5 2 6 15 11 8 15 7 12 9 11 17.3416253924369812 262.271627718686489 
5 15 1 6 16 2 4 23 12 3.36768017929769181 8 4 9 1 7 17 9 4 10 28 6 1 31 1 14 22 2 16 2 2 12 12 8 3 5 11 4 6 6.96245171630185755 17 19 6 10 16 7 15 32 1 1 2 2 2 3 12 11 20 8 3.36768017929769181 30 13 22.303395688533783 72.6077544185810524 
5 15 1 6 16 2 4 23 12 3 11 11 9 1 7 17 9 4 10 28 6 1 31 1 14 22 2 16 2 2 11 29 8 3 5 11 12 6 10 17 19 6 10 16 7 15 32 1 1 2 2 2 3 12 11 20 8 3.36768017929769181 30 13 23.8592135310173035 57.7089786728655483 
16 26 4 16 15 2.70999124060388841 15 31 13 4 24 9 1 26 8 14 26 12 14 25 2 17 8 11 13 25 7 12 18 5 4 6 9 1 9 10 14 24 10 17 19 2 8 16 6.96245171630185755 15 23 5 4.94126535182462057 25 10 13.2195649013323386 2 7 13 28 4 10 24 4 17.643317699432373 222.876559726110429 
5 15 1 6 16 2 4 23 12 14 26 2 9 1 7 17 9 4 10 28 6 1 31 1 14 22 2 16 2 2 6 15 12 3 5 11 4 25 12 17 19 6 10 16 7 15 32 1 1 2 2 2 3 12 11 20 8 3.36768017929769181 30 13 21.6591365933418274 86.7222907610623537 
5 15 1 6 16 2 4 23 12 18 17 13 9 1 7 17 9 4 10 28 6 1 31 1 14 22 2 16 2 2 11 26 11 3 5 11 12 4 5 17 19 6 10 16 7 15 32 1 1 2 2 2 3 12 11 20 8 3.36768017929769181 30 13 25.9965597987174988 52.8768489779109387 
5 15 1 6 16 2 4 23 12 18 17 13 9 1 7 17 9 4 10 28 6 1 31 1 14 22 2 16 2 2 6 32 11 3 5 11 12 6 9 17 19 6 10 16 7 15 32 1 1 2 2 2 3 12 11 20 8 3.36768017929769181 30 13 22.8865047693252563 65.5385350608366792 
5 15 1 6 16 2 4 23 12 18 17 13 9 1 7 17 9 4 10 28 6 1 31 1 14 22 2 16 2 2 11 29 8 3 5 11 12 4 5 17 1 10 10 16 7 15 32 1 1 2 2 2 3 12 11 20 8 3.36768017929769181 30 13 26.6625836491584778 52.812342622611709 
15 9 13 9 30 12 8 20 8 2 30 8 6 25 6 12 6 3 17 24 4 17 11 12 8 32 5 4 6 13 8 31 8 3 6 12 17 18 2 4 16 4 12 8 2 14 32 2.70999124060388841 17 1 6 1 6 9 12 30 9 13 2 3 17.5714178085327148 240.784761437393001 
5 15 1 6 16 2 4 23 12 18 17 13 9 1 7 17 9 4 10 28 6 1 31 1 14 22 2 16 2 2 4 12 2 3 5 11 4 6 10 17 19 6 10 16 7 15 32 1 1 2 2 2 3 12 11 20 8 3.36768017929769181 30 13 22.96450275182724 61.8015411748485164 
5 15 1 6 16 2 4 23 12 18 17 13 9 1 7 17 9 4 10 28 6 1 31 1 14 22 2 16 2 2 4 13 8 3 5 11 12 4 5 17 19 6 10 16 7 15 32 1 1 2 2 2 3 12 11 20 8 3.36768017929769181 30 13 25.7299078106880188 53.1363462921251397 

Current Evaluation = 80000000(80000070)
Front Size = 42
5 15 1 6 16 2 4 23 12 18 17 13 9 1 7 17 9 4 10 28 6 1 31 1 14 22 2 16 2 2 11 29 8 3 5 11 4 1 9 17 19 6 10 16 7 15 32 1 1 2 2 2 3 12 11 20 8 3.36768017929769181 30 13 24.5913786292076111 54.0196800706671993 
5 15 1 6 16 2 4 23 12 12 33 13 9 1 7 17 9 4 14 6 3 1 31 1 14 22 2 16 2 2 15 22 2 3 5 11 9 30 7 17 19 6 10 16 7 15 32 1 1 2 2 2 3 12 11 20 8 3.36768017929769181 30 13 21.6152175068855286 89.3884933423201176 
5 15 1 6 16 2 4 23 12 18 17 13 9 1 7 17 9 4 10 28 6 1 31 1 14 22 2 16 2 2 12 24 8 3 5 11 4 6 10 17 19 6 10 16 7 15 32 1 1 2 2 2 3 12 11 20 8 3.36768017929769181 30 13 23.1067448258399963 59.8527417038191984 
1 3 7 4 6 1 1 1 2.70999124060388841 16 24 4 4 28 4 14 11 5 2 7 2 14 1 10 3 16.1354543567662532 6 13 18 7 17 31 11 4 9 13 14 5 2 4 15 11 1 32 13 6 20 1 5 26 3.84646942076222631 17 12 4 5 22 9.82524131762891173 12 16 11 19.0568287372589111 178.993131264540267 
14 5 5 16 30 2 3.36768017929769181 15 1 17 14 8 1 9 7 12 31 3 11 6 7 9 26 5 16 24 3 13 1 9 14 14 8 12 22 1 17 30 12 4 20 8 13 32 5 6 17 11 2 22 7 14 26 2 4 12 10 13 3 13 17.9126426577568054 180.075016380323291 
5 15 1 6 16 2 4 23 12 18 17 13 9 1 7 17 9 4 10 28 6 1 31 1 14 22 2 16 2 2 12 12 8 3 5 11 4 1 6 17 19 6 10 16 7 15 32 1 1 2 2 2 3 12 11 20 8 3.36768017929769181 30 13 23.2814466953277588 59.4817850151655989 
5 15 1 6 16 2 4 23 12 12 12 7 9 1 7 17 9 4 15 20 1 1 31 1 14 22 2 16 2 2 3.36768017929769181 24 7 3 5 11 9.25570237641795579 1 11 17 19 6 10 16 7 15 32 1 1 2 2 2 3 12 11 20 8 3.36768017929769181 30 13 20.9415385723114014 97.7101949261166993 
6 3 8 6 1 6 4 5 2.70999124060388841 6 6 6 14 12 13 13 26 7 1 12 10 2 9 12 1 11 5 12 24 4 3 8 9 15 25 4 16 26 5 4 2 6.96245171630185755 16 1 2 4.94126535182462057 32 8 6 2 3 6 11 2 17 1 11 13 9 9.82524131762891173 17.5157336592674255 246.209000639883016 
5 15 1 6 16 2 4 23 12 18 17 13 9 1 7 17 9 4 10 28 6 1 31 1 14 22 2 16 2 2 11 29 8 3 5 11 12 26 10 17 19 6 10 16 7 15 32 1 1 2 2 2 3 12 11 20 8 3.36768017929769181 30 13 24.7582096457481384 53.9183587830434519 
3.36768017929769181 26 13 6 16 2 4 23 12 18 17 13 9 1 7 17 9 4 10 28 6 1 31 1 14 22 2 16 2 2 4 6 13 3 5 11 4 11 10 17 19 6 10 16 7 15 32 1 1 2 2 2 3 12 11 20 8 3.36768017929769181 30 13 22.8392618298530579 69.1662492434164591 
5 15 1 6 16 2 4 23 12 18 17 13 9 1 7 17 9 4 10 28 6 1 31 1 14 22 2 16 2 2 9 24 13 3 5 11 12 6 9 17 19 6 10 16 7 15 32 1 1 2 2 2 3 12 11 20 8 3.36768017929769181 30 13 23.155606746673584 59.8353117388586355 
5 15 1 6 16 2 4 23 12 18 17 13 9 1 7 17 9 4 10 28 6 1 31 1 14 22 2 16 2 2 11 29 8 3 5 11 4 24 5 17 19 6 10 16 7 15 32 1 1 2 2 2 3 12 12 25 2 3.36768017929769181 30 13 24.0684177279472351 56.2829565672292347 
12 16 4 14 24 7 10 2 2 14 33 2.70999124060388841 18 5 4 6 3 2 13 8 6.96245171630185755 17 6 3 4.94126535182462057 15 11 15 6 9.82524131762891173 12 30 13.151007650947605 16 1 4 4 7 8 1 24 3 13 18.140740276750666 13 6 24 12 8 17 12 13 32 6 15 6 1.44943743604301667 3 26 2 19.4784768223762512 176.502935692290464 
5 15 1 6 16 2 4 23 12 13 26 10 9 1 7 17 9 4 10 28 6 1 31 1 14 22 2 16 2 2 1 20 13 3 5 11 6 31 10 17 19 6 10 16 7 15 32 1 1 2 2 2 3 12 14 26 2.70999124060388841 3.36768017929769181 30 13 20.6582288146018982 107.99226887652479 
5 15 1 6 16 2 4 23 12 12 9 10 9 1 7 17 9 4 4 6 9 1 31 1 14 22 2 16 2 2 8 6 3 3 5 11 14 20 2.70999124060388841 17 19 6 13 15 5 15 32 1 1 2 2 2 3 12 11 20 8 3.36768017929769181 30 13 19.7179176211357117 127.887061657566733 
5 15 1 6 16 2 4 23 12 18 17 13 9 1 7 17 9 4 6 18 9 1 31 1 14 22 2 16 2 2 4 6 11 3 5 11 3.36768017929769181 14 3 17 19 6 10 16 7 15 32 1 1 2 2 2 3 12 11 20 8 3.36768017929769181 30 13 22.1961987018585205 76.233473728034852 
5 15 1 6 16 2 4 23 12 18 17 13 9 1 7 17 9 4 14 24 10 1 31 1 14 22 2 16 2 2 1 6 10 3 5 11 4 1 13 17 19 6 10 16 7 15 32 1 1 2 2 2 3 12 11 20 8 3.36768017929769181 30 13 21.591650664806366 90.8075353840059734 
5 15 1 6 16 2 4 23 12 18 17 13 9 1 7 17 9 4 10 28 6 1 31 1 14 22 2 16 2 2 11 29 8 3 5 11 12 4 5 17 19 6 10 16 7 15 32 1 1 2 2 2 3 12 11 20 8 3.36768017929769181 30 13 26.9655126929283142 50.7488584874037016 
5 15 1 6 16 2 4 23 12 18 17 13 9 1 7 17 9 4 10 28 6 1 31 1 14 22 2 16 2 2 11 29 8 3 5 11 12 4 5 17 19 6 10 16 7 15 32 1 1 2 2 2 3 12 4 11 11 3.36768017929769181 30 13 26.7197007536888123 52.261703589706471 
5 15 1 6 16 2 4 23 12 11 20 3 9 1 7 17 9 4 10 28 6 1 31 1 14 22 2 16 2 2 6 22 2 3 5 11 4 6 9 17 19 6 10 16 7 15 32 1 1 2 2 2 3 12 4 26 10 3.36768017929769181 30 13 21.8121317625045776 80.9867902456280717 
13 1 3 6 19 13 16 30 5 17 30 7 4 30 12 3 24 11 3 8 2 8 30 12 14 18 10 6 20 12 14 30 10 1 20 7 15 12 7 2 5 4 3.36768017929769181 18 6.96245171630185755 15 13 5 1 1 5 4 8.22565314501180467 12 1 33 4 2 30 2 17.3001949489116669 280.383680872937475 
5 15 1 6 16 2 4 26 3 18 17 13 9 1 7 17 9 4 10 28 6 1 31 1 14 22 2 16 2 2 6 25 2.70999124060388841 3 5 11 12 26 4 17 19 6 10 16 7 15 32 1 1 2 2 2 3 12 11 20 8 3.36768017929769181 30 13 22.5199608206748962 70.1790286641820558 
5 15 1 6 16 2 4 23 12 18 17 13 9 1 7 17 9 4 12 19 3 1 31 1 14 22 2 16 2 2 14 14 13 3 5 11 4 24 4 17 19 6 10 16 7 15 32 1 1 2 2 2 3 12 11 20 8 3.36768017929769181 30 13 22.212049663066864 75.7979697473173388 
5 15 1 6 16 2 4 23 12 18 17 13 9 1 7 17 9 4 2 32 10 1 31 1 14 22 2 16 2 2 14 32 2.70999124060388841 3 5 11 9 20 3 17 19 6 10 16 7 15 32 1 1 2 2 2 3 12 11 20 8 3.36768017929769181 30 13 21.9961896538734436 80.4975996547115216 
5 15 1 6 16 2 4 23 12 18 17 13 9 1 7 17 9 4 10 28 6 1 31 1 14 22 2 16 2 2 4 26 13 3 5 11 12 4 5 17 19 6 10 16 7 15 32 1 1 2 2 2 3 12 11 20 8 3.36768017929769181 30 13 25.4024507999420166 53.6478756310236022 
5 15 1 6 16 2 4 23 12 12 25 12 9 1 7 17 9 4 10 28 6 1 31 1 14 22 2 16 2 2 12 6 7 3 5 11 6 32 12 17 19 6 10 16 7 15 32 1 1 2 2 2 3 12 4 26 10 3.36768017929769181 30 13 21.1331387162208557 91.3557990699128482 
5 15 1 6 16 2 4 23 12 18 14 13 9 1 7 17 9 4 10 28 6 1 31 1 14 22 2 16 2 2 11 29 8 3 5 11 12 4 5 17 19 6 10 16 7 15 32 1 1 2 2 2 3 12 11 20 8 3.36768017929769181 30 13 26.8212797045707703 52.0192885628247552 
5 15 1 6 16 2 4 23 12 18 17 13 9 1 7 17 9 4 10 28 6 1 31 1 14 22 2 16 2 2 11 29 8 3 5 11 4 6 4 17 19 6 10 16 7 15 32 1 1 2 2 2 3 12 11 20 8 3.36768017929769181 30 13 24.5310676693916321 54.6280230275181182 
5 15 1 6 16 2 4 23 12 18 17 13 9 1 7 17 9 4 10 28 6 1 31 1 14 22 2 16 2 2 11 29 8 3 5 11 12 4 5 17 19 6 10 16 7 15 32 1 1 2 2 2 3 12 4 13 11 3.36768017929769181 30 13 26.6363397240638733 52.8633496558107439 
13 6 13 1 25 7 17 17 7 14 26 8 15 8 1 4 18 10 17 31 13 13 17 10 14 31 2 6 30 3 3.36768017929769181 25 5 1 31 10 4 31 5 16 11 9 3 15 6.96245171630185755 12 32 12 13 5 2 6 15 11 8 15 7 12 9 11 17.3416253924369812 262.271627718686489 
5 15 1 6 16 2 4 23 12 3.36768017929769181 8 4 9 1 7 17 9 4 10 28 6 1 31 1 14 22 2 16 2 2 12 12 8 3 5 11 4 6 6.96245171630185755 17 19 6 10 16 7 15 32 1 1 2 2 2 3 12 11 20 8 3.36768017929769181 30 13 22.303395688533783 72.6077544185810524 
5 15 1 6 16 2 4 23 12 3 11 11 9 1 7 17 9 4 10 28 6 1 31 1 14 22 2 16 2 2 11 29 8 3 5 11 12 6 10 17 19 6 10 16 7 15 32 1 1 2 2 2 3 12 11 20 8 3.36768017929769181 30 13 23.8592135310173035 57.7089786728655483 
16 26 4 16 15 2.70999124060388841 15 31 13 4 24 9 1 26 8 14 26 12 14 25 2 17 8 11 13 25 7 12 18 5 4 6 9 1 9 10 14 24 10 17 19 2 8 16 6.96245171630185755 15 23 5 4.94126535182462057 25 10 13.2195649013323386 2 7 13 28 4 10 24 4 17.643317699432373 222.876559726110429 
5 15 1 6 16 2 4 23 12 14 26 2 9 1 7 17 9 4 10 28 6 1 31 1 14 22 2 16 2 2 6 15 12 3 5 11 4 25 12 17 19 6 10 16 7 15 32 1 1 2 2 2 3 12 11 20 8 3.36768017929769181 30 13 21.6591365933418274 86.7222907610623537 
5 15 1 6 16 2 4 23 12 18 17 13 9 1 7 17 9 4 10 28 6 1 31 1 14 22 2 16 2 2 11 26 11 3 5 11 12 4 5 17 19 6 10 16 7 15 32 1 1 2 2 2 3 12 11 20 8 3.36768017929769181 30 13 25.9965597987174988 52.8768489779109387 
5 15 1 6 16 2 4 23 12 18 17 13 9 1 7 17 9 4 10 28 6 1 31 1 14 22 2 16 2 2 6 32 11 3 5 11 12 6 9 17 19 6 10 16 7 15 32 1 1 2 2 2 3 12 11 20 8 3.36768017929769181 30 13 22.8865047693252563 65.5385350608366792 
5 15 1 6 16 2 4 23 12 18 17 13 9 1 7 17 9 4 10 28 6 1 31 1 14 22 2 16 2 2 11 29 8 3 5 11 12 4 5 17 1 10 10 16 7 15 32 1 1 2 2 2 3 12 11 20 8 3.36768017929769181 30 13 26.6625836491584778 52.812342622611709 
15 9 13 9 30 12 8 20 8 2 30 8 6 25 6 12 6 3 17 24 4 17 11 12 8 32 5 4 6 13 8 31 8 3 6 12 17 18 2 4 16 4 12 8 2 14 32 2.70999124060388841 17 1 6 1 6 9 12 30 9 13 2 3 17.5714178085327148 240.784761437393001 
5 15 1 6 16 2 4 23 12 18 17 13 9 1 7 17 9 4 10 28 6 1 31 1 14 22 2 16 2 2 4 12 2 3 5 11 4 6 10 17 19 6 10 16 7 15 32 1 1 2 2 2 3 12 11 20 8 3.36768017929769181 30 13 22.96450275182724 61.8015411748485164 
5 15 1 6 16 2 4 23 12 18 17 13 9 1 7 17 9 4 10 28 6 1 31 1 14 22 2 16 2 2 4 13 8 3 5 11 12 4 5 17 19 6 10 16 7 15 32 1 1 2 2 2 3 12 11 20 8 3.36768017929769181 30 13 25.7299078106880188 53.1363462921251397 
5 15 1 6 16 2 4 23 12 18 17 13 9 1 7 17 9 4 10 28 6 1 31 1 14 22 2 16 2 2 11 29 8 3 5 11 9 1 5 17 19 6 10 16 7 15 32 1 1 2 2 2 3 12 11 20 8 3.36768017929769181 30 13 24.8734886050224304 53.7957218976900009 
5 15 1 6 16 2 4 23 12 18 17 13 9 1 7 17 9 4 10 28 6 1 31 1 14 22 2 16 2 2 13 15 9 3 5 11 4 24 4 17 19 6 10 16 7 15 32 1 1 2 2 2 3 12 11 20 8 3.36768017929769181 30 13 22.8247638344764709 69.9850932342089607 

Current Evaluation = 90000000(90000150)
Front Size = 38
5 15 1 6 16 2 4 23 12 18 17 13 9 1 7 17 9 4 10 28 6 1 31 1 14 22 2 16 2 2 11 29 8 3 5 11 4 1 9 17 19 6 10 16 7 15 32 1 1 2 2 2 3 12 11 20 8 3.36768017929769181 30 13 24.5913786292076111 54.0196800706671993 
5 15 1 6 16 2 4 23 12 12 33 13 9 1 7 17 9 4 14 6 3 1 31 1 14 22 2 16 2 2 15 22 2 3 5 11 9 30 7 17 19 6 10 16 7 15 32 1 1 2 2 2 3 12 11 20 8 3.36768017929769181 30 13 21.6152175068855286 89.3884933423201176 
5 15 1 6 16 2 4 23 12 18 17 13 9 1 7 17 9 4 10 28 6 1 31 1 14 22 2 16 2 2 12 24 8 3 5 11 4 6 10 17 19 6 10 16 7 15 32 1 1 2 2 2 3 12 11 20 8 3.36768017929769181 30 13 23.1067448258399963 59.8527417038191984 
1 3 7 4 6 1 1 1 2.70999124060388841 16 24 4 4 28 4 14 11 5 2 7 2 14 1 10 3 16.1354543567662532 6 13 18 7 17 31 11 4 9 13 14 5 2 4 15 11 1 32 13 6 20 1 5 26 3.84646942076222631 17 12 4 5 22 9.82524131762891173 12 16 11 19.0568287372589111 178.993131264540267 
14 5 5 16 30 2 3.36768017929769181 15 1 17 14 8 1 9 7 12 31 3 11 6 7 9 26 5 16 24 3 13 1 9 14 14 8 12 22 1 17 30 12 4 20 8 13 32 5 6 17 11 2 22 7 14 26 2 4 12 10 13 3 13 17.9126426577568054 180.075016380323291 
5 15 1 6 16 2 4 23 12 18 17 13 9 1 7 17 9 4 10 28 6 1 31 1 14 22 2 16 2 2 12 12 8 3 5 11 4 1 6 17 19 6 10 16 7 15 32 1 1 2 2 2 3 12 11 20 8 3.36768017929769181 30 13 23.2814466953277588 59.4817850151655989 
5 15 1 6 16 2 4 23 12 12 12 7 9 1 7 17 9 4 15 20 1 1 31 1 14 22 2 16 2 2 3.36768017929769181 24 7 3 5 11 9.25570237641795579 1 11 17 19 6 10 16 7 15 32 1 1 2 2 2 3 12 11 20 8 3.36768017929769181 30 13 20.9415385723114014 97.7101949261166993 
6 3 8 6 1 6 4 5 2.70999124060388841 6 6 6 14 12 13 13 26 7 1 12 10 2 9 12 1 11 5 12 24 4 3 8 9 15 25 4 16 26 5 4 2 6.96245171630185755 16 1 2 4.94126535182462057 32 8 6 2 3 6 11 2 17 1 11 13 9 9.82524131762891173 17.5157336592674255 246.209000639883016 
5 15 1 6 16 2 4 23 12 18 17 13 9 1 7 17 9 4 10 28 6 1 31 1 14 22 2 16 2 2 9 24 13 3 5 11 12 6 9 17 19 6 10 16 7 15 32 1 1 2 2 2 3 12 11 20 8 3.36768017929769181 30 13 23.155606746673584 59.8353117388586355 
5 15 1 6 16 2 4 23 12 18 17 13 9 1 7 17 9 4 10 28 6 1 31 1 14 22 2 16 2 2 11 29 8 3 5 11 4 24 5 17 19 6 10 16 7 15 32 1 1 2 2 2 3 12 12 25 2 3.36768017929769181 30 13 24.0684177279472351 56.2829565672292347 
12 16 4 14 24 7 10 2 2 14 33 2.70999124060388841 18 5 4 6 3 2 13 8 6.96245171630185755 17 6 3 4.94126535182462057 15 11 15 6 9.82524131762891173 12 30 13.151007650947605 16 1 4 4 7 8 1 24 3 13 18.140740276750666 13 6 24 12 8 17 12 13 32 6 15 6 1.44943743604301667 3 26 2 19.4784768223762512 176.502935692290464 
5 15 1 6 16 2 4 23 12 13 26 10 9 1 7 17 9 4 10 28 6 1 31 1 14 22 2 16 2 2 1 20 13 3 5 11 6 31 10 17 19 6 10 16 7 15 32 1 1 2 2 2 3 12 14 26 2.70999124060388841 3.36768017929769181 30 13 20.6582288146018982 107.99226887652479 
5 15 1 6 16 2 4 23 12 12 9 10 9 1 7 17 9 4 4 6 9 1 31 1 14 22 2 16 2 2 8 6 3 3 5 11 14 20 2.70999124060388841 17 19 6 13 15 5 15 32 1 1 2 2 2 3 12 11 20 8 3.36768017929769181 30 13 19.7179176211357117 127.887061657566733 
5 15 1 6 16 2 4 23 12 18 17 13 9 1 7 17 9 4 6 18 9 1 31 1 14 22 2 16 2 2 4 6 11 3 5 11 3.36768017929769181 14 3 17 19 6 10 16 7 15 32 1 1 2 2 2 3 12 11 20 8 3.36768017929769181 30 13 22.1961987018585205 76.233473728034852 
5 15 1 6 16 2 4 23 12 18 17 13 9 1 7 17 9 4 14 24 10 1 31 1 14 22 2 16 2 2 1 6 10 3 5 11 4 1 13 17 19 6 10 16 7 15 32 1 1 2 2 2 3 12 11 20 8 3.36768017929769181 30 13 21.591650664806366 90.8075353840059734 
5 15 1 6 16 2 4 23 12 11 20 3 9 1 7 17 9 4 10 28 6 1 31 1 14 22 2 16 2 2 6 22 2 3 5 11 4 6 9 17 19 6 10 16 7 15 32 1 1 2 2 2 3 12 4 26 10 3.36768017929769181 30 13 21.8121317625045776 80.9867902456280717 
13 1 3 6 19 13 16 30 5 17 30 7 4 30 12 3 24 11 3 8 2 8 30 12 14 18 10 6 20 12 14 30 10 1 20 7 15 12 7 2 5 4 3.36768017929769181 18 6.96245171630185755 15 13 5 1 1 5 4 8.22565314501180467 12 1 33 4 2 30 2 17.3001949489116669 280.383680872937475 
5 15 1 6 16 2 4 26 3 18 17 13 9 1 7 17 9 4 10 28 6 1 31 1 14 22 2 16 2 2 6 25 2.70999124060388841 3 5 11 12 26 4 17 19 6 10 16 7 15 32 1 1 2 2 2 3 12 11 20 8 3.36768017929769181 30 13 22.5199608206748962 70.1790286641820558 
5 15 1 6 16 2 4 23 12 18 17 13 9 1 7 17 9 4 12 19 3 1 31 1 14 22 2 16 2 2 14 14 13 3 5 11 4 24 4 17 19 6 10 16 7 15 32 1 1 2 2 2 3 12 11 20 8 3.36768017929769181 30 13 22.212049663066864 75.7979697473173388 
5 15 1 6 16 2 4 23 12 18 17 13 9 1 7 17 9 4 2 32 10 1 31 1 14 22 2 16 2 2 14 32 2.70999124060388841 3 5 11 9 20 3 17 19 6 10 16 7 15 32 1 1 2 2 2 3 12 11 20 8 3.36768017929769181 30 13 21.9961896538734436 80.4975996547115216 
5 15 1 6 16 2 4 23 12 12 25 12 9 1 7 17 9 4 10 28 6 1 31 1 14 22 2 16 2 2 12 6 7 3 5 11 6 32 12 17 19 6 10 16 7 15 32 1 1 2 2 2 3 12 4 26 10 3.36768017929769181 30 13 21.1331387162208557 91.3557990699128482 
5 15 1 6 16 2 4 23 12 18 14 13 9 1 7 17 9 4 10 28 6 1 31 1 14 22 2 16 2 2 11 29 8 3 5 11 12 4 5 17 19 6 10 16 7 15 32 1 1 2 2 2 3 12 11 20 8 3.36768017929769181 30 13 26.8212797045707703 52.0192885628247552 
5 15 1 6 16 2 4 23 12 18 17 13 9 1 7 17 9 4 10 28 6 1 31 1 14 22 2 16 2 2 11 29 8 3 5 11 4 6 4 17 19 6 10 16 7 15 32 1 1 2 2 2 3 12 11 20 8 3.36768017929769181 30 13 24.5310676693916321 54.6280230275181182 
13 6 13 1 25 7 17 17 7 14 26 8 15 8 1 4 18 10 17 31 13 13 17 10 14 31 2 6 30 3 3.36768017929769181 25 5 1 31 10 4 31 5 16 11 9 3 15 6.96245171630185755 12 32 12 13 5 2 6 15 11 8 15 7 12 9 11 17.3416253924369812 262.271627718686489 
5 15 1 6 16 2 4 23 12 3.36768017929769181 8 4 9 1 7 17 9 4 10 28 6 1 31 1 14 22 2 16 2 2 12 12 8 3 5 11 4 6 6.96245171630185755 17 19 6 10 16 7 15 32 1 1 2 2 2 3 12 11 20 8 3.36768017929769181 30 13 22.303395688533783 72.6077544185810524 
5 15 1 6 16 2 4 23 12 3 11 11 9 1 7 17 9 4 10 28 6 1 31 1 14 22 2 16 2 2 11 29 8 3 5 11 12 6 10 17 19 6 10 16 7 15 32 1 1 2 2 2 3 12 11 20 8 3.36768017929769181 30 13 23.8592135310173035 57.7089786728655483 
16 26 4 16 15 2.70999124060388841 15 31 13 4 24 9 1 26 8 14 26 12 14 25 2 17 8 11 13 25 7 12 18 5 4 6 9 1 9 10 14 24 10 17 19 2 8 16 6.96245171630185755 15 23 5 4.94126535182462057 25 10 13.2195649013323386 2 7 13 28 4 10 24 4 17.643317699432373 222.876559726110429 
5 15 1 6 16 2 4 23 12 14 26 2 9 1 7 17 9 4 10 28 6 1 31 1 14 22 2 16 2 2 6 15 12 3 5 11 4 25 12 17 19 6 10 16 7 15 32 1 1 2 2 2 3 12 11 20 8 3.36768017929769181 30 13 21.6591365933418274 86.7222907610623537 
5 15 1 6 16 2 4 23 12 18 17 13 9 1 7 17 9 4 10 28 6 1 31 1 14 22 2 16 2 2 11 26 11 3 5 11 12 4 5 17 19 6 10 16 7 15 32 1 1 2 2 2 3 12 11 20 8 3.36768017929769181 30 13 25.9965597987174988 52.8768489779109387 
5 15 1 6 16 2 4 23 12 18 17 13 9 1 7 17 9 4 10 28 6 1 31 1 14 22 2 16 2 2 6 32 11 3 5 11 12 6 9 17 19 6 10 16 7 15 32 1 1 2 2 2 3 12 11 20 8 3.36768017929769181 30 13 22.8865047693252563 65.5385350608366792 
15 9 13 9 30 12 8 20 8 2 30 8 6 25 6 12 6 3 17 24 4 17 11 12 8 32 5 4 6 13 8 31 8 3 6 12 17 18 2 4 16 4 12 8 2 14 32 2.70999124060388841 17 1 6 1 6 9 12 30 9 13 2 3 17.5714178085327148 240.784761437393001 
5 15 1 6 16 2 4 23 12 18 17 13 9 1 7 17 9 4 10 28 6 1 31 1 14 22 2 16 2 2 4 12 2 3 5 11 4 6 10 17 19 6 10 16 7 15 32 1 1 2 2 2 3 12 11 20 8 3.36768017929769181 30 13 22.96450275182724 61.8015411748485164 
4 11 2 6 16 2 4 23 12 12 18 2 9 1 7 17 9 4 6 6 8 1 31 1 14 22 2 16 2 2 4 24 2.70999124060388841 3 5 11 14 12 12 17 19 6 10 16 7 15 32 1 1 2 2 2 3 12 11 20 8 3.36768017929769181 30 13 20.23155677318573 117.800994194978287 
5 15 1 6 16 2 4 23 12 18 17 13 9 1 7 17 9 4 10 28 6 1 31 1 14 22 2 16 2 2 11 29 8 3 5 11 12 4 5 17 19 6 10 16 7 15 32 1 1 2 2 2 3 12 11 20 8 3.36768017929769181 30 13 26.9655126929283142 50.6686803148394063 
5 15 1 6 16 2 4 23 12 18 17 13 9 1 7 17 9 4 10 28 6 1 31 1 14 22 2 16 2 2 11 29 8 3 5 11 12 24 5 17 19 6 10 16 7 15 32 1 1 2 2 2 3 12 11 20 8 3.36768017929769181 30 13 24.7023256421089172 53.5811369703688385 
5 15 1 6 16 2 4 23 12 18 17 13 9 1 7 17 9 4 10 28 6 1 31 1 14 22 2 16 2 2 11 29 8 3 5 11 12 4 5 17 1 4 10 16 7 15 32 1 1 2 2 2 3 12 11 20 8 3.36768017929769181 30 13 26.5885837078094482 52.034719301528753 
5 15 1 6 16 2 4 23 12 18 17 13 9 1 7 17 9 4 10 28 6 1 31 1 14 22 2 16 2 2 9 26 8 3 5 11 12 4 5 17 19 6 10 16 7 15 32 1 1 2 2 2 3 12 11 20 8 3.36768017929769181 30 13 25.6357367634773254 53.136033292986788 
5 15 1 6 16 2 4 23 12 18 17 13 9 1 7 17 9 4 10 28 6 1 31 1 14 22 2 16 2 2 14 32 13 3 5 11 4 24 7 17 19 6 10 16 7 15 32 1 1 2 2 2 3 12 11 20 8 3.36768017929769181 30 13 22.7666727900505066 66.8247642370721451 

Current Evaluation = 100000000(100000040)
Front Size = 38
5 15 1 6 16 2 4 23 12 18 17 13 9 1 7 17 9 4 10 28 6 1 31 1 14 22 2 16 2 2 11 29 8 3 5 11 4 1 9 17 19 6 10 16 7 15 32 1 1 2 2 2 3 12 11 20 8 3.36768017929769181 30 13 24.5913786292076111 54.0196800706671993 
5 15 1 6 16 2 4 23 12 12 33 13 9 1 7 17 9 4 14 6 3 1 31 1 14 22 2 16 2 2 15 22 2 3 5 11 9 30 7 17 19 6 10 16 7 15 32 1 1 2 2 2 3 12 11 20 8 3.36768017929769181 30 13 21.6152175068855286 89.3884933423201176 
5 15 1 6 16 2 4 23 12 18 17 13 9 1 7 17 9 4 10 28 6 1 31 1 14 22 2 16 2 2 12 24 8 3 5 11 4 6 10 17 19 6 10 16 7 15 32 1 1 2 2 2 3 12 11 20 8 3.36768017929769181 30 13 23.1067448258399963 59.8527417038191984 
1 3 7 4 6 1 1 1 2.70999124060388841 16 24 4 4 28 4 14 11 5 2 7 2 14 1 10 3 16.1354543567662532 6 13 18 7 17 31 11 4 9 13 14 5 2 4 15 11 1 32 13 6 20 1 5 26 3.84646942076222631 17 12 4 5 22 9.82524131762891173 12 16 11 19.0568287372589111 178.993131264540267 
14 5 5 16 30 2 3.36768017929769181 15 1 17 14 8 1 9 7 12 31 3 11 6 7 9 26 5 16 24 3 13 1 9 14 14 8 12 22 1 17 30 12 4 20 8 13 32 5 6 17 11 2 22 7 14 26 2 4 12 10 13 3 13 17.9126426577568054 180.075016380323291 
5 15 1 6 16 2 4 23 12 18 17 13 9 1 7 17 9 4 10 28 6 1 31 1 14 22 2 16 2 2 12 12 8 3 5 11 4 1 6 17 19 6 10 16 7 15 32 1 1 2 2 2 3 12 11 20 8 3.36768017929769181 30 13 23.2814466953277588 59.4817850151655989 
5 15 1 6 16 2 4 23 12 12 12 7 9 1 7 17 9 4 15 20 1 1 31 1 14 22 2 16 2 2 3.36768017929769181 24 7 3 5 11 9.25570237641795579 1 11 17 19 6 10 16 7 15 32 1 1 2 2 2 3 12 11 20 8 3.36768017929769181 30 13 20.9415385723114014 97.7101949261166993 
6 3 8 6 1 6 4 5 2.70999124060388841 6 6 6 14 12 13 13 26 7 1 12 10 2 9 12 1 11 5 12 24 4 3 8 9 15 25 4 16 26 5 4 2 6.96245171630185755 16 1 2 4.94126535182462057 32 8 6 2 3 6 11 2 17 1 11 13 9 9.82524131762891173 17.5157336592674255 246.209000639883016 
5 15 1 6 16 2 4 23 12 18 17 13 9 1 7 17 9 4 10 28 6 1 31 1 14 22 2 16 2 2 9 24 13 3 5 11 12 6 9 17 19 6 10 16 7 15 32 1 1 2 2 2 3 12 11 20 8 3.36768017929769181 30 13 23.155606746673584 59.8353117388586355 
5 15 1 6 16 2 4 23 12 18 17 13 9 1 7 17 9 4 10 28 6 1 31 1 14 22 2 16 2 2 11 29 8 3 5 11 4 24 5 17 19 6 10 16 7 15 32 1 1 2 2 2 3 12 12 25 2 3.36768017929769181 30 13 24.0684177279472351 56.2829565672292347 
5 15 1 6 16 2 4 23 12 13 26 10 9 1 7 17 9 4 10 28 6 1 31 1 14 22 2 16 2 2 1 20 13 3 5 11 6 31 10 17 19 6 10 16 7 15 32 1 1 2 2 2 3 12 14 26 2.70999124060388841 3.36768017929769181 30 13 20.6582288146018982 107.99226887652479 
5 15 1 6 16 2 4 23 12 12 9 10 9 1 7 17 9 4 4 6 9 1 31 1 14 22 2 16 2 2 8 6 3 3 5 11 14 20 2.70999124060388841 17 19 6 13 15 5 15 32 1 1 2 2 2 3 12 11 20 8 3.36768017929769181 30 13 19.7179176211357117 127.887061657566733 
5 15 1 6 16 2 4 23 12 18 17 13 9 1 7 17 9 4 6 18 9 1 31 1 14 22 2 16 2 2 4 6 11 3 5 11 3.36768017929769181 14 3 17 19 6 10 16 7 15 32 1 1 2 2 2 3 12 11 20 8 3.36768017929769181 30 13 22.1961987018585205 76.233473728034852 
5 15 1 6 16 2 4 23 12 18 17 13 9 1 7 17 9 4 14 24 10 1 31 1 14 22 2 16 2 2 1 6 10 3 5 11 4 1 13 17 19 6 10 16 7 15 32 1 1 2 2 2 3 12 11 20 8 3.36768017929769181 30 13 21.591650664806366 90.8075353840059734 
5 15 1 6 16 2 4 23 12 11 20 3 9 1 7 17 9 4 10 28 6 1 31 1 14 22 2 16 2 2 6 22 2 3 5 11 4 6 9 17 19 6 10 16 7 15 32 1 1 2 2 2 3 12 4 26 10 3.36768017929769181 30 13 21.8121317625045776 80.9867902456280717 
13 1 3 6 19 13 16 30 5 17 30 7 4 30 12 3 24 11 3 8 2 8 30 12 14 18 10 6 20 12 14 30 10 1 20 7 15 12 7 2 5 4 3.36768017929769181 18 6.96245171630185755 15 13 5 1 1 5 4 8.22565314501180467 12 1 33 4 2 30 2 17.3001949489116669 280.383680872937475 
5 15 1 6 16 2 4 26 3 18 17 13 9 1 7 17 9 4 10 28 6 1 31 1 14 22 2 16 2 2 6 25 2.70999124060388841 3 5 11 12 26 4 17 19 6 10 16 7 15 32 1 1 2 2 2 3 12 11 20 8 3.36768017929769181 30 13 22.5199608206748962 70.1790286641820558 
5 15 1 6 16 2 4 23 12 18 17 13 9 1 7 17 9 4 12 19 3 1 31 1 14 22 2 16 2 2 14 14 13 3 5 11 4 24 4 17 19 6 10 16 7 15 32 1 1 2 2 2 3 12 11 20 8 3.36768017929769181 30 13 22.212049663066864 75.7979697473173388 
5 15 1 6 16 2 4 23 12 18 17 13 9 1 7 17 9 4 2 32 10 1 31 1 14 22 2 16 2 2 14 32 2.70999124060388841 3 5 11 9 20 3 17 19 6 10 16 7 15 32 1 1 2 2 2 3 12 11 20 8 3.36768017929769181 30 13 21.9961896538734436 80.4975996547115216 
5 15 1 6 16 2 4 23 12 12 25 12 9 1 7 17 9 4 10 28 6 1 31 1 14 22 2 16 2 2 12 6 7 3 5 11 6 32 12 17 19 6 10 16 7 15 32 1 1 2 2 2 3 12 4 26 10 3.36768017929769181 30 13 21.1331387162208557 91.3557990699128482 
5 15 1 6 16 2 4 23 12 18 14 13 9 1 7 17 9 4 10 28 6 1 31 1 14 22 2 16 2 2 11 29 8 3 5 11 12 4 5 17 19 6 10 16 7 15 32 1 1 2 2 2 3 12 11 20 8 3.36768017929769181 30 13 26.8212797045707703 52.0192885628247552 
5 15 1 6 16 2 4 23 12 18 17 13 9 1 7 17 9 4 10 28 6 1 31 1 14 22 2 16 2 2 11 29 8 3 5 11 4 6 4 17 19 6 10 16 7 15 32 1 1 2 2 2 3 12 11 20 8 3.36768017929769181 30 13 24.5310676693916321 54.6280230275181182 
13 6 13 1 25 7 17 17 7 14 26 8 15 8 1 4 18 10 17 31 13 13 17 10 14 31 2 6 30 3 3.36768017929769181 25 5 1 31 10 4 31 5 16 11 9 3 15 6.96245171630185755 12 32 12 13 5 2 6 15 11 8 15 7 12 9 11 17.3416253924369812 262.271627718686489 
5 15 1 6 16 2 4 23 12 3.36768017929769181 8 4 9 1 7 17 9 4 10 28 6 1 31 1 14 22 2 16 2 2 12 12 8 3 5 11 4 6 6.96245171630185755 17 19 6 10 16 7 15 32 1 1 2 2 2 3 12 11 20 8 3.36768017929769181 30 13 22.303395688533783 72.6077544185810524 
5 15 1 6 16 2 4 23 12 3 11 11 9 1 7 17 9 4 10 28 6 1 31 1 14 22 2 16 2 2 11 29 8 3 5 11 12 6 10 17 19 6 10 16 7 15 32 1 1 2 2 2 3 12 11 20 8 3.36768017929769181 30 13 23.8592135310173035 57.7089786728655483 
16 26 4 16 15 2.70999124060388841 15 31 13 4 24 9 1 26 8 14 26 12 14 25 2 17 8 11 13 25 7 12 18 5 4 6 9 1 9 10 14 24 10 17 19 2 8 16 6.96245171630185755 15 23 5 4.94126535182462057 25 10 13.2195649013323386 2 7 13 28 4 10 24 4 17.643317699432373 222.876559726110429 
5 15 1 6 16 2 4 23 12 14 26 2 9 1 7 17 9 4 10 28 6 1 31 1 14 22 2 16 2 2 6 15 12 3 5 11 4 25 12 17 19 6 10 16 7 15 32 1 1 2 2 2 3 12 11 20 8 3.36768017929769181 30 13 21.6591365933418274 86.7222907610623537 
5 15 1 6 16 2 4 23 12 18 17 13 9 1 7 17 9 4 10 28 6 1 31 1 14 22 2 16 2 2 11 26 11 3 5 11 12 4 5 17 19 6 10 16 7 15 32 1 1 2 2 2 3 12 11 20 8 3.36768017929769181 30 13 25.9965597987174988 52.8768489779109387 
5 15 1 6 16 2 4 23 12 18 17 13 9 1 7 17 9 4 10 28 6 1 31 1 14 22 2 16 2 2 6 32 11 3 5 11 12 6 9 17 19 6 10 16 7 15 32 1 1 2 2 2 3 12 11 20 8 3.36768017929769181 30 13 22.8865047693252563 65.5385350608366792 
15 9 13 9 30 12 8 20 8 2 30 8 6 25 6 12 6 3 17 24 4 17 11 12 8 32 5 4 6 13 8 31 8 3 6 12 17 18 2 4 16 4 12 8 2 14 32 2.70999124060388841 17 1 6 1 6 9 12 30 9 13 2 3 17.5714178085327148 240.784761437393001 
5 15 1 6 16 2 4 23 12 18 17 13 9 1 7 17 9 4 10 28 6 1 31 1 14 22 2 16 2 2 4 12 2 3 5 11 4 6 10 17 19 6 10 16 7 15 32 1 1 2 2 2 3 12 11 20 8 3.36768017929769181 30 13 22.96450275182724 61.8015411748485164 
4 11 2 6 16 2 4 23 12 12 18 2 9 1 7 17 9 4 6 6 8 1 31 1 14 22 2 16 2 2 4 24 2.70999124060388841 3 5 11 14 12 12 17 19 6 10 16 7 15 32 1 1 2 2 2 3 12 11 20 8 3.36768017929769181 30 13 20.23155677318573 117.800994194978287 
5 15 1 6 16 2 4 23 12 18 17 13 9 1 7 17 9 4 10 28 6 1 31 1 14 22 2 16 2 2 11 29 8 3 5 11 12 4 5 17 19 6 10 16 7 15 32 1 1 2 2 2 3 12 11 20 8 3.36768017929769181 30 13 26.9655126929283142 50.6686803148394063 
5 15 1 6 16 2 4 23 12 18 17 13 9 1 7 17 9 4 10 28 6 1 31 1 14 22 2 16 2 2 11 29 8 3 5 11 12 24 5 17 19 6 10 16 7 15 32 1 1 2 2 2 3 12 11 20 8 3.36768017929769181 30 13 24.7023256421089172 53.5811369703688385 
5 15 1 6 16 2 4 23 12 18 17 13 9 1 7 17 9 4 10 28 6 1 31 1 14 22 2 16 2 2 11 29 8 3 5 11 12 4 5 17 1 4 10 16 7 15 32 1 1 2 2 2 3 12 11 20 8 3.36768017929769181 30 13 26.5885837078094482 52.034719301528753 
5 15 1 6 16 2 4 23 12 18 17 13 9 1 7 17 9 4 10 28 6 1 31 1 14 22 2 16 2 2 9 26 8 3 5 11 12 4 5 17 19 6 10 16 7 15 32 1 1 2 2 2 3 12 11 20 8 3.36768017929769181 30 13 25.6357367634773254 53.136033292986788 
5 15 1 6 16 2 4 23 12 18 17 13 9 1 7 17 9 4 10 28 6 1 31 1 14 22 2 16 2 2 14 32 13 3 5 11 4 24 7 17 19 6 10 16 7 15 32 1 1 2 2 2 3 12 11 20 8 3.36768017929769181 30 13 22.7666727900505066 66.8247642370721451 
1 9 9 3 15 4 6 19 2 14 2 11 8 32 11 16 5.34074699537910114 8 10 6 9 11 13 9 10 24 6 9.25570237641795579 19 3.84646942076222631 14 15 5 2 23.4025356524426229 2 17.8244721320812971 6 1 12 14 10 16 12 10 14 18 6 6 30 7.75241283629571765 4 13 3 1.62229798836725392 15 12 16 24 11 19.4235290288925171 175.284694487517839 

MOEA/D: Multiobjective Evolutionary Algorithm Based on Decomposition
Number of Evaluations = 100000000
Mutation Probability = 0.0500000007450580597
Population Size = 190
Neighborhood size = 57
Seed: 13

Time =  26240.5315520000004

Current Evaluation = 100000040
Front Size = 38
5 15 1 6 16 2 4 23 12 18 17 13 9 1 7 17 9 4 10 28 6 1 31 1 14 22 2 16 2 2 11 29 8 3 5 11 4 1 9 17 19 6 10 16 7 15 32 1 1 2 2 2 3 12 11 20 8 3.36768017929769181 30 13 24.5913786292076111 54.0196800706671993 
5 15 1 6 16 2 4 23 12 12 33 13 9 1 7 17 9 4 14 6 3 1 31 1 14 22 2 16 2 2 15 22 2 3 5 11 9 30 7 17 19 6 10 16 7 15 32 1 1 2 2 2 3 12 11 20 8 3.36768017929769181 30 13 21.6152175068855286 89.3884933423201176 
5 15 1 6 16 2 4 23 12 18 17 13 9 1 7 17 9 4 10 28 6 1 31 1 14 22 2 16 2 2 12 24 8 3 5 11 4 6 10 17 19 6 10 16 7 15 32 1 1 2 2 2 3 12 11 20 8 3.36768017929769181 30 13 23.1067448258399963 59.8527417038191984 
1 3 7 4 6 1 1 1 2.70999124060388841 16 24 4 4 28 4 14 11 5 2 7 2 14 1 10 3 16.1354543567662532 6 13 18 7 17 31 11 4 9 13 14 5 2 4 15 11 1 32 13 6 20 1 5 26 3.84646942076222631 17 12 4 5 22 9.82524131762891173 12 16 11 19.0568287372589111 178.993131264540267 
14 5 5 16 30 2 3.36768017929769181 15 1 17 14 8 1 9 7 12 31 3 11 6 7 9 26 5 16 24 3 13 1 9 14 14 8 12 22 1 17 30 12 4 20 8 13 32 5 6 17 11 2 22 7 14 26 2 4 12 10 13 3 13 17.9126426577568054 180.075016380323291 
5 15 1 6 16 2 4 23 12 18 17 13 9 1 7 17 9 4 10 28 6 1 31 1 14 22 2 16 2 2 12 12 8 3 5 11 4 1 6 17 19 6 10 16 7 15 32 1 1 2 2 2 3 12 11 20 8 3.36768017929769181 30 13 23.2814466953277588 59.4817850151655989 
5 15 1 6 16 2 4 23 12 12 12 7 9 1 7 17 9 4 15 20 1 1 31 1 14 22 2 16 2 2 3.36768017929769181 24 7 3 5 11 9.25570237641795579 1 11 17 19 6 10 16 7 15 32 1 1 2 2 2 3 12 11 20 8 3.36768017929769181 30 13 20.9415385723114014 97.7101949261166993 
6 3 8 6 1 6 4 5 2.70999124060388841 6 6 6 14 12 13 13 26 7 1 12 10 2 9 12 1 11 5 12 24 4 3 8 9 15 25 4 16 26 5 4 2 6.96245171630185755 16 1 2 4.94126535182462057 32 8 6 2 3 6 11 2 17 1 11 13 9 9.82524131762891173 17.5157336592674255 246.209000639883016 
5 15 1 6 16 2 4 23 12 18 17 13 9 1 7 17 9 4 10 28 6 1 31 1 14 22 2 16 2 2 9 24 13 3 5 11 12 6 9 17 19 6 10 16 7 15 32 1 1 2 2 2 3 12 11 20 8 3.36768017929769181 30 13 23.155606746673584 59.8353117388586355 
5 15 1 6 16 2 4 23 12 18 17 13 9 1 7 17 9 4 10 28 6 1 31 1 14 22 2 16 2 2 11 29 8 3 5 11 4 24 5 17 19 6 10 16 7 15 32 1 1 2 2 2 3 12 12 25 2 3.36768017929769181 30 13 24.0684177279472351 56.2829565672292347 
5 15 1 6 16 2 4 23 12 13 26 10 9 1 7 17 9 4 10 28 6 1 31 1 14 22 2 16 2 2 1 20 13 3 5 11 6 31 10 17 19 6 10 16 7 15 32 1 1 2 2 2 3 12 14 26 2.70999124060388841 3.36768017929769181 30 13 20.6582288146018982 107.99226887652479 
5 15 1 6 16 2 4 23 12 12 9 10 9 1 7 17 9 4 4 6 9 1 31 1 14 22 2 16 2 2 8 6 3 3 5 11 14 20 2.70999124060388841 17 19 6 13 15 5 15 32 1 1 2 2 2 3 12 11 20 8 3.36768017929769181 30 13 19.7179176211357117 127.887061657566733 
5 15 1 6 16 2 4 23 12 18 17 13 9 1 7 17 9 4 6 18 9 1 31 1 14 22 2 16 2 2 4 6 11 3 5 11 3.36768017929769181 14 3 17 19 6 10 16 7 15 32 1 1 2 2 2 3 12 11 20 8 3.36768017929769181 30 13 22.1961987018585205 76.233473728034852 
5 15 1 6 16 2 4 23 12 18 17 13 9 1 7 17 9 4 14 24 10 1 31 1 14 22 2 16 2 2 1 6 10 3 5 11 4 1 13 17 19 6 10 16 7 15 32 1 1 2 2 2 3 12 11 20 8 3.36768017929769181 30 13 21.591650664806366 90.8075353840059734 
5 15 1 6 16 2 4 23 12 11 20 3 9 1 7 17 9 4 10 28 6 1 31 1 14 22 2 16 2 2 6 22 2 3 5 11 4 6 9 17 19 6 10 16 7 15 32 1 1 2 2 2 3 12 4 26 10 3.36768017929769181 30 13 21.8121317625045776 80.9867902456280717 
13 1 3 6 19 13 16 30 5 17 30 7 4 30 12 3 24 11 3 8 2 8 30 12 14 18 10 6 20 12 14 30 10 1 20 7 15 12 7 2 5 4 3.36768017929769181 18 6.96245171630185755 15 13 5 1 1 5 4 8.22565314501180467 12 1 33 4 2 30 2 17.3001949489116669 280.383680872937475 
5 15 1 6 16 2 4 26 3 18 17 13 9 1 7 17 9 4 10 28 6 1 31 1 14 22 2 16 2 2 6 25 2.70999124060388841 3 5 11 12 26 4 17 19 6 10 16 7 15 32 1 1 2 2 2 3 12 11 20 8 3.36768017929769181 30 13 22.5199608206748962 70.1790286641820558 
5 15 1 6 16 2 4 23 12 18 17 13 9 1 7 17 9 4 12 19 3 1 31 1 14 22 2 16 2 2 14 14 13 3 5 11 4 24 4 17 19 6 10 16 7 15 32 1 1 2 2 2 3 12 11 20 8 3.36768017929769181 30 13 22.212049663066864 75.7979697473173388 
5 15 1 6 16 2 4 23 12 18 17 13 9 1 7 17 9 4 2 32 10 1 31 1 14 22 2 16 2 2 14 32 2.70999124060388841 3 5 11 9 20 3 17 19 6 10 16 7 15 32 1 1 2 2 2 3 12 11 20 8 3.36768017929769181 30 13 21.9961896538734436 80.4975996547115216 
5 15 1 6 16 2 4 23 12 12 25 12 9 1 7 17 9 4 10 28 6 1 31 1 14 22 2 16 2 2 12 6 7 3 5 11 6 32 12 17 19 6 10 16 7 15 32 1 1 2 2 2 3 12 4 26 10 3.36768017929769181 30 13 21.1331387162208557 91.3557990699128482 
5 15 1 6 16 2 4 23 12 18 14 13 9 1 7 17 9 4 10 28 6 1 31 1 14 22 2 16 2 2 11 29 8 3 5 11 12 4 5 17 19 6 10 16 7 15 32 1 1 2 2 2 3 12 11 20 8 3.36768017929769181 30 13 26.8212797045707703 52.0192885628247552 
5 15 1 6 16 2 4 23 12 18 17 13 9 1 7 17 9 4 10 28 6 1 31 1 14 22 2 16 2 2 11 29 8 3 5 11 4 6 4 17 19 6 10 16 7 15 32 1 1 2 2 2 3 12 11 20 8 3.36768017929769181 30 13 24.5310676693916321 54.6280230275181182 
13 6 13 1 25 7 17 17 7 14 26 8 15 8 1 4 18 10 17 31 13 13 17 10 14 31 2 6 30 3 3.36768017929769181 25 5 1 31 10 4 31 5 16 11 9 3 15 6.96245171630185755 12 32 12 13 5 2 6 15 11 8 15 7 12 9 11 17.3416253924369812 262.271627718686489 
5 15 1 6 16 2 4 23 12 3.36768017929769181 8 4 9 1 7 17 9 4 10 28 6 1 31 1 14 22 2 16 2 2 12 12 8 3 5 11 4 6 6.96245171630185755 17 19 6 10 16 7 15 32 1 1 2 2 2 3 12 11 20 8 3.36768017929769181 30 13 22.303395688533783 72.6077544185810524 
5 15 1 6 16 2 4 23 12 3 11 11 9 1 7 17 9 4 10 28 6 1 31 1 14 22 2 16 2 2 11 29 8 3 5 11 12 6 10 17 19 6 10 16 7 15 32 1 1 2 2 2 3 12 11 20 8 3.36768017929769181 30 13 23.8592135310173035 57.7089786728655483 
16 26 4 16 15 2.70999124060388841 15 31 13 4 24 9 1 26 8 14 26 12 14 25 2 17 8 11 13 25 7 12 18 5 4 6 9 1 9 10 14 24 10 17 19 2 8 16 6.96245171630185755 15 23 5 4.94126535182462057 25 10 13.2195649013323386 2 7 13 28 4 10 24 4 17.643317699432373 222.876559726110429 
5 15 1 6 16 2 4 23 12 14 26 2 9 1 7 17 9 4 10 28 6 1 31 1 14 22 2 16 2 2 6 15 12 3 5 11 4 25 12 17 19 6 10 16 7 15 32 1 1 2 2 2 3 12 11 20 8 3.36768017929769181 30 13 21.6591365933418274 86.7222907610623537 
5 15 1 6 16 2 4 23 12 18 17 13 9 1 7 17 9 4 10 28 6 1 31 1 14 22 2 16 2 2 11 26 11 3 5 11 12 4 5 17 19 6 10 16 7 15 32 1 1 2 2 2 3 12 11 20 8 3.36768017929769181 30 13 25.9965597987174988 52.8768489779109387 
5 15 1 6 16 2 4 23 12 18 17 13 9 1 7 17 9 4 10 28 6 1 31 1 14 22 2 16 2 2 6 32 11 3 5 11 12 6 9 17 19 6 10 16 7 15 32 1 1 2 2 2 3 12 11 20 8 3.36768017929769181 30 13 22.8865047693252563 65.5385350608366792 
15 9 13 9 30 12 8 20 8 2 30 8 6 25 6 12 6 3 17 24 4 17 11 12 8 32 5 4 6 13 8 31 8 3 6 12 17 18 2 4 16 4 12 8 2 14 32 2.70999124060388841 17 1 6 1 6 9 12 30 9 13 2 3 17.5714178085327148 240.784761437393001 
5 15 1 6 16 2 4 23 12 18 17 13 9 1 7 17 9 4 10 28 6 1 31 1 14 22 2 16 2 2 4 12 2 3 5 11 4 6 10 17 19 6 10 16 7 15 32 1 1 2 2 2 3 12 11 20 8 3.36768017929769181 30 13 22.96450275182724 61.8015411748485164 
4 11 2 6 16 2 4 23 12 12 18 2 9 1 7 17 9 4 6 6 8 1 31 1 14 22 2 16 2 2 4 24 2.70999124060388841 3 5 11 14 12 12 17 19 6 10 16 7 15 32 1 1 2 2 2 3 12 11 20 8 3.36768017929769181 30 13 20.23155677318573 117.800994194978287 
5 15 1 6 16 2 4 23 12 18 17 13 9 1 7 17 9 4 10 28 6 1 31 1 14 22 2 16 2 2 11 29 8 3 5 11 12 4 5 17 19 6 10 16 7 15 32 1 1 2 2 2 3 12 11 20 8 3.36768017929769181 30 13 26.9655126929283142 50.6686803148394063 
5 15 1 6 16 2 4 23 12 18 17 13 9 1 7 17 9 4 10 28 6 1 31 1 14 22 2 16 2 2 11 29 8 3 5 11 12 24 5 17 19 6 10 16 7 15 32 1 1 2 2 2 3 12 11 20 8 3.36768017929769181 30 13 24.7023256421089172 53.5811369703688385 
5 15 1 6 16 2 4 23 12 18 17 13 9 1 7 17 9 4 10 28 6 1 31 1 14 22 2 16 2 2 11 29 8 3 5 11 12 4 5 17 1 4 10 16 7 15 32 1 1 2 2 2 3 12 11 20 8 3.36768017929769181 30 13 26.5885837078094482 52.034719301528753 
5 15 1 6 16 2 4 23 12 18 17 13 9 1 7 17 9 4 10 28 6 1 31 1 14 22 2 16 2 2 9 26 8 3 5 11 12 4 5 17 19 6 10 16 7 15 32 1 1 2 2 2 3 12 11 20 8 3.36768017929769181 30 13 25.6357367634773254 53.136033292986788 
5 15 1 6 16 2 4 23 12 18 17 13 9 1 7 17 9 4 10 28 6 1 31 1 14 22 2 16 2 2 14 32 13 3 5 11 4 24 7 17 19 6 10 16 7 15 32 1 1 2 2 2 3 12 11 20 8 3.36768017929769181 30 13 22.7666727900505066 66.8247642370721451 
1 9 9 3 15 4 6 19 2 14 2 11 8 32 11 16 5.34074699537910114 8 10 6 9 11 13 9 10 24 6 9.25570237641795579 19 3.84646942076222631 14 15 5 2 23.4025356524426229 2 17.8244721320812971 6 1 12 14 10 16 12 10 14 18 6 6 30 7.75241283629571765 4 13 3 1.62229798836725392 15 12 16 24 11 19.4235290288925171 175.284694487517839 

