Current Evaluation = 10000000(10000080)
Front Size = 36
9 15 9 14 8 8 17 17 11 1 21 12 16 23 2.70999124060388841 18 2 2 11 16 6 4 33 10 16 26 2 15 22 11 14 12 12 2 9 13 3 1 6 12 16 4 4 6 5 4 9 4 1 25 13 5 30 12 6 32 11 2 12 5 22.6552528142929077 101.942049847907228 
9 15 9 14 8 8 12 32 6 1 21 12 16 23 2.70999124060388841 18 2 2 11 16 6 4 33 10 16 26 2 15 22 11 14 12 12 2 9 13 3 1 6 12 16 4 3.36768017929769181 15 5 9 2 10 1 25 13 5 30 12 6 32 11 12 9 9 22.9875438213348389 91.2664855635665049 
9 15 9 14 8 8 17 17 11 1 21 12 16 23 2.70999124060388841 18 2 2 11 16 6 4 33 10 16 26 2 15 22 11 14 12 12 2 9 13 3 1 6 10 12 1 12 23 7 9 2 10 1 25 13 5 30 12 6 32 11 1 15 12 23.8842259049415588 83.503479887000168 
9 15 9 14 8 8 17 17 11 15 18 8 16 23 2.70999124060388841 18 2 2 11 16 6 4 33 10 16 26 2 15 22 11 14 12 12 2 9 13 3 1 6 12 16 4 4 4 7 9 2 10 1 25 13 5 30 12 6 32 11 15 15 1 24.4618055820465088 77.9999865631444749 
9 15 9 14 8 8 17 17 11 9 25 2 16 23 2.70999124060388841 18 2 2 11 16 6 10 1 12 16 26 2 15 22 11 14 12 12 2 9 13 3 1 6 12 16 4 6 9 7 9 2 10 1 25 13 5 30 12 6 32 11 13 30 9 21.5912656784057617 130.938843451974748 
9 15 9 14 8 8 17 17 11 1 21 12 16 23 2.70999124060388841 18 2 2 11 16 6 4 33 10 16 26 2 15 22 11 14 12 12 2 9 13 3 1 6 12 16 4 4 4 7 9 2 10 1 25 13 5 30 12 6 32 11 10 15 2 25.7485747337341309 70.5606008162569935 
9 15 9 14 8 8 17 17 11 1 21 12 16 23 2.70999124060388841 18 2 2 11 16 6 4 33 10 16 26 2 15 22 11 14 12 12 2 9 13 3 1 6 12 16 4 1 32 2.70999124060388841 9 2 10 1 25 13 5 30 12 6 32 11 17 1 7 22.8982638716697693 95.2149627496686293 
9 15 9 14 8 8 17 17 11 1 21 12 16 23 2.70999124060388841 18 2 2 11 16 6 4 33 10 16 26 2 15 22 11 14 12 12 2 9 13 3 1 6 12 16 4 4 4 7 9 2 10 1 25 13 5 30 12 6 32 11 11 6 7 25.6726007461547852 72.9362425075237297 
9 15 9 14 8 8 17 17 11 2 24 6 12 25 13 18 2 2 11 16 6 4 33 10 16 26 2 15 22 11 14 12 12 2 9 13 3 1 6 12 16 4 6 24 5 9 2 10 1 25 13 5 30 12 6 32 11 17 25 11 21.5998217463493347 117.071651912594334 
9 15 9 14 8 8 17 17 11 1 21 12 16 23 2.70999124060388841 18 2 2 11 16 6 4 33 10 16 26 2 15 22 11 14 12 12 2 9 13 3 1 6 12 16 4 10 13 5 9 2 10 15 31 13 5 30 12 6 32 11 3.36768017929769181 24 7 23.7796779274940491 84.5548609560566007 
17 15 3 6 6 12 9 29 1 14 5 11 3.36768017929769181 28 4 13 19 9 2 18 12 15 12 6.96245171630185755 6 1 1 2 17 3 3 30 12 2 7 12 4.94126535182462057 26 13 3 24 8 16 25 2 10 15 7 3 23 9 6 25 9.82524131762891173 15 32 5 18 6 6 21.061517059803009 175.294896335524442 
9 15 9 14 8 8 17 17 11 1 21 12 16 23 2.70999124060388841 18 2 2 11 16 6 4 33 10 16 26 2 15 22 11 14 12 12 2 9 13 3 1 6 12 16 4 4 4 7 9 2 10 3.36768017929769181 24 2 5 30 12 6 32 11 14 17 1 25.4696356058120728 73.7202324018577428 
5 9 8 4 1 3 15 16 12 13 31 2 11 25 7 3.36768017929769181 28 7 6 6 13 1 26 4 15 19 11 6 20 4 12 15 7 16 11 11 14 13 11 9 30 8 11 24 3 1 29 11 13 16.1354543567662532 6 16 8.22565314501180467 9.82524131762891173 2 17 8 16 31.8448655754823804 7.75241283629571765 21.2861924767494202 169.719070892987332 
12 28 3 4 15 5 6 3 6 14 30 1 6 20 8 17 18 2 1 19 8 15 5 4 14 30 13 1 28 13 16 12 10 16 25 9 15 3 2.70999124060388841 9.25570237641795579 13 3.84646942076222631 4 30 6 14 5 7 6 1 10 18 24 12 1 32 10 10 30 9.82524131762891173 18.6789780259132385 198.814370132791197 
14 31 3 8 3 7 12 26 10 1 24 2 6 11 7 16 16 13 17 32 5 3 32 11 9 23 12 2 18 2 10 5 7 17 9 2.70999124060388841 6 22 10 5 19 7 6 1 12 4 14 8 1 6 9 10 32 5 13 25 2 17 24 2 19.5587137937545776 179.711396936396937 
9 15 9 6 3 8 5 18 11 1 21 12 16 23 2.70999124060388841 18 2 2 11 16 6 4 33 10 16 26 2 15 22 11 14 12 12 2 9 13 3 1 6 12 16 4 4 4 7 9 2 10 18 27 2.70999124060388841 5 30 12 6 32 11 14 28 1 28.2816604375839233 60.0738897728312935 
9 15 9 6 3 8 5 18 11 1 21 12 16 23 2.70999124060388841 18 2 2 11 16 6 4 33 10 16 26 2 15 22 11 14 12 12 2 9 13 3 1 6 12 16 4 4 15 2 9 2 10 14 14 11 5 30 12 6 32 11 11 6 8 23.9678806662559509 82.6250575633396807 
9 15 9 6 3 8 5 18 11 1 21 12 16 23 2.70999124060388841 18 2 2 11 16 6 4 33 10 16 26 2 15 22 11 14 12 12 2 9 13 3 1 6 12 16 4 16 15 2 9 2 10 18 27 2.70999124060388841 5 30 12 6 32 11 14 31 1 25.597709596157074 73.2133752813806353 
9 15 9 6 3 8 5 18 11 1 21 12 16 23 2.70999124060388841 18 2 2 11 16 6 4 33 10 16 26 2 15 22 11 14 12 12 2 9 13 3 1 6 12 16 4 4 4 7 9 2 10 18 27 2.70999124060388841 5 30 12 6 32 11 14 3 13 27.8214805126190186 61.4986097147539397 
9 15 9 6 3 8 5 18 11 1 21 12 16 23 2.70999124060388841 18 2 2 11 16 6 4 33 10 16 26 2 15 22 11 14 12 12 2 9 13 3 1 6 12 16 4 4 4 7 9 2 10 18 27 2.70999124060388841 5 30 12 6 32 11 1 15 11 27.8470315337181091 61.0521906656465418 
9 15 9 6 3 8 5 18 11 1 21 12 16 23 2.70999124060388841 18 2 2 11 16 6 4 33 10 16 26 2 15 22 11 14 12 12 2 9 13 3 1 6 12 16 4 4 4 7 9 2 10 18 27 2.70999124060388841 5 30 12 6 32 11 14 3 1 27.9034805297851562 60.821386438950988 
9 15 9 6 3 8 5 18 11 1 21 12 16 23 2.70999124060388841 18 2 2 11 16 6 4 33 10 16 26 2 15 22 11 14 12 12 2 9 13 3 1 6 12 16 4 10 28 3 9 2 10 18 27 2.70999124060388841 5 30 12 6 32 11 5 24 13 27.2578938007354736 65.2991084653865812 
9 15 9 6 3 8 5 18 11 1 21 12 16 23 2.70999124060388841 18 2 2 11 16 6 4 33 10 16 26 2 15 22 11 14 12 12 2 9 13 3 1 6 12 16 4 4 4 7 9 2 10 18 27 2.70999124060388841 5 30 12 6 32 11 1 3 1 28.0828555822372437 60.1159884442889236 
9 15 9 6 3 8 5 18 11 1 21 12 16 23 2.70999124060388841 18 2 2 11 16 6 4 33 10 16 26 2 15 22 11 14 12 12 2 9 13 3 1 6 12 16 4 10 28 1 9 2 10 18 27 2.70999124060388841 5 30 12 6 32 11 8 22 5 27.3228787183761597 63.1176114463098301 
9 15 9 6 3 8 5 18 11 1 21 12 16 23 2.70999124060388841 18 2 2 11 16 6 4 33 10 16 26 2 15 22 11 14 12 12 2 9 13 3 1 6 12 16 4 16 20 4 9 2 10 15 22 4 5 30 12 6 32 11 8 24 5 23.5331127643585205 85.8984243107679077 
16 11 12 15 20 4 1 1 2.70999124060388841 4 15 1 9.25570237641795579 19 2 15 22 13 4 24 11 12 30 11 5 19 13 1 6 3.84646942076222631 2 28 5 5 24 2 4 14 1 4 5 12 2 31 3 15 26 11 8 22 9 16 33 12 1 30 3 6 24 9 20.5826870799064636 179.633776213644353 
9 15 9 6 3 8 5 18 11 1 21 12 16 23 2.70999124060388841 9 26 4 11 16 6 4 33 10 16 26 2 15 22 11 14 12 12 2 9 13 3 1 6 12 16 4 4 4 7 9 2 10 16 7 2.70999124060388841 5 30 12 6 32 11 13 24 3 24.7499135732650757 73.939942458142184 
9 15 9 6 3 8 5 18 11 1 21 12 16 23 2.70999124060388841 9 6 9 11 16 6 4 33 10 16 26 2 15 22 11 14 12 12 2 9 13 3 1 6 12 16 4 4 4 7 9 2 10 15 12 2 5 30 12 6 32 11 16 13 2.70999124060388841 24.544903576374054 77.9778692255396777 
9 15 9 6 3 8 5 18 11 1 21 12 16 23 2.70999124060388841 18 2 2 11 16 6 4 33 10 16 26 2 15 22 11 14 12 12 2 9 13 3 1 6 12 16 4 4 4 7 9 2 10 18 27 2.70999124060388841 5 30 12 6 32 11 15 10 11 30.474920392036438 59.1333575206399971 
8 5.34074699537910114 10 9.25570237641795579 32 2 2 30 12 11 16 8 15 8.22565314501180467 4 13 24 5 6 1 3 16 25 10 6 2 4 18 19 6 4 26 12 5 8 4 9 19 9 16 32 1 14 15 1 12 24 11 17 22 2 11 26 13 6 6 1 4 20 2 21.1920878291130066 171.658809637032419 
9 15 9 6 3 8 5 18 11 1 21 12 16 23 2.70999124060388841 18 2 2 11 16 6 4 33 10 16 26 2 15 22 11 14 12 12 2 9 13 3 1 6 12 16 4 9 24 5 9 2 10 18 27 2.70999124060388841 5 30 12 6 32 11 1 15 13 25.8313305974006653 70.5199034728788234 
1 6 2 16 14 9 4 30 1 10 12 7 14 6 7 8 5.34074699537910114 9 9.25570237641795579 26 12 13 24 12 15 8.22565314501180467 13 13.2195649013323386 14 6 6 24 8 17.8244721320812971 25 5 4 9 9 14 3 12 8 17 12 1 30 6 3 24 2 17 6 6 16 2 7 13 9 5 17.5926969647407532 210.91780349429726 
9 15 9 6 3 8 5 18 11 1 21 12 16 23 2.70999124060388841 18 2 2 11 16 6 4 33 10 16 26 2 15 22 11 14 12 12 2 9 13 3 1 6 12 16 4 4 4 7 9 2 10 16 6 1 5 30 12 6 32 11 2 5.34074699537910114 3 25.8511605858802795 70.1803281566164969 
9 14 2 1 32 13 6 22 2 3 30 5 3.36768017929769181 6 6.96245171630185755 12 1 6 10 13 9 14 9 11 1 7 9 13 32 7 17 24 3.84646942076222631 14 1 9.82524131762891173 16 30 2 6 2 4 11 26 12 4 16 5 5 24 8 6 26 7 17.8244721320812971 1 10 16 22 13 18.7778299152851105 180.584104708500973 
9 15 9 6 3 8 5 18 11 1 21 12 16 23 2.70999124060388841 18 2 2 11 16 6 4 33 10 16 26 2 15 22 11 14 12 12 2 9 13 3 1 6 12 16 4 4 4 7 9 2 10 10 26 8 5 30 12 6 32 11 14 31 1 25.9005215764045715 66.8375119413688452 
9 15 9 6 3 8 5 18 11 13 22 9 16 23 2.70999124060388841 18 2 2 11 16 6 4 33 10 16 26 2 15 22 11 14 12 12 2 9 13 3 1 6 12 16 4 13 31 8 9 2 10 15 20 2.70999124060388841 5 30 12 6 32 11 16 5 2 22.3903135061264038 105.50070239753839 

Current Evaluation = 20000000(20000160)
Front Size = 41
9 15 9 14 8 8 17 17 11 1 21 12 16 23 2.70999124060388841 18 2 2 11 16 6 4 33 10 16 26 2 15 22 11 14 12 12 2 9 13 3 1 6 12 16 4 4 6 5 4 9 4 1 25 13 5 30 12 6 32 11 2 12 5 22.6552528142929077 101.942049847907228 
9 15 9 14 8 8 12 32 6 1 21 12 16 23 2.70999124060388841 18 2 2 11 16 6 4 33 10 16 26 2 15 22 11 14 12 12 2 9 13 3 1 6 12 16 4 3.36768017929769181 15 5 9 2 10 1 25 13 5 30 12 6 32 11 12 9 9 22.9875438213348389 91.2664855635665049 
9 15 9 14 8 8 17 17 11 1 21 12 16 23 2.70999124060388841 18 2 2 11 16 6 4 33 10 16 26 2 15 22 11 14 12 12 2 9 13 3 1 6 10 12 1 12 23 7 9 2 10 1 25 13 5 30 12 6 32 11 1 15 12 23.8842259049415588 83.503479887000168 
9 15 9 14 8 8 17 17 11 15 18 8 16 23 2.70999124060388841 18 2 2 11 16 6 4 33 10 16 26 2 15 22 11 14 12 12 2 9 13 3 1 6 12 16 4 4 4 7 9 2 10 1 25 13 5 30 12 6 32 11 15 15 1 24.4618055820465088 77.9999865631444749 
9 15 9 14 8 8 17 17 11 1 21 12 16 23 2.70999124060388841 18 2 2 11 16 6 4 33 10 16 26 2 15 22 11 14 12 12 2 9 13 3 1 6 12 16 4 1 32 2.70999124060388841 9 2 10 1 25 13 5 30 12 6 32 11 17 1 7 22.8982638716697693 95.2149627496686293 
9 15 9 14 8 8 17 17 11 2 24 6 12 25 13 18 2 2 11 16 6 4 33 10 16 26 2 15 22 11 14 12 12 2 9 13 3 1 6 12 16 4 6 24 5 9 2 10 1 25 13 5 30 12 6 32 11 17 25 11 21.5998217463493347 117.071651912594334 
9 15 9 14 8 8 17 17 11 1 21 12 16 23 2.70999124060388841 18 2 2 11 16 6 4 33 10 16 26 2 15 22 11 14 12 12 2 9 13 3 1 6 12 16 4 10 13 5 9 2 10 15 31 13 5 30 12 6 32 11 3.36768017929769181 24 7 23.7796779274940491 84.5548609560566007 
9 15 9 14 8 8 17 17 11 1 21 12 16 23 2.70999124060388841 18 2 2 11 16 6 4 33 10 16 26 2 15 22 11 14 12 12 2 9 13 3 1 6 12 16 4 4 4 7 9 2 10 3.36768017929769181 24 2 5 30 12 6 32 11 14 17 1 25.4696356058120728 73.7202324018577428 
12 28 3 4 15 5 6 3 6 14 30 1 6 20 8 17 18 2 1 19 8 15 5 4 14 30 13 1 28 13 16 12 10 16 25 9 15 3 2.70999124060388841 9.25570237641795579 13 3.84646942076222631 4 30 6 14 5 7 6 1 10 18 24 12 1 32 10 10 30 9.82524131762891173 18.6789780259132385 198.814370132791197 
14 31 3 8 3 7 12 26 10 1 24 2 6 11 7 16 16 13 17 32 5 3 32 11 9 23 12 2 18 2 10 5 7 17 9 2.70999124060388841 6 22 10 5 19 7 6 1 12 4 14 8 1 6 9 10 32 5 13 25 2 17 24 2 19.5587137937545776 179.711396936396937 
9 15 9 6 3 8 5 18 11 1 21 12 16 23 2.70999124060388841 18 2 2 11 16 6 4 33 10 16 26 2 15 22 11 14 12 12 2 9 13 3 1 6 12 16 4 4 4 7 9 2 10 18 27 2.70999124060388841 5 30 12 6 32 11 14 28 1 28.2816604375839233 60.0738897728312935 
9 15 9 6 3 8 5 18 11 1 21 12 16 23 2.70999124060388841 18 2 2 11 16 6 4 33 10 16 26 2 15 22 11 14 12 12 2 9 13 3 1 6 12 16 4 4 15 2 9 2 10 14 14 11 5 30 12 6 32 11 11 6 8 23.9678806662559509 82.6250575633396807 
9 15 9 6 3 8 5 18 11 1 21 12 16 23 2.70999124060388841 18 2 2 11 16 6 4 33 10 16 26 2 15 22 11 14 12 12 2 9 13 3 1 6 12 16 4 4 4 7 9 2 10 18 27 2.70999124060388841 5 30 12 6 32 11 1 3 1 28.0828555822372437 60.1159884442889236 
9 15 9 6 3 8 5 18 11 1 21 12 16 23 2.70999124060388841 18 2 2 11 16 6 4 33 10 16 26 2 15 22 11 14 12 12 2 9 13 3 1 6 12 16 4 10 28 1 9 2 10 18 27 2.70999124060388841 5 30 12 6 32 11 8 22 5 27.3228787183761597 63.1176114463098301 
9 15 9 6 3 8 5 18 11 1 21 12 16 23 2.70999124060388841 18 2 2 11 16 6 4 33 10 16 26 2 15 22 11 14 12 12 2 9 13 3 1 6 12 16 4 16 20 4 9 2 10 15 22 4 5 30 12 6 32 11 8 24 5 23.5331127643585205 85.8984243107679077 
9 15 9 6 3 8 5 18 11 1 21 12 16 23 2.70999124060388841 9 26 4 11 16 6 4 33 10 16 26 2 15 22 11 14 12 12 2 9 13 3 1 6 12 16 4 4 4 7 9 2 10 16 7 2.70999124060388841 5 30 12 6 32 11 13 24 3 24.7499135732650757 73.939942458142184 
1 6 2 16 14 9 4 30 1 10 12 7 14 6 7 8 5.34074699537910114 9 9.25570237641795579 26 12 13 24 12 15 8.22565314501180467 13 13.2195649013323386 14 6 6 24 8 17.8244721320812971 25 5 4 9 9 14 3 12 8 17 12 1 30 6 3 24 2 17 6 6 16 2 7 13 9 5 17.5926969647407532 210.91780349429726 
9 14 2 1 32 13 6 22 2 3 30 5 3.36768017929769181 6 6.96245171630185755 12 1 6 10 13 9 14 9 11 1 7 9 13 32 7 17 24 3.84646942076222631 14 1 9.82524131762891173 16 30 2 6 2 4 11 26 12 4 16 5 5 24 8 6 26 7 17.8244721320812971 1 10 16 22 13 18.7778299152851105 180.584104708500973 
9 15 9 6 3 8 5 18 11 1 21 12 16 23 2.70999124060388841 18 2 2 11 16 6 4 33 10 16 26 2 15 22 11 14 12 12 2 9 13 3 1 6 12 16 4 4 4 7 9 2 10 10 26 8 5 30 12 6 32 11 14 31 1 25.9005215764045715 66.8375119413688452 
9 15 9 6 3 8 5 18 11 13 22 9 16 23 2.70999124060388841 18 2 2 11 16 6 4 33 10 16 26 2 15 22 11 14 12 12 2 9 13 3 1 6 12 16 4 13 31 8 9 2 10 15 20 2.70999124060388841 5 30 12 6 32 11 16 5 2 22.3903135061264038 105.50070239753839 
9 15 9 6 3 8 5 18 11 1 21 12 16 23 2.70999124060388841 18 2 2 11 16 6 4 33 10 16 26 2 15 22 11 14 12 12 2 9 13 3 1 6 12 16 4 16 6 1 9 2 10 18 27 2.70999124060388841 5 30 12 6 32 11 15 31 9 25.5785036087036133 72.8303027250992017 
9 15 9 6 3 8 5 18 11 1 21 12 16 23 2.70999124060388841 15 5.34074699537910114 8 11 16 6 4 33 10 16 26 2 15 22 11 14 12 12 2 9 13 3 1 6 12 16 4 3 30 1 9 2 10 4 6 6 5 30 12 6 32 11 6 20 12 22.351323664188385 108.358341875956697 
9 15 9 6 3 8 5 18 11 1 21 12 16 23 2.70999124060388841 18 2 2 11 16 6 4 33 10 16 26 2 15 22 11 14 12 12 2 9 13 3 1 6 12 16 4 4 4 7 9 2 10 18 27 2.70999124060388841 5 30 12 6 32 11 14 31 1 27.6852185130119324 62.0137718952560419 
16 8 12 6 26 13 3.36768017929769181 30 1 10 31 12 9 12 10 4 2 5 1 19 13 1 1 4 3 24 9 2 14 13 9 16.1354543567662532 2 18 31 8 6 9 3.84646942076222631 1 23.4025356524426229 1 17 6 5 15 17 12 3 16 9 9 1 12 17.8244721320812971 14 8 13 1 4 20.8563016653060913 177.311568298034473 
9 15 9 6 3 8 5 18 11 1 21 12 16 23 2.70999124060388841 18 2 2 11 16 6 4 33 10 16 26 2 15 22 11 14 12 12 2 9 13 3 1 6 12 16 4 10 1 10 9 2 10 17 13 2.70999124060388841 5 30 12 6 32 11 4 19 3 24.3157408237457275 81.7868248306882322 
8 16 1 16 20 11 3 12 7 1 6 11 1 3 10 3.36768017929769181 9 10 9.25570237641795579 20 5 6 25 13 1 31 5 15 30 1 14 6 13 9 30 9 6 15 8 13 30 2 2 12 11 3 2 9 3 5 11 6 24 5 15 23 10 12 25 5 17.3895408511161804 236.129252120428589 
9 15 9 6 3 8 5 18 11 1 21 12 16 23 2.70999124060388841 3 6 7 11 16 6 4 33 10 16 26 2 15 22 11 14 12 12 2 9 13 3 1 6 12 16 4 4 4 7 9 2 10 12 11 4 5 30 12 6 32 11 14 18 2 24.4685056805610657 76.7639713272354953 
3.36768017929769181 17 12 9.25570237641795579 1 3.84646942076222631 12 22 5 16 13 12 14 15 5 14 31 9.82524131762891173 6 7 13.151007650947605 3 14 13 12 1 3 6 26 4 13 16 5 2 22 7 15 9 3 16 24 2 12 17 13 16 31 2 18 33 5 12 18.140740276750666 4 14 6 9 5 1 5 20.5595839023590088 178.517844573726933 
9 15 9 6 3 8 5 18 11 1 21 12 16 23 2.70999124060388841 18 2 2 11 16 6 4 33 10 16 26 2 15 22 11 14 12 12 2 9 13 3 1 6 12 16 4 10 6 1 9 2 10 18 27 2.70999124060388841 5 30 12 6 32 11 12 18 3 26.4276317358016968 66.6947825995813588 
9 15 9 6 3 8 5 18 11 1 21 12 16 23 2.70999124060388841 18 2 2 11 16 6 4 33 10 16 26 2 15 22 11 14 12 12 2 9 13 3 1 6 12 16 4 4 4 7 9 2 10 18 27 2.70999124060388841 5 30 12 6 32 11 15 10 11 30.474920392036438 58.7257522797870735 
9 15 9 6 3 8 5 18 11 1 21 12 16 23 2.70999124060388841 18 2 2 11 16 6 4 33 10 16 26 2 15 22 11 14 12 12 2 9 13 3 1 6 12 16 4 4 4 7 9 2 10 16 20 1 5 30 12 6 32 11 1 24 8 25.5441806316375732 73.0368064364747198 
9 15 9 6 3 8 5 18 11 1 21 12 16 23 2.70999124060388841 18 2 2 11 16 6 4 33 10 16 26 2 15 22 11 14 12 12 2 9 13 3 1 6 12 16 4 4 4 7 9 2 10 18 27 2.70999124060388841 5 30 12 6 32 11 15 22 1 28.2961205244064331 58.9527916098275924 
9 15 9 6 3 8 5 18 11 1 21 12 16 23 2.70999124060388841 18 2 2 11 16 6 4 33 10 16 26 2 15 22 11 14 12 12 2 9 13 3 1 6 12 16 4 4 4 7 9 2 10 16 5 2.70999124060388841 5 30 12 6 32 11 1 15 8 25.7107555866241455 68.4443700922920044 
9 15 9 6 3 8 5 18 11 1 21 12 16 23 2.70999124060388841 18 2 2 11 16 6 4 33 10 16 26 2 15 22 11 14 12 12 2 9 13 3 1 6 12 16 4 17 14 7 9 2 10 3 5 2.70999124060388841 5 30 12 6 32 11 14 6 9 23.2192186713218689 90.6273855909557255 
1 6 7 9 8 10 1 32 4 15 24 2 14 32 13 13 16 10 11 5.34074699537910114 10 17 9 1 15 16.1354543567662532 7 4.94126535182462057 12 1 17 30 11 18 25 9 13.2195649013323386 13 3 14 20 13 15 3 4 4 31 8 17 6 11 1 32 6 4 12 11 6 26 7 18.169191837310791 203.969201500805241 
14 14 4 1 24 4 3.36768017929769181 32 11 10 18 7 6 24 9 14 8 6 15 31 13 17 9 5 16 11 8 9 2 13 13 3 13 6 19 12 12 16 8 18 33 1 1 15 7 11 1 4 4 16 5 9.25570237641795579 25 8 14 1 1 15 12 13 21.0169227719306946 170.965606452371162 
9 15 9 6 3 8 5 18 11 1 21 12 16 23 2.70999124060388841 18 2 2 11 16 6 4 33 10 16 26 2 15 22 11 14 12 12 2 9 13 3 1 6 12 16 4 17 6 1 9 2 10 1 15 4 5 30 12 6 32 11 13 14 12 23.4227777123451233 85.9879212208173414 
9 15 9 6 3 8 5 18 11 1 21 12 16 23 2.70999124060388841 12 1 6 13 30 10 4 33 10 16 26 2 15 22 11 14 12 12 2 9 13 3 1 6 12 16 4 6 31 1 9 2 10 14 18 11 5 30 12 6 32 11 12 18 4 21.1719038486480713 128.888510403279469 
9 15 9 6 3 8 5 18 11 1 21 12 16 23 2.70999124060388841 18 2 2 11 16 6 4 33 10 16 26 2 15 22 11 14 12 12 2 9 13 3 1 6 12 16 4 4 4 7 9 2 10 18 27 2.70999124060388841 5 30 12 6 32 11 14 15 1 27.7630565166473389 60.4021028555732187 
9 15 9 6 3 8 5 18 11 1 21 12 16 23 2.70999124060388841 18 2 2 11 16 6 4 33 10 16 26 2 15 22 11 14 12 12 2 9 13 3 1 6 12 16 4 11 28 10 9 2 10 18 27 2.70999124060388841 5 30 12 6 32 11 14 15 11 26.6854876279830933 64.8799071981651707 
9 15 9 6 3 8 5 18 11 1 21 12 16 23 2.70999124060388841 18 2 2 11 16 6 4 33 10 16 26 2 15 22 11 14 12 12 2 9 13 3 1 6 12 16 4 10 23 3 9 2 10 18 27 2.70999124060388841 5 30 12 6 32 11 13 15 5 26.6033856272697449 65.311961533394765 

Current Evaluation = 30000000(30000050)
Front Size = 35
9 15 9 14 8 8 17 17 11 1 21 12 16 23 2.70999124060388841 18 2 2 11 16 6 4 33 10 16 26 2 15 22 11 14 12 12 2 9 13 3 1 6 12 16 4 4 6 5 4 9 4 1 25 13 5 30 12 6 32 11 2 12 5 22.6552528142929077 101.942049847907228 
9 15 9 14 8 8 12 32 6 1 21 12 16 23 2.70999124060388841 18 2 2 11 16 6 4 33 10 16 26 2 15 22 11 14 12 12 2 9 13 3 1 6 12 16 4 3.36768017929769181 15 5 9 2 10 1 25 13 5 30 12 6 32 11 12 9 9 22.9875438213348389 91.2664855635665049 
9 15 9 14 8 8 17 17 11 2 24 6 12 25 13 18 2 2 11 16 6 4 33 10 16 26 2 15 22 11 14 12 12 2 9 13 3 1 6 12 16 4 6 24 5 9 2 10 1 25 13 5 30 12 6 32 11 17 25 11 21.5998217463493347 117.071651912594334 
12 28 3 4 15 5 6 3 6 14 30 1 6 20 8 17 18 2 1 19 8 15 5 4 14 30 13 1 28 13 16 12 10 16 25 9 15 3 2.70999124060388841 9.25570237641795579 13 3.84646942076222631 4 30 6 14 5 7 6 1 10 18 24 12 1 32 10 10 30 9.82524131762891173 18.6789780259132385 198.814370132791197 
9 15 9 6 3 8 5 18 11 1 21 12 16 23 2.70999124060388841 18 2 2 11 16 6 4 33 10 16 26 2 15 22 11 14 12 12 2 9 13 3 1 6 12 16 4 16 20 4 9 2 10 15 22 4 5 30 12 6 32 11 8 24 5 23.5331127643585205 85.8984243107679077 
9 15 9 6 3 8 5 18 11 1 21 12 16 23 2.70999124060388841 9 26 4 11 16 6 4 33 10 16 26 2 15 22 11 14 12 12 2 9 13 3 1 6 12 16 4 4 4 7 9 2 10 16 7 2.70999124060388841 5 30 12 6 32 11 13 24 3 24.7499135732650757 73.939942458142184 
1 6 2 16 14 9 4 30 1 10 12 7 14 6 7 8 5.34074699537910114 9 9.25570237641795579 26 12 13 24 12 15 8.22565314501180467 13 13.2195649013323386 14 6 6 24 8 17.8244721320812971 25 5 4 9 9 14 3 12 8 17 12 1 30 6 3 24 2 17 6 6 16 2 7 13 9 5 17.5926969647407532 210.91780349429726 
9 14 2 1 32 13 6 22 2 3 30 5 3.36768017929769181 6 6.96245171630185755 12 1 6 10 13 9 14 9 11 1 7 9 13 32 7 17 24 3.84646942076222631 14 1 9.82524131762891173 16 30 2 6 2 4 11 26 12 4 16 5 5 24 8 6 26 7 17.8244721320812971 1 10 16 22 13 18.7778299152851105 180.584104708500973 
9 15 9 6 3 8 5 18 11 13 22 9 16 23 2.70999124060388841 18 2 2 11 16 6 4 33 10 16 26 2 15 22 11 14 12 12 2 9 13 3 1 6 12 16 4 13 31 8 9 2 10 15 20 2.70999124060388841 5 30 12 6 32 11 16 5 2 22.3903135061264038 105.50070239753839 
9 15 9 6 3 8 5 18 11 1 21 12 16 23 2.70999124060388841 18 2 2 11 16 6 4 33 10 16 26 2 15 22 11 14 12 12 2 9 13 3 1 6 12 16 4 16 6 1 9 2 10 18 27 2.70999124060388841 5 30 12 6 32 11 15 31 9 25.5785036087036133 72.8303027250992017 
9 15 9 6 3 8 5 18 11 1 21 12 16 23 2.70999124060388841 15 5.34074699537910114 8 11 16 6 4 33 10 16 26 2 15 22 11 14 12 12 2 9 13 3 1 6 12 16 4 3 30 1 9 2 10 4 6 6 5 30 12 6 32 11 6 20 12 22.351323664188385 108.358341875956697 
8 16 1 16 20 11 3 12 7 1 6 11 1 3 10 3.36768017929769181 9 10 9.25570237641795579 20 5 6 25 13 1 31 5 15 30 1 14 6 13 9 30 9 6 15 8 13 30 2 2 12 11 3 2 9 3 5 11 6 24 5 15 23 10 12 25 5 17.3895408511161804 236.129252120428589 
9 15 9 6 3 8 5 18 11 1 21 12 16 23 2.70999124060388841 3 6 7 11 16 6 4 33 10 16 26 2 15 22 11 14 12 12 2 9 13 3 1 6 12 16 4 4 4 7 9 2 10 12 11 4 5 30 12 6 32 11 14 18 2 24.4685056805610657 76.7639713272354953 
9 15 9 6 3 8 5 18 11 1 21 12 16 23 2.70999124060388841 18 2 2 11 16 6 4 33 10 16 26 2 15 22 11 14 12 12 2 9 13 3 1 6 12 16 4 4 4 7 9 2 10 18 27 2.70999124060388841 5 30 12 6 32 11 15 10 11 30.474920392036438 58.7257522797870735 
9 15 9 6 3 8 5 18 11 1 21 12 16 23 2.70999124060388841 18 2 2 11 16 6 4 33 10 16 26 2 15 22 11 14 12 12 2 9 13 3 1 6 12 16 4 4 4 7 9 2 10 16 20 1 5 30 12 6 32 11 1 24 8 25.5441806316375732 73.0368064364747198 
9 15 9 6 3 8 5 18 11 1 21 12 16 23 2.70999124060388841 18 2 2 11 16 6 4 33 10 16 26 2 15 22 11 14 12 12 2 9 13 3 1 6 12 16 4 17 14 7 9 2 10 3 5 2.70999124060388841 5 30 12 6 32 11 14 6 9 23.2192186713218689 90.6273855909557255 
1 6 7 9 8 10 1 32 4 15 24 2 14 32 13 13 16 10 11 5.34074699537910114 10 17 9 1 15 16.1354543567662532 7 4.94126535182462057 12 1 17 30 11 18 25 9 13.2195649013323386 13 3 14 20 13 15 3 4 4 31 8 17 6 11 1 32 6 4 12 11 6 26 7 18.169191837310791 203.969201500805241 
9 15 9 6 3 8 5 18 11 1 21 12 16 23 2.70999124060388841 18 2 2 11 16 6 4 33 10 16 26 2 15 22 11 14 12 12 2 9 13 3 1 6 12 16 4 17 6 1 9 2 10 1 15 4 5 30 12 6 32 11 13 14 12 23.4227777123451233 85.9879212208173414 
9 15 9 6 3 8 5 18 11 1 21 12 16 23 2.70999124060388841 12 1 6 13 30 10 4 33 10 16 26 2 15 22 11 14 12 12 2 9 13 3 1 6 12 16 4 6 31 1 9 2 10 14 18 11 5 30 12 6 32 11 12 18 4 21.1719038486480713 128.888510403279469 
9 15 9 6 3 8 5 18 11 1 21 12 16 23 2.70999124060388841 18 2 2 11 16 6 4 33 10 16 26 2 15 22 11 14 12 12 2 9 13 3 1 6 12 16 4 11 28 10 9 2 10 18 27 2.70999124060388841 5 30 12 6 32 11 14 15 11 26.6854876279830933 64.8799071981651707 
9 15 9 6 3 8 5 18 11 1 21 12 16 23 2.70999124060388841 18 2 2 11 16 6 4 33 10 16 26 2 15 22 11 14 12 12 2 9 13 3 1 6 12 16 4 10 23 3 9 2 10 18 27 2.70999124060388841 5 30 12 6 32 11 13 15 5 26.6033856272697449 65.311961533394765 
9 15 9 6 3 8 5 18 11 1 21 12 16 23 2.70999124060388841 18 2 2 11 16 6 4 33 10 16 26 2 15 22 11 14 12 12 2 9 13 3 1 6 12 16 4 4 4 7 9 2 10 16 15 2 5 30 12 6 32 11 13 12 7 25.3501665592193604 73.3760582876447955 
9 15 9 6 3 8 5 18 11 1 21 12 16 23 2.70999124060388841 18 2 2 11 16 6 4 33 10 16 26 2 15 22 11 14 12 12 2 9 13 3 1 6 12 16 4 4 4 7 9 2 10 18 27 2.70999124060388841 5 30 12 6 32 11 14 15 1 27.7630565166473389 59.1563751203599821 
9 15 9 6 3 8 5 18 11 1 21 12 16 23 2.70999124060388841 18 2 2 11 16 6 4 33 10 16 26 2 15 22 11 14 12 12 2 9 13 3 1 6 12 16 4 4 4 7 9 2 10 18 27 2.70999124060388841 5 30 12 6 32 11 14 28 13 28.1996605396270752 58.8204406202099221 
9 15 9 6 3 8 5 18 11 1 21 12 16 23 2.70999124060388841 18 2 2 11 16 6 4 33 10 16 26 2 15 22 11 14 12 12 2 9 13 3 1 6 12 16 4 16 15 2 9 2 10 1 7 10 5 30 12 6 32 11 15 5 9 23.7772436738014221 82.1025607383442377 
9 15 9 6 3 8 5 18 11 1 21 12 16 23 2.70999124060388841 18 2 2 11 16 6 4 33 10 16 26 2 15 22 11 14 12 12 2 9 13 3 1 6 12 16 4 16 6 2.70999124060388841 9 2 10 2 33 7 5 30 12 6 32 11 14 11 1 24.3114116191864014 77.54680258226972 
14 31 2 6 30 9 10 6 9 12 15 7 3 7 3 4 13 4 15 5 12 17 12 2 1 26 11 4 19 4 12 24 9 15 16 2.70999124060388841 16 3 6 11 1 7 17 17 5 13 29 6.96245171630185755 4.94126535182462057 6 9.82524131762891173 9 20 6 14 19 13.151007650947605 6 22 11 19.3719507455825806 171.659022832958982 
9 15 9 6 3 8 5 18 11 1 21 12 16 23 2.70999124060388841 18 2 2 11 16 6 4 33 10 16 26 2 15 22 11 14 12 12 2 9 13 3 1 6 12 16 4 10 6 7 9 2 10 15 5 11 5 30 12 6 32 11 17 15 10 23.8522058129310608 79.3138207959242436 
9 15 9 6 3 8 5 18 11 15 7 12 16 23 2.70999124060388841 18 2 2 11 16 6 4 33 10 16 26 2 15 22 11 14 12 12 2 9 13 3 1 6 12 16 4 3.36768017929769181 25 6 9 2 10 14 6 8 5 30 12 6 32 11 12 2 10 22.8657807111740112 92.225954808383932 
9 15 9 6 3 8 5 18 11 1 21 12 16 23 2.70999124060388841 18 2 2 11 16 6 4 33 10 16 26 2 15 22 11 14 12 12 2 9 13 3 1 6 12 16 4 17 8 9 9 2 10 18 27 2.70999124060388841 5 30 12 6 32 11 13 28 1 26.5675116777420044 65.9594925890407069 
9 15 9 6 3 8 5 18 11 1 21 12 16 23 2.70999124060388841 18 2 2 11 16 6 4 33 10 16 26 2 15 22 11 14 12 12 2 9 13 3 1 6 12 16 4 4 15 2 9 2 10 2 3 10 5 30 12 6 32 11 15 26 12 23.7303387522697449 84.361119925825804 
9 15 9 6 3 8 5 18 11 1 21 12 16 23 2.70999124060388841 18 2 2 11 16 6 4 33 10 16 26 2 15 22 11 14 12 12 2 9 13 3 1 6 12 16 4 4 4 7 9 2 10 10 11 2.70999124060388841 5 30 12 6 32 11 1 16.1354543567662532 1 26.6919046640396118 60.6744945995874758 
9 15 9 6 3 8 5 18 11 1 21 12 16 23 2.70999124060388841 18 2 2 11 16 6 4 33 10 16 26 2 15 22 11 14 12 12 2 9 13 3 1 6 12 16 4 3 6 5 9 2 10 18 27 2.70999124060388841 5 30 12 6 32 11 14 3 8 25.6734546422958374 66.0048552601492418 
9 15 9 6 3 8 5 18 11 1 21 12 16 23 2.70999124060388841 18 2 2 11 16 6 4 33 10 16 26 2 15 22 11 14 12 12 2 9 13 3 1 6 12 16 4 3.36768017929769181 26 5 9 2 10 8 20 5 5 30 12 6 32 11 14 25 12 23.2620567083358765 88.0062025777489225 
1 30 5 4 1 10 12 31 10 10 11 11 15 9 2 5 24 11 6 6 2 9 19 11 3 15 4 4 1 13 3 7 3 6 18 10 2 28 7 3 16 5 8 22 10 5 12 2.70999124060388841 14 5 4 16 32 11 6 12 8 17 6 1 20.1703399419784546 160.109724915607273 

Current Evaluation = 40000000(40000130)
Front Size = 29
9 15 9 14 8 8 17 17 11 1 21 12 16 23 2.70999124060388841 18 2 2 11 16 6 4 33 10 16 26 2 15 22 11 14 12 12 2 9 13 3 1 6 12 16 4 4 6 5 4 9 4 1 25 13 5 30 12 6 32 11 2 12 5 22.6552528142929077 101.942049847907228 
9 15 9 14 8 8 12 32 6 1 21 12 16 23 2.70999124060388841 18 2 2 11 16 6 4 33 10 16 26 2 15 22 11 14 12 12 2 9 13 3 1 6 12 16 4 3.36768017929769181 15 5 9 2 10 1 25 13 5 30 12 6 32 11 12 9 9 22.9875438213348389 91.2664855635665049 
9 15 9 14 8 8 17 17 11 2 24 6 12 25 13 18 2 2 11 16 6 4 33 10 16 26 2 15 22 11 14 12 12 2 9 13 3 1 6 12 16 4 6 24 5 9 2 10 1 25 13 5 30 12 6 32 11 17 25 11 21.5998217463493347 117.071651912594334 
9 15 9 6 3 8 5 18 11 1 21 12 16 23 2.70999124060388841 18 2 2 11 16 6 4 33 10 16 26 2 15 22 11 14 12 12 2 9 13 3 1 6 12 16 4 16 20 4 9 2 10 15 22 4 5 30 12 6 32 11 8 24 5 23.5331127643585205 85.8984243107679077 
9 15 9 6 3 8 5 18 11 1 21 12 16 23 2.70999124060388841 9 26 4 11 16 6 4 33 10 16 26 2 15 22 11 14 12 12 2 9 13 3 1 6 12 16 4 4 4 7 9 2 10 16 7 2.70999124060388841 5 30 12 6 32 11 13 24 3 24.7499135732650757 73.939942458142184 
1 6 2 16 14 9 4 30 1 10 12 7 14 6 7 8 5.34074699537910114 9 9.25570237641795579 26 12 13 24 12 15 8.22565314501180467 13 13.2195649013323386 14 6 6 24 8 17.8244721320812971 25 5 4 9 9 14 3 12 8 17 12 1 30 6 3 24 2 17 6 6 16 2 7 13 9 5 17.5926969647407532 210.91780349429726 
9 14 2 1 32 13 6 22 2 3 30 5 3.36768017929769181 6 6.96245171630185755 12 1 6 10 13 9 14 9 11 1 7 9 13 32 7 17 24 3.84646942076222631 14 1 9.82524131762891173 16 30 2 6 2 4 11 26 12 4 16 5 5 24 8 6 26 7 17.8244721320812971 1 10 16 22 13 18.7778299152851105 180.584104708500973 
9 15 9 6 3 8 5 18 11 13 22 9 16 23 2.70999124060388841 18 2 2 11 16 6 4 33 10 16 26 2 15 22 11 14 12 12 2 9 13 3 1 6 12 16 4 13 31 8 9 2 10 15 20 2.70999124060388841 5 30 12 6 32 11 16 5 2 22.3903135061264038 105.50070239753839 
9 15 9 6 3 8 5 18 11 1 21 12 16 23 2.70999124060388841 15 5.34074699537910114 8 11 16 6 4 33 10 16 26 2 15 22 11 14 12 12 2 9 13 3 1 6 12 16 4 3 30 1 9 2 10 4 6 6 5 30 12 6 32 11 6 20 12 22.351323664188385 108.358341875956697 
8 16 1 16 20 11 3 12 7 1 6 11 1 3 10 3.36768017929769181 9 10 9.25570237641795579 20 5 6 25 13 1 31 5 15 30 1 14 6 13 9 30 9 6 15 8 13 30 2 2 12 11 3 2 9 3 5 11 6 24 5 15 23 10 12 25 5 17.3895408511161804 236.129252120428589 
9 15 9 6 3 8 5 18 11 1 21 12 16 23 2.70999124060388841 18 2 2 11 16 6 4 33 10 16 26 2 15 22 11 14 12 12 2 9 13 3 1 6 12 16 4 17 14 7 9 2 10 3 5 2.70999124060388841 5 30 12 6 32 11 14 6 9 23.2192186713218689 90.6273855909557255 
1 6 7 9 8 10 1 32 4 15 24 2 14 32 13 13 16 10 11 5.34074699537910114 10 17 9 1 15 16.1354543567662532 7 4.94126535182462057 12 1 17 30 11 18 25 9 13.2195649013323386 13 3 14 20 13 15 3 4 4 31 8 17 6 11 1 32 6 4 12 11 6 26 7 18.169191837310791 203.969201500805241 
9 15 9 6 3 8 5 18 11 1 21 12 16 23 2.70999124060388841 18 2 2 11 16 6 4 33 10 16 26 2 15 22 11 14 12 12 2 9 13 3 1 6 12 16 4 17 6 1 9 2 10 1 15 4 5 30 12 6 32 11 13 14 12 23.4227777123451233 85.9879212208173414 
9 15 9 6 3 8 5 18 11 1 21 12 16 23 2.70999124060388841 12 1 6 13 30 10 4 33 10 16 26 2 15 22 11 14 12 12 2 9 13 3 1 6 12 16 4 6 31 1 9 2 10 14 18 11 5 30 12 6 32 11 12 18 4 21.1719038486480713 128.888510403279469 
9 15 9 6 3 8 5 18 11 1 21 12 16 23 2.70999124060388841 18 2 2 11 16 6 4 33 10 16 26 2 15 22 11 14 12 12 2 9 13 3 1 6 12 16 4 4 4 7 9 2 10 18 27 2.70999124060388841 5 30 12 6 32 11 14 15 1 27.7630565166473389 59.1563751203599821 
9 15 9 6 3 8 5 18 11 1 21 12 16 23 2.70999124060388841 18 2 2 11 16 6 4 33 10 16 26 2 15 22 11 14 12 12 2 9 13 3 1 6 12 16 4 4 4 7 9 2 10 18 27 2.70999124060388841 5 30 12 6 32 11 14 28 13 28.1996605396270752 58.8204406202099221 
9 15 9 6 3 8 5 18 11 1 21 12 16 23 2.70999124060388841 18 2 2 11 16 6 4 33 10 16 26 2 15 22 11 14 12 12 2 9 13 3 1 6 12 16 4 16 15 2 9 2 10 1 7 10 5 30 12 6 32 11 15 5 9 23.7772436738014221 82.1025607383442377 
14 31 2 6 30 9 10 6 9 12 15 7 3 7 3 4 13 4 15 5 12 17 12 2 1 26 11 4 19 4 12 24 9 15 16 2.70999124060388841 16 3 6 11 1 7 17 17 5 13 29 6.96245171630185755 4.94126535182462057 6 9.82524131762891173 9 20 6 14 19 13.151007650947605 6 22 11 19.3719507455825806 171.659022832958982 
9 15 9 6 3 8 5 18 11 1 21 12 16 23 2.70999124060388841 18 2 2 11 16 6 4 33 10 16 26 2 15 22 11 14 12 12 2 9 13 3 1 6 12 16 4 10 6 7 9 2 10 15 5 11 5 30 12 6 32 11 17 15 10 23.8522058129310608 79.3138207959242436 
9 15 9 6 3 8 5 18 11 15 7 12 16 23 2.70999124060388841 18 2 2 11 16 6 4 33 10 16 26 2 15 22 11 14 12 12 2 9 13 3 1 6 12 16 4 3.36768017929769181 25 6 9 2 10 14 6 8 5 30 12 6 32 11 12 2 10 22.8657807111740112 92.225954808383932 
9 15 9 6 3 8 5 18 11 1 21 12 16 23 2.70999124060388841 18 2 2 11 16 6 4 33 10 16 26 2 15 22 11 14 12 12 2 9 13 3 1 6 12 16 4 4 15 2 9 2 10 2 3 10 5 30 12 6 32 11 15 26 12 23.7303387522697449 84.361119925825804 
9 15 9 6 3 8 5 18 11 1 21 12 16 23 2.70999124060388841 18 2 2 11 16 6 4 33 10 16 26 2 15 22 11 14 12 12 2 9 13 3 1 6 12 16 4 4 4 7 9 2 10 10 11 2.70999124060388841 5 30 12 6 32 11 1 16.1354543567662532 1 26.6919046640396118 60.6744945995874758 
9 15 9 6 3 8 5 18 11 1 21 12 16 23 2.70999124060388841 18 2 2 11 16 6 4 33 10 16 26 2 15 22 11 14 12 12 2 9 13 3 1 6 12 16 4 3.36768017929769181 26 5 9 2 10 8 20 5 5 30 12 6 32 11 14 25 12 23.2620567083358765 88.0062025777489225 
1 30 5 4 1 10 12 31 10 10 11 11 15 9 2 5 24 11 6 6 2 9 19 11 3 15 4 4 1 13 3 7 3 6 18 10 2 28 7 3 16 5 8 22 10 5 12 2.70999124060388841 14 5 4 16 32 11 6 12 8 17 6 1 20.1703399419784546 160.109724915607273 
9 15 9 6 3 8 5 18 11 1 21 12 16 23 2.70999124060388841 18 2 2 11 16 6 4 33 10 16 26 2 15 22 11 14 12 12 2 9 13 3 1 6 12 16 4 4 4 7 9 2 10 16 6 1 5 30 12 6 32 11 14 12 11 25.291532576084137 65.6910382046292654 
6 32 8 3 31 4 14 5 4 12 7 7 9 31 11 16 26 6 6 26 3 3 15 4 15 33 7 12 15 12 17 26 2.70999124060388841 4 8 8 1 20 1 13 16 4 14 15 13 10 31 3 16 20 7 1 6 6.96245171630185755 2 24 8 12 25 11 18.4692826867103577 192.346654621654665 
9 15 9 6 3 8 5 18 11 1 21 12 16 23 2.70999124060388841 18 2 2 11 16 6 4 33 10 16 26 2 15 22 11 14 12 12 2 9 13 3 1 6 12 16 4 17 15 1 9 2 10 1 24 8 5 30 12 6 32 11 9 16 3 24.0105827450752258 75.1313722891485725 
9 15 9 6 3 8 5 18 11 1 21 12 16 23 2.70999124060388841 18 2 2 11 16 6 4 33 10 16 26 2 15 22 11 14 12 12 2 9 13 3 1 6 12 16 4 4 4 7 9 2 10 18 27 2.70999124060388841 5 30 12 6 32 11 15 10 11 30.474920392036438 58.5506080088124463 
9 15 9 6 3 8 5 18 11 1 21 12 16 23 2.70999124060388841 18 2 2 11 16 6 4 33 10 16 26 2 15 22 11 14 12 12 2 9 13 3 1 6 12 16 4 16 24 10 9 2 10 18 27 2.70999124060388841 5 30 12 6 32 11 1 16 8 25.9679415225982666 64.3117408985359589 

Current Evaluation = 50000000(50000020)
Front Size = 26
9 15 9 14 8 8 17 17 11 1 21 12 16 23 2.70999124060388841 18 2 2 11 16 6 4 33 10 16 26 2 15 22 11 14 12 12 2 9 13 3 1 6 12 16 4 4 6 5 4 9 4 1 25 13 5 30 12 6 32 11 2 12 5 22.6552528142929077 101.942049847907228 
9 15 9 14 8 8 17 17 11 2 24 6 12 25 13 18 2 2 11 16 6 4 33 10 16 26 2 15 22 11 14 12 12 2 9 13 3 1 6 12 16 4 6 24 5 9 2 10 1 25 13 5 30 12 6 32 11 17 25 11 21.5998217463493347 117.071651912594334 
9 15 9 6 3 8 5 18 11 1 21 12 16 23 2.70999124060388841 9 26 4 11 16 6 4 33 10 16 26 2 15 22 11 14 12 12 2 9 13 3 1 6 12 16 4 4 4 7 9 2 10 16 7 2.70999124060388841 5 30 12 6 32 11 13 24 3 24.7499135732650757 73.939942458142184 
1 6 2 16 14 9 4 30 1 10 12 7 14 6 7 8 5.34074699537910114 9 9.25570237641795579 26 12 13 24 12 15 8.22565314501180467 13 13.2195649013323386 14 6 6 24 8 17.8244721320812971 25 5 4 9 9 14 3 12 8 17 12 1 30 6 3 24 2 17 6 6 16 2 7 13 9 5 17.5926969647407532 210.91780349429726 
9 14 2 1 32 13 6 22 2 3 30 5 3.36768017929769181 6 6.96245171630185755 12 1 6 10 13 9 14 9 11 1 7 9 13 32 7 17 24 3.84646942076222631 14 1 9.82524131762891173 16 30 2 6 2 4 11 26 12 4 16 5 5 24 8 6 26 7 17.8244721320812971 1 10 16 22 13 18.7778299152851105 180.584104708500973 
9 15 9 6 3 8 5 18 11 13 22 9 16 23 2.70999124060388841 18 2 2 11 16 6 4 33 10 16 26 2 15 22 11 14 12 12 2 9 13 3 1 6 12 16 4 13 31 8 9 2 10 15 20 2.70999124060388841 5 30 12 6 32 11 16 5 2 22.3903135061264038 105.50070239753839 
9 15 9 6 3 8 5 18 11 1 21 12 16 23 2.70999124060388841 15 5.34074699537910114 8 11 16 6 4 33 10 16 26 2 15 22 11 14 12 12 2 9 13 3 1 6 12 16 4 3 30 1 9 2 10 4 6 6 5 30 12 6 32 11 6 20 12 22.351323664188385 108.358341875956697 
8 16 1 16 20 11 3 12 7 1 6 11 1 3 10 3.36768017929769181 9 10 9.25570237641795579 20 5 6 25 13 1 31 5 15 30 1 14 6 13 9 30 9 6 15 8 13 30 2 2 12 11 3 2 9 3 5 11 6 24 5 15 23 10 12 25 5 17.3895408511161804 236.129252120428589 
1 6 7 9 8 10 1 32 4 15 24 2 14 32 13 13 16 10 11 5.34074699537910114 10 17 9 1 15 16.1354543567662532 7 4.94126535182462057 12 1 17 30 11 18 25 9 13.2195649013323386 13 3 14 20 13 15 3 4 4 31 8 17 6 11 1 32 6 4 12 11 6 26 7 18.169191837310791 203.969201500805241 
9 15 9 6 3 8 5 18 11 1 21 12 16 23 2.70999124060388841 12 1 6 13 30 10 4 33 10 16 26 2 15 22 11 14 12 12 2 9 13 3 1 6 12 16 4 6 31 1 9 2 10 14 18 11 5 30 12 6 32 11 12 18 4 21.1719038486480713 128.888510403279469 
9 15 9 6 3 8 5 18 11 1 21 12 16 23 2.70999124060388841 18 2 2 11 16 6 4 33 10 16 26 2 15 22 11 14 12 12 2 9 13 3 1 6 12 16 4 4 4 7 9 2 10 18 27 2.70999124060388841 5 30 12 6 32 11 14 15 1 27.7630565166473389 59.1563751203599821 
9 15 9 6 3 8 5 18 11 1 21 12 16 23 2.70999124060388841 18 2 2 11 16 6 4 33 10 16 26 2 15 22 11 14 12 12 2 9 13 3 1 6 12 16 4 4 4 7 9 2 10 18 27 2.70999124060388841 5 30 12 6 32 11 14 28 13 28.1996605396270752 58.8204406202099221 
14 31 2 6 30 9 10 6 9 12 15 7 3 7 3 4 13 4 15 5 12 17 12 2 1 26 11 4 19 4 12 24 9 15 16 2.70999124060388841 16 3 6 11 1 7 17 17 5 13 29 6.96245171630185755 4.94126535182462057 6 9.82524131762891173 9 20 6 14 19 13.151007650947605 6 22 11 19.3719507455825806 171.659022832958982 
9 15 9 6 3 8 5 18 11 1 21 12 16 23 2.70999124060388841 18 2 2 11 16 6 4 33 10 16 26 2 15 22 11 14 12 12 2 9 13 3 1 6 12 16 4 10 6 7 9 2 10 15 5 11 5 30 12 6 32 11 17 15 10 23.8522058129310608 79.3138207959242436 
9 15 9 6 3 8 5 18 11 15 7 12 16 23 2.70999124060388841 18 2 2 11 16 6 4 33 10 16 26 2 15 22 11 14 12 12 2 9 13 3 1 6 12 16 4 3.36768017929769181 25 6 9 2 10 14 6 8 5 30 12 6 32 11 12 2 10 22.8657807111740112 92.225954808383932 
9 15 9 6 3 8 5 18 11 1 21 12 16 23 2.70999124060388841 18 2 2 11 16 6 4 33 10 16 26 2 15 22 11 14 12 12 2 9 13 3 1 6 12 16 4 4 4 7 9 2 10 10 11 2.70999124060388841 5 30 12 6 32 11 1 16.1354543567662532 1 26.6919046640396118 60.6744945995874758 
9 15 9 6 3 8 5 18 11 1 21 12 16 23 2.70999124060388841 18 2 2 11 16 6 4 33 10 16 26 2 15 22 11 14 12 12 2 9 13 3 1 6 12 16 4 3.36768017929769181 26 5 9 2 10 8 20 5 5 30 12 6 32 11 14 25 12 23.2620567083358765 88.0062025777489225 
1 30 5 4 1 10 12 31 10 10 11 11 15 9 2 5 24 11 6 6 2 9 19 11 3 15 4 4 1 13 3 7 3 6 18 10 2 28 7 3 16 5 8 22 10 5 12 2.70999124060388841 14 5 4 16 32 11 6 12 8 17 6 1 20.1703399419784546 160.109724915607273 
9 15 9 6 3 8 5 18 11 1 21 12 16 23 2.70999124060388841 18 2 2 11 16 6 4 33 10 16 26 2 15 22 11 14 12 12 2 9 13 3 1 6 12 16 4 4 4 7 9 2 10 16 6 1 5 30 12 6 32 11 14 12 11 25.291532576084137 65.6910382046292654 
6 32 8 3 31 4 14 5 4 12 7 7 9 31 11 16 26 6 6 26 3 3 15 4 15 33 7 12 15 12 17 26 2.70999124060388841 4 8 8 1 20 1 13 16 4 14 15 13 10 31 3 16 20 7 1 6 6.96245171630185755 2 24 8 12 25 11 18.4692826867103577 192.346654621654665 
9 15 9 6 3 8 5 18 11 1 21 12 16 23 2.70999124060388841 18 2 2 11 16 6 4 33 10 16 26 2 15 22 11 14 12 12 2 9 13 3 1 6 12 16 4 17 15 1 9 2 10 1 24 8 5 30 12 6 32 11 9 16 3 24.0105827450752258 75.1313722891485725 
9 15 9 6 3 8 5 18 11 1 21 12 16 23 2.70999124060388841 18 2 2 11 16 6 4 33 10 16 26 2 15 22 11 14 12 12 2 9 13 3 1 6 12 16 4 4 4 7 9 2 10 18 27 2.70999124060388841 5 30 12 6 32 11 15 10 11 30.474920392036438 58.5506080088124463 
9 15 9 6 3 8 5 18 11 1 21 12 16 23 2.70999124060388841 18 2 2 11 16 6 4 33 10 16 26 2 15 22 11 14 12 12 2 9 13 3 1 6 12 16 4 16 24 10 9 2 10 18 27 2.70999124060388841 5 30 12 6 32 11 1 16 8 25.9679415225982666 64.3117408985359589 
9 15 9 6 3 8 5 18 11 1 21 12 16 23 2.70999124060388841 9 2 9 11 16 6 4 33 10 16 26 2 15 22 11 14 12 12 2 9 13 3 1 6 12 16 4 10 6 5 9 2 10 2 31 9 5 30 12 6 32 11 14 17 4 22.9089766144752502 89.6525073918479336 
9 15 9 6 3 8 6 30 3 1 21 12 16 23 2.70999124060388841 18 2 2 11 16 6 4 33 10 16 26 2 15 22 11 14 12 12 2 9 13 17 18 13 12 16 4 11 6 4 9 2 10 4 20 3 5 30 12 6 32 11 14 12 8 22.7576888203620911 99.7016896238907435 
9 15 9 6 3 8 5 18 11 1 21 12 16 23 2.70999124060388841 18 2 2 11 16 6 4 33 10 16 26 2 15 22 11 14 12 12 2 9 13 3 1 6 12 16 4 4 6 10 9 2 10 14 5.34074699537910114 1 5 30 12 6 32 11 8 26 7 23.3340897560119629 81.029484631100587 

Current Evaluation = 60000000(60000100)
Front Size = 29
9 15 9 14 8 8 17 17 11 1 21 12 16 23 2.70999124060388841 18 2 2 11 16 6 4 33 10 16 26 2 15 22 11 14 12 12 2 9 13 3 1 6 12 16 4 4 6 5 4 9 4 1 25 13 5 30 12 6 32 11 2 12 5 22.6552528142929077 101.942049847907228 
9 15 9 14 8 8 17 17 11 2 24 6 12 25 13 18 2 2 11 16 6 4 33 10 16 26 2 15 22 11 14 12 12 2 9 13 3 1 6 12 16 4 6 24 5 9 2 10 1 25 13 5 30 12 6 32 11 17 25 11 21.5998217463493347 117.071651912594334 
9 15 9 6 3 8 5 18 11 1 21 12 16 23 2.70999124060388841 9 26 4 11 16 6 4 33 10 16 26 2 15 22 11 14 12 12 2 9 13 3 1 6 12 16 4 4 4 7 9 2 10 16 7 2.70999124060388841 5 30 12 6 32 11 13 24 3 24.7499135732650757 73.939942458142184 
1 6 2 16 14 9 4 30 1 10 12 7 14 6 7 8 5.34074699537910114 9 9.25570237641795579 26 12 13 24 12 15 8.22565314501180467 13 13.2195649013323386 14 6 6 24 8 17.8244721320812971 25 5 4 9 9 14 3 12 8 17 12 1 30 6 3 24 2 17 6 6 16 2 7 13 9 5 17.5926969647407532 210.91780349429726 
9 14 2 1 32 13 6 22 2 3 30 5 3.36768017929769181 6 6.96245171630185755 12 1 6 10 13 9 14 9 11 1 7 9 13 32 7 17 24 3.84646942076222631 14 1 9.82524131762891173 16 30 2 6 2 4 11 26 12 4 16 5 5 24 8 6 26 7 17.8244721320812971 1 10 16 22 13 18.7778299152851105 180.584104708500973 
9 15 9 6 3 8 5 18 11 13 22 9 16 23 2.70999124060388841 18 2 2 11 16 6 4 33 10 16 26 2 15 22 11 14 12 12 2 9 13 3 1 6 12 16 4 13 31 8 9 2 10 15 20 2.70999124060388841 5 30 12 6 32 11 16 5 2 22.3903135061264038 105.50070239753839 
9 15 9 6 3 8 5 18 11 1 21 12 16 23 2.70999124060388841 15 5.34074699537910114 8 11 16 6 4 33 10 16 26 2 15 22 11 14 12 12 2 9 13 3 1 6 12 16 4 3 30 1 9 2 10 4 6 6 5 30 12 6 32 11 6 20 12 22.351323664188385 108.358341875956697 
8 16 1 16 20 11 3 12 7 1 6 11 1 3 10 3.36768017929769181 9 10 9.25570237641795579 20 5 6 25 13 1 31 5 15 30 1 14 6 13 9 30 9 6 15 8 13 30 2 2 12 11 3 2 9 3 5 11 6 24 5 15 23 10 12 25 5 17.3895408511161804 236.129252120428589 
1 6 7 9 8 10 1 32 4 15 24 2 14 32 13 13 16 10 11 5.34074699537910114 10 17 9 1 15 16.1354543567662532 7 4.94126535182462057 12 1 17 30 11 18 25 9 13.2195649013323386 13 3 14 20 13 15 3 4 4 31 8 17 6 11 1 32 6 4 12 11 6 26 7 18.169191837310791 203.969201500805241 
9 15 9 6 3 8 5 18 11 1 21 12 16 23 2.70999124060388841 12 1 6 13 30 10 4 33 10 16 26 2 15 22 11 14 12 12 2 9 13 3 1 6 12 16 4 6 31 1 9 2 10 14 18 11 5 30 12 6 32 11 12 18 4 21.1719038486480713 128.888510403279469 
9 15 9 6 3 8 5 18 11 1 21 12 16 23 2.70999124060388841 18 2 2 11 16 6 4 33 10 16 26 2 15 22 11 14 12 12 2 9 13 3 1 6 12 16 4 4 4 7 9 2 10 18 27 2.70999124060388841 5 30 12 6 32 11 14 15 1 27.7630565166473389 59.1563751203599821 
9 15 9 6 3 8 5 18 11 1 21 12 16 23 2.70999124060388841 18 2 2 11 16 6 4 33 10 16 26 2 15 22 11 14 12 12 2 9 13 3 1 6 12 16 4 4 4 7 9 2 10 18 27 2.70999124060388841 5 30 12 6 32 11 14 28 13 28.1996605396270752 58.8204406202099221 
14 31 2 6 30 9 10 6 9 12 15 7 3 7 3 4 13 4 15 5 12 17 12 2 1 26 11 4 19 4 12 24 9 15 16 2.70999124060388841 16 3 6 11 1 7 17 17 5 13 29 6.96245171630185755 4.94126535182462057 6 9.82524131762891173 9 20 6 14 19 13.151007650947605 6 22 11 19.3719507455825806 171.659022832958982 
9 15 9 6 3 8 5 18 11 1 21 12 16 23 2.70999124060388841 18 2 2 11 16 6 4 33 10 16 26 2 15 22 11 14 12 12 2 9 13 3 1 6 12 16 4 10 6 7 9 2 10 15 5 11 5 30 12 6 32 11 17 15 10 23.8522058129310608 79.3138207959242436 
9 15 9 6 3 8 5 18 11 1 21 12 16 23 2.70999124060388841 18 2 2 11 16 6 4 33 10 16 26 2 15 22 11 14 12 12 2 9 13 3 1 6 12 16 4 4 4 7 9 2 10 10 11 2.70999124060388841 5 30 12 6 32 11 1 16.1354543567662532 1 26.6919046640396118 60.6744945995874758 
9 15 9 6 3 8 5 18 11 1 21 12 16 23 2.70999124060388841 18 2 2 11 16 6 4 33 10 16 26 2 15 22 11 14 12 12 2 9 13 3 1 6 12 16 4 3.36768017929769181 26 5 9 2 10 8 20 5 5 30 12 6 32 11 14 25 12 23.2620567083358765 88.0062025777489225 
1 30 5 4 1 10 12 31 10 10 11 11 15 9 2 5 24 11 6 6 2 9 19 11 3 15 4 4 1 13 3 7 3 6 18 10 2 28 7 3 16 5 8 22 10 5 12 2.70999124060388841 14 5 4 16 32 11 6 12 8 17 6 1 20.1703399419784546 160.109724915607273 
9 15 9 6 3 8 5 18 11 1 21 12 16 23 2.70999124060388841 18 2 2 11 16 6 4 33 10 16 26 2 15 22 11 14 12 12 2 9 13 3 1 6 12 16 4 4 4 7 9 2 10 16 6 1 5 30 12 6 32 11 14 12 11 25.291532576084137 65.6910382046292654 
6 32 8 3 31 4 14 5 4 12 7 7 9 31 11 16 26 6 6 26 3 3 15 4 15 33 7 12 15 12 17 26 2.70999124060388841 4 8 8 1 20 1 13 16 4 14 15 13 10 31 3 16 20 7 1 6 6.96245171630185755 2 24 8 12 25 11 18.4692826867103577 192.346654621654665 
9 15 9 6 3 8 5 18 11 1 21 12 16 23 2.70999124060388841 18 2 2 11 16 6 4 33 10 16 26 2 15 22 11 14 12 12 2 9 13 3 1 6 12 16 4 17 15 1 9 2 10 1 24 8 5 30 12 6 32 11 9 16 3 24.0105827450752258 75.1313722891485725 
9 15 9 6 3 8 5 18 11 1 21 12 16 23 2.70999124060388841 18 2 2 11 16 6 4 33 10 16 26 2 15 22 11 14 12 12 2 9 13 3 1 6 12 16 4 4 4 7 9 2 10 18 27 2.70999124060388841 5 30 12 6 32 11 15 10 11 30.474920392036438 58.5506080088124463 
9 15 9 6 3 8 5 18 11 1 21 12 16 23 2.70999124060388841 18 2 2 11 16 6 4 33 10 16 26 2 15 22 11 14 12 12 2 9 13 3 1 6 12 16 4 16 24 10 9 2 10 18 27 2.70999124060388841 5 30 12 6 32 11 1 16 8 25.9679415225982666 64.3117408985359589 
9 15 9 6 3 8 5 18 11 1 21 12 16 23 2.70999124060388841 9 2 9 11 16 6 4 33 10 16 26 2 15 22 11 14 12 12 2 9 13 3 1 6 12 16 4 10 6 5 9 2 10 2 31 9 5 30 12 6 32 11 14 17 4 22.9089766144752502 89.6525073918479336 
9 15 9 6 3 8 6 30 3 1 21 12 16 23 2.70999124060388841 18 2 2 11 16 6 4 33 10 16 26 2 15 22 11 14 12 12 2 9 13 17 18 13 12 16 4 11 6 4 9 2 10 4 20 3 5 30 12 6 32 11 14 12 8 22.7576888203620911 99.7016896238907435 
9 15 9 6 3 8 5 18 11 1 21 12 16 23 2.70999124060388841 18 2 2 11 16 6 4 33 10 16 26 2 15 22 11 14 12 12 2 9 13 3 1 6 12 16 4 4 6 10 9 2 10 14 5.34074699537910114 1 5 30 12 6 32 11 8 26 7 23.3340897560119629 81.029484631100587 
9 15 9 6 3 8 5 18 11 1 21 12 16 23 2.70999124060388841 18 2 2 11 16 6 4 33 10 16 26 2 15 22 11 14 12 12 2 9 13 3 1 6 12 16 4 4 31 9 9 2 10 13 16 5 5 30 12 6 32 11 17 6 13 23.3287045955657959 85.5455626541803866 
9 15 9 6 3 8 5 18 11 1 21 12 16 23 2.70999124060388841 18 2 2 11 16 6 4 33 10 16 26 2 15 22 11 14 12 12 2 9 13 3 1 6 12 16 4 3 6 7 9 2 10 15 26 9 5 30 12 6 32 11 14 25 7 22.8312857151031494 89.77282022815929 
9 15 9 6 3 8 5 18 11 1 21 12 16 23 2.70999124060388841 18 2 2 11 1 6 4 33 10 16 26 2 15 22 11 14 12 12 2 9 13 3 1 6 12 16 4 4 4 7 9 2 10 1 32 8 5 30 12 6 32 11 14 24 13 24.9157895445823669 73.8729193850740273 
9 15 9 6 3 8 14 20 13 1 21 12 16 23 2.70999124060388841 18 2 2 11 16 6 4 33 10 16 26 2 15 22 11 14 12 12 2 9 13 3 1 6 12 16 4 12 18 9 9 2 10 13 12 9 5 30 12 6 32 11 4 2 3 22.5754998326301575 104.748132330983395 

Current Evaluation = 70000000(70000180)
Front Size = 34
9 15 9 14 8 8 17 17 11 1 21 12 16 23 2.70999124060388841 18 2 2 11 16 6 4 33 10 16 26 2 15 22 11 14 12 12 2 9 13 3 1 6 12 16 4 4 6 5 4 9 4 1 25 13 5 30 12 6 32 11 2 12 5 22.6552528142929077 101.942049847907228 
9 15 9 14 8 8 17 17 11 2 24 6 12 25 13 18 2 2 11 16 6 4 33 10 16 26 2 15 22 11 14 12 12 2 9 13 3 1 6 12 16 4 6 24 5 9 2 10 1 25 13 5 30 12 6 32 11 17 25 11 21.5998217463493347 117.071651912594334 
9 15 9 6 3 8 5 18 11 1 21 12 16 23 2.70999124060388841 9 26 4 11 16 6 4 33 10 16 26 2 15 22 11 14 12 12 2 9 13 3 1 6 12 16 4 4 4 7 9 2 10 16 7 2.70999124060388841 5 30 12 6 32 11 13 24 3 24.7499135732650757 73.939942458142184 
1 6 2 16 14 9 4 30 1 10 12 7 14 6 7 8 5.34074699537910114 9 9.25570237641795579 26 12 13 24 12 15 8.22565314501180467 13 13.2195649013323386 14 6 6 24 8 17.8244721320812971 25 5 4 9 9 14 3 12 8 17 12 1 30 6 3 24 2 17 6 6 16 2 7 13 9 5 17.5926969647407532 210.91780349429726 
9 14 2 1 32 13 6 22 2 3 30 5 3.36768017929769181 6 6.96245171630185755 12 1 6 10 13 9 14 9 11 1 7 9 13 32 7 17 24 3.84646942076222631 14 1 9.82524131762891173 16 30 2 6 2 4 11 26 12 4 16 5 5 24 8 6 26 7 17.8244721320812971 1 10 16 22 13 18.7778299152851105 180.584104708500973 
9 15 9 6 3 8 5 18 11 13 22 9 16 23 2.70999124060388841 18 2 2 11 16 6 4 33 10 16 26 2 15 22 11 14 12 12 2 9 13 3 1 6 12 16 4 13 31 8 9 2 10 15 20 2.70999124060388841 5 30 12 6 32 11 16 5 2 22.3903135061264038 105.50070239753839 
9 15 9 6 3 8 5 18 11 1 21 12 16 23 2.70999124060388841 15 5.34074699537910114 8 11 16 6 4 33 10 16 26 2 15 22 11 14 12 12 2 9 13 3 1 6 12 16 4 3 30 1 9 2 10 4 6 6 5 30 12 6 32 11 6 20 12 22.351323664188385 108.358341875956697 
8 16 1 16 20 11 3 12 7 1 6 11 1 3 10 3.36768017929769181 9 10 9.25570237641795579 20 5 6 25 13 1 31 5 15 30 1 14 6 13 9 30 9 6 15 8 13 30 2 2 12 11 3 2 9 3 5 11 6 24 5 15 23 10 12 25 5 17.3895408511161804 236.129252120428589 
1 6 7 9 8 10 1 32 4 15 24 2 14 32 13 13 16 10 11 5.34074699537910114 10 17 9 1 15 16.1354543567662532 7 4.94126535182462057 12 1 17 30 11 18 25 9 13.2195649013323386 13 3 14 20 13 15 3 4 4 31 8 17 6 11 1 32 6 4 12 11 6 26 7 18.169191837310791 203.969201500805241 
9 15 9 6 3 8 5 18 11 1 21 12 16 23 2.70999124060388841 12 1 6 13 30 10 4 33 10 16 26 2 15 22 11 14 12 12 2 9 13 3 1 6 12 16 4 6 31 1 9 2 10 14 18 11 5 30 12 6 32 11 12 18 4 21.1719038486480713 128.888510403279469 
9 15 9 6 3 8 5 18 11 1 21 12 16 23 2.70999124060388841 18 2 2 11 16 6 4 33 10 16 26 2 15 22 11 14 12 12 2 9 13 3 1 6 12 16 4 4 4 7 9 2 10 18 27 2.70999124060388841 5 30 12 6 32 11 14 15 1 27.7630565166473389 59.1563751203599821 
9 15 9 6 3 8 5 18 11 1 21 12 16 23 2.70999124060388841 18 2 2 11 16 6 4 33 10 16 26 2 15 22 11 14 12 12 2 9 13 3 1 6 12 16 4 4 4 7 9 2 10 18 27 2.70999124060388841 5 30 12 6 32 11 14 28 13 28.1996605396270752 58.8204406202099221 
14 31 2 6 30 9 10 6 9 12 15 7 3 7 3 4 13 4 15 5 12 17 12 2 1 26 11 4 19 4 12 24 9 15 16 2.70999124060388841 16 3 6 11 1 7 17 17 5 13 29 6.96245171630185755 4.94126535182462057 6 9.82524131762891173 9 20 6 14 19 13.151007650947605 6 22 11 19.3719507455825806 171.659022832958982 
9 15 9 6 3 8 5 18 11 1 21 12 16 23 2.70999124060388841 18 2 2 11 16 6 4 33 10 16 26 2 15 22 11 14 12 12 2 9 13 3 1 6 12 16 4 10 6 7 9 2 10 15 5 11 5 30 12 6 32 11 17 15 10 23.8522058129310608 79.3138207959242436 
9 15 9 6 3 8 5 18 11 1 21 12 16 23 2.70999124060388841 18 2 2 11 16 6 4 33 10 16 26 2 15 22 11 14 12 12 2 9 13 3 1 6 12 16 4 4 4 7 9 2 10 10 11 2.70999124060388841 5 30 12 6 32 11 1 16.1354543567662532 1 26.6919046640396118 60.6744945995874758 
9 15 9 6 3 8 5 18 11 1 21 12 16 23 2.70999124060388841 18 2 2 11 16 6 4 33 10 16 26 2 15 22 11 14 12 12 2 9 13 3 1 6 12 16 4 3.36768017929769181 26 5 9 2 10 8 20 5 5 30 12 6 32 11 14 25 12 23.2620567083358765 88.0062025777489225 
1 30 5 4 1 10 12 31 10 10 11 11 15 9 2 5 24 11 6 6 2 9 19 11 3 15 4 4 1 13 3 7 3 6 18 10 2 28 7 3 16 5 8 22 10 5 12 2.70999124060388841 14 5 4 16 32 11 6 12 8 17 6 1 20.1703399419784546 160.109724915607273 
9 15 9 6 3 8 5 18 11 1 21 12 16 23 2.70999124060388841 18 2 2 11 16 6 4 33 10 16 26 2 15 22 11 14 12 12 2 9 13 3 1 6 12 16 4 4 4 7 9 2 10 16 6 1 5 30 12 6 32 11 14 12 11 25.291532576084137 65.6910382046292654 
6 32 8 3 31 4 14 5 4 12 7 7 9 31 11 16 26 6 6 26 3 3 15 4 15 33 7 12 15 12 17 26 2.70999124060388841 4 8 8 1 20 1 13 16 4 14 15 13 10 31 3 16 20 7 1 6 6.96245171630185755 2 24 8 12 25 11 18.4692826867103577 192.346654621654665 
9 15 9 6 3 8 5 18 11 1 21 12 16 23 2.70999124060388841 18 2 2 11 16 6 4 33 10 16 26 2 15 22 11 14 12 12 2 9 13 3 1 6 12 16 4 17 15 1 9 2 10 1 24 8 5 30 12 6 32 11 9 16 3 24.0105827450752258 75.1313722891485725 
9 15 9 6 3 8 5 18 11 1 21 12 16 23 2.70999124060388841 18 2 2 11 16 6 4 33 10 16 26 2 15 22 11 14 12 12 2 9 13 3 1 6 12 16 4 4 4 7 9 2 10 18 27 2.70999124060388841 5 30 12 6 32 11 15 10 11 30.474920392036438 58.5506080088124463 
9 15 9 6 3 8 5 18 11 1 21 12 16 23 2.70999124060388841 18 2 2 11 16 6 4 33 10 16 26 2 15 22 11 14 12 12 2 9 13 3 1 6 12 16 4 16 24 10 9 2 10 18 27 2.70999124060388841 5 30 12 6 32 11 1 16 8 25.9679415225982666 64.3117408985359589 
9 15 9 6 3 8 5 18 11 1 21 12 16 23 2.70999124060388841 9 2 9 11 16 6 4 33 10 16 26 2 15 22 11 14 12 12 2 9 13 3 1 6 12 16 4 10 6 5 9 2 10 2 31 9 5 30 12 6 32 11 14 17 4 22.9089766144752502 89.6525073918479336 
9 15 9 6 3 8 6 30 3 1 21 12 16 23 2.70999124060388841 18 2 2 11 16 6 4 33 10 16 26 2 15 22 11 14 12 12 2 9 13 17 18 13 12 16 4 11 6 4 9 2 10 4 20 3 5 30 12 6 32 11 14 12 8 22.7576888203620911 99.7016896238907435 
9 15 9 6 3 8 5 18 11 1 21 12 16 23 2.70999124060388841 18 2 2 11 16 6 4 33 10 16 26 2 15 22 11 14 12 12 2 9 13 3 1 6 12 16 4 4 6 10 9 2 10 14 5.34074699537910114 1 5 30 12 6 32 11 8 26 7 23.3340897560119629 81.029484631100587 
9 15 9 6 3 8 5 18 11 1 21 12 16 23 2.70999124060388841 18 2 2 11 16 6 4 33 10 16 26 2 15 22 11 14 12 12 2 9 13 3 1 6 12 16 4 4 31 9 9 2 10 13 16 5 5 30 12 6 32 11 17 6 13 23.3287045955657959 85.5455626541803866 
9 15 9 6 3 8 5 18 11 1 21 12 16 23 2.70999124060388841 18 2 2 11 16 6 4 33 10 16 26 2 15 22 11 14 12 12 2 9 13 3 1 6 12 16 4 3 6 7 9 2 10 15 26 9 5 30 12 6 32 11 14 25 7 22.8312857151031494 89.77282022815929 
9 15 9 6 3 8 5 18 11 1 21 12 16 23 2.70999124060388841 18 2 2 11 1 6 4 33 10 16 26 2 15 22 11 14 12 12 2 9 13 3 1 6 12 16 4 4 4 7 9 2 10 1 32 8 5 30 12 6 32 11 14 24 13 24.9157895445823669 73.8729193850740273 
9 15 9 6 3 8 14 20 13 1 21 12 16 23 2.70999124060388841 18 2 2 11 16 6 4 33 10 16 26 2 15 22 11 14 12 12 2 9 13 3 1 6 12 16 4 12 18 9 9 2 10 13 12 9 5 30 12 6 32 11 4 2 3 22.5754998326301575 104.748132330983395 
9 15 9 6 3 8 5 18 11 1 21 12 16 23 2.70999124060388841 18 2 2 11 16 6 4 33 10 16 26 2 15 22 11 14 12 12 2 9 13 3 1 6 12 16 4 4 20 9 9 2 10 15 24 12 5 30 12 6 32 11 13 31 2 23.0332145690917969 88.8529749165299165 
9 15 9 6 3 8 5 18 11 1 21 12 16 23 2.70999124060388841 18 2 2 11 16 6 4 33 10 16 26 2 15 22 11 14 12 12 2 9 13 3 1 6 12 16 4 4 4 7 9 2 10 16 15 2 5 30 12 1 14 12 6 32 11 25.7197275757789612 65.5222683939050086 
9 15 9 6 3 8 5 18 11 1 21 12 16 23 2.70999124060388841 18 2 2 6 14 7 4 33 10 16 26 2 15 22 11 14 12 12 2 9 13 3 1 6 12 16 4 3 24 10 9 2 10 16 1 9 5 30 12 6 32 11 6 6 8 22.2335137724876404 111.921204721204703 
9 15 9 6 3 8 5 18 11 15 30 5 16 23 2.70999124060388841 18 2 2 11 16 6 4 33 10 16 26 2 15 22 11 14 12 12 2 9 13 3 1 6 12 16 4 6 5 13 9 2 10 4 3 3 5 30 12 6 32 11 4 6 3 22.289225697517395 110.860996989556369 
9 15 9 6 3 8 5 18 11 1 21 12 16 23 2.70999124060388841 3.36768017929769181 19 7 11 16 6 4 33 10 16 26 2 15 22 11 14 12 12 2 9 13 3 1 6 12 16 4 8 20 2 9 2 10 17 18 11 5 30 12 6 32 11 14 32 7 22.3133768439292908 108.685980976275246 

Current Evaluation = 80000000(80000070)
Front Size = 29
9 15 9 14 8 8 17 17 11 2 24 6 12 25 13 18 2 2 11 16 6 4 33 10 16 26 2 15 22 11 14 12 12 2 9 13 3 1 6 12 16 4 6 24 5 9 2 10 1 25 13 5 30 12 6 32 11 17 25 11 21.5998217463493347 117.071651912594334 
9 15 9 6 3 8 5 18 11 1 21 12 16 23 2.70999124060388841 9 26 4 11 16 6 4 33 10 16 26 2 15 22 11 14 12 12 2 9 13 3 1 6 12 16 4 4 4 7 9 2 10 16 7 2.70999124060388841 5 30 12 6 32 11 13 24 3 24.7499135732650757 73.939942458142184 
1 6 2 16 14 9 4 30 1 10 12 7 14 6 7 8 5.34074699537910114 9 9.25570237641795579 26 12 13 24 12 15 8.22565314501180467 13 13.2195649013323386 14 6 6 24 8 17.8244721320812971 25 5 4 9 9 14 3 12 8 17 12 1 30 6 3 24 2 17 6 6 16 2 7 13 9 5 17.5926969647407532 210.91780349429726 
9 14 2 1 32 13 6 22 2 3 30 5 3.36768017929769181 6 6.96245171630185755 12 1 6 10 13 9 14 9 11 1 7 9 13 32 7 17 24 3.84646942076222631 14 1 9.82524131762891173 16 30 2 6 2 4 11 26 12 4 16 5 5 24 8 6 26 7 17.8244721320812971 1 10 16 22 13 18.7778299152851105 180.584104708500973 
8 16 1 16 20 11 3 12 7 1 6 11 1 3 10 3.36768017929769181 9 10 9.25570237641795579 20 5 6 25 13 1 31 5 15 30 1 14 6 13 9 30 9 6 15 8 13 30 2 2 12 11 3 2 9 3 5 11 6 24 5 15 23 10 12 25 5 17.3895408511161804 236.129252120428589 
1 6 7 9 8 10 1 32 4 15 24 2 14 32 13 13 16 10 11 5.34074699537910114 10 17 9 1 15 16.1354543567662532 7 4.94126535182462057 12 1 17 30 11 18 25 9 13.2195649013323386 13 3 14 20 13 15 3 4 4 31 8 17 6 11 1 32 6 4 12 11 6 26 7 18.169191837310791 203.969201500805241 
9 15 9 6 3 8 5 18 11 1 21 12 16 23 2.70999124060388841 12 1 6 13 30 10 4 33 10 16 26 2 15 22 11 14 12 12 2 9 13 3 1 6 12 16 4 6 31 1 9 2 10 14 18 11 5 30 12 6 32 11 12 18 4 21.1719038486480713 128.888510403279469 
9 15 9 6 3 8 5 18 11 1 21 12 16 23 2.70999124060388841 18 2 2 11 16 6 4 33 10 16 26 2 15 22 11 14 12 12 2 9 13 3 1 6 12 16 4 4 4 7 9 2 10 18 27 2.70999124060388841 5 30 12 6 32 11 14 15 1 27.7630565166473389 59.1563751203599821 
9 15 9 6 3 8 5 18 11 1 21 12 16 23 2.70999124060388841 18 2 2 11 16 6 4 33 10 16 26 2 15 22 11 14 12 12 2 9 13 3 1 6 12 16 4 4 4 7 9 2 10 18 27 2.70999124060388841 5 30 12 6 32 11 14 28 13 28.1996605396270752 58.8204406202099221 
14 31 2 6 30 9 10 6 9 12 15 7 3 7 3 4 13 4 15 5 12 17 12 2 1 26 11 4 19 4 12 24 9 15 16 2.70999124060388841 16 3 6 11 1 7 17 17 5 13 29 6.96245171630185755 4.94126535182462057 6 9.82524131762891173 9 20 6 14 19 13.151007650947605 6 22 11 19.3719507455825806 171.659022832958982 
9 15 9 6 3 8 5 18 11 1 21 12 16 23 2.70999124060388841 18 2 2 11 16 6 4 33 10 16 26 2 15 22 11 14 12 12 2 9 13 3 1 6 12 16 4 10 6 7 9 2 10 15 5 11 5 30 12 6 32 11 17 15 10 23.8522058129310608 79.3138207959242436 
9 15 9 6 3 8 5 18 11 1 21 12 16 23 2.70999124060388841 18 2 2 11 16 6 4 33 10 16 26 2 15 22 11 14 12 12 2 9 13 3 1 6 12 16 4 4 4 7 9 2 10 10 11 2.70999124060388841 5 30 12 6 32 11 1 16.1354543567662532 1 26.6919046640396118 60.6744945995874758 
9 15 9 6 3 8 5 18 11 1 21 12 16 23 2.70999124060388841 18 2 2 11 16 6 4 33 10 16 26 2 15 22 11 14 12 12 2 9 13 3 1 6 12 16 4 3.36768017929769181 26 5 9 2 10 8 20 5 5 30 12 6 32 11 14 25 12 23.2620567083358765 88.0062025777489225 
1 30 5 4 1 10 12 31 10 10 11 11 15 9 2 5 24 11 6 6 2 9 19 11 3 15 4 4 1 13 3 7 3 6 18 10 2 28 7 3 16 5 8 22 10 5 12 2.70999124060388841 14 5 4 16 32 11 6 12 8 17 6 1 20.1703399419784546 160.109724915607273 
9 15 9 6 3 8 5 18 11 1 21 12 16 23 2.70999124060388841 18 2 2 11 16 6 4 33 10 16 26 2 15 22 11 14 12 12 2 9 13 3 1 6 12 16 4 4 4 7 9 2 10 16 6 1 5 30 12 6 32 11 14 12 11 25.291532576084137 65.6910382046292654 
6 32 8 3 31 4 14 5 4 12 7 7 9 31 11 16 26 6 6 26 3 3 15 4 15 33 7 12 15 12 17 26 2.70999124060388841 4 8 8 1 20 1 13 16 4 14 15 13 10 31 3 16 20 7 1 6 6.96245171630185755 2 24 8 12 25 11 18.4692826867103577 192.346654621654665 
9 15 9 6 3 8 5 18 11 1 21 12 16 23 2.70999124060388841 18 2 2 11 16 6 4 33 10 16 26 2 15 22 11 14 12 12 2 9 13 3 1 6 12 16 4 17 15 1 9 2 10 1 24 8 5 30 12 6 32 11 9 16 3 24.0105827450752258 75.1313722891485725 
9 15 9 6 3 8 5 18 11 1 21 12 16 23 2.70999124060388841 18 2 2 11 16 6 4 33 10 16 26 2 15 22 11 14 12 12 2 9 13 3 1 6 12 16 4 4 4 7 9 2 10 18 27 2.70999124060388841 5 30 12 6 32 11 15 10 11 30.474920392036438 58.5506080088124463 
9 15 9 6 3 8 5 18 11 1 21 12 16 23 2.70999124060388841 18 2 2 11 16 6 4 33 10 16 26 2 15 22 11 14 12 12 2 9 13 3 1 6 12 16 4 16 24 10 9 2 10 18 27 2.70999124060388841 5 30 12 6 32 11 1 16 8 25.9679415225982666 64.3117408985359589 
9 15 9 6 3 8 5 18 11 1 21 12 16 23 2.70999124060388841 9 2 9 11 16 6 4 33 10 16 26 2 15 22 11 14 12 12 2 9 13 3 1 6 12 16 4 10 6 5 9 2 10 2 31 9 5 30 12 6 32 11 14 17 4 22.9089766144752502 89.6525073918479336 
9 15 9 6 3 8 5 18 11 1 21 12 16 23 2.70999124060388841 18 2 2 11 16 6 4 33 10 16 26 2 15 22 11 14 12 12 2 9 13 3 1 6 12 16 4 4 6 10 9 2 10 14 5.34074699537910114 1 5 30 12 6 32 11 8 26 7 23.3340897560119629 81.029484631100587 
9 15 9 6 3 8 5 18 11 1 21 12 16 23 2.70999124060388841 18 2 2 11 16 6 4 33 10 16 26 2 15 22 11 14 12 12 2 9 13 3 1 6 12 16 4 4 31 9 9 2 10 13 16 5 5 30 12 6 32 11 17 6 13 23.3287045955657959 85.5455626541803866 
9 15 9 6 3 8 5 18 11 1 21 12 16 23 2.70999124060388841 18 2 2 11 16 6 4 33 10 16 26 2 15 22 11 14 12 12 2 9 13 3 1 6 12 16 4 3 6 7 9 2 10 15 26 9 5 30 12 6 32 11 14 25 7 22.8312857151031494 89.77282022815929 
9 15 9 6 3 8 5 18 11 1 21 12 16 23 2.70999124060388841 18 2 2 11 1 6 4 33 10 16 26 2 15 22 11 14 12 12 2 9 13 3 1 6 12 16 4 4 4 7 9 2 10 1 32 8 5 30 12 6 32 11 14 24 13 24.9157895445823669 73.8729193850740273 
9 15 9 6 3 8 5 18 11 1 21 12 16 23 2.70999124060388841 18 2 2 11 16 6 4 33 10 16 26 2 15 22 11 14 12 12 2 9 13 3 1 6 12 16 4 4 20 9 9 2 10 15 24 12 5 30 12 6 32 11 13 31 2 23.0332145690917969 88.8529749165299165 
9 15 9 6 3 8 5 18 11 1 21 12 16 23 2.70999124060388841 18 2 2 11 16 6 4 33 10 16 26 2 15 22 11 14 12 12 2 9 13 3 1 6 12 16 4 4 4 7 9 2 10 16 15 2 5 30 12 1 14 12 6 32 11 25.7197275757789612 65.5222683939050086 
9 15 9 6 3 8 5 18 11 1 21 12 16 23 2.70999124060388841 18 2 2 6 14 7 4 33 10 16 26 2 15 22 11 14 12 12 2 9 13 3 1 6 12 16 4 3 24 10 9 2 10 16 1 9 5 30 12 6 32 11 6 6 8 22.2335137724876404 111.921204721204703 
9 15 9 6 3 8 5 18 11 1 21 12 16 23 2.70999124060388841 12 24 2.70999124060388841 11 16 6 4 33 10 16 26 2 15 22 11 14 12 12 2 9 13 3 1 6 12 16 4 4 17 4 9 2 10 14 31 8 5 30 12 6 32 11 17 24 8 22.2847117185592651 92.3459488659633791 
9 15 9 6 3 8 5 18 11 1 21 12 16 23 2.70999124060388841 18 2 2 11 16 6 4 33 10 16 26 2 15 22 11 14 12 12 2 9 13 3 1 6 12 16 4 4 4 7 9 2 10 16 17 1 5 30 12 6 32 11 14 28 8 26.3803756237030029 63.1751311376513272 

Current Evaluation = 90000000(90000150)
Front Size = 29
9 15 9 14 8 8 17 17 11 2 24 6 12 25 13 18 2 2 11 16 6 4 33 10 16 26 2 15 22 11 14 12 12 2 9 13 3 1 6 12 16 4 6 24 5 9 2 10 1 25 13 5 30 12 6 32 11 17 25 11 21.5998217463493347 117.071651912594334 
1 6 2 16 14 9 4 30 1 10 12 7 14 6 7 8 5.34074699537910114 9 9.25570237641795579 26 12 13 24 12 15 8.22565314501180467 13 13.2195649013323386 14 6 6 24 8 17.8244721320812971 25 5 4 9 9 14 3 12 8 17 12 1 30 6 3 24 2 17 6 6 16 2 7 13 9 5 17.5926969647407532 210.91780349429726 
9 14 2 1 32 13 6 22 2 3 30 5 3.36768017929769181 6 6.96245171630185755 12 1 6 10 13 9 14 9 11 1 7 9 13 32 7 17 24 3.84646942076222631 14 1 9.82524131762891173 16 30 2 6 2 4 11 26 12 4 16 5 5 24 8 6 26 7 17.8244721320812971 1 10 16 22 13 18.7778299152851105 180.584104708500973 
8 16 1 16 20 11 3 12 7 1 6 11 1 3 10 3.36768017929769181 9 10 9.25570237641795579 20 5 6 25 13 1 31 5 15 30 1 14 6 13 9 30 9 6 15 8 13 30 2 2 12 11 3 2 9 3 5 11 6 24 5 15 23 10 12 25 5 17.3895408511161804 236.129252120428589 
1 6 7 9 8 10 1 32 4 15 24 2 14 32 13 13 16 10 11 5.34074699537910114 10 17 9 1 15 16.1354543567662532 7 4.94126535182462057 12 1 17 30 11 18 25 9 13.2195649013323386 13 3 14 20 13 15 3 4 4 31 8 17 6 11 1 32 6 4 12 11 6 26 7 18.169191837310791 203.969201500805241 
9 15 9 6 3 8 5 18 11 1 21 12 16 23 2.70999124060388841 12 1 6 13 30 10 4 33 10 16 26 2 15 22 11 14 12 12 2 9 13 3 1 6 12 16 4 6 31 1 9 2 10 14 18 11 5 30 12 6 32 11 12 18 4 21.1719038486480713 128.888510403279469 
9 15 9 6 3 8 5 18 11 1 21 12 16 23 2.70999124060388841 18 2 2 11 16 6 4 33 10 16 26 2 15 22 11 14 12 12 2 9 13 3 1 6 12 16 4 4 4 7 9 2 10 18 27 2.70999124060388841 5 30 12 6 32 11 14 15 1 27.7630565166473389 59.1563751203599821 
9 15 9 6 3 8 5 18 11 1 21 12 16 23 2.70999124060388841 18 2 2 11 16 6 4 33 10 16 26 2 15 22 11 14 12 12 2 9 13 3 1 6 12 16 4 4 4 7 9 2 10 18 27 2.70999124060388841 5 30 12 6 32 11 14 28 13 28.1996605396270752 58.8204406202099221 
14 31 2 6 30 9 10 6 9 12 15 7 3 7 3 4 13 4 15 5 12 17 12 2 1 26 11 4 19 4 12 24 9 15 16 2.70999124060388841 16 3 6 11 1 7 17 17 5 13 29 6.96245171630185755 4.94126535182462057 6 9.82524131762891173 9 20 6 14 19 13.151007650947605 6 22 11 19.3719507455825806 171.659022832958982 
9 15 9 6 3 8 5 18 11 1 21 12 16 23 2.70999124060388841 18 2 2 11 16 6 4 33 10 16 26 2 15 22 11 14 12 12 2 9 13 3 1 6 12 16 4 4 4 7 9 2 10 10 11 2.70999124060388841 5 30 12 6 32 11 1 16.1354543567662532 1 26.6919046640396118 60.6744945995874758 
9 15 9 6 3 8 5 18 11 1 21 12 16 23 2.70999124060388841 18 2 2 11 16 6 4 33 10 16 26 2 15 22 11 14 12 12 2 9 13 3 1 6 12 16 4 3.36768017929769181 26 5 9 2 10 8 20 5 5 30 12 6 32 11 14 25 12 23.2620567083358765 88.0062025777489225 
1 30 5 4 1 10 12 31 10 10 11 11 15 9 2 5 24 11 6 6 2 9 19 11 3 15 4 4 1 13 3 7 3 6 18 10 2 28 7 3 16 5 8 22 10 5 12 2.70999124060388841 14 5 4 16 32 11 6 12 8 17 6 1 20.1703399419784546 160.109724915607273 
9 15 9 6 3 8 5 18 11 1 21 12 16 23 2.70999124060388841 18 2 2 11 16 6 4 33 10 16 26 2 15 22 11 14 12 12 2 9 13 3 1 6 12 16 4 4 4 7 9 2 10 16 6 1 5 30 12 6 32 11 14 12 11 25.291532576084137 65.6910382046292654 
6 32 8 3 31 4 14 5 4 12 7 7 9 31 11 16 26 6 6 26 3 3 15 4 15 33 7 12 15 12 17 26 2.70999124060388841 4 8 8 1 20 1 13 16 4 14 15 13 10 31 3 16 20 7 1 6 6.96245171630185755 2 24 8 12 25 11 18.4692826867103577 192.346654621654665 
9 15 9 6 3 8 5 18 11 1 21 12 16 23 2.70999124060388841 18 2 2 11 16 6 4 33 10 16 26 2 15 22 11 14 12 12 2 9 13 3 1 6 12 16 4 16 24 10 9 2 10 18 27 2.70999124060388841 5 30 12 6 32 11 1 16 8 25.9679415225982666 64.3117408985359589 
9 15 9 6 3 8 5 18 11 1 21 12 16 23 2.70999124060388841 9 2 9 11 16 6 4 33 10 16 26 2 15 22 11 14 12 12 2 9 13 3 1 6 12 16 4 10 6 5 9 2 10 2 31 9 5 30 12 6 32 11 14 17 4 22.9089766144752502 89.6525073918479336 
9 15 9 6 3 8 5 18 11 1 21 12 16 23 2.70999124060388841 18 2 2 11 16 6 4 33 10 16 26 2 15 22 11 14 12 12 2 9 13 3 1 6 12 16 4 4 6 10 9 2 10 14 5.34074699537910114 1 5 30 12 6 32 11 8 26 7 23.3340897560119629 81.029484631100587 
9 15 9 6 3 8 5 18 11 1 21 12 16 23 2.70999124060388841 18 2 2 11 16 6 4 33 10 16 26 2 15 22 11 14 12 12 2 9 13 3 1 6 12 16 4 4 31 9 9 2 10 13 16 5 5 30 12 6 32 11 17 6 13 23.3287045955657959 85.5455626541803866 
9 15 9 6 3 8 5 18 11 1 21 12 16 23 2.70999124060388841 18 2 2 11 16 6 4 33 10 16 26 2 15 22 11 14 12 12 2 9 13 3 1 6 12 16 4 3 6 7 9 2 10 15 26 9 5 30 12 6 32 11 14 25 7 22.8312857151031494 89.77282022815929 
9 15 9 6 3 8 5 18 11 1 21 12 16 23 2.70999124060388841 18 2 2 11 16 6 4 33 10 16 26 2 15 22 11 14 12 12 2 9 13 3 1 6 12 16 4 4 20 9 9 2 10 15 24 12 5 30 12 6 32 11 13 31 2 23.0332145690917969 88.8529749165299165 
9 15 9 6 3 8 5 18 11 1 21 12 16 23 2.70999124060388841 18 2 2 11 16 6 4 33 10 16 26 2 15 22 11 14 12 12 2 9 13 3 1 6 12 16 4 4 4 7 9 2 10 16 15 2 5 30 12 1 14 12 6 32 11 25.7197275757789612 65.5222683939050086 
9 15 9 6 3 8 5 18 11 1 21 12 16 23 2.70999124060388841 18 2 2 6 14 7 4 33 10 16 26 2 15 22 11 14 12 12 2 9 13 3 1 6 12 16 4 3 24 10 9 2 10 16 1 9 5 30 12 6 32 11 6 6 8 22.2335137724876404 111.921204721204703 
9 15 9 6 3 8 5 18 11 1 21 12 16 23 2.70999124060388841 12 24 2.70999124060388841 11 16 6 4 33 10 16 26 2 15 22 11 14 12 12 2 9 13 3 1 6 12 16 4 4 17 4 9 2 10 14 31 8 5 30 12 6 32 11 17 24 8 22.2847117185592651 92.3459488659633791 
9 15 9 6 3 8 5 18 11 1 21 12 16 23 2.70999124060388841 18 2 2 11 16 6 4 33 10 16 26 2 15 22 11 14 12 12 2 9 13 3 1 6 12 16 4 4 4 7 9 2 10 16 17 1 5 30 12 6 32 11 14 28 8 26.3803756237030029 63.1751311376513272 
9 15 9 6 3 8 5 18 11 1 21 12 16 23 2.70999124060388841 18 2 2 11 16 6 4 33 10 16 26 2 15 22 11 14 12 12 2 9 13 3 1 6 12 16 4 4 4 7 9 2 10 18 27 2.70999124060388841 5 30 12 6 32 11 15 10 11 30.474920392036438 58.4292439754583626 
9 15 9 6 3 8 13 1 3 1 21 12 16 23 2.70999124060388841 18 2 2 11 16 6 4 33 10 16 26 2 15 22 11 14 12 12 2 9 13 3 1 6 12 16 4 3.36768017929769181 26 4 6 24 7 9 6 4 5 30 12 6 32 11 15 32 3 21.9362398386001587 115.824233106613889 
9 15 9 6 3 8 5 18 11 2 24 7 16 23 2.70999124060388841 18 2 2 11 16 6 4 33 10 16 26 2 15 22 11 14 12 12 2 9 13 3 1 6 12 16 4 6 26 5 9 2 10 13 12 5 5 30 12 6 32 11 16 3 2.70999124060388841 22.1465235948562622 115.713134087038554 
9 15 9 6 3 8 5 18 11 15 20 2 16 23 2.70999124060388841 14 9 11 11 16 6 4 33 10 16 26 2 15 22 11 14 12 12 2 9 13 3 1 6 1 6 4 3.36768017929769181 6 12 9 2 10 1 16 7 14 12 8 6 32 11 2 23 1 20.7221176028251648 142.394714883014103 
9 15 9 6 3 8 5 18 11 1 21 12 16 23 2.70999124060388841 18 2 2 11 16 6 4 33 10 16 26 2 15 22 11 14 12 12 2 9 13 3 1 6 12 16 4 10 6 5 9 2 10 4 24 5 5 30 12 6 32 11 17 12 1 23.7001886963844299 71.9073347892664572 

Current Evaluation = 100000000(100000040)
Front Size = 35
9 15 9 14 8 8 17 17 11 2 24 6 12 25 13 18 2 2 11 16 6 4 33 10 16 26 2 15 22 11 14 12 12 2 9 13 3 1 6 12 16 4 6 24 5 9 2 10 1 25 13 5 30 12 6 32 11 17 25 11 21.5998217463493347 117.071651912594334 
1 6 2 16 14 9 4 30 1 10 12 7 14 6 7 8 5.34074699537910114 9 9.25570237641795579 26 12 13 24 12 15 8.22565314501180467 13 13.2195649013323386 14 6 6 24 8 17.8244721320812971 25 5 4 9 9 14 3 12 8 17 12 1 30 6 3 24 2 17 6 6 16 2 7 13 9 5 17.5926969647407532 210.91780349429726 
9 14 2 1 32 13 6 22 2 3 30 5 3.36768017929769181 6 6.96245171630185755 12 1 6 10 13 9 14 9 11 1 7 9 13 32 7 17 24 3.84646942076222631 14 1 9.82524131762891173 16 30 2 6 2 4 11 26 12 4 16 5 5 24 8 6 26 7 17.8244721320812971 1 10 16 22 13 18.7778299152851105 180.584104708500973 
8 16 1 16 20 11 3 12 7 1 6 11 1 3 10 3.36768017929769181 9 10 9.25570237641795579 20 5 6 25 13 1 31 5 15 30 1 14 6 13 9 30 9 6 15 8 13 30 2 2 12 11 3 2 9 3 5 11 6 24 5 15 23 10 12 25 5 17.3895408511161804 236.129252120428589 
1 6 7 9 8 10 1 32 4 15 24 2 14 32 13 13 16 10 11 5.34074699537910114 10 17 9 1 15 16.1354543567662532 7 4.94126535182462057 12 1 17 30 11 18 25 9 13.2195649013323386 13 3 14 20 13 15 3 4 4 31 8 17 6 11 1 32 6 4 12 11 6 26 7 18.169191837310791 203.969201500805241 
9 15 9 6 3 8 5 18 11 1 21 12 16 23 2.70999124060388841 12 1 6 13 30 10 4 33 10 16 26 2 15 22 11 14 12 12 2 9 13 3 1 6 12 16 4 6 31 1 9 2 10 14 18 11 5 30 12 6 32 11 12 18 4 21.1719038486480713 128.888510403279469 
9 15 9 6 3 8 5 18 11 1 21 12 16 23 2.70999124060388841 18 2 2 11 16 6 4 33 10 16 26 2 15 22 11 14 12 12 2 9 13 3 1 6 12 16 4 4 4 7 9 2 10 18 27 2.70999124060388841 5 30 12 6 32 11 14 15 1 27.7630565166473389 59.1563751203599821 
9 15 9 6 3 8 5 18 11 1 21 12 16 23 2.70999124060388841 18 2 2 11 16 6 4 33 10 16 26 2 15 22 11 14 12 12 2 9 13 3 1 6 12 16 4 4 4 7 9 2 10 18 27 2.70999124060388841 5 30 12 6 32 11 14 28 13 28.1996605396270752 58.8204406202099221 
14 31 2 6 30 9 10 6 9 12 15 7 3 7 3 4 13 4 15 5 12 17 12 2 1 26 11 4 19 4 12 24 9 15 16 2.70999124060388841 16 3 6 11 1 7 17 17 5 13 29 6.96245171630185755 4.94126535182462057 6 9.82524131762891173 9 20 6 14 19 13.151007650947605 6 22 11 19.3719507455825806 171.659022832958982 
9 15 9 6 3 8 5 18 11 1 21 12 16 23 2.70999124060388841 18 2 2 11 16 6 4 33 10 16 26 2 15 22 11 14 12 12 2 9 13 3 1 6 12 16 4 4 4 7 9 2 10 10 11 2.70999124060388841 5 30 12 6 32 11 1 16.1354543567662532 1 26.6919046640396118 60.6744945995874758 
1 30 5 4 1 10 12 31 10 10 11 11 15 9 2 5 24 11 6 6 2 9 19 11 3 15 4 4 1 13 3 7 3 6 18 10 2 28 7 3 16 5 8 22 10 5 12 2.70999124060388841 14 5 4 16 32 11 6 12 8 17 6 1 20.1703399419784546 160.109724915607273 
9 15 9 6 3 8 5 18 11 1 21 12 16 23 2.70999124060388841 18 2 2 11 16 6 4 33 10 16 26 2 15 22 11 14 12 12 2 9 13 3 1 6 12 16 4 4 4 7 9 2 10 16 6 1 5 30 12 6 32 11 14 12 11 25.291532576084137 65.6910382046292654 
6 32 8 3 31 4 14 5 4 12 7 7 9 31 11 16 26 6 6 26 3 3 15 4 15 33 7 12 15 12 17 26 2.70999124060388841 4 8 8 1 20 1 13 16 4 14 15 13 10 31 3 16 20 7 1 6 6.96245171630185755 2 24 8 12 25 11 18.4692826867103577 192.346654621654665 
9 15 9 6 3 8 5 18 11 1 21 12 16 23 2.70999124060388841 18 2 2 11 16 6 4 33 10 16 26 2 15 22 11 14 12 12 2 9 13 3 1 6 12 16 4 16 24 10 9 2 10 18 27 2.70999124060388841 5 30 12 6 32 11 1 16 8 25.9679415225982666 64.3117408985359589 
9 15 9 6 3 8 5 18 11 1 21 12 16 23 2.70999124060388841 9 2 9 11 16 6 4 33 10 16 26 2 15 22 11 14 12 12 2 9 13 3 1 6 12 16 4 10 6 5 9 2 10 2 31 9 5 30 12 6 32 11 14 17 4 22.9089766144752502 89.6525073918479336 
9 15 9 6 3 8 5 18 11 1 21 12 16 23 2.70999124060388841 18 2 2 11 16 6 4 33 10 16 26 2 15 22 11 14 12 12 2 9 13 3 1 6 12 16 4 3 6 7 9 2 10 15 26 9 5 30 12 6 32 11 14 25 7 22.8312857151031494 89.77282022815929 
9 15 9 6 3 8 5 18 11 1 21 12 16 23 2.70999124060388841 18 2 2 11 16 6 4 33 10 16 26 2 15 22 11 14 12 12 2 9 13 3 1 6 12 16 4 4 20 9 9 2 10 15 24 12 5 30 12 6 32 11 13 31 2 23.0332145690917969 88.8529749165299165 
9 15 9 6 3 8 5 18 11 1 21 12 16 23 2.70999124060388841 12 24 2.70999124060388841 11 16 6 4 33 10 16 26 2 15 22 11 14 12 12 2 9 13 3 1 6 12 16 4 4 17 4 9 2 10 14 31 8 5 30 12 6 32 11 17 24 8 22.2847117185592651 92.3459488659633791 
9 15 9 6 3 8 5 18 11 1 21 12 16 23 2.70999124060388841 18 2 2 11 16 6 4 33 10 16 26 2 15 22 11 14 12 12 2 9 13 3 1 6 12 16 4 4 4 7 9 2 10 16 17 1 5 30 12 6 32 11 14 28 8 26.3803756237030029 63.1751311376513272 
9 15 9 6 3 8 5 18 11 15 20 2 16 23 2.70999124060388841 14 9 11 11 16 6 4 33 10 16 26 2 15 22 11 14 12 12 2 9 13 3 1 6 1 6 4 3.36768017929769181 6 12 9 2 10 1 16 7 14 12 8 6 32 11 2 23 1 20.7221176028251648 142.394714883014103 
9 15 9 6 3 8 5 18 11 1 21 12 16 23 2.70999124060388841 18 2 2 11 16 6 4 33 10 16 26 2 15 22 11 14 12 12 2 9 13 3 1 6 12 16 4 10 6 5 9 2 10 4 24 5 5 30 12 6 32 11 17 12 1 23.7001886963844299 71.9073347892664572 
9 15 9 6 3 8 5 18 11 1 21 12 16 23 2.70999124060388841 18 2 2 11 16 6 4 33 10 16 26 2 15 22 11 14 12 12 2 9 13 3 1 6 12 16 4 14 24 2.70999124060388841 9 2 10 14 1 4 5 30 12 6 32 11 10 20 12 23.1843487024307251 88.1450776431745595 
9 15 9 6 3 8 5 18 11 1 21 12 16 23 2.70999124060388841 18 2 2 11 16 6 4 33 10 16 26 2 15 22 11 14 12 12 2 9 13 3 1 6 12 16 4 4 24 3 9 2 10 16 26 1 5 30 12 6 32 11 1 6 4 23.2116376757621765 79.2565494064776175 
11 28 12 12 6 2 16 17 2 16 12 10 15 6 7 6 17 4 10 25 4 10 26 1 12 15 8 13 30 5 16 31 2.70999124060388841 14 16.1354543567662532 3.84646942076222631 1 1 9 6 32 3 9 16 11 4 24 9.82524131762891173 17 31.8448655754823804 9 1 1 8 8 25 7 6 26 9 18.6126927137374878 182.89257187600839 
9 15 9 6 3 8 5 18 11 1 21 12 16 23 2.70999124060388841 18 2 2 11 16 6 4 33 10 16 26 2 15 22 11 14 12 12 2 9 13 3 1 6 12 16 4 4 1 10 16 24 1 18 27 2.70999124060388841 5 30 12 6 32 11 14 31 10 25.0242955684661865 68.0937110338064855 
9 15 9 6 3 8 5 18 11 1 21 12 16 23 2.70999124060388841 18 2 2 11 16 6 4 33 10 16 26 2 15 22 11 14 12 12 2 9 13 3 1 6 12 16 4 4 4 7 16 24 1 18 27 2.70999124060388841 5 30 12 6 32 11 14 31 12 27.2459824681282043 59.5893080946561327 
9 15 9 13 1 10 5 18 11 1 21 12 16 23 2.70999124060388841 1 9 8 11 16 6 4 33 10 16 26 2 15 22 11 14 12 12 2 9 13 3 1 6 12 16 4 2 31 8 16 24 1 3 20 6 5 30 12 6 32 11 14 3 4 21.8357636332511902 107.721923738012819 
9 15 9 6 3 8 5 18 11 1 21 12 16 23 2.70999124060388841 18 2 2 11 16 6 4 33 10 16 26 2 15 22 11 14 12 12 2 9 13 3 1 6 12 16 4 4 33 4 16 24 1 18 27 2.70999124060388841 5 30 12 6 32 11 9 1 5 26.1222056150436401 63.4952068889159946 
9 15 9 6 3 8 5 18 11 1 21 12 16 23 2.70999124060388841 18 2 2 11 16 6 12 28 5 16 26 2 15 22 11 14 12 12 2 9 13 3 1 6 12 16 4 4 4 7 16 24 1 18 27 2.70999124060388841 5 30 12 6 32 11 15 10 11 30.0102794170379639 58.3956054582952433 
9 15 9 6 3 8 5 18 11 1 21 12 16 23 2.70999124060388841 18 2 2 11 16 6 4 33 10 16 26 2 15 22 11 14 12 12 2 9 13 3 1 6 12 16 4 9 6 9 16 24 1 18 27 2.70999124060388841 5 30 12 6 32 11 1 18 12 25.4301265478134155 64.9302063373562817 
9 15 9 6 3 8 5 18 11 1 21 12 16 23 2.70999124060388841 18 2 2 11 16 6 4 33 10 16 26 2 15 22 11 14 12 12 2 9 13 3 1 6 12 16 4 4 4 7 16 24 1 18 27 2.70999124060388841 5 30 12 6 32 11 11 1 6 28.116478443145752 59.0823011223881238 
9 15 9 6 3 8 5 18 11 1 21 12 16 23 2.70999124060388841 18 2 2 11 16 6 4 33 10 16 26 2 15 22 11 14 12 12 2 9 13 3 1 6 12 16 4 3.36768017929769181 15 6 16 24 1 9 6 6.96245171630185755 5 30 12 6 32 11 15 1 6 23.3442426323890686 78.4869043060559335 
9 15 9 6 3 8 5 18 11 1 21 12 16 23 2.70999124060388841 18 2 2 11 16 6 4 33 10 16 26 2 15 22 11 14 12 12 2 9 13 3 1 6 12 16 4 4 4 7 16 24 1 18 27 2.70999124060388841 5 30 12 6 32 11 15 10 11 30.1176843643188477 56.9964411021161155 
9 15 9 6 3 8 5 18 11 6 5.34074699537910114 5 16 23 2.70999124060388841 18 2 2 11 16 6 4 33 10 16 26 2 15 22 11 14 12 12 2 9 13 3 1 6 12 16 4 15 25 5 16 24 1 1 14 6.96245171630185755 5 30 12 6 32 11 14 12 3 21.808366596698761 111.251805599639653 
9 15 9 6 3 8 5 18 11 1 21 12 16 23 2.70999124060388841 18 2 2 11 16 6 4 33 10 16 26 2 15 22 11 14 12 12 2 9 13 3 1 6 12 16 4 4 4 7 16 24 1 18 27 2.70999124060388841 5 30 12 6 32 11 15 3 8 27.7360165119171143 59.2217064479137605 

MOEA/D: Multiobjective Evolutionary Algorithm Based on Decomposition
Number of Evaluations = 100000000
Mutation Probability = 0.0500000007450580597
Population Size = 190
Neighborhood size = 30
Seed: 13

Time =  24619.1224709999988

Current Evaluation = 100000040
Front Size = 35
9 15 9 14 8 8 17 17 11 2 24 6 12 25 13 18 2 2 11 16 6 4 33 10 16 26 2 15 22 11 14 12 12 2 9 13 3 1 6 12 16 4 6 24 5 9 2 10 1 25 13 5 30 12 6 32 11 17 25 11 21.5998217463493347 117.071651912594334 
1 6 2 16 14 9 4 30 1 10 12 7 14 6 7 8 5.34074699537910114 9 9.25570237641795579 26 12 13 24 12 15 8.22565314501180467 13 13.2195649013323386 14 6 6 24 8 17.8244721320812971 25 5 4 9 9 14 3 12 8 17 12 1 30 6 3 24 2 17 6 6 16 2 7 13 9 5 17.5926969647407532 210.91780349429726 
9 14 2 1 32 13 6 22 2 3 30 5 3.36768017929769181 6 6.96245171630185755 12 1 6 10 13 9 14 9 11 1 7 9 13 32 7 17 24 3.84646942076222631 14 1 9.82524131762891173 16 30 2 6 2 4 11 26 12 4 16 5 5 24 8 6 26 7 17.8244721320812971 1 10 16 22 13 18.7778299152851105 180.584104708500973 
8 16 1 16 20 11 3 12 7 1 6 11 1 3 10 3.36768017929769181 9 10 9.25570237641795579 20 5 6 25 13 1 31 5 15 30 1 14 6 13 9 30 9 6 15 8 13 30 2 2 12 11 3 2 9 3 5 11 6 24 5 15 23 10 12 25 5 17.3895408511161804 236.129252120428589 
1 6 7 9 8 10 1 32 4 15 24 2 14 32 13 13 16 10 11 5.34074699537910114 10 17 9 1 15 16.1354543567662532 7 4.94126535182462057 12 1 17 30 11 18 25 9 13.2195649013323386 13 3 14 20 13 15 3 4 4 31 8 17 6 11 1 32 6 4 12 11 6 26 7 18.169191837310791 203.969201500805241 
9 15 9 6 3 8 5 18 11 1 21 12 16 23 2.70999124060388841 12 1 6 13 30 10 4 33 10 16 26 2 15 22 11 14 12 12 2 9 13 3 1 6 12 16 4 6 31 1 9 2 10 14 18 11 5 30 12 6 32 11 12 18 4 21.1719038486480713 128.888510403279469 
9 15 9 6 3 8 5 18 11 1 21 12 16 23 2.70999124060388841 18 2 2 11 16 6 4 33 10 16 26 2 15 22 11 14 12 12 2 9 13 3 1 6 12 16 4 4 4 7 9 2 10 18 27 2.70999124060388841 5 30 12 6 32 11 14 15 1 27.7630565166473389 59.1563751203599821 
9 15 9 6 3 8 5 18 11 1 21 12 16 23 2.70999124060388841 18 2 2 11 16 6 4 33 10 16 26 2 15 22 11 14 12 12 2 9 13 3 1 6 12 16 4 4 4 7 9 2 10 18 27 2.70999124060388841 5 30 12 6 32 11 14 28 13 28.1996605396270752 58.8204406202099221 
14 31 2 6 30 9 10 6 9 12 15 7 3 7 3 4 13 4 15 5 12 17 12 2 1 26 11 4 19 4 12 24 9 15 16 2.70999124060388841 16 3 6 11 1 7 17 17 5 13 29 6.96245171630185755 4.94126535182462057 6 9.82524131762891173 9 20 6 14 19 13.151007650947605 6 22 11 19.3719507455825806 171.659022832958982 
9 15 9 6 3 8 5 18 11 1 21 12 16 23 2.70999124060388841 18 2 2 11 16 6 4 33 10 16 26 2 15 22 11 14 12 12 2 9 13 3 1 6 12 16 4 4 4 7 9 2 10 10 11 2.70999124060388841 5 30 12 6 32 11 1 16.1354543567662532 1 26.6919046640396118 60.6744945995874758 
1 30 5 4 1 10 12 31 10 10 11 11 15 9 2 5 24 11 6 6 2 9 19 11 3 15 4 4 1 13 3 7 3 6 18 10 2 28 7 3 16 5 8 22 10 5 12 2.70999124060388841 14 5 4 16 32 11 6 12 8 17 6 1 20.1703399419784546 160.109724915607273 
9 15 9 6 3 8 5 18 11 1 21 12 16 23 2.70999124060388841 18 2 2 11 16 6 4 33 10 16 26 2 15 22 11 14 12 12 2 9 13 3 1 6 12 16 4 4 4 7 9 2 10 16 6 1 5 30 12 6 32 11 14 12 11 25.291532576084137 65.6910382046292654 
6 32 8 3 31 4 14 5 4 12 7 7 9 31 11 16 26 6 6 26 3 3 15 4 15 33 7 12 15 12 17 26 2.70999124060388841 4 8 8 1 20 1 13 16 4 14 15 13 10 31 3 16 20 7 1 6 6.96245171630185755 2 24 8 12 25 11 18.4692826867103577 192.346654621654665 
9 15 9 6 3 8 5 18 11 1 21 12 16 23 2.70999124060388841 18 2 2 11 16 6 4 33 10 16 26 2 15 22 11 14 12 12 2 9 13 3 1 6 12 16 4 16 24 10 9 2 10 18 27 2.70999124060388841 5 30 12 6 32 11 1 16 8 25.9679415225982666 64.3117408985359589 
9 15 9 6 3 8 5 18 11 1 21 12 16 23 2.70999124060388841 9 2 9 11 16 6 4 33 10 16 26 2 15 22 11 14 12 12 2 9 13 3 1 6 12 16 4 10 6 5 9 2 10 2 31 9 5 30 12 6 32 11 14 17 4 22.9089766144752502 89.6525073918479336 
9 15 9 6 3 8 5 18 11 1 21 12 16 23 2.70999124060388841 18 2 2 11 16 6 4 33 10 16 26 2 15 22 11 14 12 12 2 9 13 3 1 6 12 16 4 3 6 7 9 2 10 15 26 9 5 30 12 6 32 11 14 25 7 22.8312857151031494 89.77282022815929 
9 15 9 6 3 8 5 18 11 1 21 12 16 23 2.70999124060388841 18 2 2 11 16 6 4 33 10 16 26 2 15 22 11 14 12 12 2 9 13 3 1 6 12 16 4 4 20 9 9 2 10 15 24 12 5 30 12 6 32 11 13 31 2 23.0332145690917969 88.8529749165299165 
9 15 9 6 3 8 5 18 11 1 21 12 16 23 2.70999124060388841 12 24 2.70999124060388841 11 16 6 4 33 10 16 26 2 15 22 11 14 12 12 2 9 13 3 1 6 12 16 4 4 17 4 9 2 10 14 31 8 5 30 12 6 32 11 17 24 8 22.2847117185592651 92.3459488659633791 
9 15 9 6 3 8 5 18 11 1 21 12 16 23 2.70999124060388841 18 2 2 11 16 6 4 33 10 16 26 2 15 22 11 14 12 12 2 9 13 3 1 6 12 16 4 4 4 7 9 2 10 16 17 1 5 30 12 6 32 11 14 28 8 26.3803756237030029 63.1751311376513272 
9 15 9 6 3 8 5 18 11 15 20 2 16 23 2.70999124060388841 14 9 11 11 16 6 4 33 10 16 26 2 15 22 11 14 12 12 2 9 13 3 1 6 1 6 4 3.36768017929769181 6 12 9 2 10 1 16 7 14 12 8 6 32 11 2 23 1 20.7221176028251648 142.394714883014103 
9 15 9 6 3 8 5 18 11 1 21 12 16 23 2.70999124060388841 18 2 2 11 16 6 4 33 10 16 26 2 15 22 11 14 12 12 2 9 13 3 1 6 12 16 4 10 6 5 9 2 10 4 24 5 5 30 12 6 32 11 17 12 1 23.7001886963844299 71.9073347892664572 
9 15 9 6 3 8 5 18 11 1 21 12 16 23 2.70999124060388841 18 2 2 11 16 6 4 33 10 16 26 2 15 22 11 14 12 12 2 9 13 3 1 6 12 16 4 14 24 2.70999124060388841 9 2 10 14 1 4 5 30 12 6 32 11 10 20 12 23.1843487024307251 88.1450776431745595 
9 15 9 6 3 8 5 18 11 1 21 12 16 23 2.70999124060388841 18 2 2 11 16 6 4 33 10 16 26 2 15 22 11 14 12 12 2 9 13 3 1 6 12 16 4 4 24 3 9 2 10 16 26 1 5 30 12 6 32 11 1 6 4 23.2116376757621765 79.2565494064776175 
11 28 12 12 6 2 16 17 2 16 12 10 15 6 7 6 17 4 10 25 4 10 26 1 12 15 8 13 30 5 16 31 2.70999124060388841 14 16.1354543567662532 3.84646942076222631 1 1 9 6 32 3 9 16 11 4 24 9.82524131762891173 17 31.8448655754823804 9 1 1 8 8 25 7 6 26 9 18.6126927137374878 182.89257187600839 
9 15 9 6 3 8 5 18 11 1 21 12 16 23 2.70999124060388841 18 2 2 11 16 6 4 33 10 16 26 2 15 22 11 14 12 12 2 9 13 3 1 6 12 16 4 4 1 10 16 24 1 18 27 2.70999124060388841 5 30 12 6 32 11 14 31 10 25.0242955684661865 68.0937110338064855 
9 15 9 6 3 8 5 18 11 1 21 12 16 23 2.70999124060388841 18 2 2 11 16 6 4 33 10 16 26 2 15 22 11 14 12 12 2 9 13 3 1 6 12 16 4 4 4 7 16 24 1 18 27 2.70999124060388841 5 30 12 6 32 11 14 31 12 27.2459824681282043 59.5893080946561327 
9 15 9 13 1 10 5 18 11 1 21 12 16 23 2.70999124060388841 1 9 8 11 16 6 4 33 10 16 26 2 15 22 11 14 12 12 2 9 13 3 1 6 12 16 4 2 31 8 16 24 1 3 20 6 5 30 12 6 32 11 14 3 4 21.8357636332511902 107.721923738012819 
9 15 9 6 3 8 5 18 11 1 21 12 16 23 2.70999124060388841 18 2 2 11 16 6 4 33 10 16 26 2 15 22 11 14 12 12 2 9 13 3 1 6 12 16 4 4 33 4 16 24 1 18 27 2.70999124060388841 5 30 12 6 32 11 9 1 5 26.1222056150436401 63.4952068889159946 
9 15 9 6 3 8 5 18 11 1 21 12 16 23 2.70999124060388841 18 2 2 11 16 6 12 28 5 16 26 2 15 22 11 14 12 12 2 9 13 3 1 6 12 16 4 4 4 7 16 24 1 18 27 2.70999124060388841 5 30 12 6 32 11 15 10 11 30.0102794170379639 58.3956054582952433 
9 15 9 6 3 8 5 18 11 1 21 12 16 23 2.70999124060388841 18 2 2 11 16 6 4 33 10 16 26 2 15 22 11 14 12 12 2 9 13 3 1 6 12 16 4 9 6 9 16 24 1 18 27 2.70999124060388841 5 30 12 6 32 11 1 18 12 25.4301265478134155 64.9302063373562817 
9 15 9 6 3 8 5 18 11 1 21 12 16 23 2.70999124060388841 18 2 2 11 16 6 4 33 10 16 26 2 15 22 11 14 12 12 2 9 13 3 1 6 12 16 4 4 4 7 16 24 1 18 27 2.70999124060388841 5 30 12 6 32 11 11 1 6 28.116478443145752 59.0823011223881238 
9 15 9 6 3 8 5 18 11 1 21 12 16 23 2.70999124060388841 18 2 2 11 16 6 4 33 10 16 26 2 15 22 11 14 12 12 2 9 13 3 1 6 12 16 4 3.36768017929769181 15 6 16 24 1 9 6 6.96245171630185755 5 30 12 6 32 11 15 1 6 23.3442426323890686 78.4869043060559335 
9 15 9 6 3 8 5 18 11 1 21 12 16 23 2.70999124060388841 18 2 2 11 16 6 4 33 10 16 26 2 15 22 11 14 12 12 2 9 13 3 1 6 12 16 4 4 4 7 16 24 1 18 27 2.70999124060388841 5 30 12 6 32 11 15 10 11 30.1176843643188477 56.9964411021161155 
9 15 9 6 3 8 5 18 11 6 5.34074699537910114 5 16 23 2.70999124060388841 18 2 2 11 16 6 4 33 10 16 26 2 15 22 11 14 12 12 2 9 13 3 1 6 12 16 4 15 25 5 16 24 1 1 14 6.96245171630185755 5 30 12 6 32 11 14 12 3 21.808366596698761 111.251805599639653 
9 15 9 6 3 8 5 18 11 1 21 12 16 23 2.70999124060388841 18 2 2 11 16 6 4 33 10 16 26 2 15 22 11 14 12 12 2 9 13 3 1 6 12 16 4 4 4 7 16 24 1 18 27 2.70999124060388841 5 30 12 6 32 11 15 3 8 27.7360165119171143 59.2217064479137605 

