Current Evaluation = 10000000(10000080)
Front Size = 27
14 30 3 18 24 9 3.36768017929769181 16 2 12 6 1 3 14 2 14 22 12 15 15 1 17 9 7 14 1 7 4 8 9 10 12 5 16 5.34074699537910114 11 3 24 8 18 15 12 5 32 1 6 3 2 15 31 4 14 18 9 11 13 6 10 26 12 21.2183047831058502 86.7233060362076031 
12 20 7 18 24 9 3.36768017929769181 16 2 12 6 1 8 9 4 14 22 12 15 15 1 17 9 7 14 1 7 4 8 9 6 26 5 15 3 8 3 24 8 18 15 12 1 13 8 6 3 2 15 31 4 14 18 9 12 24 9 2 12 1 19.3710436820983887 158.533374241135306 
17 17 7 1 32 7 3.36768017929769181 16 2 12 6 1 15 31 9 14 22 12 15 15 1 1 30 6 14 1 7 4 8 9 10 12 5 9 7 2 3 24 8 13 15 2.70999124060388841 5 32 1 6 3 2 15 31 4 14 18 9 11 13 6 10 26 12 19.7153656482696533 120.427194394856286 
17 17 7 18 24 9 3.36768017929769181 16 2 12 6 1 14 25 2 14 22 12 15 15 1 1 30 6 14 1 7 4 8 9 10 12 5 16 5.34074699537910114 11 3 24 8 18 15 12 5 32 1 6 3 2 15 31 4 14 18 9 11 13 6 10 26 12 21.1327587366104126 89.780577087296848 
17 17 7 18 24 9 3.36768017929769181 16 2 12 6 1 16 10 13 14 22 12 15 15 1 1 30 6 14 1 7 4 8 9 10 12 5 12 6 13 3 24 8 18 15 12 5 32 1 6 3 2 15 31 4 14 18 9 11 13 6 10 26 12 23.8710306286811829 68.2278777254907425 
17 17 7 18 24 9 3.36768017929769181 16 2 12 6 1 16 10 13 14 22 12 15 15 1 1 30 6 14 1 7 4 8 9 10 12 5 12 6 11 3 24 8 18 15 12 5 32 1 6 3 2 15 31 4 14 18 9 3.36768017929769181 13 2 10 26 12 23.2629316449165344 77.861046318023071 
17 17 7 18 24 9 3.36768017929769181 16 2 12 6 1 16 10 13 14 22 12 15 15 1 1 30 6 14 1 7 4 8 9 10 12 5 16 6 2.70999124060388841 3 24 8 18 15 12 5 32 1 6 3 2 15 31 4 14 18 9 11 13 6 10 26 12 23.7653806209564209 73.1404929802023531 
17 17 7 18 24 9 3.36768017929769181 16 2 12 6 1 16 26 8 14 22 12 15 15 1 1 30 6 14 1 7 4 8 9 10 12 5 9 23 3 3 24 8 18 15 12 5 32 1 6 3 2 16 2 10 14 18 9 9 5 7 10 26 12 21.6792025566101074 86.174909075662967 
17 17 7 18 24 9 3.36768017929769181 16 2 12 6 1 14 5.34074699537910114 12 14 22 12 15 15 1 1 30 6 14 1 7 4 8 9 10 12 5 9 1 6 3 24 8 18 15 12 5 32 1 6 3 2 16 2 10 14 18 9 4 20 4 10 26 12 20.6741176247596741 99.2314975612883217 
17 17 7 18 24 9 3.36768017929769181 16 2 12 6 1 16 10 13 14 22 12 15 15 1 1 30 6 14 1 7 4 8 9 10 12 5 9 20 13 3 24 8 18 15 12 5 32 1 6 3 2 16 2 10 14 18 9 11 13 6 10 26 12 24.4253166317939758 67.1122019284821079 
17 17 7 18 24 9 3.36768017929769181 16 2 12 6 1 9 28 2 14 22 12 15 15 1 1 30 6 14 1 7 4 8 9 10 12 5 9 33 8 3 24 8 18 15 12 5 32 1 6 3 2 16 2 10 14 18 9 11 13 6 10 26 12 23.3159017562866211 77.8528175807544471 
17 17 7 18 24 9 3.36768017929769181 16 2 12 6 1 16 10 13 14 22 12 15 15 1 1 30 6 14 1 7 4 8 9 10 12 5 9 29 13 3 24 8 18 15 12 5 32 1 6 3 2 16 2 10 14 18 9 11 13 6 10 26 12 25.3863487243652344 65.6847353615367666 
17 17 7 18 24 9 3.36768017929769181 16 2 12 6 1 16 10 13 14 22 12 15 15 1 1 30 6 14 1 7 4 8 9 10 12 5 11 4 12 3 24 8 18 15 12 5 32 1 6 3 2 16 2 10 14 18 9 9 25 7 10 26 12 26.3071497678756714 65.6349574004909044 
17 17 7 18 24 9 3.36768017929769181 16 2 12 6 1 3 24 2 14 22 12 15 15 1 1 30 6 14 1 7 4 8 9 10 12 5 12 18 13 3 24 8 18 15 12 5 32 1 6 3 2 16 2 10 14 18 9 17 5.34074699537910114 9 10 26 12 20.9008046984672546 97.3790348138174267 
17 17 7 18 24 9 3.36768017929769181 16 2 12 6 1 14 32 2 14 22 12 15 15 1 1 30 6 14 1 7 4 8 9 10 12 5 6 31 2.70999124060388841 3 24 8 18 15 12 5 32 1 6 3 2 15 15 7 14 18 9 13 19 4 10 26 12 19.9935546517372131 117.676636969511122 
14 20 5 4 24 5 1 23 11 4 32 2 3 31 2.70999124060388841 14 3 6.96245171630185755 4.94126535182462057 1 5 16 26 9.82524131762891173 15 5 4 10 31.8448655754823804 7 12 26 3 1 6 12 12 30 5 4 26 13 6 25 11 14 28 4 2 18 7.75241283629571765 15 29 12 3 26 5 11 1 2 18.4797716736793518 187.425505975506013 
17 17 7 18 24 9 3.36768017929769181 16 2 12 6 1 9 28 2.70999124060388841 14 22 12 15 15 1 1 30 6 14 1 7 4 8 9 10 12 5 12 29 13 3 24 8 18 15 12 5 32 1 6 3 2 16 2 10 14 18 9 11 13 6 10 26 12 23.3259388208389282 76.9642827997047902 
17 17 7 18 24 9 3.36768017929769181 16 2 12 6 1 16 19 8 14 22 12 15 15 1 1 30 6 14 1 7 3.36768017929769181 9 9 10 12 5 4 26 11 3 24 8 18 15 12 5 32 1 6 3 2 16 2 10 14 18 9 11 13 6 10 26 12 21.7194708585739136 80.0076884521381402 
17 17 7 18 24 9 3.36768017929769181 16 2 12 6 1 16 20 11 14 22 12 15 15 1 1 30 6 14 1 7 4 8 9 10 12 5 7 5 13 3 24 8 18 15 12 5 32 1 6 3 2 16 2 10 14 18 9 11 13 6 10 26 12 22.8228437900543213 79.4682588660289611 
17 17 7 14 32 9 3.36768017929769181 16 2 12 6 1 4 1 3 14 22 12 15 15 1 1 30 6 14 1 7 4 8 9 10 12 5 4 19 1 3 24 8 18 15 12 5 32 1 6 3 2 16 2 10 14 18 9 6 17 3 10 26 12 20.1871357560157776 107.448125775683891 
17 17 7 18 24 9 3.36768017929769181 16 2 12 6 1 16 10 13 14 22 12 15 15 1 1 30 6 14 1 7 4 8 9 10 12 5 12 19 13 3 24 8 18 15 12 5 32 1 6 3 2 16 2 10 14 18 9 11 13 6 10 26 12 24.586877703666687 66.8487264543440887 
17 17 7 18 24 9 3.36768017929769181 16 2 12 6 1 16 10 13 14 22 12 15 15 1 1 30 6 14 1 7 4 8 9 10 12 5 11 4 12 3 24 8 18 15 12 5 32 1 6 3 2 16 2 10 14 18 9 11 13 6 10 26 12 27.1067218780517578 63.2166826561515052 
17 17 7 18 24 9 3.36768017929769181 16 2 12 6 1 4 31 7 14 22 12 15 15 1 1 30 6 14 1 7 4 8 9 10 12 5 4 12 3 3 24 8 17 19 4 5 32 1 6 3 2 16 2 10 14 18 9 4 30 11 10 26 12 19.5693756937980652 134.288730502473612 
17 17 7 18 24 9 3.36768017929769181 16 2 12 6 1 13 24 9 14 22 12 15 15 1 1 30 6 14 1 7 4 8 9 10 12 5 15 9 3 3 24 8 13 25 8 5 32 1 6 3 2 16 2 10 14 18 9 9 12 10 10 26 12 19.7144926786422729 131.998996998691382 
13 2 6 1 15 2 13 6 9 6 20 11 1 31 13 2 24 7 4 1 4 5 26 10 16 32 9 2 19 1 14 16 9 15 18 2.70999124060388841 6 6 5 14 19 11 17 30 3 16 6 13 3 1 6 14 16 8 15 11 10 8 24 12 17.3005519509315491 189.995135909841764 
17 17 7 18 24 9 3.36768017929769181 16 2 12 6 1 6 25 13 14 22 12 15 15 1 1 30 6 14 1 7 4 8 9 10 12 5 6 25 9 3 24 8 18 15 12 5 32 1 6 3 2 16 2 10 14 18 9 17 9 8 10 26 12 20.6341227293014526 106.641797151097819 
17 17 7 18 24 9 3.36768017929769181 16 2 12 6 1 16 10 13 14 22 12 15 15 1 1 30 6 14 1 7 4 8 9 10 12 5 12 26 11 3 24 8 18 15 12 5 32 1 6 3 2 16 2 10 14 18 9 9 25 7 10 26 12 23.5343605875968933 73.7869284960431173 

Current Evaluation = 20000000(20000160)
Front Size = 34
14 30 3 18 24 9 3.36768017929769181 16 2 12 6 1 3 14 2 14 22 12 15 15 1 17 9 7 14 1 7 4 8 9 10 12 5 16 5.34074699537910114 11 3 24 8 18 15 12 5 32 1 6 3 2 15 31 4 14 18 9 11 13 6 10 26 12 21.2183047831058502 86.7233060362076031 
12 20 7 18 24 9 3.36768017929769181 16 2 12 6 1 8 9 4 14 22 12 15 15 1 17 9 7 14 1 7 4 8 9 6 26 5 15 3 8 3 24 8 18 15 12 1 13 8 6 3 2 15 31 4 14 18 9 12 24 9 2 12 1 19.3710436820983887 158.533374241135306 
17 17 7 1 32 7 3.36768017929769181 16 2 12 6 1 15 31 9 14 22 12 15 15 1 1 30 6 14 1 7 4 8 9 10 12 5 9 7 2 3 24 8 13 15 2.70999124060388841 5 32 1 6 3 2 15 31 4 14 18 9 11 13 6 10 26 12 19.7153656482696533 120.427194394856286 
17 17 7 18 24 9 3.36768017929769181 16 2 12 6 1 14 25 2 14 22 12 15 15 1 1 30 6 14 1 7 4 8 9 10 12 5 16 5.34074699537910114 11 3 24 8 18 15 12 5 32 1 6 3 2 15 31 4 14 18 9 11 13 6 10 26 12 21.1327587366104126 89.780577087296848 
17 17 7 18 24 9 3.36768017929769181 16 2 12 6 1 16 10 13 14 22 12 15 15 1 1 30 6 14 1 7 4 8 9 10 12 5 12 6 13 3 24 8 18 15 12 5 32 1 6 3 2 15 31 4 14 18 9 11 13 6 10 26 12 23.8710306286811829 68.2278777254907425 
17 17 7 18 24 9 3.36768017929769181 16 2 12 6 1 16 10 13 14 22 12 15 15 1 1 30 6 14 1 7 4 8 9 10 12 5 16 6 2.70999124060388841 3 24 8 18 15 12 5 32 1 6 3 2 15 31 4 14 18 9 11 13 6 10 26 12 23.7653806209564209 73.1404929802023531 
17 17 7 18 24 9 3.36768017929769181 16 2 12 6 1 16 26 8 14 22 12 15 15 1 1 30 6 14 1 7 4 8 9 10 12 5 9 23 3 3 24 8 18 15 12 5 32 1 6 3 2 16 2 10 14 18 9 9 5 7 10 26 12 21.6792025566101074 86.174909075662967 
17 17 7 18 24 9 3.36768017929769181 16 2 12 6 1 14 5.34074699537910114 12 14 22 12 15 15 1 1 30 6 14 1 7 4 8 9 10 12 5 9 1 6 3 24 8 18 15 12 5 32 1 6 3 2 16 2 10 14 18 9 4 20 4 10 26 12 20.6741176247596741 99.2314975612883217 
17 17 7 18 24 9 3.36768017929769181 16 2 12 6 1 16 10 13 14 22 12 15 15 1 1 30 6 14 1 7 4 8 9 10 12 5 9 20 13 3 24 8 18 15 12 5 32 1 6 3 2 16 2 10 14 18 9 11 13 6 10 26 12 24.4253166317939758 67.1122019284821079 
17 17 7 18 24 9 3.36768017929769181 16 2 12 6 1 3 24 2 14 22 12 15 15 1 1 30 6 14 1 7 4 8 9 10 12 5 12 18 13 3 24 8 18 15 12 5 32 1 6 3 2 16 2 10 14 18 9 17 5.34074699537910114 9 10 26 12 20.9008046984672546 97.3790348138174267 
17 17 7 18 24 9 3.36768017929769181 16 2 12 6 1 14 32 2 14 22 12 15 15 1 1 30 6 14 1 7 4 8 9 10 12 5 6 31 2.70999124060388841 3 24 8 18 15 12 5 32 1 6 3 2 15 15 7 14 18 9 13 19 4 10 26 12 19.9935546517372131 117.676636969511122 
14 20 5 4 24 5 1 23 11 4 32 2 3 31 2.70999124060388841 14 3 6.96245171630185755 4.94126535182462057 1 5 16 26 9.82524131762891173 15 5 4 10 31.8448655754823804 7 12 26 3 1 6 12 12 30 5 4 26 13 6 25 11 14 28 4 2 18 7.75241283629571765 15 29 12 3 26 5 11 1 2 18.4797716736793518 187.425505975506013 
17 17 7 18 24 9 3.36768017929769181 16 2 12 6 1 9 28 2.70999124060388841 14 22 12 15 15 1 1 30 6 14 1 7 4 8 9 10 12 5 12 29 13 3 24 8 18 15 12 5 32 1 6 3 2 16 2 10 14 18 9 11 13 6 10 26 12 23.3259388208389282 76.9642827997047902 
17 17 7 18 24 9 3.36768017929769181 16 2 12 6 1 16 19 8 14 22 12 15 15 1 1 30 6 14 1 7 3.36768017929769181 9 9 10 12 5 4 26 11 3 24 8 18 15 12 5 32 1 6 3 2 16 2 10 14 18 9 11 13 6 10 26 12 21.7194708585739136 80.0076884521381402 
17 17 7 14 32 9 3.36768017929769181 16 2 12 6 1 4 1 3 14 22 12 15 15 1 1 30 6 14 1 7 4 8 9 10 12 5 4 19 1 3 24 8 18 15 12 5 32 1 6 3 2 16 2 10 14 18 9 6 17 3 10 26 12 20.1871357560157776 107.448125775683891 
17 17 7 18 24 9 3.36768017929769181 16 2 12 6 1 16 10 13 14 22 12 15 15 1 1 30 6 14 1 7 4 8 9 10 12 5 11 4 12 3 24 8 18 15 12 5 32 1 6 3 2 16 2 10 14 18 9 11 13 6 10 26 12 27.1067218780517578 63.2166826561515052 
17 17 7 18 24 9 3.36768017929769181 16 2 12 6 1 4 31 7 14 22 12 15 15 1 1 30 6 14 1 7 4 8 9 10 12 5 4 12 3 3 24 8 17 19 4 5 32 1 6 3 2 16 2 10 14 18 9 4 30 11 10 26 12 19.5693756937980652 134.288730502473612 
17 17 7 18 24 9 3.36768017929769181 16 2 12 6 1 13 24 9 14 22 12 15 15 1 1 30 6 14 1 7 4 8 9 10 12 5 15 9 3 3 24 8 13 25 8 5 32 1 6 3 2 16 2 10 14 18 9 9 12 10 10 26 12 19.7144926786422729 131.998996998691382 
13 2 6 1 15 2 13 6 9 6 20 11 1 31 13 2 24 7 4 1 4 5 26 10 16 32 9 2 19 1 14 16 9 15 18 2.70999124060388841 6 6 5 14 19 11 17 30 3 16 6 13 3 1 6 14 16 8 15 11 10 8 24 12 17.3005519509315491 189.995135909841764 
17 17 7 18 24 9 3.36768017929769181 16 2 12 6 1 16 10 13 14 22 12 15 15 1 1 30 6 14 1 7 4 8 9 10 12 5 12 26 11 3 24 8 18 15 12 5 32 1 6 3 2 16 2 10 14 18 9 9 25 7 10 26 12 23.5343605875968933 73.7869284960431173 
17 17 7 18 24 9 3.36768017929769181 16 2 12 6 1 16 33 1 14 22 12 15 15 1 1 30 6 14 1 7 4 8 9 10 12 5 9 5 8 3 24 8 18 15 12 5 32 1 6 3 2 16 2 10 14 18 9 11 13 6 10 26 12 22.8549127578735352 77.8169572008932136 
17 17 7 18 24 9 3.36768017929769181 16 2 12 6 1 10 5.34074699537910114 12 14 22 12 15 15 1 1 30 6 14 1 7 4 8 9 10 12 5 9 5 13 3 24 8 18 15 12 5 32 1 6 3 2 16 2 10 14 18 9 11 13 6 10 26 12 22.6142067909240723 77.947053226267883 
17 17 7 18 24 9 3.36768017929769181 16 2 12 6 1 16 30 4 14 22 12 15 15 1 1 30 6 14 1 7 4 8 9 10 12 5 12 6 2 3 24 8 18 15 12 5 32 1 6 3 2 16 2 10 14 18 9 1 13 5 10 26 12 20.5811308026313782 103.419620450920817 
17 17 7 18 24 9 3.36768017929769181 16 2 12 6 1 16 10 13 14 22 12 15 15 1 1 30 6 14 1 7 4 8 9 10 12 5 9 26 13 3 24 8 18 15 12 5 32 1 6 3 2 16 2 10 14 18 9 3.36768017929769181 13 7 10 26 12 23.8182827234268188 72.9988908350015606 
17 17 7 18 24 9 3.36768017929769181 16 2 12 6 1 16 25 13 14 22 12 15 15 1 1 30 6 14 1 7 4 8 9 10 12 5 12 24 13 3 24 8 18 15 12 5 32 1 6 3 2 16 2 10 14 18 9 11 13 6 10 26 12 21.6918437480926514 81.8623398536870042 
17 17 7 18 24 9 3 2 2.70999124060388841 12 6 1 16 10 13 14 22 12 15 15 1 1 30 6 14 1 7 4 8 9 10 12 5 11 4 12 3 24 8 18 15 12 5 32 1 6 3 2 16 2 10 14 18 9 11 13 6 10 26 12 27.0679879188537598 64.6212757614747204 
17 17 7 18 24 9 3.36768017929769181 16 2 12 6 1 16 10 13 14 22 12 15 15 1 1 30 6 14 1 7 4 8 9 10 12 5 9 6 13 3 24 8 18 15 12 5 32 1 6 3 2 16 2 10 14 18 9 11 13 6 10 26 12 24.3862766623497009 68.0518846605395282 
17 17 7 18 24 9 3.36768017929769181 16 2 12 6 1 16 26 12 14 22 12 15 15 1 1 30 6 14 1 7 4 8 9 10 12 5 9 20 11 3 24 8 18 15 12 5 32 1 6 3 2 16 2 10 14 18 9 11 13 6 10 26 12 21.7782037258148193 79.7092049016029307 
17 17 7 18 24 9 3.36768017929769181 16 2 12 6 1 16 10 13 14 22 12 15 15 1 1 30 6 14 1 7 4 8 9 10 12 5 12 4 13 3 24 8 18 15 12 5 32 1 6 3 2 16 2 10 14 18 9 11 13 6 10 26 12 26.5666358470916748 64.8992929354071038 
17 17 7 18 24 9 3.36768017929769181 16 2 12 6 1 3.36768017929769181 12 2 14 22 12 15 15 1 1 30 6 14 1 7 4 8 9 10 12 5 4 31 9 3 24 8 18 15 12 5 32 1 6 3 2 16 2 10 14 18 9 3 14 9 10 26 12 20.6620446443557739 103.091439163286253 
17 17 7 18 24 9 3.36768017929769181 16 2 12 6 1 16 10 13 14 22 12 15 15 1 1 30 6 14 1 7 4 8 9 10 12 5 12 19 11 3 24 8 18 15 12 5 32 1 6 3 2 16 2 10 14 18 9 11 13 6 10 26 12 24.5734776258468628 65.5367618407714616 
17 17 7 18 24 9 3.36768017929769181 16 2 12 6 1 16 28 2.70999124060388841 14 22 12 15 15 1 1 30 6 14 1 7 4 8 9 10 12 5 12 18 12 3 24 8 18 15 12 5 32 1 6 3 2 16 2 10 14 18 9 11 13 6 10 26 12 22.3801708221435547 77.9784348180639313 
17 17 7 18 24 9 3.36768017929769181 16 2 12 6 1 16 10 13 14 22 12 15 15 1 1 30 6 14 1 7 4 8 9 10 12 5 12 26 12 3 24 8 18 15 12 5 32 1 6 3 2 16 2 10 14 18 9 9 1 7 10 26 12 23.528268575668335 76.1507892388510328 
17 17 7 16 31 10 3.36768017929769181 16 2 12 6 1 4 24 11 14 22 12 15 15 1 1 30 6 14 1 7 4 8 9 10 12 5 4 9 9 3 24 8 18 15 12 1 22 10 6 3 2 16 2 10 14 18 9 11 13 6 10 26 12 20.4927937388420105 104.980451529147174 

Current Evaluation = 30000000(30000050)
Front Size = 34
14 30 3 18 24 9 3.36768017929769181 16 2 12 6 1 3 14 2 14 22 12 15 15 1 17 9 7 14 1 7 4 8 9 10 12 5 16 5.34074699537910114 11 3 24 8 18 15 12 5 32 1 6 3 2 15 31 4 14 18 9 11 13 6 10 26 12 21.2183047831058502 86.7233060362076031 
12 20 7 18 24 9 3.36768017929769181 16 2 12 6 1 8 9 4 14 22 12 15 15 1 17 9 7 14 1 7 4 8 9 6 26 5 15 3 8 3 24 8 18 15 12 1 13 8 6 3 2 15 31 4 14 18 9 12 24 9 2 12 1 19.3710436820983887 158.533374241135306 
17 17 7 1 32 7 3.36768017929769181 16 2 12 6 1 15 31 9 14 22 12 15 15 1 1 30 6 14 1 7 4 8 9 10 12 5 9 7 2 3 24 8 13 15 2.70999124060388841 5 32 1 6 3 2 15 31 4 14 18 9 11 13 6 10 26 12 19.7153656482696533 120.427194394856286 
17 17 7 18 24 9 3.36768017929769181 16 2 12 6 1 14 25 2 14 22 12 15 15 1 1 30 6 14 1 7 4 8 9 10 12 5 16 5.34074699537910114 11 3 24 8 18 15 12 5 32 1 6 3 2 15 31 4 14 18 9 11 13 6 10 26 12 21.1327587366104126 89.780577087296848 
17 17 7 18 24 9 3.36768017929769181 16 2 12 6 1 16 10 13 14 22 12 15 15 1 1 30 6 14 1 7 4 8 9 10 12 5 12 6 13 3 24 8 18 15 12 5 32 1 6 3 2 15 31 4 14 18 9 11 13 6 10 26 12 23.8710306286811829 68.2278777254907425 
17 17 7 18 24 9 3.36768017929769181 16 2 12 6 1 14 5.34074699537910114 12 14 22 12 15 15 1 1 30 6 14 1 7 4 8 9 10 12 5 9 1 6 3 24 8 18 15 12 5 32 1 6 3 2 16 2 10 14 18 9 4 20 4 10 26 12 20.6741176247596741 99.2314975612883217 
17 17 7 18 24 9 3.36768017929769181 16 2 12 6 1 3 24 2 14 22 12 15 15 1 1 30 6 14 1 7 4 8 9 10 12 5 12 18 13 3 24 8 18 15 12 5 32 1 6 3 2 16 2 10 14 18 9 17 5.34074699537910114 9 10 26 12 20.9008046984672546 97.3790348138174267 
17 17 7 18 24 9 3.36768017929769181 16 2 12 6 1 14 32 2 14 22 12 15 15 1 1 30 6 14 1 7 4 8 9 10 12 5 6 31 2.70999124060388841 3 24 8 18 15 12 5 32 1 6 3 2 15 15 7 14 18 9 13 19 4 10 26 12 19.9935546517372131 117.676636969511122 
14 20 5 4 24 5 1 23 11 4 32 2 3 31 2.70999124060388841 14 3 6.96245171630185755 4.94126535182462057 1 5 16 26 9.82524131762891173 15 5 4 10 31.8448655754823804 7 12 26 3 1 6 12 12 30 5 4 26 13 6 25 11 14 28 4 2 18 7.75241283629571765 15 29 12 3 26 5 11 1 2 18.4797716736793518 187.425505975506013 
17 17 7 18 24 9 3.36768017929769181 16 2 12 6 1 16 19 8 14 22 12 15 15 1 1 30 6 14 1 7 3.36768017929769181 9 9 10 12 5 4 26 11 3 24 8 18 15 12 5 32 1 6 3 2 16 2 10 14 18 9 11 13 6 10 26 12 21.7194708585739136 80.0076884521381402 
17 17 7 14 32 9 3.36768017929769181 16 2 12 6 1 4 1 3 14 22 12 15 15 1 1 30 6 14 1 7 4 8 9 10 12 5 4 19 1 3 24 8 18 15 12 5 32 1 6 3 2 16 2 10 14 18 9 6 17 3 10 26 12 20.1871357560157776 107.448125775683891 
17 17 7 18 24 9 3.36768017929769181 16 2 12 6 1 16 10 13 14 22 12 15 15 1 1 30 6 14 1 7 4 8 9 10 12 5 11 4 12 3 24 8 18 15 12 5 32 1 6 3 2 16 2 10 14 18 9 11 13 6 10 26 12 27.1067218780517578 63.2166826561515052 
17 17 7 18 24 9 3.36768017929769181 16 2 12 6 1 4 31 7 14 22 12 15 15 1 1 30 6 14 1 7 4 8 9 10 12 5 4 12 3 3 24 8 17 19 4 5 32 1 6 3 2 16 2 10 14 18 9 4 30 11 10 26 12 19.5693756937980652 134.288730502473612 
17 17 7 18 24 9 3.36768017929769181 16 2 12 6 1 13 24 9 14 22 12 15 15 1 1 30 6 14 1 7 4 8 9 10 12 5 15 9 3 3 24 8 13 25 8 5 32 1 6 3 2 16 2 10 14 18 9 9 12 10 10 26 12 19.7144926786422729 131.998996998691382 
13 2 6 1 15 2 13 6 9 6 20 11 1 31 13 2 24 7 4 1 4 5 26 10 16 32 9 2 19 1 14 16 9 15 18 2.70999124060388841 6 6 5 14 19 11 17 30 3 16 6 13 3 1 6 14 16 8 15 11 10 8 24 12 17.3005519509315491 189.995135909841764 
17 17 7 18 24 9 3.36768017929769181 16 2 12 6 1 16 30 4 14 22 12 15 15 1 1 30 6 14 1 7 4 8 9 10 12 5 12 6 2 3 24 8 18 15 12 5 32 1 6 3 2 16 2 10 14 18 9 1 13 5 10 26 12 20.5811308026313782 103.419620450920817 
17 17 7 18 24 9 3.36768017929769181 16 2 12 6 1 16 25 13 14 22 12 15 15 1 1 30 6 14 1 7 4 8 9 10 12 5 12 24 13 3 24 8 18 15 12 5 32 1 6 3 2 16 2 10 14 18 9 11 13 6 10 26 12 21.6918437480926514 81.8623398536870042 
17 17 7 18 24 9 3 2 2.70999124060388841 12 6 1 16 10 13 14 22 12 15 15 1 1 30 6 14 1 7 4 8 9 10 12 5 11 4 12 3 24 8 18 15 12 5 32 1 6 3 2 16 2 10 14 18 9 11 13 6 10 26 12 27.0679879188537598 64.6212757614747204 
17 17 7 18 24 9 3.36768017929769181 16 2 12 6 1 16 26 12 14 22 12 15 15 1 1 30 6 14 1 7 4 8 9 10 12 5 9 20 11 3 24 8 18 15 12 5 32 1 6 3 2 16 2 10 14 18 9 11 13 6 10 26 12 21.7782037258148193 79.7092049016029307 
17 17 7 18 24 9 3.36768017929769181 16 2 12 6 1 16 10 13 14 22 12 15 15 1 1 30 6 14 1 7 4 8 9 10 12 5 12 4 13 3 24 8 18 15 12 5 32 1 6 3 2 16 2 10 14 18 9 11 13 6 10 26 12 26.5666358470916748 64.8992929354071038 
17 17 7 18 24 9 3.36768017929769181 16 2 12 6 1 3.36768017929769181 12 2 14 22 12 15 15 1 1 30 6 14 1 7 4 8 9 10 12 5 4 31 9 3 24 8 18 15 12 5 32 1 6 3 2 16 2 10 14 18 9 3 14 9 10 26 12 20.6620446443557739 103.091439163286253 
17 17 7 18 24 9 3.36768017929769181 16 2 12 6 1 16 10 13 14 22 12 15 15 1 1 30 6 14 1 7 4 8 9 10 12 5 12 19 11 3 24 8 18 15 12 5 32 1 6 3 2 16 2 10 14 18 9 11 13 6 10 26 12 24.5734776258468628 65.5367618407714616 
17 17 7 16 31 10 3.36768017929769181 16 2 12 6 1 4 24 11 14 22 12 15 15 1 1 30 6 14 1 7 4 8 9 10 12 5 4 9 9 3 24 8 18 15 12 1 22 10 6 3 2 16 2 10 14 18 9 11 13 6 10 26 12 20.4927937388420105 104.980451529147174 
17 17 7 18 24 9 3.36768017929769181 16 2 12 6 1 16 28 11 14 22 12 15 15 1 1 30 6 14 1 7 4 8 9 10 12 5 9 23 13 3 24 8 18 15 12 5 32 1 6 3 2 16 2 10 14 18 9 11 13 6 10 26 12 22.8799307346343994 71.5476925221749411 
14 30 9 18 24 9 3.36768017929769181 16 2 12 6 1 16 14 13 14 22 12 15 15 1 1 30 6 14 1 7 4 8 9 10 12 5 12 31 12 3 24 8 18 15 12 5 32 1 6 3 2 16 2 10 14 18 9 11 13 6 10 26 12 21.1579769253730774 87.7449749175555525 
17 17 7 18 24 9 3.36768017929769181 16 2 12 6 1 14 32 10 14 22 12 15 15 1 1 30 6 14 1 7 4 8 9 10 12 5 2 16 1 3 24 8 12 31 13 5 32 1 6 3 2 16 2 10 14 18 9 1 32 1 10 26 12 20.048325777053833 114.237523868484971 
17 17 7 18 24 9 3.36768017929769181 16 2 12 6 1 9 1 9 14 22 12 15 15 1 1 30 6 14 1 7 4 8 9 10 12 5 16 6 9 3 24 8 18 15 12 5 32 1 6 3 2 16 2 10 14 18 9 4 30 13 10 26 12 20.4112696647644043 106.097572223032671 
17 17 7 18 24 9 3.36768017929769181 16 2 12 6 1 16 3 2.70999124060388841 14 22 12 15 15 1 1 30 6 14 1 7 4 8 9 10 12 5 12 20 13 3 24 8 18 15 12 5 32 1 6 3 2 16 2 10 14 18 9 11 13 6 10 26 12 21.8103997707366943 77.1391291332424061 
17 17 7 16 5.34074699537910114 6.96245171630185755 3.36768017929769181 16 2 12 6 1 15 26 8 14 22 12 15 15 1 1 30 6 14 1 7 4 8 9 10 12 5 9 31 1 3 24 8 18 15 12 5 32 1 6 3 2 16 2 10 14 18 9 11 13 6 10 26 12 21.4116595983505249 85.6186830822214802 
17 17 7 18 24 9 3.36768017929769181 16 2 12 6 1 16 10 13 14 22 12 15 15 1 1 30 6 14 1 7 4 8 9 10 12 5 11 4 12 3 24 8 18 15 12 5 32 1 6 3 2 16 2 10 14 18 9 9 5.34074699537910114 6.96245171630185755 10 26 12 26.56001877784729 65.1505956275067888 
17 17 7 18 24 9 3.36768017929769181 16 2 12 6 1 16 10 13 14 22 12 15 15 1 1 30 6 14 1 7 4 8 9 10 12 5 12 26 13 3 24 8 18 15 12 5 32 1 6 3 2 16 2 10 14 18 9 11 13 6 10 26 12 24.3473326563835144 66.4882236768063279 
10 23 10 6 8 9 16 13 12 14 1 6 15 15 8 8 26 9 3.36768017929769181 16 7 12 8 10 14 15 4 2 26 2 14 6 6 10 13 12 6 26 10 3 15 9 8 32 6 2 15 3 6 30 5 9 18 12 13 14 7 12 20 7 19.2185840010643005 179.171067821067822 
17 17 7 18 24 9 3.36768017929769181 16 2 12 6 1 16 10 13 14 22 12 15 15 1 1 30 6 14 1 7 4 8 9 10 12 5 9 19 12 3 24 8 18 15 12 5 32 1 6 3 2 16 2 10 14 18 9 4 13 7 10 26 12 23.9840316772460938 67.6952630696120963 
12 26 4 12 6 10 14 25 9 3.36768017929769181 12 6 17 32 11 2 14 9 4 15 13 6 32 7 6 11 6.96245171630185755 16 1 4 4 32 4 4 12 2 2 24 13 8 16 1 4 24 9 13 6 9 5 24 4 15 3 7 3 13 2 1 20 1 17.1839971542358398 233.45935190540456 

Current Evaluation = 40000000(40000130)
Front Size = 33
14 30 3 18 24 9 3.36768017929769181 16 2 12 6 1 3 14 2 14 22 12 15 15 1 17 9 7 14 1 7 4 8 9 10 12 5 16 5.34074699537910114 11 3 24 8 18 15 12 5 32 1 6 3 2 15 31 4 14 18 9 11 13 6 10 26 12 21.2183047831058502 86.7233060362076031 
12 20 7 18 24 9 3.36768017929769181 16 2 12 6 1 8 9 4 14 22 12 15 15 1 17 9 7 14 1 7 4 8 9 6 26 5 15 3 8 3 24 8 18 15 12 1 13 8 6 3 2 15 31 4 14 18 9 12 24 9 2 12 1 19.3710436820983887 158.533374241135306 
17 17 7 1 32 7 3.36768017929769181 16 2 12 6 1 15 31 9 14 22 12 15 15 1 1 30 6 14 1 7 4 8 9 10 12 5 9 7 2 3 24 8 13 15 2.70999124060388841 5 32 1 6 3 2 15 31 4 14 18 9 11 13 6 10 26 12 19.7153656482696533 120.427194394856286 
17 17 7 18 24 9 3.36768017929769181 16 2 12 6 1 14 25 2 14 22 12 15 15 1 1 30 6 14 1 7 4 8 9 10 12 5 16 5.34074699537910114 11 3 24 8 18 15 12 5 32 1 6 3 2 15 31 4 14 18 9 11 13 6 10 26 12 21.1327587366104126 89.780577087296848 
17 17 7 18 24 9 3.36768017929769181 16 2 12 6 1 16 10 13 14 22 12 15 15 1 1 30 6 14 1 7 4 8 9 10 12 5 12 6 13 3 24 8 18 15 12 5 32 1 6 3 2 15 31 4 14 18 9 11 13 6 10 26 12 23.8710306286811829 68.2278777254907425 
17 17 7 18 24 9 3.36768017929769181 16 2 12 6 1 14 5.34074699537910114 12 14 22 12 15 15 1 1 30 6 14 1 7 4 8 9 10 12 5 9 1 6 3 24 8 18 15 12 5 32 1 6 3 2 16 2 10 14 18 9 4 20 4 10 26 12 20.6741176247596741 99.2314975612883217 
17 17 7 18 24 9 3.36768017929769181 16 2 12 6 1 3 24 2 14 22 12 15 15 1 1 30 6 14 1 7 4 8 9 10 12 5 12 18 13 3 24 8 18 15 12 5 32 1 6 3 2 16 2 10 14 18 9 17 5.34074699537910114 9 10 26 12 20.9008046984672546 97.3790348138174267 
17 17 7 18 24 9 3.36768017929769181 16 2 12 6 1 14 32 2 14 22 12 15 15 1 1 30 6 14 1 7 4 8 9 10 12 5 6 31 2.70999124060388841 3 24 8 18 15 12 5 32 1 6 3 2 15 15 7 14 18 9 13 19 4 10 26 12 19.9935546517372131 117.676636969511122 
14 20 5 4 24 5 1 23 11 4 32 2 3 31 2.70999124060388841 14 3 6.96245171630185755 4.94126535182462057 1 5 16 26 9.82524131762891173 15 5 4 10 31.8448655754823804 7 12 26 3 1 6 12 12 30 5 4 26 13 6 25 11 14 28 4 2 18 7.75241283629571765 15 29 12 3 26 5 11 1 2 18.4797716736793518 187.425505975506013 
17 17 7 14 32 9 3.36768017929769181 16 2 12 6 1 4 1 3 14 22 12 15 15 1 1 30 6 14 1 7 4 8 9 10 12 5 4 19 1 3 24 8 18 15 12 5 32 1 6 3 2 16 2 10 14 18 9 6 17 3 10 26 12 20.1871357560157776 107.448125775683891 
17 17 7 18 24 9 3.36768017929769181 16 2 12 6 1 16 10 13 14 22 12 15 15 1 1 30 6 14 1 7 4 8 9 10 12 5 11 4 12 3 24 8 18 15 12 5 32 1 6 3 2 16 2 10 14 18 9 11 13 6 10 26 12 27.1067218780517578 63.2166826561515052 
17 17 7 18 24 9 3.36768017929769181 16 2 12 6 1 4 31 7 14 22 12 15 15 1 1 30 6 14 1 7 4 8 9 10 12 5 4 12 3 3 24 8 17 19 4 5 32 1 6 3 2 16 2 10 14 18 9 4 30 11 10 26 12 19.5693756937980652 134.288730502473612 
17 17 7 18 24 9 3.36768017929769181 16 2 12 6 1 13 24 9 14 22 12 15 15 1 1 30 6 14 1 7 4 8 9 10 12 5 15 9 3 3 24 8 13 25 8 5 32 1 6 3 2 16 2 10 14 18 9 9 12 10 10 26 12 19.7144926786422729 131.998996998691382 
13 2 6 1 15 2 13 6 9 6 20 11 1 31 13 2 24 7 4 1 4 5 26 10 16 32 9 2 19 1 14 16 9 15 18 2.70999124060388841 6 6 5 14 19 11 17 30 3 16 6 13 3 1 6 14 16 8 15 11 10 8 24 12 17.3005519509315491 189.995135909841764 
17 17 7 18 24 9 3.36768017929769181 16 2 12 6 1 16 10 13 14 22 12 15 15 1 1 30 6 14 1 7 4 8 9 10 12 5 12 19 11 3 24 8 18 15 12 5 32 1 6 3 2 16 2 10 14 18 9 11 13 6 10 26 12 24.5734776258468628 65.5367618407714616 
17 17 7 18 24 9 3.36768017929769181 16 2 12 6 1 16 28 11 14 22 12 15 15 1 1 30 6 14 1 7 4 8 9 10 12 5 9 23 13 3 24 8 18 15 12 5 32 1 6 3 2 16 2 10 14 18 9 11 13 6 10 26 12 22.8799307346343994 71.5476925221749411 
14 30 9 18 24 9 3.36768017929769181 16 2 12 6 1 16 14 13 14 22 12 15 15 1 1 30 6 14 1 7 4 8 9 10 12 5 12 31 12 3 24 8 18 15 12 5 32 1 6 3 2 16 2 10 14 18 9 11 13 6 10 26 12 21.1579769253730774 87.7449749175555525 
17 17 7 18 24 9 3.36768017929769181 16 2 12 6 1 14 32 10 14 22 12 15 15 1 1 30 6 14 1 7 4 8 9 10 12 5 2 16 1 3 24 8 12 31 13 5 32 1 6 3 2 16 2 10 14 18 9 1 32 1 10 26 12 20.048325777053833 114.237523868484971 
17 17 7 18 24 9 3.36768017929769181 16 2 12 6 1 16 3 2.70999124060388841 14 22 12 15 15 1 1 30 6 14 1 7 4 8 9 10 12 5 12 20 13 3 24 8 18 15 12 5 32 1 6 3 2 16 2 10 14 18 9 11 13 6 10 26 12 21.8103997707366943 77.1391291332424061 
17 17 7 18 24 9 3.36768017929769181 16 2 12 6 1 16 10 13 14 22 12 15 15 1 1 30 6 14 1 7 4 8 9 10 12 5 12 26 13 3 24 8 18 15 12 5 32 1 6 3 2 16 2 10 14 18 9 11 13 6 10 26 12 24.3473326563835144 66.4882236768063279 
10 23 10 6 8 9 16 13 12 14 1 6 15 15 8 8 26 9 3.36768017929769181 16 7 12 8 10 14 15 4 2 26 2 14 6 6 10 13 12 6 26 10 3 15 9 8 32 6 2 15 3 6 30 5 9 18 12 13 14 7 12 20 7 19.2185840010643005 179.171067821067822 
17 17 7 18 24 9 3.36768017929769181 16 2 12 6 1 16 10 13 14 22 12 15 15 1 1 30 6 14 1 7 4 8 9 10 12 5 9 19 12 3 24 8 18 15 12 5 32 1 6 3 2 16 2 10 14 18 9 4 13 7 10 26 12 23.9840316772460938 67.6952630696120963 
12 26 4 12 6 10 14 25 9 3.36768017929769181 12 6 17 32 11 2 14 9 4 15 13 6 32 7 6 11 6.96245171630185755 16 1 4 4 32 4 4 12 2 2 24 13 8 16 1 4 24 9 13 6 9 5 24 4 15 3 7 3 13 2 1 20 1 17.1839971542358398 233.45935190540456 
17 17 7 18 24 9 3.36768017929769181 16 2 12 6 1 6 5 11 14 22 12 15 15 1 1 30 6 14 1 7 4 8 9 4 20 9 16 32 6 3 24 8 18 15 12 5 32 1 6 3 2 16 2 10 14 18 9 4 1 11 10 26 12 20.1808088421821594 112.505033653893094 
17 17 7 18 24 9 3.36768017929769181 16 2 12 6 1 2 30 7 14 22 12 15 15 1 1 30 6 14 1 7 4 8 9 10 12 5 6 32 6 3 24 8 2 26 5 5 32 1 6 3 2 16 2 10 14 18 9 16 20 3 10 26 12 19.625585675239563 134.085877050785399 
17 17 7 18 24 9 3.36768017929769181 16 2 12 6 1 15 1 2 14 22 12 15 15 1 1 30 6 14 1 7 4 8 9 10 12 5 14 24 10 3 24 8 1 6 7 16 25 2.70999124060388841 6 3 2 16 2 10 14 18 9 11 13 6 10 26 12 19.4641776084899902 150.424598354861502 
17 17 7 18 24 9 3.36768017929769181 16 2 12 6 1 16 10 13 14 22 12 15 15 1 1 30 6 14 1 7 4 8 9 10 12 5 11 4 12 3 24 8 18 15 12 5 32 1 6 3 2 16 2 10 14 18 9 11 5.34074699537910114 3 10 26 12 26.9554418325424194 64.0760159025023626 
17 17 7 18 24 9 3.36768017929769181 16 2 12 6 1 16 10 13 14 22 12 15 15 1 1 30 6 14 1 7 4 8 9 10 12 5 12 6 11 3 24 8 18 15 12 5 32 1 6 3 2 16 2 10 14 18 9 11 13 6 10 26 12 24.2482137084007263 67.4505863169355564 
17 17 7 18 24 9 3.36768017929769181 16 2 12 6 1 16 2 12 14 22 12 15 15 1 1 30 6 14 1 7 4 8 9 10 12 5 14 1 2.70999124060388841 3 24 8 18 15 12 5 32 1 6 3 2 13 5 3 14 18 9 4 31 9 10 26 12 20.3838096857070923 100.958507149728533 
17 17 7 18 24 9 3.36768017929769181 16 2 12 6 1 16 32 2 14 22 12 15 15 1 1 30 6 14 1 7 4 8 9 10 12 5 12 26 13 3 24 8 18 15 12 5 32 1 6 3 2 16 2 10 14 18 9 11 13 6 10 26 12 21.6290197968482971 79.1226189292946742 
17 17 7 18 24 9 3.36768017929769181 16 2 12 6 1 6 28 8 14 22 12 15 15 1 1 30 6 14 1 7 4 8 9 10 12 5 3 6 12 3 24 8 18 15 12 5 32 1 6 3 2 16 2 10 14 18 9 9 20 6 10 26 12 21.4100946187973022 85.0191261615444915 
17 17 7 18 24 9 3.36768017929769181 16 2 12 6 1 16 10 13 14 22 12 15 15 1 1 30 6 14 1 7 4 8 9 10 12 5 9 19 13 3 24 8 18 15 12 5 32 1 6 3 2 16 2 10 14 18 9 11 13 6 10 26 12 24.711540699005127 64.7119289448496744 
17 17 7 18 24 9 3.36768017929769181 16 2 12 6 1 17 24 9 14 22 12 15 15 1 1 30 6 14 1 7 4 8 9 10 12 5 4 31 8 3 24 8 2 16 1 5 32 1 6 3 2 16 2 10 14 18 9 6 24 4 10 26 12 19.8763047456741333 119.226471588606429 

Current Evaluation = 50000000(50000020)
Front Size = 37
14 30 3 18 24 9 3.36768017929769181 16 2 12 6 1 3 14 2 14 22 12 15 15 1 17 9 7 14 1 7 4 8 9 10 12 5 16 5.34074699537910114 11 3 24 8 18 15 12 5 32 1 6 3 2 15 31 4 14 18 9 11 13 6 10 26 12 21.2183047831058502 86.7233060362076031 
12 20 7 18 24 9 3.36768017929769181 16 2 12 6 1 8 9 4 14 22 12 15 15 1 17 9 7 14 1 7 4 8 9 6 26 5 15 3 8 3 24 8 18 15 12 1 13 8 6 3 2 15 31 4 14 18 9 12 24 9 2 12 1 19.3710436820983887 158.533374241135306 
17 17 7 1 32 7 3.36768017929769181 16 2 12 6 1 15 31 9 14 22 12 15 15 1 1 30 6 14 1 7 4 8 9 10 12 5 9 7 2 3 24 8 13 15 2.70999124060388841 5 32 1 6 3 2 15 31 4 14 18 9 11 13 6 10 26 12 19.7153656482696533 120.427194394856286 
17 17 7 18 24 9 3.36768017929769181 16 2 12 6 1 14 25 2 14 22 12 15 15 1 1 30 6 14 1 7 4 8 9 10 12 5 16 5.34074699537910114 11 3 24 8 18 15 12 5 32 1 6 3 2 15 31 4 14 18 9 11 13 6 10 26 12 21.1327587366104126 89.780577087296848 
17 17 7 18 24 9 3.36768017929769181 16 2 12 6 1 16 10 13 14 22 12 15 15 1 1 30 6 14 1 7 4 8 9 10 12 5 12 6 13 3 24 8 18 15 12 5 32 1 6 3 2 15 31 4 14 18 9 11 13 6 10 26 12 23.8710306286811829 68.2278777254907425 
17 17 7 18 24 9 3.36768017929769181 16 2 12 6 1 14 5.34074699537910114 12 14 22 12 15 15 1 1 30 6 14 1 7 4 8 9 10 12 5 9 1 6 3 24 8 18 15 12 5 32 1 6 3 2 16 2 10 14 18 9 4 20 4 10 26 12 20.6741176247596741 99.2314975612883217 
17 17 7 18 24 9 3.36768017929769181 16 2 12 6 1 3 24 2 14 22 12 15 15 1 1 30 6 14 1 7 4 8 9 10 12 5 12 18 13 3 24 8 18 15 12 5 32 1 6 3 2 16 2 10 14 18 9 17 5.34074699537910114 9 10 26 12 20.9008046984672546 97.3790348138174267 
17 17 7 18 24 9 3.36768017929769181 16 2 12 6 1 14 32 2 14 22 12 15 15 1 1 30 6 14 1 7 4 8 9 10 12 5 6 31 2.70999124060388841 3 24 8 18 15 12 5 32 1 6 3 2 15 15 7 14 18 9 13 19 4 10 26 12 19.9935546517372131 117.676636969511122 
14 20 5 4 24 5 1 23 11 4 32 2 3 31 2.70999124060388841 14 3 6.96245171630185755 4.94126535182462057 1 5 16 26 9.82524131762891173 15 5 4 10 31.8448655754823804 7 12 26 3 1 6 12 12 30 5 4 26 13 6 25 11 14 28 4 2 18 7.75241283629571765 15 29 12 3 26 5 11 1 2 18.4797716736793518 187.425505975506013 
17 17 7 14 32 9 3.36768017929769181 16 2 12 6 1 4 1 3 14 22 12 15 15 1 1 30 6 14 1 7 4 8 9 10 12 5 4 19 1 3 24 8 18 15 12 5 32 1 6 3 2 16 2 10 14 18 9 6 17 3 10 26 12 20.1871357560157776 107.448125775683891 
17 17 7 18 24 9 3.36768017929769181 16 2 12 6 1 16 10 13 14 22 12 15 15 1 1 30 6 14 1 7 4 8 9 10 12 5 11 4 12 3 24 8 18 15 12 5 32 1 6 3 2 16 2 10 14 18 9 11 13 6 10 26 12 27.1067218780517578 63.2166826561515052 
17 17 7 18 24 9 3.36768017929769181 16 2 12 6 1 4 31 7 14 22 12 15 15 1 1 30 6 14 1 7 4 8 9 10 12 5 4 12 3 3 24 8 17 19 4 5 32 1 6 3 2 16 2 10 14 18 9 4 30 11 10 26 12 19.5693756937980652 134.288730502473612 
13 2 6 1 15 2 13 6 9 6 20 11 1 31 13 2 24 7 4 1 4 5 26 10 16 32 9 2 19 1 14 16 9 15 18 2.70999124060388841 6 6 5 14 19 11 17 30 3 16 6 13 3 1 6 14 16 8 15 11 10 8 24 12 17.3005519509315491 189.995135909841764 
17 17 7 18 24 9 3.36768017929769181 16 2 12 6 1 16 10 13 14 22 12 15 15 1 1 30 6 14 1 7 4 8 9 10 12 5 12 19 11 3 24 8 18 15 12 5 32 1 6 3 2 16 2 10 14 18 9 11 13 6 10 26 12 24.5734776258468628 65.5367618407714616 
17 17 7 18 24 9 3.36768017929769181 16 2 12 6 1 16 28 11 14 22 12 15 15 1 1 30 6 14 1 7 4 8 9 10 12 5 9 23 13 3 24 8 18 15 12 5 32 1 6 3 2 16 2 10 14 18 9 11 13 6 10 26 12 22.8799307346343994 71.5476925221749411 
14 30 9 18 24 9 3.36768017929769181 16 2 12 6 1 16 14 13 14 22 12 15 15 1 1 30 6 14 1 7 4 8 9 10 12 5 12 31 12 3 24 8 18 15 12 5 32 1 6 3 2 16 2 10 14 18 9 11 13 6 10 26 12 21.1579769253730774 87.7449749175555525 
17 17 7 18 24 9 3.36768017929769181 16 2 12 6 1 14 32 10 14 22 12 15 15 1 1 30 6 14 1 7 4 8 9 10 12 5 2 16 1 3 24 8 12 31 13 5 32 1 6 3 2 16 2 10 14 18 9 1 32 1 10 26 12 20.048325777053833 114.237523868484971 
17 17 7 18 24 9 3.36768017929769181 16 2 12 6 1 16 3 2.70999124060388841 14 22 12 15 15 1 1 30 6 14 1 7 4 8 9 10 12 5 12 20 13 3 24 8 18 15 12 5 32 1 6 3 2 16 2 10 14 18 9 11 13 6 10 26 12 21.8103997707366943 77.1391291332424061 
17 17 7 18 24 9 3.36768017929769181 16 2 12 6 1 16 10 13 14 22 12 15 15 1 1 30 6 14 1 7 4 8 9 10 12 5 12 26 13 3 24 8 18 15 12 5 32 1 6 3 2 16 2 10 14 18 9 11 13 6 10 26 12 24.3473326563835144 66.4882236768063279 
17 17 7 18 24 9 3.36768017929769181 16 2 12 6 1 16 10 13 14 22 12 15 15 1 1 30 6 14 1 7 4 8 9 10 12 5 9 19 12 3 24 8 18 15 12 5 32 1 6 3 2 16 2 10 14 18 9 4 13 7 10 26 12 23.9840316772460938 67.6952630696120963 
12 26 4 12 6 10 14 25 9 3.36768017929769181 12 6 17 32 11 2 14 9 4 15 13 6 32 7 6 11 6.96245171630185755 16 1 4 4 32 4 4 12 2 2 24 13 8 16 1 4 24 9 13 6 9 5 24 4 15 3 7 3 13 2 1 20 1 17.1839971542358398 233.45935190540456 
17 17 7 18 24 9 3.36768017929769181 16 2 12 6 1 6 5 11 14 22 12 15 15 1 1 30 6 14 1 7 4 8 9 4 20 9 16 32 6 3 24 8 18 15 12 5 32 1 6 3 2 16 2 10 14 18 9 4 1 11 10 26 12 20.1808088421821594 112.505033653893094 
17 17 7 18 24 9 3.36768017929769181 16 2 12 6 1 2 30 7 14 22 12 15 15 1 1 30 6 14 1 7 4 8 9 10 12 5 6 32 6 3 24 8 2 26 5 5 32 1 6 3 2 16 2 10 14 18 9 16 20 3 10 26 12 19.625585675239563 134.085877050785399 
17 17 7 18 24 9 3.36768017929769181 16 2 12 6 1 15 1 2 14 22 12 15 15 1 1 30 6 14 1 7 4 8 9 10 12 5 14 24 10 3 24 8 1 6 7 16 25 2.70999124060388841 6 3 2 16 2 10 14 18 9 11 13 6 10 26 12 19.4641776084899902 150.424598354861502 
17 17 7 18 24 9 3.36768017929769181 16 2 12 6 1 16 10 13 14 22 12 15 15 1 1 30 6 14 1 7 4 8 9 10 12 5 11 4 12 3 24 8 18 15 12 5 32 1 6 3 2 16 2 10 14 18 9 11 5.34074699537910114 3 10 26 12 26.9554418325424194 64.0760159025023626 
17 17 7 18 24 9 3.36768017929769181 16 2 12 6 1 16 10 13 14 22 12 15 15 1 1 30 6 14 1 7 4 8 9 10 12 5 12 6 11 3 24 8 18 15 12 5 32 1 6 3 2 16 2 10 14 18 9 11 13 6 10 26 12 24.2482137084007263 67.4505863169355564 
17 17 7 18 24 9 3.36768017929769181 16 2 12 6 1 16 2 12 14 22 12 15 15 1 1 30 6 14 1 7 4 8 9 10 12 5 14 1 2.70999124060388841 3 24 8 18 15 12 5 32 1 6 3 2 13 5 3 14 18 9 4 31 9 10 26 12 20.3838096857070923 100.958507149728533 
17 17 7 18 24 9 3.36768017929769181 16 2 12 6 1 16 32 2 14 22 12 15 15 1 1 30 6 14 1 7 4 8 9 10 12 5 12 26 13 3 24 8 18 15 12 5 32 1 6 3 2 16 2 10 14 18 9 11 13 6 10 26 12 21.6290197968482971 79.1226189292946742 
17 17 7 18 24 9 3.36768017929769181 16 2 12 6 1 6 28 8 14 22 12 15 15 1 1 30 6 14 1 7 4 8 9 10 12 5 3 6 12 3 24 8 18 15 12 5 32 1 6 3 2 16 2 10 14 18 9 9 20 6 10 26 12 21.4100946187973022 85.0191261615444915 
17 17 7 18 24 9 3.36768017929769181 16 2 12 6 1 16 10 13 14 22 12 15 15 1 1 30 6 14 1 7 4 8 9 10 12 5 9 19 13 3 24 8 18 15 12 5 32 1 6 3 2 16 2 10 14 18 9 11 13 6 10 26 12 24.711540699005127 64.7119289448496744 
17 17 7 18 24 9 3.36768017929769181 16 2 12 6 1 17 24 9 14 22 12 15 15 1 1 30 6 14 1 7 4 8 9 10 12 5 4 31 8 3 24 8 2 16 1 5 32 1 6 3 2 16 2 10 14 18 9 6 24 4 10 26 12 19.8763047456741333 119.226471588606429 
3.36768017929769181 26 1 6 1 9 15 12 10 17 32 2 4 9 13 6 30 10 13 26 1 14 32 8 10 15 4 12 11 4 13 22 12 18 20 1 14 32 11 11 16.1354543567662532 1 4.94126535182462057 6 10 12 8 4 15 15 3 1 25 9 16 32 1 14 23 2 19.2741848230361938 168.974527759821854 
12 6 12 4 25 11 15 1 8 16 18 9 6 19 7 9 26 1 1 8 9 2 32 11 17 31 5 5 5 12 4 26 2 13 9 11 6 15 6 2 24 11 16 1 2.70999124060388841 9 30 6 5 13 8 3 26 1 9 30 10 1 32 7 19.047404408454895 173.378757516992806 
17 17 7 15 31 9 3.36768017929769181 16 2 12 6 1 3.36768017929769181 23 12 14 22 12 15 15 1 1 30 6 14 1 7 4 8 9 10 12 5 4 6 4 3 24 8 18 15 12 5 32 1 6 3 2 16 2 10 14 18 9 11 13 6 10 26 12 21.0921137928962708 96.6637690869861785 
17 17 7 18 24 9 12 20 13 12 6 1 2 15 12 14 22 12 15 15 1 1 30 6 14 1 7 3.36768017929769181 26 10 10 12 5 17 1 8 3 24 8 4 15 10 5 32 1 6 3 2 16 2 10 14 18 9 9.25570237641795579 1 13 10 26 12 19.6566169261932373 128.419766028664299 
17 17 7 18 24 9 3.36768017929769181 16 2 12 6 1 16 3 8 14 22 12 15 15 1 1 30 6 14 1 7 4 8 9 10 12 5 9 23 12 3 24 8 18 15 12 5 32 1 6 3 2 16 2 10 14 18 9 11 13 6 10 26 12 22.5563507080078125 75.1897188337139255 
6 31 12 1 16 2 1 15 3 3.36768017929769181 11 3 4 7 9 10 32 2 8 32 8 14 32 9 9.25570237641795579 6 3.84646942076222631 13 25 3 3 13 2 17 12 4 3 31 4 1 1 5 6 12 9.82524131762891173 9 25 9 13 31 13 3 26 1 14 30 1 14 18 4 17.155369758605957 265.511302869816745 

Current Evaluation = 60000000(60000100)
Front Size = 40
14 30 3 18 24 9 3.36768017929769181 16 2 12 6 1 3 14 2 14 22 12 15 15 1 17 9 7 14 1 7 4 8 9 10 12 5 16 5.34074699537910114 11 3 24 8 18 15 12 5 32 1 6 3 2 15 31 4 14 18 9 11 13 6 10 26 12 21.2183047831058502 86.7233060362076031 
12 20 7 18 24 9 3.36768017929769181 16 2 12 6 1 8 9 4 14 22 12 15 15 1 17 9 7 14 1 7 4 8 9 6 26 5 15 3 8 3 24 8 18 15 12 1 13 8 6 3 2 15 31 4 14 18 9 12 24 9 2 12 1 19.3710436820983887 158.533374241135306 
17 17 7 1 32 7 3.36768017929769181 16 2 12 6 1 15 31 9 14 22 12 15 15 1 1 30 6 14 1 7 4 8 9 10 12 5 9 7 2 3 24 8 13 15 2.70999124060388841 5 32 1 6 3 2 15 31 4 14 18 9 11 13 6 10 26 12 19.7153656482696533 120.427194394856286 
17 17 7 18 24 9 3.36768017929769181 16 2 12 6 1 14 25 2 14 22 12 15 15 1 1 30 6 14 1 7 4 8 9 10 12 5 16 5.34074699537910114 11 3 24 8 18 15 12 5 32 1 6 3 2 15 31 4 14 18 9 11 13 6 10 26 12 21.1327587366104126 89.780577087296848 
17 17 7 18 24 9 3.36768017929769181 16 2 12 6 1 16 10 13 14 22 12 15 15 1 1 30 6 14 1 7 4 8 9 10 12 5 12 6 13 3 24 8 18 15 12 5 32 1 6 3 2 15 31 4 14 18 9 11 13 6 10 26 12 23.8710306286811829 68.2278777254907425 
17 17 7 18 24 9 3.36768017929769181 16 2 12 6 1 14 5.34074699537910114 12 14 22 12 15 15 1 1 30 6 14 1 7 4 8 9 10 12 5 9 1 6 3 24 8 18 15 12 5 32 1 6 3 2 16 2 10 14 18 9 4 20 4 10 26 12 20.6741176247596741 99.2314975612883217 
17 17 7 18 24 9 3.36768017929769181 16 2 12 6 1 3 24 2 14 22 12 15 15 1 1 30 6 14 1 7 4 8 9 10 12 5 12 18 13 3 24 8 18 15 12 5 32 1 6 3 2 16 2 10 14 18 9 17 5.34074699537910114 9 10 26 12 20.9008046984672546 97.3790348138174267 
17 17 7 18 24 9 3.36768017929769181 16 2 12 6 1 14 32 2 14 22 12 15 15 1 1 30 6 14 1 7 4 8 9 10 12 5 6 31 2.70999124060388841 3 24 8 18 15 12 5 32 1 6 3 2 15 15 7 14 18 9 13 19 4 10 26 12 19.9935546517372131 117.676636969511122 
14 20 5 4 24 5 1 23 11 4 32 2 3 31 2.70999124060388841 14 3 6.96245171630185755 4.94126535182462057 1 5 16 26 9.82524131762891173 15 5 4 10 31.8448655754823804 7 12 26 3 1 6 12 12 30 5 4 26 13 6 25 11 14 28 4 2 18 7.75241283629571765 15 29 12 3 26 5 11 1 2 18.4797716736793518 187.425505975506013 
17 17 7 14 32 9 3.36768017929769181 16 2 12 6 1 4 1 3 14 22 12 15 15 1 1 30 6 14 1 7 4 8 9 10 12 5 4 19 1 3 24 8 18 15 12 5 32 1 6 3 2 16 2 10 14 18 9 6 17 3 10 26 12 20.1871357560157776 107.448125775683891 
17 17 7 18 24 9 3.36768017929769181 16 2 12 6 1 16 10 13 14 22 12 15 15 1 1 30 6 14 1 7 4 8 9 10 12 5 11 4 12 3 24 8 18 15 12 5 32 1 6 3 2 16 2 10 14 18 9 11 13 6 10 26 12 27.1067218780517578 63.2166826561515052 
13 2 6 1 15 2 13 6 9 6 20 11 1 31 13 2 24 7 4 1 4 5 26 10 16 32 9 2 19 1 14 16 9 15 18 2.70999124060388841 6 6 5 14 19 11 17 30 3 16 6 13 3 1 6 14 16 8 15 11 10 8 24 12 17.3005519509315491 189.995135909841764 
17 17 7 18 24 9 3.36768017929769181 16 2 12 6 1 16 10 13 14 22 12 15 15 1 1 30 6 14 1 7 4 8 9 10 12 5 12 19 11 3 24 8 18 15 12 5 32 1 6 3 2 16 2 10 14 18 9 11 13 6 10 26 12 24.5734776258468628 65.5367618407714616 
17 17 7 18 24 9 3.36768017929769181 16 2 12 6 1 16 28 11 14 22 12 15 15 1 1 30 6 14 1 7 4 8 9 10 12 5 9 23 13 3 24 8 18 15 12 5 32 1 6 3 2 16 2 10 14 18 9 11 13 6 10 26 12 22.8799307346343994 71.5476925221749411 
14 30 9 18 24 9 3.36768017929769181 16 2 12 6 1 16 14 13 14 22 12 15 15 1 1 30 6 14 1 7 4 8 9 10 12 5 12 31 12 3 24 8 18 15 12 5 32 1 6 3 2 16 2 10 14 18 9 11 13 6 10 26 12 21.1579769253730774 87.7449749175555525 
17 17 7 18 24 9 3.36768017929769181 16 2 12 6 1 14 32 10 14 22 12 15 15 1 1 30 6 14 1 7 4 8 9 10 12 5 2 16 1 3 24 8 12 31 13 5 32 1 6 3 2 16 2 10 14 18 9 1 32 1 10 26 12 20.048325777053833 114.237523868484971 
17 17 7 18 24 9 3.36768017929769181 16 2 12 6 1 16 3 2.70999124060388841 14 22 12 15 15 1 1 30 6 14 1 7 4 8 9 10 12 5 12 20 13 3 24 8 18 15 12 5 32 1 6 3 2 16 2 10 14 18 9 11 13 6 10 26 12 21.8103997707366943 77.1391291332424061 
17 17 7 18 24 9 3.36768017929769181 16 2 12 6 1 16 10 13 14 22 12 15 15 1 1 30 6 14 1 7 4 8 9 10 12 5 12 26 13 3 24 8 18 15 12 5 32 1 6 3 2 16 2 10 14 18 9 11 13 6 10 26 12 24.3473326563835144 66.4882236768063279 
17 17 7 18 24 9 3.36768017929769181 16 2 12 6 1 16 10 13 14 22 12 15 15 1 1 30 6 14 1 7 4 8 9 10 12 5 9 19 12 3 24 8 18 15 12 5 32 1 6 3 2 16 2 10 14 18 9 4 13 7 10 26 12 23.9840316772460938 67.6952630696120963 
12 26 4 12 6 10 14 25 9 3.36768017929769181 12 6 17 32 11 2 14 9 4 15 13 6 32 7 6 11 6.96245171630185755 16 1 4 4 32 4 4 12 2 2 24 13 8 16 1 4 24 9 13 6 9 5 24 4 15 3 7 3 13 2 1 20 1 17.1839971542358398 233.45935190540456 
17 17 7 18 24 9 3.36768017929769181 16 2 12 6 1 6 5 11 14 22 12 15 15 1 1 30 6 14 1 7 4 8 9 4 20 9 16 32 6 3 24 8 18 15 12 5 32 1 6 3 2 16 2 10 14 18 9 4 1 11 10 26 12 20.1808088421821594 112.505033653893094 
17 17 7 18 24 9 3.36768017929769181 16 2 12 6 1 15 1 2 14 22 12 15 15 1 1 30 6 14 1 7 4 8 9 10 12 5 14 24 10 3 24 8 1 6 7 16 25 2.70999124060388841 6 3 2 16 2 10 14 18 9 11 13 6 10 26 12 19.4641776084899902 150.424598354861502 
17 17 7 18 24 9 3.36768017929769181 16 2 12 6 1 16 10 13 14 22 12 15 15 1 1 30 6 14 1 7 4 8 9 10 12 5 11 4 12 3 24 8 18 15 12 5 32 1 6 3 2 16 2 10 14 18 9 11 5.34074699537910114 3 10 26 12 26.9554418325424194 64.0760159025023626 
17 17 7 18 24 9 3.36768017929769181 16 2 12 6 1 16 10 13 14 22 12 15 15 1 1 30 6 14 1 7 4 8 9 10 12 5 12 6 11 3 24 8 18 15 12 5 32 1 6 3 2 16 2 10 14 18 9 11 13 6 10 26 12 24.2482137084007263 67.4505863169355564 
17 17 7 18 24 9 3.36768017929769181 16 2 12 6 1 16 2 12 14 22 12 15 15 1 1 30 6 14 1 7 4 8 9 10 12 5 14 1 2.70999124060388841 3 24 8 18 15 12 5 32 1 6 3 2 13 5 3 14 18 9 4 31 9 10 26 12 20.3838096857070923 100.958507149728533 
17 17 7 18 24 9 3.36768017929769181 16 2 12 6 1 16 32 2 14 22 12 15 15 1 1 30 6 14 1 7 4 8 9 10 12 5 12 26 13 3 24 8 18 15 12 5 32 1 6 3 2 16 2 10 14 18 9 11 13 6 10 26 12 21.6290197968482971 79.1226189292946742 
17 17 7 18 24 9 3.36768017929769181 16 2 12 6 1 6 28 8 14 22 12 15 15 1 1 30 6 14 1 7 4 8 9 10 12 5 3 6 12 3 24 8 18 15 12 5 32 1 6 3 2 16 2 10 14 18 9 9 20 6 10 26 12 21.4100946187973022 85.0191261615444915 
17 17 7 18 24 9 3.36768017929769181 16 2 12 6 1 17 24 9 14 22 12 15 15 1 1 30 6 14 1 7 4 8 9 10 12 5 4 31 8 3 24 8 2 16 1 5 32 1 6 3 2 16 2 10 14 18 9 6 24 4 10 26 12 19.8763047456741333 119.226471588606429 
3.36768017929769181 26 1 6 1 9 15 12 10 17 32 2 4 9 13 6 30 10 13 26 1 14 32 8 10 15 4 12 11 4 13 22 12 18 20 1 14 32 11 11 16.1354543567662532 1 4.94126535182462057 6 10 12 8 4 15 15 3 1 25 9 16 32 1 14 23 2 19.2741848230361938 168.974527759821854 
12 6 12 4 25 11 15 1 8 16 18 9 6 19 7 9 26 1 1 8 9 2 32 11 17 31 5 5 5 12 4 26 2 13 9 11 6 15 6 2 24 11 16 1 2.70999124060388841 9 30 6 5 13 8 3 26 1 9 30 10 1 32 7 19.047404408454895 173.378757516992806 
17 17 7 18 24 9 12 20 13 12 6 1 2 15 12 14 22 12 15 15 1 1 30 6 14 1 7 3.36768017929769181 26 10 10 12 5 17 1 8 3 24 8 4 15 10 5 32 1 6 3 2 16 2 10 14 18 9 9.25570237641795579 1 13 10 26 12 19.6566169261932373 128.419766028664299 
17 17 7 18 24 9 3.36768017929769181 16 2 12 6 1 16 3 8 14 22 12 15 15 1 1 30 6 14 1 7 4 8 9 10 12 5 9 23 12 3 24 8 18 15 12 5 32 1 6 3 2 16 2 10 14 18 9 11 13 6 10 26 12 22.5563507080078125 75.1897188337139255 
6 31 12 1 16 2 1 15 3 3.36768017929769181 11 3 4 7 9 10 32 2 8 32 8 14 32 9 9.25570237641795579 6 3.84646942076222631 13 25 3 3 13 2 17 12 4 3 31 4 1 1 5 6 12 9.82524131762891173 9 25 9 13 31 13 3 26 1 14 30 1 14 18 4 17.155369758605957 265.511302869816745 
17 17 7 18 24 9 3.36768017929769181 16 2 12 6 1 3 32 11 14 22 12 15 15 1 1 30 6 14 1 7 4 8 9 10 12 5 12 9 11 3 24 8 18 15 12 5 32 1 6 3 2 16 2 10 14 18 9 12 30 13 10 26 12 20.9047157168388367 97.2122181739828761 
17 17 7 18 24 9 3.36768017929769181 16 2 12 6 1 16 10 13 14 22 12 15 15 1 1 30 6 14 1 7 4 8 9 10 12 5 9 19 13 3 24 8 18 15 12 5 32 1 6 3 2 16 2 10 14 18 9 11 13 6 10 26 12 24.711540699005127 64.3926100446343952 
17 17 7 18 24 9 3.36768017929769181 16 2 12 6 1 16 10 13 14 22 12 15 15 1 1 30 6 14 1 7 4 8 9 10 12 5 9 6 13 3 24 8 18 15 12 5 32 1 6 3 2 16 2 10 14 18 9 11 13 6 10 26 12 24.3862766623497009 65.7434603368823218 
17 17 7 18 24 9 3.36768017929769181 16 2 12 6 1 2 32 8 14 22 12 15 15 1 1 30 6 14 1 7 4 8 9 10 12 5 9 19 13 3 24 8 18 15 12 5 32 1 6 3 2 16 2 10 14 18 9 11 13 6 10 26 12 22.2208347320556641 76.7424171822385972 
17 17 7 18 24 9 3.36768017929769181 16 2 12 6 1 9 2 11 14 22 12 15 15 1 1 30 6 14 1 7 4 8 9 10 12 5 1 32 8 3 24 8 18 15 12 5 32 1 6 3 2 16 2 10 14 18 9 4 6 13 10 26 12 21.0580707192420959 96.258094528351819 
17 17 7 18 24 9 3.36768017929769181 16 2 12 6 1 16 15 8 14 22 12 15 15 1 1 30 6 14 1 7 4 8 9 10 12 5 15 14 13 3 24 8 18 15 12 5 32 1 6 3 2 16 2 10 14 18 9 13 1 5 10 26 12 20.8973606824874878 98.2761808881081151 
17 17 7 18 24 9 3.36768017929769181 16 2 12 6 1 13 32 12 14 22 12 15 15 1 1 30 6 14 1 7 4 8 9 4 31 2.70999124060388841 9 5 9 3 24 8 9.25570237641795579 26 10 5 32 1 6 3 2 16 2 10 14 18 9 15 25 10 10 26 12 19.4852895140647888 130.36113454987219 

Current Evaluation = 70000000(70000180)
Front Size = 40
14 30 3 18 24 9 3.36768017929769181 16 2 12 6 1 3 14 2 14 22 12 15 15 1 17 9 7 14 1 7 4 8 9 10 12 5 16 5.34074699537910114 11 3 24 8 18 15 12 5 32 1 6 3 2 15 31 4 14 18 9 11 13 6 10 26 12 21.2183047831058502 86.7233060362076031 
12 20 7 18 24 9 3.36768017929769181 16 2 12 6 1 8 9 4 14 22 12 15 15 1 17 9 7 14 1 7 4 8 9 6 26 5 15 3 8 3 24 8 18 15 12 1 13 8 6 3 2 15 31 4 14 18 9 12 24 9 2 12 1 19.3710436820983887 158.533374241135306 
17 17 7 1 32 7 3.36768017929769181 16 2 12 6 1 15 31 9 14 22 12 15 15 1 1 30 6 14 1 7 4 8 9 10 12 5 9 7 2 3 24 8 13 15 2.70999124060388841 5 32 1 6 3 2 15 31 4 14 18 9 11 13 6 10 26 12 19.7153656482696533 120.427194394856286 
17 17 7 18 24 9 3.36768017929769181 16 2 12 6 1 14 25 2 14 22 12 15 15 1 1 30 6 14 1 7 4 8 9 10 12 5 16 5.34074699537910114 11 3 24 8 18 15 12 5 32 1 6 3 2 15 31 4 14 18 9 11 13 6 10 26 12 21.1327587366104126 89.780577087296848 
17 17 7 18 24 9 3.36768017929769181 16 2 12 6 1 16 10 13 14 22 12 15 15 1 1 30 6 14 1 7 4 8 9 10 12 5 12 6 13 3 24 8 18 15 12 5 32 1 6 3 2 15 31 4 14 18 9 11 13 6 10 26 12 23.8710306286811829 68.2278777254907425 
17 17 7 18 24 9 3.36768017929769181 16 2 12 6 1 14 5.34074699537910114 12 14 22 12 15 15 1 1 30 6 14 1 7 4 8 9 10 12 5 9 1 6 3 24 8 18 15 12 5 32 1 6 3 2 16 2 10 14 18 9 4 20 4 10 26 12 20.6741176247596741 99.2314975612883217 
17 17 7 18 24 9 3.36768017929769181 16 2 12 6 1 14 32 2 14 22 12 15 15 1 1 30 6 14 1 7 4 8 9 10 12 5 6 31 2.70999124060388841 3 24 8 18 15 12 5 32 1 6 3 2 15 15 7 14 18 9 13 19 4 10 26 12 19.9935546517372131 117.676636969511122 
14 20 5 4 24 5 1 23 11 4 32 2 3 31 2.70999124060388841 14 3 6.96245171630185755 4.94126535182462057 1 5 16 26 9.82524131762891173 15 5 4 10 31.8448655754823804 7 12 26 3 1 6 12 12 30 5 4 26 13 6 25 11 14 28 4 2 18 7.75241283629571765 15 29 12 3 26 5 11 1 2 18.4797716736793518 187.425505975506013 
17 17 7 14 32 9 3.36768017929769181 16 2 12 6 1 4 1 3 14 22 12 15 15 1 1 30 6 14 1 7 4 8 9 10 12 5 4 19 1 3 24 8 18 15 12 5 32 1 6 3 2 16 2 10 14 18 9 6 17 3 10 26 12 20.1871357560157776 107.448125775683891 
17 17 7 18 24 9 3.36768017929769181 16 2 12 6 1 16 10 13 14 22 12 15 15 1 1 30 6 14 1 7 4 8 9 10 12 5 11 4 12 3 24 8 18 15 12 5 32 1 6 3 2 16 2 10 14 18 9 11 13 6 10 26 12 27.1067218780517578 63.2166826561515052 
13 2 6 1 15 2 13 6 9 6 20 11 1 31 13 2 24 7 4 1 4 5 26 10 16 32 9 2 19 1 14 16 9 15 18 2.70999124060388841 6 6 5 14 19 11 17 30 3 16 6 13 3 1 6 14 16 8 15 11 10 8 24 12 17.3005519509315491 189.995135909841764 
17 17 7 18 24 9 3.36768017929769181 16 2 12 6 1 16 10 13 14 22 12 15 15 1 1 30 6 14 1 7 4 8 9 10 12 5 12 19 11 3 24 8 18 15 12 5 32 1 6 3 2 16 2 10 14 18 9 11 13 6 10 26 12 24.5734776258468628 65.5367618407714616 
17 17 7 18 24 9 3.36768017929769181 16 2 12 6 1 16 28 11 14 22 12 15 15 1 1 30 6 14 1 7 4 8 9 10 12 5 9 23 13 3 24 8 18 15 12 5 32 1 6 3 2 16 2 10 14 18 9 11 13 6 10 26 12 22.8799307346343994 71.5476925221749411 
14 30 9 18 24 9 3.36768017929769181 16 2 12 6 1 16 14 13 14 22 12 15 15 1 1 30 6 14 1 7 4 8 9 10 12 5 12 31 12 3 24 8 18 15 12 5 32 1 6 3 2 16 2 10 14 18 9 11 13 6 10 26 12 21.1579769253730774 87.7449749175555525 
17 17 7 18 24 9 3.36768017929769181 16 2 12 6 1 14 32 10 14 22 12 15 15 1 1 30 6 14 1 7 4 8 9 10 12 5 2 16 1 3 24 8 12 31 13 5 32 1 6 3 2 16 2 10 14 18 9 1 32 1 10 26 12 20.048325777053833 114.237523868484971 
17 17 7 18 24 9 3.36768017929769181 16 2 12 6 1 16 3 2.70999124060388841 14 22 12 15 15 1 1 30 6 14 1 7 4 8 9 10 12 5 12 20 13 3 24 8 18 15 12 5 32 1 6 3 2 16 2 10 14 18 9 11 13 6 10 26 12 21.8103997707366943 77.1391291332424061 
17 17 7 18 24 9 3.36768017929769181 16 2 12 6 1 16 10 13 14 22 12 15 15 1 1 30 6 14 1 7 4 8 9 10 12 5 12 26 13 3 24 8 18 15 12 5 32 1 6 3 2 16 2 10 14 18 9 11 13 6 10 26 12 24.3473326563835144 66.4882236768063279 
17 17 7 18 24 9 3.36768017929769181 16 2 12 6 1 16 10 13 14 22 12 15 15 1 1 30 6 14 1 7 4 8 9 10 12 5 9 19 12 3 24 8 18 15 12 5 32 1 6 3 2 16 2 10 14 18 9 4 13 7 10 26 12 23.9840316772460938 67.6952630696120963 
12 26 4 12 6 10 14 25 9 3.36768017929769181 12 6 17 32 11 2 14 9 4 15 13 6 32 7 6 11 6.96245171630185755 16 1 4 4 32 4 4 12 2 2 24 13 8 16 1 4 24 9 13 6 9 5 24 4 15 3 7 3 13 2 1 20 1 17.1839971542358398 233.45935190540456 
17 17 7 18 24 9 3.36768017929769181 16 2 12 6 1 6 5 11 14 22 12 15 15 1 1 30 6 14 1 7 4 8 9 4 20 9 16 32 6 3 24 8 18 15 12 5 32 1 6 3 2 16 2 10 14 18 9 4 1 11 10 26 12 20.1808088421821594 112.505033653893094 
17 17 7 18 24 9 3.36768017929769181 16 2 12 6 1 15 1 2 14 22 12 15 15 1 1 30 6 14 1 7 4 8 9 10 12 5 14 24 10 3 24 8 1 6 7 16 25 2.70999124060388841 6 3 2 16 2 10 14 18 9 11 13 6 10 26 12 19.4641776084899902 150.424598354861502 
17 17 7 18 24 9 3.36768017929769181 16 2 12 6 1 16 10 13 14 22 12 15 15 1 1 30 6 14 1 7 4 8 9 10 12 5 11 4 12 3 24 8 18 15 12 5 32 1 6 3 2 16 2 10 14 18 9 11 5.34074699537910114 3 10 26 12 26.9554418325424194 64.0760159025023626 
17 17 7 18 24 9 3.36768017929769181 16 2 12 6 1 16 10 13 14 22 12 15 15 1 1 30 6 14 1 7 4 8 9 10 12 5 12 6 11 3 24 8 18 15 12 5 32 1 6 3 2 16 2 10 14 18 9 11 13 6 10 26 12 24.2482137084007263 67.4505863169355564 
17 17 7 18 24 9 3.36768017929769181 16 2 12 6 1 16 2 12 14 22 12 15 15 1 1 30 6 14 1 7 4 8 9 10 12 5 14 1 2.70999124060388841 3 24 8 18 15 12 5 32 1 6 3 2 13 5 3 14 18 9 4 31 9 10 26 12 20.3838096857070923 100.958507149728533 
17 17 7 18 24 9 3.36768017929769181 16 2 12 6 1 16 32 2 14 22 12 15 15 1 1 30 6 14 1 7 4 8 9 10 12 5 12 26 13 3 24 8 18 15 12 5 32 1 6 3 2 16 2 10 14 18 9 11 13 6 10 26 12 21.6290197968482971 79.1226189292946742 
17 17 7 18 24 9 3.36768017929769181 16 2 12 6 1 6 28 8 14 22 12 15 15 1 1 30 6 14 1 7 4 8 9 10 12 5 3 6 12 3 24 8 18 15 12 5 32 1 6 3 2 16 2 10 14 18 9 9 20 6 10 26 12 21.4100946187973022 85.0191261615444915 
17 17 7 18 24 9 3.36768017929769181 16 2 12 6 1 17 24 9 14 22 12 15 15 1 1 30 6 14 1 7 4 8 9 10 12 5 4 31 8 3 24 8 2 16 1 5 32 1 6 3 2 16 2 10 14 18 9 6 24 4 10 26 12 19.8763047456741333 119.226471588606429 
3.36768017929769181 26 1 6 1 9 15 12 10 17 32 2 4 9 13 6 30 10 13 26 1 14 32 8 10 15 4 12 11 4 13 22 12 18 20 1 14 32 11 11 16.1354543567662532 1 4.94126535182462057 6 10 12 8 4 15 15 3 1 25 9 16 32 1 14 23 2 19.2741848230361938 168.974527759821854 
12 6 12 4 25 11 15 1 8 16 18 9 6 19 7 9 26 1 1 8 9 2 32 11 17 31 5 5 5 12 4 26 2 13 9 11 6 15 6 2 24 11 16 1 2.70999124060388841 9 30 6 5 13 8 3 26 1 9 30 10 1 32 7 19.047404408454895 173.378757516992806 
17 17 7 18 24 9 12 20 13 12 6 1 2 15 12 14 22 12 15 15 1 1 30 6 14 1 7 3.36768017929769181 26 10 10 12 5 17 1 8 3 24 8 4 15 10 5 32 1 6 3 2 16 2 10 14 18 9 9.25570237641795579 1 13 10 26 12 19.6566169261932373 128.419766028664299 
17 17 7 18 24 9 3.36768017929769181 16 2 12 6 1 16 3 8 14 22 12 15 15 1 1 30 6 14 1 7 4 8 9 10 12 5 9 23 12 3 24 8 18 15 12 5 32 1 6 3 2 16 2 10 14 18 9 11 13 6 10 26 12 22.5563507080078125 75.1897188337139255 
6 31 12 1 16 2 1 15 3 3.36768017929769181 11 3 4 7 9 10 32 2 8 32 8 14 32 9 9.25570237641795579 6 3.84646942076222631 13 25 3 3 13 2 17 12 4 3 31 4 1 1 5 6 12 9.82524131762891173 9 25 9 13 31 13 3 26 1 14 30 1 14 18 4 17.155369758605957 265.511302869816745 
17 17 7 18 24 9 3.36768017929769181 16 2 12 6 1 16 10 13 14 22 12 15 15 1 1 30 6 14 1 7 4 8 9 10 12 5 9 19 13 3 24 8 18 15 12 5 32 1 6 3 2 16 2 10 14 18 9 11 13 6 10 26 12 24.711540699005127 64.3926100446343952 
17 17 7 18 24 9 3.36768017929769181 16 2 12 6 1 16 10 13 14 22 12 15 15 1 1 30 6 14 1 7 4 8 9 10 12 5 9 6 13 3 24 8 18 15 12 5 32 1 6 3 2 16 2 10 14 18 9 11 13 6 10 26 12 24.3862766623497009 65.7434603368823218 
17 17 7 18 24 9 3.36768017929769181 16 2 12 6 1 2 32 8 14 22 12 15 15 1 1 30 6 14 1 7 4 8 9 10 12 5 9 19 13 3 24 8 18 15 12 5 32 1 6 3 2 16 2 10 14 18 9 11 13 6 10 26 12 22.2208347320556641 76.7424171822385972 
17 17 7 18 24 9 3.36768017929769181 16 2 12 6 1 13 32 12 14 22 12 15 15 1 1 30 6 14 1 7 4 8 9 4 31 2.70999124060388841 9 5 9 3 24 8 9.25570237641795579 26 10 5 32 1 6 3 2 16 2 10 14 18 9 15 25 10 10 26 12 19.4852895140647888 130.36113454987219 
17 17 7 18 24 9 3.36768017929769181 16 2 12 6 1 16 10 13 14 22 12 15 15 1 1 30 6 14 1 7 4 8 9 10 12 5 12 6 13 3 24 8 18 15 12 5 32 1 6 3 2 16 2 10 14 18 9 11 13 6 10 26 12 24.261613667011261 67.3390536255190852 
17 17 7 2 26 9 3.36768017929769181 16 2 12 6 1 4 26 11 14 22 12 15 15 1 1 24 9 14 1 7 4 8 9 10 12 5 12 30 12 3 24 8 18 15 12 5 32 1 6 3 2 16 2 10 14 18 9 11 13 6 10 26 12 20.7707077860832214 97.3152458326526357 
17 17 7 16 14 5 3.36768017929769181 16 2 12 6 1 15 32 12 14 22 12 15 15 1 1 30 6 14 1 7 4 8 9 10 12 5 4 6 4 3 24 8 18 15 12 5 32 1 6 3 2 16 2 10 14 18 9 11 13 6 10 26 12 20.8400298357009888 95.4849252189590203 
17 17 7 18 24 9 3.36768017929769181 16 2 12 6 1 13 13 11 14 22 12 15 15 1 1 30 6 14 1 7 4 8 9 10 12 5 12 6 11 3 24 8 18 15 12 15 32 9 6 3 2 16 2 10 14 18 9 11 13 6 10 26 12 21.0383816957473755 95.3098774921702443 

Current Evaluation = 80000000(80000070)
Front Size = 40
14 30 3 18 24 9 3.36768017929769181 16 2 12 6 1 3 14 2 14 22 12 15 15 1 17 9 7 14 1 7 4 8 9 10 12 5 16 5.34074699537910114 11 3 24 8 18 15 12 5 32 1 6 3 2 15 31 4 14 18 9 11 13 6 10 26 12 21.2183047831058502 86.7233060362076031 
17 17 7 1 32 7 3.36768017929769181 16 2 12 6 1 15 31 9 14 22 12 15 15 1 1 30 6 14 1 7 4 8 9 10 12 5 9 7 2 3 24 8 13 15 2.70999124060388841 5 32 1 6 3 2 15 31 4 14 18 9 11 13 6 10 26 12 19.7153656482696533 120.427194394856286 
17 17 7 18 24 9 3.36768017929769181 16 2 12 6 1 14 25 2 14 22 12 15 15 1 1 30 6 14 1 7 4 8 9 10 12 5 16 5.34074699537910114 11 3 24 8 18 15 12 5 32 1 6 3 2 15 31 4 14 18 9 11 13 6 10 26 12 21.1327587366104126 89.780577087296848 
17 17 7 18 24 9 3.36768017929769181 16 2 12 6 1 16 10 13 14 22 12 15 15 1 1 30 6 14 1 7 4 8 9 10 12 5 12 6 13 3 24 8 18 15 12 5 32 1 6 3 2 15 31 4 14 18 9 11 13 6 10 26 12 23.8710306286811829 68.2278777254907425 
17 17 7 18 24 9 3.36768017929769181 16 2 12 6 1 14 32 2 14 22 12 15 15 1 1 30 6 14 1 7 4 8 9 10 12 5 6 31 2.70999124060388841 3 24 8 18 15 12 5 32 1 6 3 2 15 15 7 14 18 9 13 19 4 10 26 12 19.9935546517372131 117.676636969511122 
14 20 5 4 24 5 1 23 11 4 32 2 3 31 2.70999124060388841 14 3 6.96245171630185755 4.94126535182462057 1 5 16 26 9.82524131762891173 15 5 4 10 31.8448655754823804 7 12 26 3 1 6 12 12 30 5 4 26 13 6 25 11 14 28 4 2 18 7.75241283629571765 15 29 12 3 26 5 11 1 2 18.4797716736793518 187.425505975506013 
17 17 7 18 24 9 3.36768017929769181 16 2 12 6 1 16 10 13 14 22 12 15 15 1 1 30 6 14 1 7 4 8 9 10 12 5 11 4 12 3 24 8 18 15 12 5 32 1 6 3 2 16 2 10 14 18 9 11 13 6 10 26 12 27.1067218780517578 63.2166826561515052 
13 2 6 1 15 2 13 6 9 6 20 11 1 31 13 2 24 7 4 1 4 5 26 10 16 32 9 2 19 1 14 16 9 15 18 2.70999124060388841 6 6 5 14 19 11 17 30 3 16 6 13 3 1 6 14 16 8 15 11 10 8 24 12 17.3005519509315491 189.995135909841764 
17 17 7 18 24 9 3.36768017929769181 16 2 12 6 1 16 10 13 14 22 12 15 15 1 1 30 6 14 1 7 4 8 9 10 12 5 12 19 11 3 24 8 18 15 12 5 32 1 6 3 2 16 2 10 14 18 9 11 13 6 10 26 12 24.5734776258468628 65.5367618407714616 
17 17 7 18 24 9 3.36768017929769181 16 2 12 6 1 16 28 11 14 22 12 15 15 1 1 30 6 14 1 7 4 8 9 10 12 5 9 23 13 3 24 8 18 15 12 5 32 1 6 3 2 16 2 10 14 18 9 11 13 6 10 26 12 22.8799307346343994 71.5476925221749411 
14 30 9 18 24 9 3.36768017929769181 16 2 12 6 1 16 14 13 14 22 12 15 15 1 1 30 6 14 1 7 4 8 9 10 12 5 12 31 12 3 24 8 18 15 12 5 32 1 6 3 2 16 2 10 14 18 9 11 13 6 10 26 12 21.1579769253730774 87.7449749175555525 
17 17 7 18 24 9 3.36768017929769181 16 2 12 6 1 14 32 10 14 22 12 15 15 1 1 30 6 14 1 7 4 8 9 10 12 5 2 16 1 3 24 8 12 31 13 5 32 1 6 3 2 16 2 10 14 18 9 1 32 1 10 26 12 20.048325777053833 114.237523868484971 
17 17 7 18 24 9 3.36768017929769181 16 2 12 6 1 16 3 2.70999124060388841 14 22 12 15 15 1 1 30 6 14 1 7 4 8 9 10 12 5 12 20 13 3 24 8 18 15 12 5 32 1 6 3 2 16 2 10 14 18 9 11 13 6 10 26 12 21.8103997707366943 77.1391291332424061 
17 17 7 18 24 9 3.36768017929769181 16 2 12 6 1 16 10 13 14 22 12 15 15 1 1 30 6 14 1 7 4 8 9 10 12 5 12 26 13 3 24 8 18 15 12 5 32 1 6 3 2 16 2 10 14 18 9 11 13 6 10 26 12 24.3473326563835144 66.4882236768063279 
17 17 7 18 24 9 3.36768017929769181 16 2 12 6 1 16 10 13 14 22 12 15 15 1 1 30 6 14 1 7 4 8 9 10 12 5 9 19 12 3 24 8 18 15 12 5 32 1 6 3 2 16 2 10 14 18 9 4 13 7 10 26 12 23.9840316772460938 67.6952630696120963 
12 26 4 12 6 10 14 25 9 3.36768017929769181 12 6 17 32 11 2 14 9 4 15 13 6 32 7 6 11 6.96245171630185755 16 1 4 4 32 4 4 12 2 2 24 13 8 16 1 4 24 9 13 6 9 5 24 4 15 3 7 3 13 2 1 20 1 17.1839971542358398 233.45935190540456 
17 17 7 18 24 9 3.36768017929769181 16 2 12 6 1 16 10 13 14 22 12 15 15 1 1 30 6 14 1 7 4 8 9 10 12 5 11 4 12 3 24 8 18 15 12 5 32 1 6 3 2 16 2 10 14 18 9 11 5.34074699537910114 3 10 26 12 26.9554418325424194 64.0760159025023626 
17 17 7 18 24 9 3.36768017929769181 16 2 12 6 1 16 10 13 14 22 12 15 15 1 1 30 6 14 1 7 4 8 9 10 12 5 12 6 11 3 24 8 18 15 12 5 32 1 6 3 2 16 2 10 14 18 9 11 13 6 10 26 12 24.2482137084007263 67.4505863169355564 
17 17 7 18 24 9 3.36768017929769181 16 2 12 6 1 16 2 12 14 22 12 15 15 1 1 30 6 14 1 7 4 8 9 10 12 5 14 1 2.70999124060388841 3 24 8 18 15 12 5 32 1 6 3 2 13 5 3 14 18 9 4 31 9 10 26 12 20.3838096857070923 100.958507149728533 
17 17 7 18 24 9 3.36768017929769181 16 2 12 6 1 16 32 2 14 22 12 15 15 1 1 30 6 14 1 7 4 8 9 10 12 5 12 26 13 3 24 8 18 15 12 5 32 1 6 3 2 16 2 10 14 18 9 11 13 6 10 26 12 21.6290197968482971 79.1226189292946742 
17 17 7 18 24 9 3.36768017929769181 16 2 12 6 1 6 28 8 14 22 12 15 15 1 1 30 6 14 1 7 4 8 9 10 12 5 3 6 12 3 24 8 18 15 12 5 32 1 6 3 2 16 2 10 14 18 9 9 20 6 10 26 12 21.4100946187973022 85.0191261615444915 
17 17 7 18 24 9 3.36768017929769181 16 2 12 6 1 17 24 9 14 22 12 15 15 1 1 30 6 14 1 7 4 8 9 10 12 5 4 31 8 3 24 8 2 16 1 5 32 1 6 3 2 16 2 10 14 18 9 6 24 4 10 26 12 19.8763047456741333 119.226471588606429 
12 6 12 4 25 11 15 1 8 16 18 9 6 19 7 9 26 1 1 8 9 2 32 11 17 31 5 5 5 12 4 26 2 13 9 11 6 15 6 2 24 11 16 1 2.70999124060388841 9 30 6 5 13 8 3 26 1 9 30 10 1 32 7 19.047404408454895 173.378757516992806 
17 17 7 18 24 9 3.36768017929769181 16 2 12 6 1 16 3 8 14 22 12 15 15 1 1 30 6 14 1 7 4 8 9 10 12 5 9 23 12 3 24 8 18 15 12 5 32 1 6 3 2 16 2 10 14 18 9 11 13 6 10 26 12 22.5563507080078125 75.1897188337139255 
6 31 12 1 16 2 1 15 3 3.36768017929769181 11 3 4 7 9 10 32 2 8 32 8 14 32 9 9.25570237641795579 6 3.84646942076222631 13 25 3 3 13 2 17 12 4 3 31 4 1 1 5 6 12 9.82524131762891173 9 25 9 13 31 13 3 26 1 14 30 1 14 18 4 17.155369758605957 265.511302869816745 
17 17 7 18 24 9 3.36768017929769181 16 2 12 6 1 16 10 13 14 22 12 15 15 1 1 30 6 14 1 7 4 8 9 10 12 5 9 19 13 3 24 8 18 15 12 5 32 1 6 3 2 16 2 10 14 18 9 11 13 6 10 26 12 24.711540699005127 64.3926100446343952 
17 17 7 18 24 9 3.36768017929769181 16 2 12 6 1 16 10 13 14 22 12 15 15 1 1 30 6 14 1 7 4 8 9 10 12 5 9 6 13 3 24 8 18 15 12 5 32 1 6 3 2 16 2 10 14 18 9 11 13 6 10 26 12 24.3862766623497009 65.7434603368823218 
17 17 7 18 24 9 3.36768017929769181 16 2 12 6 1 2 32 8 14 22 12 15 15 1 1 30 6 14 1 7 4 8 9 10 12 5 9 19 13 3 24 8 18 15 12 5 32 1 6 3 2 16 2 10 14 18 9 11 13 6 10 26 12 22.2208347320556641 76.7424171822385972 
17 17 7 18 24 9 3.36768017929769181 16 2 12 6 1 13 32 12 14 22 12 15 15 1 1 30 6 14 1 7 4 8 9 4 31 2.70999124060388841 9 5 9 3 24 8 9.25570237641795579 26 10 5 32 1 6 3 2 16 2 10 14 18 9 15 25 10 10 26 12 19.4852895140647888 130.36113454987219 
17 17 7 18 24 9 3.36768017929769181 16 2 12 6 1 16 10 13 14 22 12 15 15 1 1 30 6 14 1 7 4 8 9 10 12 5 12 6 13 3 24 8 18 15 12 5 32 1 6 3 2 16 2 10 14 18 9 11 13 6 10 26 12 24.261613667011261 67.3390536255190852 
17 17 7 16 14 5 3.36768017929769181 16 2 12 6 1 15 32 12 14 22 12 15 15 1 1 30 6 14 1 7 4 8 9 10 12 5 4 6 4 3 24 8 18 15 12 5 32 1 6 3 2 16 2 10 14 18 9 11 13 6 10 26 12 20.8400298357009888 95.4849252189590203 
17 17 7 18 24 9 3.36768017929769181 16 2 12 6 1 13 13 11 14 22 12 15 15 1 1 30 6 14 1 7 4 8 9 10 12 5 12 6 11 3 24 8 18 15 12 15 32 9 6 3 2 16 2 10 14 18 9 11 13 6 10 26 12 21.0383816957473755 95.3098774921702443 
17 17 7 18 24 9 3.36768017929769181 16 2 12 6 1 16 16 8 14 22 12 15 15 1 1 30 6 14 1 7 4 8 9 10 12 5 12 23 13 3 24 8 18 15 12 5 32 1 6 3 2 16 2 10 14 18 9 11 13 6 10 26 12 22.5510017871856689 76.3310901167046154 
17 17 7 6 32 4 3.36768017929769181 16 2 12 6 1 1 20 5 14 22 12 1 24 2.70999124060388841 1 30 6 14 1 7 4 8 9 10 12 5 15 19 7 3 24 8 15 6 10 5 32 1 6 3 2 16 2 10 14 18 9 11 13 6 10 26 12 19.268922746181488 137.050711202711966 
17 17 7 18 24 9 3.36768017929769181 16 2 12 6 1 16 5 2.70999124060388841 14 22 12 15 15 1 1 30 6 14 1 7 4 8 9 3 19 4 4 26 11 3 24 8 18 15 12 5 32 1 6 3 2 16 2 10 14 18 9 13 12 2 10 26 12 20.4675738215446472 96.8319379214673575 
1 3 11 1 18 2 1 5 2.70999124060388841 8 6 12 14 1 6 13 25 6 16 14 11 6 19 6.96245171630185755 14 18 12 1 26 5 17 26 8 8 12 3.84646942076222631 15 12 8 4 32 9.82524131762891173 1 18 13 12 31 3 6 12 5 17.8244721320812971 31 2 17 18.140740276750666 10 14 25 7 16.6550595164299011 280.72846261925207 
17 17 7 18 24 9 3.36768017929769181 16 2 12 6 1 10 28 11 14 22 12 15 15 1 1 30 6 14 1 7 4 8 9 10 12 5 12 26 13 3 24 8 18 15 12 5 32 1 6 3 2 16 2 10 14 18 9 11 13 6 10 26 12 22.7418147921562195 74.9912561205714638 
17 17 7 1 30 6 3.36768017929769181 16 2 12 6 1 14 14 12 14 22 12 15 15 1 1 30 6 14 1 7 4 8 9 10 12 5 12 7 2.70999124060388841 3 24 8 18 15 12 5 32 1 6 3 2 16 2 10 14 18 9 4 31 4 10 26 12 20.1416076421737671 106.525020361497297 
17 17 7 13 30 2 3.36768017929769181 16 2 12 6 1 1 24 7 14 22 12 15 15 1 1 30 6 14 1 7 4 8 9 10 12 5 15 22 13 3 24 8 18 15 12 15 16 2.70999124060388841 6 3 2 16 2 10 14 18 9 16 20 2 10 26 12 19.5493445992469788 126.342154616696575 
17 17 7 18 24 9 3.36768017929769181 16 2 12 6 1 13 32 2.70999124060388841 14 22 12 15 15 1 1 30 6 14 1 7 4 8 9 10 12 5 9 6 11 3 24 8 18 15 12 5 32 1 6 3 2 16 2 10 14 18 9 11 13 6 10 26 12 21.5577307343482971 84.4733596826368682 

Current Evaluation = 90000000(90000150)
Front Size = 43
14 30 3 18 24 9 3.36768017929769181 16 2 12 6 1 3 14 2 14 22 12 15 15 1 17 9 7 14 1 7 4 8 9 10 12 5 16 5.34074699537910114 11 3 24 8 18 15 12 5 32 1 6 3 2 15 31 4 14 18 9 11 13 6 10 26 12 21.2183047831058502 86.7233060362076031 
17 17 7 1 32 7 3.36768017929769181 16 2 12 6 1 15 31 9 14 22 12 15 15 1 1 30 6 14 1 7 4 8 9 10 12 5 9 7 2 3 24 8 13 15 2.70999124060388841 5 32 1 6 3 2 15 31 4 14 18 9 11 13 6 10 26 12 19.7153656482696533 120.427194394856286 
17 17 7 18 24 9 3.36768017929769181 16 2 12 6 1 14 25 2 14 22 12 15 15 1 1 30 6 14 1 7 4 8 9 10 12 5 16 5.34074699537910114 11 3 24 8 18 15 12 5 32 1 6 3 2 15 31 4 14 18 9 11 13 6 10 26 12 21.1327587366104126 89.780577087296848 
17 17 7 18 24 9 3.36768017929769181 16 2 12 6 1 16 10 13 14 22 12 15 15 1 1 30 6 14 1 7 4 8 9 10 12 5 12 6 13 3 24 8 18 15 12 5 32 1 6 3 2 15 31 4 14 18 9 11 13 6 10 26 12 23.8710306286811829 68.2278777254907425 
17 17 7 18 24 9 3.36768017929769181 16 2 12 6 1 14 32 2 14 22 12 15 15 1 1 30 6 14 1 7 4 8 9 10 12 5 6 31 2.70999124060388841 3 24 8 18 15 12 5 32 1 6 3 2 15 15 7 14 18 9 13 19 4 10 26 12 19.9935546517372131 117.676636969511122 
14 20 5 4 24 5 1 23 11 4 32 2 3 31 2.70999124060388841 14 3 6.96245171630185755 4.94126535182462057 1 5 16 26 9.82524131762891173 15 5 4 10 31.8448655754823804 7 12 26 3 1 6 12 12 30 5 4 26 13 6 25 11 14 28 4 2 18 7.75241283629571765 15 29 12 3 26 5 11 1 2 18.4797716736793518 187.425505975506013 
17 17 7 18 24 9 3.36768017929769181 16 2 12 6 1 16 10 13 14 22 12 15 15 1 1 30 6 14 1 7 4 8 9 10 12 5 11 4 12 3 24 8 18 15 12 5 32 1 6 3 2 16 2 10 14 18 9 11 13 6 10 26 12 27.1067218780517578 63.2166826561515052 
13 2 6 1 15 2 13 6 9 6 20 11 1 31 13 2 24 7 4 1 4 5 26 10 16 32 9 2 19 1 14 16 9 15 18 2.70999124060388841 6 6 5 14 19 11 17 30 3 16 6 13 3 1 6 14 16 8 15 11 10 8 24 12 17.3005519509315491 189.995135909841764 
17 17 7 18 24 9 3.36768017929769181 16 2 12 6 1 16 10 13 14 22 12 15 15 1 1 30 6 14 1 7 4 8 9 10 12 5 12 19 11 3 24 8 18 15 12 5 32 1 6 3 2 16 2 10 14 18 9 11 13 6 10 26 12 24.5734776258468628 65.5367618407714616 
17 17 7 18 24 9 3.36768017929769181 16 2 12 6 1 16 28 11 14 22 12 15 15 1 1 30 6 14 1 7 4 8 9 10 12 5 9 23 13 3 24 8 18 15 12 5 32 1 6 3 2 16 2 10 14 18 9 11 13 6 10 26 12 22.8799307346343994 71.5476925221749411 
14 30 9 18 24 9 3.36768017929769181 16 2 12 6 1 16 14 13 14 22 12 15 15 1 1 30 6 14 1 7 4 8 9 10 12 5 12 31 12 3 24 8 18 15 12 5 32 1 6 3 2 16 2 10 14 18 9 11 13 6 10 26 12 21.1579769253730774 87.7449749175555525 
17 17 7 18 24 9 3.36768017929769181 16 2 12 6 1 14 32 10 14 22 12 15 15 1 1 30 6 14 1 7 4 8 9 10 12 5 2 16 1 3 24 8 12 31 13 5 32 1 6 3 2 16 2 10 14 18 9 1 32 1 10 26 12 20.048325777053833 114.237523868484971 
17 17 7 18 24 9 3.36768017929769181 16 2 12 6 1 16 3 2.70999124060388841 14 22 12 15 15 1 1 30 6 14 1 7 4 8 9 10 12 5 12 20 13 3 24 8 18 15 12 5 32 1 6 3 2 16 2 10 14 18 9 11 13 6 10 26 12 21.8103997707366943 77.1391291332424061 
17 17 7 18 24 9 3.36768017929769181 16 2 12 6 1 16 10 13 14 22 12 15 15 1 1 30 6 14 1 7 4 8 9 10 12 5 12 26 13 3 24 8 18 15 12 5 32 1 6 3 2 16 2 10 14 18 9 11 13 6 10 26 12 24.3473326563835144 66.4882236768063279 
17 17 7 18 24 9 3.36768017929769181 16 2 12 6 1 16 10 13 14 22 12 15 15 1 1 30 6 14 1 7 4 8 9 10 12 5 9 19 12 3 24 8 18 15 12 5 32 1 6 3 2 16 2 10 14 18 9 4 13 7 10 26 12 23.9840316772460938 67.6952630696120963 
12 26 4 12 6 10 14 25 9 3.36768017929769181 12 6 17 32 11 2 14 9 4 15 13 6 32 7 6 11 6.96245171630185755 16 1 4 4 32 4 4 12 2 2 24 13 8 16 1 4 24 9 13 6 9 5 24 4 15 3 7 3 13 2 1 20 1 17.1839971542358398 233.45935190540456 
17 17 7 18 24 9 3.36768017929769181 16 2 12 6 1 16 10 13 14 22 12 15 15 1 1 30 6 14 1 7 4 8 9 10 12 5 11 4 12 3 24 8 18 15 12 5 32 1 6 3 2 16 2 10 14 18 9 11 5.34074699537910114 3 10 26 12 26.9554418325424194 64.0760159025023626 
17 17 7 18 24 9 3.36768017929769181 16 2 12 6 1 16 10 13 14 22 12 15 15 1 1 30 6 14 1 7 4 8 9 10 12 5 12 6 11 3 24 8 18 15 12 5 32 1 6 3 2 16 2 10 14 18 9 11 13 6 10 26 12 24.2482137084007263 67.4505863169355564 
17 17 7 18 24 9 3.36768017929769181 16 2 12 6 1 16 2 12 14 22 12 15 15 1 1 30 6 14 1 7 4 8 9 10 12 5 14 1 2.70999124060388841 3 24 8 18 15 12 5 32 1 6 3 2 13 5 3 14 18 9 4 31 9 10 26 12 20.3838096857070923 100.958507149728533 
17 17 7 18 24 9 3.36768017929769181 16 2 12 6 1 16 32 2 14 22 12 15 15 1 1 30 6 14 1 7 4 8 9 10 12 5 12 26 13 3 24 8 18 15 12 5 32 1 6 3 2 16 2 10 14 18 9 11 13 6 10 26 12 21.6290197968482971 79.1226189292946742 
17 17 7 18 24 9 3.36768017929769181 16 2 12 6 1 6 28 8 14 22 12 15 15 1 1 30 6 14 1 7 4 8 9 10 12 5 3 6 12 3 24 8 18 15 12 5 32 1 6 3 2 16 2 10 14 18 9 9 20 6 10 26 12 21.4100946187973022 85.0191261615444915 
17 17 7 18 24 9 3.36768017929769181 16 2 12 6 1 17 24 9 14 22 12 15 15 1 1 30 6 14 1 7 4 8 9 10 12 5 4 31 8 3 24 8 2 16 1 5 32 1 6 3 2 16 2 10 14 18 9 6 24 4 10 26 12 19.8763047456741333 119.226471588606429 
12 6 12 4 25 11 15 1 8 16 18 9 6 19 7 9 26 1 1 8 9 2 32 11 17 31 5 5 5 12 4 26 2 13 9 11 6 15 6 2 24 11 16 1 2.70999124060388841 9 30 6 5 13 8 3 26 1 9 30 10 1 32 7 19.047404408454895 173.378757516992806 
17 17 7 18 24 9 3.36768017929769181 16 2 12 6 1 16 3 8 14 22 12 15 15 1 1 30 6 14 1 7 4 8 9 10 12 5 9 23 12 3 24 8 18 15 12 5 32 1 6 3 2 16 2 10 14 18 9 11 13 6 10 26 12 22.5563507080078125 75.1897188337139255 
6 31 12 1 16 2 1 15 3 3.36768017929769181 11 3 4 7 9 10 32 2 8 32 8 14 32 9 9.25570237641795579 6 3.84646942076222631 13 25 3 3 13 2 17 12 4 3 31 4 1 1 5 6 12 9.82524131762891173 9 25 9 13 31 13 3 26 1 14 30 1 14 18 4 17.155369758605957 265.511302869816745 
17 17 7 18 24 9 3.36768017929769181 16 2 12 6 1 16 10 13 14 22 12 15 15 1 1 30 6 14 1 7 4 8 9 10 12 5 9 19 13 3 24 8 18 15 12 5 32 1 6 3 2 16 2 10 14 18 9 11 13 6 10 26 12 24.711540699005127 64.3926100446343952 
17 17 7 18 24 9 3.36768017929769181 16 2 12 6 1 16 10 13 14 22 12 15 15 1 1 30 6 14 1 7 4 8 9 10 12 5 9 6 13 3 24 8 18 15 12 5 32 1 6 3 2 16 2 10 14 18 9 11 13 6 10 26 12 24.3862766623497009 65.7434603368823218 
17 17 7 18 24 9 3.36768017929769181 16 2 12 6 1 2 32 8 14 22 12 15 15 1 1 30 6 14 1 7 4 8 9 10 12 5 9 19 13 3 24 8 18 15 12 5 32 1 6 3 2 16 2 10 14 18 9 11 13 6 10 26 12 22.2208347320556641 76.7424171822385972 
17 17 7 18 24 9 3.36768017929769181 16 2 12 6 1 13 32 12 14 22 12 15 15 1 1 30 6 14 1 7 4 8 9 4 31 2.70999124060388841 9 5 9 3 24 8 9.25570237641795579 26 10 5 32 1 6 3 2 16 2 10 14 18 9 15 25 10 10 26 12 19.4852895140647888 130.36113454987219 
17 17 7 18 24 9 3.36768017929769181 16 2 12 6 1 16 10 13 14 22 12 15 15 1 1 30 6 14 1 7 4 8 9 10 12 5 12 6 13 3 24 8 18 15 12 5 32 1 6 3 2 16 2 10 14 18 9 11 13 6 10 26 12 24.261613667011261 67.3390536255190852 
17 17 7 18 24 9 3.36768017929769181 16 2 12 6 1 16 16 8 14 22 12 15 15 1 1 30 6 14 1 7 4 8 9 10 12 5 12 23 13 3 24 8 18 15 12 5 32 1 6 3 2 16 2 10 14 18 9 11 13 6 10 26 12 22.5510017871856689 76.3310901167046154 
17 17 7 6 32 4 3.36768017929769181 16 2 12 6 1 1 20 5 14 22 12 1 24 2.70999124060388841 1 30 6 14 1 7 4 8 9 10 12 5 15 19 7 3 24 8 15 6 10 5 32 1 6 3 2 16 2 10 14 18 9 11 13 6 10 26 12 19.268922746181488 137.050711202711966 
17 17 7 18 24 9 3.36768017929769181 16 2 12 6 1 16 5 2.70999124060388841 14 22 12 15 15 1 1 30 6 14 1 7 4 8 9 3 19 4 4 26 11 3 24 8 18 15 12 5 32 1 6 3 2 16 2 10 14 18 9 13 12 2 10 26 12 20.4675738215446472 96.8319379214673575 
1 3 11 1 18 2 1 5 2.70999124060388841 8 6 12 14 1 6 13 25 6 16 14 11 6 19 6.96245171630185755 14 18 12 1 26 5 17 26 8 8 12 3.84646942076222631 15 12 8 4 32 9.82524131762891173 1 18 13 12 31 3 6 12 5 17.8244721320812971 31 2 17 18.140740276750666 10 14 25 7 16.6550595164299011 280.72846261925207 
17 17 7 18 24 9 3.36768017929769181 16 2 12 6 1 10 28 11 14 22 12 15 15 1 1 30 6 14 1 7 4 8 9 10 12 5 12 26 13 3 24 8 18 15 12 5 32 1 6 3 2 16 2 10 14 18 9 11 13 6 10 26 12 22.7418147921562195 74.9912561205714638 
17 17 7 1 30 6 3.36768017929769181 16 2 12 6 1 14 14 12 14 22 12 15 15 1 1 30 6 14 1 7 4 8 9 10 12 5 12 7 2.70999124060388841 3 24 8 18 15 12 5 32 1 6 3 2 16 2 10 14 18 9 4 31 4 10 26 12 20.1416076421737671 106.525020361497297 
17 17 7 13 30 2 3.36768017929769181 16 2 12 6 1 1 24 7 14 22 12 15 15 1 1 30 6 14 1 7 4 8 9 10 12 5 15 22 13 3 24 8 18 15 12 15 16 2.70999124060388841 6 3 2 16 2 10 14 18 9 16 20 2 10 26 12 19.5493445992469788 126.342154616696575 
17 17 7 18 24 9 3.36768017929769181 16 2 12 6 1 13 32 2.70999124060388841 14 22 12 15 15 1 1 30 6 14 1 7 4 8 9 10 12 5 9 6 11 3 24 8 18 15 12 5 32 1 6 3 2 16 2 10 14 18 9 11 13 6 10 26 12 21.5577307343482971 84.4733596826368682 
17 32 7 1 24 2 14 18 1 12 24 12 14 5 12 16 18 2.70999124060388841 6 31 13 15 12 3 4 32 4 15 5 6.96245171630185755 13 22 10 16 2 7 9 32 7 9 32 3 8 16 4 14 9 5 8 24 4 6 2 4 1 25 10 4.94126535182462057 24 13 17.1778339743614197 245.465012313274599 
17 17 7 14 26 11 3.36768017929769181 16 2 12 6 1 16 26 11 14 22 12 15 15 1 1 30 6 14 1 7 4 8 9 10 12 5 9 2 4 3 24 8 18 15 12 5 32 1 6 3 2 16 2 10 14 18 9 11 13 6 14 32 8 20.3312557339668274 104.22850854977608 
17 17 7 18 24 9 3.36768017929769181 16 2 12 6 1 6 26 12 14 22 12 15 15 1 1 30 6 14 1 7 4 8 9 10 12 5 9 26 12 3 24 8 18 15 12 5 32 1 6 3 2 16 2 10 14 18 9 17 24 3 10 26 12 20.7769067287445068 93.699406110321604 
10 18 2 6 1 9 13 24 2.70999124060388841 8 31 13 4 6 9 14 1 5 6 19 2 1 24 4 12 2 2 9.25570237641795579 11 7 12 25 1 15 9 1 10 16 3 1 6 8 4.94126535182462057 30 13 3 32 10 17 13 5 1 5 6 17 3 12 14 22 11 18.8210141062736511 185.415853228323272 
17 17 7 18 24 9 3.36768017929769181 16 2 12 6 1 16 10 13 14 22 12 15 15 1 1 30 6 14 1 7 4 8 9 10 12 5 9 19 12 3 24 8 18 15 12 5 32 1 6 3 2 16 2 10 14 18 9 3 25 4 10 26 12 23.7736786603927612 70.1869171393090312 

Current Evaluation = 100000000(100000040)
Front Size = 45
14 30 3 18 24 9 3.36768017929769181 16 2 12 6 1 3 14 2 14 22 12 15 15 1 17 9 7 14 1 7 4 8 9 10 12 5 16 5.34074699537910114 11 3 24 8 18 15 12 5 32 1 6 3 2 15 31 4 14 18 9 11 13 6 10 26 12 21.2183047831058502 86.7233060362076031 
17 17 7 1 32 7 3.36768017929769181 16 2 12 6 1 15 31 9 14 22 12 15 15 1 1 30 6 14 1 7 4 8 9 10 12 5 9 7 2 3 24 8 13 15 2.70999124060388841 5 32 1 6 3 2 15 31 4 14 18 9 11 13 6 10 26 12 19.7153656482696533 120.427194394856286 
17 17 7 18 24 9 3.36768017929769181 16 2 12 6 1 14 25 2 14 22 12 15 15 1 1 30 6 14 1 7 4 8 9 10 12 5 16 5.34074699537910114 11 3 24 8 18 15 12 5 32 1 6 3 2 15 31 4 14 18 9 11 13 6 10 26 12 21.1327587366104126 89.780577087296848 
17 17 7 18 24 9 3.36768017929769181 16 2 12 6 1 16 10 13 14 22 12 15 15 1 1 30 6 14 1 7 4 8 9 10 12 5 12 6 13 3 24 8 18 15 12 5 32 1 6 3 2 15 31 4 14 18 9 11 13 6 10 26 12 23.8710306286811829 68.2278777254907425 
17 17 7 18 24 9 3.36768017929769181 16 2 12 6 1 14 32 2 14 22 12 15 15 1 1 30 6 14 1 7 4 8 9 10 12 5 6 31 2.70999124060388841 3 24 8 18 15 12 5 32 1 6 3 2 15 15 7 14 18 9 13 19 4 10 26 12 19.9935546517372131 117.676636969511122 
14 20 5 4 24 5 1 23 11 4 32 2 3 31 2.70999124060388841 14 3 6.96245171630185755 4.94126535182462057 1 5 16 26 9.82524131762891173 15 5 4 10 31.8448655754823804 7 12 26 3 1 6 12 12 30 5 4 26 13 6 25 11 14 28 4 2 18 7.75241283629571765 15 29 12 3 26 5 11 1 2 18.4797716736793518 187.425505975506013 
17 17 7 18 24 9 3.36768017929769181 16 2 12 6 1 16 10 13 14 22 12 15 15 1 1 30 6 14 1 7 4 8 9 10 12 5 11 4 12 3 24 8 18 15 12 5 32 1 6 3 2 16 2 10 14 18 9 11 13 6 10 26 12 27.1067218780517578 63.2166826561515052 
13 2 6 1 15 2 13 6 9 6 20 11 1 31 13 2 24 7 4 1 4 5 26 10 16 32 9 2 19 1 14 16 9 15 18 2.70999124060388841 6 6 5 14 19 11 17 30 3 16 6 13 3 1 6 14 16 8 15 11 10 8 24 12 17.3005519509315491 189.995135909841764 
17 17 7 18 24 9 3.36768017929769181 16 2 12 6 1 16 10 13 14 22 12 15 15 1 1 30 6 14 1 7 4 8 9 10 12 5 12 19 11 3 24 8 18 15 12 5 32 1 6 3 2 16 2 10 14 18 9 11 13 6 10 26 12 24.5734776258468628 65.5367618407714616 
17 17 7 18 24 9 3.36768017929769181 16 2 12 6 1 16 28 11 14 22 12 15 15 1 1 30 6 14 1 7 4 8 9 10 12 5 9 23 13 3 24 8 18 15 12 5 32 1 6 3 2 16 2 10 14 18 9 11 13 6 10 26 12 22.8799307346343994 71.5476925221749411 
14 30 9 18 24 9 3.36768017929769181 16 2 12 6 1 16 14 13 14 22 12 15 15 1 1 30 6 14 1 7 4 8 9 10 12 5 12 31 12 3 24 8 18 15 12 5 32 1 6 3 2 16 2 10 14 18 9 11 13 6 10 26 12 21.1579769253730774 87.7449749175555525 
17 17 7 18 24 9 3.36768017929769181 16 2 12 6 1 14 32 10 14 22 12 15 15 1 1 30 6 14 1 7 4 8 9 10 12 5 2 16 1 3 24 8 12 31 13 5 32 1 6 3 2 16 2 10 14 18 9 1 32 1 10 26 12 20.048325777053833 114.237523868484971 
17 17 7 18 24 9 3.36768017929769181 16 2 12 6 1 16 3 2.70999124060388841 14 22 12 15 15 1 1 30 6 14 1 7 4 8 9 10 12 5 12 20 13 3 24 8 18 15 12 5 32 1 6 3 2 16 2 10 14 18 9 11 13 6 10 26 12 21.8103997707366943 77.1391291332424061 
17 17 7 18 24 9 3.36768017929769181 16 2 12 6 1 16 10 13 14 22 12 15 15 1 1 30 6 14 1 7 4 8 9 10 12 5 12 26 13 3 24 8 18 15 12 5 32 1 6 3 2 16 2 10 14 18 9 11 13 6 10 26 12 24.3473326563835144 66.4882236768063279 
17 17 7 18 24 9 3.36768017929769181 16 2 12 6 1 16 10 13 14 22 12 15 15 1 1 30 6 14 1 7 4 8 9 10 12 5 9 19 12 3 24 8 18 15 12 5 32 1 6 3 2 16 2 10 14 18 9 4 13 7 10 26 12 23.9840316772460938 67.6952630696120963 
12 26 4 12 6 10 14 25 9 3.36768017929769181 12 6 17 32 11 2 14 9 4 15 13 6 32 7 6 11 6.96245171630185755 16 1 4 4 32 4 4 12 2 2 24 13 8 16 1 4 24 9 13 6 9 5 24 4 15 3 7 3 13 2 1 20 1 17.1839971542358398 233.45935190540456 
17 17 7 18 24 9 3.36768017929769181 16 2 12 6 1 16 10 13 14 22 12 15 15 1 1 30 6 14 1 7 4 8 9 10 12 5 11 4 12 3 24 8 18 15 12 5 32 1 6 3 2 16 2 10 14 18 9 11 5.34074699537910114 3 10 26 12 26.9554418325424194 64.0760159025023626 
17 17 7 18 24 9 3.36768017929769181 16 2 12 6 1 16 10 13 14 22 12 15 15 1 1 30 6 14 1 7 4 8 9 10 12 5 12 6 11 3 24 8 18 15 12 5 32 1 6 3 2 16 2 10 14 18 9 11 13 6 10 26 12 24.2482137084007263 67.4505863169355564 
17 17 7 18 24 9 3.36768017929769181 16 2 12 6 1 16 2 12 14 22 12 15 15 1 1 30 6 14 1 7 4 8 9 10 12 5 14 1 2.70999124060388841 3 24 8 18 15 12 5 32 1 6 3 2 13 5 3 14 18 9 4 31 9 10 26 12 20.3838096857070923 100.958507149728533 
17 17 7 18 24 9 3.36768017929769181 16 2 12 6 1 16 32 2 14 22 12 15 15 1 1 30 6 14 1 7 4 8 9 10 12 5 12 26 13 3 24 8 18 15 12 5 32 1 6 3 2 16 2 10 14 18 9 11 13 6 10 26 12 21.6290197968482971 79.1226189292946742 
17 17 7 18 24 9 3.36768017929769181 16 2 12 6 1 6 28 8 14 22 12 15 15 1 1 30 6 14 1 7 4 8 9 10 12 5 3 6 12 3 24 8 18 15 12 5 32 1 6 3 2 16 2 10 14 18 9 9 20 6 10 26 12 21.4100946187973022 85.0191261615444915 
17 17 7 18 24 9 3.36768017929769181 16 2 12 6 1 17 24 9 14 22 12 15 15 1 1 30 6 14 1 7 4 8 9 10 12 5 4 31 8 3 24 8 2 16 1 5 32 1 6 3 2 16 2 10 14 18 9 6 24 4 10 26 12 19.8763047456741333 119.226471588606429 
12 6 12 4 25 11 15 1 8 16 18 9 6 19 7 9 26 1 1 8 9 2 32 11 17 31 5 5 5 12 4 26 2 13 9 11 6 15 6 2 24 11 16 1 2.70999124060388841 9 30 6 5 13 8 3 26 1 9 30 10 1 32 7 19.047404408454895 173.378757516992806 
17 17 7 18 24 9 3.36768017929769181 16 2 12 6 1 16 3 8 14 22 12 15 15 1 1 30 6 14 1 7 4 8 9 10 12 5 9 23 12 3 24 8 18 15 12 5 32 1 6 3 2 16 2 10 14 18 9 11 13 6 10 26 12 22.5563507080078125 75.1897188337139255 
17 17 7 18 24 9 3.36768017929769181 16 2 12 6 1 16 10 13 14 22 12 15 15 1 1 30 6 14 1 7 4 8 9 10 12 5 9 19 13 3 24 8 18 15 12 5 32 1 6 3 2 16 2 10 14 18 9 11 13 6 10 26 12 24.711540699005127 64.3926100446343952 
17 17 7 18 24 9 3.36768017929769181 16 2 12 6 1 16 10 13 14 22 12 15 15 1 1 30 6 14 1 7 4 8 9 10 12 5 9 6 13 3 24 8 18 15 12 5 32 1 6 3 2 16 2 10 14 18 9 11 13 6 10 26 12 24.3862766623497009 65.7434603368823218 
17 17 7 18 24 9 3.36768017929769181 16 2 12 6 1 2 32 8 14 22 12 15 15 1 1 30 6 14 1 7 4 8 9 10 12 5 9 19 13 3 24 8 18 15 12 5 32 1 6 3 2 16 2 10 14 18 9 11 13 6 10 26 12 22.2208347320556641 76.7424171822385972 
17 17 7 18 24 9 3.36768017929769181 16 2 12 6 1 13 32 12 14 22 12 15 15 1 1 30 6 14 1 7 4 8 9 4 31 2.70999124060388841 9 5 9 3 24 8 9.25570237641795579 26 10 5 32 1 6 3 2 16 2 10 14 18 9 15 25 10 10 26 12 19.4852895140647888 130.36113454987219 
17 17 7 18 24 9 3.36768017929769181 16 2 12 6 1 16 10 13 14 22 12 15 15 1 1 30 6 14 1 7 4 8 9 10 12 5 12 6 13 3 24 8 18 15 12 5 32 1 6 3 2 16 2 10 14 18 9 11 13 6 10 26 12 24.261613667011261 67.3390536255190852 
17 17 7 18 24 9 3.36768017929769181 16 2 12 6 1 16 16 8 14 22 12 15 15 1 1 30 6 14 1 7 4 8 9 10 12 5 12 23 13 3 24 8 18 15 12 5 32 1 6 3 2 16 2 10 14 18 9 11 13 6 10 26 12 22.5510017871856689 76.3310901167046154 
17 17 7 6 32 4 3.36768017929769181 16 2 12 6 1 1 20 5 14 22 12 1 24 2.70999124060388841 1 30 6 14 1 7 4 8 9 10 12 5 15 19 7 3 24 8 15 6 10 5 32 1 6 3 2 16 2 10 14 18 9 11 13 6 10 26 12 19.268922746181488 137.050711202711966 
17 17 7 18 24 9 3.36768017929769181 16 2 12 6 1 16 5 2.70999124060388841 14 22 12 15 15 1 1 30 6 14 1 7 4 8 9 3 19 4 4 26 11 3 24 8 18 15 12 5 32 1 6 3 2 16 2 10 14 18 9 13 12 2 10 26 12 20.4675738215446472 96.8319379214673575 
1 3 11 1 18 2 1 5 2.70999124060388841 8 6 12 14 1 6 13 25 6 16 14 11 6 19 6.96245171630185755 14 18 12 1 26 5 17 26 8 8 12 3.84646942076222631 15 12 8 4 32 9.82524131762891173 1 18 13 12 31 3 6 12 5 17.8244721320812971 31 2 17 18.140740276750666 10 14 25 7 16.6550595164299011 280.72846261925207 
17 17 7 18 24 9 3.36768017929769181 16 2 12 6 1 10 28 11 14 22 12 15 15 1 1 30 6 14 1 7 4 8 9 10 12 5 12 26 13 3 24 8 18 15 12 5 32 1 6 3 2 16 2 10 14 18 9 11 13 6 10 26 12 22.7418147921562195 74.9912561205714638 
17 17 7 1 30 6 3.36768017929769181 16 2 12 6 1 14 14 12 14 22 12 15 15 1 1 30 6 14 1 7 4 8 9 10 12 5 12 7 2.70999124060388841 3 24 8 18 15 12 5 32 1 6 3 2 16 2 10 14 18 9 4 31 4 10 26 12 20.1416076421737671 106.525020361497297 
17 17 7 13 30 2 3.36768017929769181 16 2 12 6 1 1 24 7 14 22 12 15 15 1 1 30 6 14 1 7 4 8 9 10 12 5 15 22 13 3 24 8 18 15 12 15 16 2.70999124060388841 6 3 2 16 2 10 14 18 9 16 20 2 10 26 12 19.5493445992469788 126.342154616696575 
17 17 7 18 24 9 3.36768017929769181 16 2 12 6 1 13 32 2.70999124060388841 14 22 12 15 15 1 1 30 6 14 1 7 4 8 9 10 12 5 9 6 11 3 24 8 18 15 12 5 32 1 6 3 2 16 2 10 14 18 9 11 13 6 10 26 12 21.5577307343482971 84.4733596826368682 
17 32 7 1 24 2 14 18 1 12 24 12 14 5 12 16 18 2.70999124060388841 6 31 13 15 12 3 4 32 4 15 5 6.96245171630185755 13 22 10 16 2 7 9 32 7 9 32 3 8 16 4 14 9 5 8 24 4 6 2 4 1 25 10 4.94126535182462057 24 13 17.1778339743614197 245.465012313274599 
17 17 7 14 26 11 3.36768017929769181 16 2 12 6 1 16 26 11 14 22 12 15 15 1 1 30 6 14 1 7 4 8 9 10 12 5 9 2 4 3 24 8 18 15 12 5 32 1 6 3 2 16 2 10 14 18 9 11 13 6 14 32 8 20.3312557339668274 104.22850854977608 
17 17 7 18 24 9 3.36768017929769181 16 2 12 6 1 6 26 12 14 22 12 15 15 1 1 30 6 14 1 7 4 8 9 10 12 5 9 26 12 3 24 8 18 15 12 5 32 1 6 3 2 16 2 10 14 18 9 17 24 3 10 26 12 20.7769067287445068 93.699406110321604 
10 18 2 6 1 9 13 24 2.70999124060388841 8 31 13 4 6 9 14 1 5 6 19 2 1 24 4 12 2 2 9.25570237641795579 11 7 12 25 1 15 9 1 10 16 3 1 6 8 4.94126535182462057 30 13 3 32 10 17 13 5 1 5 6 17 3 12 14 22 11 18.8210141062736511 185.415853228323272 
17 17 7 18 24 9 3.36768017929769181 16 2 12 6 1 16 10 13 14 22 12 15 15 1 1 30 6 14 1 7 4 8 9 10 12 5 9 19 12 3 24 8 18 15 12 5 32 1 6 3 2 16 2 10 14 18 9 3 25 4 10 26 12 23.7736786603927612 70.1869171393090312 
6 15 3 3 26 12 2 2 8 15 15 12 15 17 7 14 14 12 4 24 5 16 14 4 14 30 7 4 3 10 10 24 9 13 24 4 1 17 4 13 5.34074699537910114 3 14 23 6.96245171630185755 8 6 8 15 12 7 16 20 13 13 12 2 14 30 9 17.0769228935241699 264.278073219115981 
17 17 7 18 24 9 3.36768017929769181 16 2 12 6 1 1 1 2 14 22 12 15 15 1 1 30 6 14 1 7 4 8 9 6 18 10 1 12 1 3 24 8 16 1 5 5 32 1 6 3 2 16 2 10 14 18 9 3.36768017929769181 24 2 10 26 12 19.2246116399765015 141.96980520899956 
17 17 7 18 24 9 3.36768017929769181 16 2 12 6 1 6 2 2.70999124060388841 14 22 12 15 15 1 1 30 6 14 1 7 4 8 9 10 12 5 17 20 1 3 24 8 18 15 12 5 32 1 6 3 2 16 2 10 14 18 9 9 5 9 10 26 12 21.0871036648750305 93.6483395214835923 

MOEA/D: Multiobjective Evolutionary Algorithm Based on Decomposition
Number of Evaluations = 100000000
Mutation Probability = 0.0500000007450580597
Population Size = 190
Neighborhood size = 76
Seed: 13

Time =  26722.6499619999995

Current Evaluation = 100000040
Front Size = 45
14 30 3 18 24 9 3.36768017929769181 16 2 12 6 1 3 14 2 14 22 12 15 15 1 17 9 7 14 1 7 4 8 9 10 12 5 16 5.34074699537910114 11 3 24 8 18 15 12 5 32 1 6 3 2 15 31 4 14 18 9 11 13 6 10 26 12 21.2183047831058502 86.7233060362076031 
17 17 7 1 32 7 3.36768017929769181 16 2 12 6 1 15 31 9 14 22 12 15 15 1 1 30 6 14 1 7 4 8 9 10 12 5 9 7 2 3 24 8 13 15 2.70999124060388841 5 32 1 6 3 2 15 31 4 14 18 9 11 13 6 10 26 12 19.7153656482696533 120.427194394856286 
17 17 7 18 24 9 3.36768017929769181 16 2 12 6 1 14 25 2 14 22 12 15 15 1 1 30 6 14 1 7 4 8 9 10 12 5 16 5.34074699537910114 11 3 24 8 18 15 12 5 32 1 6 3 2 15 31 4 14 18 9 11 13 6 10 26 12 21.1327587366104126 89.780577087296848 
17 17 7 18 24 9 3.36768017929769181 16 2 12 6 1 16 10 13 14 22 12 15 15 1 1 30 6 14 1 7 4 8 9 10 12 5 12 6 13 3 24 8 18 15 12 5 32 1 6 3 2 15 31 4 14 18 9 11 13 6 10 26 12 23.8710306286811829 68.2278777254907425 
17 17 7 18 24 9 3.36768017929769181 16 2 12 6 1 14 32 2 14 22 12 15 15 1 1 30 6 14 1 7 4 8 9 10 12 5 6 31 2.70999124060388841 3 24 8 18 15 12 5 32 1 6 3 2 15 15 7 14 18 9 13 19 4 10 26 12 19.9935546517372131 117.676636969511122 
14 20 5 4 24 5 1 23 11 4 32 2 3 31 2.70999124060388841 14 3 6.96245171630185755 4.94126535182462057 1 5 16 26 9.82524131762891173 15 5 4 10 31.8448655754823804 7 12 26 3 1 6 12 12 30 5 4 26 13 6 25 11 14 28 4 2 18 7.75241283629571765 15 29 12 3 26 5 11 1 2 18.4797716736793518 187.425505975506013 
17 17 7 18 24 9 3.36768017929769181 16 2 12 6 1 16 10 13 14 22 12 15 15 1 1 30 6 14 1 7 4 8 9 10 12 5 11 4 12 3 24 8 18 15 12 5 32 1 6 3 2 16 2 10 14 18 9 11 13 6 10 26 12 27.1067218780517578 63.2166826561515052 
13 2 6 1 15 2 13 6 9 6 20 11 1 31 13 2 24 7 4 1 4 5 26 10 16 32 9 2 19 1 14 16 9 15 18 2.70999124060388841 6 6 5 14 19 11 17 30 3 16 6 13 3 1 6 14 16 8 15 11 10 8 24 12 17.3005519509315491 189.995135909841764 
17 17 7 18 24 9 3.36768017929769181 16 2 12 6 1 16 10 13 14 22 12 15 15 1 1 30 6 14 1 7 4 8 9 10 12 5 12 19 11 3 24 8 18 15 12 5 32 1 6 3 2 16 2 10 14 18 9 11 13 6 10 26 12 24.5734776258468628 65.5367618407714616 
17 17 7 18 24 9 3.36768017929769181 16 2 12 6 1 16 28 11 14 22 12 15 15 1 1 30 6 14 1 7 4 8 9 10 12 5 9 23 13 3 24 8 18 15 12 5 32 1 6 3 2 16 2 10 14 18 9 11 13 6 10 26 12 22.8799307346343994 71.5476925221749411 
14 30 9 18 24 9 3.36768017929769181 16 2 12 6 1 16 14 13 14 22 12 15 15 1 1 30 6 14 1 7 4 8 9 10 12 5 12 31 12 3 24 8 18 15 12 5 32 1 6 3 2 16 2 10 14 18 9 11 13 6 10 26 12 21.1579769253730774 87.7449749175555525 
17 17 7 18 24 9 3.36768017929769181 16 2 12 6 1 14 32 10 14 22 12 15 15 1 1 30 6 14 1 7 4 8 9 10 12 5 2 16 1 3 24 8 12 31 13 5 32 1 6 3 2 16 2 10 14 18 9 1 32 1 10 26 12 20.048325777053833 114.237523868484971 
17 17 7 18 24 9 3.36768017929769181 16 2 12 6 1 16 3 2.70999124060388841 14 22 12 15 15 1 1 30 6 14 1 7 4 8 9 10 12 5 12 20 13 3 24 8 18 15 12 5 32 1 6 3 2 16 2 10 14 18 9 11 13 6 10 26 12 21.8103997707366943 77.1391291332424061 
17 17 7 18 24 9 3.36768017929769181 16 2 12 6 1 16 10 13 14 22 12 15 15 1 1 30 6 14 1 7 4 8 9 10 12 5 12 26 13 3 24 8 18 15 12 5 32 1 6 3 2 16 2 10 14 18 9 11 13 6 10 26 12 24.3473326563835144 66.4882236768063279 
17 17 7 18 24 9 3.36768017929769181 16 2 12 6 1 16 10 13 14 22 12 15 15 1 1 30 6 14 1 7 4 8 9 10 12 5 9 19 12 3 24 8 18 15 12 5 32 1 6 3 2 16 2 10 14 18 9 4 13 7 10 26 12 23.9840316772460938 67.6952630696120963 
12 26 4 12 6 10 14 25 9 3.36768017929769181 12 6 17 32 11 2 14 9 4 15 13 6 32 7 6 11 6.96245171630185755 16 1 4 4 32 4 4 12 2 2 24 13 8 16 1 4 24 9 13 6 9 5 24 4 15 3 7 3 13 2 1 20 1 17.1839971542358398 233.45935190540456 
17 17 7 18 24 9 3.36768017929769181 16 2 12 6 1 16 10 13 14 22 12 15 15 1 1 30 6 14 1 7 4 8 9 10 12 5 11 4 12 3 24 8 18 15 12 5 32 1 6 3 2 16 2 10 14 18 9 11 5.34074699537910114 3 10 26 12 26.9554418325424194 64.0760159025023626 
17 17 7 18 24 9 3.36768017929769181 16 2 12 6 1 16 10 13 14 22 12 15 15 1 1 30 6 14 1 7 4 8 9 10 12 5 12 6 11 3 24 8 18 15 12 5 32 1 6 3 2 16 2 10 14 18 9 11 13 6 10 26 12 24.2482137084007263 67.4505863169355564 
17 17 7 18 24 9 3.36768017929769181 16 2 12 6 1 16 2 12 14 22 12 15 15 1 1 30 6 14 1 7 4 8 9 10 12 5 14 1 2.70999124060388841 3 24 8 18 15 12 5 32 1 6 3 2 13 5 3 14 18 9 4 31 9 10 26 12 20.3838096857070923 100.958507149728533 
17 17 7 18 24 9 3.36768017929769181 16 2 12 6 1 16 32 2 14 22 12 15 15 1 1 30 6 14 1 7 4 8 9 10 12 5 12 26 13 3 24 8 18 15 12 5 32 1 6 3 2 16 2 10 14 18 9 11 13 6 10 26 12 21.6290197968482971 79.1226189292946742 
17 17 7 18 24 9 3.36768017929769181 16 2 12 6 1 6 28 8 14 22 12 15 15 1 1 30 6 14 1 7 4 8 9 10 12 5 3 6 12 3 24 8 18 15 12 5 32 1 6 3 2 16 2 10 14 18 9 9 20 6 10 26 12 21.4100946187973022 85.0191261615444915 
17 17 7 18 24 9 3.36768017929769181 16 2 12 6 1 17 24 9 14 22 12 15 15 1 1 30 6 14 1 7 4 8 9 10 12 5 4 31 8 3 24 8 2 16 1 5 32 1 6 3 2 16 2 10 14 18 9 6 24 4 10 26 12 19.8763047456741333 119.226471588606429 
12 6 12 4 25 11 15 1 8 16 18 9 6 19 7 9 26 1 1 8 9 2 32 11 17 31 5 5 5 12 4 26 2 13 9 11 6 15 6 2 24 11 16 1 2.70999124060388841 9 30 6 5 13 8 3 26 1 9 30 10 1 32 7 19.047404408454895 173.378757516992806 
17 17 7 18 24 9 3.36768017929769181 16 2 12 6 1 16 3 8 14 22 12 15 15 1 1 30 6 14 1 7 4 8 9 10 12 5 9 23 12 3 24 8 18 15 12 5 32 1 6 3 2 16 2 10 14 18 9 11 13 6 10 26 12 22.5563507080078125 75.1897188337139255 
17 17 7 18 24 9 3.36768017929769181 16 2 12 6 1 16 10 13 14 22 12 15 15 1 1 30 6 14 1 7 4 8 9 10 12 5 9 19 13 3 24 8 18 15 12 5 32 1 6 3 2 16 2 10 14 18 9 11 13 6 10 26 12 24.711540699005127 64.3926100446343952 
17 17 7 18 24 9 3.36768017929769181 16 2 12 6 1 16 10 13 14 22 12 15 15 1 1 30 6 14 1 7 4 8 9 10 12 5 9 6 13 3 24 8 18 15 12 5 32 1 6 3 2 16 2 10 14 18 9 11 13 6 10 26 12 24.3862766623497009 65.7434603368823218 
17 17 7 18 24 9 3.36768017929769181 16 2 12 6 1 2 32 8 14 22 12 15 15 1 1 30 6 14 1 7 4 8 9 10 12 5 9 19 13 3 24 8 18 15 12 5 32 1 6 3 2 16 2 10 14 18 9 11 13 6 10 26 12 22.2208347320556641 76.7424171822385972 
17 17 7 18 24 9 3.36768017929769181 16 2 12 6 1 13 32 12 14 22 12 15 15 1 1 30 6 14 1 7 4 8 9 4 31 2.70999124060388841 9 5 9 3 24 8 9.25570237641795579 26 10 5 32 1 6 3 2 16 2 10 14 18 9 15 25 10 10 26 12 19.4852895140647888 130.36113454987219 
17 17 7 18 24 9 3.36768017929769181 16 2 12 6 1 16 10 13 14 22 12 15 15 1 1 30 6 14 1 7 4 8 9 10 12 5 12 6 13 3 24 8 18 15 12 5 32 1 6 3 2 16 2 10 14 18 9 11 13 6 10 26 12 24.261613667011261 67.3390536255190852 
17 17 7 18 24 9 3.36768017929769181 16 2 12 6 1 16 16 8 14 22 12 15 15 1 1 30 6 14 1 7 4 8 9 10 12 5 12 23 13 3 24 8 18 15 12 5 32 1 6 3 2 16 2 10 14 18 9 11 13 6 10 26 12 22.5510017871856689 76.3310901167046154 
17 17 7 6 32 4 3.36768017929769181 16 2 12 6 1 1 20 5 14 22 12 1 24 2.70999124060388841 1 30 6 14 1 7 4 8 9 10 12 5 15 19 7 3 24 8 15 6 10 5 32 1 6 3 2 16 2 10 14 18 9 11 13 6 10 26 12 19.268922746181488 137.050711202711966 
17 17 7 18 24 9 3.36768017929769181 16 2 12 6 1 16 5 2.70999124060388841 14 22 12 15 15 1 1 30 6 14 1 7 4 8 9 3 19 4 4 26 11 3 24 8 18 15 12 5 32 1 6 3 2 16 2 10 14 18 9 13 12 2 10 26 12 20.4675738215446472 96.8319379214673575 
1 3 11 1 18 2 1 5 2.70999124060388841 8 6 12 14 1 6 13 25 6 16 14 11 6 19 6.96245171630185755 14 18 12 1 26 5 17 26 8 8 12 3.84646942076222631 15 12 8 4 32 9.82524131762891173 1 18 13 12 31 3 6 12 5 17.8244721320812971 31 2 17 18.140740276750666 10 14 25 7 16.6550595164299011 280.72846261925207 
17 17 7 18 24 9 3.36768017929769181 16 2 12 6 1 10 28 11 14 22 12 15 15 1 1 30 6 14 1 7 4 8 9 10 12 5 12 26 13 3 24 8 18 15 12 5 32 1 6 3 2 16 2 10 14 18 9 11 13 6 10 26 12 22.7418147921562195 74.9912561205714638 
17 17 7 1 30 6 3.36768017929769181 16 2 12 6 1 14 14 12 14 22 12 15 15 1 1 30 6 14 1 7 4 8 9 10 12 5 12 7 2.70999124060388841 3 24 8 18 15 12 5 32 1 6 3 2 16 2 10 14 18 9 4 31 4 10 26 12 20.1416076421737671 106.525020361497297 
17 17 7 13 30 2 3.36768017929769181 16 2 12 6 1 1 24 7 14 22 12 15 15 1 1 30 6 14 1 7 4 8 9 10 12 5 15 22 13 3 24 8 18 15 12 15 16 2.70999124060388841 6 3 2 16 2 10 14 18 9 16 20 2 10 26 12 19.5493445992469788 126.342154616696575 
17 17 7 18 24 9 3.36768017929769181 16 2 12 6 1 13 32 2.70999124060388841 14 22 12 15 15 1 1 30 6 14 1 7 4 8 9 10 12 5 9 6 11 3 24 8 18 15 12 5 32 1 6 3 2 16 2 10 14 18 9 11 13 6 10 26 12 21.5577307343482971 84.4733596826368682 
17 32 7 1 24 2 14 18 1 12 24 12 14 5 12 16 18 2.70999124060388841 6 31 13 15 12 3 4 32 4 15 5 6.96245171630185755 13 22 10 16 2 7 9 32 7 9 32 3 8 16 4 14 9 5 8 24 4 6 2 4 1 25 10 4.94126535182462057 24 13 17.1778339743614197 245.465012313274599 
17 17 7 14 26 11 3.36768017929769181 16 2 12 6 1 16 26 11 14 22 12 15 15 1 1 30 6 14 1 7 4 8 9 10 12 5 9 2 4 3 24 8 18 15 12 5 32 1 6 3 2 16 2 10 14 18 9 11 13 6 14 32 8 20.3312557339668274 104.22850854977608 
17 17 7 18 24 9 3.36768017929769181 16 2 12 6 1 6 26 12 14 22 12 15 15 1 1 30 6 14 1 7 4 8 9 10 12 5 9 26 12 3 24 8 18 15 12 5 32 1 6 3 2 16 2 10 14 18 9 17 24 3 10 26 12 20.7769067287445068 93.699406110321604 
10 18 2 6 1 9 13 24 2.70999124060388841 8 31 13 4 6 9 14 1 5 6 19 2 1 24 4 12 2 2 9.25570237641795579 11 7 12 25 1 15 9 1 10 16 3 1 6 8 4.94126535182462057 30 13 3 32 10 17 13 5 1 5 6 17 3 12 14 22 11 18.8210141062736511 185.415853228323272 
17 17 7 18 24 9 3.36768017929769181 16 2 12 6 1 16 10 13 14 22 12 15 15 1 1 30 6 14 1 7 4 8 9 10 12 5 9 19 12 3 24 8 18 15 12 5 32 1 6 3 2 16 2 10 14 18 9 3 25 4 10 26 12 23.7736786603927612 70.1869171393090312 
6 15 3 3 26 12 2 2 8 15 15 12 15 17 7 14 14 12 4 24 5 16 14 4 14 30 7 4 3 10 10 24 9 13 24 4 1 17 4 13 5.34074699537910114 3 14 23 6.96245171630185755 8 6 8 15 12 7 16 20 13 13 12 2 14 30 9 17.0769228935241699 264.278073219115981 
17 17 7 18 24 9 3.36768017929769181 16 2 12 6 1 1 1 2 14 22 12 15 15 1 1 30 6 14 1 7 4 8 9 6 18 10 1 12 1 3 24 8 16 1 5 5 32 1 6 3 2 16 2 10 14 18 9 3.36768017929769181 24 2 10 26 12 19.2246116399765015 141.96980520899956 
17 17 7 18 24 9 3.36768017929769181 16 2 12 6 1 6 2 2.70999124060388841 14 22 12 15 15 1 1 30 6 14 1 7 4 8 9 10 12 5 17 20 1 3 24 8 18 15 12 5 32 1 6 3 2 16 2 10 14 18 9 9 5 9 10 26 12 21.0871036648750305 93.6483395214835923 

