Current Evaluation = 10000000(10000080)
Front Size = 40
3 19 13 11 13 11 16 9 1 15 3 5 2 32 5 6 22 3 1 6 2.70999124060388841 3 7 13 17 2 2 16 6 13 4 31 13 12 30 2 4 3 6 14 16 6.96245171630185755 6 7 4 2 1 10 5 25 9 14 1 4 11 18 2 9 28 11 21.1874107718467712 120.134147450696503 
3 19 13 11 13 11 16 9 1 15 3 5 3 1 13 6 22 3 14 12 9 6 20 5 17 2 2 16 6 13 4 31 13 12 30 2 3.36768017929769181 17 4 14 16 6.96245171630185755 6 7 4 2 1 10 5 25 9 3 33 13 11 18 2 9 28 11 21.5496076047420502 114.494025171497569 
3 19 13 11 13 11 16 9 1 15 3 5 2 32 5 6 22 3 15 28 3 14 25 4 17 2 2 16 6 13 4 31 13 12 30 2 18 15 1 14 16 6.96245171630185755 6 7 4 2 1 10 5 25 9 3 33 13 13 1 7 9 28 11 22.2014777660369873 89.033249152972914 
3 19 13 11 13 11 16 9 1 15 24 4 2 32 5 6 22 3 1 25 12 3 7 13 17 2 2 16 6 13 4 31 13 12 30 2 18 15 1 14 16 6.96245171630185755 6 7 4 2 1 10 5 25 9 6 18 10 13 14 4 9 28 11 21.5389838218688965 116.329797509383141 
3 19 13 10 30 2 16 9 1 15 3 5 2 32 5 6 22 3 9 12 4 3 7 13 17 2 2 16 6 13 4 31 13 12 30 2 13 16 10 14 16 6.96245171630185755 6 7 4 2 1 10 5 25 9 3 33 13 13 6 9 9 28 11 20.9633197784423828 122.987300954406194 
3 19 13 11 13 11 16 9 1 15 3 5 2 32 5 6 22 3 1 1 5 4 17 13 17 2 2 16 31 2.70999124060388841 3 23 8 12 30 2 18 15 1 14 16 6.96245171630185755 6 7 4 2 1 10 5 25 9 4 24 6 11 18 2 9 28 11 22.8790118098258972 73.8557240380268922 
3 19 13 6 1 7 16 9 1 15 3 5 2 32 5 6 22 3 3 6 7 4 17 13 17 2 2 16 31 2.70999124060388841 3 23 8 12 30 2 18 15 1 14 16 6.96245171630185755 6 7 4 2 1 10 5 25 9 4 9 2 11 18 2 9 28 11 21.9358257055282593 92.9532395752224403 
3 19 13 11 13 11 16 9 1 15 3 5 2 32 5 6 22 3 15 6 10 4 17 13 17 2 2 16 31 2.70999124060388841 3 23 8 12 30 2 3.36768017929769181 19 10 14 16 6.96245171630185755 6 7 4 2 1 10 5 25 9 14 32 11 11 18 2 9 28 11 21.835600733757019 99.9770518009682263 
3 19 13 4 30 2.70999124060388841 16 9 1 15 3 5 2 32 5 6 22 3 14 14 5 4 17 13 17 2 2 16 31 2.70999124060388841 3 23 8 12 30 2 18 15 1 14 16 6.96245171630185755 6 7 4 2 1 10 5 25 9 3 33 13 11 18 2 9 28 11 22.695854663848877 78.9044108249979246 
12 5.34074699537910114 6.96245171630185755 17 25 12 14 12 6 12 24 11 4 19 3.84646942076222631 2 18 10 14 22 6 15 13 9.82524131762891173 12 20 13.151007650947605 3 5 4 15 23 2 1 6 7 6 15 12 16 32 2 3 15 11 4 11 9 10 8 7.75241283629571765 14 12 3 15 1 13 6 30 4 18.3341696858406067 188.157801348977785 
3 19 13 11 13 11 16 9 1 15 3 5 2 32 5 6 22 3 1 26 9 4 17 13 17 2 2 16 31 2.70999124060388841 3 23 8 12 30 2 18 15 1 14 16 6.96245171630185755 6 7 4 2 1 10 5 25 9 3 33 13 3 31 8 6 6 9 21.9533087015151978 91.5017843999345075 
3 19 13 11 13 11 16 9 1 15 3 5 2 32 5 6 22 3 14 1 9 4 17 13 17 2 2 16 31 2.70999124060388841 3 23 8 9 29 11 18 15 1 14 16 6.96245171630185755 6 7 4 2 1 10 5 25 9 3 33 13 11 18 2 12 30 13 23.8514596521854401 64.4573842343851311 
3 19 13 11 13 11 16 9 1 15 3 5 2 32 5 6 22 3 14 31 6 4 17 13 17 2 2 16 31 2.70999124060388841 3 23 8 3.36768017929769181 18 9 18 15 1 14 16 6.96245171630185755 6 7 4 2 1 10 5 25 9 4 26 7 1 15 11 12 30 13 21.3274537920951843 117.036330118687275 
3 19 13 11 13 11 16 9 1 15 3 5 2 32 5 6 22 3 14 1 5 4 17 13 17 2 2 16 31 2.70999124060388841 3 23 8 9 29 11 18 15 1 14 16 6.96245171630185755 6 7 4 2 1 10 5 25 9 3 33 13 11 18 2 12 30 13 23.9414836764335632 63.2910870591845978 
8 9 5 13 32 13 6 15 13 3.36768017929769181 20 11 15 1 5 18 1 10 16 25 2 2 1 9 16 2 7 15 14 10 1 33 11 9.25570237641795579 24 11 15 3 7 14 2 5 12 18 7 4.94126535182462057 30 2 3 13 13 13 6 12 4 12 8 15 3 12 19.2681928277015686 180.488352333940583 
3 19 13 14 5 4 16 9 1 15 3 5 2 32 5 6 22 3 9 6 9 1 30 4 17 2 2 16 31 2.70999124060388841 3 23 8 9 29 11 18 15 1 14 16 6.96245171630185755 6 7 4 2 1 10 5 25 9 3 33 13 11 18 2 12 30 13 22.4401647448539734 85.4670628306423197 
3 19 13 11 13 11 16 9 1 15 3 5 2 32 5 6 22 3 14 1 10 4 17 13 17 2 2 16 31 2.70999124060388841 3 23 8 9 29 11 18 15 1 14 16 6.96245171630185755 6 7 4 2 1 10 5 25 9 3 33 13 11 18 2 12 30 13 23.9534836411476135 62.859578948931599 
4 30 7 13 3 13 13 24 1 15 26 4 2 25 10 2 18 11 3.36768017929769181 25 12 8 20 8 12 6 1 2 32 7 1 30 6 9.25570237641795579 26 9 10 30 5 1 32 1 17 18 11 2 18 5 15 19 2 4 31 10 8 20 3 17 32 7 17.8343558311462402 240.293944468162465 
6 6 12 3 19 3 6 31 1 16 5.34074699537910114 2 3 18 2 4 9 5 14 32 5 6 3 9 14 6 1 12 33 5 2 31 9 9.25570237641795579 21 2 6 19 11 8 28 13 17 19 13 16 15 5 1 30 11 11 7 6 12 32 10 15 15 3 20.7720711231231689 165.946675507169658 
3 19 13 11 13 11 16 9 1 15 3 5 2 32 5 6 22 3 14 1 7 4 17 13 17 2 2 16 31 2.70999124060388841 3 23 8 9 29 11 18 15 1 14 16 6.96245171630185755 6 7 4 2 1 10 5 25 9 3 33 13 11 18 2 12 30 13 23.8994836211204529 63.8556953572384813 
3 19 13 12 24 2 16 9 1 15 3 5 2 32 5 6 22 3 14 14 10 4 17 13 12 12 2 16 31 2.70999124060388841 3 23 8 9 29 11 18 15 1 14 16 6.96245171630185755 6 7 4 2 1 10 5 25 9 15 1 5 11 18 2 12 30 13 22.1395505666732788 89.1814734594799319 
3 19 13 11 13 11 16 9 1 15 3 5 2 32 5 6 22 3 1 20 10 4 17 13 17 2 2 16 31 2.70999124060388841 3 23 8 1 32 4 4 1 4 15 16 5 6 7 4 2 1 10 5 25 9 3 33 13 11 18 2 12 30 13 21.7629895806312561 108.874592783821996 
1 9 9 2 12 13 13 6 9 3 6 8 12 18 2.70999124060388841 14 6 12 14 24 8 14 24 11 3 14 8 10 1 9 15 20 8 12 20 6 15 26 9 12 31 7 12 6 9 1 16.1354543567662532 13 2 26 1 1 8.22565314501180467 1 9 15 9 6 32 9.82524131762891173 16.9891396164894104 250.82621504494108 
3 19 13 11 13 11 16 9 1 15 3 5 2 32 5 6 22 3 14 1 5 4 17 13 17 2 2 16 31 2.70999124060388841 3 23 8 9 29 11 18 15 1 15 16 5 6 7 4 2 1 10 5 25 9 3 33 13 11 18 2 12 24 8 24.2124676108360291 60.6606172769500063 
14 6 1 4 16 2 3 14 10 10 30 11 8 30 4 16 12 2 17 17 13 2 6 3 8 1 10 14 2 5 13 25 11 6 15 2 10 31 4 16 14 7 3 18 9 4 6 13 12 19 12 3.36768017929769181 12 4 13 15 3 17 5 7 18.2601549029350281 193.037288150446045 
3.36768017929769181 1 12 6 1 8 17 25 1 14 31 5 13 15 7 14 24 7 13 26 5 12 16.1354543567662532 7 13 30 3.84646942076222631 16 7 10 17 1 4 16 20 7 6 9 5 13 20 8 14 22 8 11 3 8 12 17 10 13.2195649013323386 2 12 2 12 12 15 18 11 17.937910795211792 238.012467083215171 
3 19 13 11 13 11 16 9 1 15 3 5 2 1 9 6 22 3 14 10 6 4 17 13 17 2 2 16 31 2.70999124060388841 3 23 8 9 29 11 18 15 1 1 32 5 6 7 4 2 1 10 5 22 3 3 33 13 11 18 2 12 24 8 26.951629638671875 53.4818439318900047 
3 19 13 11 13 11 16 9 1 15 3 5 2 1 9 1 32 7 14 10 6 4 17 13 17 2 2 16 31 2.70999124060388841 3 23 8 9 29 11 18 15 1 15 16 5 6 7 4 2 1 10 5 22 3 3 33 13 11 18 2 12 24 8 26.8837795853614807 53.9768229975123006 
3 19 13 11 13 11 16 9 1 15 3 5 2 1 9 6 22 3 14 32 4 4 17 13 17 2 2 16 31 2.70999124060388841 3 23 8 9 29 11 18 15 1 15 16 5 6 7 4 2 1 10 5 22 3 3 33 13 11 18 2 12 24 8 24.5458726584911346 56.779088214363 
3 19 13 11 13 11 16 9 1 15 3 5 2 1 9 6 22 3 14 10 6 4 17 13 17 2 2 16 31 2.70999124060388841 3 23 8 9 29 11 18 15 1 15 16 5 6 7 4 2 1 10 5 22 3 3 33 13 11 18 2 12 24 8 27.3501995801925659 51.4892898680045974 
3 19 13 4 12 8 16 9 1 15 3 5 2 1 9 6 22 3 14 10 6 4 17 13 17 2 2 16 31 2.70999124060388841 3 23 8 9 29 11 18 15 1 15 16 5 6 7 4 2 1 10 5 22 3 3 33 13 11 18 2 12 24 8 26.4875165224075317 54.919094754656328 
3 19 13 11 13 11 16 9 1 15 3 5 2 1 9 6 22 3 14 32 9 4 17 13 17 2 2 16 31 2.70999124060388841 3 23 8 9 29 11 18 15 1 15 16 5 6 7 4 2 1 10 5 22 3 3 33 13 11 18 2 12 24 8 24.5178486704826355 60.5302521674946448 
3 19 13 11 13 11 16 9 1 15 3 5 2 1 9 6 22 3 14 26 4 4 17 13 17 2 2 16 31 2.70999124060388841 3 23 8 9 29 11 18 15 1 15 16 5 6 32 9 2 1 10 5 22 3 14 20 5 11 18 2 12 24 8 22.9193696975708008 66.5324061962635795 
3 19 13 11 13 11 16 9 1 15 3 5 2 1 9 6 22 3 14 10 6 4 17 13 17 2 2 16 31 2.70999124060388841 12 26 12 9 29 11 18 15 1 15 16 5 6 7 4 2 1 10 5 22 3 3 33 13 11 18 2 12 24 8 26.8232036232948303 54.7010695499905637 
2 30 10 10 5.34074699537910114 4 15 24 1 1 16.1354543567662532 8 14 11 9 16 3 8 4 14 4 15 31 6 6 30 11 14 26 13 13 5 7 5 18 4 13 26 6 16 2 5 14 13 8 15 16 2 14 32 2 14 9 10 13 24 4 4.94126535182462057 18 6 17.9774357676506042 215.006652781343149 
16 32 6 17 25 1 6 15 2.70999124060388841 3 30 7 4 28 7 4 13 10 15 25 9 1 16.1354543567662532 12 15 24 1 5 6 13 3 16 8 12 8.22565314501180467 11 17 31 5 8 30 3 14 28 9.82524131762891173 2 11 7 6 2 2 8 5 10 13 20 10 14 26 5 19.3191778063774109 177.977963694372335 
2 25 4 8 11 6 10 26 4 14 31 11 9 8 11 10 29 8 15 30 2.70999124060388841 16 12 8 13 1 12 9 6 7 1 18 6.96245171630185755 12 15 1 4.94126535182462057 23 9 15 26 6 16 16 11 13.2195649013323386 3 10 4 18 8 12 1 9 4 16 4 15 24 10 20.527085542678833 175.156224595930496 
3 19 13 12 20 11 16 9 1 15 3 5 2 1 9 6 22 3 14 10 6 4 17 13 17 2 2 16 31 2.70999124060388841 3 23 8 9 29 11 18 15 1 15 16 5 6 7 4 2 1 10 5 22 3 3 33 13 11 18 2 12 24 8 26.477177619934082 55.235227011238436 
3 19 13 11 13 11 16 9 1 15 3 5 2 1 9 6 22 3 1 32 10 4 17 13 17 2 2 16 31 2.70999124060388841 3 23 8 9 29 11 18 15 1 15 16 5 6 7 4 2 1 10 5 22 3 3 33 13 11 18 2 12 24 8 24.7992476224899292 55.6935656864607864 
3 19 13 11 13 11 16 9 1 15 3 5 2 1 9 6 22 3 14 10 6 4 17 13 17 2 2 16 31 2.70999124060388841 3 23 8 9 29 11 18 15 1 15 16 5 6 7 4 2 1 10 1 32 7 3 33 13 11 18 2 12 24 8 26.2997565865516663 55.2564507038418213 

Current Evaluation = 20000000(20000160)
Front Size = 36
3 19 13 11 13 11 16 9 1 15 3 5 2 32 5 6 22 3 1 6 2.70999124060388841 3 7 13 17 2 2 16 6 13 4 31 13 12 30 2 4 3 6 14 16 6.96245171630185755 6 7 4 2 1 10 5 25 9 14 1 4 11 18 2 9 28 11 21.1874107718467712 120.134147450696503 
3 19 13 11 13 11 16 9 1 15 3 5 2 32 5 6 22 3 15 28 3 14 25 4 17 2 2 16 6 13 4 31 13 12 30 2 18 15 1 14 16 6.96245171630185755 6 7 4 2 1 10 5 25 9 3 33 13 13 1 7 9 28 11 22.2014777660369873 89.033249152972914 
3 19 13 10 30 2 16 9 1 15 3 5 2 32 5 6 22 3 9 12 4 3 7 13 17 2 2 16 6 13 4 31 13 12 30 2 13 16 10 14 16 6.96245171630185755 6 7 4 2 1 10 5 25 9 3 33 13 13 6 9 9 28 11 20.9633197784423828 122.987300954406194 
3 19 13 11 13 11 16 9 1 15 3 5 2 32 5 6 22 3 1 1 5 4 17 13 17 2 2 16 31 2.70999124060388841 3 23 8 12 30 2 18 15 1 14 16 6.96245171630185755 6 7 4 2 1 10 5 25 9 4 24 6 11 18 2 9 28 11 22.8790118098258972 73.8557240380268922 
3 19 13 6 1 7 16 9 1 15 3 5 2 32 5 6 22 3 3 6 7 4 17 13 17 2 2 16 31 2.70999124060388841 3 23 8 12 30 2 18 15 1 14 16 6.96245171630185755 6 7 4 2 1 10 5 25 9 4 9 2 11 18 2 9 28 11 21.9358257055282593 92.9532395752224403 
3 19 13 4 30 2.70999124060388841 16 9 1 15 3 5 2 32 5 6 22 3 14 14 5 4 17 13 17 2 2 16 31 2.70999124060388841 3 23 8 12 30 2 18 15 1 14 16 6.96245171630185755 6 7 4 2 1 10 5 25 9 3 33 13 11 18 2 9 28 11 22.695854663848877 78.9044108249979246 
12 5.34074699537910114 6.96245171630185755 17 25 12 14 12 6 12 24 11 4 19 3.84646942076222631 2 18 10 14 22 6 15 13 9.82524131762891173 12 20 13.151007650947605 3 5 4 15 23 2 1 6 7 6 15 12 16 32 2 3 15 11 4 11 9 10 8 7.75241283629571765 14 12 3 15 1 13 6 30 4 18.3341696858406067 188.157801348977785 
3 19 13 11 13 11 16 9 1 15 3 5 2 32 5 6 22 3 1 26 9 4 17 13 17 2 2 16 31 2.70999124060388841 3 23 8 12 30 2 18 15 1 14 16 6.96245171630185755 6 7 4 2 1 10 5 25 9 3 33 13 3 31 8 6 6 9 21.9533087015151978 91.5017843999345075 
3 19 13 11 13 11 16 9 1 15 3 5 2 32 5 6 22 3 14 31 6 4 17 13 17 2 2 16 31 2.70999124060388841 3 23 8 3.36768017929769181 18 9 18 15 1 14 16 6.96245171630185755 6 7 4 2 1 10 5 25 9 4 26 7 1 15 11 12 30 13 21.3274537920951843 117.036330118687275 
3 19 13 11 13 11 16 9 1 15 3 5 2 32 5 6 22 3 14 1 5 4 17 13 17 2 2 16 31 2.70999124060388841 3 23 8 9 29 11 18 15 1 14 16 6.96245171630185755 6 7 4 2 1 10 5 25 9 3 33 13 11 18 2 12 30 13 23.9414836764335632 63.2910870591845978 
8 9 5 13 32 13 6 15 13 3.36768017929769181 20 11 15 1 5 18 1 10 16 25 2 2 1 9 16 2 7 15 14 10 1 33 11 9.25570237641795579 24 11 15 3 7 14 2 5 12 18 7 4.94126535182462057 30 2 3 13 13 13 6 12 4 12 8 15 3 12 19.2681928277015686 180.488352333940583 
3 19 13 11 13 11 16 9 1 15 3 5 2 32 5 6 22 3 14 1 10 4 17 13 17 2 2 16 31 2.70999124060388841 3 23 8 9 29 11 18 15 1 14 16 6.96245171630185755 6 7 4 2 1 10 5 25 9 3 33 13 11 18 2 12 30 13 23.9534836411476135 62.859578948931599 
4 30 7 13 3 13 13 24 1 15 26 4 2 25 10 2 18 11 3.36768017929769181 25 12 8 20 8 12 6 1 2 32 7 1 30 6 9.25570237641795579 26 9 10 30 5 1 32 1 17 18 11 2 18 5 15 19 2 4 31 10 8 20 3 17 32 7 17.8343558311462402 240.293944468162465 
3 19 13 12 24 2 16 9 1 15 3 5 2 32 5 6 22 3 14 14 10 4 17 13 12 12 2 16 31 2.70999124060388841 3 23 8 9 29 11 18 15 1 14 16 6.96245171630185755 6 7 4 2 1 10 5 25 9 15 1 5 11 18 2 12 30 13 22.1395505666732788 89.1814734594799319 
1 9 9 2 12 13 13 6 9 3 6 8 12 18 2.70999124060388841 14 6 12 14 24 8 14 24 11 3 14 8 10 1 9 15 20 8 12 20 6 15 26 9 12 31 7 12 6 9 1 16.1354543567662532 13 2 26 1 1 8.22565314501180467 1 9 15 9 6 32 9.82524131762891173 16.9891396164894104 250.82621504494108 
3 19 13 11 13 11 16 9 1 15 3 5 2 32 5 6 22 3 14 1 5 4 17 13 17 2 2 16 31 2.70999124060388841 3 23 8 9 29 11 18 15 1 15 16 5 6 7 4 2 1 10 5 25 9 3 33 13 11 18 2 12 24 8 24.2124676108360291 60.6606172769500063 
14 6 1 4 16 2 3 14 10 10 30 11 8 30 4 16 12 2 17 17 13 2 6 3 8 1 10 14 2 5 13 25 11 6 15 2 10 31 4 16 14 7 3 18 9 4 6 13 12 19 12 3.36768017929769181 12 4 13 15 3 17 5 7 18.2601549029350281 193.037288150446045 
3.36768017929769181 1 12 6 1 8 17 25 1 14 31 5 13 15 7 14 24 7 13 26 5 12 16.1354543567662532 7 13 30 3.84646942076222631 16 7 10 17 1 4 16 20 7 6 9 5 13 20 8 14 22 8 11 3 8 12 17 10 13.2195649013323386 2 12 2 12 12 15 18 11 17.937910795211792 238.012467083215171 
3 19 13 11 13 11 16 9 1 15 3 5 2 1 9 6 22 3 14 32 4 4 17 13 17 2 2 16 31 2.70999124060388841 3 23 8 9 29 11 18 15 1 15 16 5 6 7 4 2 1 10 5 22 3 3 33 13 11 18 2 12 24 8 24.5458726584911346 56.779088214363 
3 19 13 11 13 11 16 9 1 15 3 5 2 1 9 6 22 3 14 26 4 4 17 13 17 2 2 16 31 2.70999124060388841 3 23 8 9 29 11 18 15 1 15 16 5 6 32 9 2 1 10 5 22 3 14 20 5 11 18 2 12 24 8 22.9193696975708008 66.5324061962635795 
2 30 10 10 5.34074699537910114 4 15 24 1 1 16.1354543567662532 8 14 11 9 16 3 8 4 14 4 15 31 6 6 30 11 14 26 13 13 5 7 5 18 4 13 26 6 16 2 5 14 13 8 15 16 2 14 32 2 14 9 10 13 24 4 4.94126535182462057 18 6 17.9774357676506042 215.006652781343149 
16 32 6 17 25 1 6 15 2.70999124060388841 3 30 7 4 28 7 4 13 10 15 25 9 1 16.1354543567662532 12 15 24 1 5 6 13 3 16 8 12 8.22565314501180467 11 17 31 5 8 30 3 14 28 9.82524131762891173 2 11 7 6 2 2 8 5 10 13 20 10 14 26 5 19.3191778063774109 177.977963694372335 
3 19 13 12 13 12 16 9 1 15 3 5 2 1 9 6 22 3 14 10 6 4 17 13 17 2 2 16 31 2.70999124060388841 3 23 8 9 29 11 18 15 1 15 16 5 6 7 4 2 1 10 5 22 3 3 33 13 11 18 2 12 24 8 26.8235136270523071 51.7785531670596697 
3 19 13 12 26 2 16 9 1 15 3 5 2 1 9 6 22 3 5 20 7 4 17 13 17 2 2 16 31 2.70999124060388841 3 23 8 9 29 11 18 15 1 15 16 5 6 7 4 2 1 10 5 22 3 3 33 13 11 18 2 12 24 8 24.4225696325302124 60.1793662185353 
3 19 13 11 13 11 16 9 1 15 3 5 2 1 9 6 22 3 14 32 7 4 17 13 17 2 2 16 31 2.70999124060388841 3 23 8 13 6 9 18 15 1 15 16 5 6 7 4 2 1 10 5 22 3 14 11 4 11 18 2 12 24 8 22.3368317484855652 82.5950676755161481 
3 19 13 11 13 11 16 9 1 15 3 5 2 1 9 6 22 3 14 10 6 4 17 13 17 2 2 16 31 2.70999124060388841 3 23 8 9 29 11 18 15 1 15 16 5 6 7 4 2 1 10 5 22 3 3 33 13 11 18 2 12 24 8 27.3501995801925659 51.1602325763949821 
3 19 13 11 13 11 16 9 1 15 3 5 2 1 9 6 22 3 15 26 3 4 17 13 17 2 2 16 31 2.70999124060388841 3 23 8 12 24 11 4 20 4 15 16 5 6 7 4 2 1 10 1 30 9 3 33 13 11 18 2 12 24 8 21.4426007270812988 99.0828072073170176 
3 19 13 11 13 11 16 9 1 15 3 5 2 1 9 6 22 3 1 32 10 4 17 13 17 2 2 16 31 2.70999124060388841 3 23 8 9 29 11 18 15 1 15 16 5 6 7 4 2 1 10 5 22 3 3 33 13 11 18 2 12 24 8 24.7992476224899292 55.102049464547612 
16 33 2 11 12 4 6 3 12 13 6 6 14 28 8 16 24 5 6 18 2.70999124060388841 9.25570237641795579 26 3.84646942076222631 4 15 1 10 5 13 1 18 6 1 1 6 5 30 11 14 26 7 17 12 10 15 19 2 8 24 10 3 20 5 2 32 12 12 1 9 19.4701179563999176 162.862361322887637 
3 19 13 11 13 11 16 9 1 15 3 5 2 1 9 6 22 3 1 26 4 4 17 13 17 2 2 16 31 2.70999124060388841 3 23 8 9 29 11 18 15 1 15 16 5 6 7 4 2 1 10 1 22 7 3 33 13 11 18 2 12 24 8 24.0955456495285034 61.8914577943892468 
3 19 13 11 13 11 16 9 1 15 3 5 2 1 9 6 22 3 14 32 6 4 17 13 17 2 2 16 31 2.70999124060388841 3 23 8 9 29 11 18 15 1 15 16 5 6 7 4 2 1 10 5 22 3 3 33 13 11 18 2 12 24 8 24.6858726739883423 55.8988053268614848 
6 12 13 1 31 13 14 24 12 13 6 6 14 25 2.70999124060388841 14 26 12 9.25570237641795579 30 2 14 24 12 1 31 13 6 3 6 4.94126535182462057 14 9 6 30 12 2 22 7 2 21 5 2 26 8 9 6 9.82524131762891173 15 2 8 2 6 7 3 1 12 16 25 6 17.6109474897384644 242.783216008797382 
3 19 13 11 13 11 16 9 1 15 3 5 2 1 9 6 22 3 14 10 6 4 17 13 17 2 2 16 31 2.70999124060388841 3 23 8 9 29 11 18 15 1 15 16 5 6 7 4 2 1 10 1 32 9 3 33 13 11 18 2 12 24 8 26.2517325878143311 52.0041329462222564 
3 19 13 11 13 11 16 9 1 15 3 5 2 1 9 6 22 3 10 32 4 4 17 13 17 2 2 16 31 2.70999124060388841 3 23 8 9 29 11 18 15 1 15 16 5 6 7 4 2 1 10 5 22 3 3 33 13 11 18 2 12 24 8 25.2601556777954102 54.983709190504392 
3 19 13 11 13 11 16 9 1 15 3 5 2 1 9 6 22 3 14 32 4 4 17 13 17 2 2 16 31 2.70999124060388841 3 23 8 9 29 11 18 15 1 15 16 5 6 7 4 2 1 10 5 22 3 3.36768017929769181 30 4 11 18 2 12 24 8 23.5533237159252167 63.7574740749409372 
3 19 13 11 13 11 16 9 1 15 3 5 2 1 9 6 22 3 14 32 9 4 17 13 17 2 2 16 31 2.70999124060388841 3 23 8 9 29 11 18 15 1 15 16 5 6 7 4 2 1 10 5 22 3 3 33 13 11 18 2 12 24 8 24.5178486704826355 59.9134713425980223 

Current Evaluation = 30000000(30000050)
Front Size = 36
3 19 13 11 13 11 16 9 1 15 3 5 2 32 5 6 22 3 1 6 2.70999124060388841 3 7 13 17 2 2 16 6 13 4 31 13 12 30 2 4 3 6 14 16 6.96245171630185755 6 7 4 2 1 10 5 25 9 14 1 4 11 18 2 9 28 11 21.1874107718467712 120.134147450696503 
3 19 13 11 13 11 16 9 1 15 3 5 2 32 5 6 22 3 15 28 3 14 25 4 17 2 2 16 6 13 4 31 13 12 30 2 18 15 1 14 16 6.96245171630185755 6 7 4 2 1 10 5 25 9 3 33 13 13 1 7 9 28 11 22.2014777660369873 89.033249152972914 
3 19 13 10 30 2 16 9 1 15 3 5 2 32 5 6 22 3 9 12 4 3 7 13 17 2 2 16 6 13 4 31 13 12 30 2 13 16 10 14 16 6.96245171630185755 6 7 4 2 1 10 5 25 9 3 33 13 13 6 9 9 28 11 20.9633197784423828 122.987300954406194 
3 19 13 11 13 11 16 9 1 15 3 5 2 32 5 6 22 3 1 1 5 4 17 13 17 2 2 16 31 2.70999124060388841 3 23 8 12 30 2 18 15 1 14 16 6.96245171630185755 6 7 4 2 1 10 5 25 9 4 24 6 11 18 2 9 28 11 22.8790118098258972 73.8557240380268922 
3 19 13 6 1 7 16 9 1 15 3 5 2 32 5 6 22 3 3 6 7 4 17 13 17 2 2 16 31 2.70999124060388841 3 23 8 12 30 2 18 15 1 14 16 6.96245171630185755 6 7 4 2 1 10 5 25 9 4 9 2 11 18 2 9 28 11 21.9358257055282593 92.9532395752224403 
3 19 13 4 30 2.70999124060388841 16 9 1 15 3 5 2 32 5 6 22 3 14 14 5 4 17 13 17 2 2 16 31 2.70999124060388841 3 23 8 12 30 2 18 15 1 14 16 6.96245171630185755 6 7 4 2 1 10 5 25 9 3 33 13 11 18 2 9 28 11 22.695854663848877 78.9044108249979246 
12 5.34074699537910114 6.96245171630185755 17 25 12 14 12 6 12 24 11 4 19 3.84646942076222631 2 18 10 14 22 6 15 13 9.82524131762891173 12 20 13.151007650947605 3 5 4 15 23 2 1 6 7 6 15 12 16 32 2 3 15 11 4 11 9 10 8 7.75241283629571765 14 12 3 15 1 13 6 30 4 18.3341696858406067 188.157801348977785 
3 19 13 11 13 11 16 9 1 15 3 5 2 32 5 6 22 3 1 26 9 4 17 13 17 2 2 16 31 2.70999124060388841 3 23 8 12 30 2 18 15 1 14 16 6.96245171630185755 6 7 4 2 1 10 5 25 9 3 33 13 3 31 8 6 6 9 21.9533087015151978 91.5017843999345075 
3 19 13 11 13 11 16 9 1 15 3 5 2 32 5 6 22 3 14 1 5 4 17 13 17 2 2 16 31 2.70999124060388841 3 23 8 9 29 11 18 15 1 14 16 6.96245171630185755 6 7 4 2 1 10 5 25 9 3 33 13 11 18 2 12 30 13 23.9414836764335632 63.2910870591845978 
8 9 5 13 32 13 6 15 13 3.36768017929769181 20 11 15 1 5 18 1 10 16 25 2 2 1 9 16 2 7 15 14 10 1 33 11 9.25570237641795579 24 11 15 3 7 14 2 5 12 18 7 4.94126535182462057 30 2 3 13 13 13 6 12 4 12 8 15 3 12 19.2681928277015686 180.488352333940583 
3 19 13 11 13 11 16 9 1 15 3 5 2 32 5 6 22 3 14 1 10 4 17 13 17 2 2 16 31 2.70999124060388841 3 23 8 9 29 11 18 15 1 14 16 6.96245171630185755 6 7 4 2 1 10 5 25 9 3 33 13 11 18 2 12 30 13 23.9534836411476135 62.859578948931599 
4 30 7 13 3 13 13 24 1 15 26 4 2 25 10 2 18 11 3.36768017929769181 25 12 8 20 8 12 6 1 2 32 7 1 30 6 9.25570237641795579 26 9 10 30 5 1 32 1 17 18 11 2 18 5 15 19 2 4 31 10 8 20 3 17 32 7 17.8343558311462402 240.293944468162465 
3 19 13 12 24 2 16 9 1 15 3 5 2 32 5 6 22 3 14 14 10 4 17 13 12 12 2 16 31 2.70999124060388841 3 23 8 9 29 11 18 15 1 14 16 6.96245171630185755 6 7 4 2 1 10 5 25 9 15 1 5 11 18 2 12 30 13 22.1395505666732788 89.1814734594799319 
1 9 9 2 12 13 13 6 9 3 6 8 12 18 2.70999124060388841 14 6 12 14 24 8 14 24 11 3 14 8 10 1 9 15 20 8 12 20 6 15 26 9 12 31 7 12 6 9 1 16.1354543567662532 13 2 26 1 1 8.22565314501180467 1 9 15 9 6 32 9.82524131762891173 16.9891396164894104 250.82621504494108 
3 19 13 11 13 11 16 9 1 15 3 5 2 32 5 6 22 3 14 1 5 4 17 13 17 2 2 16 31 2.70999124060388841 3 23 8 9 29 11 18 15 1 15 16 5 6 7 4 2 1 10 5 25 9 3 33 13 11 18 2 12 24 8 24.2124676108360291 60.6606172769500063 
14 6 1 4 16 2 3 14 10 10 30 11 8 30 4 16 12 2 17 17 13 2 6 3 8 1 10 14 2 5 13 25 11 6 15 2 10 31 4 16 14 7 3 18 9 4 6 13 12 19 12 3.36768017929769181 12 4 13 15 3 17 5 7 18.2601549029350281 193.037288150446045 
3 19 13 11 13 11 16 9 1 15 3 5 2 1 9 6 22 3 14 32 4 4 17 13 17 2 2 16 31 2.70999124060388841 3 23 8 9 29 11 18 15 1 15 16 5 6 7 4 2 1 10 5 22 3 3 33 13 11 18 2 12 24 8 24.5458726584911346 56.779088214363 
3 19 13 11 13 11 16 9 1 15 3 5 2 1 9 6 22 3 14 26 4 4 17 13 17 2 2 16 31 2.70999124060388841 3 23 8 9 29 11 18 15 1 15 16 5 6 32 9 2 1 10 5 22 3 14 20 5 11 18 2 12 24 8 22.9193696975708008 66.5324061962635795 
16 32 6 17 25 1 6 15 2.70999124060388841 3 30 7 4 28 7 4 13 10 15 25 9 1 16.1354543567662532 12 15 24 1 5 6 13 3 16 8 12 8.22565314501180467 11 17 31 5 8 30 3 14 28 9.82524131762891173 2 11 7 6 2 2 8 5 10 13 20 10 14 26 5 19.3191778063774109 177.977963694372335 
3 19 13 12 13 12 16 9 1 15 3 5 2 1 9 6 22 3 14 10 6 4 17 13 17 2 2 16 31 2.70999124060388841 3 23 8 9 29 11 18 15 1 15 16 5 6 7 4 2 1 10 5 22 3 3 33 13 11 18 2 12 24 8 26.8235136270523071 51.7785531670596697 
3 19 13 12 26 2 16 9 1 15 3 5 2 1 9 6 22 3 5 20 7 4 17 13 17 2 2 16 31 2.70999124060388841 3 23 8 9 29 11 18 15 1 15 16 5 6 7 4 2 1 10 5 22 3 3 33 13 11 18 2 12 24 8 24.4225696325302124 60.1793662185353 
3 19 13 11 13 11 16 9 1 15 3 5 2 1 9 6 22 3 14 32 7 4 17 13 17 2 2 16 31 2.70999124060388841 3 23 8 13 6 9 18 15 1 15 16 5 6 7 4 2 1 10 5 22 3 14 11 4 11 18 2 12 24 8 22.3368317484855652 82.5950676755161481 
3 19 13 11 13 11 16 9 1 15 3 5 2 1 9 6 22 3 15 26 3 4 17 13 17 2 2 16 31 2.70999124060388841 3 23 8 12 24 11 4 20 4 15 16 5 6 7 4 2 1 10 1 30 9 3 33 13 11 18 2 12 24 8 21.4426007270812988 99.0828072073170176 
3 19 13 11 13 11 16 9 1 15 3 5 2 1 9 6 22 3 1 32 10 4 17 13 17 2 2 16 31 2.70999124060388841 3 23 8 9 29 11 18 15 1 15 16 5 6 7 4 2 1 10 5 22 3 3 33 13 11 18 2 12 24 8 24.7992476224899292 55.102049464547612 
16 33 2 11 12 4 6 3 12 13 6 6 14 28 8 16 24 5 6 18 2.70999124060388841 9.25570237641795579 26 3.84646942076222631 4 15 1 10 5 13 1 18 6 1 1 6 5 30 11 14 26 7 17 12 10 15 19 2 8 24 10 3 20 5 2 32 12 12 1 9 19.4701179563999176 162.862361322887637 
3 19 13 11 13 11 16 9 1 15 3 5 2 1 9 6 22 3 1 26 4 4 17 13 17 2 2 16 31 2.70999124060388841 3 23 8 9 29 11 18 15 1 15 16 5 6 7 4 2 1 10 1 22 7 3 33 13 11 18 2 12 24 8 24.0955456495285034 61.8914577943892468 
6 12 13 1 31 13 14 24 12 13 6 6 14 25 2.70999124060388841 14 26 12 9.25570237641795579 30 2 14 24 12 1 31 13 6 3 6 4.94126535182462057 14 9 6 30 12 2 22 7 2 21 5 2 26 8 9 6 9.82524131762891173 15 2 8 2 6 7 3 1 12 16 25 6 17.6109474897384644 242.783216008797382 
3 19 13 11 13 11 16 9 1 15 3 5 2 1 9 6 22 3 14 10 6 4 17 13 17 2 2 16 31 2.70999124060388841 3 23 8 9 29 11 18 15 1 15 16 5 6 7 4 2 1 10 1 32 9 3 33 13 11 18 2 12 24 8 26.2517325878143311 52.0041329462222564 
3 19 13 11 13 11 16 9 1 15 3 5 2 1 9 6 22 3 10 32 4 4 17 13 17 2 2 16 31 2.70999124060388841 3 23 8 9 29 11 18 15 1 15 16 5 6 7 4 2 1 10 5 22 3 3 33 13 11 18 2 12 24 8 25.2601556777954102 54.983709190504392 
3 19 13 11 13 11 16 9 1 15 3 5 2 1 9 6 22 3 14 32 4 4 17 13 17 2 2 16 31 2.70999124060388841 3 23 8 9 29 11 18 15 1 15 16 5 6 7 4 2 1 10 5 22 3 3.36768017929769181 30 4 11 18 2 12 24 8 23.5533237159252167 63.7574740749409372 
3 19 13 11 13 11 16 9 1 15 3 5 2 1 9 6 22 3 14 10 6 4 17 13 17 2 2 16 31 2.70999124060388841 3 23 8 9 29 11 18 15 1 15 16 5 6 7 4 2 1 10 5 22 3 3 33 13 11 18 2 12 24 8 27.3501995801925659 51.0567359598481119 
3 19 13 11 13 11 16 9 1 15 3 5 2 1 9 6 22 3 14 32 7 4 17 13 17 2 2 16 31 2.70999124060388841 3 23 8 9 29 11 18 15 1 15 16 5 6 7 4 2 1 10 5 22 3 3 33 13 11 18 2 12 24 8 24.5658726692199707 55.5689950352486477 
4 2 6 6 3 10 3 6 11 2 1 7 15 30 2.70999124060388841 10 19 4 1 25 5 3 15 10 2 6 2 4 16 10 1 30 12 17 6 5 12 15 9 8 20 7 14 18 5 9.25570237641795579 1 8 8 19 4 6 22 7 8 25 11 13 30 7 17.8564178943634033 204.926822276822264 
3 19 13 11 13 11 16 9 1 15 3 5 2 1 9 6 22 3 13 31 2.70999124060388841 4 17 13 17 2 2 16 31 2.70999124060388841 3 23 8 6 15 2 14 6 2 15 16 5 6 7 4 2 1 10 1 26 7 3 33 13 11 18 2 12 24 8 21.1942554414272308 107.302510760025797 
3 19 13 11 13 11 16 9 1 15 3 5 2 1 9 6 22 3 14 10 6 4 17 13 17 2 2 16 31 2.70999124060388841 3 23 8 9 29 11 18 15 1 15 16 5 6 7 4 2 1 10 14 32 5 3 33 13 11 18 2 12 24 8 26.1623815894126892 54.9144773196238773 
3 19 13 11 13 11 16 9 1 15 3 5 2 1 9 6 22 3 14 32 9 4 17 13 17 2 2 16 31 2.70999124060388841 3 23 8 9 29 11 18 15 1 15 16 5 6 7 4 2 1 10 5 22 3 3 33 13 11 18 2 12 24 8 24.5178486704826355 58.1331261392216163 

Current Evaluation = 40000000(40000130)
Front Size = 34
3 19 13 11 13 11 16 9 1 15 3 5 2 32 5 6 22 3 1 6 2.70999124060388841 3 7 13 17 2 2 16 6 13 4 31 13 12 30 2 4 3 6 14 16 6.96245171630185755 6 7 4 2 1 10 5 25 9 14 1 4 11 18 2 9 28 11 21.1874107718467712 120.134147450696503 
3 19 13 11 13 11 16 9 1 15 3 5 2 32 5 6 22 3 15 28 3 14 25 4 17 2 2 16 6 13 4 31 13 12 30 2 18 15 1 14 16 6.96245171630185755 6 7 4 2 1 10 5 25 9 3 33 13 13 1 7 9 28 11 22.2014777660369873 89.033249152972914 
3 19 13 10 30 2 16 9 1 15 3 5 2 32 5 6 22 3 9 12 4 3 7 13 17 2 2 16 6 13 4 31 13 12 30 2 13 16 10 14 16 6.96245171630185755 6 7 4 2 1 10 5 25 9 3 33 13 13 6 9 9 28 11 20.9633197784423828 122.987300954406194 
3 19 13 11 13 11 16 9 1 15 3 5 2 32 5 6 22 3 1 1 5 4 17 13 17 2 2 16 31 2.70999124060388841 3 23 8 12 30 2 18 15 1 14 16 6.96245171630185755 6 7 4 2 1 10 5 25 9 4 24 6 11 18 2 9 28 11 22.8790118098258972 73.8557240380268922 
3 19 13 6 1 7 16 9 1 15 3 5 2 32 5 6 22 3 3 6 7 4 17 13 17 2 2 16 31 2.70999124060388841 3 23 8 12 30 2 18 15 1 14 16 6.96245171630185755 6 7 4 2 1 10 5 25 9 4 9 2 11 18 2 9 28 11 21.9358257055282593 92.9532395752224403 
3 19 13 4 30 2.70999124060388841 16 9 1 15 3 5 2 32 5 6 22 3 14 14 5 4 17 13 17 2 2 16 31 2.70999124060388841 3 23 8 12 30 2 18 15 1 14 16 6.96245171630185755 6 7 4 2 1 10 5 25 9 3 33 13 11 18 2 9 28 11 22.695854663848877 78.9044108249979246 
12 5.34074699537910114 6.96245171630185755 17 25 12 14 12 6 12 24 11 4 19 3.84646942076222631 2 18 10 14 22 6 15 13 9.82524131762891173 12 20 13.151007650947605 3 5 4 15 23 2 1 6 7 6 15 12 16 32 2 3 15 11 4 11 9 10 8 7.75241283629571765 14 12 3 15 1 13 6 30 4 18.3341696858406067 188.157801348977785 
3 19 13 11 13 11 16 9 1 15 3 5 2 32 5 6 22 3 1 26 9 4 17 13 17 2 2 16 31 2.70999124060388841 3 23 8 12 30 2 18 15 1 14 16 6.96245171630185755 6 7 4 2 1 10 5 25 9 3 33 13 3 31 8 6 6 9 21.9533087015151978 91.5017843999345075 
8 9 5 13 32 13 6 15 13 3.36768017929769181 20 11 15 1 5 18 1 10 16 25 2 2 1 9 16 2 7 15 14 10 1 33 11 9.25570237641795579 24 11 15 3 7 14 2 5 12 18 7 4.94126535182462057 30 2 3 13 13 13 6 12 4 12 8 15 3 12 19.2681928277015686 180.488352333940583 
3 19 13 11 13 11 16 9 1 15 3 5 2 32 5 6 22 3 14 1 10 4 17 13 17 2 2 16 31 2.70999124060388841 3 23 8 9 29 11 18 15 1 14 16 6.96245171630185755 6 7 4 2 1 10 5 25 9 3 33 13 11 18 2 12 30 13 23.9534836411476135 62.859578948931599 
4 30 7 13 3 13 13 24 1 15 26 4 2 25 10 2 18 11 3.36768017929769181 25 12 8 20 8 12 6 1 2 32 7 1 30 6 9.25570237641795579 26 9 10 30 5 1 32 1 17 18 11 2 18 5 15 19 2 4 31 10 8 20 3 17 32 7 17.8343558311462402 240.293944468162465 
3 19 13 12 24 2 16 9 1 15 3 5 2 32 5 6 22 3 14 14 10 4 17 13 12 12 2 16 31 2.70999124060388841 3 23 8 9 29 11 18 15 1 14 16 6.96245171630185755 6 7 4 2 1 10 5 25 9 15 1 5 11 18 2 12 30 13 22.1395505666732788 89.1814734594799319 
1 9 9 2 12 13 13 6 9 3 6 8 12 18 2.70999124060388841 14 6 12 14 24 8 14 24 11 3 14 8 10 1 9 15 20 8 12 20 6 15 26 9 12 31 7 12 6 9 1 16.1354543567662532 13 2 26 1 1 8.22565314501180467 1 9 15 9 6 32 9.82524131762891173 16.9891396164894104 250.82621504494108 
3 19 13 11 13 11 16 9 1 15 3 5 2 32 5 6 22 3 14 1 5 4 17 13 17 2 2 16 31 2.70999124060388841 3 23 8 9 29 11 18 15 1 15 16 5 6 7 4 2 1 10 5 25 9 3 33 13 11 18 2 12 24 8 24.2124676108360291 60.6606172769500063 
14 6 1 4 16 2 3 14 10 10 30 11 8 30 4 16 12 2 17 17 13 2 6 3 8 1 10 14 2 5 13 25 11 6 15 2 10 31 4 16 14 7 3 18 9 4 6 13 12 19 12 3.36768017929769181 12 4 13 15 3 17 5 7 18.2601549029350281 193.037288150446045 
3 19 13 11 13 11 16 9 1 15 3 5 2 1 9 6 22 3 14 26 4 4 17 13 17 2 2 16 31 2.70999124060388841 3 23 8 9 29 11 18 15 1 15 16 5 6 32 9 2 1 10 5 22 3 14 20 5 11 18 2 12 24 8 22.9193696975708008 66.5324061962635795 
16 32 6 17 25 1 6 15 2.70999124060388841 3 30 7 4 28 7 4 13 10 15 25 9 1 16.1354543567662532 12 15 24 1 5 6 13 3 16 8 12 8.22565314501180467 11 17 31 5 8 30 3 14 28 9.82524131762891173 2 11 7 6 2 2 8 5 10 13 20 10 14 26 5 19.3191778063774109 177.977963694372335 
3 19 13 12 13 12 16 9 1 15 3 5 2 1 9 6 22 3 14 10 6 4 17 13 17 2 2 16 31 2.70999124060388841 3 23 8 9 29 11 18 15 1 15 16 5 6 7 4 2 1 10 5 22 3 3 33 13 11 18 2 12 24 8 26.8235136270523071 51.7785531670596697 
3 19 13 12 26 2 16 9 1 15 3 5 2 1 9 6 22 3 5 20 7 4 17 13 17 2 2 16 31 2.70999124060388841 3 23 8 9 29 11 18 15 1 15 16 5 6 7 4 2 1 10 5 22 3 3 33 13 11 18 2 12 24 8 24.4225696325302124 60.1793662185353 
3 19 13 11 13 11 16 9 1 15 3 5 2 1 9 6 22 3 14 32 7 4 17 13 17 2 2 16 31 2.70999124060388841 3 23 8 13 6 9 18 15 1 15 16 5 6 7 4 2 1 10 5 22 3 14 11 4 11 18 2 12 24 8 22.3368317484855652 82.5950676755161481 
3 19 13 11 13 11 16 9 1 15 3 5 2 1 9 6 22 3 15 26 3 4 17 13 17 2 2 16 31 2.70999124060388841 3 23 8 12 24 11 4 20 4 15 16 5 6 7 4 2 1 10 1 30 9 3 33 13 11 18 2 12 24 8 21.4426007270812988 99.0828072073170176 
16 33 2 11 12 4 6 3 12 13 6 6 14 28 8 16 24 5 6 18 2.70999124060388841 9.25570237641795579 26 3.84646942076222631 4 15 1 10 5 13 1 18 6 1 1 6 5 30 11 14 26 7 17 12 10 15 19 2 8 24 10 3 20 5 2 32 12 12 1 9 19.4701179563999176 162.862361322887637 
3 19 13 11 13 11 16 9 1 15 3 5 2 1 9 6 22 3 1 26 4 4 17 13 17 2 2 16 31 2.70999124060388841 3 23 8 9 29 11 18 15 1 15 16 5 6 7 4 2 1 10 1 22 7 3 33 13 11 18 2 12 24 8 24.0955456495285034 61.8914577943892468 
6 12 13 1 31 13 14 24 12 13 6 6 14 25 2.70999124060388841 14 26 12 9.25570237641795579 30 2 14 24 12 1 31 13 6 3 6 4.94126535182462057 14 9 6 30 12 2 22 7 2 21 5 2 26 8 9 6 9.82524131762891173 15 2 8 2 6 7 3 1 12 16 25 6 17.6109474897384644 242.783216008797382 
3 19 13 11 13 11 16 9 1 15 3 5 2 1 9 6 22 3 14 10 6 4 17 13 17 2 2 16 31 2.70999124060388841 3 23 8 9 29 11 18 15 1 15 16 5 6 7 4 2 1 10 1 32 9 3 33 13 11 18 2 12 24 8 26.2517325878143311 52.0041329462222564 
3 19 13 11 13 11 16 9 1 15 3 5 2 1 9 6 22 3 14 32 4 4 17 13 17 2 2 16 31 2.70999124060388841 3 23 8 9 29 11 18 15 1 15 16 5 6 7 4 2 1 10 5 22 3 3.36768017929769181 30 4 11 18 2 12 24 8 23.5533237159252167 63.7574740749409372 
4 2 6 6 3 10 3 6 11 2 1 7 15 30 2.70999124060388841 10 19 4 1 25 5 3 15 10 2 6 2 4 16 10 1 30 12 17 6 5 12 15 9 8 20 7 14 18 5 9.25570237641795579 1 8 8 19 4 6 22 7 8 25 11 13 30 7 17.8564178943634033 204.926822276822264 
3 19 13 11 13 11 16 9 1 15 3 5 2 1 9 6 22 3 13 31 2.70999124060388841 4 17 13 17 2 2 16 31 2.70999124060388841 3 23 8 6 15 2 14 6 2 15 16 5 6 7 4 2 1 10 1 26 7 3 33 13 11 18 2 12 24 8 21.1942554414272308 107.302510760025797 
3 19 13 12 20 12 16 9 1 15 3 5 2 1 9 6 22 3 14 6 9 4 17 13 17 2 2 16 31 2.70999124060388841 3 23 8 9 29 11 18 15 1 15 16 5 6 7 4 2 1 10 5 22 3 3 33 13 11 18 2 12 24 8 23.6031216382980347 63.2647106507439432 
3 19 13 11 13 11 16 9 1 15 3 5 2 1 9 6 22 3 14 32 9 4 17 13 17 2 2 16 31 2.70999124060388841 3 23 8 9 29 11 18 15 1 15 16 5 6 7 4 2 1 10 5 22 3 3 33 13 11 18 2 12 24 8 24.5178486704826355 57.9580362876267898 
3 19 13 11 13 11 16 9 1 15 3 5 2 1 9 6 22 3 14 32 4 4 17 13 17 2 2 16 31 2.70999124060388841 3 23 8 9 29 11 18 15 1 15 16 5 6 7 4 2 1 10 5 22 3 3 33 13 11 18 2 12 24 8 24.5458726584911346 56.4757780010168489 
3 19 13 11 13 11 16 9 1 15 3 5 2 1 9 6 22 3 14 24 4 4 17 13 17 2 2 16 31 2.70999124060388841 3 23 8 14 19 9 18 15 1 15 16 5 6 7 4 2 1 10 12 31 4 3 33 13 11 18 2 12 24 8 22.3454867303371429 81.8917638536677543 
3 19 13 11 13 11 16 9 1 15 3 5 2 1 9 6 22 3 14 10 6 4 17 13 17 2 2 16 31 2.70999124060388841 3 23 8 9 29 11 18 15 1 15 16 5 6 7 4 2 1 10 5 22 3 3 33 13 11 18 2 12 24 8 27.3501995801925659 51.0230711305156603 
3 19 13 11 13 11 16 9 1 15 3 5 2 1 9 6 22 3 14 32 7 4 17 13 17 2 2 16 31 2.70999124060388841 3 23 8 9 29 11 18 15 1 15 16 5 6 7 4 2 1 10 5 22 3 3 33 13 11 18 2 12 24 8 24.5658726692199707 53.5248100775718925 

Current Evaluation = 50000000(50000020)
Front Size = 38
3 19 13 11 13 11 16 9 1 15 3 5 2 32 5 6 22 3 1 6 2.70999124060388841 3 7 13 17 2 2 16 6 13 4 31 13 12 30 2 4 3 6 14 16 6.96245171630185755 6 7 4 2 1 10 5 25 9 14 1 4 11 18 2 9 28 11 21.1874107718467712 120.134147450696503 
3 19 13 11 13 11 16 9 1 15 3 5 2 32 5 6 22 3 15 28 3 14 25 4 17 2 2 16 6 13 4 31 13 12 30 2 18 15 1 14 16 6.96245171630185755 6 7 4 2 1 10 5 25 9 3 33 13 13 1 7 9 28 11 22.2014777660369873 89.033249152972914 
3 19 13 10 30 2 16 9 1 15 3 5 2 32 5 6 22 3 9 12 4 3 7 13 17 2 2 16 6 13 4 31 13 12 30 2 13 16 10 14 16 6.96245171630185755 6 7 4 2 1 10 5 25 9 3 33 13 13 6 9 9 28 11 20.9633197784423828 122.987300954406194 
3 19 13 11 13 11 16 9 1 15 3 5 2 32 5 6 22 3 1 1 5 4 17 13 17 2 2 16 31 2.70999124060388841 3 23 8 12 30 2 18 15 1 14 16 6.96245171630185755 6 7 4 2 1 10 5 25 9 4 24 6 11 18 2 9 28 11 22.8790118098258972 73.8557240380268922 
3 19 13 6 1 7 16 9 1 15 3 5 2 32 5 6 22 3 3 6 7 4 17 13 17 2 2 16 31 2.70999124060388841 3 23 8 12 30 2 18 15 1 14 16 6.96245171630185755 6 7 4 2 1 10 5 25 9 4 9 2 11 18 2 9 28 11 21.9358257055282593 92.9532395752224403 
3 19 13 4 30 2.70999124060388841 16 9 1 15 3 5 2 32 5 6 22 3 14 14 5 4 17 13 17 2 2 16 31 2.70999124060388841 3 23 8 12 30 2 18 15 1 14 16 6.96245171630185755 6 7 4 2 1 10 5 25 9 3 33 13 11 18 2 9 28 11 22.695854663848877 78.9044108249979246 
12 5.34074699537910114 6.96245171630185755 17 25 12 14 12 6 12 24 11 4 19 3.84646942076222631 2 18 10 14 22 6 15 13 9.82524131762891173 12 20 13.151007650947605 3 5 4 15 23 2 1 6 7 6 15 12 16 32 2 3 15 11 4 11 9 10 8 7.75241283629571765 14 12 3 15 1 13 6 30 4 18.3341696858406067 188.157801348977785 
3 19 13 11 13 11 16 9 1 15 3 5 2 32 5 6 22 3 1 26 9 4 17 13 17 2 2 16 31 2.70999124060388841 3 23 8 12 30 2 18 15 1 14 16 6.96245171630185755 6 7 4 2 1 10 5 25 9 3 33 13 3 31 8 6 6 9 21.9533087015151978 91.5017843999345075 
8 9 5 13 32 13 6 15 13 3.36768017929769181 20 11 15 1 5 18 1 10 16 25 2 2 1 9 16 2 7 15 14 10 1 33 11 9.25570237641795579 24 11 15 3 7 14 2 5 12 18 7 4.94126535182462057 30 2 3 13 13 13 6 12 4 12 8 15 3 12 19.2681928277015686 180.488352333940583 
3 19 13 12 24 2 16 9 1 15 3 5 2 32 5 6 22 3 14 14 10 4 17 13 12 12 2 16 31 2.70999124060388841 3 23 8 9 29 11 18 15 1 14 16 6.96245171630185755 6 7 4 2 1 10 5 25 9 15 1 5 11 18 2 12 30 13 22.1395505666732788 89.1814734594799319 
1 9 9 2 12 13 13 6 9 3 6 8 12 18 2.70999124060388841 14 6 12 14 24 8 14 24 11 3 14 8 10 1 9 15 20 8 12 20 6 15 26 9 12 31 7 12 6 9 1 16.1354543567662532 13 2 26 1 1 8.22565314501180467 1 9 15 9 6 32 9.82524131762891173 16.9891396164894104 250.82621504494108 
3 19 13 11 13 11 16 9 1 15 3 5 2 32 5 6 22 3 14 1 5 4 17 13 17 2 2 16 31 2.70999124060388841 3 23 8 9 29 11 18 15 1 15 16 5 6 7 4 2 1 10 5 25 9 3 33 13 11 18 2 12 24 8 24.2124676108360291 60.6606172769500063 
14 6 1 4 16 2 3 14 10 10 30 11 8 30 4 16 12 2 17 17 13 2 6 3 8 1 10 14 2 5 13 25 11 6 15 2 10 31 4 16 14 7 3 18 9 4 6 13 12 19 12 3.36768017929769181 12 4 13 15 3 17 5 7 18.2601549029350281 193.037288150446045 
3 19 13 11 13 11 16 9 1 15 3 5 2 1 9 6 22 3 14 26 4 4 17 13 17 2 2 16 31 2.70999124060388841 3 23 8 9 29 11 18 15 1 15 16 5 6 32 9 2 1 10 5 22 3 14 20 5 11 18 2 12 24 8 22.9193696975708008 66.5324061962635795 
16 32 6 17 25 1 6 15 2.70999124060388841 3 30 7 4 28 7 4 13 10 15 25 9 1 16.1354543567662532 12 15 24 1 5 6 13 3 16 8 12 8.22565314501180467 11 17 31 5 8 30 3 14 28 9.82524131762891173 2 11 7 6 2 2 8 5 10 13 20 10 14 26 5 19.3191778063774109 177.977963694372335 
3 19 13 12 13 12 16 9 1 15 3 5 2 1 9 6 22 3 14 10 6 4 17 13 17 2 2 16 31 2.70999124060388841 3 23 8 9 29 11 18 15 1 15 16 5 6 7 4 2 1 10 5 22 3 3 33 13 11 18 2 12 24 8 26.8235136270523071 51.7785531670596697 
3 19 13 12 26 2 16 9 1 15 3 5 2 1 9 6 22 3 5 20 7 4 17 13 17 2 2 16 31 2.70999124060388841 3 23 8 9 29 11 18 15 1 15 16 5 6 7 4 2 1 10 5 22 3 3 33 13 11 18 2 12 24 8 24.4225696325302124 60.1793662185353 
3 19 13 11 13 11 16 9 1 15 3 5 2 1 9 6 22 3 14 32 7 4 17 13 17 2 2 16 31 2.70999124060388841 3 23 8 13 6 9 18 15 1 15 16 5 6 7 4 2 1 10 5 22 3 14 11 4 11 18 2 12 24 8 22.3368317484855652 82.5950676755161481 
3 19 13 11 13 11 16 9 1 15 3 5 2 1 9 6 22 3 15 26 3 4 17 13 17 2 2 16 31 2.70999124060388841 3 23 8 12 24 11 4 20 4 15 16 5 6 7 4 2 1 10 1 30 9 3 33 13 11 18 2 12 24 8 21.4426007270812988 99.0828072073170176 
16 33 2 11 12 4 6 3 12 13 6 6 14 28 8 16 24 5 6 18 2.70999124060388841 9.25570237641795579 26 3.84646942076222631 4 15 1 10 5 13 1 18 6 1 1 6 5 30 11 14 26 7 17 12 10 15 19 2 8 24 10 3 20 5 2 32 12 12 1 9 19.4701179563999176 162.862361322887637 
3 19 13 11 13 11 16 9 1 15 3 5 2 1 9 6 22 3 1 26 4 4 17 13 17 2 2 16 31 2.70999124060388841 3 23 8 9 29 11 18 15 1 15 16 5 6 7 4 2 1 10 1 22 7 3 33 13 11 18 2 12 24 8 24.0955456495285034 61.8914577943892468 
6 12 13 1 31 13 14 24 12 13 6 6 14 25 2.70999124060388841 14 26 12 9.25570237641795579 30 2 14 24 12 1 31 13 6 3 6 4.94126535182462057 14 9 6 30 12 2 22 7 2 21 5 2 26 8 9 6 9.82524131762891173 15 2 8 2 6 7 3 1 12 16 25 6 17.6109474897384644 242.783216008797382 
3 19 13 11 13 11 16 9 1 15 3 5 2 1 9 6 22 3 14 10 6 4 17 13 17 2 2 16 31 2.70999124060388841 3 23 8 9 29 11 18 15 1 15 16 5 6 7 4 2 1 10 1 32 9 3 33 13 11 18 2 12 24 8 26.2517325878143311 52.0041329462222564 
3 19 13 11 13 11 16 9 1 15 3 5 2 1 9 6 22 3 14 32 4 4 17 13 17 2 2 16 31 2.70999124060388841 3 23 8 9 29 11 18 15 1 15 16 5 6 7 4 2 1 10 5 22 3 3.36768017929769181 30 4 11 18 2 12 24 8 23.5533237159252167 63.7574740749409372 
4 2 6 6 3 10 3 6 11 2 1 7 15 30 2.70999124060388841 10 19 4 1 25 5 3 15 10 2 6 2 4 16 10 1 30 12 17 6 5 12 15 9 8 20 7 14 18 5 9.25570237641795579 1 8 8 19 4 6 22 7 8 25 11 13 30 7 17.8564178943634033 204.926822276822264 
3 19 13 11 13 11 16 9 1 15 3 5 2 1 9 6 22 3 13 31 2.70999124060388841 4 17 13 17 2 2 16 31 2.70999124060388841 3 23 8 6 15 2 14 6 2 15 16 5 6 7 4 2 1 10 1 26 7 3 33 13 11 18 2 12 24 8 21.1942554414272308 107.302510760025797 
3 19 13 12 20 12 16 9 1 15 3 5 2 1 9 6 22 3 14 6 9 4 17 13 17 2 2 16 31 2.70999124060388841 3 23 8 9 29 11 18 15 1 15 16 5 6 7 4 2 1 10 5 22 3 3 33 13 11 18 2 12 24 8 23.6031216382980347 63.2647106507439432 
3 19 13 11 13 11 16 9 1 15 3 5 2 1 9 6 22 3 14 32 9 4 17 13 17 2 2 16 31 2.70999124060388841 3 23 8 9 29 11 18 15 1 15 16 5 6 7 4 2 1 10 5 22 3 3 33 13 11 18 2 12 24 8 24.5178486704826355 57.9580362876267898 
3 19 13 11 13 11 16 9 1 15 3 5 2 1 9 6 22 3 14 24 4 4 17 13 17 2 2 16 31 2.70999124060388841 3 23 8 14 19 9 18 15 1 15 16 5 6 7 4 2 1 10 12 31 4 3 33 13 11 18 2 12 24 8 22.3454867303371429 81.8917638536677543 
3 19 13 11 13 11 16 9 1 15 3 5 2 1 9 6 22 3 14 10 6 4 17 13 17 2 2 16 31 2.70999124060388841 3 23 8 9 29 11 18 15 1 15 16 5 6 7 4 2 1 10 5 22 3 3 33 13 11 18 2 12 24 8 27.3501995801925659 51.0230711305156603 
3 19 13 11 13 11 16 9 1 15 3 5 2 1 9 6 22 3 14 32 7 4 17 13 17 2 2 16 31 2.70999124060388841 3 23 8 9 29 11 18 15 1 15 16 5 6 7 4 2 1 10 5 22 3 3 33 13 11 18 2 12 24 8 24.5658726692199707 53.5248100775718925 
6 32 11 13 25 9 3.36768017929769181 11 12 8 15 6.96245171630185755 6 8 3.84646942076222631 1 2 13 13 9 2 15 8 4 4 30 11 17 14 4 13.2195649013323386 24 4 16 30 8 1 13 5 14 19 13.151007650947605 16 18 5 14 24 9 17 12 13 4 20 3 13 12 7 12 24 8 17.2326439619064331 249.579580227227297 
3 19 13 12 31 2.70999124060388841 16 9 1 15 3 5 2 1 9 6 22 3 14 32 7 4 17 13 17 2 2 16 31 2.70999124060388841 3 23 8 9 29 11 18 15 1 15 16 5 6 7 4 2 1 10 5 22 3 3 33 13 11 18 2 12 24 8 23.6781266927719116 62.0837656025724556 
3 19 13 11 13 11 16 9 1 15 3 5 2 1 9 6 22 3 14 32 4 4 17 13 17 2 2 16 31 2.70999124060388841 3 23 8 9 29 11 18 15 1 15 16 5 6 7 4 2 1 10 5 22 3 3 33 13 11 18 2 12 24 8 24.5458726584911346 54.7888573830092369 
3 19 13 4 13 11 16 9 1 15 3 5 2 1 9 6 22 3 1 15 7 4 17 13 17 2 2 16 31 2.70999124060388841 3 23 8 9 29 11 18 15 1 15 16 5 6 7 4 2 1 10 5 22 3 3 33 13 11 18 2 12 24 8 24.2253736257553101 60.1972829650155816 
12 13 4 15 6 6 11 18 4 14 22 2.70999124060388841 3 12 1 12 2 8 6 26 6.96245171630185755 14 17 10 17 31 5 4.94126535182462057 15 13 12 6 2 16 5 9 13 20 13 14 12 3 13.2195649013323386 6 12 6 32 12 13 9 2 1 7 11 17 18 10 1 32 11 17.8239456415176392 205.314901558709579 
17 9 1 8 31 10 6 6 13 14 28 5 16 5 3 3.36768017929769181 9 12 9 1 10 3 30 10 1 24 4 1 19 8 14 16.1354543567662532 9 4.94126535182462057 7 9 13.2195649013323386 17 11 12 30 12 3 20 5 17 28 10 6 16 6 2 22 2 9 1 4 4 26 11 19.3108457922935486 179.502885962595599 
3 19 13 11 13 11 16 9 1 15 3 5 2 1 9 6 22 3 1 20 12 4 17 13 17 2 2 16 31 2.70999124060388841 3 23 8 14 32 11 18 15 1 15 16 5 6 7 4 2 1 10 9 32 4 3 33 13 11 18 2 12 24 8 22.6473976969718933 81.5041590362892663 

Current Evaluation = 60000000(60000100)
Front Size = 39
3 19 13 11 13 11 16 9 1 15 3 5 2 32 5 6 22 3 1 6 2.70999124060388841 3 7 13 17 2 2 16 6 13 4 31 13 12 30 2 4 3 6 14 16 6.96245171630185755 6 7 4 2 1 10 5 25 9 14 1 4 11 18 2 9 28 11 21.1874107718467712 120.134147450696503 
3 19 13 11 13 11 16 9 1 15 3 5 2 32 5 6 22 3 15 28 3 14 25 4 17 2 2 16 6 13 4 31 13 12 30 2 18 15 1 14 16 6.96245171630185755 6 7 4 2 1 10 5 25 9 3 33 13 13 1 7 9 28 11 22.2014777660369873 89.033249152972914 
3 19 13 10 30 2 16 9 1 15 3 5 2 32 5 6 22 3 9 12 4 3 7 13 17 2 2 16 6 13 4 31 13 12 30 2 13 16 10 14 16 6.96245171630185755 6 7 4 2 1 10 5 25 9 3 33 13 13 6 9 9 28 11 20.9633197784423828 122.987300954406194 
3 19 13 11 13 11 16 9 1 15 3 5 2 32 5 6 22 3 1 1 5 4 17 13 17 2 2 16 31 2.70999124060388841 3 23 8 12 30 2 18 15 1 14 16 6.96245171630185755 6 7 4 2 1 10 5 25 9 4 24 6 11 18 2 9 28 11 22.8790118098258972 73.8557240380268922 
3 19 13 6 1 7 16 9 1 15 3 5 2 32 5 6 22 3 3 6 7 4 17 13 17 2 2 16 31 2.70999124060388841 3 23 8 12 30 2 18 15 1 14 16 6.96245171630185755 6 7 4 2 1 10 5 25 9 4 9 2 11 18 2 9 28 11 21.9358257055282593 92.9532395752224403 
3 19 13 4 30 2.70999124060388841 16 9 1 15 3 5 2 32 5 6 22 3 14 14 5 4 17 13 17 2 2 16 31 2.70999124060388841 3 23 8 12 30 2 18 15 1 14 16 6.96245171630185755 6 7 4 2 1 10 5 25 9 3 33 13 11 18 2 9 28 11 22.695854663848877 78.9044108249979246 
12 5.34074699537910114 6.96245171630185755 17 25 12 14 12 6 12 24 11 4 19 3.84646942076222631 2 18 10 14 22 6 15 13 9.82524131762891173 12 20 13.151007650947605 3 5 4 15 23 2 1 6 7 6 15 12 16 32 2 3 15 11 4 11 9 10 8 7.75241283629571765 14 12 3 15 1 13 6 30 4 18.3341696858406067 188.157801348977785 
3 19 13 11 13 11 16 9 1 15 3 5 2 32 5 6 22 3 1 26 9 4 17 13 17 2 2 16 31 2.70999124060388841 3 23 8 12 30 2 18 15 1 14 16 6.96245171630185755 6 7 4 2 1 10 5 25 9 3 33 13 3 31 8 6 6 9 21.9533087015151978 91.5017843999345075 
8 9 5 13 32 13 6 15 13 3.36768017929769181 20 11 15 1 5 18 1 10 16 25 2 2 1 9 16 2 7 15 14 10 1 33 11 9.25570237641795579 24 11 15 3 7 14 2 5 12 18 7 4.94126535182462057 30 2 3 13 13 13 6 12 4 12 8 15 3 12 19.2681928277015686 180.488352333940583 
3 19 13 12 24 2 16 9 1 15 3 5 2 32 5 6 22 3 14 14 10 4 17 13 12 12 2 16 31 2.70999124060388841 3 23 8 9 29 11 18 15 1 14 16 6.96245171630185755 6 7 4 2 1 10 5 25 9 15 1 5 11 18 2 12 30 13 22.1395505666732788 89.1814734594799319 
1 9 9 2 12 13 13 6 9 3 6 8 12 18 2.70999124060388841 14 6 12 14 24 8 14 24 11 3 14 8 10 1 9 15 20 8 12 20 6 15 26 9 12 31 7 12 6 9 1 16.1354543567662532 13 2 26 1 1 8.22565314501180467 1 9 15 9 6 32 9.82524131762891173 16.9891396164894104 250.82621504494108 
3 19 13 11 13 11 16 9 1 15 3 5 2 32 5 6 22 3 14 1 5 4 17 13 17 2 2 16 31 2.70999124060388841 3 23 8 9 29 11 18 15 1 15 16 5 6 7 4 2 1 10 5 25 9 3 33 13 11 18 2 12 24 8 24.2124676108360291 60.6606172769500063 
14 6 1 4 16 2 3 14 10 10 30 11 8 30 4 16 12 2 17 17 13 2 6 3 8 1 10 14 2 5 13 25 11 6 15 2 10 31 4 16 14 7 3 18 9 4 6 13 12 19 12 3.36768017929769181 12 4 13 15 3 17 5 7 18.2601549029350281 193.037288150446045 
3 19 13 11 13 11 16 9 1 15 3 5 2 1 9 6 22 3 14 26 4 4 17 13 17 2 2 16 31 2.70999124060388841 3 23 8 9 29 11 18 15 1 15 16 5 6 32 9 2 1 10 5 22 3 14 20 5 11 18 2 12 24 8 22.9193696975708008 66.5324061962635795 
16 32 6 17 25 1 6 15 2.70999124060388841 3 30 7 4 28 7 4 13 10 15 25 9 1 16.1354543567662532 12 15 24 1 5 6 13 3 16 8 12 8.22565314501180467 11 17 31 5 8 30 3 14 28 9.82524131762891173 2 11 7 6 2 2 8 5 10 13 20 10 14 26 5 19.3191778063774109 177.977963694372335 
3 19 13 12 13 12 16 9 1 15 3 5 2 1 9 6 22 3 14 10 6 4 17 13 17 2 2 16 31 2.70999124060388841 3 23 8 9 29 11 18 15 1 15 16 5 6 7 4 2 1 10 5 22 3 3 33 13 11 18 2 12 24 8 26.8235136270523071 51.7785531670596697 
3 19 13 12 26 2 16 9 1 15 3 5 2 1 9 6 22 3 5 20 7 4 17 13 17 2 2 16 31 2.70999124060388841 3 23 8 9 29 11 18 15 1 15 16 5 6 7 4 2 1 10 5 22 3 3 33 13 11 18 2 12 24 8 24.4225696325302124 60.1793662185353 
3 19 13 11 13 11 16 9 1 15 3 5 2 1 9 6 22 3 14 32 7 4 17 13 17 2 2 16 31 2.70999124060388841 3 23 8 13 6 9 18 15 1 15 16 5 6 7 4 2 1 10 5 22 3 14 11 4 11 18 2 12 24 8 22.3368317484855652 82.5950676755161481 
3 19 13 11 13 11 16 9 1 15 3 5 2 1 9 6 22 3 15 26 3 4 17 13 17 2 2 16 31 2.70999124060388841 3 23 8 12 24 11 4 20 4 15 16 5 6 7 4 2 1 10 1 30 9 3 33 13 11 18 2 12 24 8 21.4426007270812988 99.0828072073170176 
16 33 2 11 12 4 6 3 12 13 6 6 14 28 8 16 24 5 6 18 2.70999124060388841 9.25570237641795579 26 3.84646942076222631 4 15 1 10 5 13 1 18 6 1 1 6 5 30 11 14 26 7 17 12 10 15 19 2 8 24 10 3 20 5 2 32 12 12 1 9 19.4701179563999176 162.862361322887637 
3 19 13 11 13 11 16 9 1 15 3 5 2 1 9 6 22 3 1 26 4 4 17 13 17 2 2 16 31 2.70999124060388841 3 23 8 9 29 11 18 15 1 15 16 5 6 7 4 2 1 10 1 22 7 3 33 13 11 18 2 12 24 8 24.0955456495285034 61.8914577943892468 
6 12 13 1 31 13 14 24 12 13 6 6 14 25 2.70999124060388841 14 26 12 9.25570237641795579 30 2 14 24 12 1 31 13 6 3 6 4.94126535182462057 14 9 6 30 12 2 22 7 2 21 5 2 26 8 9 6 9.82524131762891173 15 2 8 2 6 7 3 1 12 16 25 6 17.6109474897384644 242.783216008797382 
3 19 13 11 13 11 16 9 1 15 3 5 2 1 9 6 22 3 14 10 6 4 17 13 17 2 2 16 31 2.70999124060388841 3 23 8 9 29 11 18 15 1 15 16 5 6 7 4 2 1 10 1 32 9 3 33 13 11 18 2 12 24 8 26.2517325878143311 52.0041329462222564 
3 19 13 11 13 11 16 9 1 15 3 5 2 1 9 6 22 3 14 32 4 4 17 13 17 2 2 16 31 2.70999124060388841 3 23 8 9 29 11 18 15 1 15 16 5 6 7 4 2 1 10 5 22 3 3.36768017929769181 30 4 11 18 2 12 24 8 23.5533237159252167 63.7574740749409372 
4 2 6 6 3 10 3 6 11 2 1 7 15 30 2.70999124060388841 10 19 4 1 25 5 3 15 10 2 6 2 4 16 10 1 30 12 17 6 5 12 15 9 8 20 7 14 18 5 9.25570237641795579 1 8 8 19 4 6 22 7 8 25 11 13 30 7 17.8564178943634033 204.926822276822264 
3 19 13 11 13 11 16 9 1 15 3 5 2 1 9 6 22 3 13 31 2.70999124060388841 4 17 13 17 2 2 16 31 2.70999124060388841 3 23 8 6 15 2 14 6 2 15 16 5 6 7 4 2 1 10 1 26 7 3 33 13 11 18 2 12 24 8 21.1942554414272308 107.302510760025797 
3 19 13 12 20 12 16 9 1 15 3 5 2 1 9 6 22 3 14 6 9 4 17 13 17 2 2 16 31 2.70999124060388841 3 23 8 9 29 11 18 15 1 15 16 5 6 7 4 2 1 10 5 22 3 3 33 13 11 18 2 12 24 8 23.6031216382980347 63.2647106507439432 
3 19 13 11 13 11 16 9 1 15 3 5 2 1 9 6 22 3 14 24 4 4 17 13 17 2 2 16 31 2.70999124060388841 3 23 8 14 19 9 18 15 1 15 16 5 6 7 4 2 1 10 12 31 4 3 33 13 11 18 2 12 24 8 22.3454867303371429 81.8917638536677543 
3 19 13 11 13 11 16 9 1 15 3 5 2 1 9 6 22 3 14 10 6 4 17 13 17 2 2 16 31 2.70999124060388841 3 23 8 9 29 11 18 15 1 15 16 5 6 7 4 2 1 10 5 22 3 3 33 13 11 18 2 12 24 8 27.3501995801925659 51.0230711305156603 
3 19 13 11 13 11 16 9 1 15 3 5 2 1 9 6 22 3 14 32 7 4 17 13 17 2 2 16 31 2.70999124060388841 3 23 8 9 29 11 18 15 1 15 16 5 6 7 4 2 1 10 5 22 3 3 33 13 11 18 2 12 24 8 24.5658726692199707 53.5248100775718925 
6 32 11 13 25 9 3.36768017929769181 11 12 8 15 6.96245171630185755 6 8 3.84646942076222631 1 2 13 13 9 2 15 8 4 4 30 11 17 14 4 13.2195649013323386 24 4 16 30 8 1 13 5 14 19 13.151007650947605 16 18 5 14 24 9 17 12 13 4 20 3 13 12 7 12 24 8 17.2326439619064331 249.579580227227297 
3 19 13 12 31 2.70999124060388841 16 9 1 15 3 5 2 1 9 6 22 3 14 32 7 4 17 13 17 2 2 16 31 2.70999124060388841 3 23 8 9 29 11 18 15 1 15 16 5 6 7 4 2 1 10 5 22 3 3 33 13 11 18 2 12 24 8 23.6781266927719116 62.0837656025724556 
3 19 13 11 13 11 16 9 1 15 3 5 2 1 9 6 22 3 14 32 4 4 17 13 17 2 2 16 31 2.70999124060388841 3 23 8 9 29 11 18 15 1 15 16 5 6 7 4 2 1 10 5 22 3 3 33 13 11 18 2 12 24 8 24.5458726584911346 54.7888573830092369 
3 19 13 4 13 11 16 9 1 15 3 5 2 1 9 6 22 3 1 15 7 4 17 13 17 2 2 16 31 2.70999124060388841 3 23 8 9 29 11 18 15 1 15 16 5 6 7 4 2 1 10 5 22 3 3 33 13 11 18 2 12 24 8 24.2253736257553101 60.1972829650155816 
12 13 4 15 6 6 11 18 4 14 22 2.70999124060388841 3 12 1 12 2 8 6 26 6.96245171630185755 14 17 10 17 31 5 4.94126535182462057 15 13 12 6 2 16 5 9 13 20 13 14 12 3 13.2195649013323386 6 12 6 32 12 13 9 2 1 7 11 17 18 10 1 32 11 17.8239456415176392 205.314901558709579 
17 9 1 8 31 10 6 6 13 14 28 5 16 5 3 3.36768017929769181 9 12 9 1 10 3 30 10 1 24 4 1 19 8 14 16.1354543567662532 9 4.94126535182462057 7 9 13.2195649013323386 17 11 12 30 12 3 20 5 17 28 10 6 16 6 2 22 2 9 1 4 4 26 11 19.3108457922935486 179.502885962595599 
3 19 13 11 13 11 16 9 1 15 3 5 2 1 9 6 22 3 1 20 12 4 17 13 17 2 2 16 31 2.70999124060388841 3 23 8 14 32 11 18 15 1 15 16 5 6 7 4 2 1 10 9 32 4 3 33 13 11 18 2 12 24 8 22.6473976969718933 81.5041590362892663 
3 19 13 11 13 11 16 9 1 15 3 5 2 1 9 6 22 3 14 32 9 4 17 13 17 2 2 16 31 2.70999124060388841 3 23 8 9 29 11 18 15 1 15 16 5 6 7 4 2 1 10 5 22 3 3 33 13 11 18 2 12 24 8 24.5178486704826355 57.8479457206502374 
3 12 4 12 30 2 16 16 5 12 22 10 4 23 7 14 1 13 12 25 3 6 26 8 2 32 11 5 24 2.70999124060388841 17 6 6.96245171630185755 14 15 4 4 24 6 11 25 4 12 28 2 15 15 1 4.94126535182462057 24 12 2 26 2 13.2195649013323386 31 9 2 16 13 19.0770318508148193 181.472403903286249 

Current Evaluation = 70000000(70000180)
Front Size = 39
3 19 13 11 13 11 16 9 1 15 3 5 2 32 5 6 22 3 1 6 2.70999124060388841 3 7 13 17 2 2 16 6 13 4 31 13 12 30 2 4 3 6 14 16 6.96245171630185755 6 7 4 2 1 10 5 25 9 14 1 4 11 18 2 9 28 11 21.1874107718467712 120.134147450696503 
3 19 13 11 13 11 16 9 1 15 3 5 2 32 5 6 22 3 15 28 3 14 25 4 17 2 2 16 6 13 4 31 13 12 30 2 18 15 1 14 16 6.96245171630185755 6 7 4 2 1 10 5 25 9 3 33 13 13 1 7 9 28 11 22.2014777660369873 89.033249152972914 
3 19 13 10 30 2 16 9 1 15 3 5 2 32 5 6 22 3 9 12 4 3 7 13 17 2 2 16 6 13 4 31 13 12 30 2 13 16 10 14 16 6.96245171630185755 6 7 4 2 1 10 5 25 9 3 33 13 13 6 9 9 28 11 20.9633197784423828 122.987300954406194 
3 19 13 11 13 11 16 9 1 15 3 5 2 32 5 6 22 3 1 1 5 4 17 13 17 2 2 16 31 2.70999124060388841 3 23 8 12 30 2 18 15 1 14 16 6.96245171630185755 6 7 4 2 1 10 5 25 9 4 24 6 11 18 2 9 28 11 22.8790118098258972 73.8557240380268922 
3 19 13 6 1 7 16 9 1 15 3 5 2 32 5 6 22 3 3 6 7 4 17 13 17 2 2 16 31 2.70999124060388841 3 23 8 12 30 2 18 15 1 14 16 6.96245171630185755 6 7 4 2 1 10 5 25 9 4 9 2 11 18 2 9 28 11 21.9358257055282593 92.9532395752224403 
3 19 13 4 30 2.70999124060388841 16 9 1 15 3 5 2 32 5 6 22 3 14 14 5 4 17 13 17 2 2 16 31 2.70999124060388841 3 23 8 12 30 2 18 15 1 14 16 6.96245171630185755 6 7 4 2 1 10 5 25 9 3 33 13 11 18 2 9 28 11 22.695854663848877 78.9044108249979246 
12 5.34074699537910114 6.96245171630185755 17 25 12 14 12 6 12 24 11 4 19 3.84646942076222631 2 18 10 14 22 6 15 13 9.82524131762891173 12 20 13.151007650947605 3 5 4 15 23 2 1 6 7 6 15 12 16 32 2 3 15 11 4 11 9 10 8 7.75241283629571765 14 12 3 15 1 13 6 30 4 18.3341696858406067 188.157801348977785 
3 19 13 11 13 11 16 9 1 15 3 5 2 32 5 6 22 3 1 26 9 4 17 13 17 2 2 16 31 2.70999124060388841 3 23 8 12 30 2 18 15 1 14 16 6.96245171630185755 6 7 4 2 1 10 5 25 9 3 33 13 3 31 8 6 6 9 21.9533087015151978 91.5017843999345075 
8 9 5 13 32 13 6 15 13 3.36768017929769181 20 11 15 1 5 18 1 10 16 25 2 2 1 9 16 2 7 15 14 10 1 33 11 9.25570237641795579 24 11 15 3 7 14 2 5 12 18 7 4.94126535182462057 30 2 3 13 13 13 6 12 4 12 8 15 3 12 19.2681928277015686 180.488352333940583 
3 19 13 12 24 2 16 9 1 15 3 5 2 32 5 6 22 3 14 14 10 4 17 13 12 12 2 16 31 2.70999124060388841 3 23 8 9 29 11 18 15 1 14 16 6.96245171630185755 6 7 4 2 1 10 5 25 9 15 1 5 11 18 2 12 30 13 22.1395505666732788 89.1814734594799319 
1 9 9 2 12 13 13 6 9 3 6 8 12 18 2.70999124060388841 14 6 12 14 24 8 14 24 11 3 14 8 10 1 9 15 20 8 12 20 6 15 26 9 12 31 7 12 6 9 1 16.1354543567662532 13 2 26 1 1 8.22565314501180467 1 9 15 9 6 32 9.82524131762891173 16.9891396164894104 250.82621504494108 
3 19 13 11 13 11 16 9 1 15 3 5 2 32 5 6 22 3 14 1 5 4 17 13 17 2 2 16 31 2.70999124060388841 3 23 8 9 29 11 18 15 1 15 16 5 6 7 4 2 1 10 5 25 9 3 33 13 11 18 2 12 24 8 24.2124676108360291 60.6606172769500063 
14 6 1 4 16 2 3 14 10 10 30 11 8 30 4 16 12 2 17 17 13 2 6 3 8 1 10 14 2 5 13 25 11 6 15 2 10 31 4 16 14 7 3 18 9 4 6 13 12 19 12 3.36768017929769181 12 4 13 15 3 17 5 7 18.2601549029350281 193.037288150446045 
3 19 13 11 13 11 16 9 1 15 3 5 2 1 9 6 22 3 14 26 4 4 17 13 17 2 2 16 31 2.70999124060388841 3 23 8 9 29 11 18 15 1 15 16 5 6 32 9 2 1 10 5 22 3 14 20 5 11 18 2 12 24 8 22.9193696975708008 66.5324061962635795 
16 32 6 17 25 1 6 15 2.70999124060388841 3 30 7 4 28 7 4 13 10 15 25 9 1 16.1354543567662532 12 15 24 1 5 6 13 3 16 8 12 8.22565314501180467 11 17 31 5 8 30 3 14 28 9.82524131762891173 2 11 7 6 2 2 8 5 10 13 20 10 14 26 5 19.3191778063774109 177.977963694372335 
3 19 13 12 13 12 16 9 1 15 3 5 2 1 9 6 22 3 14 10 6 4 17 13 17 2 2 16 31 2.70999124060388841 3 23 8 9 29 11 18 15 1 15 16 5 6 7 4 2 1 10 5 22 3 3 33 13 11 18 2 12 24 8 26.8235136270523071 51.7785531670596697 
3 19 13 11 13 11 16 9 1 15 3 5 2 1 9 6 22 3 14 32 7 4 17 13 17 2 2 16 31 2.70999124060388841 3 23 8 13 6 9 18 15 1 15 16 5 6 7 4 2 1 10 5 22 3 14 11 4 11 18 2 12 24 8 22.3368317484855652 82.5950676755161481 
3 19 13 11 13 11 16 9 1 15 3 5 2 1 9 6 22 3 15 26 3 4 17 13 17 2 2 16 31 2.70999124060388841 3 23 8 12 24 11 4 20 4 15 16 5 6 7 4 2 1 10 1 30 9 3 33 13 11 18 2 12 24 8 21.4426007270812988 99.0828072073170176 
16 33 2 11 12 4 6 3 12 13 6 6 14 28 8 16 24 5 6 18 2.70999124060388841 9.25570237641795579 26 3.84646942076222631 4 15 1 10 5 13 1 18 6 1 1 6 5 30 11 14 26 7 17 12 10 15 19 2 8 24 10 3 20 5 2 32 12 12 1 9 19.4701179563999176 162.862361322887637 
3 19 13 11 13 11 16 9 1 15 3 5 2 1 9 6 22 3 14 10 6 4 17 13 17 2 2 16 31 2.70999124060388841 3 23 8 9 29 11 18 15 1 15 16 5 6 7 4 2 1 10 1 32 9 3 33 13 11 18 2 12 24 8 26.2517325878143311 52.0041329462222564 
3 19 13 11 13 11 16 9 1 15 3 5 2 1 9 6 22 3 14 32 4 4 17 13 17 2 2 16 31 2.70999124060388841 3 23 8 9 29 11 18 15 1 15 16 5 6 7 4 2 1 10 5 22 3 3.36768017929769181 30 4 11 18 2 12 24 8 23.5533237159252167 63.7574740749409372 
4 2 6 6 3 10 3 6 11 2 1 7 15 30 2.70999124060388841 10 19 4 1 25 5 3 15 10 2 6 2 4 16 10 1 30 12 17 6 5 12 15 9 8 20 7 14 18 5 9.25570237641795579 1 8 8 19 4 6 22 7 8 25 11 13 30 7 17.8564178943634033 204.926822276822264 
3 19 13 11 13 11 16 9 1 15 3 5 2 1 9 6 22 3 13 31 2.70999124060388841 4 17 13 17 2 2 16 31 2.70999124060388841 3 23 8 6 15 2 14 6 2 15 16 5 6 7 4 2 1 10 1 26 7 3 33 13 11 18 2 12 24 8 21.1942554414272308 107.302510760025797 
3 19 13 12 20 12 16 9 1 15 3 5 2 1 9 6 22 3 14 6 9 4 17 13 17 2 2 16 31 2.70999124060388841 3 23 8 9 29 11 18 15 1 15 16 5 6 7 4 2 1 10 5 22 3 3 33 13 11 18 2 12 24 8 23.6031216382980347 63.2647106507439432 
3 19 13 11 13 11 16 9 1 15 3 5 2 1 9 6 22 3 14 24 4 4 17 13 17 2 2 16 31 2.70999124060388841 3 23 8 14 19 9 18 15 1 15 16 5 6 7 4 2 1 10 12 31 4 3 33 13 11 18 2 12 24 8 22.3454867303371429 81.8917638536677543 
3 19 13 11 13 11 16 9 1 15 3 5 2 1 9 6 22 3 14 10 6 4 17 13 17 2 2 16 31 2.70999124060388841 3 23 8 9 29 11 18 15 1 15 16 5 6 7 4 2 1 10 5 22 3 3 33 13 11 18 2 12 24 8 27.3501995801925659 51.0230711305156603 
3 19 13 12 31 2.70999124060388841 16 9 1 15 3 5 2 1 9 6 22 3 14 32 7 4 17 13 17 2 2 16 31 2.70999124060388841 3 23 8 9 29 11 18 15 1 15 16 5 6 7 4 2 1 10 5 22 3 3 33 13 11 18 2 12 24 8 23.6781266927719116 62.0837656025724556 
3 19 13 11 13 11 16 9 1 15 3 5 2 1 9 6 22 3 14 32 4 4 17 13 17 2 2 16 31 2.70999124060388841 3 23 8 9 29 11 18 15 1 15 16 5 6 7 4 2 1 10 5 22 3 3 33 13 11 18 2 12 24 8 24.5458726584911346 54.7888573830092369 
3 19 13 4 13 11 16 9 1 15 3 5 2 1 9 6 22 3 1 15 7 4 17 13 17 2 2 16 31 2.70999124060388841 3 23 8 9 29 11 18 15 1 15 16 5 6 7 4 2 1 10 5 22 3 3 33 13 11 18 2 12 24 8 24.2253736257553101 60.1972829650155816 
12 13 4 15 6 6 11 18 4 14 22 2.70999124060388841 3 12 1 12 2 8 6 26 6.96245171630185755 14 17 10 17 31 5 4.94126535182462057 15 13 12 6 2 16 5 9 13 20 13 14 12 3 13.2195649013323386 6 12 6 32 12 13 9 2 1 7 11 17 18 10 1 32 11 17.8239456415176392 205.314901558709579 
17 9 1 8 31 10 6 6 13 14 28 5 16 5 3 3.36768017929769181 9 12 9 1 10 3 30 10 1 24 4 1 19 8 14 16.1354543567662532 9 4.94126535182462057 7 9 13.2195649013323386 17 11 12 30 12 3 20 5 17 28 10 6 16 6 2 22 2 9 1 4 4 26 11 19.3108457922935486 179.502885962595599 
3 19 13 11 13 11 16 9 1 15 3 5 2 1 9 6 22 3 1 20 12 4 17 13 17 2 2 16 31 2.70999124060388841 3 23 8 14 32 11 18 15 1 15 16 5 6 7 4 2 1 10 9 32 4 3 33 13 11 18 2 12 24 8 22.6473976969718933 81.5041590362892663 
3 12 4 12 30 2 16 16 5 12 22 10 4 23 7 14 1 13 12 25 3 6 26 8 2 32 11 5 24 2.70999124060388841 17 6 6.96245171630185755 14 15 4 4 24 6 11 25 4 12 28 2 15 15 1 4.94126535182462057 24 12 2 26 2 13.2195649013323386 31 9 2 16 13 19.0770318508148193 181.472403903286249 
3 19 13 4 20 12 16 9 1 15 3 5 2 1 9 6 22 3 10 32 5 4 17 13 17 2 2 16 31 2.70999124060388841 3 23 8 9 29 11 18 15 1 15 16 5 6 7 4 2 1 10 5 22 3 3 33 13 11 18 2 12 24 8 24.395110547542572 57.7190614300764722 
3 19 13 11 13 11 16 9 1 15 3 5 2 1 9 6 22 3 14 32 7 4 17 13 17 2 2 16 31 2.70999124060388841 3 23 8 9 29 11 18 15 1 15 16 5 6 7 4 2 1 10 5 22 3 3 33 13 11 18 2 12 24 8 24.5658726692199707 52.1453093584442513 
14 26 13 13 17 2.70999124060388841 17 19 7 12 16.1354543567662532 2 12 16 1 14 6 12 14 12 2 14 13 6 17 17 3.84646942076222631 6 28 9.82524131762891173 13 6 8 1 20 5 14 25 4 3 32 11 1 31 13 1 24 11 16 26 13.151007650947605 12 26 7 16 25 10 1 15 10 16.9956756234169006 241.510332138621578 
3 19 13 4 13 13 16 9 1 15 3 5 2 1 9 6 22 3 14 32 3 4 17 13 17 2 2 16 31 2.70999124060388841 3 23 8 9 29 11 18 15 1 15 16 5 6 7 4 2 1 10 5 22 3 3 33 13 11 18 2 12 24 8 24.0717637538909912 61.8534811648243377 
2 5 2 17 30 12 15 20 2.70999124060388841 14 14 6.96245171630185755 9 3 4 14 5 8 4.94126535182462057 30 11 17 9 12 1 16 2 13.2195649013323386 12 13 14 24 10 17.8244721320812971 2 7.75241283629571765 14 13 6 6 22 7 9 3 6 3 25 5 17 30 10 6 5 1 14 6 13 12 18 1 17.6410408616065979 225.808061189456566 
16 2 2.70999124060388841 15 15 12 1 26 11 17 24 3 9 9 1 1 14 8 12 5 7 14 7 2 10 18 3 6 31 3 4 32 9 17 31 6.96245171630185755 4.94126535182462057 23.4025356524426229 10 11 12 1 10 24 13.151007650947605 6 22 12 14 18 4 11 20 7 3 9 9 16 16 1 20.7313568592071533 162.825004416903283 

Current Evaluation = 80000000(80000070)
Front Size = 38
3 19 13 11 13 11 16 9 1 15 3 5 2 32 5 6 22 3 1 6 2.70999124060388841 3 7 13 17 2 2 16 6 13 4 31 13 12 30 2 4 3 6 14 16 6.96245171630185755 6 7 4 2 1 10 5 25 9 14 1 4 11 18 2 9 28 11 21.1874107718467712 120.134147450696503 
3 19 13 11 13 11 16 9 1 15 3 5 2 32 5 6 22 3 15 28 3 14 25 4 17 2 2 16 6 13 4 31 13 12 30 2 18 15 1 14 16 6.96245171630185755 6 7 4 2 1 10 5 25 9 3 33 13 13 1 7 9 28 11 22.2014777660369873 89.033249152972914 
3 19 13 10 30 2 16 9 1 15 3 5 2 32 5 6 22 3 9 12 4 3 7 13 17 2 2 16 6 13 4 31 13 12 30 2 13 16 10 14 16 6.96245171630185755 6 7 4 2 1 10 5 25 9 3 33 13 13 6 9 9 28 11 20.9633197784423828 122.987300954406194 
3 19 13 11 13 11 16 9 1 15 3 5 2 32 5 6 22 3 1 1 5 4 17 13 17 2 2 16 31 2.70999124060388841 3 23 8 12 30 2 18 15 1 14 16 6.96245171630185755 6 7 4 2 1 10 5 25 9 4 24 6 11 18 2 9 28 11 22.8790118098258972 73.8557240380268922 
3 19 13 6 1 7 16 9 1 15 3 5 2 32 5 6 22 3 3 6 7 4 17 13 17 2 2 16 31 2.70999124060388841 3 23 8 12 30 2 18 15 1 14 16 6.96245171630185755 6 7 4 2 1 10 5 25 9 4 9 2 11 18 2 9 28 11 21.9358257055282593 92.9532395752224403 
3 19 13 4 30 2.70999124060388841 16 9 1 15 3 5 2 32 5 6 22 3 14 14 5 4 17 13 17 2 2 16 31 2.70999124060388841 3 23 8 12 30 2 18 15 1 14 16 6.96245171630185755 6 7 4 2 1 10 5 25 9 3 33 13 11 18 2 9 28 11 22.695854663848877 78.9044108249979246 
12 5.34074699537910114 6.96245171630185755 17 25 12 14 12 6 12 24 11 4 19 3.84646942076222631 2 18 10 14 22 6 15 13 9.82524131762891173 12 20 13.151007650947605 3 5 4 15 23 2 1 6 7 6 15 12 16 32 2 3 15 11 4 11 9 10 8 7.75241283629571765 14 12 3 15 1 13 6 30 4 18.3341696858406067 188.157801348977785 
3 19 13 11 13 11 16 9 1 15 3 5 2 32 5 6 22 3 1 26 9 4 17 13 17 2 2 16 31 2.70999124060388841 3 23 8 12 30 2 18 15 1 14 16 6.96245171630185755 6 7 4 2 1 10 5 25 9 3 33 13 3 31 8 6 6 9 21.9533087015151978 91.5017843999345075 
3 19 13 12 24 2 16 9 1 15 3 5 2 32 5 6 22 3 14 14 10 4 17 13 12 12 2 16 31 2.70999124060388841 3 23 8 9 29 11 18 15 1 14 16 6.96245171630185755 6 7 4 2 1 10 5 25 9 15 1 5 11 18 2 12 30 13 22.1395505666732788 89.1814734594799319 
1 9 9 2 12 13 13 6 9 3 6 8 12 18 2.70999124060388841 14 6 12 14 24 8 14 24 11 3 14 8 10 1 9 15 20 8 12 20 6 15 26 9 12 31 7 12 6 9 1 16.1354543567662532 13 2 26 1 1 8.22565314501180467 1 9 15 9 6 32 9.82524131762891173 16.9891396164894104 250.82621504494108 
3 19 13 11 13 11 16 9 1 15 3 5 2 32 5 6 22 3 14 1 5 4 17 13 17 2 2 16 31 2.70999124060388841 3 23 8 9 29 11 18 15 1 15 16 5 6 7 4 2 1 10 5 25 9 3 33 13 11 18 2 12 24 8 24.2124676108360291 60.6606172769500063 
14 6 1 4 16 2 3 14 10 10 30 11 8 30 4 16 12 2 17 17 13 2 6 3 8 1 10 14 2 5 13 25 11 6 15 2 10 31 4 16 14 7 3 18 9 4 6 13 12 19 12 3.36768017929769181 12 4 13 15 3 17 5 7 18.2601549029350281 193.037288150446045 
3 19 13 11 13 11 16 9 1 15 3 5 2 1 9 6 22 3 14 26 4 4 17 13 17 2 2 16 31 2.70999124060388841 3 23 8 9 29 11 18 15 1 15 16 5 6 32 9 2 1 10 5 22 3 14 20 5 11 18 2 12 24 8 22.9193696975708008 66.5324061962635795 
3 19 13 12 13 12 16 9 1 15 3 5 2 1 9 6 22 3 14 10 6 4 17 13 17 2 2 16 31 2.70999124060388841 3 23 8 9 29 11 18 15 1 15 16 5 6 7 4 2 1 10 5 22 3 3 33 13 11 18 2 12 24 8 26.8235136270523071 51.7785531670596697 
3 19 13 11 13 11 16 9 1 15 3 5 2 1 9 6 22 3 14 32 7 4 17 13 17 2 2 16 31 2.70999124060388841 3 23 8 13 6 9 18 15 1 15 16 5 6 7 4 2 1 10 5 22 3 14 11 4 11 18 2 12 24 8 22.3368317484855652 82.5950676755161481 
3 19 13 11 13 11 16 9 1 15 3 5 2 1 9 6 22 3 15 26 3 4 17 13 17 2 2 16 31 2.70999124060388841 3 23 8 12 24 11 4 20 4 15 16 5 6 7 4 2 1 10 1 30 9 3 33 13 11 18 2 12 24 8 21.4426007270812988 99.0828072073170176 
16 33 2 11 12 4 6 3 12 13 6 6 14 28 8 16 24 5 6 18 2.70999124060388841 9.25570237641795579 26 3.84646942076222631 4 15 1 10 5 13 1 18 6 1 1 6 5 30 11 14 26 7 17 12 10 15 19 2 8 24 10 3 20 5 2 32 12 12 1 9 19.4701179563999176 162.862361322887637 
3 19 13 11 13 11 16 9 1 15 3 5 2 1 9 6 22 3 14 10 6 4 17 13 17 2 2 16 31 2.70999124060388841 3 23 8 9 29 11 18 15 1 15 16 5 6 7 4 2 1 10 1 32 9 3 33 13 11 18 2 12 24 8 26.2517325878143311 52.0041329462222564 
3 19 13 11 13 11 16 9 1 15 3 5 2 1 9 6 22 3 14 32 4 4 17 13 17 2 2 16 31 2.70999124060388841 3 23 8 9 29 11 18 15 1 15 16 5 6 7 4 2 1 10 5 22 3 3.36768017929769181 30 4 11 18 2 12 24 8 23.5533237159252167 63.7574740749409372 
4 2 6 6 3 10 3 6 11 2 1 7 15 30 2.70999124060388841 10 19 4 1 25 5 3 15 10 2 6 2 4 16 10 1 30 12 17 6 5 12 15 9 8 20 7 14 18 5 9.25570237641795579 1 8 8 19 4 6 22 7 8 25 11 13 30 7 17.8564178943634033 204.926822276822264 
3 19 13 11 13 11 16 9 1 15 3 5 2 1 9 6 22 3 13 31 2.70999124060388841 4 17 13 17 2 2 16 31 2.70999124060388841 3 23 8 6 15 2 14 6 2 15 16 5 6 7 4 2 1 10 1 26 7 3 33 13 11 18 2 12 24 8 21.1942554414272308 107.302510760025797 
3 19 13 12 20 12 16 9 1 15 3 5 2 1 9 6 22 3 14 6 9 4 17 13 17 2 2 16 31 2.70999124060388841 3 23 8 9 29 11 18 15 1 15 16 5 6 7 4 2 1 10 5 22 3 3 33 13 11 18 2 12 24 8 23.6031216382980347 63.2647106507439432 
3 19 13 11 13 11 16 9 1 15 3 5 2 1 9 6 22 3 14 24 4 4 17 13 17 2 2 16 31 2.70999124060388841 3 23 8 14 19 9 18 15 1 15 16 5 6 7 4 2 1 10 12 31 4 3 33 13 11 18 2 12 24 8 22.3454867303371429 81.8917638536677543 
3 19 13 11 13 11 16 9 1 15 3 5 2 1 9 6 22 3 14 10 6 4 17 13 17 2 2 16 31 2.70999124060388841 3 23 8 9 29 11 18 15 1 15 16 5 6 7 4 2 1 10 5 22 3 3 33 13 11 18 2 12 24 8 27.3501995801925659 51.0230711305156603 
3 19 13 12 31 2.70999124060388841 16 9 1 15 3 5 2 1 9 6 22 3 14 32 7 4 17 13 17 2 2 16 31 2.70999124060388841 3 23 8 9 29 11 18 15 1 15 16 5 6 7 4 2 1 10 5 22 3 3 33 13 11 18 2 12 24 8 23.6781266927719116 62.0837656025724556 
3 19 13 11 13 11 16 9 1 15 3 5 2 1 9 6 22 3 14 32 4 4 17 13 17 2 2 16 31 2.70999124060388841 3 23 8 9 29 11 18 15 1 15 16 5 6 7 4 2 1 10 5 22 3 3 33 13 11 18 2 12 24 8 24.5458726584911346 54.7888573830092369 
3 19 13 4 13 11 16 9 1 15 3 5 2 1 9 6 22 3 1 15 7 4 17 13 17 2 2 16 31 2.70999124060388841 3 23 8 9 29 11 18 15 1 15 16 5 6 7 4 2 1 10 5 22 3 3 33 13 11 18 2 12 24 8 24.2253736257553101 60.1972829650155816 
12 13 4 15 6 6 11 18 4 14 22 2.70999124060388841 3 12 1 12 2 8 6 26 6.96245171630185755 14 17 10 17 31 5 4.94126535182462057 15 13 12 6 2 16 5 9 13 20 13 14 12 3 13.2195649013323386 6 12 6 32 12 13 9 2 1 7 11 17 18 10 1 32 11 17.8239456415176392 205.314901558709579 
3 19 13 11 13 11 16 9 1 15 3 5 2 1 9 6 22 3 1 20 12 4 17 13 17 2 2 16 31 2.70999124060388841 3 23 8 14 32 11 18 15 1 15 16 5 6 7 4 2 1 10 9 32 4 3 33 13 11 18 2 12 24 8 22.6473976969718933 81.5041590362892663 
3 19 13 4 20 12 16 9 1 15 3 5 2 1 9 6 22 3 10 32 5 4 17 13 17 2 2 16 31 2.70999124060388841 3 23 8 9 29 11 18 15 1 15 16 5 6 7 4 2 1 10 5 22 3 3 33 13 11 18 2 12 24 8 24.395110547542572 57.7190614300764722 
3 19 13 11 13 11 16 9 1 15 3 5 2 1 9 6 22 3 14 32 7 4 17 13 17 2 2 16 31 2.70999124060388841 3 23 8 9 29 11 18 15 1 15 16 5 6 7 4 2 1 10 5 22 3 3 33 13 11 18 2 12 24 8 24.5658726692199707 52.1453093584442513 
14 26 13 13 17 2.70999124060388841 17 19 7 12 16.1354543567662532 2 12 16 1 14 6 12 14 12 2 14 13 6 17 17 3.84646942076222631 6 28 9.82524131762891173 13 6 8 1 20 5 14 25 4 3 32 11 1 31 13 1 24 11 16 26 13.151007650947605 12 26 7 16 25 10 1 15 10 16.9956756234169006 241.510332138621578 
3 19 13 4 13 13 16 9 1 15 3 5 2 1 9 6 22 3 14 32 3 4 17 13 17 2 2 16 31 2.70999124060388841 3 23 8 9 29 11 18 15 1 15 16 5 6 7 4 2 1 10 5 22 3 3 33 13 11 18 2 12 24 8 24.0717637538909912 61.8534811648243377 
2 5 2 17 30 12 15 20 2.70999124060388841 14 14 6.96245171630185755 9 3 4 14 5 8 4.94126535182462057 30 11 17 9 12 1 16 2 13.2195649013323386 12 13 14 24 10 17.8244721320812971 2 7.75241283629571765 14 13 6 6 22 7 9 3 6 3 25 5 17 30 10 6 5 1 14 6 13 12 18 1 17.6410408616065979 225.808061189456566 
16 2 2.70999124060388841 15 15 12 1 26 11 17 24 3 9 9 1 1 14 8 12 5 7 14 7 2 10 18 3 6 31 3 4 32 9 17 31 6.96245171630185755 4.94126535182462057 23.4025356524426229 10 11 12 1 10 24 13.151007650947605 6 22 12 14 18 4 11 20 7 3 9 9 16 16 1 20.7313568592071533 162.825004416903283 
3 19 13 4 26 8 16 9 1 15 3 5 2 1 9 6 22 3 1 32 7 15 12 6 17 2 2 16 31 2.70999124060388841 3 23 8 9 29 11 18 15 1 15 16 5 6 7 4 2 1 10 5 22 3 3 33 13 11 18 2 12 24 8 23.5382006764411926 66.0623175120766462 
3 30 7 12 5 10 15 11 2.70999124060388841 12 1 7 6 18 2 1 24 1 10 26 4 15 32 2 16 13 1 12 33 13 2 22 11 9 6 9 14 26 12 9 16.1354543567662532 13 6 13 9 14 31 1 3 24 12 15 1 8 8 26 13 14 20 4 19.0293056666851044 175.40932286667578 
3 19 13 11 13 11 16 9 1 15 3 5 2 1 9 6 22 3 14 32 9 4 17 13 17 2 2 16 31 2.70999124060388841 3 23 8 9 29 11 18 15 1 15 16 5 6 7 4 2 1 10 5 22 3 3 33 13 11 18 2 12 24 8 24.5178486704826355 57.1555540628015635 

Current Evaluation = 90000000(90000150)
Front Size = 37
3 19 13 11 13 11 16 9 1 15 3 5 2 32 5 6 22 3 1 6 2.70999124060388841 3 7 13 17 2 2 16 6 13 4 31 13 12 30 2 4 3 6 14 16 6.96245171630185755 6 7 4 2 1 10 5 25 9 14 1 4 11 18 2 9 28 11 21.1874107718467712 120.134147450696503 
3 19 13 11 13 11 16 9 1 15 3 5 2 32 5 6 22 3 15 28 3 14 25 4 17 2 2 16 6 13 4 31 13 12 30 2 18 15 1 14 16 6.96245171630185755 6 7 4 2 1 10 5 25 9 3 33 13 13 1 7 9 28 11 22.2014777660369873 89.033249152972914 
3 19 13 10 30 2 16 9 1 15 3 5 2 32 5 6 22 3 9 12 4 3 7 13 17 2 2 16 6 13 4 31 13 12 30 2 13 16 10 14 16 6.96245171630185755 6 7 4 2 1 10 5 25 9 3 33 13 13 6 9 9 28 11 20.9633197784423828 122.987300954406194 
3 19 13 11 13 11 16 9 1 15 3 5 2 32 5 6 22 3 1 1 5 4 17 13 17 2 2 16 31 2.70999124060388841 3 23 8 12 30 2 18 15 1 14 16 6.96245171630185755 6 7 4 2 1 10 5 25 9 4 24 6 11 18 2 9 28 11 22.8790118098258972 73.8557240380268922 
3 19 13 6 1 7 16 9 1 15 3 5 2 32 5 6 22 3 3 6 7 4 17 13 17 2 2 16 31 2.70999124060388841 3 23 8 12 30 2 18 15 1 14 16 6.96245171630185755 6 7 4 2 1 10 5 25 9 4 9 2 11 18 2 9 28 11 21.9358257055282593 92.9532395752224403 
3 19 13 4 30 2.70999124060388841 16 9 1 15 3 5 2 32 5 6 22 3 14 14 5 4 17 13 17 2 2 16 31 2.70999124060388841 3 23 8 12 30 2 18 15 1 14 16 6.96245171630185755 6 7 4 2 1 10 5 25 9 3 33 13 11 18 2 9 28 11 22.695854663848877 78.9044108249979246 
3 19 13 11 13 11 16 9 1 15 3 5 2 32 5 6 22 3 1 26 9 4 17 13 17 2 2 16 31 2.70999124060388841 3 23 8 12 30 2 18 15 1 14 16 6.96245171630185755 6 7 4 2 1 10 5 25 9 3 33 13 3 31 8 6 6 9 21.9533087015151978 91.5017843999345075 
3 19 13 12 24 2 16 9 1 15 3 5 2 32 5 6 22 3 14 14 10 4 17 13 12 12 2 16 31 2.70999124060388841 3 23 8 9 29 11 18 15 1 14 16 6.96245171630185755 6 7 4 2 1 10 5 25 9 15 1 5 11 18 2 12 30 13 22.1395505666732788 89.1814734594799319 
1 9 9 2 12 13 13 6 9 3 6 8 12 18 2.70999124060388841 14 6 12 14 24 8 14 24 11 3 14 8 10 1 9 15 20 8 12 20 6 15 26 9 12 31 7 12 6 9 1 16.1354543567662532 13 2 26 1 1 8.22565314501180467 1 9 15 9 6 32 9.82524131762891173 16.9891396164894104 250.82621504494108 
3 19 13 11 13 11 16 9 1 15 3 5 2 32 5 6 22 3 14 1 5 4 17 13 17 2 2 16 31 2.70999124060388841 3 23 8 9 29 11 18 15 1 15 16 5 6 7 4 2 1 10 5 25 9 3 33 13 11 18 2 12 24 8 24.2124676108360291 60.6606172769500063 
3 19 13 11 13 11 16 9 1 15 3 5 2 1 9 6 22 3 14 26 4 4 17 13 17 2 2 16 31 2.70999124060388841 3 23 8 9 29 11 18 15 1 15 16 5 6 32 9 2 1 10 5 22 3 14 20 5 11 18 2 12 24 8 22.9193696975708008 66.5324061962635795 
3 19 13 12 13 12 16 9 1 15 3 5 2 1 9 6 22 3 14 10 6 4 17 13 17 2 2 16 31 2.70999124060388841 3 23 8 9 29 11 18 15 1 15 16 5 6 7 4 2 1 10 5 22 3 3 33 13 11 18 2 12 24 8 26.8235136270523071 51.7785531670596697 
3 19 13 11 13 11 16 9 1 15 3 5 2 1 9 6 22 3 14 32 7 4 17 13 17 2 2 16 31 2.70999124060388841 3 23 8 13 6 9 18 15 1 15 16 5 6 7 4 2 1 10 5 22 3 14 11 4 11 18 2 12 24 8 22.3368317484855652 82.5950676755161481 
3 19 13 11 13 11 16 9 1 15 3 5 2 1 9 6 22 3 15 26 3 4 17 13 17 2 2 16 31 2.70999124060388841 3 23 8 12 24 11 4 20 4 15 16 5 6 7 4 2 1 10 1 30 9 3 33 13 11 18 2 12 24 8 21.4426007270812988 99.0828072073170176 
16 33 2 11 12 4 6 3 12 13 6 6 14 28 8 16 24 5 6 18 2.70999124060388841 9.25570237641795579 26 3.84646942076222631 4 15 1 10 5 13 1 18 6 1 1 6 5 30 11 14 26 7 17 12 10 15 19 2 8 24 10 3 20 5 2 32 12 12 1 9 19.4701179563999176 162.862361322887637 
3 19 13 11 13 11 16 9 1 15 3 5 2 1 9 6 22 3 14 10 6 4 17 13 17 2 2 16 31 2.70999124060388841 3 23 8 9 29 11 18 15 1 15 16 5 6 7 4 2 1 10 1 32 9 3 33 13 11 18 2 12 24 8 26.2517325878143311 52.0041329462222564 
4 2 6 6 3 10 3 6 11 2 1 7 15 30 2.70999124060388841 10 19 4 1 25 5 3 15 10 2 6 2 4 16 10 1 30 12 17 6 5 12 15 9 8 20 7 14 18 5 9.25570237641795579 1 8 8 19 4 6 22 7 8 25 11 13 30 7 17.8564178943634033 204.926822276822264 
3 19 13 11 13 11 16 9 1 15 3 5 2 1 9 6 22 3 13 31 2.70999124060388841 4 17 13 17 2 2 16 31 2.70999124060388841 3 23 8 6 15 2 14 6 2 15 16 5 6 7 4 2 1 10 1 26 7 3 33 13 11 18 2 12 24 8 21.1942554414272308 107.302510760025797 
3 19 13 12 20 12 16 9 1 15 3 5 2 1 9 6 22 3 14 6 9 4 17 13 17 2 2 16 31 2.70999124060388841 3 23 8 9 29 11 18 15 1 15 16 5 6 7 4 2 1 10 5 22 3 3 33 13 11 18 2 12 24 8 23.6031216382980347 63.2647106507439432 
3 19 13 11 13 11 16 9 1 15 3 5 2 1 9 6 22 3 14 24 4 4 17 13 17 2 2 16 31 2.70999124060388841 3 23 8 14 19 9 18 15 1 15 16 5 6 7 4 2 1 10 12 31 4 3 33 13 11 18 2 12 24 8 22.3454867303371429 81.8917638536677543 
3 19 13 11 13 11 16 9 1 15 3 5 2 1 9 6 22 3 14 10 6 4 17 13 17 2 2 16 31 2.70999124060388841 3 23 8 9 29 11 18 15 1 15 16 5 6 7 4 2 1 10 5 22 3 3 33 13 11 18 2 12 24 8 27.3501995801925659 51.0230711305156603 
3 19 13 12 31 2.70999124060388841 16 9 1 15 3 5 2 1 9 6 22 3 14 32 7 4 17 13 17 2 2 16 31 2.70999124060388841 3 23 8 9 29 11 18 15 1 15 16 5 6 7 4 2 1 10 5 22 3 3 33 13 11 18 2 12 24 8 23.6781266927719116 62.0837656025724556 
3 19 13 11 13 11 16 9 1 15 3 5 2 1 9 6 22 3 14 32 4 4 17 13 17 2 2 16 31 2.70999124060388841 3 23 8 9 29 11 18 15 1 15 16 5 6 7 4 2 1 10 5 22 3 3 33 13 11 18 2 12 24 8 24.5458726584911346 54.7888573830092369 
3 19 13 4 13 11 16 9 1 15 3 5 2 1 9 6 22 3 1 15 7 4 17 13 17 2 2 16 31 2.70999124060388841 3 23 8 9 29 11 18 15 1 15 16 5 6 7 4 2 1 10 5 22 3 3 33 13 11 18 2 12 24 8 24.2253736257553101 60.1972829650155816 
12 13 4 15 6 6 11 18 4 14 22 2.70999124060388841 3 12 1 12 2 8 6 26 6.96245171630185755 14 17 10 17 31 5 4.94126535182462057 15 13 12 6 2 16 5 9 13 20 13 14 12 3 13.2195649013323386 6 12 6 32 12 13 9 2 1 7 11 17 18 10 1 32 11 17.8239456415176392 205.314901558709579 
3 19 13 11 13 11 16 9 1 15 3 5 2 1 9 6 22 3 1 20 12 4 17 13 17 2 2 16 31 2.70999124060388841 3 23 8 14 32 11 18 15 1 15 16 5 6 7 4 2 1 10 9 32 4 3 33 13 11 18 2 12 24 8 22.6473976969718933 81.5041590362892663 
3 19 13 4 20 12 16 9 1 15 3 5 2 1 9 6 22 3 10 32 5 4 17 13 17 2 2 16 31 2.70999124060388841 3 23 8 9 29 11 18 15 1 15 16 5 6 7 4 2 1 10 5 22 3 3 33 13 11 18 2 12 24 8 24.395110547542572 57.7190614300764722 
3 19 13 11 13 11 16 9 1 15 3 5 2 1 9 6 22 3 14 32 7 4 17 13 17 2 2 16 31 2.70999124060388841 3 23 8 9 29 11 18 15 1 15 16 5 6 7 4 2 1 10 5 22 3 3 33 13 11 18 2 12 24 8 24.5658726692199707 52.1453093584442513 
14 26 13 13 17 2.70999124060388841 17 19 7 12 16.1354543567662532 2 12 16 1 14 6 12 14 12 2 14 13 6 17 17 3.84646942076222631 6 28 9.82524131762891173 13 6 8 1 20 5 14 25 4 3 32 11 1 31 13 1 24 11 16 26 13.151007650947605 12 26 7 16 25 10 1 15 10 16.9956756234169006 241.510332138621578 
3 19 13 4 13 13 16 9 1 15 3 5 2 1 9 6 22 3 14 32 3 4 17 13 17 2 2 16 31 2.70999124060388841 3 23 8 9 29 11 18 15 1 15 16 5 6 7 4 2 1 10 5 22 3 3 33 13 11 18 2 12 24 8 24.0717637538909912 61.8534811648243377 
2 5 2 17 30 12 15 20 2.70999124060388841 14 14 6.96245171630185755 9 3 4 14 5 8 4.94126535182462057 30 11 17 9 12 1 16 2 13.2195649013323386 12 13 14 24 10 17.8244721320812971 2 7.75241283629571765 14 13 6 6 22 7 9 3 6 3 25 5 17 30 10 6 5 1 14 6 13 12 18 1 17.6410408616065979 225.808061189456566 
16 2 2.70999124060388841 15 15 12 1 26 11 17 24 3 9 9 1 1 14 8 12 5 7 14 7 2 10 18 3 6 31 3 4 32 9 17 31 6.96245171630185755 4.94126535182462057 23.4025356524426229 10 11 12 1 10 24 13.151007650947605 6 22 12 14 18 4 11 20 7 3 9 9 16 16 1 20.7313568592071533 162.825004416903283 
3 30 7 12 5 10 15 11 2.70999124060388841 12 1 7 6 18 2 1 24 1 10 26 4 15 32 2 16 13 1 12 33 13 2 22 11 9 6 9 14 26 12 9 16.1354543567662532 13 6 13 9 14 31 1 3 24 12 15 1 8 8 26 13 14 20 4 19.0293056666851044 175.40932286667578 
3 19 13 11 13 11 16 9 1 15 3 5 2 1 9 6 22 3 15 6 6 4 17 13 17 2 2 16 31 2.70999124060388841 3 23 8 9 29 11 18 15 1 15 16 5 6 7 4 2 1 10 6 20 7 4 30 3 11 18 2 12 24 8 22.8247796297073364 78.7580665449822419 
3 19 13 11 13 11 16 9 1 15 3 5 2 1 9 6 22 3 14 32 9 4 17 13 17 2 2 16 31 2.70999124060388841 3 23 8 9 29 11 18 15 1 15 16 5 6 7 4 2 1 10 5 22 3 3 33 13 11 18 2 12 24 8 24.5178486704826355 55.3706314171356695 
3 19 13 11 13 11 16 9 1 15 3 5 2 1 9 6 22 3 14 32 9 4 17 13 17 2 2 16 31 2.70999124060388841 3 23 8 9 29 11 18 15 1 15 16 5 6 7 4 2 1 10 14 15 10 3 33 13 11 18 2 12 24 8 23.4296656250953674 63.6015245507008231 
1 11 12 17 8 2 1 1 5 12 26 9 5 12 2 14 1 10 2 25 6 14 32 13 1 17 12 9 30 11 16 26 3 3.36768017929769181 1 3 1 28 11 15 6 9 4 32 1 14 2 5 3 15 10 17 30 5 6 22 10 15 26 10 18.1485899090766907 180.160892495877022 

Current Evaluation = 100000000(100000040)
Front Size = 38
3 19 13 11 13 11 16 9 1 15 3 5 2 32 5 6 22 3 1 6 2.70999124060388841 3 7 13 17 2 2 16 6 13 4 31 13 12 30 2 4 3 6 14 16 6.96245171630185755 6 7 4 2 1 10 5 25 9 14 1 4 11 18 2 9 28 11 21.1874107718467712 120.134147450696503 
3 19 13 11 13 11 16 9 1 15 3 5 2 32 5 6 22 3 15 28 3 14 25 4 17 2 2 16 6 13 4 31 13 12 30 2 18 15 1 14 16 6.96245171630185755 6 7 4 2 1 10 5 25 9 3 33 13 13 1 7 9 28 11 22.2014777660369873 89.033249152972914 
3 19 13 10 30 2 16 9 1 15 3 5 2 32 5 6 22 3 9 12 4 3 7 13 17 2 2 16 6 13 4 31 13 12 30 2 13 16 10 14 16 6.96245171630185755 6 7 4 2 1 10 5 25 9 3 33 13 13 6 9 9 28 11 20.9633197784423828 122.987300954406194 
3 19 13 11 13 11 16 9 1 15 3 5 2 32 5 6 22 3 1 1 5 4 17 13 17 2 2 16 31 2.70999124060388841 3 23 8 12 30 2 18 15 1 14 16 6.96245171630185755 6 7 4 2 1 10 5 25 9 4 24 6 11 18 2 9 28 11 22.8790118098258972 73.8557240380268922 
3 19 13 6 1 7 16 9 1 15 3 5 2 32 5 6 22 3 3 6 7 4 17 13 17 2 2 16 31 2.70999124060388841 3 23 8 12 30 2 18 15 1 14 16 6.96245171630185755 6 7 4 2 1 10 5 25 9 4 9 2 11 18 2 9 28 11 21.9358257055282593 92.9532395752224403 
3 19 13 4 30 2.70999124060388841 16 9 1 15 3 5 2 32 5 6 22 3 14 14 5 4 17 13 17 2 2 16 31 2.70999124060388841 3 23 8 12 30 2 18 15 1 14 16 6.96245171630185755 6 7 4 2 1 10 5 25 9 3 33 13 11 18 2 9 28 11 22.695854663848877 78.9044108249979246 
3 19 13 11 13 11 16 9 1 15 3 5 2 32 5 6 22 3 1 26 9 4 17 13 17 2 2 16 31 2.70999124060388841 3 23 8 12 30 2 18 15 1 14 16 6.96245171630185755 6 7 4 2 1 10 5 25 9 3 33 13 3 31 8 6 6 9 21.9533087015151978 91.5017843999345075 
3 19 13 12 24 2 16 9 1 15 3 5 2 32 5 6 22 3 14 14 10 4 17 13 12 12 2 16 31 2.70999124060388841 3 23 8 9 29 11 18 15 1 14 16 6.96245171630185755 6 7 4 2 1 10 5 25 9 15 1 5 11 18 2 12 30 13 22.1395505666732788 89.1814734594799319 
1 9 9 2 12 13 13 6 9 3 6 8 12 18 2.70999124060388841 14 6 12 14 24 8 14 24 11 3 14 8 10 1 9 15 20 8 12 20 6 15 26 9 12 31 7 12 6 9 1 16.1354543567662532 13 2 26 1 1 8.22565314501180467 1 9 15 9 6 32 9.82524131762891173 16.9891396164894104 250.82621504494108 
3 19 13 11 13 11 16 9 1 15 3 5 2 32 5 6 22 3 14 1 5 4 17 13 17 2 2 16 31 2.70999124060388841 3 23 8 9 29 11 18 15 1 15 16 5 6 7 4 2 1 10 5 25 9 3 33 13 11 18 2 12 24 8 24.2124676108360291 60.6606172769500063 
3 19 13 11 13 11 16 9 1 15 3 5 2 1 9 6 22 3 14 26 4 4 17 13 17 2 2 16 31 2.70999124060388841 3 23 8 9 29 11 18 15 1 15 16 5 6 32 9 2 1 10 5 22 3 14 20 5 11 18 2 12 24 8 22.9193696975708008 66.5324061962635795 
3 19 13 12 13 12 16 9 1 15 3 5 2 1 9 6 22 3 14 10 6 4 17 13 17 2 2 16 31 2.70999124060388841 3 23 8 9 29 11 18 15 1 15 16 5 6 7 4 2 1 10 5 22 3 3 33 13 11 18 2 12 24 8 26.8235136270523071 51.7785531670596697 
3 19 13 11 13 11 16 9 1 15 3 5 2 1 9 6 22 3 14 32 7 4 17 13 17 2 2 16 31 2.70999124060388841 3 23 8 13 6 9 18 15 1 15 16 5 6 7 4 2 1 10 5 22 3 14 11 4 11 18 2 12 24 8 22.3368317484855652 82.5950676755161481 
3 19 13 11 13 11 16 9 1 15 3 5 2 1 9 6 22 3 15 26 3 4 17 13 17 2 2 16 31 2.70999124060388841 3 23 8 12 24 11 4 20 4 15 16 5 6 7 4 2 1 10 1 30 9 3 33 13 11 18 2 12 24 8 21.4426007270812988 99.0828072073170176 
16 33 2 11 12 4 6 3 12 13 6 6 14 28 8 16 24 5 6 18 2.70999124060388841 9.25570237641795579 26 3.84646942076222631 4 15 1 10 5 13 1 18 6 1 1 6 5 30 11 14 26 7 17 12 10 15 19 2 8 24 10 3 20 5 2 32 12 12 1 9 19.4701179563999176 162.862361322887637 
3 19 13 11 13 11 16 9 1 15 3 5 2 1 9 6 22 3 14 10 6 4 17 13 17 2 2 16 31 2.70999124060388841 3 23 8 9 29 11 18 15 1 15 16 5 6 7 4 2 1 10 1 32 9 3 33 13 11 18 2 12 24 8 26.2517325878143311 52.0041329462222564 
4 2 6 6 3 10 3 6 11 2 1 7 15 30 2.70999124060388841 10 19 4 1 25 5 3 15 10 2 6 2 4 16 10 1 30 12 17 6 5 12 15 9 8 20 7 14 18 5 9.25570237641795579 1 8 8 19 4 6 22 7 8 25 11 13 30 7 17.8564178943634033 204.926822276822264 
3 19 13 11 13 11 16 9 1 15 3 5 2 1 9 6 22 3 13 31 2.70999124060388841 4 17 13 17 2 2 16 31 2.70999124060388841 3 23 8 6 15 2 14 6 2 15 16 5 6 7 4 2 1 10 1 26 7 3 33 13 11 18 2 12 24 8 21.1942554414272308 107.302510760025797 
3 19 13 12 20 12 16 9 1 15 3 5 2 1 9 6 22 3 14 6 9 4 17 13 17 2 2 16 31 2.70999124060388841 3 23 8 9 29 11 18 15 1 15 16 5 6 7 4 2 1 10 5 22 3 3 33 13 11 18 2 12 24 8 23.6031216382980347 63.2647106507439432 
3 19 13 11 13 11 16 9 1 15 3 5 2 1 9 6 22 3 14 24 4 4 17 13 17 2 2 16 31 2.70999124060388841 3 23 8 14 19 9 18 15 1 15 16 5 6 7 4 2 1 10 12 31 4 3 33 13 11 18 2 12 24 8 22.3454867303371429 81.8917638536677543 
3 19 13 12 31 2.70999124060388841 16 9 1 15 3 5 2 1 9 6 22 3 14 32 7 4 17 13 17 2 2 16 31 2.70999124060388841 3 23 8 9 29 11 18 15 1 15 16 5 6 7 4 2 1 10 5 22 3 3 33 13 11 18 2 12 24 8 23.6781266927719116 62.0837656025724556 
3 19 13 11 13 11 16 9 1 15 3 5 2 1 9 6 22 3 14 32 4 4 17 13 17 2 2 16 31 2.70999124060388841 3 23 8 9 29 11 18 15 1 15 16 5 6 7 4 2 1 10 5 22 3 3 33 13 11 18 2 12 24 8 24.5458726584911346 54.7888573830092369 
3 19 13 4 13 11 16 9 1 15 3 5 2 1 9 6 22 3 1 15 7 4 17 13 17 2 2 16 31 2.70999124060388841 3 23 8 9 29 11 18 15 1 15 16 5 6 7 4 2 1 10 5 22 3 3 33 13 11 18 2 12 24 8 24.2253736257553101 60.1972829650155816 
12 13 4 15 6 6 11 18 4 14 22 2.70999124060388841 3 12 1 12 2 8 6 26 6.96245171630185755 14 17 10 17 31 5 4.94126535182462057 15 13 12 6 2 16 5 9 13 20 13 14 12 3 13.2195649013323386 6 12 6 32 12 13 9 2 1 7 11 17 18 10 1 32 11 17.8239456415176392 205.314901558709579 
3 19 13 11 13 11 16 9 1 15 3 5 2 1 9 6 22 3 1 20 12 4 17 13 17 2 2 16 31 2.70999124060388841 3 23 8 14 32 11 18 15 1 15 16 5 6 7 4 2 1 10 9 32 4 3 33 13 11 18 2 12 24 8 22.6473976969718933 81.5041590362892663 
3 19 13 4 20 12 16 9 1 15 3 5 2 1 9 6 22 3 10 32 5 4 17 13 17 2 2 16 31 2.70999124060388841 3 23 8 9 29 11 18 15 1 15 16 5 6 7 4 2 1 10 5 22 3 3 33 13 11 18 2 12 24 8 24.395110547542572 57.7190614300764722 
3 19 13 11 13 11 16 9 1 15 3 5 2 1 9 6 22 3 14 32 7 4 17 13 17 2 2 16 31 2.70999124060388841 3 23 8 9 29 11 18 15 1 15 16 5 6 7 4 2 1 10 5 22 3 3 33 13 11 18 2 12 24 8 24.5658726692199707 52.1453093584442513 
14 26 13 13 17 2.70999124060388841 17 19 7 12 16.1354543567662532 2 12 16 1 14 6 12 14 12 2 14 13 6 17 17 3.84646942076222631 6 28 9.82524131762891173 13 6 8 1 20 5 14 25 4 3 32 11 1 31 13 1 24 11 16 26 13.151007650947605 12 26 7 16 25 10 1 15 10 16.9956756234169006 241.510332138621578 
3 19 13 4 13 13 16 9 1 15 3 5 2 1 9 6 22 3 14 32 3 4 17 13 17 2 2 16 31 2.70999124060388841 3 23 8 9 29 11 18 15 1 15 16 5 6 7 4 2 1 10 5 22 3 3 33 13 11 18 2 12 24 8 24.0717637538909912 61.8534811648243377 
16 2 2.70999124060388841 15 15 12 1 26 11 17 24 3 9 9 1 1 14 8 12 5 7 14 7 2 10 18 3 6 31 3 4 32 9 17 31 6.96245171630185755 4.94126535182462057 23.4025356524426229 10 11 12 1 10 24 13.151007650947605 6 22 12 14 18 4 11 20 7 3 9 9 16 16 1 20.7313568592071533 162.825004416903283 
3 30 7 12 5 10 15 11 2.70999124060388841 12 1 7 6 18 2 1 24 1 10 26 4 15 32 2 16 13 1 12 33 13 2 22 11 9 6 9 14 26 12 9 16.1354543567662532 13 6 13 9 14 31 1 3 24 12 15 1 8 8 26 13 14 20 4 19.0293056666851044 175.40932286667578 
3 19 13 11 13 11 16 9 1 15 3 5 2 1 9 6 22 3 15 6 6 4 17 13 17 2 2 16 31 2.70999124060388841 3 23 8 9 29 11 18 15 1 15 16 5 6 7 4 2 1 10 6 20 7 4 30 3 11 18 2 12 24 8 22.8247796297073364 78.7580665449822419 
3 19 13 11 13 11 16 9 1 15 3 5 2 1 9 6 22 3 14 32 9 4 17 13 17 2 2 16 31 2.70999124060388841 3 23 8 9 29 11 18 15 1 15 16 5 6 7 4 2 1 10 5 22 3 3 33 13 11 18 2 12 24 8 24.5178486704826355 55.3706314171356695 
3 19 13 11 13 11 16 9 1 15 3 5 2 1 9 6 22 3 14 32 9 4 17 13 17 2 2 16 31 2.70999124060388841 3 23 8 9 29 11 18 15 1 15 16 5 6 7 4 2 1 10 14 15 10 3 33 13 11 18 2 12 24 8 23.4296656250953674 63.6015245507008231 
1 11 12 17 8 2 1 1 5 12 26 9 5 12 2 14 1 10 2 25 6 14 32 13 1 17 12 9 30 11 16 26 3 3.36768017929769181 1 3 1 28 11 15 6 9 4 32 1 14 2 5 3 15 10 17 30 5 6 22 10 15 26 10 18.1485899090766907 180.160892495877022 
3 19 13 11 13 11 16 9 1 15 3 5 2 1 9 6 22 3 14 10 6 4 17 13 17 2 2 16 31 2.70999124060388841 3 23 8 9 29 11 18 15 1 15 16 5 6 7 4 2 1 10 5 22 3 3 33 13 11 18 2 12 24 8 27.3501995801925659 50.860964378182949 
3.36768017929769181 12 7 13 20 6.96245171630185755 17 3 12 14 18 7 15 1 2 2 31 12 17 25 7 1 9 3 10 20 7 4.94126535182462057 6 8 13.2195649013323386 1 8 3 16 4 16 19 11 2 12 10 4 24 13 14 9 1 17 25 8 3 30 9 1 9 8 13 15 2 17.4150447249412537 221.982154773331246 
13 30 2.70999124060388841 6 6 1 10 1 6 13 24 11 9.25570237641795579 31 3.84646942076222631 3 16 6 6 20 13 14 24 1 15 1 9.82524131762891173 9 9 10 13 11 10 13 30 2 15 11 2 8 30 8 16 1 2 14 2 6 4 15 2 17 30 9 6 8 4 1 30 4 17.253193736076355 239.501110731373899 

MOEA/D: Multiobjective Evolutionary Algorithm Based on Decomposition
Number of Evaluations = 100000000
Mutation Probability = 0.0500000007450580597
Population Size = 190
Neighborhood size = 38
Seed: 13

Time =  26475.0917799999988

Current Evaluation = 100000040
Front Size = 38
3 19 13 11 13 11 16 9 1 15 3 5 2 32 5 6 22 3 1 6 2.70999124060388841 3 7 13 17 2 2 16 6 13 4 31 13 12 30 2 4 3 6 14 16 6.96245171630185755 6 7 4 2 1 10 5 25 9 14 1 4 11 18 2 9 28 11 21.1874107718467712 120.134147450696503 
3 19 13 11 13 11 16 9 1 15 3 5 2 32 5 6 22 3 15 28 3 14 25 4 17 2 2 16 6 13 4 31 13 12 30 2 18 15 1 14 16 6.96245171630185755 6 7 4 2 1 10 5 25 9 3 33 13 13 1 7 9 28 11 22.2014777660369873 89.033249152972914 
3 19 13 10 30 2 16 9 1 15 3 5 2 32 5 6 22 3 9 12 4 3 7 13 17 2 2 16 6 13 4 31 13 12 30 2 13 16 10 14 16 6.96245171630185755 6 7 4 2 1 10 5 25 9 3 33 13 13 6 9 9 28 11 20.9633197784423828 122.987300954406194 
3 19 13 11 13 11 16 9 1 15 3 5 2 32 5 6 22 3 1 1 5 4 17 13 17 2 2 16 31 2.70999124060388841 3 23 8 12 30 2 18 15 1 14 16 6.96245171630185755 6 7 4 2 1 10 5 25 9 4 24 6 11 18 2 9 28 11 22.8790118098258972 73.8557240380268922 
3 19 13 6 1 7 16 9 1 15 3 5 2 32 5 6 22 3 3 6 7 4 17 13 17 2 2 16 31 2.70999124060388841 3 23 8 12 30 2 18 15 1 14 16 6.96245171630185755 6 7 4 2 1 10 5 25 9 4 9 2 11 18 2 9 28 11 21.9358257055282593 92.9532395752224403 
3 19 13 4 30 2.70999124060388841 16 9 1 15 3 5 2 32 5 6 22 3 14 14 5 4 17 13 17 2 2 16 31 2.70999124060388841 3 23 8 12 30 2 18 15 1 14 16 6.96245171630185755 6 7 4 2 1 10 5 25 9 3 33 13 11 18 2 9 28 11 22.695854663848877 78.9044108249979246 
3 19 13 11 13 11 16 9 1 15 3 5 2 32 5 6 22 3 1 26 9 4 17 13 17 2 2 16 31 2.70999124060388841 3 23 8 12 30 2 18 15 1 14 16 6.96245171630185755 6 7 4 2 1 10 5 25 9 3 33 13 3 31 8 6 6 9 21.9533087015151978 91.5017843999345075 
3 19 13 12 24 2 16 9 1 15 3 5 2 32 5 6 22 3 14 14 10 4 17 13 12 12 2 16 31 2.70999124060388841 3 23 8 9 29 11 18 15 1 14 16 6.96245171630185755 6 7 4 2 1 10 5 25 9 15 1 5 11 18 2 12 30 13 22.1395505666732788 89.1814734594799319 
1 9 9 2 12 13 13 6 9 3 6 8 12 18 2.70999124060388841 14 6 12 14 24 8 14 24 11 3 14 8 10 1 9 15 20 8 12 20 6 15 26 9 12 31 7 12 6 9 1 16.1354543567662532 13 2 26 1 1 8.22565314501180467 1 9 15 9 6 32 9.82524131762891173 16.9891396164894104 250.82621504494108 
3 19 13 11 13 11 16 9 1 15 3 5 2 32 5 6 22 3 14 1 5 4 17 13 17 2 2 16 31 2.70999124060388841 3 23 8 9 29 11 18 15 1 15 16 5 6 7 4 2 1 10 5 25 9 3 33 13 11 18 2 12 24 8 24.2124676108360291 60.6606172769500063 
3 19 13 11 13 11 16 9 1 15 3 5 2 1 9 6 22 3 14 26 4 4 17 13 17 2 2 16 31 2.70999124060388841 3 23 8 9 29 11 18 15 1 15 16 5 6 32 9 2 1 10 5 22 3 14 20 5 11 18 2 12 24 8 22.9193696975708008 66.5324061962635795 
3 19 13 12 13 12 16 9 1 15 3 5 2 1 9 6 22 3 14 10 6 4 17 13 17 2 2 16 31 2.70999124060388841 3 23 8 9 29 11 18 15 1 15 16 5 6 7 4 2 1 10 5 22 3 3 33 13 11 18 2 12 24 8 26.8235136270523071 51.7785531670596697 
3 19 13 11 13 11 16 9 1 15 3 5 2 1 9 6 22 3 14 32 7 4 17 13 17 2 2 16 31 2.70999124060388841 3 23 8 13 6 9 18 15 1 15 16 5 6 7 4 2 1 10 5 22 3 14 11 4 11 18 2 12 24 8 22.3368317484855652 82.5950676755161481 
3 19 13 11 13 11 16 9 1 15 3 5 2 1 9 6 22 3 15 26 3 4 17 13 17 2 2 16 31 2.70999124060388841 3 23 8 12 24 11 4 20 4 15 16 5 6 7 4 2 1 10 1 30 9 3 33 13 11 18 2 12 24 8 21.4426007270812988 99.0828072073170176 
16 33 2 11 12 4 6 3 12 13 6 6 14 28 8 16 24 5 6 18 2.70999124060388841 9.25570237641795579 26 3.84646942076222631 4 15 1 10 5 13 1 18 6 1 1 6 5 30 11 14 26 7 17 12 10 15 19 2 8 24 10 3 20 5 2 32 12 12 1 9 19.4701179563999176 162.862361322887637 
3 19 13 11 13 11 16 9 1 15 3 5 2 1 9 6 22 3 14 10 6 4 17 13 17 2 2 16 31 2.70999124060388841 3 23 8 9 29 11 18 15 1 15 16 5 6 7 4 2 1 10 1 32 9 3 33 13 11 18 2 12 24 8 26.2517325878143311 52.0041329462222564 
4 2 6 6 3 10 3 6 11 2 1 7 15 30 2.70999124060388841 10 19 4 1 25 5 3 15 10 2 6 2 4 16 10 1 30 12 17 6 5 12 15 9 8 20 7 14 18 5 9.25570237641795579 1 8 8 19 4 6 22 7 8 25 11 13 30 7 17.8564178943634033 204.926822276822264 
3 19 13 11 13 11 16 9 1 15 3 5 2 1 9 6 22 3 13 31 2.70999124060388841 4 17 13 17 2 2 16 31 2.70999124060388841 3 23 8 6 15 2 14 6 2 15 16 5 6 7 4 2 1 10 1 26 7 3 33 13 11 18 2 12 24 8 21.1942554414272308 107.302510760025797 
3 19 13 12 20 12 16 9 1 15 3 5 2 1 9 6 22 3 14 6 9 4 17 13 17 2 2 16 31 2.70999124060388841 3 23 8 9 29 11 18 15 1 15 16 5 6 7 4 2 1 10 5 22 3 3 33 13 11 18 2 12 24 8 23.6031216382980347 63.2647106507439432 
3 19 13 11 13 11 16 9 1 15 3 5 2 1 9 6 22 3 14 24 4 4 17 13 17 2 2 16 31 2.70999124060388841 3 23 8 14 19 9 18 15 1 15 16 5 6 7 4 2 1 10 12 31 4 3 33 13 11 18 2 12 24 8 22.3454867303371429 81.8917638536677543 
3 19 13 12 31 2.70999124060388841 16 9 1 15 3 5 2 1 9 6 22 3 14 32 7 4 17 13 17 2 2 16 31 2.70999124060388841 3 23 8 9 29 11 18 15 1 15 16 5 6 7 4 2 1 10 5 22 3 3 33 13 11 18 2 12 24 8 23.6781266927719116 62.0837656025724556 
3 19 13 11 13 11 16 9 1 15 3 5 2 1 9 6 22 3 14 32 4 4 17 13 17 2 2 16 31 2.70999124060388841 3 23 8 9 29 11 18 15 1 15 16 5 6 7 4 2 1 10 5 22 3 3 33 13 11 18 2 12 24 8 24.5458726584911346 54.7888573830092369 
3 19 13 4 13 11 16 9 1 15 3 5 2 1 9 6 22 3 1 15 7 4 17 13 17 2 2 16 31 2.70999124060388841 3 23 8 9 29 11 18 15 1 15 16 5 6 7 4 2 1 10 5 22 3 3 33 13 11 18 2 12 24 8 24.2253736257553101 60.1972829650155816 
12 13 4 15 6 6 11 18 4 14 22 2.70999124060388841 3 12 1 12 2 8 6 26 6.96245171630185755 14 17 10 17 31 5 4.94126535182462057 15 13 12 6 2 16 5 9 13 20 13 14 12 3 13.2195649013323386 6 12 6 32 12 13 9 2 1 7 11 17 18 10 1 32 11 17.8239456415176392 205.314901558709579 
3 19 13 11 13 11 16 9 1 15 3 5 2 1 9 6 22 3 1 20 12 4 17 13 17 2 2 16 31 2.70999124060388841 3 23 8 14 32 11 18 15 1 15 16 5 6 7 4 2 1 10 9 32 4 3 33 13 11 18 2 12 24 8 22.6473976969718933 81.5041590362892663 
3 19 13 4 20 12 16 9 1 15 3 5 2 1 9 6 22 3 10 32 5 4 17 13 17 2 2 16 31 2.70999124060388841 3 23 8 9 29 11 18 15 1 15 16 5 6 7 4 2 1 10 5 22 3 3 33 13 11 18 2 12 24 8 24.395110547542572 57.7190614300764722 
3 19 13 11 13 11 16 9 1 15 3 5 2 1 9 6 22 3 14 32 7 4 17 13 17 2 2 16 31 2.70999124060388841 3 23 8 9 29 11 18 15 1 15 16 5 6 7 4 2 1 10 5 22 3 3 33 13 11 18 2 12 24 8 24.5658726692199707 52.1453093584442513 
14 26 13 13 17 2.70999124060388841 17 19 7 12 16.1354543567662532 2 12 16 1 14 6 12 14 12 2 14 13 6 17 17 3.84646942076222631 6 28 9.82524131762891173 13 6 8 1 20 5 14 25 4 3 32 11 1 31 13 1 24 11 16 26 13.151007650947605 12 26 7 16 25 10 1 15 10 16.9956756234169006 241.510332138621578 
3 19 13 4 13 13 16 9 1 15 3 5 2 1 9 6 22 3 14 32 3 4 17 13 17 2 2 16 31 2.70999124060388841 3 23 8 9 29 11 18 15 1 15 16 5 6 7 4 2 1 10 5 22 3 3 33 13 11 18 2 12 24 8 24.0717637538909912 61.8534811648243377 
16 2 2.70999124060388841 15 15 12 1 26 11 17 24 3 9 9 1 1 14 8 12 5 7 14 7 2 10 18 3 6 31 3 4 32 9 17 31 6.96245171630185755 4.94126535182462057 23.4025356524426229 10 11 12 1 10 24 13.151007650947605 6 22 12 14 18 4 11 20 7 3 9 9 16 16 1 20.7313568592071533 162.825004416903283 
3 30 7 12 5 10 15 11 2.70999124060388841 12 1 7 6 18 2 1 24 1 10 26 4 15 32 2 16 13 1 12 33 13 2 22 11 9 6 9 14 26 12 9 16.1354543567662532 13 6 13 9 14 31 1 3 24 12 15 1 8 8 26 13 14 20 4 19.0293056666851044 175.40932286667578 
3 19 13 11 13 11 16 9 1 15 3 5 2 1 9 6 22 3 15 6 6 4 17 13 17 2 2 16 31 2.70999124060388841 3 23 8 9 29 11 18 15 1 15 16 5 6 7 4 2 1 10 6 20 7 4 30 3 11 18 2 12 24 8 22.8247796297073364 78.7580665449822419 
3 19 13 11 13 11 16 9 1 15 3 5 2 1 9 6 22 3 14 32 9 4 17 13 17 2 2 16 31 2.70999124060388841 3 23 8 9 29 11 18 15 1 15 16 5 6 7 4 2 1 10 5 22 3 3 33 13 11 18 2 12 24 8 24.5178486704826355 55.3706314171356695 
3 19 13 11 13 11 16 9 1 15 3 5 2 1 9 6 22 3 14 32 9 4 17 13 17 2 2 16 31 2.70999124060388841 3 23 8 9 29 11 18 15 1 15 16 5 6 7 4 2 1 10 14 15 10 3 33 13 11 18 2 12 24 8 23.4296656250953674 63.6015245507008231 
1 11 12 17 8 2 1 1 5 12 26 9 5 12 2 14 1 10 2 25 6 14 32 13 1 17 12 9 30 11 16 26 3 3.36768017929769181 1 3 1 28 11 15 6 9 4 32 1 14 2 5 3 15 10 17 30 5 6 22 10 15 26 10 18.1485899090766907 180.160892495877022 
3 19 13 11 13 11 16 9 1 15 3 5 2 1 9 6 22 3 14 10 6 4 17 13 17 2 2 16 31 2.70999124060388841 3 23 8 9 29 11 18 15 1 15 16 5 6 7 4 2 1 10 5 22 3 3 33 13 11 18 2 12 24 8 27.3501995801925659 50.860964378182949 
3.36768017929769181 12 7 13 20 6.96245171630185755 17 3 12 14 18 7 15 1 2 2 31 12 17 25 7 1 9 3 10 20 7 4.94126535182462057 6 8 13.2195649013323386 1 8 3 16 4 16 19 11 2 12 10 4 24 13 14 9 1 17 25 8 3 30 9 1 9 8 13 15 2 17.4150447249412537 221.982154773331246 
13 30 2.70999124060388841 6 6 1 10 1 6 13 24 11 9.25570237641795579 31 3.84646942076222631 3 16 6 6 20 13 14 24 1 15 1 9.82524131762891173 9 9 10 13 11 10 13 30 2 15 11 2 8 30 8 16 1 2 14 2 6 4 15 2 17 30 9 6 8 4 1 30 4 17.253193736076355 239.501110731373899 

