Current Evaluation = 10000000(10000000)
Front Size = 31
6 30 4 17 25 2 1 5 1 16 2 2.70999124060388841 14 16 12 13 32 8 11 6 5 12 6 10 12 19 1 14 22 13 2 32 2.70999124060388841 5 31 11 6 25 8 10 1 7 18 30 9 3 26 7 4 2 4 16 29 2.70999124060388841 1 3 11 14 13 1 20.6147248148918152 118.750878679284241 
18 24 3 17 18 13 1 5 1 16 2 2.70999124060388841 14 16 12 6 6 6 11 6 5 4 25 9 12 19 1 14 22 13 2 32 2.70999124060388841 8 20 4 6 25 8 10 1 7 9 9 10 3 26 7 4 2 4 1 30 1 1 3 11 14 13 1 20.0027190446853638 137.304699428011475 
18 24 3 17 18 13 1 5 1 16 2 2.70999124060388841 14 16 12 9 28 8 11 6 5 4 24 7 12 19 1 14 22 13 2 32 2.70999124060388841 5 31 11 6 25 8 10 1 7 9 9 10 3 26 7 4 2 4 16 29 2.70999124060388841 1 3 11 14 13 1 22.4255419969558716 77.4143190143190196 
18 24 3 17 18 13 1 5 1 16 2 2.70999124060388841 14 16 12 9 28 8 11 6 5 4 24 4 12 19 1 14 22 13 2 32 2.70999124060388841 5 31 11 6 25 8 10 1 7 9 9 10 3 26 7 4 2 4 16 29 2.70999124060388841 1 3 11 14 13 1 22.4055420160293579 77.6859779109779112 
18 24 3 17 18 13 1 5 1 16 2 2.70999124060388841 14 16 12 15 32 9 11 6 5 14 17 6 12 19 1 14 22 13 2 32 2.70999124060388841 5 31 11 6 25 8 10 1 7 9 9 10 3 26 7 4 2 4 4 26 13 1 3 11 14 13 1 20.8275969624519348 118.213646456897663 
18 24 3 17 18 13 1 5 1 16 2 2.70999124060388841 14 16 12 9 28 8 11 6 5 8 31 3 12 19 1 14 22 13 2 32 2.70999124060388841 5 31 11 6 25 8 10 1 7 9 9 10 3 26 7 4 2 4 16 6 4 1 3 11 14 13 1 21.6142480969429016 91.8499924687647251 
18 24 3 17 18 13 1 5 1 16 2 2.70999124060388841 14 20 2 9 28 8 11 6 5 4 26 10 12 19 1 14 22 13 2 32 2.70999124060388841 5 31 11 6 25 8 10 1 7 9 9 10 3 26 7 4 2 4 16 29 2.70999124060388841 1 3 11 14 13 1 22.1060019731521606 77.82874902874903 
18 24 3 17 18 13 1 5 1 16 2 2.70999124060388841 15 30 11 4 30 9 11 6 5 15 1 9 12 19 1 14 22 13 2 32 2.70999124060388841 5 31 11 6 25 8 10 1 7 9 9 10 3 26 7 4 2 4 16 29 2.70999124060388841 1 3 11 14 13 1 21.1103219389915466 100.429966969797178 
18 24 3 17 18 13 1 5 1 16 2 2.70999124060388841 14 16 12 9 28 8 11 6 5 3.36768017929769181 26 6 12 19 1 14 22 13 2 32 2.70999124060388841 5 31 11 6 25 8 10 1 7 9 9 10 3 26 7 4 2 4 16 29 2.70999124060388841 1 3 11 14 13 1 22.6632220149040222 71.2881272397521286 
18 24 3 17 18 13 1 5 1 16 2 2.70999124060388841 14 16 12 3.36768017929769181 14 7 11 6 5 4 15 7 12 19 1 14 22 13 2 32 2.70999124060388841 5 31 11 6 25 8 10 1 7 9 9 10 3 26 7 4 2 4 16 29 2.70999124060388841 1 3 11 14 13 1 21.883480966091156 83.3741572218378764 
18 24 3 17 18 13 1 5 1 16 2 2.70999124060388841 14 16 12 9 28 8 14 24 7 3 26 4 12 19 1 14 22 13 2 32 2.70999124060388841 5 31 11 6 25 8 10 1 7 9 9 10 3 26 7 4 2 4 16 29 2.70999124060388841 1 3 11 14 13 1 21.6829939484596252 88.4253456387115193 
18 24 3 17 18 13 1 5 1 16 2 2.70999124060388841 14 16 12 9 28 8 11 6 5 4 31 4 12 19 1 14 22 13 2 32 2.70999124060388841 5 31 11 6 25 8 10 1 7 9 9 10 3 26 7 4 2 4 16 29 2.70999124060388841 1 3 11 14 13 1 22.4286089539527893 74.4647595014226056 
3 3 2.70999124060388841 5 26 4 17 18 5 9 6 5 17 16.1354543567662532 10 4 8.22565314501180467 4 13.2195649013323386 25 12 9 20 12 10 17 13.151007650947605 2 24 8 1 15 1 11 1 7 14 24 10 4 6 6 1 25 12 14 30 2 4 2 9 9 19 3 13 20 5 17 6 5 19.0856368839740753 180.77383316258144 
18 24 3 17 18 13 1 5 1 16 2 2.70999124060388841 14 16 12 4 33 6 11 6 5 14 26 4 12 19 1 17 5.34074699537910114 9 2 32 2.70999124060388841 5 31 11 6 25 8 10 1 7 9 9 10 3 26 7 4 2 4 13 31 7 1 3 11 14 13 1 20.9183100461959839 106.774042755487386 
18 24 3 17 18 13 1 5 1 16 2 2.70999124060388841 14 16 12 4 33 6 11 6 5 8 31 7 12 19 1 14 30 7 2 32 2.70999124060388841 5 31 11 6 25 8 10 1 7 9 9 10 3 26 7 4 2 4 13 31 12 1 3 11 14 13 1 20.958250105381012 106.116479157991336 
18 24 3 17 18 13 1 5 1 16 2 2.70999124060388841 14 16 12 9 30 11 14 23 4 9 26 4 12 19 1 14 24 9 2 32 2.70999124060388841 5 31 11 6 25 8 10 1 7 9 9 10 3 26 7 4 2 4 16 29 2.70999124060388841 1 3 11 14 13 1 20.9888489246368408 103.542819422565003 
6 32 2 1 31 3 4 5 11 3.36768017929769181 9 5 14 18 6 10 20 11 2 9 5 16 23 1 9.25570237641795579 15 3 8 32 7 1 32 8 8 25 9 10 24 8 4.94126535182462057 13 2 17 31 4 16 16 7 13 15 2 9 9 9.82524131762891173 6 24 9 1 31.8448655754823804 3 18.7839598059654236 181.734167466520432 
6 24 3 17 18 13 1 5 1 16 2 2.70999124060388841 15 3 11 4 33 6 11 6 5 9 31 12 12 19 1 14 15 13 2 32 2.70999124060388841 5 22 12 6 25 8 10 1 7 9 9 10 3 26 7 4 2 4 16 29 2.70999124060388841 1 3 11 14 13 1 21.9085380434989929 82.3937991677353381 
13 20 9 15 18 2 1 15 1 4 1 10 18 24 11 15 18 9 14 8 5 6 1 2 3.36768017929769181 13 9 3 25 6 1 30 4 9 6 2 1 22 7 6 9 12 14 31 6.96245171630185755 4 13 13 12 24 7 15 30 3.84646942076222631 9 1 9 14 9 2 17.5512808561325073 192.064315509052335 
18 24 3 17 18 13 1 5 1 16 2 2.70999124060388841 15 3 11 4 33 6 11 6 5 3.36768017929769181 9 4 12 19 1 1 25 11 2 32 2.70999124060388841 5 22 12 6 25 8 10 1 7 9 9 10 3 26 7 4 2 4 16 29 2.70999124060388841 1 3 11 14 13 1 22.9248341917991638 69.8207633485057926 
12 6 9 17 18 13 1 5 1 16 2 2.70999124060388841 15 3 11 4 33 6 11 6 5 4 30 3 12 19 1 18 4 2.70999124060388841 2 32 2.70999124060388841 5 22 12 6 25 8 10 1 7 9 9 10 3 26 7 4 2 4 16 29 2.70999124060388841 1 3 11 14 13 1 24.7923822402954102 61.4183853811720724 
18 24 3 17 18 13 1 5 1 16 2 2.70999124060388841 15 3 11 4 33 6 11 6 5 3.36768017929769181 16 4 12 19 1 18 6 13 2 32 2.70999124060388841 5 22 12 6 25 8 10 1 7 9 9 10 3 26 7 4 2 4 16 29 2.70999124060388841 1 3 11 14 13 1 23.9493421912193298 66.1668327907616316 
18 24 3 17 18 13 1 5 1 16 2 2.70999124060388841 15 3 11 9 9 13 11 6 5 3.36768017929769181 1 10 12 19 1 18 4 2.70999124060388841 2 32 2.70999124060388841 5 22 12 6 25 8 10 1 7 9 9 10 3 26 7 4 2 4 16 29 2.70999124060388841 1 3 11 14 13 1 25.5517802834510803 58.8626828225041763 
18 24 3 17 18 13 1 5 1 16 2 2.70999124060388841 15 3 11 4 33 6 11 6 5 3 1 10 12 19 1 14 24 4 2 32 2.70999124060388841 5 22 12 6 25 8 10 1 7 9 9 10 3 26 7 4 2 4 3 30 1 1 3 11 14 13 1 21.6501451432704926 88.8783549783549915 
4 24 3 17 18 13 1 5 1 16 2 2.70999124060388841 15 3 11 4 33 6 11 6 5 4 31 4 12 19 1 18 4 2.70999124060388841 2 32 2.70999124060388841 5 22 12 6 25 8 10 1 7 9 9 10 3 26 7 4 2 4 16 29 2.70999124060388841 1 3 11 14 13 1 24.8950971961021423 61.0093275327735611 
18 24 3 17 18 13 1 5 1 16 2 2.70999124060388841 15 3 11 4 33 6 11 6 5 9 31 4 12 19 1 14 14 8 2 32 2.70999124060388841 5 22 12 6 25 8 10 1 7 9 9 10 3 26 7 4 2 4 16 29 2.70999124060388841 1 3 11 14 13 1 22.9356610178947449 67.4932388391650733 
18 24 3 17 18 13 1 5 1 16 2 2.70999124060388841 15 3 11 4 33 6 11 6 5 10 9 4 12 19 1 18 23 2 2 32 2.70999124060388841 5 22 12 6 25 8 10 1 7 9 9 10 3 26 7 4 2 4 16 29 2.70999124060388841 1 3 11 14 13 1 24.6965842843055725 63.2562915039382929 
18 24 3 17 18 13 1 5 1 16 2 2.70999124060388841 15 3 11 4 33 6 11 6 5 3.36768017929769181 18 5 12 19 1 6 27 11 2 32 2.70999124060388841 5 22 12 6 25 8 10 1 7 9 9 10 3 26 7 4 2 4 16 29 2.70999124060388841 1 3 11 14 13 1 24.4087221622467041 64.8261017249653122 
18 24 3 17 18 13 1 5 1 16 2 2.70999124060388841 15 3 11 4 33 6 11 6 5 3.36768017929769181 30 9 12 19 1 18 4 2.70999124060388841 2 32 2.70999124060388841 5 22 12 6 25 8 10 1 7 9 9 10 3 26 7 4 2 4 16 29 2.70999124060388841 1 3 11 14 13 1 25.7344993352890015 54.2174318650238334 
6 26 2 17 18 13 1 5 1 16 2 2.70999124060388841 15 3 11 4 33 6 11 6 5 1 1 4 12 19 1 14 30 5 2 32 2.70999124060388841 5 22 12 6 25 8 10 1 7 9 9 10 3 26 7 4 2 4 16 29 2.70999124060388841 1 3 11 14 13 1 21.3074871301651001 92.0662720948862727 
18 24 3 17 18 13 1 5 1 16 2 2.70999124060388841 15 3 11 4 33 6 11 6 5 3 10 10 12 19 1 18 4 2.70999124060388841 2 32 2.70999124060388841 5 22 12 6 25 8 10 1 7 9 9 10 3 26 7 4 2 4 16 29 2.70999124060388841 1 3 11 14 13 1 28.5913322567939758 53.6007920730874901 

Current Evaluation = 20000000(20000000)
Front Size = 31
6 30 4 17 25 2 1 5 1 16 2 2.70999124060388841 14 16 12 13 32 8 11 6 5 12 6 10 12 19 1 14 22 13 2 32 2.70999124060388841 5 31 11 6 25 8 10 1 7 18 30 9 3 26 7 4 2 4 16 29 2.70999124060388841 1 3 11 14 13 1 20.6147248148918152 118.750878679284241 
18 24 3 17 18 13 1 5 1 16 2 2.70999124060388841 14 16 12 6 6 6 11 6 5 4 25 9 12 19 1 14 22 13 2 32 2.70999124060388841 8 20 4 6 25 8 10 1 7 9 9 10 3 26 7 4 2 4 1 30 1 1 3 11 14 13 1 20.0027190446853638 137.304699428011475 
18 24 3 17 18 13 1 5 1 16 2 2.70999124060388841 14 16 12 9 28 8 11 6 5 4 24 7 12 19 1 14 22 13 2 32 2.70999124060388841 5 31 11 6 25 8 10 1 7 9 9 10 3 26 7 4 2 4 16 29 2.70999124060388841 1 3 11 14 13 1 22.4255419969558716 77.4143190143190196 
18 24 3 17 18 13 1 5 1 16 2 2.70999124060388841 14 16 12 9 28 8 11 6 5 4 24 4 12 19 1 14 22 13 2 32 2.70999124060388841 5 31 11 6 25 8 10 1 7 9 9 10 3 26 7 4 2 4 16 29 2.70999124060388841 1 3 11 14 13 1 22.4055420160293579 77.6859779109779112 
18 24 3 17 18 13 1 5 1 16 2 2.70999124060388841 14 16 12 15 32 9 11 6 5 14 17 6 12 19 1 14 22 13 2 32 2.70999124060388841 5 31 11 6 25 8 10 1 7 9 9 10 3 26 7 4 2 4 4 26 13 1 3 11 14 13 1 20.8275969624519348 118.213646456897663 
18 24 3 17 18 13 1 5 1 16 2 2.70999124060388841 14 16 12 9 28 8 11 6 5 8 31 3 12 19 1 14 22 13 2 32 2.70999124060388841 5 31 11 6 25 8 10 1 7 9 9 10 3 26 7 4 2 4 16 6 4 1 3 11 14 13 1 21.6142480969429016 91.8499924687647251 
18 24 3 17 18 13 1 5 1 16 2 2.70999124060388841 14 20 2 9 28 8 11 6 5 4 26 10 12 19 1 14 22 13 2 32 2.70999124060388841 5 31 11 6 25 8 10 1 7 9 9 10 3 26 7 4 2 4 16 29 2.70999124060388841 1 3 11 14 13 1 22.1060019731521606 77.82874902874903 
18 24 3 17 18 13 1 5 1 16 2 2.70999124060388841 15 30 11 4 30 9 11 6 5 15 1 9 12 19 1 14 22 13 2 32 2.70999124060388841 5 31 11 6 25 8 10 1 7 9 9 10 3 26 7 4 2 4 16 29 2.70999124060388841 1 3 11 14 13 1 21.1103219389915466 100.429966969797178 
18 24 3 17 18 13 1 5 1 16 2 2.70999124060388841 14 16 12 9 28 8 11 6 5 4 31 4 12 19 1 14 22 13 2 32 2.70999124060388841 5 31 11 6 25 8 10 1 7 9 9 10 3 26 7 4 2 4 16 29 2.70999124060388841 1 3 11 14 13 1 22.4286089539527893 74.4647595014226056 
18 24 3 17 18 13 1 5 1 16 2 2.70999124060388841 14 16 12 4 33 6 11 6 5 14 26 4 12 19 1 17 5.34074699537910114 9 2 32 2.70999124060388841 5 31 11 6 25 8 10 1 7 9 9 10 3 26 7 4 2 4 13 31 7 1 3 11 14 13 1 20.9183100461959839 106.774042755487386 
18 24 3 17 18 13 1 5 1 16 2 2.70999124060388841 14 16 12 4 33 6 11 6 5 8 31 7 12 19 1 14 30 7 2 32 2.70999124060388841 5 31 11 6 25 8 10 1 7 9 9 10 3 26 7 4 2 4 13 31 12 1 3 11 14 13 1 20.958250105381012 106.116479157991336 
18 24 3 17 18 13 1 5 1 16 2 2.70999124060388841 14 16 12 9 30 11 14 23 4 9 26 4 12 19 1 14 24 9 2 32 2.70999124060388841 5 31 11 6 25 8 10 1 7 9 9 10 3 26 7 4 2 4 16 29 2.70999124060388841 1 3 11 14 13 1 20.9888489246368408 103.542819422565003 
13 20 9 15 18 2 1 15 1 4 1 10 18 24 11 15 18 9 14 8 5 6 1 2 3.36768017929769181 13 9 3 25 6 1 30 4 9 6 2 1 22 7 6 9 12 14 31 6.96245171630185755 4 13 13 12 24 7 15 30 3.84646942076222631 9 1 9 14 9 2 17.5512808561325073 192.064315509052335 
12 6 9 17 18 13 1 5 1 16 2 2.70999124060388841 15 3 11 4 33 6 11 6 5 4 30 3 12 19 1 18 4 2.70999124060388841 2 32 2.70999124060388841 5 22 12 6 25 8 10 1 7 9 9 10 3 26 7 4 2 4 16 29 2.70999124060388841 1 3 11 14 13 1 24.7923822402954102 61.4183853811720724 
4 24 3 17 18 13 1 5 1 16 2 2.70999124060388841 15 3 11 4 33 6 11 6 5 4 31 4 12 19 1 18 4 2.70999124060388841 2 32 2.70999124060388841 5 22 12 6 25 8 10 1 7 9 9 10 3 26 7 4 2 4 16 29 2.70999124060388841 1 3 11 14 13 1 24.8950971961021423 61.0093275327735611 
18 24 3 17 18 13 1 5 1 16 2 2.70999124060388841 15 3 11 4 33 6 11 6 5 3.36768017929769181 30 9 12 19 1 18 4 2.70999124060388841 2 32 2.70999124060388841 5 22 12 6 25 8 10 1 7 9 9 10 3 26 7 4 2 4 16 29 2.70999124060388841 1 3 11 14 13 1 25.7344993352890015 54.2174318650238334 
6 26 2 17 18 13 1 5 1 16 2 2.70999124060388841 15 3 11 4 33 6 11 6 5 1 1 4 12 19 1 14 30 5 2 32 2.70999124060388841 5 22 12 6 25 8 10 1 7 9 9 10 3 26 7 4 2 4 16 29 2.70999124060388841 1 3 11 14 13 1 21.3074871301651001 92.0662720948862727 
18 24 3 17 18 13 1 5 1 16 2 2.70999124060388841 15 3 11 4 33 6 11 6 5 3 10 10 12 19 1 18 4 2.70999124060388841 2 32 2.70999124060388841 5 22 12 6 25 8 10 1 7 9 9 10 3 26 7 4 2 4 16 29 2.70999124060388841 1 3 11 14 13 1 28.5913322567939758 53.6007920730874901 
11 24 4 17 18 13 1 5 1 16 2 2.70999124060388841 15 3 11 4 33 6 11 6 5 4 9 9 12 19 1 18 4 2.70999124060388841 2 32 2.70999124060388841 5 22 12 6 25 8 10 1 7 9 9 10 3 26 7 4 2 4 16 29 2.70999124060388841 1 3 11 14 13 1 25.5203112363815308 59.5755148482943397 
2 5.34074699537910114 5 2 5 2 1 25 2 13 16 2 13 25 6.96245171630185755 4.94126535182462057 6 12 4 15 13 2 1 5 14 12 12 4 12 8 14 13 8 14 26 7 2 1 13 1 6 9 2 20 5 14 16 5 1 1 2 1 25 10 6 3 9.82524131762891173 13 2 10 16.7928685247898102 309.949837869961698 
18 24 3 17 18 13 1 5 1 16 2 2.70999124060388841 15 3 11 4 33 6 11 6 5 3 10 10 12 19 1 6 15 13 2 32 2.70999124060388841 5 22 12 6 25 8 10 1 7 9 9 10 3 26 7 4 2 4 16 29 2.70999124060388841 1 3 11 14 13 1 25.512241005897522 60.5837572980140067 
18 24 3 17 18 13 1 5 1 16 2 2.70999124060388841 15 3 11 4 33 6 11 6 5 4 9 4 12 19 1 14 24 2 2 32 2.70999124060388841 5 22 12 6 25 8 10 1 7 9 9 10 3 26 7 4 2 4 6 25 11 1 3 11 14 13 1 21.6207811832427979 81.570986800629214 
6 19 6 15 32 6 10 18 1 3.36768017929769181 20 12 4 1 10 13 33 6 4 6 2 14 19 6 12 30 2 15 1 1 14 25 7 6 12 7 2 24 13 8 16.1354543567662532 11 6 28 7 16 30 2 2 3 4 17 26 3.84646942076222631 15 25 12 9 24 9 18.6822319030761719 164.281341955258398 
18 24 3 17 18 13 1 5 1 16 2 2.70999124060388841 15 3 11 4 33 6 11 6 5 17 8 4 12 19 1 18 4 2.70999124060388841 2 32 2.70999124060388841 5 22 12 6 25 8 10 1 7 9 9 10 3 26 7 4 2 4 2 15 12 1 3 11 14 13 1 25.5405964255332947 57.9378789204472753 
18 24 3 17 18 13 1 5 1 16 2 2.70999124060388841 15 3 11 4 33 6 11 6 5 9 30 10 12 19 1 1 31 12 2 32 2.70999124060388841 5 22 12 6 25 8 10 1 7 9 9 10 3 26 7 4 2 4 16 29 2.70999124060388841 1 3 11 14 13 1 22.8215910792350769 66.8995755945830695 
4 6 4 12 25 9 13 1 10 1 20 8 1 6 3 8 31 6 12 31 9 3 25 2 15 16 10 12 6 11 14 16 1 17 26 2.70999124060388841 17 16.1354543567662532 6 8 31 3.84646942076222631 9 1 4 15 15 5 14 32 2 10 30 1 11 30 6 14 26 10 17.4494261145591736 237.067810552021086 
11 20 11 15 25 5 13 6 11 2 32 5 6 6 10 3.36768017929769181 12 13 12 18 1 3 24 6.96245171630185755 2 17 9 14 24 2 6 22 11 8 31 6 16 23 13 4.94126535182462057 30 5 15 25 3 14 12 10 1 15 10 14 32 12 13.2195649013323386 5 11 4 24 13 17.5298928022384644 199.941433566433545 
18 24 3 17 18 13 1 5 1 16 2 2.70999124060388841 15 3 11 4 33 6 11 6 5 3.36768017929769181 30 10 12 19 1 14 12 8 2 32 2.70999124060388841 5 22 12 6 25 8 10 1 7 9 9 10 3 26 7 4 2 4 16 29 2.70999124060388841 1 3 11 14 13 1 22.5624261498451233 69.1775315246402158 
18 24 3 17 18 13 1 5 1 16 2 2.70999124060388841 15 3 11 4 33 6 11 6 5 3 10 10 12 19 1 6 15 2 2 32 2.70999124060388841 5 22 12 6 25 8 10 1 7 9 9 10 3 26 7 4 2 4 16 29 2.70999124060388841 1 3 11 14 13 1 25.4582549929618835 60.8665888428074169 
18 24 3 17 18 13 1 5 1 16 2 2.70999124060388841 15 3 11 4 33 6 11 6 5 9 9 10 12 19 1 14 16 2 2 32 2.70999124060388841 5 22 12 6 25 8 10 1 7 9 9 10 3 26 7 4 2 4 16 29 2.70999124060388841 1 3 11 14 13 1 23.191814124584198 62.3055601120266402 
18 24 3 17 18 13 1 5 1 16 2 2.70999124060388841 15 3 11 4 15 7 11 6 5 3.36768017929769181 1 10 12 19 1 18 4 2.70999124060388841 2 32 2.70999124060388841 5 22 12 6 25 8 10 1 7 9 9 10 3 26 7 4 2 4 16 29 2.70999124060388841 1 3 11 14 13 1 25.1588032841682434 61.0092902424278094 

Current Evaluation = 30000000(30000000)
Front Size = 35
6 30 4 17 25 2 1 5 1 16 2 2.70999124060388841 14 16 12 13 32 8 11 6 5 12 6 10 12 19 1 14 22 13 2 32 2.70999124060388841 5 31 11 6 25 8 10 1 7 18 30 9 3 26 7 4 2 4 16 29 2.70999124060388841 1 3 11 14 13 1 20.6147248148918152 118.750878679284241 
18 24 3 17 18 13 1 5 1 16 2 2.70999124060388841 14 16 12 6 6 6 11 6 5 4 25 9 12 19 1 14 22 13 2 32 2.70999124060388841 8 20 4 6 25 8 10 1 7 9 9 10 3 26 7 4 2 4 1 30 1 1 3 11 14 13 1 20.0027190446853638 137.304699428011475 
18 24 3 17 18 13 1 5 1 16 2 2.70999124060388841 14 16 12 15 32 9 11 6 5 14 17 6 12 19 1 14 22 13 2 32 2.70999124060388841 5 31 11 6 25 8 10 1 7 9 9 10 3 26 7 4 2 4 4 26 13 1 3 11 14 13 1 20.8275969624519348 118.213646456897663 
18 24 3 17 18 13 1 5 1 16 2 2.70999124060388841 14 20 2 9 28 8 11 6 5 4 26 10 12 19 1 14 22 13 2 32 2.70999124060388841 5 31 11 6 25 8 10 1 7 9 9 10 3 26 7 4 2 4 16 29 2.70999124060388841 1 3 11 14 13 1 22.1060019731521606 77.82874902874903 
18 24 3 17 18 13 1 5 1 16 2 2.70999124060388841 15 30 11 4 30 9 11 6 5 15 1 9 12 19 1 14 22 13 2 32 2.70999124060388841 5 31 11 6 25 8 10 1 7 9 9 10 3 26 7 4 2 4 16 29 2.70999124060388841 1 3 11 14 13 1 21.1103219389915466 100.429966969797178 
18 24 3 17 18 13 1 5 1 16 2 2.70999124060388841 14 16 12 4 33 6 11 6 5 14 26 4 12 19 1 17 5.34074699537910114 9 2 32 2.70999124060388841 5 31 11 6 25 8 10 1 7 9 9 10 3 26 7 4 2 4 13 31 7 1 3 11 14 13 1 20.9183100461959839 106.774042755487386 
18 24 3 17 18 13 1 5 1 16 2 2.70999124060388841 14 16 12 4 33 6 11 6 5 8 31 7 12 19 1 14 30 7 2 32 2.70999124060388841 5 31 11 6 25 8 10 1 7 9 9 10 3 26 7 4 2 4 13 31 12 1 3 11 14 13 1 20.958250105381012 106.116479157991336 
18 24 3 17 18 13 1 5 1 16 2 2.70999124060388841 14 16 12 9 30 11 14 23 4 9 26 4 12 19 1 14 24 9 2 32 2.70999124060388841 5 31 11 6 25 8 10 1 7 9 9 10 3 26 7 4 2 4 16 29 2.70999124060388841 1 3 11 14 13 1 20.9888489246368408 103.542819422565003 
13 20 9 15 18 2 1 15 1 4 1 10 18 24 11 15 18 9 14 8 5 6 1 2 3.36768017929769181 13 9 3 25 6 1 30 4 9 6 2 1 22 7 6 9 12 14 31 6.96245171630185755 4 13 13 12 24 7 15 30 3.84646942076222631 9 1 9 14 9 2 17.5512808561325073 192.064315509052335 
12 6 9 17 18 13 1 5 1 16 2 2.70999124060388841 15 3 11 4 33 6 11 6 5 4 30 3 12 19 1 18 4 2.70999124060388841 2 32 2.70999124060388841 5 22 12 6 25 8 10 1 7 9 9 10 3 26 7 4 2 4 16 29 2.70999124060388841 1 3 11 14 13 1 24.7923822402954102 61.4183853811720724 
4 24 3 17 18 13 1 5 1 16 2 2.70999124060388841 15 3 11 4 33 6 11 6 5 4 31 4 12 19 1 18 4 2.70999124060388841 2 32 2.70999124060388841 5 22 12 6 25 8 10 1 7 9 9 10 3 26 7 4 2 4 16 29 2.70999124060388841 1 3 11 14 13 1 24.8950971961021423 61.0093275327735611 
18 24 3 17 18 13 1 5 1 16 2 2.70999124060388841 15 3 11 4 33 6 11 6 5 3.36768017929769181 30 9 12 19 1 18 4 2.70999124060388841 2 32 2.70999124060388841 5 22 12 6 25 8 10 1 7 9 9 10 3 26 7 4 2 4 16 29 2.70999124060388841 1 3 11 14 13 1 25.7344993352890015 54.2174318650238334 
6 26 2 17 18 13 1 5 1 16 2 2.70999124060388841 15 3 11 4 33 6 11 6 5 1 1 4 12 19 1 14 30 5 2 32 2.70999124060388841 5 22 12 6 25 8 10 1 7 9 9 10 3 26 7 4 2 4 16 29 2.70999124060388841 1 3 11 14 13 1 21.3074871301651001 92.0662720948862727 
11 24 4 17 18 13 1 5 1 16 2 2.70999124060388841 15 3 11 4 33 6 11 6 5 4 9 9 12 19 1 18 4 2.70999124060388841 2 32 2.70999124060388841 5 22 12 6 25 8 10 1 7 9 9 10 3 26 7 4 2 4 16 29 2.70999124060388841 1 3 11 14 13 1 25.5203112363815308 59.5755148482943397 
2 5.34074699537910114 5 2 5 2 1 25 2 13 16 2 13 25 6.96245171630185755 4.94126535182462057 6 12 4 15 13 2 1 5 14 12 12 4 12 8 14 13 8 14 26 7 2 1 13 1 6 9 2 20 5 14 16 5 1 1 2 1 25 10 6 3 9.82524131762891173 13 2 10 16.7928685247898102 309.949837869961698 
18 24 3 17 18 13 1 5 1 16 2 2.70999124060388841 15 3 11 4 33 6 11 6 5 4 9 4 12 19 1 14 24 2 2 32 2.70999124060388841 5 22 12 6 25 8 10 1 7 9 9 10 3 26 7 4 2 4 6 25 11 1 3 11 14 13 1 21.6207811832427979 81.570986800629214 
6 19 6 15 32 6 10 18 1 3.36768017929769181 20 12 4 1 10 13 33 6 4 6 2 14 19 6 12 30 2 15 1 1 14 25 7 6 12 7 2 24 13 8 16.1354543567662532 11 6 28 7 16 30 2 2 3 4 17 26 3.84646942076222631 15 25 12 9 24 9 18.6822319030761719 164.281341955258398 
18 24 3 17 18 13 1 5 1 16 2 2.70999124060388841 15 3 11 4 33 6 11 6 5 17 8 4 12 19 1 18 4 2.70999124060388841 2 32 2.70999124060388841 5 22 12 6 25 8 10 1 7 9 9 10 3 26 7 4 2 4 2 15 12 1 3 11 14 13 1 25.5405964255332947 57.9378789204472753 
11 20 11 15 25 5 13 6 11 2 32 5 6 6 10 3.36768017929769181 12 13 12 18 1 3 24 6.96245171630185755 2 17 9 14 24 2 6 22 11 8 31 6 16 23 13 4.94126535182462057 30 5 15 25 3 14 12 10 1 15 10 14 32 12 13.2195649013323386 5 11 4 24 13 17.5298928022384644 199.941433566433545 
18 24 3 17 18 13 1 5 1 16 2 2.70999124060388841 15 3 11 4 33 6 11 6 5 3.36768017929769181 30 10 12 19 1 14 12 8 2 32 2.70999124060388841 5 22 12 6 25 8 10 1 7 9 9 10 3 26 7 4 2 4 16 29 2.70999124060388841 1 3 11 14 13 1 22.5624261498451233 69.1775315246402158 
18 24 3 17 18 13 1 5 1 16 2 2.70999124060388841 15 3 11 4 33 6 11 6 5 3 10 10 12 19 1 6 15 2 2 32 2.70999124060388841 5 22 12 6 25 8 10 1 7 9 9 10 3 26 7 4 2 4 16 29 2.70999124060388841 1 3 11 14 13 1 25.4582549929618835 60.8665888428074169 
18 24 3 17 18 13 1 5 1 16 2 2.70999124060388841 15 3 11 4 33 6 11 6 5 9 9 10 12 19 1 14 16 2 2 32 2.70999124060388841 5 22 12 6 25 8 10 1 7 9 9 10 3 26 7 4 2 4 16 29 2.70999124060388841 1 3 11 14 13 1 23.191814124584198 62.3055601120266402 
18 24 3 17 18 13 1 5 1 16 2 2.70999124060388841 15 3 11 4 15 7 11 6 5 3.36768017929769181 1 10 12 19 1 18 4 2.70999124060388841 2 32 2.70999124060388841 5 22 12 6 25 8 10 1 7 9 9 10 3 26 7 4 2 4 16 29 2.70999124060388841 1 3 11 14 13 1 25.1588032841682434 61.0092902424278094 
15 30 5 9 16 13 17 6 1 12 6 9 17 12 12 4 6 12 13 16 5 2 32 2.70999124060388841 13 7 9 9.25570237641795579 26 11 8 5 5 14 6 9 12 1 9 3 18 5 4.94126535182462057 31 5 12 15 6 15 32 12 8 17 3 14 26 10 14 6 11 17.1795786619186401 227.119425019425023 
18 24 3 17 18 13 1 5 1 16 2 2.70999124060388841 15 3 11 6 16 1 11 6 5 3 26 7 12 19 1 18 4 2.70999124060388841 2 32 2.70999124060388841 5 22 12 6 25 8 10 1 7 9 9 10 3 26 7 4 2 4 16 29 2.70999124060388841 1 3 11 14 13 1 25.4800392985343933 59.811459324777033 
14 18 4 17 18 13 1 5 1 16 2 2.70999124060388841 15 3 11 4 33 6 11 6 5 13 12 9 12 19 1 6 15 8 2 32 2.70999124060388841 15 18 7 6 25 8 10 1 7 9 9 10 3 26 7 4 15 9 16 29 2.70999124060388841 1 3 11 14 13 1 20.4959020018577576 127.295811582687023 
18 24 3 17 18 13 1 5 1 16 2 2.70999124060388841 15 3 11 4 33 6 11 6 5 9 30 6 12 19 1 18 4 2.70999124060388841 2 32 2.70999124060388841 5 22 12 6 25 8 10 1 7 9 9 10 3 26 7 4 2 4 16 29 2.70999124060388841 1 3 11 14 13 1 26.0208132863044739 53.8651478455020722 
18 24 3 17 18 13 1 5 1 16 2 2.70999124060388841 15 3 11 4 33 6 11 6 5 3.36768017929769181 31 10 13 25 10 4 15 10 2 32 2.70999124060388841 5 22 12 6 25 8 10 1 7 9 9 10 3 26 7 4 2 4 6 30 12 1 3 11 14 13 1 21.2945552468299866 93.4222729642179388 
6 31 2 17 18 13 1 5 1 16 2 2.70999124060388841 15 3 11 4 33 6 11 6 5 4 1 6 12 19 1 16 8 4 2 32 2.70999124060388841 5 22 12 6 25 8 10 1 7 9 9 10 3 26 7 4 2 4 2 6 11 1 3 11 14 13 1 21.3729720711708069 90.7925033267792969 
18 24 3 17 18 13 1 5 1 16 2 2.70999124060388841 15 3 11 4 33 6 11 6 5 4 30 3 12 19 1 6 15 11 2 32 2.70999124060388841 5 22 12 6 25 8 10 1 7 9 9 10 3 26 7 4 2 4 16 29 2.70999124060388841 1 3 11 14 13 1 22.7162361145019531 62.4561663265102354 
18 24 3 17 18 13 1 5 1 16 2 2.70999124060388841 15 3 11 4 33 6 11 6 5 3 9 4 12 19 1 14 12 2.70999124060388841 2 32 2.70999124060388841 5 22 12 6 25 8 10 1 7 9 9 10 3 26 7 4 2 4 16 29 2.70999124060388841 1 3 11 14 13 1 22.6592481732368469 63.509203157687999 
8 15 10 17 18 13 1 5 1 16 2 2.70999124060388841 15 3 11 4 33 6 6 17 10 15 30 5 12 19 1 14 12 2 2 32 2.70999124060388841 5 22 12 6 25 8 10 1 7 9 9 10 3 26 7 4 2 4 14 16 4 1 3 11 14 13 1 20.522968053817749 118.910548893262998 
18 24 3 17 18 13 1 5 1 16 2 2.70999124060388841 15 3 11 4 33 6 11 6 5 4 30 9 12 19 1 18 4 2.70999124060388841 2 32 2.70999124060388841 5 22 12 6 25 8 10 1 7 9 9 10 3 26 7 4 2 4 16 29 2.70999124060388841 1 3 11 14 13 1 25.6607033014297485 57.195805743377889 
18 24 3 17 18 13 1 5 1 16 2 2.70999124060388841 15 3 11 4 33 6 11 6 5 3 10 10 12 19 1 18 4 2.70999124060388841 2 32 2.70999124060388841 5 22 12 6 25 8 10 1 7 9 9 10 3 26 7 4 2 4 16 29 2.70999124060388841 1 3 11 14 13 1 28.5913322567939758 52.5430097738473876 
18 24 3 17 18 13 1 5 1 16 2 2.70999124060388841 15 3 11 4 33 6 11 6 5 3.36768017929769181 31 4 12 19 1 16 25 1 2 32 2.70999124060388841 5 22 12 6 25 8 10 1 7 9 9 10 3 26 7 4 2 4 2 1 13 1 3 11 14 13 1 22.1981131434440613 72.8671029702119455 

Current Evaluation = 40000000(40000000)
Front Size = 37
6 30 4 17 25 2 1 5 1 16 2 2.70999124060388841 14 16 12 13 32 8 11 6 5 12 6 10 12 19 1 14 22 13 2 32 2.70999124060388841 5 31 11 6 25 8 10 1 7 18 30 9 3 26 7 4 2 4 16 29 2.70999124060388841 1 3 11 14 13 1 20.6147248148918152 118.750878679284241 
18 24 3 17 18 13 1 5 1 16 2 2.70999124060388841 14 16 12 6 6 6 11 6 5 4 25 9 12 19 1 14 22 13 2 32 2.70999124060388841 8 20 4 6 25 8 10 1 7 9 9 10 3 26 7 4 2 4 1 30 1 1 3 11 14 13 1 20.0027190446853638 137.304699428011475 
18 24 3 17 18 13 1 5 1 16 2 2.70999124060388841 14 16 12 15 32 9 11 6 5 14 17 6 12 19 1 14 22 13 2 32 2.70999124060388841 5 31 11 6 25 8 10 1 7 9 9 10 3 26 7 4 2 4 4 26 13 1 3 11 14 13 1 20.8275969624519348 118.213646456897663 
18 24 3 17 18 13 1 5 1 16 2 2.70999124060388841 15 30 11 4 30 9 11 6 5 15 1 9 12 19 1 14 22 13 2 32 2.70999124060388841 5 31 11 6 25 8 10 1 7 9 9 10 3 26 7 4 2 4 16 29 2.70999124060388841 1 3 11 14 13 1 21.1103219389915466 100.429966969797178 
18 24 3 17 18 13 1 5 1 16 2 2.70999124060388841 14 16 12 4 33 6 11 6 5 14 26 4 12 19 1 17 5.34074699537910114 9 2 32 2.70999124060388841 5 31 11 6 25 8 10 1 7 9 9 10 3 26 7 4 2 4 13 31 7 1 3 11 14 13 1 20.9183100461959839 106.774042755487386 
18 24 3 17 18 13 1 5 1 16 2 2.70999124060388841 14 16 12 4 33 6 11 6 5 8 31 7 12 19 1 14 30 7 2 32 2.70999124060388841 5 31 11 6 25 8 10 1 7 9 9 10 3 26 7 4 2 4 13 31 12 1 3 11 14 13 1 20.958250105381012 106.116479157991336 
18 24 3 17 18 13 1 5 1 16 2 2.70999124060388841 14 16 12 9 30 11 14 23 4 9 26 4 12 19 1 14 24 9 2 32 2.70999124060388841 5 31 11 6 25 8 10 1 7 9 9 10 3 26 7 4 2 4 16 29 2.70999124060388841 1 3 11 14 13 1 20.9888489246368408 103.542819422565003 
13 20 9 15 18 2 1 15 1 4 1 10 18 24 11 15 18 9 14 8 5 6 1 2 3.36768017929769181 13 9 3 25 6 1 30 4 9 6 2 1 22 7 6 9 12 14 31 6.96245171630185755 4 13 13 12 24 7 15 30 3.84646942076222631 9 1 9 14 9 2 17.5512808561325073 192.064315509052335 
18 24 3 17 18 13 1 5 1 16 2 2.70999124060388841 15 3 11 4 33 6 11 6 5 3.36768017929769181 30 9 12 19 1 18 4 2.70999124060388841 2 32 2.70999124060388841 5 22 12 6 25 8 10 1 7 9 9 10 3 26 7 4 2 4 16 29 2.70999124060388841 1 3 11 14 13 1 25.7344993352890015 54.2174318650238334 
6 26 2 17 18 13 1 5 1 16 2 2.70999124060388841 15 3 11 4 33 6 11 6 5 1 1 4 12 19 1 14 30 5 2 32 2.70999124060388841 5 22 12 6 25 8 10 1 7 9 9 10 3 26 7 4 2 4 16 29 2.70999124060388841 1 3 11 14 13 1 21.3074871301651001 92.0662720948862727 
18 24 3 17 18 13 1 5 1 16 2 2.70999124060388841 15 3 11 4 33 6 11 6 5 4 9 4 12 19 1 14 24 2 2 32 2.70999124060388841 5 22 12 6 25 8 10 1 7 9 9 10 3 26 7 4 2 4 6 25 11 1 3 11 14 13 1 21.6207811832427979 81.570986800629214 
6 19 6 15 32 6 10 18 1 3.36768017929769181 20 12 4 1 10 13 33 6 4 6 2 14 19 6 12 30 2 15 1 1 14 25 7 6 12 7 2 24 13 8 16.1354543567662532 11 6 28 7 16 30 2 2 3 4 17 26 3.84646942076222631 15 25 12 9 24 9 18.6822319030761719 164.281341955258398 
11 20 11 15 25 5 13 6 11 2 32 5 6 6 10 3.36768017929769181 12 13 12 18 1 3 24 6.96245171630185755 2 17 9 14 24 2 6 22 11 8 31 6 16 23 13 4.94126535182462057 30 5 15 25 3 14 12 10 1 15 10 14 32 12 13.2195649013323386 5 11 4 24 13 17.5298928022384644 199.941433566433545 
18 24 3 17 18 13 1 5 1 16 2 2.70999124060388841 15 3 11 4 33 6 11 6 5 9 9 10 12 19 1 14 16 2 2 32 2.70999124060388841 5 22 12 6 25 8 10 1 7 9 9 10 3 26 7 4 2 4 16 29 2.70999124060388841 1 3 11 14 13 1 23.191814124584198 62.3055601120266402 
15 30 5 9 16 13 17 6 1 12 6 9 17 12 12 4 6 12 13 16 5 2 32 2.70999124060388841 13 7 9 9.25570237641795579 26 11 8 5 5 14 6 9 12 1 9 3 18 5 4.94126535182462057 31 5 12 15 6 15 32 12 8 17 3 14 26 10 14 6 11 17.1795786619186401 227.119425019425023 
14 18 4 17 18 13 1 5 1 16 2 2.70999124060388841 15 3 11 4 33 6 11 6 5 13 12 9 12 19 1 6 15 8 2 32 2.70999124060388841 15 18 7 6 25 8 10 1 7 9 9 10 3 26 7 4 15 9 16 29 2.70999124060388841 1 3 11 14 13 1 20.4959020018577576 127.295811582687023 
18 24 3 17 18 13 1 5 1 16 2 2.70999124060388841 15 3 11 4 33 6 11 6 5 3.36768017929769181 31 10 13 25 10 4 15 10 2 32 2.70999124060388841 5 22 12 6 25 8 10 1 7 9 9 10 3 26 7 4 2 4 6 30 12 1 3 11 14 13 1 21.2945552468299866 93.4222729642179388 
6 31 2 17 18 13 1 5 1 16 2 2.70999124060388841 15 3 11 4 33 6 11 6 5 4 1 6 12 19 1 16 8 4 2 32 2.70999124060388841 5 22 12 6 25 8 10 1 7 9 9 10 3 26 7 4 2 4 2 6 11 1 3 11 14 13 1 21.3729720711708069 90.7925033267792969 
18 24 3 17 18 13 1 5 1 16 2 2.70999124060388841 15 3 11 4 33 6 11 6 5 4 30 3 12 19 1 6 15 11 2 32 2.70999124060388841 5 22 12 6 25 8 10 1 7 9 9 10 3 26 7 4 2 4 16 29 2.70999124060388841 1 3 11 14 13 1 22.7162361145019531 62.4561663265102354 
18 24 3 17 18 13 1 5 1 16 2 2.70999124060388841 15 3 11 4 33 6 11 6 5 3 9 4 12 19 1 14 12 2.70999124060388841 2 32 2.70999124060388841 5 22 12 6 25 8 10 1 7 9 9 10 3 26 7 4 2 4 16 29 2.70999124060388841 1 3 11 14 13 1 22.6592481732368469 63.509203157687999 
8 15 10 17 18 13 1 5 1 16 2 2.70999124060388841 15 3 11 4 33 6 6 17 10 15 30 5 12 19 1 14 12 2 2 32 2.70999124060388841 5 22 12 6 25 8 10 1 7 9 9 10 3 26 7 4 2 4 14 16 4 1 3 11 14 13 1 20.522968053817749 118.910548893262998 
18 24 3 17 18 13 1 5 1 16 2 2.70999124060388841 15 3 11 4 33 6 11 6 5 4 30 9 12 19 1 18 4 2.70999124060388841 2 32 2.70999124060388841 5 22 12 6 25 8 10 1 7 9 9 10 3 26 7 4 2 4 16 29 2.70999124060388841 1 3 11 14 13 1 25.6607033014297485 57.195805743377889 
18 24 3 17 18 13 1 5 1 16 2 2.70999124060388841 15 3 11 4 33 6 11 6 5 3 10 10 12 19 1 18 4 2.70999124060388841 2 32 2.70999124060388841 5 22 12 6 25 8 10 1 7 9 9 10 3 26 7 4 2 4 16 29 2.70999124060388841 1 3 11 14 13 1 28.5913322567939758 52.5430097738473876 
18 24 3 17 18 13 1 5 1 16 2 2.70999124060388841 15 3 11 4 33 6 11 6 5 3.36768017929769181 31 4 12 19 1 16 25 1 2 32 2.70999124060388841 5 22 12 6 25 8 10 1 7 9 9 10 3 26 7 4 2 4 2 1 13 1 3 11 14 13 1 22.1981131434440613 72.8671029702119455 
1 11 11 4 30 2 10 26 10 5 32 11 15 31 10 15 5.34074699537910114 13 14 15 8 8 9 13 12 19 2 13 32 6.96245171630185755 2 30 4 15 6 10 17 32 6 1 18 3.84646942076222631 14 24 5 16 19 4 3 16 11 17 5 12 13 6 3 10 24 10 18.5823526978492737 179.659819265701628 
18 24 3 17 18 13 1 5 1 16 2 2.70999124060388841 15 3 11 6 30 12 11 6 5 4 24 4 12 19 1 3.36768017929769181 2 6.96245171630185755 2 32 2.70999124060388841 5 22 12 6 25 8 10 1 7 9 9 10 3 26 7 4 2 4 16 29 2.70999124060388841 1 3 11 14 13 1 22.1220991611480713 76.7681860285308488 
4 1 3 17 18 13 1 5 1 16 2 2.70999124060388841 15 3 11 4 33 6 11 6 5 3.36768017929769181 31 9 12 19 1 18 4 2.70999124060388841 2 32 2.70999124060388841 5 22 12 6 25 8 10 1 7 9 9 10 3 26 7 4 2 4 16 29 2.70999124060388841 1 3 11 14 13 1 24.987369179725647 59.1918595442767455 
18 24 3 17 18 13 14 12 1 16 2 2.70999124060388841 15 3 11 4 33 6 11 6 5 3 30 4 12 19 1 18 4 2.70999124060388841 2 32 2.70999124060388841 5 22 12 6 25 8 10 1 7 9 9 10 3 26 7 4 2 4 16 29 2.70999124060388841 1 3 11 14 13 1 25.404654324054718 57.8725075287280788 
18 24 3 17 18 13 1 5 1 16 2 2.70999124060388841 15 3 11 4 33 6 11 6 5 9 8 5 12 19 1 14 11 13 2 32 2.70999124060388841 5 22 12 6 25 8 10 1 7 9 9 10 3 26 7 4 2 4 16 29 2.70999124060388841 1 3 11 14 13 1 23.5545259714126587 61.5177950798859783 
18 24 3 17 18 13 1 5 1 16 2 2.70999124060388841 15 3 11 4 33 6 11 6 5 3 30 6 12 19 1 18 6 2.70999124060388841 2 32 2.70999124060388841 5 22 12 6 25 8 10 1 7 9 9 10 3 26 7 4 2 4 16 29 2.70999124060388841 1 3 11 14 13 1 23.5975010991096497 59.6274160676342362 
18 24 3 3.36768017929769181 30 2 1 5 1 16 2 2.70999124060388841 15 3 11 6 15 11 11 6 5 9 23 4 12 19 1 14 20 3 2 32 2.70999124060388841 5 22 12 6 25 8 10 1 7 9 9 10 3 26 7 4 2 4 3 15 6.96245171630185755 1 3 11 14 13 1 21.377729058265686 89.879886020579761 
3 22 4 2 25 10 3 1 3 1 3 6 13 30 4 6 26 4 17 31 2 1 18 4 14 28 9 14 1 10 1 24 2.70999124060388841 17 2 2 4 6 3 14 16.1354543567662532 9 14 8 5 4 8 11 15 12 11 3 2 7 14 6 9 3 12 4 16.7874158620834351 243.595494051871782 
18 24 3 17 18 13 1 5 1 16 2 2.70999124060388841 15 3 11 4 33 6 11 6 5 3.36768017929769181 1 4 12 19 1 14 20 2 2 32 2.70999124060388841 5 22 12 6 25 8 10 1 7 9 9 10 3 26 7 4 2 4 16 29 2.70999124060388841 1 3 11 14 13 1 22.4937900900840759 65.1148173230637894 
18 24 3 3 1 7 1 5 1 16 2 2.70999124060388841 15 3 11 10 9 3 11 6 5 3 15 9 12 19 1 16 31 2.70999124060388841 2 32 2.70999124060388841 5 22 12 6 25 8 10 1 7 9 9 10 3 26 7 4 2 4 16 29 2.70999124060388841 1 3 11 14 13 1 22.4921151399612427 72.8660901281039628 
18 24 3 17 18 13 1 5 1 16 2 2.70999124060388841 15 3 11 4 33 6 11 6 5 3 9 9 12 19 1 18 4 2.70999124060388841 2 32 2.70999124060388841 5 22 12 6 25 8 10 1 7 9 9 10 3 26 7 4 2 4 16 29 2.70999124060388841 1 3 11 14 13 1 26.0005073547363281 53.7225946362662086 
18 24 3 17 18 13 1 5 1 16 2 2.70999124060388841 15 3 11 12 18 4 11 6 5 4 30 4 12 19 1 14 15 2 2 32 2.70999124060388841 5 22 12 6 25 8 10 1 7 9 9 10 3 26 7 4 2 4 16 29 2.70999124060388841 1 3 11 14 13 1 21.7338641285896301 77.2954191226206575 
17 24 2.70999124060388841 17 18 13 1 5 1 16 2 2.70999124060388841 15 3 11 4 33 6 11 6 5 13 32 11 12 19 1 4 26 9 2 32 2.70999124060388841 12 9 5 6 25 8 10 1 7 9 9 10 3 26 7 4 2 4 14 17 2 1 3 11 14 13 1 20.1129100322723389 133.619693325299693 

Current Evaluation = 50000000(50000000)
Front Size = 34
18 24 3 17 18 13 1 5 1 16 2 2.70999124060388841 14 16 12 6 6 6 11 6 5 4 25 9 12 19 1 14 22 13 2 32 2.70999124060388841 8 20 4 6 25 8 10 1 7 9 9 10 3 26 7 4 2 4 1 30 1 1 3 11 14 13 1 20.0027190446853638 137.304699428011475 
18 24 3 17 18 13 1 5 1 16 2 2.70999124060388841 15 30 11 4 30 9 11 6 5 15 1 9 12 19 1 14 22 13 2 32 2.70999124060388841 5 31 11 6 25 8 10 1 7 9 9 10 3 26 7 4 2 4 16 29 2.70999124060388841 1 3 11 14 13 1 21.1103219389915466 100.429966969797178 
18 24 3 17 18 13 1 5 1 16 2 2.70999124060388841 14 16 12 9 30 11 14 23 4 9 26 4 12 19 1 14 24 9 2 32 2.70999124060388841 5 31 11 6 25 8 10 1 7 9 9 10 3 26 7 4 2 4 16 29 2.70999124060388841 1 3 11 14 13 1 20.9888489246368408 103.542819422565003 
13 20 9 15 18 2 1 15 1 4 1 10 18 24 11 15 18 9 14 8 5 6 1 2 3.36768017929769181 13 9 3 25 6 1 30 4 9 6 2 1 22 7 6 9 12 14 31 6.96245171630185755 4 13 13 12 24 7 15 30 3.84646942076222631 9 1 9 14 9 2 17.5512808561325073 192.064315509052335 
18 24 3 17 18 13 1 5 1 16 2 2.70999124060388841 15 3 11 4 33 6 11 6 5 3.36768017929769181 30 9 12 19 1 18 4 2.70999124060388841 2 32 2.70999124060388841 5 22 12 6 25 8 10 1 7 9 9 10 3 26 7 4 2 4 16 29 2.70999124060388841 1 3 11 14 13 1 25.7344993352890015 54.2174318650238334 
6 26 2 17 18 13 1 5 1 16 2 2.70999124060388841 15 3 11 4 33 6 11 6 5 1 1 4 12 19 1 14 30 5 2 32 2.70999124060388841 5 22 12 6 25 8 10 1 7 9 9 10 3 26 7 4 2 4 16 29 2.70999124060388841 1 3 11 14 13 1 21.3074871301651001 92.0662720948862727 
18 24 3 17 18 13 1 5 1 16 2 2.70999124060388841 15 3 11 4 33 6 11 6 5 4 9 4 12 19 1 14 24 2 2 32 2.70999124060388841 5 22 12 6 25 8 10 1 7 9 9 10 3 26 7 4 2 4 6 25 11 1 3 11 14 13 1 21.6207811832427979 81.570986800629214 
6 19 6 15 32 6 10 18 1 3.36768017929769181 20 12 4 1 10 13 33 6 4 6 2 14 19 6 12 30 2 15 1 1 14 25 7 6 12 7 2 24 13 8 16.1354543567662532 11 6 28 7 16 30 2 2 3 4 17 26 3.84646942076222631 15 25 12 9 24 9 18.6822319030761719 164.281341955258398 
11 20 11 15 25 5 13 6 11 2 32 5 6 6 10 3.36768017929769181 12 13 12 18 1 3 24 6.96245171630185755 2 17 9 14 24 2 6 22 11 8 31 6 16 23 13 4.94126535182462057 30 5 15 25 3 14 12 10 1 15 10 14 32 12 13.2195649013323386 5 11 4 24 13 17.5298928022384644 199.941433566433545 
15 30 5 9 16 13 17 6 1 12 6 9 17 12 12 4 6 12 13 16 5 2 32 2.70999124060388841 13 7 9 9.25570237641795579 26 11 8 5 5 14 6 9 12 1 9 3 18 5 4.94126535182462057 31 5 12 15 6 15 32 12 8 17 3 14 26 10 14 6 11 17.1795786619186401 227.119425019425023 
18 24 3 17 18 13 1 5 1 16 2 2.70999124060388841 15 3 11 4 33 6 11 6 5 3.36768017929769181 31 10 13 25 10 4 15 10 2 32 2.70999124060388841 5 22 12 6 25 8 10 1 7 9 9 10 3 26 7 4 2 4 6 30 12 1 3 11 14 13 1 21.2945552468299866 93.4222729642179388 
6 31 2 17 18 13 1 5 1 16 2 2.70999124060388841 15 3 11 4 33 6 11 6 5 4 1 6 12 19 1 16 8 4 2 32 2.70999124060388841 5 22 12 6 25 8 10 1 7 9 9 10 3 26 7 4 2 4 2 6 11 1 3 11 14 13 1 21.3729720711708069 90.7925033267792969 
18 24 3 17 18 13 1 5 1 16 2 2.70999124060388841 15 3 11 4 33 6 11 6 5 4 30 3 12 19 1 6 15 11 2 32 2.70999124060388841 5 22 12 6 25 8 10 1 7 9 9 10 3 26 7 4 2 4 16 29 2.70999124060388841 1 3 11 14 13 1 22.7162361145019531 62.4561663265102354 
18 24 3 17 18 13 1 5 1 16 2 2.70999124060388841 15 3 11 4 33 6 11 6 5 4 30 9 12 19 1 18 4 2.70999124060388841 2 32 2.70999124060388841 5 22 12 6 25 8 10 1 7 9 9 10 3 26 7 4 2 4 16 29 2.70999124060388841 1 3 11 14 13 1 25.6607033014297485 57.195805743377889 
18 24 3 17 18 13 1 5 1 16 2 2.70999124060388841 15 3 11 4 33 6 11 6 5 3 10 10 12 19 1 18 4 2.70999124060388841 2 32 2.70999124060388841 5 22 12 6 25 8 10 1 7 9 9 10 3 26 7 4 2 4 16 29 2.70999124060388841 1 3 11 14 13 1 28.5913322567939758 52.5430097738473876 
18 24 3 17 18 13 1 5 1 16 2 2.70999124060388841 15 3 11 4 33 6 11 6 5 3.36768017929769181 31 4 12 19 1 16 25 1 2 32 2.70999124060388841 5 22 12 6 25 8 10 1 7 9 9 10 3 26 7 4 2 4 2 1 13 1 3 11 14 13 1 22.1981131434440613 72.8671029702119455 
4 1 3 17 18 13 1 5 1 16 2 2.70999124060388841 15 3 11 4 33 6 11 6 5 3.36768017929769181 31 9 12 19 1 18 4 2.70999124060388841 2 32 2.70999124060388841 5 22 12 6 25 8 10 1 7 9 9 10 3 26 7 4 2 4 16 29 2.70999124060388841 1 3 11 14 13 1 24.987369179725647 59.1918595442767455 
18 24 3 17 18 13 14 12 1 16 2 2.70999124060388841 15 3 11 4 33 6 11 6 5 3 30 4 12 19 1 18 4 2.70999124060388841 2 32 2.70999124060388841 5 22 12 6 25 8 10 1 7 9 9 10 3 26 7 4 2 4 16 29 2.70999124060388841 1 3 11 14 13 1 25.404654324054718 57.8725075287280788 
18 24 3 17 18 13 1 5 1 16 2 2.70999124060388841 15 3 11 4 33 6 11 6 5 3 30 6 12 19 1 18 6 2.70999124060388841 2 32 2.70999124060388841 5 22 12 6 25 8 10 1 7 9 9 10 3 26 7 4 2 4 16 29 2.70999124060388841 1 3 11 14 13 1 23.5975010991096497 59.6274160676342362 
18 24 3 3.36768017929769181 30 2 1 5 1 16 2 2.70999124060388841 15 3 11 6 15 11 11 6 5 9 23 4 12 19 1 14 20 3 2 32 2.70999124060388841 5 22 12 6 25 8 10 1 7 9 9 10 3 26 7 4 2 4 3 15 6.96245171630185755 1 3 11 14 13 1 21.377729058265686 89.879886020579761 
3 22 4 2 25 10 3 1 3 1 3 6 13 30 4 6 26 4 17 31 2 1 18 4 14 28 9 14 1 10 1 24 2.70999124060388841 17 2 2 4 6 3 14 16.1354543567662532 9 14 8 5 4 8 11 15 12 11 3 2 7 14 6 9 3 12 4 16.7874158620834351 243.595494051871782 
18 24 3 17 18 13 1 5 1 16 2 2.70999124060388841 15 3 11 4 33 6 11 6 5 3.36768017929769181 1 4 12 19 1 14 20 2 2 32 2.70999124060388841 5 22 12 6 25 8 10 1 7 9 9 10 3 26 7 4 2 4 16 29 2.70999124060388841 1 3 11 14 13 1 22.4937900900840759 65.1148173230637894 
18 24 3 3 1 7 1 5 1 16 2 2.70999124060388841 15 3 11 10 9 3 11 6 5 3 15 9 12 19 1 16 31 2.70999124060388841 2 32 2.70999124060388841 5 22 12 6 25 8 10 1 7 9 9 10 3 26 7 4 2 4 16 29 2.70999124060388841 1 3 11 14 13 1 22.4921151399612427 72.8660901281039628 
18 24 3 17 18 13 1 5 1 16 2 2.70999124060388841 15 3 11 4 33 6 11 6 5 3 9 9 12 19 1 18 4 2.70999124060388841 2 32 2.70999124060388841 5 22 12 6 25 8 10 1 7 9 9 10 3 26 7 4 2 4 16 29 2.70999124060388841 1 3 11 14 13 1 26.0005073547363281 53.7225946362662086 
18 24 3 17 18 13 1 5 1 16 2 2.70999124060388841 15 3 11 12 18 4 11 6 5 4 30 4 12 19 1 14 15 2 2 32 2.70999124060388841 5 22 12 6 25 8 10 1 7 9 9 10 3 26 7 4 2 4 16 29 2.70999124060388841 1 3 11 14 13 1 21.7338641285896301 77.2954191226206575 
17 24 2.70999124060388841 17 18 13 1 5 1 16 2 2.70999124060388841 15 3 11 4 33 6 11 6 5 13 32 11 12 19 1 4 26 9 2 32 2.70999124060388841 12 9 5 6 25 8 10 1 7 9 9 10 3 26 7 4 2 4 14 17 2 1 3 11 14 13 1 20.1129100322723389 133.619693325299693 
18 24 3 17 18 13 1 5 1 16 2 2.70999124060388841 15 3 11 4 33 6 11 6 5 9 30 9 12 19 1 1 16 12 2 32 2.70999124060388841 5 22 12 6 25 8 10 1 7 9 9 10 3 26 7 4 2 4 16 29 2.70999124060388841 1 3 11 14 13 1 23.0571430921554565 61.4053354238566413 
18 24 3 17 18 13 1 5 1 16 2 2.70999124060388841 15 3 11 4 33 6 11 6 5 3 10 10 12 19 1 18 4 2.70999124060388841 2 32 2.70999124060388841 5 22 12 6 25 8 10 1 7 9 9 10 12 31 9 4 2 4 16 29 2.70999124060388841 1 3 11 14 13 1 28.5161182284355164 53.4141838602145427 
4 1 7 17 18 13 1 5 1 16 2 2.70999124060388841 15 3 11 4 33 6 11 6 5 14 15 9 12 19 1 1 20 12 2 32 2.70999124060388841 5 22 12 6 25 8 10 1 7 9 9 10 3 26 7 4 2 4 16 29 2.70999124060388841 1 3 11 14 13 1 21.4997730255126953 86.3914654864220495 
6 1 11 17 18 13 1 5 1 16 2 2.70999124060388841 15 3 11 4 33 6 11 6 5 4 30 3 12 19 1 6 20 8 2 32 2.70999124060388841 5 22 12 6 25 8 10 1 7 9 9 10 3 26 7 4 2 4 16 29 2.70999124060388841 1 3 11 14 13 1 21.7424410581588745 75.9644345771600769 
13 15 2.70999124060388841 4 5 13 6 3 9 17 6 2 14 15 6 10 1 4 14 32 2 9 12 2 16 6 5 15 23 5 12 19 8 17 7 2 4 32 11 4 31 1 12 26 8 1 15 6.96245171630185755 1 1 12 3 32 8 15 30 5 10 14 3.84646942076222631 18.4081196188926697 173.575872811399165 
18 24 3 17 18 13 1 5 1 16 2 2.70999124060388841 15 3 11 4 33 6 11 6 5 3 26 7 12 19 1 14 20 11 2 32 2.70999124060388841 5 22 12 6 25 8 10 1 7 9 9 10 3 26 7 4 2 4 16 29 2.70999124060388841 1 3 11 14 13 1 22.551760196685791 63.2558637757902602 
14 31 12 17 18 13 1 5 1 16 2 2.70999124060388841 15 3 11 4 33 6 11 6 5 15 30 5 12 19 1 14 12 5 2 32 2.70999124060388841 5 22 12 6 25 8 10 1 7 9 9 10 3 26 7 4 2 4 16 29 2.70999124060388841 1 3 11 14 13 1 21.272051990032196 100.162611687758826 
12 13 5 17 18 13 1 5 1 16 2 2.70999124060388841 15 3 11 4 33 6 11 6 5 8 30 4 12 19 1 14 5 11 2 32 2.70999124060388841 14 30 1 6 25 8 10 1 7 9 9 10 3 26 7 4 2 4 16 16 7 1 3 11 14 13 1 20.333996057510376 103.955758536992434 

Current Evaluation = 60000000(60000000)
Front Size = 37
18 24 3 17 18 13 1 5 1 16 2 2.70999124060388841 14 16 12 6 6 6 11 6 5 4 25 9 12 19 1 14 22 13 2 32 2.70999124060388841 8 20 4 6 25 8 10 1 7 9 9 10 3 26 7 4 2 4 1 30 1 1 3 11 14 13 1 20.0027190446853638 137.304699428011475 
18 24 3 17 18 13 1 5 1 16 2 2.70999124060388841 15 30 11 4 30 9 11 6 5 15 1 9 12 19 1 14 22 13 2 32 2.70999124060388841 5 31 11 6 25 8 10 1 7 9 9 10 3 26 7 4 2 4 16 29 2.70999124060388841 1 3 11 14 13 1 21.1103219389915466 100.429966969797178 
18 24 3 17 18 13 1 5 1 16 2 2.70999124060388841 14 16 12 9 30 11 14 23 4 9 26 4 12 19 1 14 24 9 2 32 2.70999124060388841 5 31 11 6 25 8 10 1 7 9 9 10 3 26 7 4 2 4 16 29 2.70999124060388841 1 3 11 14 13 1 20.9888489246368408 103.542819422565003 
13 20 9 15 18 2 1 15 1 4 1 10 18 24 11 15 18 9 14 8 5 6 1 2 3.36768017929769181 13 9 3 25 6 1 30 4 9 6 2 1 22 7 6 9 12 14 31 6.96245171630185755 4 13 13 12 24 7 15 30 3.84646942076222631 9 1 9 14 9 2 17.5512808561325073 192.064315509052335 
18 24 3 17 18 13 1 5 1 16 2 2.70999124060388841 15 3 11 4 33 6 11 6 5 3.36768017929769181 30 9 12 19 1 18 4 2.70999124060388841 2 32 2.70999124060388841 5 22 12 6 25 8 10 1 7 9 9 10 3 26 7 4 2 4 16 29 2.70999124060388841 1 3 11 14 13 1 25.7344993352890015 54.2174318650238334 
6 26 2 17 18 13 1 5 1 16 2 2.70999124060388841 15 3 11 4 33 6 11 6 5 1 1 4 12 19 1 14 30 5 2 32 2.70999124060388841 5 22 12 6 25 8 10 1 7 9 9 10 3 26 7 4 2 4 16 29 2.70999124060388841 1 3 11 14 13 1 21.3074871301651001 92.0662720948862727 
18 24 3 17 18 13 1 5 1 16 2 2.70999124060388841 15 3 11 4 33 6 11 6 5 4 9 4 12 19 1 14 24 2 2 32 2.70999124060388841 5 22 12 6 25 8 10 1 7 9 9 10 3 26 7 4 2 4 6 25 11 1 3 11 14 13 1 21.6207811832427979 81.570986800629214 
6 19 6 15 32 6 10 18 1 3.36768017929769181 20 12 4 1 10 13 33 6 4 6 2 14 19 6 12 30 2 15 1 1 14 25 7 6 12 7 2 24 13 8 16.1354543567662532 11 6 28 7 16 30 2 2 3 4 17 26 3.84646942076222631 15 25 12 9 24 9 18.6822319030761719 164.281341955258398 
11 20 11 15 25 5 13 6 11 2 32 5 6 6 10 3.36768017929769181 12 13 12 18 1 3 24 6.96245171630185755 2 17 9 14 24 2 6 22 11 8 31 6 16 23 13 4.94126535182462057 30 5 15 25 3 14 12 10 1 15 10 14 32 12 13.2195649013323386 5 11 4 24 13 17.5298928022384644 199.941433566433545 
15 30 5 9 16 13 17 6 1 12 6 9 17 12 12 4 6 12 13 16 5 2 32 2.70999124060388841 13 7 9 9.25570237641795579 26 11 8 5 5 14 6 9 12 1 9 3 18 5 4.94126535182462057 31 5 12 15 6 15 32 12 8 17 3 14 26 10 14 6 11 17.1795786619186401 227.119425019425023 
18 24 3 17 18 13 1 5 1 16 2 2.70999124060388841 15 3 11 4 33 6 11 6 5 3.36768017929769181 31 10 13 25 10 4 15 10 2 32 2.70999124060388841 5 22 12 6 25 8 10 1 7 9 9 10 3 26 7 4 2 4 6 30 12 1 3 11 14 13 1 21.2945552468299866 93.4222729642179388 
6 31 2 17 18 13 1 5 1 16 2 2.70999124060388841 15 3 11 4 33 6 11 6 5 4 1 6 12 19 1 16 8 4 2 32 2.70999124060388841 5 22 12 6 25 8 10 1 7 9 9 10 3 26 7 4 2 4 2 6 11 1 3 11 14 13 1 21.3729720711708069 90.7925033267792969 
18 24 3 17 18 13 1 5 1 16 2 2.70999124060388841 15 3 11 4 33 6 11 6 5 4 30 3 12 19 1 6 15 11 2 32 2.70999124060388841 5 22 12 6 25 8 10 1 7 9 9 10 3 26 7 4 2 4 16 29 2.70999124060388841 1 3 11 14 13 1 22.7162361145019531 62.4561663265102354 
18 24 3 17 18 13 1 5 1 16 2 2.70999124060388841 15 3 11 4 33 6 11 6 5 4 30 9 12 19 1 18 4 2.70999124060388841 2 32 2.70999124060388841 5 22 12 6 25 8 10 1 7 9 9 10 3 26 7 4 2 4 16 29 2.70999124060388841 1 3 11 14 13 1 25.6607033014297485 57.195805743377889 
18 24 3 17 18 13 1 5 1 16 2 2.70999124060388841 15 3 11 4 33 6 11 6 5 3 10 10 12 19 1 18 4 2.70999124060388841 2 32 2.70999124060388841 5 22 12 6 25 8 10 1 7 9 9 10 3 26 7 4 2 4 16 29 2.70999124060388841 1 3 11 14 13 1 28.5913322567939758 52.5430097738473876 
18 24 3 17 18 13 1 5 1 16 2 2.70999124060388841 15 3 11 4 33 6 11 6 5 3.36768017929769181 31 4 12 19 1 16 25 1 2 32 2.70999124060388841 5 22 12 6 25 8 10 1 7 9 9 10 3 26 7 4 2 4 2 1 13 1 3 11 14 13 1 22.1981131434440613 72.8671029702119455 
4 1 3 17 18 13 1 5 1 16 2 2.70999124060388841 15 3 11 4 33 6 11 6 5 3.36768017929769181 31 9 12 19 1 18 4 2.70999124060388841 2 32 2.70999124060388841 5 22 12 6 25 8 10 1 7 9 9 10 3 26 7 4 2 4 16 29 2.70999124060388841 1 3 11 14 13 1 24.987369179725647 59.1918595442767455 
18 24 3 17 18 13 14 12 1 16 2 2.70999124060388841 15 3 11 4 33 6 11 6 5 3 30 4 12 19 1 18 4 2.70999124060388841 2 32 2.70999124060388841 5 22 12 6 25 8 10 1 7 9 9 10 3 26 7 4 2 4 16 29 2.70999124060388841 1 3 11 14 13 1 25.404654324054718 57.8725075287280788 
18 24 3 17 18 13 1 5 1 16 2 2.70999124060388841 15 3 11 4 33 6 11 6 5 3 30 6 12 19 1 18 6 2.70999124060388841 2 32 2.70999124060388841 5 22 12 6 25 8 10 1 7 9 9 10 3 26 7 4 2 4 16 29 2.70999124060388841 1 3 11 14 13 1 23.5975010991096497 59.6274160676342362 
18 24 3 3.36768017929769181 30 2 1 5 1 16 2 2.70999124060388841 15 3 11 6 15 11 11 6 5 9 23 4 12 19 1 14 20 3 2 32 2.70999124060388841 5 22 12 6 25 8 10 1 7 9 9 10 3 26 7 4 2 4 3 15 6.96245171630185755 1 3 11 14 13 1 21.377729058265686 89.879886020579761 
3 22 4 2 25 10 3 1 3 1 3 6 13 30 4 6 26 4 17 31 2 1 18 4 14 28 9 14 1 10 1 24 2.70999124060388841 17 2 2 4 6 3 14 16.1354543567662532 9 14 8 5 4 8 11 15 12 11 3 2 7 14 6 9 3 12 4 16.7874158620834351 243.595494051871782 
18 24 3 17 18 13 1 5 1 16 2 2.70999124060388841 15 3 11 4 33 6 11 6 5 3.36768017929769181 1 4 12 19 1 14 20 2 2 32 2.70999124060388841 5 22 12 6 25 8 10 1 7 9 9 10 3 26 7 4 2 4 16 29 2.70999124060388841 1 3 11 14 13 1 22.4937900900840759 65.1148173230637894 
18 24 3 3 1 7 1 5 1 16 2 2.70999124060388841 15 3 11 10 9 3 11 6 5 3 15 9 12 19 1 16 31 2.70999124060388841 2 32 2.70999124060388841 5 22 12 6 25 8 10 1 7 9 9 10 3 26 7 4 2 4 16 29 2.70999124060388841 1 3 11 14 13 1 22.4921151399612427 72.8660901281039628 
18 24 3 17 18 13 1 5 1 16 2 2.70999124060388841 15 3 11 4 33 6 11 6 5 3 9 9 12 19 1 18 4 2.70999124060388841 2 32 2.70999124060388841 5 22 12 6 25 8 10 1 7 9 9 10 3 26 7 4 2 4 16 29 2.70999124060388841 1 3 11 14 13 1 26.0005073547363281 53.7225946362662086 
18 24 3 17 18 13 1 5 1 16 2 2.70999124060388841 15 3 11 12 18 4 11 6 5 4 30 4 12 19 1 14 15 2 2 32 2.70999124060388841 5 22 12 6 25 8 10 1 7 9 9 10 3 26 7 4 2 4 16 29 2.70999124060388841 1 3 11 14 13 1 21.7338641285896301 77.2954191226206575 
17 24 2.70999124060388841 17 18 13 1 5 1 16 2 2.70999124060388841 15 3 11 4 33 6 11 6 5 13 32 11 12 19 1 4 26 9 2 32 2.70999124060388841 12 9 5 6 25 8 10 1 7 9 9 10 3 26 7 4 2 4 14 17 2 1 3 11 14 13 1 20.1129100322723389 133.619693325299693 
18 24 3 17 18 13 1 5 1 16 2 2.70999124060388841 15 3 11 4 33 6 11 6 5 9 30 9 12 19 1 1 16 12 2 32 2.70999124060388841 5 22 12 6 25 8 10 1 7 9 9 10 3 26 7 4 2 4 16 29 2.70999124060388841 1 3 11 14 13 1 23.0571430921554565 61.4053354238566413 
18 24 3 17 18 13 1 5 1 16 2 2.70999124060388841 15 3 11 4 33 6 11 6 5 3 10 10 12 19 1 18 4 2.70999124060388841 2 32 2.70999124060388841 5 22 12 6 25 8 10 1 7 9 9 10 12 31 9 4 2 4 16 29 2.70999124060388841 1 3 11 14 13 1 28.5161182284355164 53.4141838602145427 
4 1 7 17 18 13 1 5 1 16 2 2.70999124060388841 15 3 11 4 33 6 11 6 5 14 15 9 12 19 1 1 20 12 2 32 2.70999124060388841 5 22 12 6 25 8 10 1 7 9 9 10 3 26 7 4 2 4 16 29 2.70999124060388841 1 3 11 14 13 1 21.4997730255126953 86.3914654864220495 
6 1 11 17 18 13 1 5 1 16 2 2.70999124060388841 15 3 11 4 33 6 11 6 5 4 30 3 12 19 1 6 20 8 2 32 2.70999124060388841 5 22 12 6 25 8 10 1 7 9 9 10 3 26 7 4 2 4 16 29 2.70999124060388841 1 3 11 14 13 1 21.7424410581588745 75.9644345771600769 
13 15 2.70999124060388841 4 5 13 6 3 9 17 6 2 14 15 6 10 1 4 14 32 2 9 12 2 16 6 5 15 23 5 12 19 8 17 7 2 4 32 11 4 31 1 12 26 8 1 15 6.96245171630185755 1 1 12 3 32 8 15 30 5 10 14 3.84646942076222631 18.4081196188926697 173.575872811399165 
18 24 3 17 18 13 1 5 1 16 2 2.70999124060388841 15 3 11 4 33 6 11 6 5 3 26 7 12 19 1 14 20 11 2 32 2.70999124060388841 5 22 12 6 25 8 10 1 7 9 9 10 3 26 7 4 2 4 16 29 2.70999124060388841 1 3 11 14 13 1 22.551760196685791 63.2558637757902602 
14 31 12 17 18 13 1 5 1 16 2 2.70999124060388841 15 3 11 4 33 6 11 6 5 15 30 5 12 19 1 14 12 5 2 32 2.70999124060388841 5 22 12 6 25 8 10 1 7 9 9 10 3 26 7 4 2 4 16 29 2.70999124060388841 1 3 11 14 13 1 21.272051990032196 100.162611687758826 
12 13 5 17 18 13 1 5 1 16 2 2.70999124060388841 15 3 11 4 33 6 11 6 5 8 30 4 12 19 1 14 5 11 2 32 2.70999124060388841 14 30 1 6 25 8 10 1 7 9 9 10 3 26 7 4 2 4 16 16 7 1 3 11 14 13 1 20.333996057510376 103.955758536992434 
18 24 3 14 30 8 1 5 1 16 2 2.70999124060388841 15 3 11 4 33 6 11 6 5 17 31 4 12 19 1 18 4 2.70999124060388841 2 32 2.70999124060388841 5 22 12 6 25 8 10 1 7 9 9 10 3 26 7 4 2 4 16 29 2.70999124060388841 1 3 11 14 13 1 25.3316442966461182 58.2962299272969986 
2 6 1 17 18 13 1 5 1 16 2 2.70999124060388841 15 3 11 14 12 2 11 6 5 4 30 2 12 19 1 10 26 6 2 32 2.70999124060388841 5 22 12 6 25 8 10 1 7 9 9 10 3 26 7 4 2 4 16 29 2.70999124060388841 1 3 11 14 13 1 21.4491699934005737 86.5471068233135554 
2 12 2 14 14 2.70999124060388841 16 23 6.96245171630185755 3 24 5 12 8.22565314501180467 12 6 30 12 1 3 8 14 18 11 9 25 2 3 23 7 12 1 9 1 18 9 2 5 8 12 2 7 4 1 5 17 31 2 15 12 5 14 6 9 9 22 4 12 32 4 18.3336834907531738 176.169036878247368 

Current Evaluation = 70000000(70000000)
Front Size = 38
18 24 3 17 18 13 1 5 1 16 2 2.70999124060388841 14 16 12 6 6 6 11 6 5 4 25 9 12 19 1 14 22 13 2 32 2.70999124060388841 8 20 4 6 25 8 10 1 7 9 9 10 3 26 7 4 2 4 1 30 1 1 3 11 14 13 1 20.0027190446853638 137.304699428011475 
18 24 3 17 18 13 1 5 1 16 2 2.70999124060388841 15 30 11 4 30 9 11 6 5 15 1 9 12 19 1 14 22 13 2 32 2.70999124060388841 5 31 11 6 25 8 10 1 7 9 9 10 3 26 7 4 2 4 16 29 2.70999124060388841 1 3 11 14 13 1 21.1103219389915466 100.429966969797178 
13 20 9 15 18 2 1 15 1 4 1 10 18 24 11 15 18 9 14 8 5 6 1 2 3.36768017929769181 13 9 3 25 6 1 30 4 9 6 2 1 22 7 6 9 12 14 31 6.96245171630185755 4 13 13 12 24 7 15 30 3.84646942076222631 9 1 9 14 9 2 17.5512808561325073 192.064315509052335 
18 24 3 17 18 13 1 5 1 16 2 2.70999124060388841 15 3 11 4 33 6 11 6 5 3.36768017929769181 30 9 12 19 1 18 4 2.70999124060388841 2 32 2.70999124060388841 5 22 12 6 25 8 10 1 7 9 9 10 3 26 7 4 2 4 16 29 2.70999124060388841 1 3 11 14 13 1 25.7344993352890015 54.2174318650238334 
6 26 2 17 18 13 1 5 1 16 2 2.70999124060388841 15 3 11 4 33 6 11 6 5 1 1 4 12 19 1 14 30 5 2 32 2.70999124060388841 5 22 12 6 25 8 10 1 7 9 9 10 3 26 7 4 2 4 16 29 2.70999124060388841 1 3 11 14 13 1 21.3074871301651001 92.0662720948862727 
18 24 3 17 18 13 1 5 1 16 2 2.70999124060388841 15 3 11 4 33 6 11 6 5 4 9 4 12 19 1 14 24 2 2 32 2.70999124060388841 5 22 12 6 25 8 10 1 7 9 9 10 3 26 7 4 2 4 6 25 11 1 3 11 14 13 1 21.6207811832427979 81.570986800629214 
6 19 6 15 32 6 10 18 1 3.36768017929769181 20 12 4 1 10 13 33 6 4 6 2 14 19 6 12 30 2 15 1 1 14 25 7 6 12 7 2 24 13 8 16.1354543567662532 11 6 28 7 16 30 2 2 3 4 17 26 3.84646942076222631 15 25 12 9 24 9 18.6822319030761719 164.281341955258398 
11 20 11 15 25 5 13 6 11 2 32 5 6 6 10 3.36768017929769181 12 13 12 18 1 3 24 6.96245171630185755 2 17 9 14 24 2 6 22 11 8 31 6 16 23 13 4.94126535182462057 30 5 15 25 3 14 12 10 1 15 10 14 32 12 13.2195649013323386 5 11 4 24 13 17.5298928022384644 199.941433566433545 
15 30 5 9 16 13 17 6 1 12 6 9 17 12 12 4 6 12 13 16 5 2 32 2.70999124060388841 13 7 9 9.25570237641795579 26 11 8 5 5 14 6 9 12 1 9 3 18 5 4.94126535182462057 31 5 12 15 6 15 32 12 8 17 3 14 26 10 14 6 11 17.1795786619186401 227.119425019425023 
18 24 3 17 18 13 1 5 1 16 2 2.70999124060388841 15 3 11 4 33 6 11 6 5 3.36768017929769181 31 10 13 25 10 4 15 10 2 32 2.70999124060388841 5 22 12 6 25 8 10 1 7 9 9 10 3 26 7 4 2 4 6 30 12 1 3 11 14 13 1 21.2945552468299866 93.4222729642179388 
6 31 2 17 18 13 1 5 1 16 2 2.70999124060388841 15 3 11 4 33 6 11 6 5 4 1 6 12 19 1 16 8 4 2 32 2.70999124060388841 5 22 12 6 25 8 10 1 7 9 9 10 3 26 7 4 2 4 2 6 11 1 3 11 14 13 1 21.3729720711708069 90.7925033267792969 
18 24 3 17 18 13 1 5 1 16 2 2.70999124060388841 15 3 11 4 33 6 11 6 5 4 30 3 12 19 1 6 15 11 2 32 2.70999124060388841 5 22 12 6 25 8 10 1 7 9 9 10 3 26 7 4 2 4 16 29 2.70999124060388841 1 3 11 14 13 1 22.7162361145019531 62.4561663265102354 
18 24 3 17 18 13 1 5 1 16 2 2.70999124060388841 15 3 11 4 33 6 11 6 5 4 30 9 12 19 1 18 4 2.70999124060388841 2 32 2.70999124060388841 5 22 12 6 25 8 10 1 7 9 9 10 3 26 7 4 2 4 16 29 2.70999124060388841 1 3 11 14 13 1 25.6607033014297485 57.195805743377889 
18 24 3 17 18 13 1 5 1 16 2 2.70999124060388841 15 3 11 4 33 6 11 6 5 3 10 10 12 19 1 18 4 2.70999124060388841 2 32 2.70999124060388841 5 22 12 6 25 8 10 1 7 9 9 10 3 26 7 4 2 4 16 29 2.70999124060388841 1 3 11 14 13 1 28.5913322567939758 52.5430097738473876 
18 24 3 17 18 13 1 5 1 16 2 2.70999124060388841 15 3 11 4 33 6 11 6 5 3.36768017929769181 31 4 12 19 1 16 25 1 2 32 2.70999124060388841 5 22 12 6 25 8 10 1 7 9 9 10 3 26 7 4 2 4 2 1 13 1 3 11 14 13 1 22.1981131434440613 72.8671029702119455 
4 1 3 17 18 13 1 5 1 16 2 2.70999124060388841 15 3 11 4 33 6 11 6 5 3.36768017929769181 31 9 12 19 1 18 4 2.70999124060388841 2 32 2.70999124060388841 5 22 12 6 25 8 10 1 7 9 9 10 3 26 7 4 2 4 16 29 2.70999124060388841 1 3 11 14 13 1 24.987369179725647 59.1918595442767455 
18 24 3 17 18 13 14 12 1 16 2 2.70999124060388841 15 3 11 4 33 6 11 6 5 3 30 4 12 19 1 18 4 2.70999124060388841 2 32 2.70999124060388841 5 22 12 6 25 8 10 1 7 9 9 10 3 26 7 4 2 4 16 29 2.70999124060388841 1 3 11 14 13 1 25.404654324054718 57.8725075287280788 
18 24 3 17 18 13 1 5 1 16 2 2.70999124060388841 15 3 11 4 33 6 11 6 5 3 30 6 12 19 1 18 6 2.70999124060388841 2 32 2.70999124060388841 5 22 12 6 25 8 10 1 7 9 9 10 3 26 7 4 2 4 16 29 2.70999124060388841 1 3 11 14 13 1 23.5975010991096497 59.6274160676342362 
18 24 3 3.36768017929769181 30 2 1 5 1 16 2 2.70999124060388841 15 3 11 6 15 11 11 6 5 9 23 4 12 19 1 14 20 3 2 32 2.70999124060388841 5 22 12 6 25 8 10 1 7 9 9 10 3 26 7 4 2 4 3 15 6.96245171630185755 1 3 11 14 13 1 21.377729058265686 89.879886020579761 
3 22 4 2 25 10 3 1 3 1 3 6 13 30 4 6 26 4 17 31 2 1 18 4 14 28 9 14 1 10 1 24 2.70999124060388841 17 2 2 4 6 3 14 16.1354543567662532 9 14 8 5 4 8 11 15 12 11 3 2 7 14 6 9 3 12 4 16.7874158620834351 243.595494051871782 
18 24 3 17 18 13 1 5 1 16 2 2.70999124060388841 15 3 11 4 33 6 11 6 5 3.36768017929769181 1 4 12 19 1 14 20 2 2 32 2.70999124060388841 5 22 12 6 25 8 10 1 7 9 9 10 3 26 7 4 2 4 16 29 2.70999124060388841 1 3 11 14 13 1 22.4937900900840759 65.1148173230637894 
18 24 3 3 1 7 1 5 1 16 2 2.70999124060388841 15 3 11 10 9 3 11 6 5 3 15 9 12 19 1 16 31 2.70999124060388841 2 32 2.70999124060388841 5 22 12 6 25 8 10 1 7 9 9 10 3 26 7 4 2 4 16 29 2.70999124060388841 1 3 11 14 13 1 22.4921151399612427 72.8660901281039628 
18 24 3 17 18 13 1 5 1 16 2 2.70999124060388841 15 3 11 4 33 6 11 6 5 3 9 9 12 19 1 18 4 2.70999124060388841 2 32 2.70999124060388841 5 22 12 6 25 8 10 1 7 9 9 10 3 26 7 4 2 4 16 29 2.70999124060388841 1 3 11 14 13 1 26.0005073547363281 53.7225946362662086 
18 24 3 17 18 13 1 5 1 16 2 2.70999124060388841 15 3 11 12 18 4 11 6 5 4 30 4 12 19 1 14 15 2 2 32 2.70999124060388841 5 22 12 6 25 8 10 1 7 9 9 10 3 26 7 4 2 4 16 29 2.70999124060388841 1 3 11 14 13 1 21.7338641285896301 77.2954191226206575 
17 24 2.70999124060388841 17 18 13 1 5 1 16 2 2.70999124060388841 15 3 11 4 33 6 11 6 5 13 32 11 12 19 1 4 26 9 2 32 2.70999124060388841 12 9 5 6 25 8 10 1 7 9 9 10 3 26 7 4 2 4 14 17 2 1 3 11 14 13 1 20.1129100322723389 133.619693325299693 
18 24 3 17 18 13 1 5 1 16 2 2.70999124060388841 15 3 11 4 33 6 11 6 5 9 30 9 12 19 1 1 16 12 2 32 2.70999124060388841 5 22 12 6 25 8 10 1 7 9 9 10 3 26 7 4 2 4 16 29 2.70999124060388841 1 3 11 14 13 1 23.0571430921554565 61.4053354238566413 
18 24 3 17 18 13 1 5 1 16 2 2.70999124060388841 15 3 11 4 33 6 11 6 5 3 10 10 12 19 1 18 4 2.70999124060388841 2 32 2.70999124060388841 5 22 12 6 25 8 10 1 7 9 9 10 12 31 9 4 2 4 16 29 2.70999124060388841 1 3 11 14 13 1 28.5161182284355164 53.4141838602145427 
4 1 7 17 18 13 1 5 1 16 2 2.70999124060388841 15 3 11 4 33 6 11 6 5 14 15 9 12 19 1 1 20 12 2 32 2.70999124060388841 5 22 12 6 25 8 10 1 7 9 9 10 3 26 7 4 2 4 16 29 2.70999124060388841 1 3 11 14 13 1 21.4997730255126953 86.3914654864220495 
6 1 11 17 18 13 1 5 1 16 2 2.70999124060388841 15 3 11 4 33 6 11 6 5 4 30 3 12 19 1 6 20 8 2 32 2.70999124060388841 5 22 12 6 25 8 10 1 7 9 9 10 3 26 7 4 2 4 16 29 2.70999124060388841 1 3 11 14 13 1 21.7424410581588745 75.9644345771600769 
13 15 2.70999124060388841 4 5 13 6 3 9 17 6 2 14 15 6 10 1 4 14 32 2 9 12 2 16 6 5 15 23 5 12 19 8 17 7 2 4 32 11 4 31 1 12 26 8 1 15 6.96245171630185755 1 1 12 3 32 8 15 30 5 10 14 3.84646942076222631 18.4081196188926697 173.575872811399165 
18 24 3 17 18 13 1 5 1 16 2 2.70999124060388841 15 3 11 4 33 6 11 6 5 3 26 7 12 19 1 14 20 11 2 32 2.70999124060388841 5 22 12 6 25 8 10 1 7 9 9 10 3 26 7 4 2 4 16 29 2.70999124060388841 1 3 11 14 13 1 22.551760196685791 63.2558637757902602 
14 31 12 17 18 13 1 5 1 16 2 2.70999124060388841 15 3 11 4 33 6 11 6 5 15 30 5 12 19 1 14 12 5 2 32 2.70999124060388841 5 22 12 6 25 8 10 1 7 9 9 10 3 26 7 4 2 4 16 29 2.70999124060388841 1 3 11 14 13 1 21.272051990032196 100.162611687758826 
12 13 5 17 18 13 1 5 1 16 2 2.70999124060388841 15 3 11 4 33 6 11 6 5 8 30 4 12 19 1 14 5 11 2 32 2.70999124060388841 14 30 1 6 25 8 10 1 7 9 9 10 3 26 7 4 2 4 16 16 7 1 3 11 14 13 1 20.333996057510376 103.955758536992434 
18 24 3 14 30 8 1 5 1 16 2 2.70999124060388841 15 3 11 4 33 6 11 6 5 17 31 4 12 19 1 18 4 2.70999124060388841 2 32 2.70999124060388841 5 22 12 6 25 8 10 1 7 9 9 10 3 26 7 4 2 4 16 29 2.70999124060388841 1 3 11 14 13 1 25.3316442966461182 58.2962299272969986 
2 6 1 17 18 13 1 5 1 16 2 2.70999124060388841 15 3 11 14 12 2 11 6 5 4 30 2 12 19 1 10 26 6 2 32 2.70999124060388841 5 22 12 6 25 8 10 1 7 9 9 10 3 26 7 4 2 4 16 29 2.70999124060388841 1 3 11 14 13 1 21.4491699934005737 86.5471068233135554 
2 12 2 14 14 2.70999124060388841 16 23 6.96245171630185755 3 24 5 12 8.22565314501180467 12 6 30 12 1 3 8 14 18 11 9 25 2 3 23 7 12 1 9 1 18 9 2 5 8 12 2 7 4 1 5 17 31 2 15 12 5 14 6 9 9 22 4 12 32 4 18.3336834907531738 176.169036878247368 
18 24 3 17 18 13 1 5 1 16 2 2.70999124060388841 15 3 11 4 33 6 11 6 5 13 22 13 1 19 13 12 26 2 2 32 2.70999124060388841 17 31 13 6 25 8 10 1 7 9 9 10 3 26 7 4 2 4 14 30 12 1 3 11 14 13 1 20.8445470929145813 101.431451438041876 
18 24 3 17 18 13 1 5 1 16 2 2.70999124060388841 15 3 11 4 33 6 11 6 5 3.36768017929769181 31 4 12 19 1 18 4 2.70999124060388841 2 32 2.70999124060388841 5 22 12 6 25 8 10 1 7 9 9 10 3 26 7 4 2 4 16 29 2.70999124060388841 1 3 11 14 13 1 25.8628023266792297 54.0679924119328987 

Current Evaluation = 80000000(80000000)
Front Size = 38
18 24 3 17 18 13 1 5 1 16 2 2.70999124060388841 14 16 12 6 6 6 11 6 5 4 25 9 12 19 1 14 22 13 2 32 2.70999124060388841 8 20 4 6 25 8 10 1 7 9 9 10 3 26 7 4 2 4 1 30 1 1 3 11 14 13 1 20.0027190446853638 137.304699428011475 
18 24 3 17 18 13 1 5 1 16 2 2.70999124060388841 15 30 11 4 30 9 11 6 5 15 1 9 12 19 1 14 22 13 2 32 2.70999124060388841 5 31 11 6 25 8 10 1 7 9 9 10 3 26 7 4 2 4 16 29 2.70999124060388841 1 3 11 14 13 1 21.1103219389915466 100.429966969797178 
13 20 9 15 18 2 1 15 1 4 1 10 18 24 11 15 18 9 14 8 5 6 1 2 3.36768017929769181 13 9 3 25 6 1 30 4 9 6 2 1 22 7 6 9 12 14 31 6.96245171630185755 4 13 13 12 24 7 15 30 3.84646942076222631 9 1 9 14 9 2 17.5512808561325073 192.064315509052335 
18 24 3 17 18 13 1 5 1 16 2 2.70999124060388841 15 3 11 4 33 6 11 6 5 3.36768017929769181 30 9 12 19 1 18 4 2.70999124060388841 2 32 2.70999124060388841 5 22 12 6 25 8 10 1 7 9 9 10 3 26 7 4 2 4 16 29 2.70999124060388841 1 3 11 14 13 1 25.7344993352890015 54.2174318650238334 
6 26 2 17 18 13 1 5 1 16 2 2.70999124060388841 15 3 11 4 33 6 11 6 5 1 1 4 12 19 1 14 30 5 2 32 2.70999124060388841 5 22 12 6 25 8 10 1 7 9 9 10 3 26 7 4 2 4 16 29 2.70999124060388841 1 3 11 14 13 1 21.3074871301651001 92.0662720948862727 
18 24 3 17 18 13 1 5 1 16 2 2.70999124060388841 15 3 11 4 33 6 11 6 5 4 9 4 12 19 1 14 24 2 2 32 2.70999124060388841 5 22 12 6 25 8 10 1 7 9 9 10 3 26 7 4 2 4 6 25 11 1 3 11 14 13 1 21.6207811832427979 81.570986800629214 
6 19 6 15 32 6 10 18 1 3.36768017929769181 20 12 4 1 10 13 33 6 4 6 2 14 19 6 12 30 2 15 1 1 14 25 7 6 12 7 2 24 13 8 16.1354543567662532 11 6 28 7 16 30 2 2 3 4 17 26 3.84646942076222631 15 25 12 9 24 9 18.6822319030761719 164.281341955258398 
11 20 11 15 25 5 13 6 11 2 32 5 6 6 10 3.36768017929769181 12 13 12 18 1 3 24 6.96245171630185755 2 17 9 14 24 2 6 22 11 8 31 6 16 23 13 4.94126535182462057 30 5 15 25 3 14 12 10 1 15 10 14 32 12 13.2195649013323386 5 11 4 24 13 17.5298928022384644 199.941433566433545 
15 30 5 9 16 13 17 6 1 12 6 9 17 12 12 4 6 12 13 16 5 2 32 2.70999124060388841 13 7 9 9.25570237641795579 26 11 8 5 5 14 6 9 12 1 9 3 18 5 4.94126535182462057 31 5 12 15 6 15 32 12 8 17 3 14 26 10 14 6 11 17.1795786619186401 227.119425019425023 
18 24 3 17 18 13 1 5 1 16 2 2.70999124060388841 15 3 11 4 33 6 11 6 5 3.36768017929769181 31 10 13 25 10 4 15 10 2 32 2.70999124060388841 5 22 12 6 25 8 10 1 7 9 9 10 3 26 7 4 2 4 6 30 12 1 3 11 14 13 1 21.2945552468299866 93.4222729642179388 
6 31 2 17 18 13 1 5 1 16 2 2.70999124060388841 15 3 11 4 33 6 11 6 5 4 1 6 12 19 1 16 8 4 2 32 2.70999124060388841 5 22 12 6 25 8 10 1 7 9 9 10 3 26 7 4 2 4 2 6 11 1 3 11 14 13 1 21.3729720711708069 90.7925033267792969 
18 24 3 17 18 13 1 5 1 16 2 2.70999124060388841 15 3 11 4 33 6 11 6 5 4 30 3 12 19 1 6 15 11 2 32 2.70999124060388841 5 22 12 6 25 8 10 1 7 9 9 10 3 26 7 4 2 4 16 29 2.70999124060388841 1 3 11 14 13 1 22.7162361145019531 62.4561663265102354 
18 24 3 17 18 13 1 5 1 16 2 2.70999124060388841 15 3 11 4 33 6 11 6 5 4 30 9 12 19 1 18 4 2.70999124060388841 2 32 2.70999124060388841 5 22 12 6 25 8 10 1 7 9 9 10 3 26 7 4 2 4 16 29 2.70999124060388841 1 3 11 14 13 1 25.6607033014297485 57.195805743377889 
18 24 3 17 18 13 1 5 1 16 2 2.70999124060388841 15 3 11 4 33 6 11 6 5 3 10 10 12 19 1 18 4 2.70999124060388841 2 32 2.70999124060388841 5 22 12 6 25 8 10 1 7 9 9 10 3 26 7 4 2 4 16 29 2.70999124060388841 1 3 11 14 13 1 28.5913322567939758 52.5430097738473876 
18 24 3 17 18 13 1 5 1 16 2 2.70999124060388841 15 3 11 4 33 6 11 6 5 3.36768017929769181 31 4 12 19 1 16 25 1 2 32 2.70999124060388841 5 22 12 6 25 8 10 1 7 9 9 10 3 26 7 4 2 4 2 1 13 1 3 11 14 13 1 22.1981131434440613 72.8671029702119455 
4 1 3 17 18 13 1 5 1 16 2 2.70999124060388841 15 3 11 4 33 6 11 6 5 3.36768017929769181 31 9 12 19 1 18 4 2.70999124060388841 2 32 2.70999124060388841 5 22 12 6 25 8 10 1 7 9 9 10 3 26 7 4 2 4 16 29 2.70999124060388841 1 3 11 14 13 1 24.987369179725647 59.1918595442767455 
18 24 3 17 18 13 14 12 1 16 2 2.70999124060388841 15 3 11 4 33 6 11 6 5 3 30 4 12 19 1 18 4 2.70999124060388841 2 32 2.70999124060388841 5 22 12 6 25 8 10 1 7 9 9 10 3 26 7 4 2 4 16 29 2.70999124060388841 1 3 11 14 13 1 25.404654324054718 57.8725075287280788 
18 24 3 17 18 13 1 5 1 16 2 2.70999124060388841 15 3 11 4 33 6 11 6 5 3 30 6 12 19 1 18 6 2.70999124060388841 2 32 2.70999124060388841 5 22 12 6 25 8 10 1 7 9 9 10 3 26 7 4 2 4 16 29 2.70999124060388841 1 3 11 14 13 1 23.5975010991096497 59.6274160676342362 
18 24 3 3.36768017929769181 30 2 1 5 1 16 2 2.70999124060388841 15 3 11 6 15 11 11 6 5 9 23 4 12 19 1 14 20 3 2 32 2.70999124060388841 5 22 12 6 25 8 10 1 7 9 9 10 3 26 7 4 2 4 3 15 6.96245171630185755 1 3 11 14 13 1 21.377729058265686 89.879886020579761 
3 22 4 2 25 10 3 1 3 1 3 6 13 30 4 6 26 4 17 31 2 1 18 4 14 28 9 14 1 10 1 24 2.70999124060388841 17 2 2 4 6 3 14 16.1354543567662532 9 14 8 5 4 8 11 15 12 11 3 2 7 14 6 9 3 12 4 16.7874158620834351 243.595494051871782 
18 24 3 17 18 13 1 5 1 16 2 2.70999124060388841 15 3 11 4 33 6 11 6 5 3.36768017929769181 1 4 12 19 1 14 20 2 2 32 2.70999124060388841 5 22 12 6 25 8 10 1 7 9 9 10 3 26 7 4 2 4 16 29 2.70999124060388841 1 3 11 14 13 1 22.4937900900840759 65.1148173230637894 
18 24 3 3 1 7 1 5 1 16 2 2.70999124060388841 15 3 11 10 9 3 11 6 5 3 15 9 12 19 1 16 31 2.70999124060388841 2 32 2.70999124060388841 5 22 12 6 25 8 10 1 7 9 9 10 3 26 7 4 2 4 16 29 2.70999124060388841 1 3 11 14 13 1 22.4921151399612427 72.8660901281039628 
18 24 3 17 18 13 1 5 1 16 2 2.70999124060388841 15 3 11 4 33 6 11 6 5 3 9 9 12 19 1 18 4 2.70999124060388841 2 32 2.70999124060388841 5 22 12 6 25 8 10 1 7 9 9 10 3 26 7 4 2 4 16 29 2.70999124060388841 1 3 11 14 13 1 26.0005073547363281 53.7225946362662086 
18 24 3 17 18 13 1 5 1 16 2 2.70999124060388841 15 3 11 12 18 4 11 6 5 4 30 4 12 19 1 14 15 2 2 32 2.70999124060388841 5 22 12 6 25 8 10 1 7 9 9 10 3 26 7 4 2 4 16 29 2.70999124060388841 1 3 11 14 13 1 21.7338641285896301 77.2954191226206575 
17 24 2.70999124060388841 17 18 13 1 5 1 16 2 2.70999124060388841 15 3 11 4 33 6 11 6 5 13 32 11 12 19 1 4 26 9 2 32 2.70999124060388841 12 9 5 6 25 8 10 1 7 9 9 10 3 26 7 4 2 4 14 17 2 1 3 11 14 13 1 20.1129100322723389 133.619693325299693 
18 24 3 17 18 13 1 5 1 16 2 2.70999124060388841 15 3 11 4 33 6 11 6 5 9 30 9 12 19 1 1 16 12 2 32 2.70999124060388841 5 22 12 6 25 8 10 1 7 9 9 10 3 26 7 4 2 4 16 29 2.70999124060388841 1 3 11 14 13 1 23.0571430921554565 61.4053354238566413 
18 24 3 17 18 13 1 5 1 16 2 2.70999124060388841 15 3 11 4 33 6 11 6 5 3 10 10 12 19 1 18 4 2.70999124060388841 2 32 2.70999124060388841 5 22 12 6 25 8 10 1 7 9 9 10 12 31 9 4 2 4 16 29 2.70999124060388841 1 3 11 14 13 1 28.5161182284355164 53.4141838602145427 
4 1 7 17 18 13 1 5 1 16 2 2.70999124060388841 15 3 11 4 33 6 11 6 5 14 15 9 12 19 1 1 20 12 2 32 2.70999124060388841 5 22 12 6 25 8 10 1 7 9 9 10 3 26 7 4 2 4 16 29 2.70999124060388841 1 3 11 14 13 1 21.4997730255126953 86.3914654864220495 
6 1 11 17 18 13 1 5 1 16 2 2.70999124060388841 15 3 11 4 33 6 11 6 5 4 30 3 12 19 1 6 20 8 2 32 2.70999124060388841 5 22 12 6 25 8 10 1 7 9 9 10 3 26 7 4 2 4 16 29 2.70999124060388841 1 3 11 14 13 1 21.7424410581588745 75.9644345771600769 
13 15 2.70999124060388841 4 5 13 6 3 9 17 6 2 14 15 6 10 1 4 14 32 2 9 12 2 16 6 5 15 23 5 12 19 8 17 7 2 4 32 11 4 31 1 12 26 8 1 15 6.96245171630185755 1 1 12 3 32 8 15 30 5 10 14 3.84646942076222631 18.4081196188926697 173.575872811399165 
18 24 3 17 18 13 1 5 1 16 2 2.70999124060388841 15 3 11 4 33 6 11 6 5 3 26 7 12 19 1 14 20 11 2 32 2.70999124060388841 5 22 12 6 25 8 10 1 7 9 9 10 3 26 7 4 2 4 16 29 2.70999124060388841 1 3 11 14 13 1 22.551760196685791 63.2558637757902602 
14 31 12 17 18 13 1 5 1 16 2 2.70999124060388841 15 3 11 4 33 6 11 6 5 15 30 5 12 19 1 14 12 5 2 32 2.70999124060388841 5 22 12 6 25 8 10 1 7 9 9 10 3 26 7 4 2 4 16 29 2.70999124060388841 1 3 11 14 13 1 21.272051990032196 100.162611687758826 
12 13 5 17 18 13 1 5 1 16 2 2.70999124060388841 15 3 11 4 33 6 11 6 5 8 30 4 12 19 1 14 5 11 2 32 2.70999124060388841 14 30 1 6 25 8 10 1 7 9 9 10 3 26 7 4 2 4 16 16 7 1 3 11 14 13 1 20.333996057510376 103.955758536992434 
2 6 1 17 18 13 1 5 1 16 2 2.70999124060388841 15 3 11 14 12 2 11 6 5 4 30 2 12 19 1 10 26 6 2 32 2.70999124060388841 5 22 12 6 25 8 10 1 7 9 9 10 3 26 7 4 2 4 16 29 2.70999124060388841 1 3 11 14 13 1 21.4491699934005737 86.5471068233135554 
2 12 2 14 14 2.70999124060388841 16 23 6.96245171630185755 3 24 5 12 8.22565314501180467 12 6 30 12 1 3 8 14 18 11 9 25 2 3 23 7 12 1 9 1 18 9 2 5 8 12 2 7 4 1 5 17 31 2 15 12 5 14 6 9 9 22 4 12 32 4 18.3336834907531738 176.169036878247368 
18 24 3 17 18 13 1 5 1 16 2 2.70999124060388841 15 3 11 4 33 6 11 6 5 13 22 13 1 19 13 12 26 2 2 32 2.70999124060388841 17 31 13 6 25 8 10 1 7 9 9 10 3 26 7 4 2 4 14 30 12 1 3 11 14 13 1 20.8445470929145813 101.431451438041876 
18 24 3 17 18 13 1 5 1 16 2 2.70999124060388841 15 3 11 4 33 6 11 6 5 3.36768017929769181 31 4 12 19 1 18 4 2.70999124060388841 2 32 2.70999124060388841 5 22 12 6 25 8 10 1 7 9 9 10 3 26 7 4 2 4 16 29 2.70999124060388841 1 3 11 14 13 1 25.8628023266792297 54.0679924119328987 
9 26 5 17 18 13 1 5 1 16 2 2.70999124060388841 15 3 11 4 33 6 11 6 5 3 24 10 12 19 1 18 4 2.70999124060388841 2 32 2.70999124060388841 5 22 12 6 25 8 10 1 7 9 9 10 3 26 7 4 2 4 16 29 2.70999124060388841 1 3 11 14 13 1 25.1977962255477905 57.988169455658479 

Current Evaluation = 90000000(90000000)
Front Size = 39
18 24 3 17 18 13 1 5 1 16 2 2.70999124060388841 14 16 12 6 6 6 11 6 5 4 25 9 12 19 1 14 22 13 2 32 2.70999124060388841 8 20 4 6 25 8 10 1 7 9 9 10 3 26 7 4 2 4 1 30 1 1 3 11 14 13 1 20.0027190446853638 137.304699428011475 
18 24 3 17 18 13 1 5 1 16 2 2.70999124060388841 15 30 11 4 30 9 11 6 5 15 1 9 12 19 1 14 22 13 2 32 2.70999124060388841 5 31 11 6 25 8 10 1 7 9 9 10 3 26 7 4 2 4 16 29 2.70999124060388841 1 3 11 14 13 1 21.1103219389915466 100.429966969797178 
13 20 9 15 18 2 1 15 1 4 1 10 18 24 11 15 18 9 14 8 5 6 1 2 3.36768017929769181 13 9 3 25 6 1 30 4 9 6 2 1 22 7 6 9 12 14 31 6.96245171630185755 4 13 13 12 24 7 15 30 3.84646942076222631 9 1 9 14 9 2 17.5512808561325073 192.064315509052335 
18 24 3 17 18 13 1 5 1 16 2 2.70999124060388841 15 3 11 4 33 6 11 6 5 3.36768017929769181 30 9 12 19 1 18 4 2.70999124060388841 2 32 2.70999124060388841 5 22 12 6 25 8 10 1 7 9 9 10 3 26 7 4 2 4 16 29 2.70999124060388841 1 3 11 14 13 1 25.7344993352890015 54.2174318650238334 
6 26 2 17 18 13 1 5 1 16 2 2.70999124060388841 15 3 11 4 33 6 11 6 5 1 1 4 12 19 1 14 30 5 2 32 2.70999124060388841 5 22 12 6 25 8 10 1 7 9 9 10 3 26 7 4 2 4 16 29 2.70999124060388841 1 3 11 14 13 1 21.3074871301651001 92.0662720948862727 
18 24 3 17 18 13 1 5 1 16 2 2.70999124060388841 15 3 11 4 33 6 11 6 5 4 9 4 12 19 1 14 24 2 2 32 2.70999124060388841 5 22 12 6 25 8 10 1 7 9 9 10 3 26 7 4 2 4 6 25 11 1 3 11 14 13 1 21.6207811832427979 81.570986800629214 
6 19 6 15 32 6 10 18 1 3.36768017929769181 20 12 4 1 10 13 33 6 4 6 2 14 19 6 12 30 2 15 1 1 14 25 7 6 12 7 2 24 13 8 16.1354543567662532 11 6 28 7 16 30 2 2 3 4 17 26 3.84646942076222631 15 25 12 9 24 9 18.6822319030761719 164.281341955258398 
11 20 11 15 25 5 13 6 11 2 32 5 6 6 10 3.36768017929769181 12 13 12 18 1 3 24 6.96245171630185755 2 17 9 14 24 2 6 22 11 8 31 6 16 23 13 4.94126535182462057 30 5 15 25 3 14 12 10 1 15 10 14 32 12 13.2195649013323386 5 11 4 24 13 17.5298928022384644 199.941433566433545 
15 30 5 9 16 13 17 6 1 12 6 9 17 12 12 4 6 12 13 16 5 2 32 2.70999124060388841 13 7 9 9.25570237641795579 26 11 8 5 5 14 6 9 12 1 9 3 18 5 4.94126535182462057 31 5 12 15 6 15 32 12 8 17 3 14 26 10 14 6 11 17.1795786619186401 227.119425019425023 
18 24 3 17 18 13 1 5 1 16 2 2.70999124060388841 15 3 11 4 33 6 11 6 5 3.36768017929769181 31 10 13 25 10 4 15 10 2 32 2.70999124060388841 5 22 12 6 25 8 10 1 7 9 9 10 3 26 7 4 2 4 6 30 12 1 3 11 14 13 1 21.2945552468299866 93.4222729642179388 
6 31 2 17 18 13 1 5 1 16 2 2.70999124060388841 15 3 11 4 33 6 11 6 5 4 1 6 12 19 1 16 8 4 2 32 2.70999124060388841 5 22 12 6 25 8 10 1 7 9 9 10 3 26 7 4 2 4 2 6 11 1 3 11 14 13 1 21.3729720711708069 90.7925033267792969 
18 24 3 17 18 13 1 5 1 16 2 2.70999124060388841 15 3 11 4 33 6 11 6 5 4 30 3 12 19 1 6 15 11 2 32 2.70999124060388841 5 22 12 6 25 8 10 1 7 9 9 10 3 26 7 4 2 4 16 29 2.70999124060388841 1 3 11 14 13 1 22.7162361145019531 62.4561663265102354 
18 24 3 17 18 13 1 5 1 16 2 2.70999124060388841 15 3 11 4 33 6 11 6 5 4 30 9 12 19 1 18 4 2.70999124060388841 2 32 2.70999124060388841 5 22 12 6 25 8 10 1 7 9 9 10 3 26 7 4 2 4 16 29 2.70999124060388841 1 3 11 14 13 1 25.6607033014297485 57.195805743377889 
18 24 3 17 18 13 1 5 1 16 2 2.70999124060388841 15 3 11 4 33 6 11 6 5 3 10 10 12 19 1 18 4 2.70999124060388841 2 32 2.70999124060388841 5 22 12 6 25 8 10 1 7 9 9 10 3 26 7 4 2 4 16 29 2.70999124060388841 1 3 11 14 13 1 28.5913322567939758 52.5430097738473876 
18 24 3 17 18 13 1 5 1 16 2 2.70999124060388841 15 3 11 4 33 6 11 6 5 3.36768017929769181 31 4 12 19 1 16 25 1 2 32 2.70999124060388841 5 22 12 6 25 8 10 1 7 9 9 10 3 26 7 4 2 4 2 1 13 1 3 11 14 13 1 22.1981131434440613 72.8671029702119455 
4 1 3 17 18 13 1 5 1 16 2 2.70999124060388841 15 3 11 4 33 6 11 6 5 3.36768017929769181 31 9 12 19 1 18 4 2.70999124060388841 2 32 2.70999124060388841 5 22 12 6 25 8 10 1 7 9 9 10 3 26 7 4 2 4 16 29 2.70999124060388841 1 3 11 14 13 1 24.987369179725647 59.1918595442767455 
18 24 3 17 18 13 14 12 1 16 2 2.70999124060388841 15 3 11 4 33 6 11 6 5 3 30 4 12 19 1 18 4 2.70999124060388841 2 32 2.70999124060388841 5 22 12 6 25 8 10 1 7 9 9 10 3 26 7 4 2 4 16 29 2.70999124060388841 1 3 11 14 13 1 25.404654324054718 57.8725075287280788 
18 24 3 17 18 13 1 5 1 16 2 2.70999124060388841 15 3 11 4 33 6 11 6 5 3 30 6 12 19 1 18 6 2.70999124060388841 2 32 2.70999124060388841 5 22 12 6 25 8 10 1 7 9 9 10 3 26 7 4 2 4 16 29 2.70999124060388841 1 3 11 14 13 1 23.5975010991096497 59.6274160676342362 
18 24 3 3.36768017929769181 30 2 1 5 1 16 2 2.70999124060388841 15 3 11 6 15 11 11 6 5 9 23 4 12 19 1 14 20 3 2 32 2.70999124060388841 5 22 12 6 25 8 10 1 7 9 9 10 3 26 7 4 2 4 3 15 6.96245171630185755 1 3 11 14 13 1 21.377729058265686 89.879886020579761 
3 22 4 2 25 10 3 1 3 1 3 6 13 30 4 6 26 4 17 31 2 1 18 4 14 28 9 14 1 10 1 24 2.70999124060388841 17 2 2 4 6 3 14 16.1354543567662532 9 14 8 5 4 8 11 15 12 11 3 2 7 14 6 9 3 12 4 16.7874158620834351 243.595494051871782 
18 24 3 17 18 13 1 5 1 16 2 2.70999124060388841 15 3 11 4 33 6 11 6 5 3.36768017929769181 1 4 12 19 1 14 20 2 2 32 2.70999124060388841 5 22 12 6 25 8 10 1 7 9 9 10 3 26 7 4 2 4 16 29 2.70999124060388841 1 3 11 14 13 1 22.4937900900840759 65.1148173230637894 
18 24 3 3 1 7 1 5 1 16 2 2.70999124060388841 15 3 11 10 9 3 11 6 5 3 15 9 12 19 1 16 31 2.70999124060388841 2 32 2.70999124060388841 5 22 12 6 25 8 10 1 7 9 9 10 3 26 7 4 2 4 16 29 2.70999124060388841 1 3 11 14 13 1 22.4921151399612427 72.8660901281039628 
18 24 3 17 18 13 1 5 1 16 2 2.70999124060388841 15 3 11 4 33 6 11 6 5 3 9 9 12 19 1 18 4 2.70999124060388841 2 32 2.70999124060388841 5 22 12 6 25 8 10 1 7 9 9 10 3 26 7 4 2 4 16 29 2.70999124060388841 1 3 11 14 13 1 26.0005073547363281 53.7225946362662086 
18 24 3 17 18 13 1 5 1 16 2 2.70999124060388841 15 3 11 12 18 4 11 6 5 4 30 4 12 19 1 14 15 2 2 32 2.70999124060388841 5 22 12 6 25 8 10 1 7 9 9 10 3 26 7 4 2 4 16 29 2.70999124060388841 1 3 11 14 13 1 21.7338641285896301 77.2954191226206575 
17 24 2.70999124060388841 17 18 13 1 5 1 16 2 2.70999124060388841 15 3 11 4 33 6 11 6 5 13 32 11 12 19 1 4 26 9 2 32 2.70999124060388841 12 9 5 6 25 8 10 1 7 9 9 10 3 26 7 4 2 4 14 17 2 1 3 11 14 13 1 20.1129100322723389 133.619693325299693 
18 24 3 17 18 13 1 5 1 16 2 2.70999124060388841 15 3 11 4 33 6 11 6 5 9 30 9 12 19 1 1 16 12 2 32 2.70999124060388841 5 22 12 6 25 8 10 1 7 9 9 10 3 26 7 4 2 4 16 29 2.70999124060388841 1 3 11 14 13 1 23.0571430921554565 61.4053354238566413 
4 1 7 17 18 13 1 5 1 16 2 2.70999124060388841 15 3 11 4 33 6 11 6 5 14 15 9 12 19 1 1 20 12 2 32 2.70999124060388841 5 22 12 6 25 8 10 1 7 9 9 10 3 26 7 4 2 4 16 29 2.70999124060388841 1 3 11 14 13 1 21.4997730255126953 86.3914654864220495 
6 1 11 17 18 13 1 5 1 16 2 2.70999124060388841 15 3 11 4 33 6 11 6 5 4 30 3 12 19 1 6 20 8 2 32 2.70999124060388841 5 22 12 6 25 8 10 1 7 9 9 10 3 26 7 4 2 4 16 29 2.70999124060388841 1 3 11 14 13 1 21.7424410581588745 75.9644345771600769 
13 15 2.70999124060388841 4 5 13 6 3 9 17 6 2 14 15 6 10 1 4 14 32 2 9 12 2 16 6 5 15 23 5 12 19 8 17 7 2 4 32 11 4 31 1 12 26 8 1 15 6.96245171630185755 1 1 12 3 32 8 15 30 5 10 14 3.84646942076222631 18.4081196188926697 173.575872811399165 
18 24 3 17 18 13 1 5 1 16 2 2.70999124060388841 15 3 11 4 33 6 11 6 5 3 26 7 12 19 1 14 20 11 2 32 2.70999124060388841 5 22 12 6 25 8 10 1 7 9 9 10 3 26 7 4 2 4 16 29 2.70999124060388841 1 3 11 14 13 1 22.551760196685791 63.2558637757902602 
14 31 12 17 18 13 1 5 1 16 2 2.70999124060388841 15 3 11 4 33 6 11 6 5 15 30 5 12 19 1 14 12 5 2 32 2.70999124060388841 5 22 12 6 25 8 10 1 7 9 9 10 3 26 7 4 2 4 16 29 2.70999124060388841 1 3 11 14 13 1 21.272051990032196 100.162611687758826 
12 13 5 17 18 13 1 5 1 16 2 2.70999124060388841 15 3 11 4 33 6 11 6 5 8 30 4 12 19 1 14 5 11 2 32 2.70999124060388841 14 30 1 6 25 8 10 1 7 9 9 10 3 26 7 4 2 4 16 16 7 1 3 11 14 13 1 20.333996057510376 103.955758536992434 
2 6 1 17 18 13 1 5 1 16 2 2.70999124060388841 15 3 11 14 12 2 11 6 5 4 30 2 12 19 1 10 26 6 2 32 2.70999124060388841 5 22 12 6 25 8 10 1 7 9 9 10 3 26 7 4 2 4 16 29 2.70999124060388841 1 3 11 14 13 1 21.4491699934005737 86.5471068233135554 
2 12 2 14 14 2.70999124060388841 16 23 6.96245171630185755 3 24 5 12 8.22565314501180467 12 6 30 12 1 3 8 14 18 11 9 25 2 3 23 7 12 1 9 1 18 9 2 5 8 12 2 7 4 1 5 17 31 2 15 12 5 14 6 9 9 22 4 12 32 4 18.3336834907531738 176.169036878247368 
18 24 3 17 18 13 1 5 1 16 2 2.70999124060388841 15 3 11 4 33 6 11 6 5 13 22 13 1 19 13 12 26 2 2 32 2.70999124060388841 17 31 13 6 25 8 10 1 7 9 9 10 3 26 7 4 2 4 14 30 12 1 3 11 14 13 1 20.8445470929145813 101.431451438041876 
18 24 3 17 18 13 1 5 1 16 2 2.70999124060388841 15 3 11 4 33 6 11 6 5 3.36768017929769181 31 4 12 19 1 18 4 2.70999124060388841 2 32 2.70999124060388841 5 22 12 6 25 8 10 1 7 9 9 10 3 26 7 4 2 4 16 29 2.70999124060388841 1 3 11 14 13 1 25.8628023266792297 54.0679924119328987 
9 26 5 17 18 13 1 5 1 16 2 2.70999124060388841 15 3 11 4 33 6 11 6 5 3 24 10 12 19 1 18 4 2.70999124060388841 2 32 2.70999124060388841 5 22 12 6 25 8 10 1 7 9 9 10 3 26 7 4 2 4 16 29 2.70999124060388841 1 3 11 14 13 1 25.1977962255477905 57.988169455658479 
9 14 11 14 31 9 3.36768017929769181 6 5 2 5 6.96245171630185755 16 26 9 1 31 11 4 6 4 1 30 8 14 15 9 13 5 11 3 14 5 13 32 2 13 32 3.84646942076222631 3 23.4025356524426229 5 17.8244721320812971 30 1 6 19 10 5 5 11 12 22 11 1 1 2 14 12 7.75241283629571765 17.2854386270046234 207.648008251955162 
18 24 3 17 18 13 1 5 1 16 2 2.70999124060388841 15 3 11 4 33 6 11 6 5 3.36768017929769181 8 3 12 19 1 18 4 2.70999124060388841 2 32 2.70999124060388841 5 22 12 6 25 8 10 1 7 9 9 10 3 26 7 4 2 4 16 29 2.70999124060388841 1 3 11 14 13 1 26.4163983464241028 52.8650582512034859 

Current Evaluation = 100000000(100000000)
Front Size = 40
18 24 3 17 18 13 1 5 1 16 2 2.70999124060388841 14 16 12 6 6 6 11 6 5 4 25 9 12 19 1 14 22 13 2 32 2.70999124060388841 8 20 4 6 25 8 10 1 7 9 9 10 3 26 7 4 2 4 1 30 1 1 3 11 14 13 1 20.0027190446853638 137.304699428011475 
13 20 9 15 18 2 1 15 1 4 1 10 18 24 11 15 18 9 14 8 5 6 1 2 3.36768017929769181 13 9 3 25 6 1 30 4 9 6 2 1 22 7 6 9 12 14 31 6.96245171630185755 4 13 13 12 24 7 15 30 3.84646942076222631 9 1 9 14 9 2 17.5512808561325073 192.064315509052335 
18 24 3 17 18 13 1 5 1 16 2 2.70999124060388841 15 3 11 4 33 6 11 6 5 3.36768017929769181 30 9 12 19 1 18 4 2.70999124060388841 2 32 2.70999124060388841 5 22 12 6 25 8 10 1 7 9 9 10 3 26 7 4 2 4 16 29 2.70999124060388841 1 3 11 14 13 1 25.7344993352890015 54.2174318650238334 
6 26 2 17 18 13 1 5 1 16 2 2.70999124060388841 15 3 11 4 33 6 11 6 5 1 1 4 12 19 1 14 30 5 2 32 2.70999124060388841 5 22 12 6 25 8 10 1 7 9 9 10 3 26 7 4 2 4 16 29 2.70999124060388841 1 3 11 14 13 1 21.3074871301651001 92.0662720948862727 
18 24 3 17 18 13 1 5 1 16 2 2.70999124060388841 15 3 11 4 33 6 11 6 5 4 9 4 12 19 1 14 24 2 2 32 2.70999124060388841 5 22 12 6 25 8 10 1 7 9 9 10 3 26 7 4 2 4 6 25 11 1 3 11 14 13 1 21.6207811832427979 81.570986800629214 
6 19 6 15 32 6 10 18 1 3.36768017929769181 20 12 4 1 10 13 33 6 4 6 2 14 19 6 12 30 2 15 1 1 14 25 7 6 12 7 2 24 13 8 16.1354543567662532 11 6 28 7 16 30 2 2 3 4 17 26 3.84646942076222631 15 25 12 9 24 9 18.6822319030761719 164.281341955258398 
11 20 11 15 25 5 13 6 11 2 32 5 6 6 10 3.36768017929769181 12 13 12 18 1 3 24 6.96245171630185755 2 17 9 14 24 2 6 22 11 8 31 6 16 23 13 4.94126535182462057 30 5 15 25 3 14 12 10 1 15 10 14 32 12 13.2195649013323386 5 11 4 24 13 17.5298928022384644 199.941433566433545 
15 30 5 9 16 13 17 6 1 12 6 9 17 12 12 4 6 12 13 16 5 2 32 2.70999124060388841 13 7 9 9.25570237641795579 26 11 8 5 5 14 6 9 12 1 9 3 18 5 4.94126535182462057 31 5 12 15 6 15 32 12 8 17 3 14 26 10 14 6 11 17.1795786619186401 227.119425019425023 
18 24 3 17 18 13 1 5 1 16 2 2.70999124060388841 15 3 11 4 33 6 11 6 5 3.36768017929769181 31 10 13 25 10 4 15 10 2 32 2.70999124060388841 5 22 12 6 25 8 10 1 7 9 9 10 3 26 7 4 2 4 6 30 12 1 3 11 14 13 1 21.2945552468299866 93.4222729642179388 
6 31 2 17 18 13 1 5 1 16 2 2.70999124060388841 15 3 11 4 33 6 11 6 5 4 1 6 12 19 1 16 8 4 2 32 2.70999124060388841 5 22 12 6 25 8 10 1 7 9 9 10 3 26 7 4 2 4 2 6 11 1 3 11 14 13 1 21.3729720711708069 90.7925033267792969 
18 24 3 17 18 13 1 5 1 16 2 2.70999124060388841 15 3 11 4 33 6 11 6 5 4 30 3 12 19 1 6 15 11 2 32 2.70999124060388841 5 22 12 6 25 8 10 1 7 9 9 10 3 26 7 4 2 4 16 29 2.70999124060388841 1 3 11 14 13 1 22.7162361145019531 62.4561663265102354 
18 24 3 17 18 13 1 5 1 16 2 2.70999124060388841 15 3 11 4 33 6 11 6 5 4 30 9 12 19 1 18 4 2.70999124060388841 2 32 2.70999124060388841 5 22 12 6 25 8 10 1 7 9 9 10 3 26 7 4 2 4 16 29 2.70999124060388841 1 3 11 14 13 1 25.6607033014297485 57.195805743377889 
18 24 3 17 18 13 1 5 1 16 2 2.70999124060388841 15 3 11 4 33 6 11 6 5 3 10 10 12 19 1 18 4 2.70999124060388841 2 32 2.70999124060388841 5 22 12 6 25 8 10 1 7 9 9 10 3 26 7 4 2 4 16 29 2.70999124060388841 1 3 11 14 13 1 28.5913322567939758 52.5430097738473876 
18 24 3 17 18 13 1 5 1 16 2 2.70999124060388841 15 3 11 4 33 6 11 6 5 3.36768017929769181 31 4 12 19 1 16 25 1 2 32 2.70999124060388841 5 22 12 6 25 8 10 1 7 9 9 10 3 26 7 4 2 4 2 1 13 1 3 11 14 13 1 22.1981131434440613 72.8671029702119455 
4 1 3 17 18 13 1 5 1 16 2 2.70999124060388841 15 3 11 4 33 6 11 6 5 3.36768017929769181 31 9 12 19 1 18 4 2.70999124060388841 2 32 2.70999124060388841 5 22 12 6 25 8 10 1 7 9 9 10 3 26 7 4 2 4 16 29 2.70999124060388841 1 3 11 14 13 1 24.987369179725647 59.1918595442767455 
18 24 3 17 18 13 14 12 1 16 2 2.70999124060388841 15 3 11 4 33 6 11 6 5 3 30 4 12 19 1 18 4 2.70999124060388841 2 32 2.70999124060388841 5 22 12 6 25 8 10 1 7 9 9 10 3 26 7 4 2 4 16 29 2.70999124060388841 1 3 11 14 13 1 25.404654324054718 57.8725075287280788 
18 24 3 17 18 13 1 5 1 16 2 2.70999124060388841 15 3 11 4 33 6 11 6 5 3 30 6 12 19 1 18 6 2.70999124060388841 2 32 2.70999124060388841 5 22 12 6 25 8 10 1 7 9 9 10 3 26 7 4 2 4 16 29 2.70999124060388841 1 3 11 14 13 1 23.5975010991096497 59.6274160676342362 
18 24 3 3.36768017929769181 30 2 1 5 1 16 2 2.70999124060388841 15 3 11 6 15 11 11 6 5 9 23 4 12 19 1 14 20 3 2 32 2.70999124060388841 5 22 12 6 25 8 10 1 7 9 9 10 3 26 7 4 2 4 3 15 6.96245171630185755 1 3 11 14 13 1 21.377729058265686 89.879886020579761 
3 22 4 2 25 10 3 1 3 1 3 6 13 30 4 6 26 4 17 31 2 1 18 4 14 28 9 14 1 10 1 24 2.70999124060388841 17 2 2 4 6 3 14 16.1354543567662532 9 14 8 5 4 8 11 15 12 11 3 2 7 14 6 9 3 12 4 16.7874158620834351 243.595494051871782 
18 24 3 17 18 13 1 5 1 16 2 2.70999124060388841 15 3 11 4 33 6 11 6 5 3.36768017929769181 1 4 12 19 1 14 20 2 2 32 2.70999124060388841 5 22 12 6 25 8 10 1 7 9 9 10 3 26 7 4 2 4 16 29 2.70999124060388841 1 3 11 14 13 1 22.4937900900840759 65.1148173230637894 
18 24 3 17 18 13 1 5 1 16 2 2.70999124060388841 15 3 11 4 33 6 11 6 5 3 9 9 12 19 1 18 4 2.70999124060388841 2 32 2.70999124060388841 5 22 12 6 25 8 10 1 7 9 9 10 3 26 7 4 2 4 16 29 2.70999124060388841 1 3 11 14 13 1 26.0005073547363281 53.7225946362662086 
18 24 3 17 18 13 1 5 1 16 2 2.70999124060388841 15 3 11 12 18 4 11 6 5 4 30 4 12 19 1 14 15 2 2 32 2.70999124060388841 5 22 12 6 25 8 10 1 7 9 9 10 3 26 7 4 2 4 16 29 2.70999124060388841 1 3 11 14 13 1 21.7338641285896301 77.2954191226206575 
17 24 2.70999124060388841 17 18 13 1 5 1 16 2 2.70999124060388841 15 3 11 4 33 6 11 6 5 13 32 11 12 19 1 4 26 9 2 32 2.70999124060388841 12 9 5 6 25 8 10 1 7 9 9 10 3 26 7 4 2 4 14 17 2 1 3 11 14 13 1 20.1129100322723389 133.619693325299693 
18 24 3 17 18 13 1 5 1 16 2 2.70999124060388841 15 3 11 4 33 6 11 6 5 9 30 9 12 19 1 1 16 12 2 32 2.70999124060388841 5 22 12 6 25 8 10 1 7 9 9 10 3 26 7 4 2 4 16 29 2.70999124060388841 1 3 11 14 13 1 23.0571430921554565 61.4053354238566413 
6 1 11 17 18 13 1 5 1 16 2 2.70999124060388841 15 3 11 4 33 6 11 6 5 4 30 3 12 19 1 6 20 8 2 32 2.70999124060388841 5 22 12 6 25 8 10 1 7 9 9 10 3 26 7 4 2 4 16 29 2.70999124060388841 1 3 11 14 13 1 21.7424410581588745 75.9644345771600769 
13 15 2.70999124060388841 4 5 13 6 3 9 17 6 2 14 15 6 10 1 4 14 32 2 9 12 2 16 6 5 15 23 5 12 19 8 17 7 2 4 32 11 4 31 1 12 26 8 1 15 6.96245171630185755 1 1 12 3 32 8 15 30 5 10 14 3.84646942076222631 18.4081196188926697 173.575872811399165 
18 24 3 17 18 13 1 5 1 16 2 2.70999124060388841 15 3 11 4 33 6 11 6 5 3 26 7 12 19 1 14 20 11 2 32 2.70999124060388841 5 22 12 6 25 8 10 1 7 9 9 10 3 26 7 4 2 4 16 29 2.70999124060388841 1 3 11 14 13 1 22.551760196685791 63.2558637757902602 
12 13 5 17 18 13 1 5 1 16 2 2.70999124060388841 15 3 11 4 33 6 11 6 5 8 30 4 12 19 1 14 5 11 2 32 2.70999124060388841 14 30 1 6 25 8 10 1 7 9 9 10 3 26 7 4 2 4 16 16 7 1 3 11 14 13 1 20.333996057510376 103.955758536992434 
2 6 1 17 18 13 1 5 1 16 2 2.70999124060388841 15 3 11 14 12 2 11 6 5 4 30 2 12 19 1 10 26 6 2 32 2.70999124060388841 5 22 12 6 25 8 10 1 7 9 9 10 3 26 7 4 2 4 16 29 2.70999124060388841 1 3 11 14 13 1 21.4491699934005737 86.5471068233135554 
2 12 2 14 14 2.70999124060388841 16 23 6.96245171630185755 3 24 5 12 8.22565314501180467 12 6 30 12 1 3 8 14 18 11 9 25 2 3 23 7 12 1 9 1 18 9 2 5 8 12 2 7 4 1 5 17 31 2 15 12 5 14 6 9 9 22 4 12 32 4 18.3336834907531738 176.169036878247368 
18 24 3 17 18 13 1 5 1 16 2 2.70999124060388841 15 3 11 4 33 6 11 6 5 13 22 13 1 19 13 12 26 2 2 32 2.70999124060388841 17 31 13 6 25 8 10 1 7 9 9 10 3 26 7 4 2 4 14 30 12 1 3 11 14 13 1 20.8445470929145813 101.431451438041876 
18 24 3 17 18 13 1 5 1 16 2 2.70999124060388841 15 3 11 4 33 6 11 6 5 3.36768017929769181 31 4 12 19 1 18 4 2.70999124060388841 2 32 2.70999124060388841 5 22 12 6 25 8 10 1 7 9 9 10 3 26 7 4 2 4 16 29 2.70999124060388841 1 3 11 14 13 1 25.8628023266792297 54.0679924119328987 
9 26 5 17 18 13 1 5 1 16 2 2.70999124060388841 15 3 11 4 33 6 11 6 5 3 24 10 12 19 1 18 4 2.70999124060388841 2 32 2.70999124060388841 5 22 12 6 25 8 10 1 7 9 9 10 3 26 7 4 2 4 16 29 2.70999124060388841 1 3 11 14 13 1 25.1977962255477905 57.988169455658479 
9 14 11 14 31 9 3.36768017929769181 6 5 2 5 6.96245171630185755 16 26 9 1 31 11 4 6 4 1 30 8 14 15 9 13 5 11 3 14 5 13 32 2 13 32 3.84646942076222631 3 23.4025356524426229 5 17.8244721320812971 30 1 6 19 10 5 5 11 12 22 11 1 1 2 14 12 7.75241283629571765 17.2854386270046234 207.648008251955162 
18 24 3 17 18 13 1 5 1 16 2 2.70999124060388841 15 3 11 4 33 6 11 6 5 3.36768017929769181 8 3 12 19 1 18 4 2.70999124060388841 2 32 2.70999124060388841 5 22 12 6 25 8 10 1 7 9 9 10 3 26 7 4 2 4 16 29 2.70999124060388841 1 3 11 14 13 1 26.4163983464241028 52.8650582512034859 
3.36768017929769181 24 3 17 18 13 1 5 1 16 2 2.70999124060388841 15 3 11 4 33 6 11 6 5 4 12 10 12 19 1 14 16.1354543567662532 7 2 32 2.70999124060388841 5 22 12 6 25 8 10 1 7 9 9 10 3 26 7 4 2 4 16 6 5 1 3 11 14 13 1 20.9350861310958862 97.7457161901718337 
18 24 3 17 18 13 1 5 1 16 2 2.70999124060388841 15 3 11 4 33 6 11 6 5 4 30 10 12 19 1 1 24 1 2 32 2.70999124060388841 5 22 12 6 25 8 10 1 7 9 9 10 3 26 7 4 2 4 17 23 2 1 3 11 14 13 1 22.2266680598258972 68.9134758474581446 
18 24 3 17 18 13 1 5 1 16 2 2.70999124060388841 15 3 11 4 33 6 11 6 5 3.36768017929769181 31 3 12 19 1 18 4 2.70999124060388841 2 32 2.70999124060388841 5 22 12 6 25 8 10 1 7 9 9 10 3 26 7 4 2 4 16 29 2.70999124060388841 1 3 11 14 13 1 25.9828023314476013 53.9220976833534422 
1 15 9 6 31 2.70999124060388841 4 19 11 4 30 2 13 1 8 3 3 13 4 6 1 14 17 6.96245171630185755 14 6 8 6 1 3 17 19 4 17 18 9 6 24 4 14 17 7 9 24 8 14 9 7 2 30 3.84646942076222631 17 28 9 13 5 7 10 25 7 17.2157338261604309 225.362465312465304 
18 24 3 17 18 13 1 5 1 16 2 2.70999124060388841 15 3 11 4 33 6 11 6 5 3.36768017929769181 24 5 12 19 1 17 30 7 2 32 2.70999124060388841 5 22 12 6 25 8 10 1 7 9 9 10 3 26 7 4 2 4 14 31 3 1 3 11 14 13 1 21.4548351764678955 82.5053987743078068 

MOEA/D: Multiobjective Evolutionary Algorithm Based on Decomposition
Number of Evaluations = 100000000
Mutation Probability = 0.0500000007450580597
Population Size = 25
Neighborhood size = 8
Seed: 13

Time =  230658.147636000009

Current Evaluation = 100000000
Front Size = 40
18 24 3 17 18 13 1 5 1 16 2 2.70999124060388841 14 16 12 6 6 6 11 6 5 4 25 9 12 19 1 14 22 13 2 32 2.70999124060388841 8 20 4 6 25 8 10 1 7 9 9 10 3 26 7 4 2 4 1 30 1 1 3 11 14 13 1 20.0027190446853638 137.304699428011475 
13 20 9 15 18 2 1 15 1 4 1 10 18 24 11 15 18 9 14 8 5 6 1 2 3.36768017929769181 13 9 3 25 6 1 30 4 9 6 2 1 22 7 6 9 12 14 31 6.96245171630185755 4 13 13 12 24 7 15 30 3.84646942076222631 9 1 9 14 9 2 17.5512808561325073 192.064315509052335 
18 24 3 17 18 13 1 5 1 16 2 2.70999124060388841 15 3 11 4 33 6 11 6 5 3.36768017929769181 30 9 12 19 1 18 4 2.70999124060388841 2 32 2.70999124060388841 5 22 12 6 25 8 10 1 7 9 9 10 3 26 7 4 2 4 16 29 2.70999124060388841 1 3 11 14 13 1 25.7344993352890015 54.2174318650238334 
6 26 2 17 18 13 1 5 1 16 2 2.70999124060388841 15 3 11 4 33 6 11 6 5 1 1 4 12 19 1 14 30 5 2 32 2.70999124060388841 5 22 12 6 25 8 10 1 7 9 9 10 3 26 7 4 2 4 16 29 2.70999124060388841 1 3 11 14 13 1 21.3074871301651001 92.0662720948862727 
18 24 3 17 18 13 1 5 1 16 2 2.70999124060388841 15 3 11 4 33 6 11 6 5 4 9 4 12 19 1 14 24 2 2 32 2.70999124060388841 5 22 12 6 25 8 10 1 7 9 9 10 3 26 7 4 2 4 6 25 11 1 3 11 14 13 1 21.6207811832427979 81.570986800629214 
6 19 6 15 32 6 10 18 1 3.36768017929769181 20 12 4 1 10 13 33 6 4 6 2 14 19 6 12 30 2 15 1 1 14 25 7 6 12 7 2 24 13 8 16.1354543567662532 11 6 28 7 16 30 2 2 3 4 17 26 3.84646942076222631 15 25 12 9 24 9 18.6822319030761719 164.281341955258398 
11 20 11 15 25 5 13 6 11 2 32 5 6 6 10 3.36768017929769181 12 13 12 18 1 3 24 6.96245171630185755 2 17 9 14 24 2 6 22 11 8 31 6 16 23 13 4.94126535182462057 30 5 15 25 3 14 12 10 1 15 10 14 32 12 13.2195649013323386 5 11 4 24 13 17.5298928022384644 199.941433566433545 
15 30 5 9 16 13 17 6 1 12 6 9 17 12 12 4 6 12 13 16 5 2 32 2.70999124060388841 13 7 9 9.25570237641795579 26 11 8 5 5 14 6 9 12 1 9 3 18 5 4.94126535182462057 31 5 12 15 6 15 32 12 8 17 3 14 26 10 14 6 11 17.1795786619186401 227.119425019425023 
18 24 3 17 18 13 1 5 1 16 2 2.70999124060388841 15 3 11 4 33 6 11 6 5 3.36768017929769181 31 10 13 25 10 4 15 10 2 32 2.70999124060388841 5 22 12 6 25 8 10 1 7 9 9 10 3 26 7 4 2 4 6 30 12 1 3 11 14 13 1 21.2945552468299866 93.4222729642179388 
6 31 2 17 18 13 1 5 1 16 2 2.70999124060388841 15 3 11 4 33 6 11 6 5 4 1 6 12 19 1 16 8 4 2 32 2.70999124060388841 5 22 12 6 25 8 10 1 7 9 9 10 3 26 7 4 2 4 2 6 11 1 3 11 14 13 1 21.3729720711708069 90.7925033267792969 
18 24 3 17 18 13 1 5 1 16 2 2.70999124060388841 15 3 11 4 33 6 11 6 5 4 30 3 12 19 1 6 15 11 2 32 2.70999124060388841 5 22 12 6 25 8 10 1 7 9 9 10 3 26 7 4 2 4 16 29 2.70999124060388841 1 3 11 14 13 1 22.7162361145019531 62.4561663265102354 
18 24 3 17 18 13 1 5 1 16 2 2.70999124060388841 15 3 11 4 33 6 11 6 5 4 30 9 12 19 1 18 4 2.70999124060388841 2 32 2.70999124060388841 5 22 12 6 25 8 10 1 7 9 9 10 3 26 7 4 2 4 16 29 2.70999124060388841 1 3 11 14 13 1 25.6607033014297485 57.195805743377889 
18 24 3 17 18 13 1 5 1 16 2 2.70999124060388841 15 3 11 4 33 6 11 6 5 3 10 10 12 19 1 18 4 2.70999124060388841 2 32 2.70999124060388841 5 22 12 6 25 8 10 1 7 9 9 10 3 26 7 4 2 4 16 29 2.70999124060388841 1 3 11 14 13 1 28.5913322567939758 52.5430097738473876 
18 24 3 17 18 13 1 5 1 16 2 2.70999124060388841 15 3 11 4 33 6 11 6 5 3.36768017929769181 31 4 12 19 1 16 25 1 2 32 2.70999124060388841 5 22 12 6 25 8 10 1 7 9 9 10 3 26 7 4 2 4 2 1 13 1 3 11 14 13 1 22.1981131434440613 72.8671029702119455 
4 1 3 17 18 13 1 5 1 16 2 2.70999124060388841 15 3 11 4 33 6 11 6 5 3.36768017929769181 31 9 12 19 1 18 4 2.70999124060388841 2 32 2.70999124060388841 5 22 12 6 25 8 10 1 7 9 9 10 3 26 7 4 2 4 16 29 2.70999124060388841 1 3 11 14 13 1 24.987369179725647 59.1918595442767455 
18 24 3 17 18 13 14 12 1 16 2 2.70999124060388841 15 3 11 4 33 6 11 6 5 3 30 4 12 19 1 18 4 2.70999124060388841 2 32 2.70999124060388841 5 22 12 6 25 8 10 1 7 9 9 10 3 26 7 4 2 4 16 29 2.70999124060388841 1 3 11 14 13 1 25.404654324054718 57.8725075287280788 
18 24 3 17 18 13 1 5 1 16 2 2.70999124060388841 15 3 11 4 33 6 11 6 5 3 30 6 12 19 1 18 6 2.70999124060388841 2 32 2.70999124060388841 5 22 12 6 25 8 10 1 7 9 9 10 3 26 7 4 2 4 16 29 2.70999124060388841 1 3 11 14 13 1 23.5975010991096497 59.6274160676342362 
18 24 3 3.36768017929769181 30 2 1 5 1 16 2 2.70999124060388841 15 3 11 6 15 11 11 6 5 9 23 4 12 19 1 14 20 3 2 32 2.70999124060388841 5 22 12 6 25 8 10 1 7 9 9 10 3 26 7 4 2 4 3 15 6.96245171630185755 1 3 11 14 13 1 21.377729058265686 89.879886020579761 
3 22 4 2 25 10 3 1 3 1 3 6 13 30 4 6 26 4 17 31 2 1 18 4 14 28 9 14 1 10 1 24 2.70999124060388841 17 2 2 4 6 3 14 16.1354543567662532 9 14 8 5 4 8 11 15 12 11 3 2 7 14 6 9 3 12 4 16.7874158620834351 243.595494051871782 
18 24 3 17 18 13 1 5 1 16 2 2.70999124060388841 15 3 11 4 33 6 11 6 5 3.36768017929769181 1 4 12 19 1 14 20 2 2 32 2.70999124060388841 5 22 12 6 25 8 10 1 7 9 9 10 3 26 7 4 2 4 16 29 2.70999124060388841 1 3 11 14 13 1 22.4937900900840759 65.1148173230637894 
18 24 3 17 18 13 1 5 1 16 2 2.70999124060388841 15 3 11 4 33 6 11 6 5 3 9 9 12 19 1 18 4 2.70999124060388841 2 32 2.70999124060388841 5 22 12 6 25 8 10 1 7 9 9 10 3 26 7 4 2 4 16 29 2.70999124060388841 1 3 11 14 13 1 26.0005073547363281 53.7225946362662086 
18 24 3 17 18 13 1 5 1 16 2 2.70999124060388841 15 3 11 12 18 4 11 6 5 4 30 4 12 19 1 14 15 2 2 32 2.70999124060388841 5 22 12 6 25 8 10 1 7 9 9 10 3 26 7 4 2 4 16 29 2.70999124060388841 1 3 11 14 13 1 21.7338641285896301 77.2954191226206575 
17 24 2.70999124060388841 17 18 13 1 5 1 16 2 2.70999124060388841 15 3 11 4 33 6 11 6 5 13 32 11 12 19 1 4 26 9 2 32 2.70999124060388841 12 9 5 6 25 8 10 1 7 9 9 10 3 26 7 4 2 4 14 17 2 1 3 11 14 13 1 20.1129100322723389 133.619693325299693 
18 24 3 17 18 13 1 5 1 16 2 2.70999124060388841 15 3 11 4 33 6 11 6 5 9 30 9 12 19 1 1 16 12 2 32 2.70999124060388841 5 22 12 6 25 8 10 1 7 9 9 10 3 26 7 4 2 4 16 29 2.70999124060388841 1 3 11 14 13 1 23.0571430921554565 61.4053354238566413 
6 1 11 17 18 13 1 5 1 16 2 2.70999124060388841 15 3 11 4 33 6 11 6 5 4 30 3 12 19 1 6 20 8 2 32 2.70999124060388841 5 22 12 6 25 8 10 1 7 9 9 10 3 26 7 4 2 4 16 29 2.70999124060388841 1 3 11 14 13 1 21.7424410581588745 75.9644345771600769 
13 15 2.70999124060388841 4 5 13 6 3 9 17 6 2 14 15 6 10 1 4 14 32 2 9 12 2 16 6 5 15 23 5 12 19 8 17 7 2 4 32 11 4 31 1 12 26 8 1 15 6.96245171630185755 1 1 12 3 32 8 15 30 5 10 14 3.84646942076222631 18.4081196188926697 173.575872811399165 
18 24 3 17 18 13 1 5 1 16 2 2.70999124060388841 15 3 11 4 33 6 11 6 5 3 26 7 12 19 1 14 20 11 2 32 2.70999124060388841 5 22 12 6 25 8 10 1 7 9 9 10 3 26 7 4 2 4 16 29 2.70999124060388841 1 3 11 14 13 1 22.551760196685791 63.2558637757902602 
12 13 5 17 18 13 1 5 1 16 2 2.70999124060388841 15 3 11 4 33 6 11 6 5 8 30 4 12 19 1 14 5 11 2 32 2.70999124060388841 14 30 1 6 25 8 10 1 7 9 9 10 3 26 7 4 2 4 16 16 7 1 3 11 14 13 1 20.333996057510376 103.955758536992434 
2 6 1 17 18 13 1 5 1 16 2 2.70999124060388841 15 3 11 14 12 2 11 6 5 4 30 2 12 19 1 10 26 6 2 32 2.70999124060388841 5 22 12 6 25 8 10 1 7 9 9 10 3 26 7 4 2 4 16 29 2.70999124060388841 1 3 11 14 13 1 21.4491699934005737 86.5471068233135554 
2 12 2 14 14 2.70999124060388841 16 23 6.96245171630185755 3 24 5 12 8.22565314501180467 12 6 30 12 1 3 8 14 18 11 9 25 2 3 23 7 12 1 9 1 18 9 2 5 8 12 2 7 4 1 5 17 31 2 15 12 5 14 6 9 9 22 4 12 32 4 18.3336834907531738 176.169036878247368 
18 24 3 17 18 13 1 5 1 16 2 2.70999124060388841 15 3 11 4 33 6 11 6 5 13 22 13 1 19 13 12 26 2 2 32 2.70999124060388841 17 31 13 6 25 8 10 1 7 9 9 10 3 26 7 4 2 4 14 30 12 1 3 11 14 13 1 20.8445470929145813 101.431451438041876 
18 24 3 17 18 13 1 5 1 16 2 2.70999124060388841 15 3 11 4 33 6 11 6 5 3.36768017929769181 31 4 12 19 1 18 4 2.70999124060388841 2 32 2.70999124060388841 5 22 12 6 25 8 10 1 7 9 9 10 3 26 7 4 2 4 16 29 2.70999124060388841 1 3 11 14 13 1 25.8628023266792297 54.0679924119328987 
9 26 5 17 18 13 1 5 1 16 2 2.70999124060388841 15 3 11 4 33 6 11 6 5 3 24 10 12 19 1 18 4 2.70999124060388841 2 32 2.70999124060388841 5 22 12 6 25 8 10 1 7 9 9 10 3 26 7 4 2 4 16 29 2.70999124060388841 1 3 11 14 13 1 25.1977962255477905 57.988169455658479 
9 14 11 14 31 9 3.36768017929769181 6 5 2 5 6.96245171630185755 16 26 9 1 31 11 4 6 4 1 30 8 14 15 9 13 5 11 3 14 5 13 32 2 13 32 3.84646942076222631 3 23.4025356524426229 5 17.8244721320812971 30 1 6 19 10 5 5 11 12 22 11 1 1 2 14 12 7.75241283629571765 17.2854386270046234 207.648008251955162 
18 24 3 17 18 13 1 5 1 16 2 2.70999124060388841 15 3 11 4 33 6 11 6 5 3.36768017929769181 8 3 12 19 1 18 4 2.70999124060388841 2 32 2.70999124060388841 5 22 12 6 25 8 10 1 7 9 9 10 3 26 7 4 2 4 16 29 2.70999124060388841 1 3 11 14 13 1 26.4163983464241028 52.8650582512034859 
3.36768017929769181 24 3 17 18 13 1 5 1 16 2 2.70999124060388841 15 3 11 4 33 6 11 6 5 4 12 10 12 19 1 14 16.1354543567662532 7 2 32 2.70999124060388841 5 22 12 6 25 8 10 1 7 9 9 10 3 26 7 4 2 4 16 6 5 1 3 11 14 13 1 20.9350861310958862 97.7457161901718337 
18 24 3 17 18 13 1 5 1 16 2 2.70999124060388841 15 3 11 4 33 6 11 6 5 4 30 10 12 19 1 1 24 1 2 32 2.70999124060388841 5 22 12 6 25 8 10 1 7 9 9 10 3 26 7 4 2 4 17 23 2 1 3 11 14 13 1 22.2266680598258972 68.9134758474581446 
18 24 3 17 18 13 1 5 1 16 2 2.70999124060388841 15 3 11 4 33 6 11 6 5 3.36768017929769181 31 3 12 19 1 18 4 2.70999124060388841 2 32 2.70999124060388841 5 22 12 6 25 8 10 1 7 9 9 10 3 26 7 4 2 4 16 29 2.70999124060388841 1 3 11 14 13 1 25.9828023314476013 53.9220976833534422 
1 15 9 6 31 2.70999124060388841 4 19 11 4 30 2 13 1 8 3 3 13 4 6 1 14 17 6.96245171630185755 14 6 8 6 1 3 17 19 4 17 18 9 6 24 4 14 17 7 9 24 8 14 9 7 2 30 3.84646942076222631 17 28 9 13 5 7 10 25 7 17.2157338261604309 225.362465312465304 
18 24 3 17 18 13 1 5 1 16 2 2.70999124060388841 15 3 11 4 33 6 11 6 5 3.36768017929769181 24 5 12 19 1 17 30 7 2 32 2.70999124060388841 5 22 12 6 25 8 10 1 7 9 9 10 3 26 7 4 2 4 14 31 3 1 3 11 14 13 1 21.4548351764678955 82.5053987743078068 

