Current Evaluation = 10000000(10000000)
Front Size = 34
4 20 5 8 31 2 2 18 13 5 13 8 14 1 10 14 15 5 3.36768017929769181 12 10 17 24 7 4 6 9 9.25570237641795579 19 12 4.94126535182462057 15 8 17 20 9.82524131762891173 12 5 10 15 25 11 12 26 12 17.8244721320812971 16 7.75241283629571765 4 1 2 8 6 6 14 30 12 2 2.14087964533996544 7 17.7438749074935913 216.488977210659812 
3 12 12 16 15 1 18 6 6 15 3 4 14 32 7 4 20 1 11 33 8 3 31 12 12 18 12 16 24 2.70999124060388841 2 22 9 6 16 4 1 25 10 5 1 7 3 28 13 4 18 2 9 2 11 11 16 1 15 11 5 2 14 9 22.6720805764198303 76.3091346822722301 
8 6 5 16 18 10 9 20 11 6 1 7 4 9 7 16 11 9 15 31 10 14 28 9 8 14 3 15 15 2 13 32 8 3 5.34074699537910114 13 13 15 11 16 26 10 17 30 6.96245171630185755 15 16 7 4 13 6 10 6 3.84646942076222631 1 26 8 5 30 9 18.6797099113464355 187.738894198268468 
4 2 8 15 24 7 12 1 7 6 33 3 1 6 2 2 19 9 3 12 3 13 14 9 17 26 2 12 15 1 10 18 2 13 1 2.70999124060388841 16 31 6 10 25 11 15 30 10 14 7 5 2 20 2 9 6 6.96245171630185755 12 8.22565314501180467 4 10 3 9 19.7580376863479614 177.118551444177683 
14 31 5 6 6 7 9 12 3 13 16 12 13 19 9 4 24 13 14 32 13 16 5.34074699537910114 5 1 18 10 6 16.1354543567662532 13 12 24 13 14 30 7 16 23 11 15 3 13 14 3 12 9 33 12 2 32 8 15 26 5 10 5 9 16 30 13 18.3470677733421326 211.345725619409819 
17 30 8 16 15 1 18 6 6 15 3 4 14 32 7 4 20 1 11 33 8 3 31 12 18 29 11 16 24 2.70999124060388841 2 22 9 6 16 4 1 25 10 5 1 7 3 28 13 4 18 2 9 2 11 11 16 1 15 11 5 14 4 10 25.8487955331802368 55.2637814147313051 
17 10 13 16 15 1 18 6 6 15 3 4 14 32 7 4 20 1 11 33 8 3 31 12 18 29 11 16 24 2.70999124060388841 2 22 9 6 16 4 1 25 10 5 1 7 3 28 13 4 18 2 9 2 11 11 16 1 15 11 5 14 4 10 28.5624045133590698 49.4947845924914986 
17 28 12 16 15 1 18 6 6 15 3 4 14 32 7 4 20 1 11 33 8 3 31 12 18 29 11 16 24 2.70999124060388841 2 22 9 6 16 4 1 25 10 5 1 7 3 28 13 4 18 2 9 2 11 11 16 1 15 11 5 14 4 10 26.5043166875839233 51.952926762969561 
1 5 5 9 8 9 11 26 11 4 25 10 1 15 6 3 31 11 6 31 2 12 26 6 14 32 10 1 6 7 10 15 5 3.36768017929769181 6 3 14 15 8 17 31 9 3 31 7 12 26 4 8 17 1 12 26 9 14 30 6.96245171630185755 4.94126535182462057 13 2 17.6964055895805359 223.854436086789036 
17 10 13 16 15 1 18 6 6 15 3 4 14 32 7 4 20 1 11 33 8 3 31 12 18 29 11 16 24 2.70999124060388841 2 22 9 6 16 4 1 25 10 5 1 7 10 9 13 4 18 2 9 2 11 11 16 1 15 11 5 14 4 10 28.5396245718002319 51.2345132188682086 
17 10 13 16 15 1 6 23 3 15 3 4 14 32 7 4 20 1 11 33 8 3 31 12 18 29 11 16 24 2.70999124060388841 2 22 9 6 16 4 1 25 10 5 1 7 3 28 13 4 18 2 9 2 11 11 16 1 15 11 5 14 4 10 28.1367515325546265 51.7402210192656753 
4 1 6 14 30 2.70999124060388841 16 27 12 2 28 7 10 25 11 8 17 9 1 24 6.96245171630185755 14 16 5 6 18 10 4 26 1 2 32 2 13 9 12 9 14 1 10 30 13 3 16 11 8 1 2 2 15 5 14 30 9 4 26 3 6 5 12 20.5637089312076569 175.513284754461239 
17 10 13 16 15 1 18 6 6 15 3 4 14 32 7 4 20 1 11 33 8 3 31 12 18 29 11 16 24 2.70999124060388841 2 22 9 6 16 4 1 25 10 5 1 7 3 28 13 4 18 2 9 2 11 11 16 1 15 11 5 14 6 9 26.1553584337234497 53.1329107809565926 
3.36768017929769181 30 13 16 15 1 18 6 6 15 3 4 14 32 7 4 20 1 11 33 8 3 31 12 18 29 11 16 24 2.70999124060388841 2 22 9 6 16 4 1 25 10 5 1 7 3 28 13 4 18 2 9 2 11 11 16 1 15 11 5 14 26 9 23.5711455047130585 64.0155467318510745 
9 5 2.70999124060388841 16 15 1 18 6 6 15 3 4 14 32 7 4 20 1 2 7 6 3 31 12 12 6 1 16 24 2.70999124060388841 2 22 9 6 16 4 1 25 10 5 1 7 3 28 13 4 18 2 9 2 11 11 16 1 15 11 5 14 26 7 21.4324035942554474 90.0327463835247954 
17 10 13 16 15 1 18 6 6 15 3 4 14 32 7 4 20 1 11 33 8 3 31 12 18 29 11 16 24 2.70999124060388841 2 22 9 6 16 4 1 25 10 5 1 7 3 28 13 4 18 2 9 2 11 18 6 1 15 11 5 14 4 10 28.4463266134262085 51.5866663519390229 
13 18 5 16 15 1 18 6 6 15 3 4 14 32 7 4 20 1 11 33 8 3 31 12 4 25 2.70999124060388841 16 24 2.70999124060388841 2 22 9 6 16 4 1 25 10 5 1 7 3 28 13 4 18 2 9 2 11 6 18 2 15 11 5 14 24 6.96245171630185755 20.9164555668830872 101.796716128602782 
17 30 13 16 15 1 18 6 6 15 3 4 14 32 7 4 20 1 11 33 8 3 31 12 18 29 11 16 24 2.70999124060388841 2 22 9 6 16 4 1 25 10 5 1 7 3 28 13 4 18 2 9 2 11 11 16 1 15 11 5 14 4 10 25.8075955510139465 55.7504351991690115 
1 30 4 16 15 1 18 6 6 15 3 4 14 32 7 4 20 1 11 33 8 3 31 12 18 29 11 16 24 2.70999124060388841 2 22 9 6 16 4 1 25 10 5 1 7 3 28 13 4 18 2 9 2 11 11 16 1 15 11 5 14 6 13 23.3864755034446716 70.9183862055345458 
12 18 8 16 15 1 18 6 6 15 3 4 14 32 7 4 20 1 11 33 8 3 31 12 18 29 11 16 24 2.70999124060388841 2 22 9 6 16 4 1 25 10 5 1 7 3 28 13 4 18 2 9 2 11 11 16 1 15 11 5 1 6 4 23.9936604499816895 56.7938584429019571 
10 30 13 16 15 1 18 6 6 15 3 4 14 32 7 4 20 1 11 33 8 3 31 12 18 29 11 16 24 2.70999124060388841 2 22 9 6 16 4 1 25 10 5 1 7 3 28 13 4 18 2 9 2 11 11 16 1 15 11 5 14 24 9 23.9351945519447327 61.4595234552681404 
17 26 3 16 15 1 18 6 6 15 3 4 14 32 7 4 20 1 11 33 8 3 31 12 18 29 11 16 24 2.70999124060388841 2 22 9 6 16 4 1 25 10 5 1 7 3 28 13 4 18 2 9 2 11 11 16 1 15 11 5 14 6 4 23.53666952252388 69.5465159023982409 
2 3 2 13 14 2 14 2 5 6 33 5 18 16 1 4 9 11 6 6 12 4 5 1 6 20 9 14 12 4 13 15 3 3.36768017929769181 25 13 11 3 6 16 8 13 15 24 7 9 18 12 16 6 10 1 1 5 15 32 2 10 11 12 20.6507351994514465 174.719517816576598 
15 9 6 12 12 2 6 30 5 12 12 12 5 16 5 13 19 11 13 29 4 15 30 8 14 18 11 16 24 1 17 8 12 12 1 8 4 20 2 16 5.34074699537910114 2 3 28 9 14 24 2 13 22 13 1 26 9 14 18 10 4 25 6 18.9250316619873047 183.432535736550108 
14 26 11 16 15 1 18 6 6 15 3 4 14 32 7 4 20 1 11 33 8 3 31 12 18 29 11 16 24 2.70999124060388841 2 22 9 6 16 4 1 25 10 5 1 7 3 28 13 4 18 2 9 2 11 15 31 1 15 11 5 6 32 5 22.6405025124549866 80.2552059755544462 
2 32 2 4 17 6 12 6 7 2 14 11 8 15 11 9 24 10 2 28 6 1 12 1 4 6 2 17 3 6 13 26 6 18 30 13 14 31 10 10 22 2.70999124060388841 9.25570237641795579 2 11 1 5 1 14 26 9 11 19 6 6 31 12 15 9 4 20.7901068031787872 173.608913308913316 
17 10 13 16 15 1 18 6 6 15 3 4 14 32 7 4 20 1 11 33 8 3 31 12 18 29 11 16 24 2.70999124060388841 2 22 9 6 16 4 1 25 10 5 1 7 3 28 13 4 18 2 9 2 11 11 16 1 15 11 5 14 26 7 26.2891014516353607 52.6738206205736503 
13 22 1 6 32 8 6 20 9 2 5 13 15 24 8 1 25 2.70999124060388841 2 22 9 17 30 9 4 24 4 15 26 9 2 9 3 9.25570237641795579 32 5 4 17 4 1 12 1 8 6 7 4 16 7 13 12 3 16 1 4 13 33 4 17 24 4 17.6901348233222961 240.263653484458388 
10 1 12 3.36768017929769181 16 8 3 8 9 16 25 4 15 20 11 16 9 4 1 20 2 14 12 7 12 31 1 6 20 2 6 16.1354543567662532 4 13 6 10 3 30 10 8 3 9 6 13 1 3 31 7 14 15 5 14 2 7 4.94126535182462057 25 10 15 16 10 17.539727121591568 259.041128357886237 
12 30 12 13 30 4 18 26 2.70999124060388841 9.25570237641795579 22 4 14 32 4 4.94126535182462057 25 6 5 1 3 13 7 9.82524131762891173 3 9 9 2 3 11 6 31 11 14 2 2 4 24 4 16 16 3 6 20 1 11 33 4 15 1 8 17 8 3 14 24 13 18 18 2 20.8238817155361176 167.630222363349304 
17 1 13 16 15 1 18 6 6 15 3 4 14 32 7 4 20 1 11 33 8 3 31 12 12 19 7 16 24 2.70999124060388841 2 22 9 6 16 4 1 25 10 5 1 7 3 28 13 4 18 2 9 2 11 11 16 1 15 11 5 14 6 3 22.0713914632797241 84.6976354204704194 
13 19 6 17 6 11 9 5 3 13 17 2.70999124060388841 13 15 13 3 9 10 15 25 11 1 3 10 14 24 4 14 16 9 12 30 12 17 2 9 9 12 8 6 31 1 16 19 6 10 24 13 14 1 12 12 18 4 10 12 4 15 3 13 18.5689400136470795 205.456374671080567 
17 20 11 16 15 1 18 6 6 15 3 4 14 32 7 4 20 1 11 33 8 3 31 12 18 29 11 16 24 2.70999124060388841 2 22 9 6 16 4 1 25 10 5 1 7 3 28 13 4 18 2 9 2 11 13 30 6 15 11 5 6 31 3 22.628722608089447 81.5255257408483232 
10 30 13 16 15 1 18 6 6 15 3 4 14 32 7 4 20 1 11 33 8 3 31 12 18 29 11 16 24 2.70999124060388841 2 22 9 6 16 4 1 25 10 5 1 7 3 28 13 4 18 2 9 2 11 11 16 1 15 11 5 14 4 10 26.3004056215286255 52.6671163590657301 

Current Evaluation = 20000000(20000000)
Front Size = 32
3 12 12 16 15 1 18 6 6 15 3 4 14 32 7 4 20 1 11 33 8 3 31 12 12 18 12 16 24 2.70999124060388841 2 22 9 6 16 4 1 25 10 5 1 7 3 28 13 4 18 2 9 2 11 11 16 1 15 11 5 2 14 9 22.6720805764198303 76.3091346822722301 
8 6 5 16 18 10 9 20 11 6 1 7 4 9 7 16 11 9 15 31 10 14 28 9 8 14 3 15 15 2 13 32 8 3 5.34074699537910114 13 13 15 11 16 26 10 17 30 6.96245171630185755 15 16 7 4 13 6 10 6 3.84646942076222631 1 26 8 5 30 9 18.6797099113464355 187.738894198268468 
4 2 8 15 24 7 12 1 7 6 33 3 1 6 2 2 19 9 3 12 3 13 14 9 17 26 2 12 15 1 10 18 2 13 1 2.70999124060388841 16 31 6 10 25 11 15 30 10 14 7 5 2 20 2 9 6 6.96245171630185755 12 8.22565314501180467 4 10 3 9 19.7580376863479614 177.118551444177683 
17 10 13 16 15 1 18 6 6 15 3 4 14 32 7 4 20 1 11 33 8 3 31 12 18 29 11 16 24 2.70999124060388841 2 22 9 6 16 4 1 25 10 5 1 7 3 28 13 4 18 2 9 2 11 11 16 1 15 11 5 14 4 10 28.5624045133590698 49.4947845924914986 
17 28 12 16 15 1 18 6 6 15 3 4 14 32 7 4 20 1 11 33 8 3 31 12 18 29 11 16 24 2.70999124060388841 2 22 9 6 16 4 1 25 10 5 1 7 3 28 13 4 18 2 9 2 11 11 16 1 15 11 5 14 4 10 26.5043166875839233 51.952926762969561 
3.36768017929769181 30 13 16 15 1 18 6 6 15 3 4 14 32 7 4 20 1 11 33 8 3 31 12 18 29 11 16 24 2.70999124060388841 2 22 9 6 16 4 1 25 10 5 1 7 3 28 13 4 18 2 9 2 11 11 16 1 15 11 5 14 26 9 23.5711455047130585 64.0155467318510745 
9 5 2.70999124060388841 16 15 1 18 6 6 15 3 4 14 32 7 4 20 1 2 7 6 3 31 12 12 6 1 16 24 2.70999124060388841 2 22 9 6 16 4 1 25 10 5 1 7 3 28 13 4 18 2 9 2 11 11 16 1 15 11 5 14 26 7 21.4324035942554474 90.0327463835247954 
13 18 5 16 15 1 18 6 6 15 3 4 14 32 7 4 20 1 11 33 8 3 31 12 4 25 2.70999124060388841 16 24 2.70999124060388841 2 22 9 6 16 4 1 25 10 5 1 7 3 28 13 4 18 2 9 2 11 6 18 2 15 11 5 14 24 6.96245171630185755 20.9164555668830872 101.796716128602782 
12 18 8 16 15 1 18 6 6 15 3 4 14 32 7 4 20 1 11 33 8 3 31 12 18 29 11 16 24 2.70999124060388841 2 22 9 6 16 4 1 25 10 5 1 7 3 28 13 4 18 2 9 2 11 11 16 1 15 11 5 1 6 4 23.9936604499816895 56.7938584429019571 
10 30 13 16 15 1 18 6 6 15 3 4 14 32 7 4 20 1 11 33 8 3 31 12 18 29 11 16 24 2.70999124060388841 2 22 9 6 16 4 1 25 10 5 1 7 3 28 13 4 18 2 9 2 11 11 16 1 15 11 5 14 24 9 23.9351945519447327 61.4595234552681404 
17 26 3 16 15 1 18 6 6 15 3 4 14 32 7 4 20 1 11 33 8 3 31 12 18 29 11 16 24 2.70999124060388841 2 22 9 6 16 4 1 25 10 5 1 7 3 28 13 4 18 2 9 2 11 11 16 1 15 11 5 14 6 4 23.53666952252388 69.5465159023982409 
15 9 6 12 12 2 6 30 5 12 12 12 5 16 5 13 19 11 13 29 4 15 30 8 14 18 11 16 24 1 17 8 12 12 1 8 4 20 2 16 5.34074699537910114 2 3 28 9 14 24 2 13 22 13 1 26 9 14 18 10 4 25 6 18.9250316619873047 183.432535736550108 
14 26 11 16 15 1 18 6 6 15 3 4 14 32 7 4 20 1 11 33 8 3 31 12 18 29 11 16 24 2.70999124060388841 2 22 9 6 16 4 1 25 10 5 1 7 3 28 13 4 18 2 9 2 11 15 31 1 15 11 5 6 32 5 22.6405025124549866 80.2552059755544462 
17 1 13 16 15 1 18 6 6 15 3 4 14 32 7 4 20 1 11 33 8 3 31 12 12 19 7 16 24 2.70999124060388841 2 22 9 6 16 4 1 25 10 5 1 7 3 28 13 4 18 2 9 2 11 11 16 1 15 11 5 14 6 3 22.0713914632797241 84.6976354204704194 
17 20 11 16 15 1 18 6 6 15 3 4 14 32 7 4 20 1 11 33 8 3 31 12 18 29 11 16 24 2.70999124060388841 2 22 9 6 16 4 1 25 10 5 1 7 3 28 13 4 18 2 9 2 11 13 30 6 15 11 5 6 31 3 22.628722608089447 81.5255257408483232 
8 6 2.70999124060388841 16 15 1 18 6 6 15 3 4 14 32 7 4 20 1 11 33 8 3 31 12 4 30 13 16 24 2.70999124060388841 2 22 9 6 16 4 1 25 10 5 1 7 3 28 13 4 18 2 9 2 11 11 16 1 15 11 5 6 7 9 22.299172580242157 83.9193225683348345 
3 9 12 16 15 1 18 6 6 15 3 4 14 32 7 4 20 1 11 33 8 3 31 12 18 29 11 16 24 2.70999124060388841 2 22 9 6 16 4 1 25 10 5 1 7 3 28 13 4 18 2 9 2 11 17 1 2.70999124060388841 15 11 5 6 32 8 23.0957126617431641 73.5382476925014998 
11 19 7 14 31 10 3 32 3 8 1 5 5 20 10 6 19 9 3 6 10 3.36768017929769181 30 13 17 31 2 6 32 12 15 1 1 9.25570237641795579 14 9 14 9 9 15 26 8 12 5 10 1 16 11 14 6 5 14 20 9 3 1 13 17 12 1 17.3443126082420349 214.025416740122637 
17 10 13 16 15 1 18 6 6 15 3 4 14 32 7 4 20 1 11 33 8 3 31 12 18 29 11 16 24 2.70999124060388841 2 22 9 6 16 4 1 25 10 5 1 7 10 30 8 4 18 2 9 2 11 11 16 1 15 11 5 14 4 10 28.3148164749145508 50.5571155900808336 
1 5 10 14 18 11 1 1 10 9 30 13 1 15 2.70999124060388841 2 16.1354543567662532 13 4.94126535182462057 5 4 13.2195649013323386 13 6 2 24 1 4 6 10 17.8244721320812971 24 4 14 18 2 6 15 5 3 25 1 6 13 13 1 8 9 15 24 8 5 3 6 3 25 4 4 1 10 18.279903769493103 195.656246088020822 
14 26 13 16 15 1 18 6 6 15 3 4 14 32 7 4 20 1 11 33 8 3 31 12 15 6 4 16 24 2.70999124060388841 2 22 9 6 16 4 1 25 10 5 1 7 3 28 13 4 18 2 9 2 11 4 2 10 16 6 6 3 5 6 20.8528406620025635 116.233235459713669 
17 10 13 16 15 1 18 6 6 15 3 4 14 32 7 4 20 1 11 33 8 3 31 12 18 29 11 16 24 2.70999124060388841 2 22 9 6 16 4 1 25 10 5 1 7 3 28 13 4 18 2 9 2 11 11 16 1 15 11 5 14 6 9 26.1553584337234497 52.4696776847794979 
6 25 1 2 3 11 1 32 5 11 31 7 13 2 9 9 18 2.70999124060388841 2 24 4 17 17 3 1 25 3 2 20 1 12 6 5 4 16 12 9 24 12 1 31 6.96245171630185755 14 15 3.84646942076222631 15 20 9.82524131762891173 1 32 2 5 28 7 17.8244721320812971 20 4 4 5 3 19.0343227386474609 182.312478165109724 
1 24 12 16 15 1 18 6 6 15 3 4 14 32 7 4 20 1 11 33 8 3 31 12 4 28 11 16 24 2.70999124060388841 2 22 9 6 16 4 1 25 10 5 1 7 3 28 13 4 18 2 9 2 11 11 16 1 15 11 5 17 24 10 22.5683585405349731 83.6686091686091657 
5 30 13 16 15 1 18 6 6 15 3 4 14 32 7 4 20 1 11 33 8 3 31 12 17 8 8 16 24 2.70999124060388841 2 22 9 6 16 4 1 25 10 5 1 7 3 28 13 4 18 2 9 2 11 11 16 1 15 11 5 6 3 3 23.153659462928772 69.62087634587634 
17 10 13 16 15 1 18 6 6 15 3 4 14 32 7 4 20 1 11 33 8 3 31 12 18 29 11 16 24 2.70999124060388841 2 22 9 6 16 4 1 25 10 5 1 7 3 28 13 4 18 2 9 2 11 10 19 8 15 11 5 14 4 10 28.3186105489730835 50.5416346491551494 
17 9 12 16 15 1 18 6 6 15 3 4 14 32 7 4 20 1 11 33 8 3 31 12 18 29 11 16 24 2.70999124060388841 2 22 9 6 16 4 1 25 10 5 1 7 3 28 13 4 18 2 9 2 11 11 16 1 15 11 5 14 4 10 26.0736035704612732 53.8617237659016652 
17 1 13 3 16 4 3 6 9 2 24 6 16 31 6 15 24 12 12 30 2 6 29 9 13 18 7 3.36768017929769181 31 5 4 6 4 14 12 2 13 22 9 16 30 5 4 31 12 6 32 12 12 20 4 14 18 9 16 24 12 2 11 13 16.9652119278907776 240.227147267936743 
6 20 2.70999124060388841 14 28 11 9.25570237641795579 6 4 15 12 1 3 8.22565314501180467 10 16 7 9.82524131762891173 15 15 11 3 32 7 17 5 4 4 6 2 14 3 8 18 15 1 4 22 11 3 32 4 1 12 6 17.8244721320812971 7 13 8 1 7.75241283629571765 2 24 12 1 9 6 12 6 12 19.5202769041061401 178.656624911036658 
3 1 6 6 24 2 3 6 5 13 32 7 17 5.34074699537910114 8 6 16 2 8 25 6.96245171630185755 10 31 13 12 2 3 2 32 7 18 11 11 16 19 1 13 3 3.84646942076222631 10 26 2 4 1 12 1 20 9 13.2195649013323386 9 4 12 7 9 5 24 13 17.8244721320812971 25 9 20.2979158759117126 165.75611599181633 
17 10 13 16 15 1 6 26 6 15 3 4 14 32 7 4 20 1 11 33 8 3 31 12 18 29 11 16 24 2.70999124060388841 2 22 9 6 16 4 1 25 10 5 1 7 3 28 13 4 18 2 9 2 11 11 16 1 15 11 5 14 26 9 25.3560014665126801 54.4979880365019724 
17 10 13 16 15 1 18 6 6 15 3 4 14 32 7 4 20 1 11 33 8 3 31 12 18 29 11 16 24 2.70999124060388841 2 22 9 6 16 4 1 25 10 5 1 7 3 28 13 4 18 2 9 2 11 11 16 1 15 11 5 6 26 6 26.564769446849823 50.7213562561583373 

Current Evaluation = 30000000(30000000)
Front Size = 33
3 12 12 16 15 1 18 6 6 15 3 4 14 32 7 4 20 1 11 33 8 3 31 12 12 18 12 16 24 2.70999124060388841 2 22 9 6 16 4 1 25 10 5 1 7 3 28 13 4 18 2 9 2 11 11 16 1 15 11 5 2 14 9 22.6720805764198303 76.3091346822722301 
8 6 5 16 18 10 9 20 11 6 1 7 4 9 7 16 11 9 15 31 10 14 28 9 8 14 3 15 15 2 13 32 8 3 5.34074699537910114 13 13 15 11 16 26 10 17 30 6.96245171630185755 15 16 7 4 13 6 10 6 3.84646942076222631 1 26 8 5 30 9 18.6797099113464355 187.738894198268468 
4 2 8 15 24 7 12 1 7 6 33 3 1 6 2 2 19 9 3 12 3 13 14 9 17 26 2 12 15 1 10 18 2 13 1 2.70999124060388841 16 31 6 10 25 11 15 30 10 14 7 5 2 20 2 9 6 6.96245171630185755 12 8.22565314501180467 4 10 3 9 19.7580376863479614 177.118551444177683 
17 10 13 16 15 1 18 6 6 15 3 4 14 32 7 4 20 1 11 33 8 3 31 12 18 29 11 16 24 2.70999124060388841 2 22 9 6 16 4 1 25 10 5 1 7 3 28 13 4 18 2 9 2 11 11 16 1 15 11 5 14 4 10 28.5624045133590698 49.4947845924914986 
17 28 12 16 15 1 18 6 6 15 3 4 14 32 7 4 20 1 11 33 8 3 31 12 18 29 11 16 24 2.70999124060388841 2 22 9 6 16 4 1 25 10 5 1 7 3 28 13 4 18 2 9 2 11 11 16 1 15 11 5 14 4 10 26.5043166875839233 51.952926762969561 
3.36768017929769181 30 13 16 15 1 18 6 6 15 3 4 14 32 7 4 20 1 11 33 8 3 31 12 18 29 11 16 24 2.70999124060388841 2 22 9 6 16 4 1 25 10 5 1 7 3 28 13 4 18 2 9 2 11 11 16 1 15 11 5 14 26 9 23.5711455047130585 64.0155467318510745 
9 5 2.70999124060388841 16 15 1 18 6 6 15 3 4 14 32 7 4 20 1 2 7 6 3 31 12 12 6 1 16 24 2.70999124060388841 2 22 9 6 16 4 1 25 10 5 1 7 3 28 13 4 18 2 9 2 11 11 16 1 15 11 5 14 26 7 21.4324035942554474 90.0327463835247954 
13 18 5 16 15 1 18 6 6 15 3 4 14 32 7 4 20 1 11 33 8 3 31 12 4 25 2.70999124060388841 16 24 2.70999124060388841 2 22 9 6 16 4 1 25 10 5 1 7 3 28 13 4 18 2 9 2 11 6 18 2 15 11 5 14 24 6.96245171630185755 20.9164555668830872 101.796716128602782 
12 18 8 16 15 1 18 6 6 15 3 4 14 32 7 4 20 1 11 33 8 3 31 12 18 29 11 16 24 2.70999124060388841 2 22 9 6 16 4 1 25 10 5 1 7 3 28 13 4 18 2 9 2 11 11 16 1 15 11 5 1 6 4 23.9936604499816895 56.7938584429019571 
10 30 13 16 15 1 18 6 6 15 3 4 14 32 7 4 20 1 11 33 8 3 31 12 18 29 11 16 24 2.70999124060388841 2 22 9 6 16 4 1 25 10 5 1 7 3 28 13 4 18 2 9 2 11 11 16 1 15 11 5 14 24 9 23.9351945519447327 61.4595234552681404 
15 9 6 12 12 2 6 30 5 12 12 12 5 16 5 13 19 11 13 29 4 15 30 8 14 18 11 16 24 1 17 8 12 12 1 8 4 20 2 16 5.34074699537910114 2 3 28 9 14 24 2 13 22 13 1 26 9 14 18 10 4 25 6 18.9250316619873047 183.432535736550108 
17 1 13 16 15 1 18 6 6 15 3 4 14 32 7 4 20 1 11 33 8 3 31 12 12 19 7 16 24 2.70999124060388841 2 22 9 6 16 4 1 25 10 5 1 7 3 28 13 4 18 2 9 2 11 11 16 1 15 11 5 14 6 3 22.0713914632797241 84.6976354204704194 
8 6 2.70999124060388841 16 15 1 18 6 6 15 3 4 14 32 7 4 20 1 11 33 8 3 31 12 4 30 13 16 24 2.70999124060388841 2 22 9 6 16 4 1 25 10 5 1 7 3 28 13 4 18 2 9 2 11 11 16 1 15 11 5 6 7 9 22.299172580242157 83.9193225683348345 
3 9 12 16 15 1 18 6 6 15 3 4 14 32 7 4 20 1 11 33 8 3 31 12 18 29 11 16 24 2.70999124060388841 2 22 9 6 16 4 1 25 10 5 1 7 3 28 13 4 18 2 9 2 11 17 1 2.70999124060388841 15 11 5 6 32 8 23.0957126617431641 73.5382476925014998 
11 19 7 14 31 10 3 32 3 8 1 5 5 20 10 6 19 9 3 6 10 3.36768017929769181 30 13 17 31 2 6 32 12 15 1 1 9.25570237641795579 14 9 14 9 9 15 26 8 12 5 10 1 16 11 14 6 5 14 20 9 3 1 13 17 12 1 17.3443126082420349 214.025416740122637 
17 10 13 16 15 1 18 6 6 15 3 4 14 32 7 4 20 1 11 33 8 3 31 12 18 29 11 16 24 2.70999124060388841 2 22 9 6 16 4 1 25 10 5 1 7 10 30 8 4 18 2 9 2 11 11 16 1 15 11 5 14 4 10 28.3148164749145508 50.5571155900808336 
1 5 10 14 18 11 1 1 10 9 30 13 1 15 2.70999124060388841 2 16.1354543567662532 13 4.94126535182462057 5 4 13.2195649013323386 13 6 2 24 1 4 6 10 17.8244721320812971 24 4 14 18 2 6 15 5 3 25 1 6 13 13 1 8 9 15 24 8 5 3 6 3 25 4 4 1 10 18.279903769493103 195.656246088020822 
14 26 13 16 15 1 18 6 6 15 3 4 14 32 7 4 20 1 11 33 8 3 31 12 15 6 4 16 24 2.70999124060388841 2 22 9 6 16 4 1 25 10 5 1 7 3 28 13 4 18 2 9 2 11 4 2 10 16 6 6 3 5 6 20.8528406620025635 116.233235459713669 
17 10 13 16 15 1 18 6 6 15 3 4 14 32 7 4 20 1 11 33 8 3 31 12 18 29 11 16 24 2.70999124060388841 2 22 9 6 16 4 1 25 10 5 1 7 3 28 13 4 18 2 9 2 11 11 16 1 15 11 5 14 6 9 26.1553584337234497 52.4696776847794979 
6 25 1 2 3 11 1 32 5 11 31 7 13 2 9 9 18 2.70999124060388841 2 24 4 17 17 3 1 25 3 2 20 1 12 6 5 4 16 12 9 24 12 1 31 6.96245171630185755 14 15 3.84646942076222631 15 20 9.82524131762891173 1 32 2 5 28 7 17.8244721320812971 20 4 4 5 3 19.0343227386474609 182.312478165109724 
5 30 13 16 15 1 18 6 6 15 3 4 14 32 7 4 20 1 11 33 8 3 31 12 17 8 8 16 24 2.70999124060388841 2 22 9 6 16 4 1 25 10 5 1 7 3 28 13 4 18 2 9 2 11 11 16 1 15 11 5 6 3 3 23.153659462928772 69.62087634587634 
17 10 13 16 15 1 18 6 6 15 3 4 14 32 7 4 20 1 11 33 8 3 31 12 18 29 11 16 24 2.70999124060388841 2 22 9 6 16 4 1 25 10 5 1 7 3 28 13 4 18 2 9 2 11 10 19 8 15 11 5 14 4 10 28.3186105489730835 50.5416346491551494 
17 9 12 16 15 1 18 6 6 15 3 4 14 32 7 4 20 1 11 33 8 3 31 12 18 29 11 16 24 2.70999124060388841 2 22 9 6 16 4 1 25 10 5 1 7 3 28 13 4 18 2 9 2 11 11 16 1 15 11 5 14 4 10 26.0736035704612732 53.8617237659016652 
17 1 13 3 16 4 3 6 9 2 24 6 16 31 6 15 24 12 12 30 2 6 29 9 13 18 7 3.36768017929769181 31 5 4 6 4 14 12 2 13 22 9 16 30 5 4 31 12 6 32 12 12 20 4 14 18 9 16 24 12 2 11 13 16.9652119278907776 240.227147267936743 
6 20 2.70999124060388841 14 28 11 9.25570237641795579 6 4 15 12 1 3 8.22565314501180467 10 16 7 9.82524131762891173 15 15 11 3 32 7 17 5 4 4 6 2 14 3 8 18 15 1 4 22 11 3 32 4 1 12 6 17.8244721320812971 7 13 8 1 7.75241283629571765 2 24 12 1 9 6 12 6 12 19.5202769041061401 178.656624911036658 
17 10 13 16 15 1 6 26 6 15 3 4 14 32 7 4 20 1 11 33 8 3 31 12 18 29 11 16 24 2.70999124060388841 2 22 9 6 16 4 1 25 10 5 1 7 3 28 13 4 18 2 9 2 11 11 16 1 15 11 5 14 26 9 25.3560014665126801 54.4979880365019724 
17 10 13 16 15 1 18 6 6 15 3 4 14 32 7 4 20 1 11 33 8 3 31 12 18 29 11 16 24 2.70999124060388841 2 22 9 6 16 4 1 25 10 5 1 7 3 28 13 4 18 2 9 2 11 11 16 1 15 11 5 6 26 6 26.564769446849823 50.7213562561583373 
10 30 11 16 15 1 18 6 6 15 3 4 14 32 7 4 20 1 11 33 8 3 31 12 18 29 11 16 24 2.70999124060388841 2 22 9 6 16 4 1 25 10 5 1 7 3 28 13 4 18 2 9 2 11 1 26 9 15 11 5 13 23 5 23.4661343693733215 67.300307399724602 
3 24 2 16 15 1 18 6 6 15 3 4 14 32 7 4 20 1 11 33 8 3 31 12 17 19 8 16 24 2.70999124060388841 2 22 9 6 16 4 1 25 10 5 1 7 3 28 13 4 18 2 9 2 11 11 16 1 15 11 5 1 31 6 22.3957554697990417 78.2904663542234545 
6 31 13 16 15 1 18 6 6 15 3 4 14 32 7 4 20 1 11 33 8 3 31 12 18 29 11 16 24 2.70999124060388841 2 22 9 6 16 4 1 25 10 5 1 7 3 28 13 4 18 2 9 2 11 11 16 1 15 11 5 1 32 6 23.8375275135040283 63.1631148184253561 
17 12 13 16 15 1 18 6 6 15 3 4 14 32 7 4 20 1 11 33 8 3 31 12 14 30 7 16 24 2.70999124060388841 2 22 9 6 16 4 1 25 10 5 1 7 3 28 13 4 18 2 9 2 11 11 16 1 15 11 5 2 32 13 21.8334795236587524 87.4114119429653442 
8 6 10 16 15 1 18 6 6 15 3 4 14 32 7 4 20 1 12 6 2.70999124060388841 3 31 12 14 19 7 16 24 2.70999124060388841 2 22 9 6 16 4 1 25 10 5 1 7 3 28 13 4 18 2 4 18 3 8 16 10 15 11 5 6 8 6 20.0660247802734375 147.262171039686052 
3 25 1 12 15 10 2 6 11 15 1 7 3 32 10 14 31 7 16 6 12 14 7 5 18 5 9 3 32 2 9 23 5 15 8 7 14 5.34074699537910114 9 13 24 5 2 22 11 14 20 10 13 32 4 13 1 9 15 2 10 9.25570237641795579 26 2 18.1355347633361816 209.90003607503607 

Current Evaluation = 40000000(40000000)
Front Size = 39
3 12 12 16 15 1 18 6 6 15 3 4 14 32 7 4 20 1 11 33 8 3 31 12 12 18 12 16 24 2.70999124060388841 2 22 9 6 16 4 1 25 10 5 1 7 3 28 13 4 18 2 9 2 11 11 16 1 15 11 5 2 14 9 22.6720805764198303 76.3091346822722301 
8 6 5 16 18 10 9 20 11 6 1 7 4 9 7 16 11 9 15 31 10 14 28 9 8 14 3 15 15 2 13 32 8 3 5.34074699537910114 13 13 15 11 16 26 10 17 30 6.96245171630185755 15 16 7 4 13 6 10 6 3.84646942076222631 1 26 8 5 30 9 18.6797099113464355 187.738894198268468 
4 2 8 15 24 7 12 1 7 6 33 3 1 6 2 2 19 9 3 12 3 13 14 9 17 26 2 12 15 1 10 18 2 13 1 2.70999124060388841 16 31 6 10 25 11 15 30 10 14 7 5 2 20 2 9 6 6.96245171630185755 12 8.22565314501180467 4 10 3 9 19.7580376863479614 177.118551444177683 
17 10 13 16 15 1 18 6 6 15 3 4 14 32 7 4 20 1 11 33 8 3 31 12 18 29 11 16 24 2.70999124060388841 2 22 9 6 16 4 1 25 10 5 1 7 3 28 13 4 18 2 9 2 11 11 16 1 15 11 5 14 4 10 28.5624045133590698 49.4947845924914986 
17 28 12 16 15 1 18 6 6 15 3 4 14 32 7 4 20 1 11 33 8 3 31 12 18 29 11 16 24 2.70999124060388841 2 22 9 6 16 4 1 25 10 5 1 7 3 28 13 4 18 2 9 2 11 11 16 1 15 11 5 14 4 10 26.5043166875839233 51.952926762969561 
3.36768017929769181 30 13 16 15 1 18 6 6 15 3 4 14 32 7 4 20 1 11 33 8 3 31 12 18 29 11 16 24 2.70999124060388841 2 22 9 6 16 4 1 25 10 5 1 7 3 28 13 4 18 2 9 2 11 11 16 1 15 11 5 14 26 9 23.5711455047130585 64.0155467318510745 
9 5 2.70999124060388841 16 15 1 18 6 6 15 3 4 14 32 7 4 20 1 2 7 6 3 31 12 12 6 1 16 24 2.70999124060388841 2 22 9 6 16 4 1 25 10 5 1 7 3 28 13 4 18 2 9 2 11 11 16 1 15 11 5 14 26 7 21.4324035942554474 90.0327463835247954 
13 18 5 16 15 1 18 6 6 15 3 4 14 32 7 4 20 1 11 33 8 3 31 12 4 25 2.70999124060388841 16 24 2.70999124060388841 2 22 9 6 16 4 1 25 10 5 1 7 3 28 13 4 18 2 9 2 11 6 18 2 15 11 5 14 24 6.96245171630185755 20.9164555668830872 101.796716128602782 
12 18 8 16 15 1 18 6 6 15 3 4 14 32 7 4 20 1 11 33 8 3 31 12 18 29 11 16 24 2.70999124060388841 2 22 9 6 16 4 1 25 10 5 1 7 3 28 13 4 18 2 9 2 11 11 16 1 15 11 5 1 6 4 23.9936604499816895 56.7938584429019571 
10 30 13 16 15 1 18 6 6 15 3 4 14 32 7 4 20 1 11 33 8 3 31 12 18 29 11 16 24 2.70999124060388841 2 22 9 6 16 4 1 25 10 5 1 7 3 28 13 4 18 2 9 2 11 11 16 1 15 11 5 14 24 9 23.9351945519447327 61.4595234552681404 
17 1 13 16 15 1 18 6 6 15 3 4 14 32 7 4 20 1 11 33 8 3 31 12 12 19 7 16 24 2.70999124060388841 2 22 9 6 16 4 1 25 10 5 1 7 3 28 13 4 18 2 9 2 11 11 16 1 15 11 5 14 6 3 22.0713914632797241 84.6976354204704194 
3 9 12 16 15 1 18 6 6 15 3 4 14 32 7 4 20 1 11 33 8 3 31 12 18 29 11 16 24 2.70999124060388841 2 22 9 6 16 4 1 25 10 5 1 7 3 28 13 4 18 2 9 2 11 17 1 2.70999124060388841 15 11 5 6 32 8 23.0957126617431641 73.5382476925014998 
11 19 7 14 31 10 3 32 3 8 1 5 5 20 10 6 19 9 3 6 10 3.36768017929769181 30 13 17 31 2 6 32 12 15 1 1 9.25570237641795579 14 9 14 9 9 15 26 8 12 5 10 1 16 11 14 6 5 14 20 9 3 1 13 17 12 1 17.3443126082420349 214.025416740122637 
17 10 13 16 15 1 18 6 6 15 3 4 14 32 7 4 20 1 11 33 8 3 31 12 18 29 11 16 24 2.70999124060388841 2 22 9 6 16 4 1 25 10 5 1 7 10 30 8 4 18 2 9 2 11 11 16 1 15 11 5 14 4 10 28.3148164749145508 50.5571155900808336 
1 5 10 14 18 11 1 1 10 9 30 13 1 15 2.70999124060388841 2 16.1354543567662532 13 4.94126535182462057 5 4 13.2195649013323386 13 6 2 24 1 4 6 10 17.8244721320812971 24 4 14 18 2 6 15 5 3 25 1 6 13 13 1 8 9 15 24 8 5 3 6 3 25 4 4 1 10 18.279903769493103 195.656246088020822 
14 26 13 16 15 1 18 6 6 15 3 4 14 32 7 4 20 1 11 33 8 3 31 12 15 6 4 16 24 2.70999124060388841 2 22 9 6 16 4 1 25 10 5 1 7 3 28 13 4 18 2 9 2 11 4 2 10 16 6 6 3 5 6 20.8528406620025635 116.233235459713669 
17 10 13 16 15 1 18 6 6 15 3 4 14 32 7 4 20 1 11 33 8 3 31 12 18 29 11 16 24 2.70999124060388841 2 22 9 6 16 4 1 25 10 5 1 7 3 28 13 4 18 2 9 2 11 11 16 1 15 11 5 14 6 9 26.1553584337234497 52.4696776847794979 
5 30 13 16 15 1 18 6 6 15 3 4 14 32 7 4 20 1 11 33 8 3 31 12 17 8 8 16 24 2.70999124060388841 2 22 9 6 16 4 1 25 10 5 1 7 3 28 13 4 18 2 9 2 11 11 16 1 15 11 5 6 3 3 23.153659462928772 69.62087634587634 
17 10 13 16 15 1 18 6 6 15 3 4 14 32 7 4 20 1 11 33 8 3 31 12 18 29 11 16 24 2.70999124060388841 2 22 9 6 16 4 1 25 10 5 1 7 3 28 13 4 18 2 9 2 11 10 19 8 15 11 5 14 4 10 28.3186105489730835 50.5416346491551494 
17 9 12 16 15 1 18 6 6 15 3 4 14 32 7 4 20 1 11 33 8 3 31 12 18 29 11 16 24 2.70999124060388841 2 22 9 6 16 4 1 25 10 5 1 7 3 28 13 4 18 2 9 2 11 11 16 1 15 11 5 14 4 10 26.0736035704612732 53.8617237659016652 
17 1 13 3 16 4 3 6 9 2 24 6 16 31 6 15 24 12 12 30 2 6 29 9 13 18 7 3.36768017929769181 31 5 4 6 4 14 12 2 13 22 9 16 30 5 4 31 12 6 32 12 12 20 4 14 18 9 16 24 12 2 11 13 16.9652119278907776 240.227147267936743 
6 20 2.70999124060388841 14 28 11 9.25570237641795579 6 4 15 12 1 3 8.22565314501180467 10 16 7 9.82524131762891173 15 15 11 3 32 7 17 5 4 4 6 2 14 3 8 18 15 1 4 22 11 3 32 4 1 12 6 17.8244721320812971 7 13 8 1 7.75241283629571765 2 24 12 1 9 6 12 6 12 19.5202769041061401 178.656624911036658 
17 10 13 16 15 1 6 26 6 15 3 4 14 32 7 4 20 1 11 33 8 3 31 12 18 29 11 16 24 2.70999124060388841 2 22 9 6 16 4 1 25 10 5 1 7 3 28 13 4 18 2 9 2 11 11 16 1 15 11 5 14 26 9 25.3560014665126801 54.4979880365019724 
17 10 13 16 15 1 18 6 6 15 3 4 14 32 7 4 20 1 11 33 8 3 31 12 18 29 11 16 24 2.70999124060388841 2 22 9 6 16 4 1 25 10 5 1 7 3 28 13 4 18 2 9 2 11 11 16 1 15 11 5 6 26 6 26.564769446849823 50.7213562561583373 
10 30 11 16 15 1 18 6 6 15 3 4 14 32 7 4 20 1 11 33 8 3 31 12 18 29 11 16 24 2.70999124060388841 2 22 9 6 16 4 1 25 10 5 1 7 3 28 13 4 18 2 9 2 11 1 26 9 15 11 5 13 23 5 23.4661343693733215 67.300307399724602 
3 24 2 16 15 1 18 6 6 15 3 4 14 32 7 4 20 1 11 33 8 3 31 12 17 19 8 16 24 2.70999124060388841 2 22 9 6 16 4 1 25 10 5 1 7 3 28 13 4 18 2 9 2 11 11 16 1 15 11 5 1 31 6 22.3957554697990417 78.2904663542234545 
6 31 13 16 15 1 18 6 6 15 3 4 14 32 7 4 20 1 11 33 8 3 31 12 18 29 11 16 24 2.70999124060388841 2 22 9 6 16 4 1 25 10 5 1 7 3 28 13 4 18 2 9 2 11 11 16 1 15 11 5 1 32 6 23.8375275135040283 63.1631148184253561 
17 12 13 16 15 1 18 6 6 15 3 4 14 32 7 4 20 1 11 33 8 3 31 12 14 30 7 16 24 2.70999124060388841 2 22 9 6 16 4 1 25 10 5 1 7 3 28 13 4 18 2 9 2 11 11 16 1 15 11 5 2 32 13 21.8334795236587524 87.4114119429653442 
8 6 10 16 15 1 18 6 6 15 3 4 14 32 7 4 20 1 12 6 2.70999124060388841 3 31 12 14 19 7 16 24 2.70999124060388841 2 22 9 6 16 4 1 25 10 5 1 7 3 28 13 4 18 2 4 18 3 8 16 10 15 11 5 6 8 6 20.0660247802734375 147.262171039686052 
3 25 1 12 15 10 2 6 11 15 1 7 3 32 10 14 31 7 16 6 12 14 7 5 18 5 9 3 32 2 9 23 5 15 8 7 14 5.34074699537910114 9 13 24 5 2 22 11 14 20 10 13 32 4 13 1 9 15 2 10 9.25570237641795579 26 2 18.1355347633361816 209.90003607503607 
3.36768017929769181 30 6 16 15 1 17 16 4 15 3 4 14 32 7 4 20 1 4 12 6.96245171630185755 3 31 12 4.94126535182462057 12 8 16 24 2.70999124060388841 2 22 9 6 16 4 1 25 10 5 1 7 3 28 13 4 18 2 9 2 11 11 16 1 15 11 5 12 32 8 20.2263627052307129 137.577820942572856 
2 2 12 3 14 1 14 30 6 12 32 5 16 24 7 4 19 1 5 5.34074699537910114 2 10 1 6.96245171630185755 8 2 6 4.94126535182462057 30 1 12 13 11 17 23.4025356524426229 2 6 26 12 2 15 2 13 32 5 4 6 12 14 31 6 17.8244721320812971 32 11 16 24 2 1 5 10 19.2039949297904968 180.224303474303497 
17 10 13 16 15 1 18 6 6 15 3 4 14 32 7 4 20 1 11 33 8 3 31 12 18 29 11 16 24 2.70999124060388841 2 22 9 6 16 4 1 25 10 5 1 7 3 28 13 4 18 2 9 2 11 11 16 1 15 11 5 14 26 4 26.2691014409065247 52.2710754615545881 
4 12 9 2 32 4 16 15 12 3 20 2.70999124060388841 8 6 8 17 26 8 1 24 5 2 20 7 17 6 11 5 6 9 9 24 5 13 23 13 8 1 9 14 30 11 11 1 7 4 16 6.96245171630185755 10 25 4 6 7 12 14 31 12 17 16 2 18.4982236623764038 194.934038522990846 
14 7 9 16 15 1 18 6 6 15 3 4 14 32 7 4 20 1 6 31 11 3 31 12 16 30 10 16 24 2.70999124060388841 2 22 9 6 16 4 1 25 10 5 1 7 3 28 13 4 18 2 9 2 11 11 16 1 15 11 5 8 31 5 20.6498867869377136 130.575932908748968 
12 30 11 16 15 1 18 6 6 15 3 4 14 32 7 4 20 1 11 33 8 3 31 12 18 29 11 16 24 2.70999124060388841 2 22 9 6 16 4 1 25 10 5 1 7 3 28 13 4 18 2 9 2 11 11 16 1 15 11 5 1 25 9 23.7528555393218994 63.2666709749800731 
6 1 4 16 15 1 18 6 6 15 3 4 14 32 7 4 20 1 11 33 8 3 31 12 18 29 11 16 24 2.70999124060388841 2 22 9 6 16 4 1 25 10 5 1 7 3 28 13 4 18 2 9 2 11 11 16 1 15 11 5 6 6 4 23.5091485381126404 66.050419311451293 
12 2 11 16 15 1 18 6 6 15 3 4 14 32 7 4 20 1 11 33 8 3 31 12 6 32 13 16 24 2.70999124060388841 2 22 9 6 16 4 1 25 10 5 1 7 3 28 13 4 18 2 9 2 11 11 16 1 15 11 5 1 12 9 22.2039894461631775 82.9037043621178782 
4 24 11 16 31 6 6 30 1 13 23 12 14 15 13 15 33 3 1 25 10 4 22 10 12 2 8 14 8 3 16 24 13 9 3 13 12 6 9 14 1 9 6 20 2.70999124060388841 14 16.1354543567662532 3 4.94126535182462057 22 9.82524131762891173 15 19 4 3 11 13.151007650947605 4 9 7.75241283629571765 18.9097938239574432 181.29833685257023 

Current Evaluation = 50000000(50000000)
Front Size = 30
17 10 13 16 15 1 18 6 6 15 3 4 14 32 7 4 20 1 11 33 8 3 31 12 18 29 11 16 24 2.70999124060388841 2 22 9 6 16 4 1 25 10 5 1 7 3 28 13 4 18 2 9 2 11 11 16 1 15 11 5 14 4 10 28.5624045133590698 49.4947845924914986 
17 28 12 16 15 1 18 6 6 15 3 4 14 32 7 4 20 1 11 33 8 3 31 12 18 29 11 16 24 2.70999124060388841 2 22 9 6 16 4 1 25 10 5 1 7 3 28 13 4 18 2 9 2 11 11 16 1 15 11 5 14 4 10 26.5043166875839233 51.952926762969561 
3.36768017929769181 30 13 16 15 1 18 6 6 15 3 4 14 32 7 4 20 1 11 33 8 3 31 12 18 29 11 16 24 2.70999124060388841 2 22 9 6 16 4 1 25 10 5 1 7 3 28 13 4 18 2 9 2 11 11 16 1 15 11 5 14 26 9 23.5711455047130585 64.0155467318510745 
9 5 2.70999124060388841 16 15 1 18 6 6 15 3 4 14 32 7 4 20 1 2 7 6 3 31 12 12 6 1 16 24 2.70999124060388841 2 22 9 6 16 4 1 25 10 5 1 7 3 28 13 4 18 2 9 2 11 11 16 1 15 11 5 14 26 7 21.4324035942554474 90.0327463835247954 
13 18 5 16 15 1 18 6 6 15 3 4 14 32 7 4 20 1 11 33 8 3 31 12 4 25 2.70999124060388841 16 24 2.70999124060388841 2 22 9 6 16 4 1 25 10 5 1 7 3 28 13 4 18 2 9 2 11 6 18 2 15 11 5 14 24 6.96245171630185755 20.9164555668830872 101.796716128602782 
12 18 8 16 15 1 18 6 6 15 3 4 14 32 7 4 20 1 11 33 8 3 31 12 18 29 11 16 24 2.70999124060388841 2 22 9 6 16 4 1 25 10 5 1 7 3 28 13 4 18 2 9 2 11 11 16 1 15 11 5 1 6 4 23.9936604499816895 56.7938584429019571 
11 19 7 14 31 10 3 32 3 8 1 5 5 20 10 6 19 9 3 6 10 3.36768017929769181 30 13 17 31 2 6 32 12 15 1 1 9.25570237641795579 14 9 14 9 9 15 26 8 12 5 10 1 16 11 14 6 5 14 20 9 3 1 13 17 12 1 17.3443126082420349 214.025416740122637 
17 10 13 16 15 1 18 6 6 15 3 4 14 32 7 4 20 1 11 33 8 3 31 12 18 29 11 16 24 2.70999124060388841 2 22 9 6 16 4 1 25 10 5 1 7 10 30 8 4 18 2 9 2 11 11 16 1 15 11 5 14 4 10 28.3148164749145508 50.5571155900808336 
14 26 13 16 15 1 18 6 6 15 3 4 14 32 7 4 20 1 11 33 8 3 31 12 15 6 4 16 24 2.70999124060388841 2 22 9 6 16 4 1 25 10 5 1 7 3 28 13 4 18 2 9 2 11 4 2 10 16 6 6 3 5 6 20.8528406620025635 116.233235459713669 
17 10 13 16 15 1 18 6 6 15 3 4 14 32 7 4 20 1 11 33 8 3 31 12 18 29 11 16 24 2.70999124060388841 2 22 9 6 16 4 1 25 10 5 1 7 3 28 13 4 18 2 9 2 11 11 16 1 15 11 5 14 6 9 26.1553584337234497 52.4696776847794979 
5 30 13 16 15 1 18 6 6 15 3 4 14 32 7 4 20 1 11 33 8 3 31 12 17 8 8 16 24 2.70999124060388841 2 22 9 6 16 4 1 25 10 5 1 7 3 28 13 4 18 2 9 2 11 11 16 1 15 11 5 6 3 3 23.153659462928772 69.62087634587634 
17 10 13 16 15 1 18 6 6 15 3 4 14 32 7 4 20 1 11 33 8 3 31 12 18 29 11 16 24 2.70999124060388841 2 22 9 6 16 4 1 25 10 5 1 7 3 28 13 4 18 2 9 2 11 10 19 8 15 11 5 14 4 10 28.3186105489730835 50.5416346491551494 
17 9 12 16 15 1 18 6 6 15 3 4 14 32 7 4 20 1 11 33 8 3 31 12 18 29 11 16 24 2.70999124060388841 2 22 9 6 16 4 1 25 10 5 1 7 3 28 13 4 18 2 9 2 11 11 16 1 15 11 5 14 4 10 26.0736035704612732 53.8617237659016652 
17 1 13 3 16 4 3 6 9 2 24 6 16 31 6 15 24 12 12 30 2 6 29 9 13 18 7 3.36768017929769181 31 5 4 6 4 14 12 2 13 22 9 16 30 5 4 31 12 6 32 12 12 20 4 14 18 9 16 24 12 2 11 13 16.9652119278907776 240.227147267936743 
17 10 13 16 15 1 6 26 6 15 3 4 14 32 7 4 20 1 11 33 8 3 31 12 18 29 11 16 24 2.70999124060388841 2 22 9 6 16 4 1 25 10 5 1 7 3 28 13 4 18 2 9 2 11 11 16 1 15 11 5 14 26 9 25.3560014665126801 54.4979880365019724 
17 10 13 16 15 1 18 6 6 15 3 4 14 32 7 4 20 1 11 33 8 3 31 12 18 29 11 16 24 2.70999124060388841 2 22 9 6 16 4 1 25 10 5 1 7 3 28 13 4 18 2 9 2 11 11 16 1 15 11 5 6 26 6 26.564769446849823 50.7213562561583373 
10 30 11 16 15 1 18 6 6 15 3 4 14 32 7 4 20 1 11 33 8 3 31 12 18 29 11 16 24 2.70999124060388841 2 22 9 6 16 4 1 25 10 5 1 7 3 28 13 4 18 2 9 2 11 1 26 9 15 11 5 13 23 5 23.4661343693733215 67.300307399724602 
3 24 2 16 15 1 18 6 6 15 3 4 14 32 7 4 20 1 11 33 8 3 31 12 17 19 8 16 24 2.70999124060388841 2 22 9 6 16 4 1 25 10 5 1 7 3 28 13 4 18 2 9 2 11 11 16 1 15 11 5 1 31 6 22.3957554697990417 78.2904663542234545 
17 10 13 16 15 1 18 6 6 15 3 4 14 32 7 4 20 1 11 33 8 3 31 12 18 29 11 16 24 2.70999124060388841 2 22 9 6 16 4 1 25 10 5 1 7 3 28 13 4 18 2 9 2 11 11 16 1 15 11 5 14 26 4 26.2691014409065247 52.2710754615545881 
12 30 11 16 15 1 18 6 6 15 3 4 14 32 7 4 20 1 11 33 8 3 31 12 18 29 11 16 24 2.70999124060388841 2 22 9 6 16 4 1 25 10 5 1 7 3 28 13 4 18 2 9 2 11 11 16 1 15 11 5 1 25 9 23.7528555393218994 63.2666709749800731 
6 1 4 16 15 1 18 6 6 15 3 4 14 32 7 4 20 1 11 33 8 3 31 12 18 29 11 16 24 2.70999124060388841 2 22 9 6 16 4 1 25 10 5 1 7 3 28 13 4 18 2 9 2 11 11 16 1 15 11 5 6 6 4 23.5091485381126404 66.050419311451293 
17 30 8 16 15 1 18 6 6 15 3 4 14 32 7 4 20 1 11 33 8 3 31 12 18 29 11 16 24 2.70999124060388841 2 22 9 6 16 4 1 25 10 5 1 7 3 28 13 4 18 2 9 2 11 11 16 1 15 11 5 14 4 10 25.8487955331802368 53.9159941123695603 
14 18 9 16 15 1 18 6 6 15 3 4 14 32 7 4 20 1 11 33 8 3 31 12 1 15 2.70999124060388841 16 24 2.70999124060388841 2 22 9 6 16 4 1 25 10 12 17 9 3 28 13 4 18 2 9 2 11 4 20 10 15 11 5 17 19 7 20.7808966040611267 125.840327955446554 
15 1 9 16 15 1 18 6 6 15 3 4 14 32 7 4 20 1 11 33 8 3 31 12 17 18 2 16 24 2.70999124060388841 2 22 9 6 16 4 1 25 10 5 1 7 3 28 13 4 18 2 9 2 11 11 16 1 15 11 5 14 12 7 21.7675454914569855 82.0698357198357087 
3 30 10 13 23 2 6 26 12 3 31 1 16 18 2 6 15 8 3 6 8 15 17 10 2 32 12 12 20 7 6 9 5 14 1 9 12 13 5 13 6 8 17 26 8 4 15 2.70999124060388841 16 31 6.96245171630185755 17 22 11 6 32 8 1 7 12 18.1243195235729218 176.065296685884903 
9 31 11 16 15 1 18 6 6 15 3 4 14 32 7 4 20 1 11 33 8 3 31 12 9 28 11 16 24 2.70999124060388841 2 22 9 6 16 4 1 25 10 5 1 7 3 28 13 4 18 2 9 2 11 6 24 10 15 11 5 14 31 13 21.6899325251579285 86.2431124431124374 
12 23 13 16 15 1 18 6 6 15 3 4 14 32 7 4 20 1 11 33 8 3 31 12 12 26 2 16 24 2.70999124060388841 2 22 9 6 16 4 1 25 10 5 1 7 3 28 13 4 18 2 9 2 11 11 16 1 15 11 5 14 5 4 22.5668675899505615 71.5588286846663522 
14 30 4 16 15 1 18 6 6 15 3 4 14 32 7 4 20 1 6 30 7 3 31 12 14 9 6 16 24 2.70999124060388841 2 22 9 6 16 4 1 25 10 5 1 7 3 28 13 4 18 2 9 2 11 14 11 9 15 11 5 1 16 1 19.267077773809433 129.898145062829684 
17 10 13 16 15 1 18 6 6 15 3 4 14 32 7 4 20 1 11 33 8 3 31 12 18 29 11 16 24 2.70999124060388841 2 22 9 6 16 4 1 25 10 5 1 7 3 28 13 4 18 2 9 2 11 11 16 1 15 11 5 6 32 9 26.3661314249038696 52.2342991200922029 
17 26 11 16 15 1 18 6 6 15 3 4 14 32 7 4 20 1 11 33 8 3 31 12 18 29 11 16 24 2.70999124060388841 2 22 9 6 16 4 1 25 10 5 1 7 3 28 13 4 18 2 9 2 11 11 16 1 15 11 5 6 26 4 23.7776565551757812 60.8008308436912586 

Current Evaluation = 60000000(60000000)
Front Size = 33
17 10 13 16 15 1 18 6 6 15 3 4 14 32 7 4 20 1 11 33 8 3 31 12 18 29 11 16 24 2.70999124060388841 2 22 9 6 16 4 1 25 10 5 1 7 3 28 13 4 18 2 9 2 11 11 16 1 15 11 5 14 4 10 28.5624045133590698 49.4947845924914986 
3.36768017929769181 30 13 16 15 1 18 6 6 15 3 4 14 32 7 4 20 1 11 33 8 3 31 12 18 29 11 16 24 2.70999124060388841 2 22 9 6 16 4 1 25 10 5 1 7 3 28 13 4 18 2 9 2 11 11 16 1 15 11 5 14 26 9 23.5711455047130585 64.0155467318510745 
9 5 2.70999124060388841 16 15 1 18 6 6 15 3 4 14 32 7 4 20 1 2 7 6 3 31 12 12 6 1 16 24 2.70999124060388841 2 22 9 6 16 4 1 25 10 5 1 7 3 28 13 4 18 2 9 2 11 11 16 1 15 11 5 14 26 7 21.4324035942554474 90.0327463835247954 
13 18 5 16 15 1 18 6 6 15 3 4 14 32 7 4 20 1 11 33 8 3 31 12 4 25 2.70999124060388841 16 24 2.70999124060388841 2 22 9 6 16 4 1 25 10 5 1 7 3 28 13 4 18 2 9 2 11 6 18 2 15 11 5 14 24 6.96245171630185755 20.9164555668830872 101.796716128602782 
12 18 8 16 15 1 18 6 6 15 3 4 14 32 7 4 20 1 11 33 8 3 31 12 18 29 11 16 24 2.70999124060388841 2 22 9 6 16 4 1 25 10 5 1 7 3 28 13 4 18 2 9 2 11 11 16 1 15 11 5 1 6 4 23.9936604499816895 56.7938584429019571 
11 19 7 14 31 10 3 32 3 8 1 5 5 20 10 6 19 9 3 6 10 3.36768017929769181 30 13 17 31 2 6 32 12 15 1 1 9.25570237641795579 14 9 14 9 9 15 26 8 12 5 10 1 16 11 14 6 5 14 20 9 3 1 13 17 12 1 17.3443126082420349 214.025416740122637 
14 26 13 16 15 1 18 6 6 15 3 4 14 32 7 4 20 1 11 33 8 3 31 12 15 6 4 16 24 2.70999124060388841 2 22 9 6 16 4 1 25 10 5 1 7 3 28 13 4 18 2 9 2 11 4 2 10 16 6 6 3 5 6 20.8528406620025635 116.233235459713669 
17 10 13 16 15 1 18 6 6 15 3 4 14 32 7 4 20 1 11 33 8 3 31 12 18 29 11 16 24 2.70999124060388841 2 22 9 6 16 4 1 25 10 5 1 7 3 28 13 4 18 2 9 2 11 11 16 1 15 11 5 14 6 9 26.1553584337234497 52.4696776847794979 
5 30 13 16 15 1 18 6 6 15 3 4 14 32 7 4 20 1 11 33 8 3 31 12 17 8 8 16 24 2.70999124060388841 2 22 9 6 16 4 1 25 10 5 1 7 3 28 13 4 18 2 9 2 11 11 16 1 15 11 5 6 3 3 23.153659462928772 69.62087634587634 
17 9 12 16 15 1 18 6 6 15 3 4 14 32 7 4 20 1 11 33 8 3 31 12 18 29 11 16 24 2.70999124060388841 2 22 9 6 16 4 1 25 10 5 1 7 3 28 13 4 18 2 9 2 11 11 16 1 15 11 5 14 4 10 26.0736035704612732 53.8617237659016652 
17 1 13 3 16 4 3 6 9 2 24 6 16 31 6 15 24 12 12 30 2 6 29 9 13 18 7 3.36768017929769181 31 5 4 6 4 14 12 2 13 22 9 16 30 5 4 31 12 6 32 12 12 20 4 14 18 9 16 24 12 2 11 13 16.9652119278907776 240.227147267936743 
17 10 13 16 15 1 6 26 6 15 3 4 14 32 7 4 20 1 11 33 8 3 31 12 18 29 11 16 24 2.70999124060388841 2 22 9 6 16 4 1 25 10 5 1 7 3 28 13 4 18 2 9 2 11 11 16 1 15 11 5 14 26 9 25.3560014665126801 54.4979880365019724 
17 10 13 16 15 1 18 6 6 15 3 4 14 32 7 4 20 1 11 33 8 3 31 12 18 29 11 16 24 2.70999124060388841 2 22 9 6 16 4 1 25 10 5 1 7 3 28 13 4 18 2 9 2 11 11 16 1 15 11 5 6 26 6 26.564769446849823 50.7213562561583373 
10 30 11 16 15 1 18 6 6 15 3 4 14 32 7 4 20 1 11 33 8 3 31 12 18 29 11 16 24 2.70999124060388841 2 22 9 6 16 4 1 25 10 5 1 7 3 28 13 4 18 2 9 2 11 1 26 9 15 11 5 13 23 5 23.4661343693733215 67.300307399724602 
3 24 2 16 15 1 18 6 6 15 3 4 14 32 7 4 20 1 11 33 8 3 31 12 17 19 8 16 24 2.70999124060388841 2 22 9 6 16 4 1 25 10 5 1 7 3 28 13 4 18 2 9 2 11 11 16 1 15 11 5 1 31 6 22.3957554697990417 78.2904663542234545 
17 10 13 16 15 1 18 6 6 15 3 4 14 32 7 4 20 1 11 33 8 3 31 12 18 29 11 16 24 2.70999124060388841 2 22 9 6 16 4 1 25 10 5 1 7 3 28 13 4 18 2 9 2 11 11 16 1 15 11 5 14 26 4 26.2691014409065247 52.2710754615545881 
12 30 11 16 15 1 18 6 6 15 3 4 14 32 7 4 20 1 11 33 8 3 31 12 18 29 11 16 24 2.70999124060388841 2 22 9 6 16 4 1 25 10 5 1 7 3 28 13 4 18 2 9 2 11 11 16 1 15 11 5 1 25 9 23.7528555393218994 63.2666709749800731 
6 1 4 16 15 1 18 6 6 15 3 4 14 32 7 4 20 1 11 33 8 3 31 12 18 29 11 16 24 2.70999124060388841 2 22 9 6 16 4 1 25 10 5 1 7 3 28 13 4 18 2 9 2 11 11 16 1 15 11 5 6 6 4 23.5091485381126404 66.050419311451293 
17 30 8 16 15 1 18 6 6 15 3 4 14 32 7 4 20 1 11 33 8 3 31 12 18 29 11 16 24 2.70999124060388841 2 22 9 6 16 4 1 25 10 5 1 7 3 28 13 4 18 2 9 2 11 11 16 1 15 11 5 14 4 10 25.8487955331802368 53.9159941123695603 
15 1 9 16 15 1 18 6 6 15 3 4 14 32 7 4 20 1 11 33 8 3 31 12 17 18 2 16 24 2.70999124060388841 2 22 9 6 16 4 1 25 10 5 1 7 3 28 13 4 18 2 9 2 11 11 16 1 15 11 5 14 12 7 21.7675454914569855 82.0698357198357087 
3 30 10 13 23 2 6 26 12 3 31 1 16 18 2 6 15 8 3 6 8 15 17 10 2 32 12 12 20 7 6 9 5 14 1 9 12 13 5 13 6 8 17 26 8 4 15 2.70999124060388841 16 31 6.96245171630185755 17 22 11 6 32 8 1 7 12 18.1243195235729218 176.065296685884903 
9 31 11 16 15 1 18 6 6 15 3 4 14 32 7 4 20 1 11 33 8 3 31 12 9 28 11 16 24 2.70999124060388841 2 22 9 6 16 4 1 25 10 5 1 7 3 28 13 4 18 2 9 2 11 6 24 10 15 11 5 14 31 13 21.6899325251579285 86.2431124431124374 
12 23 13 16 15 1 18 6 6 15 3 4 14 32 7 4 20 1 11 33 8 3 31 12 12 26 2 16 24 2.70999124060388841 2 22 9 6 16 4 1 25 10 5 1 7 3 28 13 4 18 2 9 2 11 11 16 1 15 11 5 14 5 4 22.5668675899505615 71.5588286846663522 
14 30 4 16 15 1 18 6 6 15 3 4 14 32 7 4 20 1 6 30 7 3 31 12 14 9 6 16 24 2.70999124060388841 2 22 9 6 16 4 1 25 10 5 1 7 3 28 13 4 18 2 9 2 11 14 11 9 15 11 5 1 16 1 19.267077773809433 129.898145062829684 
17 26 11 16 15 1 18 6 6 15 3 4 14 32 7 4 20 1 11 33 8 3 31 12 18 29 11 16 24 2.70999124060388841 2 22 9 6 16 4 1 25 10 5 1 7 3 28 13 4 18 2 9 2 11 11 16 1 15 11 5 6 26 4 23.7776565551757812 60.8008308436912586 
15 24 4 11 30 1 16 26 7 2 20 2 4 6 2.70999124060388841 14 15 3 13 12 6.96245171630185755 14 24 3.84646942076222631 3 32 2 13 6 3 9 12 1 13.2195649013323386 25 9 10 30 7 13 30 9 17.8244721320812971 5 1 2 18 7.75241283629571765 4 12 7 2 6 11 14 32 3 9 28 7 16.9534098505973816 241.891060791060852 
13 32 12 17 2 4 3.36768017929769181 20 4 15 3 4 14 32 7 4 20 1 11 33 8 3 31 12 17 20 11 16 24 2.70999124060388841 2 22 9 6 16 4 1 25 10 5 1 7 3 28 13 4 18 2 9 2 11 11 16 1 15 11 5 14 12 2 20.782347559928894 121.01077272825863 
17 10 13 16 15 1 18 6 6 15 3 4 14 32 7 4 20 1 11 33 8 3 31 12 18 29 11 16 24 2.70999124060388841 2 22 9 6 16 4 1 25 10 5 1 7 10 30 12 4 18 2 9 2 11 11 16 1 15 11 5 14 4 10 28.2736165523529053 49.9759863164716123 
15 19 9 16 15 1 1 26 9 15 3 4 14 32 7 4 20 1 4 11 8 3 31 12 13 5.34074699537910114 9 16 24 2.70999124060388841 2 22 9 6 16 4 1 25 10 5 1 7 3 28 13 4 18 2 9 2 11 11 16 1 15 11 5 9.25570237641795579 7 9 20.6679015755653381 125.493412109684698 
17 10 13 16 15 1 18 6 6 15 3 4 14 32 7 4 20 1 11 33 8 3 31 12 18 29 11 16 24 2.70999124060388841 2 22 9 6 16 4 1 25 10 5 1 7 3 28 13 4 18 2 9 2 11 11 16 1 15 11 5 14 6 3 26.303382396697998 51.7589868139261853 
15 9 13 16 15 1 9 1 10 15 3 4 14 32 7 4 20 1 11 33 8 3 31 12 18 29 11 16 24 2.70999124060388841 2 22 9 6 16 4 1 25 10 5 1 7 3 28 13 4 18 2 9 2 11 17 26 2 15 11 5 13 5.34074699537910114 7 22.3650334477424622 81.361883386028623 
17 30 11 16 15 1 18 6 6 15 3 4 14 32 7 4 20 1 11 33 8 3 31 12 18 29 11 16 24 2.70999124060388841 2 22 9 6 16 4 1 25 10 5 1 7 3 28 13 4 18 2 9 2 11 11 16 1 15 11 5 14 4 10 25.7941955924034119 54.3850637424689793 
9 25 2 16 15 1 18 6 6 15 3 4 14 32 7 4 20 1 5 15 2.70999124060388841 3 31 12 17 24 11 16 24 2.70999124060388841 2 22 9 6 16 4 1 25 10 5 1 7 3 28 13 4 18 2 9 2 11 11 16 1 15 11 5 1 24 4 21.2019515633583069 98.8483049114628329 

Current Evaluation = 70000000(70000000)
Front Size = 36
17 10 13 16 15 1 18 6 6 15 3 4 14 32 7 4 20 1 11 33 8 3 31 12 18 29 11 16 24 2.70999124060388841 2 22 9 6 16 4 1 25 10 5 1 7 3 28 13 4 18 2 9 2 11 11 16 1 15 11 5 14 4 10 28.5624045133590698 49.4947845924914986 
9 5 2.70999124060388841 16 15 1 18 6 6 15 3 4 14 32 7 4 20 1 2 7 6 3 31 12 12 6 1 16 24 2.70999124060388841 2 22 9 6 16 4 1 25 10 5 1 7 3 28 13 4 18 2 9 2 11 11 16 1 15 11 5 14 26 7 21.4324035942554474 90.0327463835247954 
13 18 5 16 15 1 18 6 6 15 3 4 14 32 7 4 20 1 11 33 8 3 31 12 4 25 2.70999124060388841 16 24 2.70999124060388841 2 22 9 6 16 4 1 25 10 5 1 7 3 28 13 4 18 2 9 2 11 6 18 2 15 11 5 14 24 6.96245171630185755 20.9164555668830872 101.796716128602782 
12 18 8 16 15 1 18 6 6 15 3 4 14 32 7 4 20 1 11 33 8 3 31 12 18 29 11 16 24 2.70999124060388841 2 22 9 6 16 4 1 25 10 5 1 7 3 28 13 4 18 2 9 2 11 11 16 1 15 11 5 1 6 4 23.9936604499816895 56.7938584429019571 
11 19 7 14 31 10 3 32 3 8 1 5 5 20 10 6 19 9 3 6 10 3.36768017929769181 30 13 17 31 2 6 32 12 15 1 1 9.25570237641795579 14 9 14 9 9 15 26 8 12 5 10 1 16 11 14 6 5 14 20 9 3 1 13 17 12 1 17.3443126082420349 214.025416740122637 
17 10 13 16 15 1 18 6 6 15 3 4 14 32 7 4 20 1 11 33 8 3 31 12 18 29 11 16 24 2.70999124060388841 2 22 9 6 16 4 1 25 10 5 1 7 3 28 13 4 18 2 9 2 11 11 16 1 15 11 5 14 6 9 26.1553584337234497 52.4696776847794979 
5 30 13 16 15 1 18 6 6 15 3 4 14 32 7 4 20 1 11 33 8 3 31 12 17 8 8 16 24 2.70999124060388841 2 22 9 6 16 4 1 25 10 5 1 7 3 28 13 4 18 2 9 2 11 11 16 1 15 11 5 6 3 3 23.153659462928772 69.62087634587634 
17 9 12 16 15 1 18 6 6 15 3 4 14 32 7 4 20 1 11 33 8 3 31 12 18 29 11 16 24 2.70999124060388841 2 22 9 6 16 4 1 25 10 5 1 7 3 28 13 4 18 2 9 2 11 11 16 1 15 11 5 14 4 10 26.0736035704612732 53.8617237659016652 
17 1 13 3 16 4 3 6 9 2 24 6 16 31 6 15 24 12 12 30 2 6 29 9 13 18 7 3.36768017929769181 31 5 4 6 4 14 12 2 13 22 9 16 30 5 4 31 12 6 32 12 12 20 4 14 18 9 16 24 12 2 11 13 16.9652119278907776 240.227147267936743 
17 10 13 16 15 1 6 26 6 15 3 4 14 32 7 4 20 1 11 33 8 3 31 12 18 29 11 16 24 2.70999124060388841 2 22 9 6 16 4 1 25 10 5 1 7 3 28 13 4 18 2 9 2 11 11 16 1 15 11 5 14 26 9 25.3560014665126801 54.4979880365019724 
17 10 13 16 15 1 18 6 6 15 3 4 14 32 7 4 20 1 11 33 8 3 31 12 18 29 11 16 24 2.70999124060388841 2 22 9 6 16 4 1 25 10 5 1 7 3 28 13 4 18 2 9 2 11 11 16 1 15 11 5 6 26 6 26.564769446849823 50.7213562561583373 
10 30 11 16 15 1 18 6 6 15 3 4 14 32 7 4 20 1 11 33 8 3 31 12 18 29 11 16 24 2.70999124060388841 2 22 9 6 16 4 1 25 10 5 1 7 3 28 13 4 18 2 9 2 11 1 26 9 15 11 5 13 23 5 23.4661343693733215 67.300307399724602 
3 24 2 16 15 1 18 6 6 15 3 4 14 32 7 4 20 1 11 33 8 3 31 12 17 19 8 16 24 2.70999124060388841 2 22 9 6 16 4 1 25 10 5 1 7 3 28 13 4 18 2 9 2 11 11 16 1 15 11 5 1 31 6 22.3957554697990417 78.2904663542234545 
17 10 13 16 15 1 18 6 6 15 3 4 14 32 7 4 20 1 11 33 8 3 31 12 18 29 11 16 24 2.70999124060388841 2 22 9 6 16 4 1 25 10 5 1 7 3 28 13 4 18 2 9 2 11 11 16 1 15 11 5 14 26 4 26.2691014409065247 52.2710754615545881 
12 30 11 16 15 1 18 6 6 15 3 4 14 32 7 4 20 1 11 33 8 3 31 12 18 29 11 16 24 2.70999124060388841 2 22 9 6 16 4 1 25 10 5 1 7 3 28 13 4 18 2 9 2 11 11 16 1 15 11 5 1 25 9 23.7528555393218994 63.2666709749800731 
6 1 4 16 15 1 18 6 6 15 3 4 14 32 7 4 20 1 11 33 8 3 31 12 18 29 11 16 24 2.70999124060388841 2 22 9 6 16 4 1 25 10 5 1 7 3 28 13 4 18 2 9 2 11 11 16 1 15 11 5 6 6 4 23.5091485381126404 66.050419311451293 
17 30 8 16 15 1 18 6 6 15 3 4 14 32 7 4 20 1 11 33 8 3 31 12 18 29 11 16 24 2.70999124060388841 2 22 9 6 16 4 1 25 10 5 1 7 3 28 13 4 18 2 9 2 11 11 16 1 15 11 5 14 4 10 25.8487955331802368 53.9159941123695603 
15 1 9 16 15 1 18 6 6 15 3 4 14 32 7 4 20 1 11 33 8 3 31 12 17 18 2 16 24 2.70999124060388841 2 22 9 6 16 4 1 25 10 5 1 7 3 28 13 4 18 2 9 2 11 11 16 1 15 11 5 14 12 7 21.7675454914569855 82.0698357198357087 
3 30 10 13 23 2 6 26 12 3 31 1 16 18 2 6 15 8 3 6 8 15 17 10 2 32 12 12 20 7 6 9 5 14 1 9 12 13 5 13 6 8 17 26 8 4 15 2.70999124060388841 16 31 6.96245171630185755 17 22 11 6 32 8 1 7 12 18.1243195235729218 176.065296685884903 
9 31 11 16 15 1 18 6 6 15 3 4 14 32 7 4 20 1 11 33 8 3 31 12 9 28 11 16 24 2.70999124060388841 2 22 9 6 16 4 1 25 10 5 1 7 3 28 13 4 18 2 9 2 11 6 24 10 15 11 5 14 31 13 21.6899325251579285 86.2431124431124374 
12 23 13 16 15 1 18 6 6 15 3 4 14 32 7 4 20 1 11 33 8 3 31 12 12 26 2 16 24 2.70999124060388841 2 22 9 6 16 4 1 25 10 5 1 7 3 28 13 4 18 2 9 2 11 11 16 1 15 11 5 14 5 4 22.5668675899505615 71.5588286846663522 
14 30 4 16 15 1 18 6 6 15 3 4 14 32 7 4 20 1 6 30 7 3 31 12 14 9 6 16 24 2.70999124060388841 2 22 9 6 16 4 1 25 10 5 1 7 3 28 13 4 18 2 9 2 11 14 11 9 15 11 5 1 16 1 19.267077773809433 129.898145062829684 
17 26 11 16 15 1 18 6 6 15 3 4 14 32 7 4 20 1 11 33 8 3 31 12 18 29 11 16 24 2.70999124060388841 2 22 9 6 16 4 1 25 10 5 1 7 3 28 13 4 18 2 9 2 11 11 16 1 15 11 5 6 26 4 23.7776565551757812 60.8008308436912586 
15 24 4 11 30 1 16 26 7 2 20 2 4 6 2.70999124060388841 14 15 3 13 12 6.96245171630185755 14 24 3.84646942076222631 3 32 2 13 6 3 9 12 1 13.2195649013323386 25 9 10 30 7 13 30 9 17.8244721320812971 5 1 2 18 7.75241283629571765 4 12 7 2 6 11 14 32 3 9 28 7 16.9534098505973816 241.891060791060852 
17 10 13 16 15 1 18 6 6 15 3 4 14 32 7 4 20 1 11 33 8 3 31 12 18 29 11 16 24 2.70999124060388841 2 22 9 6 16 4 1 25 10 5 1 7 10 30 12 4 18 2 9 2 11 11 16 1 15 11 5 14 4 10 28.2736165523529053 49.9759863164716123 
17 10 13 16 15 1 18 6 6 15 3 4 14 32 7 4 20 1 11 33 8 3 31 12 18 29 11 16 24 2.70999124060388841 2 22 9 6 16 4 1 25 10 5 1 7 3 28 13 4 18 2 9 2 11 11 16 1 15 11 5 14 6 3 26.303382396697998 51.7589868139261853 
15 9 13 16 15 1 9 1 10 15 3 4 14 32 7 4 20 1 11 33 8 3 31 12 18 29 11 16 24 2.70999124060388841 2 22 9 6 16 4 1 25 10 5 1 7 3 28 13 4 18 2 9 2 11 17 26 2 15 11 5 13 5.34074699537910114 7 22.3650334477424622 81.361883386028623 
17 30 11 16 15 1 18 6 6 15 3 4 14 32 7 4 20 1 11 33 8 3 31 12 18 29 11 16 24 2.70999124060388841 2 22 9 6 16 4 1 25 10 5 1 7 3 28 13 4 18 2 9 2 11 11 16 1 15 11 5 14 4 10 25.7941955924034119 54.3850637424689793 
9 25 2 16 15 1 18 6 6 15 3 4 14 32 7 4 20 1 5 15 2.70999124060388841 3 31 12 17 24 11 16 24 2.70999124060388841 2 22 9 6 16 4 1 25 10 5 1 7 3 28 13 4 18 2 9 2 11 11 16 1 15 11 5 1 24 4 21.2019515633583069 98.8483049114628329 
17 10 13 16 15 1 18 6 6 15 3 4 14 32 7 4 20 1 11 33 8 3 31 12 18 29 11 16 24 2.70999124060388841 2 22 9 6 16 4 1 25 10 5 1 7 3 28 13 4 18 2 9 2 11 18 6 1 15 11 5 14 4 10 28.4463266134262085 49.7337319640333462 
6 25 11 8 25 4 14 30 13 4 26 13 10 24 9 1 1 7 2 31 6 13 17 13 1 19 9 9 24 9 16 31 2.70999124060388841 3 1 9 9.25570237641795579 31 8 17 12 8 1 20 13 14 7 6 15 24 5 15 12 11 13 1 4 17 16 4 17.0392687320709229 218.321788076045067 
6 16 9 4 33 10 16 30 2.70999124060388841 1 15 6 3 6 13 12 12 6.96245171630185755 1 6 13 4.94126535182462057 2 6 1 3 12 13 9 11 14 26 13 4 31 10 9 5 9.82524131762891173 6 26 11 4 16 7 10 19 1 3 17 6 1 31 13.151007650947605 3 6 3 15 5 2 19.1176776885986328 175.083751705810585 
12 24 9 16 15 1 18 6 6 15 3 4 14 32 7 4 20 1 8 30 12 3 31 12 3.36768017929769181 15 6.96245171630185755 16 24 2.70999124060388841 2 22 9 6 16 4 1 25 10 5 1 7 3 28 13 4 18 2 9 2 11 11 16 1 15 11 5 6 24 7 20.6201906800270081 109.890815675717477 
9 30 8 16 15 1 18 6 6 15 3 4 14 32 7 4 20 1 11 33 8 3 31 12 18 29 11 16 24 2.70999124060388841 2 22 9 6 16 4 1 25 10 5 1 7 3 28 13 4 18 2 9 2 11 4 6 1 15 11 5 2 22 5 23.5509193539619446 63.5239627194177245 
12 6 13 16 15 1 18 6 6 15 3 4 14 32 7 4 20 1 11 33 8 3 31 12 14 2 4 16 24 2.70999124060388841 2 22 9 6 16 4 1 25 10 5 1 7 3 28 13 4 18 2 9 2 11 15 32 4 15 11 5 1 13 6 21.1795507073402405 100.356472275336273 
10 9 13 16 15 1 18 6 6 15 3 4 14 32 7 4 20 1 11 33 8 3 31 12 18 29 11 16 24 2.70999124060388841 2 22 9 6 16 4 1 25 10 5 1 7 3 28 13 4 18 2 9 2 11 11 16 1 15 11 5 2 6 4 24.5681256055831909 54.9092454455310204 

Current Evaluation = 80000000(80000000)
Front Size = 39
17 10 13 16 15 1 18 6 6 15 3 4 14 32 7 4 20 1 11 33 8 3 31 12 18 29 11 16 24 2.70999124060388841 2 22 9 6 16 4 1 25 10 5 1 7 3 28 13 4 18 2 9 2 11 11 16 1 15 11 5 14 4 10 28.5624045133590698 49.4947845924914986 
9 5 2.70999124060388841 16 15 1 18 6 6 15 3 4 14 32 7 4 20 1 2 7 6 3 31 12 12 6 1 16 24 2.70999124060388841 2 22 9 6 16 4 1 25 10 5 1 7 3 28 13 4 18 2 9 2 11 11 16 1 15 11 5 14 26 7 21.4324035942554474 90.0327463835247954 
13 18 5 16 15 1 18 6 6 15 3 4 14 32 7 4 20 1 11 33 8 3 31 12 4 25 2.70999124060388841 16 24 2.70999124060388841 2 22 9 6 16 4 1 25 10 5 1 7 3 28 13 4 18 2 9 2 11 6 18 2 15 11 5 14 24 6.96245171630185755 20.9164555668830872 101.796716128602782 
12 18 8 16 15 1 18 6 6 15 3 4 14 32 7 4 20 1 11 33 8 3 31 12 18 29 11 16 24 2.70999124060388841 2 22 9 6 16 4 1 25 10 5 1 7 3 28 13 4 18 2 9 2 11 11 16 1 15 11 5 1 6 4 23.9936604499816895 56.7938584429019571 
11 19 7 14 31 10 3 32 3 8 1 5 5 20 10 6 19 9 3 6 10 3.36768017929769181 30 13 17 31 2 6 32 12 15 1 1 9.25570237641795579 14 9 14 9 9 15 26 8 12 5 10 1 16 11 14 6 5 14 20 9 3 1 13 17 12 1 17.3443126082420349 214.025416740122637 
17 10 13 16 15 1 18 6 6 15 3 4 14 32 7 4 20 1 11 33 8 3 31 12 18 29 11 16 24 2.70999124060388841 2 22 9 6 16 4 1 25 10 5 1 7 3 28 13 4 18 2 9 2 11 11 16 1 15 11 5 14 6 9 26.1553584337234497 52.4696776847794979 
5 30 13 16 15 1 18 6 6 15 3 4 14 32 7 4 20 1 11 33 8 3 31 12 17 8 8 16 24 2.70999124060388841 2 22 9 6 16 4 1 25 10 5 1 7 3 28 13 4 18 2 9 2 11 11 16 1 15 11 5 6 3 3 23.153659462928772 69.62087634587634 
17 9 12 16 15 1 18 6 6 15 3 4 14 32 7 4 20 1 11 33 8 3 31 12 18 29 11 16 24 2.70999124060388841 2 22 9 6 16 4 1 25 10 5 1 7 3 28 13 4 18 2 9 2 11 11 16 1 15 11 5 14 4 10 26.0736035704612732 53.8617237659016652 
17 1 13 3 16 4 3 6 9 2 24 6 16 31 6 15 24 12 12 30 2 6 29 9 13 18 7 3.36768017929769181 31 5 4 6 4 14 12 2 13 22 9 16 30 5 4 31 12 6 32 12 12 20 4 14 18 9 16 24 12 2 11 13 16.9652119278907776 240.227147267936743 
17 10 13 16 15 1 6 26 6 15 3 4 14 32 7 4 20 1 11 33 8 3 31 12 18 29 11 16 24 2.70999124060388841 2 22 9 6 16 4 1 25 10 5 1 7 3 28 13 4 18 2 9 2 11 11 16 1 15 11 5 14 26 9 25.3560014665126801 54.4979880365019724 
17 10 13 16 15 1 18 6 6 15 3 4 14 32 7 4 20 1 11 33 8 3 31 12 18 29 11 16 24 2.70999124060388841 2 22 9 6 16 4 1 25 10 5 1 7 3 28 13 4 18 2 9 2 11 11 16 1 15 11 5 6 26 6 26.564769446849823 50.7213562561583373 
10 30 11 16 15 1 18 6 6 15 3 4 14 32 7 4 20 1 11 33 8 3 31 12 18 29 11 16 24 2.70999124060388841 2 22 9 6 16 4 1 25 10 5 1 7 3 28 13 4 18 2 9 2 11 1 26 9 15 11 5 13 23 5 23.4661343693733215 67.300307399724602 
3 24 2 16 15 1 18 6 6 15 3 4 14 32 7 4 20 1 11 33 8 3 31 12 17 19 8 16 24 2.70999124060388841 2 22 9 6 16 4 1 25 10 5 1 7 3 28 13 4 18 2 9 2 11 11 16 1 15 11 5 1 31 6 22.3957554697990417 78.2904663542234545 
17 10 13 16 15 1 18 6 6 15 3 4 14 32 7 4 20 1 11 33 8 3 31 12 18 29 11 16 24 2.70999124060388841 2 22 9 6 16 4 1 25 10 5 1 7 3 28 13 4 18 2 9 2 11 11 16 1 15 11 5 14 26 4 26.2691014409065247 52.2710754615545881 
12 30 11 16 15 1 18 6 6 15 3 4 14 32 7 4 20 1 11 33 8 3 31 12 18 29 11 16 24 2.70999124060388841 2 22 9 6 16 4 1 25 10 5 1 7 3 28 13 4 18 2 9 2 11 11 16 1 15 11 5 1 25 9 23.7528555393218994 63.2666709749800731 
6 1 4 16 15 1 18 6 6 15 3 4 14 32 7 4 20 1 11 33 8 3 31 12 18 29 11 16 24 2.70999124060388841 2 22 9 6 16 4 1 25 10 5 1 7 3 28 13 4 18 2 9 2 11 11 16 1 15 11 5 6 6 4 23.5091485381126404 66.050419311451293 
17 30 8 16 15 1 18 6 6 15 3 4 14 32 7 4 20 1 11 33 8 3 31 12 18 29 11 16 24 2.70999124060388841 2 22 9 6 16 4 1 25 10 5 1 7 3 28 13 4 18 2 9 2 11 11 16 1 15 11 5 14 4 10 25.8487955331802368 53.9159941123695603 
15 1 9 16 15 1 18 6 6 15 3 4 14 32 7 4 20 1 11 33 8 3 31 12 17 18 2 16 24 2.70999124060388841 2 22 9 6 16 4 1 25 10 5 1 7 3 28 13 4 18 2 9 2 11 11 16 1 15 11 5 14 12 7 21.7675454914569855 82.0698357198357087 
3 30 10 13 23 2 6 26 12 3 31 1 16 18 2 6 15 8 3 6 8 15 17 10 2 32 12 12 20 7 6 9 5 14 1 9 12 13 5 13 6 8 17 26 8 4 15 2.70999124060388841 16 31 6.96245171630185755 17 22 11 6 32 8 1 7 12 18.1243195235729218 176.065296685884903 
9 31 11 16 15 1 18 6 6 15 3 4 14 32 7 4 20 1 11 33 8 3 31 12 9 28 11 16 24 2.70999124060388841 2 22 9 6 16 4 1 25 10 5 1 7 3 28 13 4 18 2 9 2 11 6 24 10 15 11 5 14 31 13 21.6899325251579285 86.2431124431124374 
12 23 13 16 15 1 18 6 6 15 3 4 14 32 7 4 20 1 11 33 8 3 31 12 12 26 2 16 24 2.70999124060388841 2 22 9 6 16 4 1 25 10 5 1 7 3 28 13 4 18 2 9 2 11 11 16 1 15 11 5 14 5 4 22.5668675899505615 71.5588286846663522 
14 30 4 16 15 1 18 6 6 15 3 4 14 32 7 4 20 1 6 30 7 3 31 12 14 9 6 16 24 2.70999124060388841 2 22 9 6 16 4 1 25 10 5 1 7 3 28 13 4 18 2 9 2 11 14 11 9 15 11 5 1 16 1 19.267077773809433 129.898145062829684 
17 26 11 16 15 1 18 6 6 15 3 4 14 32 7 4 20 1 11 33 8 3 31 12 18 29 11 16 24 2.70999124060388841 2 22 9 6 16 4 1 25 10 5 1 7 3 28 13 4 18 2 9 2 11 11 16 1 15 11 5 6 26 4 23.7776565551757812 60.8008308436912586 
15 24 4 11 30 1 16 26 7 2 20 2 4 6 2.70999124060388841 14 15 3 13 12 6.96245171630185755 14 24 3.84646942076222631 3 32 2 13 6 3 9 12 1 13.2195649013323386 25 9 10 30 7 13 30 9 17.8244721320812971 5 1 2 18 7.75241283629571765 4 12 7 2 6 11 14 32 3 9 28 7 16.9534098505973816 241.891060791060852 
17 10 13 16 15 1 18 6 6 15 3 4 14 32 7 4 20 1 11 33 8 3 31 12 18 29 11 16 24 2.70999124060388841 2 22 9 6 16 4 1 25 10 5 1 7 10 30 12 4 18 2 9 2 11 11 16 1 15 11 5 14 4 10 28.2736165523529053 49.9759863164716123 
17 10 13 16 15 1 18 6 6 15 3 4 14 32 7 4 20 1 11 33 8 3 31 12 18 29 11 16 24 2.70999124060388841 2 22 9 6 16 4 1 25 10 5 1 7 3 28 13 4 18 2 9 2 11 11 16 1 15 11 5 14 6 3 26.303382396697998 51.7589868139261853 
17 30 11 16 15 1 18 6 6 15 3 4 14 32 7 4 20 1 11 33 8 3 31 12 18 29 11 16 24 2.70999124060388841 2 22 9 6 16 4 1 25 10 5 1 7 3 28 13 4 18 2 9 2 11 11 16 1 15 11 5 14 4 10 25.7941955924034119 54.3850637424689793 
9 25 2 16 15 1 18 6 6 15 3 4 14 32 7 4 20 1 5 15 2.70999124060388841 3 31 12 17 24 11 16 24 2.70999124060388841 2 22 9 6 16 4 1 25 10 5 1 7 3 28 13 4 18 2 9 2 11 11 16 1 15 11 5 1 24 4 21.2019515633583069 98.8483049114628329 
17 10 13 16 15 1 18 6 6 15 3 4 14 32 7 4 20 1 11 33 8 3 31 12 18 29 11 16 24 2.70999124060388841 2 22 9 6 16 4 1 25 10 5 1 7 3 28 13 4 18 2 9 2 11 18 6 1 15 11 5 14 4 10 28.4463266134262085 49.7337319640333462 
6 25 11 8 25 4 14 30 13 4 26 13 10 24 9 1 1 7 2 31 6 13 17 13 1 19 9 9 24 9 16 31 2.70999124060388841 3 1 9 9.25570237641795579 31 8 17 12 8 1 20 13 14 7 6 15 24 5 15 12 11 13 1 4 17 16 4 17.0392687320709229 218.321788076045067 
6 16 9 4 33 10 16 30 2.70999124060388841 1 15 6 3 6 13 12 12 6.96245171630185755 1 6 13 4.94126535182462057 2 6 1 3 12 13 9 11 14 26 13 4 31 10 9 5 9.82524131762891173 6 26 11 4 16 7 10 19 1 3 17 6 1 31 13.151007650947605 3 6 3 15 5 2 19.1176776885986328 175.083751705810585 
12 24 9 16 15 1 18 6 6 15 3 4 14 32 7 4 20 1 8 30 12 3 31 12 3.36768017929769181 15 6.96245171630185755 16 24 2.70999124060388841 2 22 9 6 16 4 1 25 10 5 1 7 3 28 13 4 18 2 9 2 11 11 16 1 15 11 5 6 24 7 20.6201906800270081 109.890815675717477 
9 30 8 16 15 1 18 6 6 15 3 4 14 32 7 4 20 1 11 33 8 3 31 12 18 29 11 16 24 2.70999124060388841 2 22 9 6 16 4 1 25 10 5 1 7 3 28 13 4 18 2 9 2 11 4 6 1 15 11 5 2 22 5 23.5509193539619446 63.5239627194177245 
12 6 13 16 15 1 18 6 6 15 3 4 14 32 7 4 20 1 11 33 8 3 31 12 14 2 4 16 24 2.70999124060388841 2 22 9 6 16 4 1 25 10 5 1 7 3 28 13 4 18 2 9 2 11 15 32 4 15 11 5 1 13 6 21.1795507073402405 100.356472275336273 
10 9 13 16 15 1 18 6 6 15 3 4 14 32 7 4 20 1 11 33 8 3 31 12 18 29 11 16 24 2.70999124060388841 2 22 9 6 16 4 1 25 10 5 1 7 3 28 13 4 18 2 9 2 11 11 16 1 15 11 5 2 6 4 24.5681256055831909 54.9092454455310204 
17 10 13 16 15 1 18 6 6 15 3 4 14 32 7 4 20 1 11 33 8 3 31 12 18 29 11 16 24 2.70999124060388841 2 22 9 6 16 4 1 25 10 5 1 7 3 28 13 4 18 2 9 2 11 11 16 1 15 11 5 6 26 3 26.5447694063186646 51.0322574258650761 
12 16 13 16 15 1 18 6 6 15 3 4 14 32 7 4 20 1 11 33 8 3 31 12 18 29 11 16 24 2.70999124060388841 2 22 9 6 16 4 1 25 10 5 1 7 3 28 13 4 18 2 9 2 11 17 1 3 15 11 5 6 13 7 23.4648435711860657 68.6979212273828921 
3.36768017929769181 30 13 16 15 1 18 6 6 15 3 4 14 32 7 4 20 1 11 33 8 3 31 12 16 30 13 16 24 2.70999124060388841 2 22 9 6 16 4 1 25 10 5 1 7 3 28 13 4 18 2 9 2 11 11 16 1 15 11 5 1 6 11 21.9122265577316284 79.9516121541856677 
14 13 12 15 15 8 14 25 4 9 9 12 3.36768017929769181 18 2 12 32 6.96245171630185755 1 1 7 10 25 2 4.94126535182462057 15 11 14 1 9.82524131762891173 3 12 8 2 16 5 17 18 8 14 9 11 10 14 9 15 24 9 14 18 11 4 20 6 2 20 1 14 3 12 18.0843739211559296 213.34399467921142 

Current Evaluation = 90000000(90000000)
Front Size = 42
9 5 2.70999124060388841 16 15 1 18 6 6 15 3 4 14 32 7 4 20 1 2 7 6 3 31 12 12 6 1 16 24 2.70999124060388841 2 22 9 6 16 4 1 25 10 5 1 7 3 28 13 4 18 2 9 2 11 11 16 1 15 11 5 14 26 7 21.4324035942554474 90.0327463835247954 
13 18 5 16 15 1 18 6 6 15 3 4 14 32 7 4 20 1 11 33 8 3 31 12 4 25 2.70999124060388841 16 24 2.70999124060388841 2 22 9 6 16 4 1 25 10 5 1 7 3 28 13 4 18 2 9 2 11 6 18 2 15 11 5 14 24 6.96245171630185755 20.9164555668830872 101.796716128602782 
12 18 8 16 15 1 18 6 6 15 3 4 14 32 7 4 20 1 11 33 8 3 31 12 18 29 11 16 24 2.70999124060388841 2 22 9 6 16 4 1 25 10 5 1 7 3 28 13 4 18 2 9 2 11 11 16 1 15 11 5 1 6 4 23.9936604499816895 56.7938584429019571 
11 19 7 14 31 10 3 32 3 8 1 5 5 20 10 6 19 9 3 6 10 3.36768017929769181 30 13 17 31 2 6 32 12 15 1 1 9.25570237641795579 14 9 14 9 9 15 26 8 12 5 10 1 16 11 14 6 5 14 20 9 3 1 13 17 12 1 17.3443126082420349 214.025416740122637 
17 10 13 16 15 1 18 6 6 15 3 4 14 32 7 4 20 1 11 33 8 3 31 12 18 29 11 16 24 2.70999124060388841 2 22 9 6 16 4 1 25 10 5 1 7 3 28 13 4 18 2 9 2 11 11 16 1 15 11 5 14 6 9 26.1553584337234497 52.4696776847794979 
5 30 13 16 15 1 18 6 6 15 3 4 14 32 7 4 20 1 11 33 8 3 31 12 17 8 8 16 24 2.70999124060388841 2 22 9 6 16 4 1 25 10 5 1 7 3 28 13 4 18 2 9 2 11 11 16 1 15 11 5 6 3 3 23.153659462928772 69.62087634587634 
17 9 12 16 15 1 18 6 6 15 3 4 14 32 7 4 20 1 11 33 8 3 31 12 18 29 11 16 24 2.70999124060388841 2 22 9 6 16 4 1 25 10 5 1 7 3 28 13 4 18 2 9 2 11 11 16 1 15 11 5 14 4 10 26.0736035704612732 53.8617237659016652 
17 1 13 3 16 4 3 6 9 2 24 6 16 31 6 15 24 12 12 30 2 6 29 9 13 18 7 3.36768017929769181 31 5 4 6 4 14 12 2 13 22 9 16 30 5 4 31 12 6 32 12 12 20 4 14 18 9 16 24 12 2 11 13 16.9652119278907776 240.227147267936743 
17 10 13 16 15 1 6 26 6 15 3 4 14 32 7 4 20 1 11 33 8 3 31 12 18 29 11 16 24 2.70999124060388841 2 22 9 6 16 4 1 25 10 5 1 7 3 28 13 4 18 2 9 2 11 11 16 1 15 11 5 14 26 9 25.3560014665126801 54.4979880365019724 
17 10 13 16 15 1 18 6 6 15 3 4 14 32 7 4 20 1 11 33 8 3 31 12 18 29 11 16 24 2.70999124060388841 2 22 9 6 16 4 1 25 10 5 1 7 3 28 13 4 18 2 9 2 11 11 16 1 15 11 5 6 26 6 26.564769446849823 50.7213562561583373 
10 30 11 16 15 1 18 6 6 15 3 4 14 32 7 4 20 1 11 33 8 3 31 12 18 29 11 16 24 2.70999124060388841 2 22 9 6 16 4 1 25 10 5 1 7 3 28 13 4 18 2 9 2 11 1 26 9 15 11 5 13 23 5 23.4661343693733215 67.300307399724602 
3 24 2 16 15 1 18 6 6 15 3 4 14 32 7 4 20 1 11 33 8 3 31 12 17 19 8 16 24 2.70999124060388841 2 22 9 6 16 4 1 25 10 5 1 7 3 28 13 4 18 2 9 2 11 11 16 1 15 11 5 1 31 6 22.3957554697990417 78.2904663542234545 
17 10 13 16 15 1 18 6 6 15 3 4 14 32 7 4 20 1 11 33 8 3 31 12 18 29 11 16 24 2.70999124060388841 2 22 9 6 16 4 1 25 10 5 1 7 3 28 13 4 18 2 9 2 11 11 16 1 15 11 5 14 26 4 26.2691014409065247 52.2710754615545881 
12 30 11 16 15 1 18 6 6 15 3 4 14 32 7 4 20 1 11 33 8 3 31 12 18 29 11 16 24 2.70999124060388841 2 22 9 6 16 4 1 25 10 5 1 7 3 28 13 4 18 2 9 2 11 11 16 1 15 11 5 1 25 9 23.7528555393218994 63.2666709749800731 
6 1 4 16 15 1 18 6 6 15 3 4 14 32 7 4 20 1 11 33 8 3 31 12 18 29 11 16 24 2.70999124060388841 2 22 9 6 16 4 1 25 10 5 1 7 3 28 13 4 18 2 9 2 11 11 16 1 15 11 5 6 6 4 23.5091485381126404 66.050419311451293 
17 30 8 16 15 1 18 6 6 15 3 4 14 32 7 4 20 1 11 33 8 3 31 12 18 29 11 16 24 2.70999124060388841 2 22 9 6 16 4 1 25 10 5 1 7 3 28 13 4 18 2 9 2 11 11 16 1 15 11 5 14 4 10 25.8487955331802368 53.9159941123695603 
15 1 9 16 15 1 18 6 6 15 3 4 14 32 7 4 20 1 11 33 8 3 31 12 17 18 2 16 24 2.70999124060388841 2 22 9 6 16 4 1 25 10 5 1 7 3 28 13 4 18 2 9 2 11 11 16 1 15 11 5 14 12 7 21.7675454914569855 82.0698357198357087 
3 30 10 13 23 2 6 26 12 3 31 1 16 18 2 6 15 8 3 6 8 15 17 10 2 32 12 12 20 7 6 9 5 14 1 9 12 13 5 13 6 8 17 26 8 4 15 2.70999124060388841 16 31 6.96245171630185755 17 22 11 6 32 8 1 7 12 18.1243195235729218 176.065296685884903 
9 31 11 16 15 1 18 6 6 15 3 4 14 32 7 4 20 1 11 33 8 3 31 12 9 28 11 16 24 2.70999124060388841 2 22 9 6 16 4 1 25 10 5 1 7 3 28 13 4 18 2 9 2 11 6 24 10 15 11 5 14 31 13 21.6899325251579285 86.2431124431124374 
12 23 13 16 15 1 18 6 6 15 3 4 14 32 7 4 20 1 11 33 8 3 31 12 12 26 2 16 24 2.70999124060388841 2 22 9 6 16 4 1 25 10 5 1 7 3 28 13 4 18 2 9 2 11 11 16 1 15 11 5 14 5 4 22.5668675899505615 71.5588286846663522 
14 30 4 16 15 1 18 6 6 15 3 4 14 32 7 4 20 1 6 30 7 3 31 12 14 9 6 16 24 2.70999124060388841 2 22 9 6 16 4 1 25 10 5 1 7 3 28 13 4 18 2 9 2 11 14 11 9 15 11 5 1 16 1 19.267077773809433 129.898145062829684 
17 26 11 16 15 1 18 6 6 15 3 4 14 32 7 4 20 1 11 33 8 3 31 12 18 29 11 16 24 2.70999124060388841 2 22 9 6 16 4 1 25 10 5 1 7 3 28 13 4 18 2 9 2 11 11 16 1 15 11 5 6 26 4 23.7776565551757812 60.8008308436912586 
15 24 4 11 30 1 16 26 7 2 20 2 4 6 2.70999124060388841 14 15 3 13 12 6.96245171630185755 14 24 3.84646942076222631 3 32 2 13 6 3 9 12 1 13.2195649013323386 25 9 10 30 7 13 30 9 17.8244721320812971 5 1 2 18 7.75241283629571765 4 12 7 2 6 11 14 32 3 9 28 7 16.9534098505973816 241.891060791060852 
17 10 13 16 15 1 18 6 6 15 3 4 14 32 7 4 20 1 11 33 8 3 31 12 18 29 11 16 24 2.70999124060388841 2 22 9 6 16 4 1 25 10 5 1 7 10 30 12 4 18 2 9 2 11 11 16 1 15 11 5 14 4 10 28.2736165523529053 49.9759863164716123 
17 10 13 16 15 1 18 6 6 15 3 4 14 32 7 4 20 1 11 33 8 3 31 12 18 29 11 16 24 2.70999124060388841 2 22 9 6 16 4 1 25 10 5 1 7 3 28 13 4 18 2 9 2 11 11 16 1 15 11 5 14 6 3 26.303382396697998 51.7589868139261853 
17 30 11 16 15 1 18 6 6 15 3 4 14 32 7 4 20 1 11 33 8 3 31 12 18 29 11 16 24 2.70999124060388841 2 22 9 6 16 4 1 25 10 5 1 7 3 28 13 4 18 2 9 2 11 11 16 1 15 11 5 14 4 10 25.7941955924034119 54.3850637424689793 
9 25 2 16 15 1 18 6 6 15 3 4 14 32 7 4 20 1 5 15 2.70999124060388841 3 31 12 17 24 11 16 24 2.70999124060388841 2 22 9 6 16 4 1 25 10 5 1 7 3 28 13 4 18 2 9 2 11 11 16 1 15 11 5 1 24 4 21.2019515633583069 98.8483049114628329 
17 10 13 16 15 1 18 6 6 15 3 4 14 32 7 4 20 1 11 33 8 3 31 12 18 29 11 16 24 2.70999124060388841 2 22 9 6 16 4 1 25 10 5 1 7 3 28 13 4 18 2 9 2 11 18 6 1 15 11 5 14 4 10 28.4463266134262085 49.7337319640333462 
6 25 11 8 25 4 14 30 13 4 26 13 10 24 9 1 1 7 2 31 6 13 17 13 1 19 9 9 24 9 16 31 2.70999124060388841 3 1 9 9.25570237641795579 31 8 17 12 8 1 20 13 14 7 6 15 24 5 15 12 11 13 1 4 17 16 4 17.0392687320709229 218.321788076045067 
6 16 9 4 33 10 16 30 2.70999124060388841 1 15 6 3 6 13 12 12 6.96245171630185755 1 6 13 4.94126535182462057 2 6 1 3 12 13 9 11 14 26 13 4 31 10 9 5 9.82524131762891173 6 26 11 4 16 7 10 19 1 3 17 6 1 31 13.151007650947605 3 6 3 15 5 2 19.1176776885986328 175.083751705810585 
12 24 9 16 15 1 18 6 6 15 3 4 14 32 7 4 20 1 8 30 12 3 31 12 3.36768017929769181 15 6.96245171630185755 16 24 2.70999124060388841 2 22 9 6 16 4 1 25 10 5 1 7 3 28 13 4 18 2 9 2 11 11 16 1 15 11 5 6 24 7 20.6201906800270081 109.890815675717477 
9 30 8 16 15 1 18 6 6 15 3 4 14 32 7 4 20 1 11 33 8 3 31 12 18 29 11 16 24 2.70999124060388841 2 22 9 6 16 4 1 25 10 5 1 7 3 28 13 4 18 2 9 2 11 4 6 1 15 11 5 2 22 5 23.5509193539619446 63.5239627194177245 
12 6 13 16 15 1 18 6 6 15 3 4 14 32 7 4 20 1 11 33 8 3 31 12 14 2 4 16 24 2.70999124060388841 2 22 9 6 16 4 1 25 10 5 1 7 3 28 13 4 18 2 9 2 11 15 32 4 15 11 5 1 13 6 21.1795507073402405 100.356472275336273 
10 9 13 16 15 1 18 6 6 15 3 4 14 32 7 4 20 1 11 33 8 3 31 12 18 29 11 16 24 2.70999124060388841 2 22 9 6 16 4 1 25 10 5 1 7 3 28 13 4 18 2 9 2 11 11 16 1 15 11 5 2 6 4 24.5681256055831909 54.9092454455310204 
17 10 13 16 15 1 18 6 6 15 3 4 14 32 7 4 20 1 11 33 8 3 31 12 18 29 11 16 24 2.70999124060388841 2 22 9 6 16 4 1 25 10 5 1 7 3 28 13 4 18 2 9 2 11 11 16 1 15 11 5 6 26 3 26.5447694063186646 51.0322574258650761 
12 16 13 16 15 1 18 6 6 15 3 4 14 32 7 4 20 1 11 33 8 3 31 12 18 29 11 16 24 2.70999124060388841 2 22 9 6 16 4 1 25 10 5 1 7 3 28 13 4 18 2 9 2 11 17 1 3 15 11 5 6 13 7 23.4648435711860657 68.6979212273828921 
3.36768017929769181 30 13 16 15 1 18 6 6 15 3 4 14 32 7 4 20 1 11 33 8 3 31 12 16 30 13 16 24 2.70999124060388841 2 22 9 6 16 4 1 25 10 5 1 7 3 28 13 4 18 2 9 2 11 11 16 1 15 11 5 1 6 11 21.9122265577316284 79.9516121541856677 
14 13 12 15 15 8 14 25 4 9 9 12 3.36768017929769181 18 2 12 32 6.96245171630185755 1 1 7 10 25 2 4.94126535182462057 15 11 14 1 9.82524131762891173 3 12 8 2 16 5 17 18 8 14 9 11 10 14 9 15 24 9 14 18 11 4 20 6 2 20 1 14 3 12 18.0843739211559296 213.34399467921142 
17 10 13 16 15 1 18 6 6 15 3 4 14 32 7 4 20 1 11 33 8 3 31 12 18 29 11 16 24 2.70999124060388841 2 22 9 6 16 4 1 25 10 5 1 7 3 28 13 4 18 2 9 2 11 11 16 1 15 11 5 14 4 10 28.5624045133590698 48.8924637203903316 
17 30 8 16 15 1 18 6 6 15 3 4 14 32 7 4 20 1 11 33 8 3 31 12 18 29 11 16 24 2.70999124060388841 2 22 9 6 16 4 1 25 10 5 1 7 3 28 13 4 18 2 9 2 11 14 33 2.70999124060388841 15 11 5 6 15 9 23.1858024001121521 69.0848576975040771 
10 30 12 16 15 1 18 6 6 15 3 4 14 32 7 4 20 1 11 33 8 3 31 12 18 29 11 16 24 2.70999124060388841 2 22 9 6 16 4 1 25 10 5 1 7 3 28 13 4 18 2 9 2 11 11 16 1 15 11 5 14 4 10 26.3004056215286255 52.0388795260532504 
4 25 12 16 15 1 18 6 6 15 3 4 14 32 7 4 20 1 17 9 2 3 31 12 18 29 11 16 24 2.70999124060388841 2 22 9 6 16 4 1 25 10 5 1 7 3 28 13 4 18 2 9 2 11 6 30 9 15 11 5 14 7 12 21.5649836659431458 88.2139743627358683 

Current Evaluation = 100000000(100000000)
Front Size = 46
9 5 2.70999124060388841 16 15 1 18 6 6 15 3 4 14 32 7 4 20 1 2 7 6 3 31 12 12 6 1 16 24 2.70999124060388841 2 22 9 6 16 4 1 25 10 5 1 7 3 28 13 4 18 2 9 2 11 11 16 1 15 11 5 14 26 7 21.4324035942554474 90.0327463835247954 
13 18 5 16 15 1 18 6 6 15 3 4 14 32 7 4 20 1 11 33 8 3 31 12 4 25 2.70999124060388841 16 24 2.70999124060388841 2 22 9 6 16 4 1 25 10 5 1 7 3 28 13 4 18 2 9 2 11 6 18 2 15 11 5 14 24 6.96245171630185755 20.9164555668830872 101.796716128602782 
12 18 8 16 15 1 18 6 6 15 3 4 14 32 7 4 20 1 11 33 8 3 31 12 18 29 11 16 24 2.70999124060388841 2 22 9 6 16 4 1 25 10 5 1 7 3 28 13 4 18 2 9 2 11 11 16 1 15 11 5 1 6 4 23.9936604499816895 56.7938584429019571 
11 19 7 14 31 10 3 32 3 8 1 5 5 20 10 6 19 9 3 6 10 3.36768017929769181 30 13 17 31 2 6 32 12 15 1 1 9.25570237641795579 14 9 14 9 9 15 26 8 12 5 10 1 16 11 14 6 5 14 20 9 3 1 13 17 12 1 17.3443126082420349 214.025416740122637 
17 10 13 16 15 1 18 6 6 15 3 4 14 32 7 4 20 1 11 33 8 3 31 12 18 29 11 16 24 2.70999124060388841 2 22 9 6 16 4 1 25 10 5 1 7 3 28 13 4 18 2 9 2 11 11 16 1 15 11 5 14 6 9 26.1553584337234497 52.4696776847794979 
5 30 13 16 15 1 18 6 6 15 3 4 14 32 7 4 20 1 11 33 8 3 31 12 17 8 8 16 24 2.70999124060388841 2 22 9 6 16 4 1 25 10 5 1 7 3 28 13 4 18 2 9 2 11 11 16 1 15 11 5 6 3 3 23.153659462928772 69.62087634587634 
17 9 12 16 15 1 18 6 6 15 3 4 14 32 7 4 20 1 11 33 8 3 31 12 18 29 11 16 24 2.70999124060388841 2 22 9 6 16 4 1 25 10 5 1 7 3 28 13 4 18 2 9 2 11 11 16 1 15 11 5 14 4 10 26.0736035704612732 53.8617237659016652 
17 1 13 3 16 4 3 6 9 2 24 6 16 31 6 15 24 12 12 30 2 6 29 9 13 18 7 3.36768017929769181 31 5 4 6 4 14 12 2 13 22 9 16 30 5 4 31 12 6 32 12 12 20 4 14 18 9 16 24 12 2 11 13 16.9652119278907776 240.227147267936743 
17 10 13 16 15 1 6 26 6 15 3 4 14 32 7 4 20 1 11 33 8 3 31 12 18 29 11 16 24 2.70999124060388841 2 22 9 6 16 4 1 25 10 5 1 7 3 28 13 4 18 2 9 2 11 11 16 1 15 11 5 14 26 9 25.3560014665126801 54.4979880365019724 
17 10 13 16 15 1 18 6 6 15 3 4 14 32 7 4 20 1 11 33 8 3 31 12 18 29 11 16 24 2.70999124060388841 2 22 9 6 16 4 1 25 10 5 1 7 3 28 13 4 18 2 9 2 11 11 16 1 15 11 5 6 26 6 26.564769446849823 50.7213562561583373 
10 30 11 16 15 1 18 6 6 15 3 4 14 32 7 4 20 1 11 33 8 3 31 12 18 29 11 16 24 2.70999124060388841 2 22 9 6 16 4 1 25 10 5 1 7 3 28 13 4 18 2 9 2 11 1 26 9 15 11 5 13 23 5 23.4661343693733215 67.300307399724602 
3 24 2 16 15 1 18 6 6 15 3 4 14 32 7 4 20 1 11 33 8 3 31 12 17 19 8 16 24 2.70999124060388841 2 22 9 6 16 4 1 25 10 5 1 7 3 28 13 4 18 2 9 2 11 11 16 1 15 11 5 1 31 6 22.3957554697990417 78.2904663542234545 
17 10 13 16 15 1 18 6 6 15 3 4 14 32 7 4 20 1 11 33 8 3 31 12 18 29 11 16 24 2.70999124060388841 2 22 9 6 16 4 1 25 10 5 1 7 3 28 13 4 18 2 9 2 11 11 16 1 15 11 5 14 26 4 26.2691014409065247 52.2710754615545881 
12 30 11 16 15 1 18 6 6 15 3 4 14 32 7 4 20 1 11 33 8 3 31 12 18 29 11 16 24 2.70999124060388841 2 22 9 6 16 4 1 25 10 5 1 7 3 28 13 4 18 2 9 2 11 11 16 1 15 11 5 1 25 9 23.7528555393218994 63.2666709749800731 
6 1 4 16 15 1 18 6 6 15 3 4 14 32 7 4 20 1 11 33 8 3 31 12 18 29 11 16 24 2.70999124060388841 2 22 9 6 16 4 1 25 10 5 1 7 3 28 13 4 18 2 9 2 11 11 16 1 15 11 5 6 6 4 23.5091485381126404 66.050419311451293 
17 30 8 16 15 1 18 6 6 15 3 4 14 32 7 4 20 1 11 33 8 3 31 12 18 29 11 16 24 2.70999124060388841 2 22 9 6 16 4 1 25 10 5 1 7 3 28 13 4 18 2 9 2 11 11 16 1 15 11 5 14 4 10 25.8487955331802368 53.9159941123695603 
15 1 9 16 15 1 18 6 6 15 3 4 14 32 7 4 20 1 11 33 8 3 31 12 17 18 2 16 24 2.70999124060388841 2 22 9 6 16 4 1 25 10 5 1 7 3 28 13 4 18 2 9 2 11 11 16 1 15 11 5 14 12 7 21.7675454914569855 82.0698357198357087 
3 30 10 13 23 2 6 26 12 3 31 1 16 18 2 6 15 8 3 6 8 15 17 10 2 32 12 12 20 7 6 9 5 14 1 9 12 13 5 13 6 8 17 26 8 4 15 2.70999124060388841 16 31 6.96245171630185755 17 22 11 6 32 8 1 7 12 18.1243195235729218 176.065296685884903 
9 31 11 16 15 1 18 6 6 15 3 4 14 32 7 4 20 1 11 33 8 3 31 12 9 28 11 16 24 2.70999124060388841 2 22 9 6 16 4 1 25 10 5 1 7 3 28 13 4 18 2 9 2 11 6 24 10 15 11 5 14 31 13 21.6899325251579285 86.2431124431124374 
12 23 13 16 15 1 18 6 6 15 3 4 14 32 7 4 20 1 11 33 8 3 31 12 12 26 2 16 24 2.70999124060388841 2 22 9 6 16 4 1 25 10 5 1 7 3 28 13 4 18 2 9 2 11 11 16 1 15 11 5 14 5 4 22.5668675899505615 71.5588286846663522 
14 30 4 16 15 1 18 6 6 15 3 4 14 32 7 4 20 1 6 30 7 3 31 12 14 9 6 16 24 2.70999124060388841 2 22 9 6 16 4 1 25 10 5 1 7 3 28 13 4 18 2 9 2 11 14 11 9 15 11 5 1 16 1 19.267077773809433 129.898145062829684 
17 26 11 16 15 1 18 6 6 15 3 4 14 32 7 4 20 1 11 33 8 3 31 12 18 29 11 16 24 2.70999124060388841 2 22 9 6 16 4 1 25 10 5 1 7 3 28 13 4 18 2 9 2 11 11 16 1 15 11 5 6 26 4 23.7776565551757812 60.8008308436912586 
15 24 4 11 30 1 16 26 7 2 20 2 4 6 2.70999124060388841 14 15 3 13 12 6.96245171630185755 14 24 3.84646942076222631 3 32 2 13 6 3 9 12 1 13.2195649013323386 25 9 10 30 7 13 30 9 17.8244721320812971 5 1 2 18 7.75241283629571765 4 12 7 2 6 11 14 32 3 9 28 7 16.9534098505973816 241.891060791060852 
17 10 13 16 15 1 18 6 6 15 3 4 14 32 7 4 20 1 11 33 8 3 31 12 18 29 11 16 24 2.70999124060388841 2 22 9 6 16 4 1 25 10 5 1 7 10 30 12 4 18 2 9 2 11 11 16 1 15 11 5 14 4 10 28.2736165523529053 49.9759863164716123 
17 10 13 16 15 1 18 6 6 15 3 4 14 32 7 4 20 1 11 33 8 3 31 12 18 29 11 16 24 2.70999124060388841 2 22 9 6 16 4 1 25 10 5 1 7 3 28 13 4 18 2 9 2 11 11 16 1 15 11 5 14 6 3 26.303382396697998 51.7589868139261853 
17 30 11 16 15 1 18 6 6 15 3 4 14 32 7 4 20 1 11 33 8 3 31 12 18 29 11 16 24 2.70999124060388841 2 22 9 6 16 4 1 25 10 5 1 7 3 28 13 4 18 2 9 2 11 11 16 1 15 11 5 14 4 10 25.7941955924034119 54.3850637424689793 
9 25 2 16 15 1 18 6 6 15 3 4 14 32 7 4 20 1 5 15 2.70999124060388841 3 31 12 17 24 11 16 24 2.70999124060388841 2 22 9 6 16 4 1 25 10 5 1 7 3 28 13 4 18 2 9 2 11 11 16 1 15 11 5 1 24 4 21.2019515633583069 98.8483049114628329 
17 10 13 16 15 1 18 6 6 15 3 4 14 32 7 4 20 1 11 33 8 3 31 12 18 29 11 16 24 2.70999124060388841 2 22 9 6 16 4 1 25 10 5 1 7 3 28 13 4 18 2 9 2 11 18 6 1 15 11 5 14 4 10 28.4463266134262085 49.7337319640333462 
6 25 11 8 25 4 14 30 13 4 26 13 10 24 9 1 1 7 2 31 6 13 17 13 1 19 9 9 24 9 16 31 2.70999124060388841 3 1 9 9.25570237641795579 31 8 17 12 8 1 20 13 14 7 6 15 24 5 15 12 11 13 1 4 17 16 4 17.0392687320709229 218.321788076045067 
6 16 9 4 33 10 16 30 2.70999124060388841 1 15 6 3 6 13 12 12 6.96245171630185755 1 6 13 4.94126535182462057 2 6 1 3 12 13 9 11 14 26 13 4 31 10 9 5 9.82524131762891173 6 26 11 4 16 7 10 19 1 3 17 6 1 31 13.151007650947605 3 6 3 15 5 2 19.1176776885986328 175.083751705810585 
12 24 9 16 15 1 18 6 6 15 3 4 14 32 7 4 20 1 8 30 12 3 31 12 3.36768017929769181 15 6.96245171630185755 16 24 2.70999124060388841 2 22 9 6 16 4 1 25 10 5 1 7 3 28 13 4 18 2 9 2 11 11 16 1 15 11 5 6 24 7 20.6201906800270081 109.890815675717477 
9 30 8 16 15 1 18 6 6 15 3 4 14 32 7 4 20 1 11 33 8 3 31 12 18 29 11 16 24 2.70999124060388841 2 22 9 6 16 4 1 25 10 5 1 7 3 28 13 4 18 2 9 2 11 4 6 1 15 11 5 2 22 5 23.5509193539619446 63.5239627194177245 
12 6 13 16 15 1 18 6 6 15 3 4 14 32 7 4 20 1 11 33 8 3 31 12 14 2 4 16 24 2.70999124060388841 2 22 9 6 16 4 1 25 10 5 1 7 3 28 13 4 18 2 9 2 11 15 32 4 15 11 5 1 13 6 21.1795507073402405 100.356472275336273 
10 9 13 16 15 1 18 6 6 15 3 4 14 32 7 4 20 1 11 33 8 3 31 12 18 29 11 16 24 2.70999124060388841 2 22 9 6 16 4 1 25 10 5 1 7 3 28 13 4 18 2 9 2 11 11 16 1 15 11 5 2 6 4 24.5681256055831909 54.9092454455310204 
17 10 13 16 15 1 18 6 6 15 3 4 14 32 7 4 20 1 11 33 8 3 31 12 18 29 11 16 24 2.70999124060388841 2 22 9 6 16 4 1 25 10 5 1 7 3 28 13 4 18 2 9 2 11 11 16 1 15 11 5 6 26 3 26.5447694063186646 51.0322574258650761 
12 16 13 16 15 1 18 6 6 15 3 4 14 32 7 4 20 1 11 33 8 3 31 12 18 29 11 16 24 2.70999124060388841 2 22 9 6 16 4 1 25 10 5 1 7 3 28 13 4 18 2 9 2 11 17 1 3 15 11 5 6 13 7 23.4648435711860657 68.6979212273828921 
3.36768017929769181 30 13 16 15 1 18 6 6 15 3 4 14 32 7 4 20 1 11 33 8 3 31 12 16 30 13 16 24 2.70999124060388841 2 22 9 6 16 4 1 25 10 5 1 7 3 28 13 4 18 2 9 2 11 11 16 1 15 11 5 1 6 11 21.9122265577316284 79.9516121541856677 
14 13 12 15 15 8 14 25 4 9 9 12 3.36768017929769181 18 2 12 32 6.96245171630185755 1 1 7 10 25 2 4.94126535182462057 15 11 14 1 9.82524131762891173 3 12 8 2 16 5 17 18 8 14 9 11 10 14 9 15 24 9 14 18 11 4 20 6 2 20 1 14 3 12 18.0843739211559296 213.34399467921142 
17 10 13 16 15 1 18 6 6 15 3 4 14 32 7 4 20 1 11 33 8 3 31 12 18 29 11 16 24 2.70999124060388841 2 22 9 6 16 4 1 25 10 5 1 7 3 28 13 4 18 2 9 2 11 11 16 1 15 11 5 14 4 10 28.5624045133590698 48.8924637203903316 
17 30 8 16 15 1 18 6 6 15 3 4 14 32 7 4 20 1 11 33 8 3 31 12 18 29 11 16 24 2.70999124060388841 2 22 9 6 16 4 1 25 10 5 1 7 3 28 13 4 18 2 9 2 11 14 33 2.70999124060388841 15 11 5 6 15 9 23.1858024001121521 69.0848576975040771 
10 30 12 16 15 1 18 6 6 15 3 4 14 32 7 4 20 1 11 33 8 3 31 12 18 29 11 16 24 2.70999124060388841 2 22 9 6 16 4 1 25 10 5 1 7 3 28 13 4 18 2 9 2 11 11 16 1 15 11 5 14 4 10 26.3004056215286255 52.0388795260532504 
4 25 12 16 15 1 18 6 6 15 3 4 14 32 7 4 20 1 17 9 2 3 31 12 18 29 11 16 24 2.70999124060388841 2 22 9 6 16 4 1 25 10 5 1 7 3 28 13 4 18 2 9 2 11 6 30 9 15 11 5 14 7 12 21.5649836659431458 88.2139743627358683 
15 32 12 16 15 1 18 6 6 15 3 4 14 32 7 4 20 1 17 16 8 3 31 12 5 1 5 16 24 2.70999124060388841 2 22 9 6 16 4 1 25 10 5 1 7 3 28 13 4 18 2 9 2 11 11 16 1 15 11 5 6 6 2 21.3664436936378479 95.2391960285539483 
17 10 13 16 15 1 18 6 6 15 3 4 14 32 7 4 20 1 11 33 8 3 31 12 18 29 11 16 24 2.70999124060388841 2 22 9 6 16 4 1 25 10 5 1 7 3 28 13 4 18 2 9 2 11 11 16 1 15 11 5 14 32 7 26.2584874629974365 52.4638639261504522 
3 16 2.70999124060388841 16 15 1 5 20 6.96245171630185755 15 3 4 14 32 7 4 20 1 4 30 9 3 31 12 3 8 12 16 24 2.70999124060388841 2 22 9 6 16 4 1 25 10 5 1 7 3 28 13 4 18 2 14 30 10 11 16 1 15 11 5 14 24 3.84646942076222631 19.864492803812027 117.331195045390103 
17 30 2.70999124060388841 16 15 1 18 6 6 15 3 4 14 32 7 4 20 1 11 33 8 3 31 12 9.25570237641795579 8 2 16 24 2.70999124060388841 2 22 9 6 16 4 1 25 10 5 1 7 3 28 13 4 18 2 9 2 11 11 16 1 15 11 5 14 14 12 22.5544723868370056 77.7006202408198732 

MOEA/D: Multiobjective Evolutionary Algorithm Based on Decomposition
Number of Evaluations = 100000000
Mutation Probability = 0.0500000007450580597
Population Size = 250
Neighborhood size = 62
Seed: 13

Time =  18891.4952760000015

Current Evaluation = 100000000
Front Size = 46
9 5 2.70999124060388841 16 15 1 18 6 6 15 3 4 14 32 7 4 20 1 2 7 6 3 31 12 12 6 1 16 24 2.70999124060388841 2 22 9 6 16 4 1 25 10 5 1 7 3 28 13 4 18 2 9 2 11 11 16 1 15 11 5 14 26 7 21.4324035942554474 90.0327463835247954 
13 18 5 16 15 1 18 6 6 15 3 4 14 32 7 4 20 1 11 33 8 3 31 12 4 25 2.70999124060388841 16 24 2.70999124060388841 2 22 9 6 16 4 1 25 10 5 1 7 3 28 13 4 18 2 9 2 11 6 18 2 15 11 5 14 24 6.96245171630185755 20.9164555668830872 101.796716128602782 
12 18 8 16 15 1 18 6 6 15 3 4 14 32 7 4 20 1 11 33 8 3 31 12 18 29 11 16 24 2.70999124060388841 2 22 9 6 16 4 1 25 10 5 1 7 3 28 13 4 18 2 9 2 11 11 16 1 15 11 5 1 6 4 23.9936604499816895 56.7938584429019571 
11 19 7 14 31 10 3 32 3 8 1 5 5 20 10 6 19 9 3 6 10 3.36768017929769181 30 13 17 31 2 6 32 12 15 1 1 9.25570237641795579 14 9 14 9 9 15 26 8 12 5 10 1 16 11 14 6 5 14 20 9 3 1 13 17 12 1 17.3443126082420349 214.025416740122637 
17 10 13 16 15 1 18 6 6 15 3 4 14 32 7 4 20 1 11 33 8 3 31 12 18 29 11 16 24 2.70999124060388841 2 22 9 6 16 4 1 25 10 5 1 7 3 28 13 4 18 2 9 2 11 11 16 1 15 11 5 14 6 9 26.1553584337234497 52.4696776847794979 
5 30 13 16 15 1 18 6 6 15 3 4 14 32 7 4 20 1 11 33 8 3 31 12 17 8 8 16 24 2.70999124060388841 2 22 9 6 16 4 1 25 10 5 1 7 3 28 13 4 18 2 9 2 11 11 16 1 15 11 5 6 3 3 23.153659462928772 69.62087634587634 
17 9 12 16 15 1 18 6 6 15 3 4 14 32 7 4 20 1 11 33 8 3 31 12 18 29 11 16 24 2.70999124060388841 2 22 9 6 16 4 1 25 10 5 1 7 3 28 13 4 18 2 9 2 11 11 16 1 15 11 5 14 4 10 26.0736035704612732 53.8617237659016652 
17 1 13 3 16 4 3 6 9 2 24 6 16 31 6 15 24 12 12 30 2 6 29 9 13 18 7 3.36768017929769181 31 5 4 6 4 14 12 2 13 22 9 16 30 5 4 31 12 6 32 12 12 20 4 14 18 9 16 24 12 2 11 13 16.9652119278907776 240.227147267936743 
17 10 13 16 15 1 6 26 6 15 3 4 14 32 7 4 20 1 11 33 8 3 31 12 18 29 11 16 24 2.70999124060388841 2 22 9 6 16 4 1 25 10 5 1 7 3 28 13 4 18 2 9 2 11 11 16 1 15 11 5 14 26 9 25.3560014665126801 54.4979880365019724 
17 10 13 16 15 1 18 6 6 15 3 4 14 32 7 4 20 1 11 33 8 3 31 12 18 29 11 16 24 2.70999124060388841 2 22 9 6 16 4 1 25 10 5 1 7 3 28 13 4 18 2 9 2 11 11 16 1 15 11 5 6 26 6 26.564769446849823 50.7213562561583373 
10 30 11 16 15 1 18 6 6 15 3 4 14 32 7 4 20 1 11 33 8 3 31 12 18 29 11 16 24 2.70999124060388841 2 22 9 6 16 4 1 25 10 5 1 7 3 28 13 4 18 2 9 2 11 1 26 9 15 11 5 13 23 5 23.4661343693733215 67.300307399724602 
3 24 2 16 15 1 18 6 6 15 3 4 14 32 7 4 20 1 11 33 8 3 31 12 17 19 8 16 24 2.70999124060388841 2 22 9 6 16 4 1 25 10 5 1 7 3 28 13 4 18 2 9 2 11 11 16 1 15 11 5 1 31 6 22.3957554697990417 78.2904663542234545 
17 10 13 16 15 1 18 6 6 15 3 4 14 32 7 4 20 1 11 33 8 3 31 12 18 29 11 16 24 2.70999124060388841 2 22 9 6 16 4 1 25 10 5 1 7 3 28 13 4 18 2 9 2 11 11 16 1 15 11 5 14 26 4 26.2691014409065247 52.2710754615545881 
12 30 11 16 15 1 18 6 6 15 3 4 14 32 7 4 20 1 11 33 8 3 31 12 18 29 11 16 24 2.70999124060388841 2 22 9 6 16 4 1 25 10 5 1 7 3 28 13 4 18 2 9 2 11 11 16 1 15 11 5 1 25 9 23.7528555393218994 63.2666709749800731 
6 1 4 16 15 1 18 6 6 15 3 4 14 32 7 4 20 1 11 33 8 3 31 12 18 29 11 16 24 2.70999124060388841 2 22 9 6 16 4 1 25 10 5 1 7 3 28 13 4 18 2 9 2 11 11 16 1 15 11 5 6 6 4 23.5091485381126404 66.050419311451293 
17 30 8 16 15 1 18 6 6 15 3 4 14 32 7 4 20 1 11 33 8 3 31 12 18 29 11 16 24 2.70999124060388841 2 22 9 6 16 4 1 25 10 5 1 7 3 28 13 4 18 2 9 2 11 11 16 1 15 11 5 14 4 10 25.8487955331802368 53.9159941123695603 
15 1 9 16 15 1 18 6 6 15 3 4 14 32 7 4 20 1 11 33 8 3 31 12 17 18 2 16 24 2.70999124060388841 2 22 9 6 16 4 1 25 10 5 1 7 3 28 13 4 18 2 9 2 11 11 16 1 15 11 5 14 12 7 21.7675454914569855 82.0698357198357087 
3 30 10 13 23 2 6 26 12 3 31 1 16 18 2 6 15 8 3 6 8 15 17 10 2 32 12 12 20 7 6 9 5 14 1 9 12 13 5 13 6 8 17 26 8 4 15 2.70999124060388841 16 31 6.96245171630185755 17 22 11 6 32 8 1 7 12 18.1243195235729218 176.065296685884903 
9 31 11 16 15 1 18 6 6 15 3 4 14 32 7 4 20 1 11 33 8 3 31 12 9 28 11 16 24 2.70999124060388841 2 22 9 6 16 4 1 25 10 5 1 7 3 28 13 4 18 2 9 2 11 6 24 10 15 11 5 14 31 13 21.6899325251579285 86.2431124431124374 
12 23 13 16 15 1 18 6 6 15 3 4 14 32 7 4 20 1 11 33 8 3 31 12 12 26 2 16 24 2.70999124060388841 2 22 9 6 16 4 1 25 10 5 1 7 3 28 13 4 18 2 9 2 11 11 16 1 15 11 5 14 5 4 22.5668675899505615 71.5588286846663522 
14 30 4 16 15 1 18 6 6 15 3 4 14 32 7 4 20 1 6 30 7 3 31 12 14 9 6 16 24 2.70999124060388841 2 22 9 6 16 4 1 25 10 5 1 7 3 28 13 4 18 2 9 2 11 14 11 9 15 11 5 1 16 1 19.267077773809433 129.898145062829684 
17 26 11 16 15 1 18 6 6 15 3 4 14 32 7 4 20 1 11 33 8 3 31 12 18 29 11 16 24 2.70999124060388841 2 22 9 6 16 4 1 25 10 5 1 7 3 28 13 4 18 2 9 2 11 11 16 1 15 11 5 6 26 4 23.7776565551757812 60.8008308436912586 
15 24 4 11 30 1 16 26 7 2 20 2 4 6 2.70999124060388841 14 15 3 13 12 6.96245171630185755 14 24 3.84646942076222631 3 32 2 13 6 3 9 12 1 13.2195649013323386 25 9 10 30 7 13 30 9 17.8244721320812971 5 1 2 18 7.75241283629571765 4 12 7 2 6 11 14 32 3 9 28 7 16.9534098505973816 241.891060791060852 
17 10 13 16 15 1 18 6 6 15 3 4 14 32 7 4 20 1 11 33 8 3 31 12 18 29 11 16 24 2.70999124060388841 2 22 9 6 16 4 1 25 10 5 1 7 10 30 12 4 18 2 9 2 11 11 16 1 15 11 5 14 4 10 28.2736165523529053 49.9759863164716123 
17 10 13 16 15 1 18 6 6 15 3 4 14 32 7 4 20 1 11 33 8 3 31 12 18 29 11 16 24 2.70999124060388841 2 22 9 6 16 4 1 25 10 5 1 7 3 28 13 4 18 2 9 2 11 11 16 1 15 11 5 14 6 3 26.303382396697998 51.7589868139261853 
17 30 11 16 15 1 18 6 6 15 3 4 14 32 7 4 20 1 11 33 8 3 31 12 18 29 11 16 24 2.70999124060388841 2 22 9 6 16 4 1 25 10 5 1 7 3 28 13 4 18 2 9 2 11 11 16 1 15 11 5 14 4 10 25.7941955924034119 54.3850637424689793 
9 25 2 16 15 1 18 6 6 15 3 4 14 32 7 4 20 1 5 15 2.70999124060388841 3 31 12 17 24 11 16 24 2.70999124060388841 2 22 9 6 16 4 1 25 10 5 1 7 3 28 13 4 18 2 9 2 11 11 16 1 15 11 5 1 24 4 21.2019515633583069 98.8483049114628329 
17 10 13 16 15 1 18 6 6 15 3 4 14 32 7 4 20 1 11 33 8 3 31 12 18 29 11 16 24 2.70999124060388841 2 22 9 6 16 4 1 25 10 5 1 7 3 28 13 4 18 2 9 2 11 18 6 1 15 11 5 14 4 10 28.4463266134262085 49.7337319640333462 
6 25 11 8 25 4 14 30 13 4 26 13 10 24 9 1 1 7 2 31 6 13 17 13 1 19 9 9 24 9 16 31 2.70999124060388841 3 1 9 9.25570237641795579 31 8 17 12 8 1 20 13 14 7 6 15 24 5 15 12 11 13 1 4 17 16 4 17.0392687320709229 218.321788076045067 
6 16 9 4 33 10 16 30 2.70999124060388841 1 15 6 3 6 13 12 12 6.96245171630185755 1 6 13 4.94126535182462057 2 6 1 3 12 13 9 11 14 26 13 4 31 10 9 5 9.82524131762891173 6 26 11 4 16 7 10 19 1 3 17 6 1 31 13.151007650947605 3 6 3 15 5 2 19.1176776885986328 175.083751705810585 
12 24 9 16 15 1 18 6 6 15 3 4 14 32 7 4 20 1 8 30 12 3 31 12 3.36768017929769181 15 6.96245171630185755 16 24 2.70999124060388841 2 22 9 6 16 4 1 25 10 5 1 7 3 28 13 4 18 2 9 2 11 11 16 1 15 11 5 6 24 7 20.6201906800270081 109.890815675717477 
9 30 8 16 15 1 18 6 6 15 3 4 14 32 7 4 20 1 11 33 8 3 31 12 18 29 11 16 24 2.70999124060388841 2 22 9 6 16 4 1 25 10 5 1 7 3 28 13 4 18 2 9 2 11 4 6 1 15 11 5 2 22 5 23.5509193539619446 63.5239627194177245 
12 6 13 16 15 1 18 6 6 15 3 4 14 32 7 4 20 1 11 33 8 3 31 12 14 2 4 16 24 2.70999124060388841 2 22 9 6 16 4 1 25 10 5 1 7 3 28 13 4 18 2 9 2 11 15 32 4 15 11 5 1 13 6 21.1795507073402405 100.356472275336273 
10 9 13 16 15 1 18 6 6 15 3 4 14 32 7 4 20 1 11 33 8 3 31 12 18 29 11 16 24 2.70999124060388841 2 22 9 6 16 4 1 25 10 5 1 7 3 28 13 4 18 2 9 2 11 11 16 1 15 11 5 2 6 4 24.5681256055831909 54.9092454455310204 
17 10 13 16 15 1 18 6 6 15 3 4 14 32 7 4 20 1 11 33 8 3 31 12 18 29 11 16 24 2.70999124060388841 2 22 9 6 16 4 1 25 10 5 1 7 3 28 13 4 18 2 9 2 11 11 16 1 15 11 5 6 26 3 26.5447694063186646 51.0322574258650761 
12 16 13 16 15 1 18 6 6 15 3 4 14 32 7 4 20 1 11 33 8 3 31 12 18 29 11 16 24 2.70999124060388841 2 22 9 6 16 4 1 25 10 5 1 7 3 28 13 4 18 2 9 2 11 17 1 3 15 11 5 6 13 7 23.4648435711860657 68.6979212273828921 
3.36768017929769181 30 13 16 15 1 18 6 6 15 3 4 14 32 7 4 20 1 11 33 8 3 31 12 16 30 13 16 24 2.70999124060388841 2 22 9 6 16 4 1 25 10 5 1 7 3 28 13 4 18 2 9 2 11 11 16 1 15 11 5 1 6 11 21.9122265577316284 79.9516121541856677 
14 13 12 15 15 8 14 25 4 9 9 12 3.36768017929769181 18 2 12 32 6.96245171630185755 1 1 7 10 25 2 4.94126535182462057 15 11 14 1 9.82524131762891173 3 12 8 2 16 5 17 18 8 14 9 11 10 14 9 15 24 9 14 18 11 4 20 6 2 20 1 14 3 12 18.0843739211559296 213.34399467921142 
17 10 13 16 15 1 18 6 6 15 3 4 14 32 7 4 20 1 11 33 8 3 31 12 18 29 11 16 24 2.70999124060388841 2 22 9 6 16 4 1 25 10 5 1 7 3 28 13 4 18 2 9 2 11 11 16 1 15 11 5 14 4 10 28.5624045133590698 48.8924637203903316 
17 30 8 16 15 1 18 6 6 15 3 4 14 32 7 4 20 1 11 33 8 3 31 12 18 29 11 16 24 2.70999124060388841 2 22 9 6 16 4 1 25 10 5 1 7 3 28 13 4 18 2 9 2 11 14 33 2.70999124060388841 15 11 5 6 15 9 23.1858024001121521 69.0848576975040771 
10 30 12 16 15 1 18 6 6 15 3 4 14 32 7 4 20 1 11 33 8 3 31 12 18 29 11 16 24 2.70999124060388841 2 22 9 6 16 4 1 25 10 5 1 7 3 28 13 4 18 2 9 2 11 11 16 1 15 11 5 14 4 10 26.3004056215286255 52.0388795260532504 
4 25 12 16 15 1 18 6 6 15 3 4 14 32 7 4 20 1 17 9 2 3 31 12 18 29 11 16 24 2.70999124060388841 2 22 9 6 16 4 1 25 10 5 1 7 3 28 13 4 18 2 9 2 11 6 30 9 15 11 5 14 7 12 21.5649836659431458 88.2139743627358683 
15 32 12 16 15 1 18 6 6 15 3 4 14 32 7 4 20 1 17 16 8 3 31 12 5 1 5 16 24 2.70999124060388841 2 22 9 6 16 4 1 25 10 5 1 7 3 28 13 4 18 2 9 2 11 11 16 1 15 11 5 6 6 2 21.3664436936378479 95.2391960285539483 
17 10 13 16 15 1 18 6 6 15 3 4 14 32 7 4 20 1 11 33 8 3 31 12 18 29 11 16 24 2.70999124060388841 2 22 9 6 16 4 1 25 10 5 1 7 3 28 13 4 18 2 9 2 11 11 16 1 15 11 5 14 32 7 26.2584874629974365 52.4638639261504522 
3 16 2.70999124060388841 16 15 1 5 20 6.96245171630185755 15 3 4 14 32 7 4 20 1 4 30 9 3 31 12 3 8 12 16 24 2.70999124060388841 2 22 9 6 16 4 1 25 10 5 1 7 3 28 13 4 18 2 14 30 10 11 16 1 15 11 5 14 24 3.84646942076222631 19.864492803812027 117.331195045390103 
17 30 2.70999124060388841 16 15 1 18 6 6 15 3 4 14 32 7 4 20 1 11 33 8 3 31 12 9.25570237641795579 8 2 16 24 2.70999124060388841 2 22 9 6 16 4 1 25 10 5 1 7 3 28 13 4 18 2 9 2 11 11 16 1 15 11 5 14 14 12 22.5544723868370056 77.7006202408198732 

