Current Evaluation = 10000000(10000000)
Front Size = 30
10 11 11 4 13 12 3 31 6 14 14 2.70999124060388841 16 24 6 15 6 13 14 13 7 2 26 11 3 32 4 13 12 2 13 24 9 1 1 4 6 1 11 17 31 5 12 6 9 15 18 6.96245171630185755 16 32 11 6 12 3.84646942076222631 14 16 8 9 9 11 17.3462559580802917 220.615412305272969 
12 27 8 1 32 1 10 16.1354543567662532 4 16 19 7 18 31 2.70999124060388841 11 24 8 3.36768017929769181 11 11 13 22 13 14 12 8 2 1 9 6 9 7 17 31 5 10 15 3 3 2 1 12 19 2.70999124060388841 9 6 12 1 14 13 5 32 12 14 3 6 10 30 5 23.258034884929657 67.0457210501401022 
13 12 13 1 32 1 10 16.1354543567662532 4 16 19 7 18 31 2.70999124060388841 11 24 8 3.36768017929769181 11 11 13 22 13 14 12 8 2 1 9 6 9 7 17 31 5 10 15 3 3 2 1 14 30 4 9 6 12 1 14 13 5 32 12 14 3 6 10 30 5 20.8374858796596527 96.2566598045345643 
6 17 10 1 32 1 10 16.1354543567662532 4 16 19 7 18 31 2.70999124060388841 11 24 8 3.36768017929769181 11 11 13 22 13 14 12 8 2 1 9 6 9 7 17 31 5 10 15 3 3 2 1 18 26 2 9 6 12 1 14 13 5 32 12 14 3 6 10 30 5 22.4821459650993347 72.3736173713219131 
9 7 12 1 32 1 10 16.1354543567662532 4 16 19 7 18 31 2.70999124060388841 11 24 8 3.36768017929769181 11 11 13 22 13 14 12 8 2 1 9 6 9 7 17 31 5 10 15 3 3 2 1 4 5 12 9 6 12 1 14 13 5 32 12 14 3 6 10 30 5 22.2117869257926941 74.3255955964476129 
3 14 13 1 32 1 10 16.1354543567662532 4 16 19 7 18 31 2.70999124060388841 11 24 8 3.36768017929769181 11 11 13 22 13 14 12 8 2 1 9 6 9 7 17 31 5 10 15 3 3 2 1 12 5 1 9 6 12 1 14 13 5 32 12 14 3 6 10 30 5 22.0120719075202942 76.7577186749970224 
12 27 8 1 32 1 10 16.1354543567662532 4 16 19 7 18 31 2.70999124060388841 11 24 8 3.36768017929769181 11 11 13 22 13 14 12 8 2 1 9 6 9 7 17 31 5 10 15 3 3 2 1 4 23 2.70999124060388841 9 6 12 1 14 13 5 32 12 14 3 6 10 30 5 23.4304898381233215 65.0424055191571284 
12 27 8 1 32 1 10 16.1354543567662532 4 16 19 7 18 31 2.70999124060388841 11 24 8 3.36768017929769181 11 11 13 22 13 14 12 8 2 1 9 6 9 7 17 31 5 10 15 3 3 2 1 16 4 2 9 6 12 1 14 13 5 32 12 14 3 6 10 30 5 25.1861289143562317 62.7007391030266561 
6 31 2 1 32 1 10 16.1354543567662532 4 16 19 7 18 31 2.70999124060388841 11 24 8 3.36768017929769181 11 11 13 22 13 14 12 8 2 1 9 6 9 7 17 31 5 10 15 3 3 2 1 4 15 2.70999124060388841 9 6 12 1 14 13 5 32 12 14 3 6 10 30 5 21.2800728678703308 85.9243120023901241 
12 27 8 1 32 1 10 16.1354543567662532 4 16 19 7 18 31 2.70999124060388841 11 24 8 3.36768017929769181 11 11 13 22 13 14 12 8 2 1 9 6 9 7 17 31 5 10 15 3 3 2 1 4 24 2 9 6 12 1 14 13 5 32 12 14 3 6 10 30 5 22.9071829915046692 67.4020313809029403 
15 26 8 1 32 1 10 16.1354543567662532 4 16 19 7 18 31 2.70999124060388841 3.36768017929769181 6 2 4 25 12 13 22 13 14 12 8 2 1 9 6 9 7 17 31 5 10 15 3 3 2 1 16 20 5 9 6 12 1 14 13 5 32 12 14 3 6 10 30 5 20.2873849868774414 96.4262539616470917 
14 20 4 1 32 1 10 16.1354543567662532 4 16 19 7 18 31 2.70999124060388841 11 24 8 3.36768017929769181 11 11 13 22 13 14 12 8 2 1 9 6 9 7 17 31 5 10 15 3 3 2 1 14 16 7 9 6 12 1 14 13 5 32 12 14 3 6 10 30 5 20.9876989424228668 94.1676622428742007 
17 5.34074699537910114 6.96245171630185755 1 32 1 10 16.1354543567662532 4 16 19 7 18 31 2.70999124060388841 11 24 8 3.36768017929769181 11 11 13 22 13 14 12 8 2 1 9 6 9 7 17 31 5 10 15 3 3 2 1 4.94126535182462057 20 2 9 6 12 1 14 13 5 32 12 14 3 6 10 30 5 21.4789578318595886 81.6571425139709959 
15 16 2 12 30 11 6 25 6 10 1 2.70999124060388841 2 13 3 3 24 4 16 20 6 9 31 2 17 30 13 1 30 9 10 31 7 6 12 7 5 11 13 16 32 4 15 15 9 14 24 6 5 28 4 12 26 11 4 20 1 9 12 5 19.0525559782981873 189.410148468662385 
12 27 8 1 32 1 10 16.1354543567662532 4 16 19 7 18 31 2.70999124060388841 12 24 2.70999124060388841 3.36768017929769181 11 11 13 22 13 14 12 8 2 1 9 6 9 7 17 31 5 10 15 3 3 2 1 12 24 8 9 6 12 1 14 13 5 32 12 14 3 6 10 30 5 22.4345200657844543 73.8036911294186808 
12 27 8 1 32 1 10 16.1354543567662532 4 16 1 9 18 31 2.70999124060388841 11 24 8 3.36768017929769181 11 11 13 22 13 14 12 8 2 1 9 6 9 7 17 31 5 10 15 3 3 2 1 16 4 2 9 6 12 1 14 13 5 32 12 14 3 6 10 30 5 24.9011759757995605 63.7648878821930225 
12 25 12 1 32 1 10 16.1354543567662532 4 16 19 7 18 31 2.70999124060388841 11 24 8 3.36768017929769181 11 11 13 22 13 14 12 8 2 1 9 6 9 7 17 31 5 10 15 3 3 2 1 16 4 2 9 6 12 1 14 13 5 32 12 14 3 6 10 30 5 23.6993338465690613 64.7373699151797126 
13 26 4 4 28 12 14 16 4 5 15 9 13 18 1 2 20 6 4 12 5 13 15 13 17 9 1 12 22 9 14 24 3 3 2 2 15 19 4 16 26 13 1 12 5 1 3 1 3.36768017929769181 16 8 3 30 1 4 26 10 11 31 11 19.4287978410720825 188.923525159051479 
9 25 12 1 32 1 10 16.1354543567662532 4 16 19 7 18 31 2.70999124060388841 11 24 8 3.36768017929769181 11 11 13 22 13 14 12 8 2 1 9 6 9 7 17 31 5 10 15 3 3 2 1 16 4 2 9 6 12 1 14 13 5 32 12 14 3 6 10 30 5 23.8239968419075012 64.3284777795478533 
17 26 9 1 32 1 14 30 5 16 19 7 18 31 2.70999124060388841 11 24 8 3.36768017929769181 11 11 13 22 13 14 12 8 2 1 9 6 9 7 17 31 5 2 18 7 3 2 1 12 6 11 9 6 12 1 14 13 5 32 12 14 3 6 10 30 5 19.7891298532485962 127.687992588273843 
6 15 10 10 7 4 16 25 4 14 15 11 13 32 5 18 26 5 3.36768017929769181 3 1 1 20 6.96245171630185755 9 24 5 9 22 9 16 16 2 17 6 2 10 15 13 4 31 1 14 12 11 4.94126535182462057 6 3 13.2195649013323386 20 4 17.8244721320812971 22 12 2 26 7.75241283629571765 4 2.14087964533996544 8 19.4991087913513184 176.56608863947892 
4 1 5 1 32 1 10 16.1354543567662532 4 16 19 7 18 31 2.70999124060388841 14 15 12 3.36768017929769181 11 11 13 22 13 14 12 8 2 1 9 6 9 7 17 31 5 10 15 3 3 2 1 13 20 10 9 6 12 1 14 13 5 32 12 14 3 6 17 15 9 19.9885150194168091 113.11876816928303 
2 12 9 1 32 1 10 16.1354543567662532 4 16 19 7 18 31 2.70999124060388841 11 24 8 3.36768017929769181 11 11 13 22 13 14 12 8 2 1 9 6 9 7 17 31 5 10 15 3 3 2 1 4 24 2 9 6 12 1 14 13 5 32 12 14 3 6 10 30 5 21.2944959402084351 82.8069595492005703 
2 15 6 1 32 1 10 16.1354543567662532 4 16 19 7 18 31 2.70999124060388841 11 24 8 3.36768017929769181 11 11 13 22 13 14 12 8 2 1 9 6 9 7 17 31 5 10 15 3 3 2 1 12 24 8 9 6 12 1 14 13 5 32 12 14 3 6 10 30 5 21.7056669592857361 80.8889386185855273 
16 17 2 3.36768017929769181 1 3 13 26 1 14 25 2 2 24 5 1 26 11 3 31 6 1 32 7 10 26 9 14 6 12 13 8 7 2 14 4 10 24 6.96245171630185755 4.94126535182462057 16 2 6 30 12 2 2 4 15 14 7 13.2195649013323386 13 4 9 6 13.151007650947605 6 5 6 18.4464386701583862 197.972333643852608 
13 12 4 1 32 1 10 16.1354543567662532 4 16 19 7 18 31 2.70999124060388841 11 24 8 3.36768017929769181 11 11 13 22 13 14 12 8 2 1 9 6 9 7 17 31 5 10 15 3 3 2 1 4 26 2 9 6 12 1 14 13 5 32 12 14 3 6 10 30 5 21.1371498703956604 86.1784847041888327 
17 9 2 1 32 1 10 16.1354543567662532 4 16 19 7 18 31 2.70999124060388841 11 24 8 3.36768017929769181 11 11 13 22 13 14 12 8 2 1 9 6 9 7 17 31 5 10 15 3 3 2 1 12 16 2.70999124060388841 9 6 12 1 14 13 5 32 12 14 3 6 10 30 5 21.8387678265571594 78.9674668767149939 
12 27 8 1 32 1 10 16.1354543567662532 4 16 19 7 17 1 9 11 24 8 3.36768017929769181 11 11 13 22 13 14 12 8 2 1 9 6 9 7 17 31 5 10 15 3 3 2 1 12 25 2 9 6 12 1 14 13 5 32 12 14 3 6 10 30 5 22.0520029664039612 76.7491340031268265 
12 12 11 1 32 1 10 16.1354543567662532 4 16 19 7 18 31 2.70999124060388841 11 24 8 3.36768017929769181 11 11 13 22 13 14 12 8 2 1 9 6 9 7 17 31 5 10 15 3 3 2 1 12 13 2 9 6 12 1 14 13 5 32 12 14 3 6 17 19 9 21.5367339253425598 81.5778300382372947 
13 31 2.70999124060388841 6 16.1354543567662532 10 2 30 2 17 8.22565314501180467 4 13.2195649013323386 33 3 15 25 9 14 14 13 4 26 13.151007650947605 5 31 6 3 18.140740276750666 6 15 7 2 6 20 1.44943743604301667 6 32 7.88610251083374347 4 24 11 15 3 2 14 6 6 4 5 4 16 22 2 17 31 1 1.1385673491087851 31 9 18.4184846878051758 216.397509256527968 

Current Evaluation = 20000000(20000000)
Front Size = 29
10 11 11 4 13 12 3 31 6 14 14 2.70999124060388841 16 24 6 15 6 13 14 13 7 2 26 11 3 32 4 13 12 2 13 24 9 1 1 4 6 1 11 17 31 5 12 6 9 15 18 6.96245171630185755 16 32 11 6 12 3.84646942076222631 14 16 8 9 9 11 17.3462559580802917 220.615412305272969 
13 12 13 1 32 1 10 16.1354543567662532 4 16 19 7 18 31 2.70999124060388841 11 24 8 3.36768017929769181 11 11 13 22 13 14 12 8 2 1 9 6 9 7 17 31 5 10 15 3 3 2 1 14 30 4 9 6 12 1 14 13 5 32 12 14 3 6 10 30 5 20.8374858796596527 96.2566598045345643 
12 27 8 1 32 1 10 16.1354543567662532 4 16 19 7 18 31 2.70999124060388841 11 24 8 3.36768017929769181 11 11 13 22 13 14 12 8 2 1 9 6 9 7 17 31 5 10 15 3 3 2 1 4 23 2.70999124060388841 9 6 12 1 14 13 5 32 12 14 3 6 10 30 5 23.4304898381233215 65.0424055191571284 
12 27 8 1 32 1 10 16.1354543567662532 4 16 19 7 18 31 2.70999124060388841 11 24 8 3.36768017929769181 11 11 13 22 13 14 12 8 2 1 9 6 9 7 17 31 5 10 15 3 3 2 1 4 24 2 9 6 12 1 14 13 5 32 12 14 3 6 10 30 5 22.9071829915046692 67.4020313809029403 
15 26 8 1 32 1 10 16.1354543567662532 4 16 19 7 18 31 2.70999124060388841 3.36768017929769181 6 2 4 25 12 13 22 13 14 12 8 2 1 9 6 9 7 17 31 5 10 15 3 3 2 1 16 20 5 9 6 12 1 14 13 5 32 12 14 3 6 10 30 5 20.2873849868774414 96.4262539616470917 
17 5.34074699537910114 6.96245171630185755 1 32 1 10 16.1354543567662532 4 16 19 7 18 31 2.70999124060388841 11 24 8 3.36768017929769181 11 11 13 22 13 14 12 8 2 1 9 6 9 7 17 31 5 10 15 3 3 2 1 4.94126535182462057 20 2 9 6 12 1 14 13 5 32 12 14 3 6 10 30 5 21.4789578318595886 81.6571425139709959 
15 16 2 12 30 11 6 25 6 10 1 2.70999124060388841 2 13 3 3 24 4 16 20 6 9 31 2 17 30 13 1 30 9 10 31 7 6 12 7 5 11 13 16 32 4 15 15 9 14 24 6 5 28 4 12 26 11 4 20 1 9 12 5 19.0525559782981873 189.410148468662385 
12 27 8 1 32 1 10 16.1354543567662532 4 16 1 9 18 31 2.70999124060388841 11 24 8 3.36768017929769181 11 11 13 22 13 14 12 8 2 1 9 6 9 7 17 31 5 10 15 3 3 2 1 16 4 2 9 6 12 1 14 13 5 32 12 14 3 6 10 30 5 24.9011759757995605 63.7648878821930225 
12 25 12 1 32 1 10 16.1354543567662532 4 16 19 7 18 31 2.70999124060388841 11 24 8 3.36768017929769181 11 11 13 22 13 14 12 8 2 1 9 6 9 7 17 31 5 10 15 3 3 2 1 16 4 2 9 6 12 1 14 13 5 32 12 14 3 6 10 30 5 23.6993338465690613 64.7373699151797126 
13 26 4 4 28 12 14 16 4 5 15 9 13 18 1 2 20 6 4 12 5 13 15 13 17 9 1 12 22 9 14 24 3 3 2 2 15 19 4 16 26 13 1 12 5 1 3 1 3.36768017929769181 16 8 3 30 1 4 26 10 11 31 11 19.4287978410720825 188.923525159051479 
2 12 9 1 32 1 10 16.1354543567662532 4 16 19 7 18 31 2.70999124060388841 11 24 8 3.36768017929769181 11 11 13 22 13 14 12 8 2 1 9 6 9 7 17 31 5 10 15 3 3 2 1 4 24 2 9 6 12 1 14 13 5 32 12 14 3 6 10 30 5 21.2944959402084351 82.8069595492005703 
16 17 2 3.36768017929769181 1 3 13 26 1 14 25 2 2 24 5 1 26 11 3 31 6 1 32 7 10 26 9 14 6 12 13 8 7 2 14 4 10 24 6.96245171630185755 4.94126535182462057 16 2 6 30 12 2 2 4 15 14 7 13.2195649013323386 13 4 9 6 13.151007650947605 6 5 6 18.4464386701583862 197.972333643852608 
13 12 4 1 32 1 10 16.1354543567662532 4 16 19 7 18 31 2.70999124060388841 11 24 8 3.36768017929769181 11 11 13 22 13 14 12 8 2 1 9 6 9 7 17 31 5 10 15 3 3 2 1 4 26 2 9 6 12 1 14 13 5 32 12 14 3 6 10 30 5 21.1371498703956604 86.1784847041888327 
13 31 2.70999124060388841 6 16.1354543567662532 10 2 30 2 17 8.22565314501180467 4 13.2195649013323386 33 3 15 25 9 14 14 13 4 26 13.151007650947605 5 31 6 3 18.140740276750666 6 15 7 2 6 20 1.44943743604301667 6 32 7.88610251083374347 4 24 11 15 3 2 14 6 6 4 5 4 16 22 2 17 31 1 1.1385673491087851 31 9 18.4184846878051758 216.397509256527968 
6 30 2 1 32 1 10 16.1354543567662532 4 16 19 7 4 30 2 11 24 8 3.36768017929769181 11 11 1 5 13 14 12 8 2 1 9 6 9 7 17 31 5 10 15 3 3 2 1 15 32 10 9 6 12 1 14 13 5 32 12 14 3 6 10 30 5 19.9143338799476624 106.08062548323754 
3 20 8 1 32 1 10 16.1354543567662532 4 16 19 7 18 31 2.70999124060388841 11 24 8 3.36768017929769181 11 11 13 22 13 14 12 8 2 1 9 6 9 7 17 31 5 10 15 3 3 2 1 3.36768017929769181 24 11 9 6 12 1 14 13 5 32 12 14 3 6 10 30 5 21.5135558843612671 80.4647004413284463 
6 25 8 1 32 1 10 16.1354543567662532 4 16 19 7 18 31 2.70999124060388841 11 24 8 3.36768017929769181 11 11 13 22 13 14 12 8 2 1 9 6 9 7 17 31 5 10 15 3 3 2 1 16 20 2 9 6 12 1 14 13 5 32 12 14 3 6 10 30 5 21.330242931842804 81.9226532286056397 
3 12 8 1 32 1 10 16.1354543567662532 4 16 19 7 18 31 2.70999124060388841 11 24 8 3.36768017929769181 11 11 13 22 13 14 12 8 2 1 9 6 9 7 17 31 5 10 15 3 3 2 1 12 26 1 9 6 12 1 14 13 5 32 12 14 3 6 10 30 5 21.6696288585662842 70.7762608325045193 
12 27 8 1 32 1 10 16.1354543567662532 4 16 19 7 18 31 2.70999124060388841 11 24 8 3.36768017929769181 11 11 13 22 13 14 12 8 2 1 9 6 9 7 17 31 5 10 15 3 3 2 1 4 6 2 12 24 2.70999124060388841 1 14 13 5 32 12 14 3 6 10 30 5 22.7285339832305908 69.1757887043243329 
12 27 8 1 32 1 10 16.1354543567662532 4 16 19 7 18 31 2.70999124060388841 11 24 8 3.36768017929769181 11 11 13 22 13 14 12 8 2 1 9 6 9 7 17 31 5 10 15 3 3 2 1 4 26 2.70999124060388841 9 6 12 1 14 13 5 32 12 14 3 6 10 30 5 22.9510669112205505 67.3055878225172961 
4 20 11 1 32 1 10 16.1354543567662532 4 16 19 7 18 31 2.70999124060388841 11 24 8 3.36768017929769181 11 11 13 22 13 14 12 8 2 1 9 6 9 7 17 31 5 10 15 3 3 2 1 4 13 1 9 6 12 2 15 2 14 24 11 14 3 6 10 30 5 20.9697887897491455 87.8629478584763461 
12 27 8 1 32 1 10 16.1354543567662532 4 16 19 7 18 31 2.70999124060388841 11 24 8 3.36768017929769181 11 11 13 22 13 14 12 8 2 1 9 6 9 7 17 31 5 10 15 3 3 2 1 16 26 2 9 6 12 1 14 13 5 32 12 14 3 6 10 30 5 22.9668259024620056 65.5654095038701286 
4 18 9 1 32 1 10 16.1354543567662532 4 16 19 7 18 31 2.70999124060388841 4 16 1 6 26 12 13 22 13 14 12 8 2 1 9 6 9 7 17 31 5 10 15 3 3 2 1 12 19 2.70999124060388841 9 6 12 1 14 13 5 32 12 14 3 6 10 30 5 20.9526309967041016 94.2576928013524622 
12 27 8 1 32 1 10 1 9 16 19 7 18 31 2.70999124060388841 11 24 8 3.36768017929769181 11 11 13 22 13 14 12 8 2 1 9 6 9 7 17 31 5 10 15 3 3 2 1 16 4 2 9 6 12 1 14 13 5 32 12 14 3 6 10 30 5 24.8439618945121765 63.8420738732225956 
12 25 8 1 32 1 10 16.1354543567662532 4 16 19 7 18 31 2.70999124060388841 11 24 8 3.36768017929769181 11 11 13 22 13 14 12 8 2 1 9 6 9 7 17 31 5 10 15 3 3 2 1 16 4 2 9 6 12 1 14 13 5 32 12 14 3 6 10 30 5 23.7405338883399963 64.016753387789521 
14 5 9 1 32 1 10 16.1354543567662532 4 16 19 7 18 31 2.70999124060388841 11 24 8 3.36768017929769181 11 11 13 22 13 14 12 8 2 1 9 6 9 7 17 31 5 10 15 3 3 2 1 4 12 1 9 6 12 1 14 13 5 32 12 14 3 6 10 30 5 21.2486088871955872 83.8339933211282613 
12 27 8 1 32 1 10 16.1354543567662532 4 16 19 7 18 31 2.70999124060388841 11 24 8 3.36768017929769181 11 11 13 22 13 14 12 8 2 1 9 6 9 7 17 31 5 10 15 3 3 2 1 16 4 2 9 6 12 1 14 13 5 32 12 14 3 6 10 30 5 25.1861289143562317 62.5702968937951525 
14 20 7 1 32 1 15 26 5 16 19 7 18 31 2.70999124060388841 11 24 8 3.36768017929769181 11 11 13 22 13 14 12 8 2 1 9 6 9 7 17 31 5 1 6 10 3 2 1 4 25 4 9 6 12 1 14 13 5 32 12 14 3 6 10 30 5 19.4634838104248047 125.130830831312579 
3 9 9 1 32 1 10 16.1354543567662532 4 16 19 7 18 31 2.70999124060388841 11 24 8 3.36768017929769181 11 11 13 22 13 14 12 8 2 1 9 6 9 7 17 31 5 10 15 3 3 2 1 12 12 8 9 6 12 1 14 13 15 24 4 14 3 6 10 30 5 20.9161278009414673 96.2094957330251503 

Current Evaluation = 30000000(30000000)
Front Size = 28
10 11 11 4 13 12 3 31 6 14 14 2.70999124060388841 16 24 6 15 6 13 14 13 7 2 26 11 3 32 4 13 12 2 13 24 9 1 1 4 6 1 11 17 31 5 12 6 9 15 18 6.96245171630185755 16 32 11 6 12 3.84646942076222631 14 16 8 9 9 11 17.3462559580802917 220.615412305272969 
12 27 8 1 32 1 10 16.1354543567662532 4 16 19 7 18 31 2.70999124060388841 11 24 8 3.36768017929769181 11 11 13 22 13 14 12 8 2 1 9 6 9 7 17 31 5 10 15 3 3 2 1 4 23 2.70999124060388841 9 6 12 1 14 13 5 32 12 14 3 6 10 30 5 23.4304898381233215 65.0424055191571284 
12 27 8 1 32 1 10 16.1354543567662532 4 16 19 7 18 31 2.70999124060388841 11 24 8 3.36768017929769181 11 11 13 22 13 14 12 8 2 1 9 6 9 7 17 31 5 10 15 3 3 2 1 4 24 2 9 6 12 1 14 13 5 32 12 14 3 6 10 30 5 22.9071829915046692 67.4020313809029403 
15 26 8 1 32 1 10 16.1354543567662532 4 16 19 7 18 31 2.70999124060388841 3.36768017929769181 6 2 4 25 12 13 22 13 14 12 8 2 1 9 6 9 7 17 31 5 10 15 3 3 2 1 16 20 5 9 6 12 1 14 13 5 32 12 14 3 6 10 30 5 20.2873849868774414 96.4262539616470917 
15 16 2 12 30 11 6 25 6 10 1 2.70999124060388841 2 13 3 3 24 4 16 20 6 9 31 2 17 30 13 1 30 9 10 31 7 6 12 7 5 11 13 16 32 4 15 15 9 14 24 6 5 28 4 12 26 11 4 20 1 9 12 5 19.0525559782981873 189.410148468662385 
12 27 8 1 32 1 10 16.1354543567662532 4 16 1 9 18 31 2.70999124060388841 11 24 8 3.36768017929769181 11 11 13 22 13 14 12 8 2 1 9 6 9 7 17 31 5 10 15 3 3 2 1 16 4 2 9 6 12 1 14 13 5 32 12 14 3 6 10 30 5 24.9011759757995605 63.7648878821930225 
12 25 12 1 32 1 10 16.1354543567662532 4 16 19 7 18 31 2.70999124060388841 11 24 8 3.36768017929769181 11 11 13 22 13 14 12 8 2 1 9 6 9 7 17 31 5 10 15 3 3 2 1 16 4 2 9 6 12 1 14 13 5 32 12 14 3 6 10 30 5 23.6993338465690613 64.7373699151797126 
16 17 2 3.36768017929769181 1 3 13 26 1 14 25 2 2 24 5 1 26 11 3 31 6 1 32 7 10 26 9 14 6 12 13 8 7 2 14 4 10 24 6.96245171630185755 4.94126535182462057 16 2 6 30 12 2 2 4 15 14 7 13.2195649013323386 13 4 9 6 13.151007650947605 6 5 6 18.4464386701583862 197.972333643852608 
13 12 4 1 32 1 10 16.1354543567662532 4 16 19 7 18 31 2.70999124060388841 11 24 8 3.36768017929769181 11 11 13 22 13 14 12 8 2 1 9 6 9 7 17 31 5 10 15 3 3 2 1 4 26 2 9 6 12 1 14 13 5 32 12 14 3 6 10 30 5 21.1371498703956604 86.1784847041888327 
6 30 2 1 32 1 10 16.1354543567662532 4 16 19 7 4 30 2 11 24 8 3.36768017929769181 11 11 1 5 13 14 12 8 2 1 9 6 9 7 17 31 5 10 15 3 3 2 1 15 32 10 9 6 12 1 14 13 5 32 12 14 3 6 10 30 5 19.9143338799476624 106.08062548323754 
3 12 8 1 32 1 10 16.1354543567662532 4 16 19 7 18 31 2.70999124060388841 11 24 8 3.36768017929769181 11 11 13 22 13 14 12 8 2 1 9 6 9 7 17 31 5 10 15 3 3 2 1 12 26 1 9 6 12 1 14 13 5 32 12 14 3 6 10 30 5 21.6696288585662842 70.7762608325045193 
12 27 8 1 32 1 10 16.1354543567662532 4 16 19 7 18 31 2.70999124060388841 11 24 8 3.36768017929769181 11 11 13 22 13 14 12 8 2 1 9 6 9 7 17 31 5 10 15 3 3 2 1 4 6 2 12 24 2.70999124060388841 1 14 13 5 32 12 14 3 6 10 30 5 22.7285339832305908 69.1757887043243329 
4 20 11 1 32 1 10 16.1354543567662532 4 16 19 7 18 31 2.70999124060388841 11 24 8 3.36768017929769181 11 11 13 22 13 14 12 8 2 1 9 6 9 7 17 31 5 10 15 3 3 2 1 4 13 1 9 6 12 2 15 2 14 24 11 14 3 6 10 30 5 20.9697887897491455 87.8629478584763461 
12 27 8 1 32 1 10 16.1354543567662532 4 16 19 7 18 31 2.70999124060388841 11 24 8 3.36768017929769181 11 11 13 22 13 14 12 8 2 1 9 6 9 7 17 31 5 10 15 3 3 2 1 16 26 2 9 6 12 1 14 13 5 32 12 14 3 6 10 30 5 22.9668259024620056 65.5654095038701286 
12 27 8 1 32 1 10 1 9 16 19 7 18 31 2.70999124060388841 11 24 8 3.36768017929769181 11 11 13 22 13 14 12 8 2 1 9 6 9 7 17 31 5 10 15 3 3 2 1 16 4 2 9 6 12 1 14 13 5 32 12 14 3 6 10 30 5 24.8439618945121765 63.8420738732225956 
12 25 8 1 32 1 10 16.1354543567662532 4 16 19 7 18 31 2.70999124060388841 11 24 8 3.36768017929769181 11 11 13 22 13 14 12 8 2 1 9 6 9 7 17 31 5 10 15 3 3 2 1 16 4 2 9 6 12 1 14 13 5 32 12 14 3 6 10 30 5 23.7405338883399963 64.016753387789521 
14 5 9 1 32 1 10 16.1354543567662532 4 16 19 7 18 31 2.70999124060388841 11 24 8 3.36768017929769181 11 11 13 22 13 14 12 8 2 1 9 6 9 7 17 31 5 10 15 3 3 2 1 4 12 1 9 6 12 1 14 13 5 32 12 14 3 6 10 30 5 21.2486088871955872 83.8339933211282613 
14 20 7 1 32 1 15 26 5 16 19 7 18 31 2.70999124060388841 11 24 8 3.36768017929769181 11 11 13 22 13 14 12 8 2 1 9 6 9 7 17 31 5 1 6 10 3 2 1 4 25 4 9 6 12 1 14 13 5 32 12 14 3 6 10 30 5 19.4634838104248047 125.130830831312579 
5 31 1 12 9 12 13 15 7 12 24 7 1 12 9 3.36768017929769181 30 7 16 25 9 10 26 11 16 15 2 6 32 4 9 33 11 6 32 5 9 5 6 14 30 12 11 15 6 2 31 1 1 5 2 16 20 13 4 22 10 15 16.1354543567662532 4 19.3060736656188965 186.407954936360483 
12 27 8 1 32 1 10 16.1354543567662532 4 16 19 7 18 31 2.70999124060388841 11 24 8 3.36768017929769181 11 11 13 22 13 14 12 8 2 1 9 6 9 7 17 31 5 10 15 3 3 2 1 16 24 2 9 6 12 1 14 13 5 32 12 14 3 6 10 30 5 22.9229419827461243 67.1999874446101018 
14 20 8 1 32 1 10 16.1354543567662532 4 16 19 7 18 31 2.70999124060388841 11 24 8 3.36768017929769181 11 11 13 22 13 14 12 8 2 1 9 6 9 7 17 31 5 10 15 3 3 2 1 13 12 2.70999124060388841 9 6 12 1 14 13 5 32 12 14 3 6 10 30 5 21.0321168303489685 87.4771163591049401 
8 5.34074699537910114 9 6 1 11 14 26 7 8 24 13 2 22 12 15 20 7 1 1 1 9.25570237641795579 7 1 12 22 1 10 30 2 8 19 12 2 26 7 15 30 9 14 19 3.84646942076222631 13 32 2 1 15 2 12 30 6 8 20 13 1 1 9 6 32 13 18.2625968754291534 215.480654117545072 
14 25 8 1 32 1 10 16.1354543567662532 4 16 19 7 18 31 2.70999124060388841 11 24 8 3.36768017929769181 11 11 4 26 9 14 12 8 2 1 9 6 9 7 17 31 5 10 15 3 3 2 1 16 12 2 9 6 12 1 14 13 5 32 12 14 3 6 10 30 5 20.7582738399505615 91.3447450373340502 
16 25 9 1 32 1 10 16.1354543567662532 4 16 19 7 18 31 2.70999124060388841 11 24 8 3.36768017929769181 11 11 13 22 13 14 12 8 2 1 9 6 9 7 17 31 5 10 15 3 3 2 1 16 12 2 9 6 12 1 14 13 5 32 12 14 3 6 10 30 5 21.2438258528709412 85.8867841327041646 
14 19 2 16 24 4 8 3 8 18 15 4 3 30 2.70999124060388841 6 25 10 14 32 10 4 2 3 1 5 10 2 16 6.96245171630185755 14 3 13 6 6 12 12 25 5 8 26 8 9 8.22565314501180467 2 6 2 9 15 24 13 11 20 8 13.2195649013323386 31.8448655754823804 3 3 20 9 19.0481718182563782 193.922566052050826 
6 20 7 1 32 1 10 16.1354543567662532 4 16 19 7 18 31 2.70999124060388841 11 24 8 3.36768017929769181 11 11 13 22 13 14 12 8 2 1 9 6 9 7 17 31 5 10 15 3 3 2 1 12 15 2 9 6 12 1 14 13 5 32 12 14 3 6 10 30 5 21.2626198530197144 80.9748056054572771 
12 27 8 1 32 1 10 16.1354543567662532 4 16 19 7 18 31 2.70999124060388841 11 24 8 3.36768017929769181 11 11 13 22 13 14 12 8 2 1 9 6 9 7 17 31 5 10 15 3 3 2 1 16 4 2 9 6 12 1 14 13 5 32 12 14 3 6 10 30 5 25.1861289143562317 62.0001117478318022 
16 12 2 1 32 1 10 16.1354543567662532 4 16 19 7 18 31 2.70999124060388841 11 24 8 3.36768017929769181 11 11 13 22 13 14 12 8 2 1 9 6 9 7 17 31 5 10 15 3 3 2 1 4 26 12 9 6 12 1 14 13 5 32 12 14 3 6 10 30 5 21.3669828176498413 79.2703808877695622 

Current Evaluation = 40000000(40000000)
Front Size = 29
10 11 11 4 13 12 3 31 6 14 14 2.70999124060388841 16 24 6 15 6 13 14 13 7 2 26 11 3 32 4 13 12 2 13 24 9 1 1 4 6 1 11 17 31 5 12 6 9 15 18 6.96245171630185755 16 32 11 6 12 3.84646942076222631 14 16 8 9 9 11 17.3462559580802917 220.615412305272969 
12 27 8 1 32 1 10 16.1354543567662532 4 16 19 7 18 31 2.70999124060388841 11 24 8 3.36768017929769181 11 11 13 22 13 14 12 8 2 1 9 6 9 7 17 31 5 10 15 3 3 2 1 4 23 2.70999124060388841 9 6 12 1 14 13 5 32 12 14 3 6 10 30 5 23.4304898381233215 65.0424055191571284 
12 27 8 1 32 1 10 16.1354543567662532 4 16 19 7 18 31 2.70999124060388841 11 24 8 3.36768017929769181 11 11 13 22 13 14 12 8 2 1 9 6 9 7 17 31 5 10 15 3 3 2 1 4 24 2 9 6 12 1 14 13 5 32 12 14 3 6 10 30 5 22.9071829915046692 67.4020313809029403 
15 26 8 1 32 1 10 16.1354543567662532 4 16 19 7 18 31 2.70999124060388841 3.36768017929769181 6 2 4 25 12 13 22 13 14 12 8 2 1 9 6 9 7 17 31 5 10 15 3 3 2 1 16 20 5 9 6 12 1 14 13 5 32 12 14 3 6 10 30 5 20.2873849868774414 96.4262539616470917 
15 16 2 12 30 11 6 25 6 10 1 2.70999124060388841 2 13 3 3 24 4 16 20 6 9 31 2 17 30 13 1 30 9 10 31 7 6 12 7 5 11 13 16 32 4 15 15 9 14 24 6 5 28 4 12 26 11 4 20 1 9 12 5 19.0525559782981873 189.410148468662385 
12 27 8 1 32 1 10 16.1354543567662532 4 16 1 9 18 31 2.70999124060388841 11 24 8 3.36768017929769181 11 11 13 22 13 14 12 8 2 1 9 6 9 7 17 31 5 10 15 3 3 2 1 16 4 2 9 6 12 1 14 13 5 32 12 14 3 6 10 30 5 24.9011759757995605 63.7648878821930225 
16 17 2 3.36768017929769181 1 3 13 26 1 14 25 2 2 24 5 1 26 11 3 31 6 1 32 7 10 26 9 14 6 12 13 8 7 2 14 4 10 24 6.96245171630185755 4.94126535182462057 16 2 6 30 12 2 2 4 15 14 7 13.2195649013323386 13 4 9 6 13.151007650947605 6 5 6 18.4464386701583862 197.972333643852608 
13 12 4 1 32 1 10 16.1354543567662532 4 16 19 7 18 31 2.70999124060388841 11 24 8 3.36768017929769181 11 11 13 22 13 14 12 8 2 1 9 6 9 7 17 31 5 10 15 3 3 2 1 4 26 2 9 6 12 1 14 13 5 32 12 14 3 6 10 30 5 21.1371498703956604 86.1784847041888327 
6 30 2 1 32 1 10 16.1354543567662532 4 16 19 7 4 30 2 11 24 8 3.36768017929769181 11 11 1 5 13 14 12 8 2 1 9 6 9 7 17 31 5 10 15 3 3 2 1 15 32 10 9 6 12 1 14 13 5 32 12 14 3 6 10 30 5 19.9143338799476624 106.08062548323754 
3 12 8 1 32 1 10 16.1354543567662532 4 16 19 7 18 31 2.70999124060388841 11 24 8 3.36768017929769181 11 11 13 22 13 14 12 8 2 1 9 6 9 7 17 31 5 10 15 3 3 2 1 12 26 1 9 6 12 1 14 13 5 32 12 14 3 6 10 30 5 21.6696288585662842 70.7762608325045193 
12 27 8 1 32 1 10 16.1354543567662532 4 16 19 7 18 31 2.70999124060388841 11 24 8 3.36768017929769181 11 11 13 22 13 14 12 8 2 1 9 6 9 7 17 31 5 10 15 3 3 2 1 4 6 2 12 24 2.70999124060388841 1 14 13 5 32 12 14 3 6 10 30 5 22.7285339832305908 69.1757887043243329 
4 20 11 1 32 1 10 16.1354543567662532 4 16 19 7 18 31 2.70999124060388841 11 24 8 3.36768017929769181 11 11 13 22 13 14 12 8 2 1 9 6 9 7 17 31 5 10 15 3 3 2 1 4 13 1 9 6 12 2 15 2 14 24 11 14 3 6 10 30 5 20.9697887897491455 87.8629478584763461 
12 27 8 1 32 1 10 16.1354543567662532 4 16 19 7 18 31 2.70999124060388841 11 24 8 3.36768017929769181 11 11 13 22 13 14 12 8 2 1 9 6 9 7 17 31 5 10 15 3 3 2 1 16 26 2 9 6 12 1 14 13 5 32 12 14 3 6 10 30 5 22.9668259024620056 65.5654095038701286 
12 27 8 1 32 1 10 1 9 16 19 7 18 31 2.70999124060388841 11 24 8 3.36768017929769181 11 11 13 22 13 14 12 8 2 1 9 6 9 7 17 31 5 10 15 3 3 2 1 16 4 2 9 6 12 1 14 13 5 32 12 14 3 6 10 30 5 24.8439618945121765 63.8420738732225956 
12 25 8 1 32 1 10 16.1354543567662532 4 16 19 7 18 31 2.70999124060388841 11 24 8 3.36768017929769181 11 11 13 22 13 14 12 8 2 1 9 6 9 7 17 31 5 10 15 3 3 2 1 16 4 2 9 6 12 1 14 13 5 32 12 14 3 6 10 30 5 23.7405338883399963 64.016753387789521 
14 20 7 1 32 1 15 26 5 16 19 7 18 31 2.70999124060388841 11 24 8 3.36768017929769181 11 11 13 22 13 14 12 8 2 1 9 6 9 7 17 31 5 1 6 10 3 2 1 4 25 4 9 6 12 1 14 13 5 32 12 14 3 6 10 30 5 19.4634838104248047 125.130830831312579 
12 27 8 1 32 1 10 16.1354543567662532 4 16 19 7 18 31 2.70999124060388841 11 24 8 3.36768017929769181 11 11 13 22 13 14 12 8 2 1 9 6 9 7 17 31 5 10 15 3 3 2 1 16 24 2 9 6 12 1 14 13 5 32 12 14 3 6 10 30 5 22.9229419827461243 67.1999874446101018 
14 20 8 1 32 1 10 16.1354543567662532 4 16 19 7 18 31 2.70999124060388841 11 24 8 3.36768017929769181 11 11 13 22 13 14 12 8 2 1 9 6 9 7 17 31 5 10 15 3 3 2 1 13 12 2.70999124060388841 9 6 12 1 14 13 5 32 12 14 3 6 10 30 5 21.0321168303489685 87.4771163591049401 
14 25 8 1 32 1 10 16.1354543567662532 4 16 19 7 18 31 2.70999124060388841 11 24 8 3.36768017929769181 11 11 4 26 9 14 12 8 2 1 9 6 9 7 17 31 5 10 15 3 3 2 1 16 12 2 9 6 12 1 14 13 5 32 12 14 3 6 10 30 5 20.7582738399505615 91.3447450373340502 
12 27 8 1 32 1 10 16.1354543567662532 4 16 19 7 18 31 2.70999124060388841 11 24 8 3.36768017929769181 11 11 13 22 13 14 12 8 2 1 9 6 9 7 17 31 5 10 15 3 3 2 1 16 4 2 9 6 12 1 14 13 5 32 12 14 3 6 10 30 5 25.1861289143562317 62.0001117478318022 
16 12 2 1 32 1 10 16.1354543567662532 4 16 19 7 18 31 2.70999124060388841 11 24 8 3.36768017929769181 11 11 13 22 13 14 12 8 2 1 9 6 9 7 17 31 5 10 15 3 3 2 1 4 26 12 9 6 12 1 14 13 5 32 12 14 3 6 10 30 5 21.3669828176498413 79.2703808877695622 
8 28 1 12 5.34074699537910114 6 17 26 10 14 16.1354543567662532 3.84646942076222631 17 26 1 6 15 7 13.2195649013323386 32 13.151007650947605 3 1 4 14 19 4 6 25 8 3 5 12 15 26 9 6 19 1 3 5 11 17 15 6 15 1 9 8 9 9 4 6 2 9 24 13 16 8 2 18.5004357099533081 192.800270137539826 
16 23 2 1 32 1 10 16.1354543567662532 4 16 19 7 18 31 2.70999124060388841 16 24 12 3.36768017929769181 11 11 13 22 13 14 12 8 2 1 9 6 9 7 17 31 5 10 15 3 3 2 1 4 26 2 9 6 12 1 14 13 5 32 12 14 3 6 10 30 5 21.1829869151115417 80.8894724302001862 
9 5.34074699537910114 6 9.25570237641795579 6 5 6 32 11 4.94126535182462057 30 3 10 2 11 5 1 2 15 20 9 2 6 7 1 1 13 16 3 12 3 19 9.82524131762891173 17 26 10 13 6 1 1 28 5 16 16 1 12 24 6 13 3 13 14 8 11 15 15 13.151007650947605 1 25 10 19.2884418368339539 179.866207935171701 
13 24 12 3.36768017929769181 26 1 16 30 7 12 31 6 6 22 7 15 15 11 14 12 12 9 17 11 1 1 11 2 31 10 17 26 10 4 32 7 13 33 7 14 9 8 16 11 3 9 23 8 1 15 12 15 3 8 17 6 13 4 6 13 18.6884438395500183 191.530515915113426 
4 25 8 1 32 1 10 16.1354543567662532 4 16 19 7 18 31 2.70999124060388841 11 24 8 3.36768017929769181 11 11 13 22 13 14 12 8 2 1 9 6 9 7 17 31 5 10 15 3 3 2 1 16 4 2 9 6 12 1 14 13 5 32 12 14 3 6 10 30 5 23.6731107831001282 64.426319211500072 
6 20 13 1 32 1 10 16.1354543567662532 4 16 19 7 18 31 2.70999124060388841 11 24 8 3.36768017929769181 11 11 13 22 13 14 12 8 2 1 9 6 9 7 17 31 5 10 15 3 3 2 1 12 19 2 9 6 12 1 14 13 5 32 12 14 3 6 10 30 5 21.5581437945365906 75.6983575180732231 
2 26 10 6 24 4 4 5 2 14 7 3 13 1 5 8 32 12 15 8 13 9 15 6 3.36768017929769181 6 4 6 24 12 9 15 8 15 31 13 17 9 6 9.25570237641795579 1 9 13 2 8 15 20 3.84646942076222631 12 2 4 12 6 11 16 24 13 16 15 10 18.1849819421768188 204.351506439896525 
13 5 11 1 32 1 10 16.1354543567662532 4 16 19 7 18 31 2.70999124060388841 11 24 8 3.36768017929769181 11 11 13 22 13 14 12 8 2 1 9 6 9 7 17 31 5 10 15 3 3 2 1 16 26 2 9 6 12 1 14 13 5 32 12 14 3 6 10 30 5 21.451002836227417 77.7350435512200306 

Current Evaluation = 50000000(50000000)
Front Size = 33
10 11 11 4 13 12 3 31 6 14 14 2.70999124060388841 16 24 6 15 6 13 14 13 7 2 26 11 3 32 4 13 12 2 13 24 9 1 1 4 6 1 11 17 31 5 12 6 9 15 18 6.96245171630185755 16 32 11 6 12 3.84646942076222631 14 16 8 9 9 11 17.3462559580802917 220.615412305272969 
12 27 8 1 32 1 10 16.1354543567662532 4 16 19 7 18 31 2.70999124060388841 11 24 8 3.36768017929769181 11 11 13 22 13 14 12 8 2 1 9 6 9 7 17 31 5 10 15 3 3 2 1 4 24 2 9 6 12 1 14 13 5 32 12 14 3 6 10 30 5 22.9071829915046692 67.4020313809029403 
15 26 8 1 32 1 10 16.1354543567662532 4 16 19 7 18 31 2.70999124060388841 3.36768017929769181 6 2 4 25 12 13 22 13 14 12 8 2 1 9 6 9 7 17 31 5 10 15 3 3 2 1 16 20 5 9 6 12 1 14 13 5 32 12 14 3 6 10 30 5 20.2873849868774414 96.4262539616470917 
15 16 2 12 30 11 6 25 6 10 1 2.70999124060388841 2 13 3 3 24 4 16 20 6 9 31 2 17 30 13 1 30 9 10 31 7 6 12 7 5 11 13 16 32 4 15 15 9 14 24 6 5 28 4 12 26 11 4 20 1 9 12 5 19.0525559782981873 189.410148468662385 
12 27 8 1 32 1 10 16.1354543567662532 4 16 1 9 18 31 2.70999124060388841 11 24 8 3.36768017929769181 11 11 13 22 13 14 12 8 2 1 9 6 9 7 17 31 5 10 15 3 3 2 1 16 4 2 9 6 12 1 14 13 5 32 12 14 3 6 10 30 5 24.9011759757995605 63.7648878821930225 
16 17 2 3.36768017929769181 1 3 13 26 1 14 25 2 2 24 5 1 26 11 3 31 6 1 32 7 10 26 9 14 6 12 13 8 7 2 14 4 10 24 6.96245171630185755 4.94126535182462057 16 2 6 30 12 2 2 4 15 14 7 13.2195649013323386 13 4 9 6 13.151007650947605 6 5 6 18.4464386701583862 197.972333643852608 
6 30 2 1 32 1 10 16.1354543567662532 4 16 19 7 4 30 2 11 24 8 3.36768017929769181 11 11 1 5 13 14 12 8 2 1 9 6 9 7 17 31 5 10 15 3 3 2 1 15 32 10 9 6 12 1 14 13 5 32 12 14 3 6 10 30 5 19.9143338799476624 106.08062548323754 
3 12 8 1 32 1 10 16.1354543567662532 4 16 19 7 18 31 2.70999124060388841 11 24 8 3.36768017929769181 11 11 13 22 13 14 12 8 2 1 9 6 9 7 17 31 5 10 15 3 3 2 1 12 26 1 9 6 12 1 14 13 5 32 12 14 3 6 10 30 5 21.6696288585662842 70.7762608325045193 
12 27 8 1 32 1 10 16.1354543567662532 4 16 19 7 18 31 2.70999124060388841 11 24 8 3.36768017929769181 11 11 13 22 13 14 12 8 2 1 9 6 9 7 17 31 5 10 15 3 3 2 1 4 6 2 12 24 2.70999124060388841 1 14 13 5 32 12 14 3 6 10 30 5 22.7285339832305908 69.1757887043243329 
4 20 11 1 32 1 10 16.1354543567662532 4 16 19 7 18 31 2.70999124060388841 11 24 8 3.36768017929769181 11 11 13 22 13 14 12 8 2 1 9 6 9 7 17 31 5 10 15 3 3 2 1 4 13 1 9 6 12 2 15 2 14 24 11 14 3 6 10 30 5 20.9697887897491455 87.8629478584763461 
12 27 8 1 32 1 10 16.1354543567662532 4 16 19 7 18 31 2.70999124060388841 11 24 8 3.36768017929769181 11 11 13 22 13 14 12 8 2 1 9 6 9 7 17 31 5 10 15 3 3 2 1 16 26 2 9 6 12 1 14 13 5 32 12 14 3 6 10 30 5 22.9668259024620056 65.5654095038701286 
12 27 8 1 32 1 10 1 9 16 19 7 18 31 2.70999124060388841 11 24 8 3.36768017929769181 11 11 13 22 13 14 12 8 2 1 9 6 9 7 17 31 5 10 15 3 3 2 1 16 4 2 9 6 12 1 14 13 5 32 12 14 3 6 10 30 5 24.8439618945121765 63.8420738732225956 
12 25 8 1 32 1 10 16.1354543567662532 4 16 19 7 18 31 2.70999124060388841 11 24 8 3.36768017929769181 11 11 13 22 13 14 12 8 2 1 9 6 9 7 17 31 5 10 15 3 3 2 1 16 4 2 9 6 12 1 14 13 5 32 12 14 3 6 10 30 5 23.7405338883399963 64.016753387789521 
14 20 7 1 32 1 15 26 5 16 19 7 18 31 2.70999124060388841 11 24 8 3.36768017929769181 11 11 13 22 13 14 12 8 2 1 9 6 9 7 17 31 5 1 6 10 3 2 1 4 25 4 9 6 12 1 14 13 5 32 12 14 3 6 10 30 5 19.4634838104248047 125.130830831312579 
14 20 8 1 32 1 10 16.1354543567662532 4 16 19 7 18 31 2.70999124060388841 11 24 8 3.36768017929769181 11 11 13 22 13 14 12 8 2 1 9 6 9 7 17 31 5 10 15 3 3 2 1 13 12 2.70999124060388841 9 6 12 1 14 13 5 32 12 14 3 6 10 30 5 21.0321168303489685 87.4771163591049401 
14 25 8 1 32 1 10 16.1354543567662532 4 16 19 7 18 31 2.70999124060388841 11 24 8 3.36768017929769181 11 11 4 26 9 14 12 8 2 1 9 6 9 7 17 31 5 10 15 3 3 2 1 16 12 2 9 6 12 1 14 13 5 32 12 14 3 6 10 30 5 20.7582738399505615 91.3447450373340502 
8 28 1 12 5.34074699537910114 6 17 26 10 14 16.1354543567662532 3.84646942076222631 17 26 1 6 15 7 13.2195649013323386 32 13.151007650947605 3 1 4 14 19 4 6 25 8 3 5 12 15 26 9 6 19 1 3 5 11 17 15 6 15 1 9 8 9 9 4 6 2 9 24 13 16 8 2 18.5004357099533081 192.800270137539826 
16 23 2 1 32 1 10 16.1354543567662532 4 16 19 7 18 31 2.70999124060388841 16 24 12 3.36768017929769181 11 11 13 22 13 14 12 8 2 1 9 6 9 7 17 31 5 10 15 3 3 2 1 4 26 2 9 6 12 1 14 13 5 32 12 14 3 6 10 30 5 21.1829869151115417 80.8894724302001862 
9 5.34074699537910114 6 9.25570237641795579 6 5 6 32 11 4.94126535182462057 30 3 10 2 11 5 1 2 15 20 9 2 6 7 1 1 13 16 3 12 3 19 9.82524131762891173 17 26 10 13 6 1 1 28 5 16 16 1 12 24 6 13 3 13 14 8 11 15 15 13.151007650947605 1 25 10 19.2884418368339539 179.866207935171701 
13 24 12 3.36768017929769181 26 1 16 30 7 12 31 6 6 22 7 15 15 11 14 12 12 9 17 11 1 1 11 2 31 10 17 26 10 4 32 7 13 33 7 14 9 8 16 11 3 9 23 8 1 15 12 15 3 8 17 6 13 4 6 13 18.6884438395500183 191.530515915113426 
4 25 8 1 32 1 10 16.1354543567662532 4 16 19 7 18 31 2.70999124060388841 11 24 8 3.36768017929769181 11 11 13 22 13 14 12 8 2 1 9 6 9 7 17 31 5 10 15 3 3 2 1 16 4 2 9 6 12 1 14 13 5 32 12 14 3 6 10 30 5 23.6731107831001282 64.426319211500072 
2 26 10 6 24 4 4 5 2 14 7 3 13 1 5 8 32 12 15 8 13 9 15 6 3.36768017929769181 6 4 6 24 12 9 15 8 15 31 13 17 9 6 9.25570237641795579 1 9 13 2 8 15 20 3.84646942076222631 12 2 4 12 6 11 16 24 13 16 15 10 18.1849819421768188 204.351506439896525 
3 12 13 1 32 1 10 16.1354543567662532 4 16 19 7 15 6 5 11 24 8 3.36768017929769181 11 11 13 22 13 14 12 8 2 1 9 6 9 7 17 31 5 10 15 3 3 2 1 8 26 2 9 6 12 1 14 13 5 32 12 14 3 6 10 30 5 20.5919378995895386 95.9536630053271722 
12 27 8 1 32 1 10 16.1354543567662532 4 16 19 7 18 31 2.70999124060388841 11 24 8 3.36768017929769181 11 11 13 22 13 14 12 8 2 1 9 6 9 7 17 31 5 10 15 3 3 2 1 16 24 2 9 6 12 1 14 13 5 32 12 14 3 6 10 30 5 22.9229419827461243 67.0760055036539029 
12 27 8 1 32 1 10 16.1354543567662532 4 16 19 7 18 31 2.70999124060388841 4 23 2 3.36768017929769181 11 11 13 22 13 14 12 8 2 1 9 6 9 7 17 31 5 10 15 3 3 2 1 16 4 2 9 6 12 1 14 13 5 32 12 14 3 6 10 30 5 25.0067408680915833 63.1817496804314374 
14 6 3 2 3 3 16 5.34074699537910114 4 14 20 6.96245171630185755 4 30 1 3 6 9 4.94126535182462057 2 12 15 31 11 12 26 2 4 30 11 1 13 8 8 26 7 14 18 9 13.2195649013323386 11 10 15 26 6 10 19 10 4 25 4 15 25 1 13 5 13.151007650947605 16 16 12 17.9347668886184692 220.284809540304934 
12 27 8 1 32 1 10 16.1354543567662532 4 16 19 7 18 31 2.70999124060388841 11 24 8 3.36768017929769181 11 11 13 22 13 14 12 8 2 1 9 6 9 7 17 31 5 10 15 3 3 2 1 4 26 2 9 6 12 1 14 13 5 32 12 14 3 6 10 30 5 22.9510669112205505 66.2313329409965093 
14 1 5 1 32 1 10 16.1354543567662532 4 16 19 7 18 31 2.70999124060388841 11 24 8 3.36768017929769181 11 11 13 22 13 14 12 8 2 1 9 6 9 7 17 31 5 10 15 3 3 2 1 4 26 2 9 6 12 1 14 13 5 32 12 14 3 6 10 30 5 21.0738028883934021 83.9481422882318213 
12 27 8 1 32 1 10 16.1354543567662532 4 16 19 7 18 31 2.70999124060388841 11 24 8 3.36768017929769181 11 11 13 22 13 14 12 8 2 1 9 6 9 7 17 31 5 10 15 3 3 2 1 16 4 2 9 6 12 1 14 13 5 32 12 14 3 6 10 30 5 25.1861289143562317 61.7660299545379985 
12 27 8 1 32 1 10 16.1354543567662532 4 16 19 7 18 31 2.70999124060388841 11 24 8 3.36768017929769181 11 11 13 22 13 14 12 8 2 1 9 6 9 7 17 31 5 10 15 3 3 2 1 12 19 2.70999124060388841 9 6 12 1 14 13 5 32 12 14 3 6 10 30 5 23.258034884929657 64.9080211737295087 
14 17 9 1 32 1 10 16.1354543567662532 4 16 19 7 18 31 2.70999124060388841 11 24 8 3.36768017929769181 11 11 13 22 13 14 12 8 2 1 9 6 9 7 17 31 5 10 15 3 3 2 1 4 24 2 9 6 12 1 14 13 5 32 12 14 3 6 10 30 5 21.28666090965271 75.4788950179996618 
3.36768017929769181 12 12 1 32 1 10 16.1354543567662532 4 16 19 7 18 31 2.70999124060388841 11 24 8 3.36768017929769181 11 11 13 22 13 14 12 8 2 1 9 6 9 7 17 31 5 10 15 3 3 2 1 16 26 2 9 6 12 1 14 13 5 32 12 14 3 6 10 30 5 21.4407788515090942 71.7485732920366672 
12 27 8 1 32 1 10 16.1354543567662532 4 16 19 7 18 31 2.70999124060388841 11 24 8 3.36768017929769181 11 11 13 22 13 14 12 8 2 1 9 6 9 7 17 31 5 10 15 3 3 2 1 12 24 2 9 6 12 1 14 13 5 32 12 14 3 6 10 30 5 22.9746059775352478 65.2288678006637213 

Current Evaluation = 60000000(60000000)
Front Size = 34
10 11 11 4 13 12 3 31 6 14 14 2.70999124060388841 16 24 6 15 6 13 14 13 7 2 26 11 3 32 4 13 12 2 13 24 9 1 1 4 6 1 11 17 31 5 12 6 9 15 18 6.96245171630185755 16 32 11 6 12 3.84646942076222631 14 16 8 9 9 11 17.3462559580802917 220.615412305272969 
12 27 8 1 32 1 10 16.1354543567662532 4 16 19 7 18 31 2.70999124060388841 11 24 8 3.36768017929769181 11 11 13 22 13 14 12 8 2 1 9 6 9 7 17 31 5 10 15 3 3 2 1 4 24 2 9 6 12 1 14 13 5 32 12 14 3 6 10 30 5 22.9071829915046692 67.4020313809029403 
15 26 8 1 32 1 10 16.1354543567662532 4 16 19 7 18 31 2.70999124060388841 3.36768017929769181 6 2 4 25 12 13 22 13 14 12 8 2 1 9 6 9 7 17 31 5 10 15 3 3 2 1 16 20 5 9 6 12 1 14 13 5 32 12 14 3 6 10 30 5 20.2873849868774414 96.4262539616470917 
15 16 2 12 30 11 6 25 6 10 1 2.70999124060388841 2 13 3 3 24 4 16 20 6 9 31 2 17 30 13 1 30 9 10 31 7 6 12 7 5 11 13 16 32 4 15 15 9 14 24 6 5 28 4 12 26 11 4 20 1 9 12 5 19.0525559782981873 189.410148468662385 
16 17 2 3.36768017929769181 1 3 13 26 1 14 25 2 2 24 5 1 26 11 3 31 6 1 32 7 10 26 9 14 6 12 13 8 7 2 14 4 10 24 6.96245171630185755 4.94126535182462057 16 2 6 30 12 2 2 4 15 14 7 13.2195649013323386 13 4 9 6 13.151007650947605 6 5 6 18.4464386701583862 197.972333643852608 
6 30 2 1 32 1 10 16.1354543567662532 4 16 19 7 4 30 2 11 24 8 3.36768017929769181 11 11 1 5 13 14 12 8 2 1 9 6 9 7 17 31 5 10 15 3 3 2 1 15 32 10 9 6 12 1 14 13 5 32 12 14 3 6 10 30 5 19.9143338799476624 106.08062548323754 
3 12 8 1 32 1 10 16.1354543567662532 4 16 19 7 18 31 2.70999124060388841 11 24 8 3.36768017929769181 11 11 13 22 13 14 12 8 2 1 9 6 9 7 17 31 5 10 15 3 3 2 1 12 26 1 9 6 12 1 14 13 5 32 12 14 3 6 10 30 5 21.6696288585662842 70.7762608325045193 
12 27 8 1 32 1 10 16.1354543567662532 4 16 19 7 18 31 2.70999124060388841 11 24 8 3.36768017929769181 11 11 13 22 13 14 12 8 2 1 9 6 9 7 17 31 5 10 15 3 3 2 1 4 6 2 12 24 2.70999124060388841 1 14 13 5 32 12 14 3 6 10 30 5 22.7285339832305908 69.1757887043243329 
4 20 11 1 32 1 10 16.1354543567662532 4 16 19 7 18 31 2.70999124060388841 11 24 8 3.36768017929769181 11 11 13 22 13 14 12 8 2 1 9 6 9 7 17 31 5 10 15 3 3 2 1 4 13 1 9 6 12 2 15 2 14 24 11 14 3 6 10 30 5 20.9697887897491455 87.8629478584763461 
12 27 8 1 32 1 10 16.1354543567662532 4 16 19 7 18 31 2.70999124060388841 11 24 8 3.36768017929769181 11 11 13 22 13 14 12 8 2 1 9 6 9 7 17 31 5 10 15 3 3 2 1 16 26 2 9 6 12 1 14 13 5 32 12 14 3 6 10 30 5 22.9668259024620056 65.5654095038701286 
12 25 8 1 32 1 10 16.1354543567662532 4 16 19 7 18 31 2.70999124060388841 11 24 8 3.36768017929769181 11 11 13 22 13 14 12 8 2 1 9 6 9 7 17 31 5 10 15 3 3 2 1 16 4 2 9 6 12 1 14 13 5 32 12 14 3 6 10 30 5 23.7405338883399963 64.016753387789521 
14 20 7 1 32 1 15 26 5 16 19 7 18 31 2.70999124060388841 11 24 8 3.36768017929769181 11 11 13 22 13 14 12 8 2 1 9 6 9 7 17 31 5 1 6 10 3 2 1 4 25 4 9 6 12 1 14 13 5 32 12 14 3 6 10 30 5 19.4634838104248047 125.130830831312579 
14 20 8 1 32 1 10 16.1354543567662532 4 16 19 7 18 31 2.70999124060388841 11 24 8 3.36768017929769181 11 11 13 22 13 14 12 8 2 1 9 6 9 7 17 31 5 10 15 3 3 2 1 13 12 2.70999124060388841 9 6 12 1 14 13 5 32 12 14 3 6 10 30 5 21.0321168303489685 87.4771163591049401 
8 28 1 12 5.34074699537910114 6 17 26 10 14 16.1354543567662532 3.84646942076222631 17 26 1 6 15 7 13.2195649013323386 32 13.151007650947605 3 1 4 14 19 4 6 25 8 3 5 12 15 26 9 6 19 1 3 5 11 17 15 6 15 1 9 8 9 9 4 6 2 9 24 13 16 8 2 18.5004357099533081 192.800270137539826 
16 23 2 1 32 1 10 16.1354543567662532 4 16 19 7 18 31 2.70999124060388841 16 24 12 3.36768017929769181 11 11 13 22 13 14 12 8 2 1 9 6 9 7 17 31 5 10 15 3 3 2 1 4 26 2 9 6 12 1 14 13 5 32 12 14 3 6 10 30 5 21.1829869151115417 80.8894724302001862 
9 5.34074699537910114 6 9.25570237641795579 6 5 6 32 11 4.94126535182462057 30 3 10 2 11 5 1 2 15 20 9 2 6 7 1 1 13 16 3 12 3 19 9.82524131762891173 17 26 10 13 6 1 1 28 5 16 16 1 12 24 6 13 3 13 14 8 11 15 15 13.151007650947605 1 25 10 19.2884418368339539 179.866207935171701 
13 24 12 3.36768017929769181 26 1 16 30 7 12 31 6 6 22 7 15 15 11 14 12 12 9 17 11 1 1 11 2 31 10 17 26 10 4 32 7 13 33 7 14 9 8 16 11 3 9 23 8 1 15 12 15 3 8 17 6 13 4 6 13 18.6884438395500183 191.530515915113426 
4 25 8 1 32 1 10 16.1354543567662532 4 16 19 7 18 31 2.70999124060388841 11 24 8 3.36768017929769181 11 11 13 22 13 14 12 8 2 1 9 6 9 7 17 31 5 10 15 3 3 2 1 16 4 2 9 6 12 1 14 13 5 32 12 14 3 6 10 30 5 23.6731107831001282 64.426319211500072 
2 26 10 6 24 4 4 5 2 14 7 3 13 1 5 8 32 12 15 8 13 9 15 6 3.36768017929769181 6 4 6 24 12 9 15 8 15 31 13 17 9 6 9.25570237641795579 1 9 13 2 8 15 20 3.84646942076222631 12 2 4 12 6 11 16 24 13 16 15 10 18.1849819421768188 204.351506439896525 
12 27 8 1 32 1 10 16.1354543567662532 4 16 19 7 18 31 2.70999124060388841 11 24 8 3.36768017929769181 11 11 13 22 13 14 12 8 2 1 9 6 9 7 17 31 5 10 15 3 3 2 1 16 24 2 9 6 12 1 14 13 5 32 12 14 3 6 10 30 5 22.9229419827461243 67.0760055036539029 
12 27 8 1 32 1 10 16.1354543567662532 4 16 19 7 18 31 2.70999124060388841 4 23 2 3.36768017929769181 11 11 13 22 13 14 12 8 2 1 9 6 9 7 17 31 5 10 15 3 3 2 1 16 4 2 9 6 12 1 14 13 5 32 12 14 3 6 10 30 5 25.0067408680915833 63.1817496804314374 
14 6 3 2 3 3 16 5.34074699537910114 4 14 20 6.96245171630185755 4 30 1 3 6 9 4.94126535182462057 2 12 15 31 11 12 26 2 4 30 11 1 13 8 8 26 7 14 18 9 13.2195649013323386 11 10 15 26 6 10 19 10 4 25 4 15 25 1 13 5 13.151007650947605 16 16 12 17.9347668886184692 220.284809540304934 
12 27 8 1 32 1 10 16.1354543567662532 4 16 19 7 18 31 2.70999124060388841 11 24 8 3.36768017929769181 11 11 13 22 13 14 12 8 2 1 9 6 9 7 17 31 5 10 15 3 3 2 1 4 26 2 9 6 12 1 14 13 5 32 12 14 3 6 10 30 5 22.9510669112205505 66.2313329409965093 
14 1 5 1 32 1 10 16.1354543567662532 4 16 19 7 18 31 2.70999124060388841 11 24 8 3.36768017929769181 11 11 13 22 13 14 12 8 2 1 9 6 9 7 17 31 5 10 15 3 3 2 1 4 26 2 9 6 12 1 14 13 5 32 12 14 3 6 10 30 5 21.0738028883934021 83.9481422882318213 
12 27 8 1 32 1 10 16.1354543567662532 4 16 19 7 18 31 2.70999124060388841 11 24 8 3.36768017929769181 11 11 13 22 13 14 12 8 2 1 9 6 9 7 17 31 5 10 15 3 3 2 1 16 4 2 9 6 12 1 14 13 5 32 12 14 3 6 10 30 5 25.1861289143562317 61.7660299545379985 
12 27 8 1 32 1 10 16.1354543567662532 4 16 19 7 18 31 2.70999124060388841 11 24 8 3.36768017929769181 11 11 13 22 13 14 12 8 2 1 9 6 9 7 17 31 5 10 15 3 3 2 1 12 19 2.70999124060388841 9 6 12 1 14 13 5 32 12 14 3 6 10 30 5 23.258034884929657 64.9080211737295087 
14 17 9 1 32 1 10 16.1354543567662532 4 16 19 7 18 31 2.70999124060388841 11 24 8 3.36768017929769181 11 11 13 22 13 14 12 8 2 1 9 6 9 7 17 31 5 10 15 3 3 2 1 4 24 2 9 6 12 1 14 13 5 32 12 14 3 6 10 30 5 21.28666090965271 75.4788950179996618 
3.36768017929769181 12 12 1 32 1 10 16.1354543567662532 4 16 19 7 18 31 2.70999124060388841 11 24 8 3.36768017929769181 11 11 13 22 13 14 12 8 2 1 9 6 9 7 17 31 5 10 15 3 3 2 1 16 26 2 9 6 12 1 14 13 5 32 12 14 3 6 10 30 5 21.4407788515090942 71.7485732920366672 
12 27 8 1 32 1 10 16.1354543567662532 4 16 19 7 18 31 2.70999124060388841 11 24 8 3.36768017929769181 11 11 13 22 13 14 12 8 2 1 9 6 9 7 17 31 5 10 15 3 3 2 1 12 24 2 9 6 12 1 14 13 5 32 12 14 3 6 10 30 5 22.9746059775352478 65.2288678006637213 
14 1 9 1 32 1 10 16.1354543567662532 4 16 19 7 18 31 2.70999124060388841 11 24 8 9 6 2.70999124060388841 13 22 13 14 12 8 2 1 9 6 9 7 17 31 5 10 15 3 3 2 1 16 26 8 9 6 12 1 14 13 5 32 12 14 3 6 10 30 5 20.7170908749103546 91.3330721960032292 
12 27 8 1 32 1 10 16.1354543567662532 4 16 19 7 18 31 2.70999124060388841 16 24 2 3.36768017929769181 11 11 13 22 13 14 12 8 2 1 9 6 9 7 17 31 5 10 15 3 3 2 1 16 4 2 9 6 12 1 14 13 5 32 12 14 3 6 10 30 5 24.499193012714386 63.7356875013066144 
6 20 12 1 32 1 10 16.1354543567662532 4 16 19 7 4 6 11 11 24 8 3.36768017929769181 11 11 13 22 13 14 12 8 2 1 9 6 9 7 17 31 5 10 15 3 3 2 1 12 25 1 9 6 12 1 14 13 5 32 12 14 3 6 10 30 5 20.5584678649902344 95.4536832459187394 
13 25 7 1 32 1 10 16.1354543567662532 4 16 19 7 18 31 2.70999124060388841 11 24 8 3.36768017929769181 11 11 13 22 13 14 12 8 2 1 9 6 9 7 17 31 5 10 15 3 3 2 1 12 26 2.70999124060388841 9 6 12 1 14 13 5 32 12 14 3 6 10 30 5 21.2701978087425232 79.835406845341808 
4 6 3 1 32 1 10 16.1354543567662532 4 16 19 7 6 31 9 11 24 8 3.36768017929769181 11 11 13 22 13 14 12 8 2 1 9 6 9 7 17 31 5 10 15 3 3 2 1 15 30 13 9 6 12 1 14 13 16 2 2.70999124060388841 14 3 6 10 30 5 19.8923718333244324 121.270984059986603 

Current Evaluation = 70000000(70000000)
Front Size = 42
10 11 11 4 13 12 3 31 6 14 14 2.70999124060388841 16 24 6 15 6 13 14 13 7 2 26 11 3 32 4 13 12 2 13 24 9 1 1 4 6 1 11 17 31 5 12 6 9 15 18 6.96245171630185755 16 32 11 6 12 3.84646942076222631 14 16 8 9 9 11 17.3462559580802917 220.615412305272969 
12 27 8 1 32 1 10 16.1354543567662532 4 16 19 7 18 31 2.70999124060388841 11 24 8 3.36768017929769181 11 11 13 22 13 14 12 8 2 1 9 6 9 7 17 31 5 10 15 3 3 2 1 4 24 2 9 6 12 1 14 13 5 32 12 14 3 6 10 30 5 22.9071829915046692 67.4020313809029403 
15 26 8 1 32 1 10 16.1354543567662532 4 16 19 7 18 31 2.70999124060388841 3.36768017929769181 6 2 4 25 12 13 22 13 14 12 8 2 1 9 6 9 7 17 31 5 10 15 3 3 2 1 16 20 5 9 6 12 1 14 13 5 32 12 14 3 6 10 30 5 20.2873849868774414 96.4262539616470917 
15 16 2 12 30 11 6 25 6 10 1 2.70999124060388841 2 13 3 3 24 4 16 20 6 9 31 2 17 30 13 1 30 9 10 31 7 6 12 7 5 11 13 16 32 4 15 15 9 14 24 6 5 28 4 12 26 11 4 20 1 9 12 5 19.0525559782981873 189.410148468662385 
16 17 2 3.36768017929769181 1 3 13 26 1 14 25 2 2 24 5 1 26 11 3 31 6 1 32 7 10 26 9 14 6 12 13 8 7 2 14 4 10 24 6.96245171630185755 4.94126535182462057 16 2 6 30 12 2 2 4 15 14 7 13.2195649013323386 13 4 9 6 13.151007650947605 6 5 6 18.4464386701583862 197.972333643852608 
6 30 2 1 32 1 10 16.1354543567662532 4 16 19 7 4 30 2 11 24 8 3.36768017929769181 11 11 1 5 13 14 12 8 2 1 9 6 9 7 17 31 5 10 15 3 3 2 1 15 32 10 9 6 12 1 14 13 5 32 12 14 3 6 10 30 5 19.9143338799476624 106.08062548323754 
3 12 8 1 32 1 10 16.1354543567662532 4 16 19 7 18 31 2.70999124060388841 11 24 8 3.36768017929769181 11 11 13 22 13 14 12 8 2 1 9 6 9 7 17 31 5 10 15 3 3 2 1 12 26 1 9 6 12 1 14 13 5 32 12 14 3 6 10 30 5 21.6696288585662842 70.7762608325045193 
4 20 11 1 32 1 10 16.1354543567662532 4 16 19 7 18 31 2.70999124060388841 11 24 8 3.36768017929769181 11 11 13 22 13 14 12 8 2 1 9 6 9 7 17 31 5 10 15 3 3 2 1 4 13 1 9 6 12 2 15 2 14 24 11 14 3 6 10 30 5 20.9697887897491455 87.8629478584763461 
12 27 8 1 32 1 10 16.1354543567662532 4 16 19 7 18 31 2.70999124060388841 11 24 8 3.36768017929769181 11 11 13 22 13 14 12 8 2 1 9 6 9 7 17 31 5 10 15 3 3 2 1 16 26 2 9 6 12 1 14 13 5 32 12 14 3 6 10 30 5 22.9668259024620056 65.5654095038701286 
14 20 7 1 32 1 15 26 5 16 19 7 18 31 2.70999124060388841 11 24 8 3.36768017929769181 11 11 13 22 13 14 12 8 2 1 9 6 9 7 17 31 5 1 6 10 3 2 1 4 25 4 9 6 12 1 14 13 5 32 12 14 3 6 10 30 5 19.4634838104248047 125.130830831312579 
14 20 8 1 32 1 10 16.1354543567662532 4 16 19 7 18 31 2.70999124060388841 11 24 8 3.36768017929769181 11 11 13 22 13 14 12 8 2 1 9 6 9 7 17 31 5 10 15 3 3 2 1 13 12 2.70999124060388841 9 6 12 1 14 13 5 32 12 14 3 6 10 30 5 21.0321168303489685 87.4771163591049401 
8 28 1 12 5.34074699537910114 6 17 26 10 14 16.1354543567662532 3.84646942076222631 17 26 1 6 15 7 13.2195649013323386 32 13.151007650947605 3 1 4 14 19 4 6 25 8 3 5 12 15 26 9 6 19 1 3 5 11 17 15 6 15 1 9 8 9 9 4 6 2 9 24 13 16 8 2 18.5004357099533081 192.800270137539826 
16 23 2 1 32 1 10 16.1354543567662532 4 16 19 7 18 31 2.70999124060388841 16 24 12 3.36768017929769181 11 11 13 22 13 14 12 8 2 1 9 6 9 7 17 31 5 10 15 3 3 2 1 4 26 2 9 6 12 1 14 13 5 32 12 14 3 6 10 30 5 21.1829869151115417 80.8894724302001862 
9 5.34074699537910114 6 9.25570237641795579 6 5 6 32 11 4.94126535182462057 30 3 10 2 11 5 1 2 15 20 9 2 6 7 1 1 13 16 3 12 3 19 9.82524131762891173 17 26 10 13 6 1 1 28 5 16 16 1 12 24 6 13 3 13 14 8 11 15 15 13.151007650947605 1 25 10 19.2884418368339539 179.866207935171701 
13 24 12 3.36768017929769181 26 1 16 30 7 12 31 6 6 22 7 15 15 11 14 12 12 9 17 11 1 1 11 2 31 10 17 26 10 4 32 7 13 33 7 14 9 8 16 11 3 9 23 8 1 15 12 15 3 8 17 6 13 4 6 13 18.6884438395500183 191.530515915113426 
2 26 10 6 24 4 4 5 2 14 7 3 13 1 5 8 32 12 15 8 13 9 15 6 3.36768017929769181 6 4 6 24 12 9 15 8 15 31 13 17 9 6 9.25570237641795579 1 9 13 2 8 15 20 3.84646942076222631 12 2 4 12 6 11 16 24 13 16 15 10 18.1849819421768188 204.351506439896525 
12 27 8 1 32 1 10 16.1354543567662532 4 16 19 7 18 31 2.70999124060388841 11 24 8 3.36768017929769181 11 11 13 22 13 14 12 8 2 1 9 6 9 7 17 31 5 10 15 3 3 2 1 16 24 2 9 6 12 1 14 13 5 32 12 14 3 6 10 30 5 22.9229419827461243 67.0760055036539029 
14 6 3 2 3 3 16 5.34074699537910114 4 14 20 6.96245171630185755 4 30 1 3 6 9 4.94126535182462057 2 12 15 31 11 12 26 2 4 30 11 1 13 8 8 26 7 14 18 9 13.2195649013323386 11 10 15 26 6 10 19 10 4 25 4 15 25 1 13 5 13.151007650947605 16 16 12 17.9347668886184692 220.284809540304934 
12 27 8 1 32 1 10 16.1354543567662532 4 16 19 7 18 31 2.70999124060388841 11 24 8 3.36768017929769181 11 11 13 22 13 14 12 8 2 1 9 6 9 7 17 31 5 10 15 3 3 2 1 4 26 2 9 6 12 1 14 13 5 32 12 14 3 6 10 30 5 22.9510669112205505 66.2313329409965093 
14 1 5 1 32 1 10 16.1354543567662532 4 16 19 7 18 31 2.70999124060388841 11 24 8 3.36768017929769181 11 11 13 22 13 14 12 8 2 1 9 6 9 7 17 31 5 10 15 3 3 2 1 4 26 2 9 6 12 1 14 13 5 32 12 14 3 6 10 30 5 21.0738028883934021 83.9481422882318213 
12 27 8 1 32 1 10 16.1354543567662532 4 16 19 7 18 31 2.70999124060388841 11 24 8 3.36768017929769181 11 11 13 22 13 14 12 8 2 1 9 6 9 7 17 31 5 10 15 3 3 2 1 16 4 2 9 6 12 1 14 13 5 32 12 14 3 6 10 30 5 25.1861289143562317 61.7660299545379985 
14 17 9 1 32 1 10 16.1354543567662532 4 16 19 7 18 31 2.70999124060388841 11 24 8 3.36768017929769181 11 11 13 22 13 14 12 8 2 1 9 6 9 7 17 31 5 10 15 3 3 2 1 4 24 2 9 6 12 1 14 13 5 32 12 14 3 6 10 30 5 21.28666090965271 75.4788950179996618 
3.36768017929769181 12 12 1 32 1 10 16.1354543567662532 4 16 19 7 18 31 2.70999124060388841 11 24 8 3.36768017929769181 11 11 13 22 13 14 12 8 2 1 9 6 9 7 17 31 5 10 15 3 3 2 1 16 26 2 9 6 12 1 14 13 5 32 12 14 3 6 10 30 5 21.4407788515090942 71.7485732920366672 
12 27 8 1 32 1 10 16.1354543567662532 4 16 19 7 18 31 2.70999124060388841 11 24 8 3.36768017929769181 11 11 13 22 13 14 12 8 2 1 9 6 9 7 17 31 5 10 15 3 3 2 1 12 24 2 9 6 12 1 14 13 5 32 12 14 3 6 10 30 5 22.9746059775352478 65.2288678006637213 
14 1 9 1 32 1 10 16.1354543567662532 4 16 19 7 18 31 2.70999124060388841 11 24 8 9 6 2.70999124060388841 13 22 13 14 12 8 2 1 9 6 9 7 17 31 5 10 15 3 3 2 1 16 26 8 9 6 12 1 14 13 5 32 12 14 3 6 10 30 5 20.7170908749103546 91.3330721960032292 
6 20 12 1 32 1 10 16.1354543567662532 4 16 19 7 4 6 11 11 24 8 3.36768017929769181 11 11 13 22 13 14 12 8 2 1 9 6 9 7 17 31 5 10 15 3 3 2 1 12 25 1 9 6 12 1 14 13 5 32 12 14 3 6 10 30 5 20.5584678649902344 95.4536832459187394 
13 25 7 1 32 1 10 16.1354543567662532 4 16 19 7 18 31 2.70999124060388841 11 24 8 3.36768017929769181 11 11 13 22 13 14 12 8 2 1 9 6 9 7 17 31 5 10 15 3 3 2 1 12 26 2.70999124060388841 9 6 12 1 14 13 5 32 12 14 3 6 10 30 5 21.2701978087425232 79.835406845341808 
4 6 3 1 32 1 10 16.1354543567662532 4 16 19 7 6 31 9 11 24 8 3.36768017929769181 11 11 13 22 13 14 12 8 2 1 9 6 9 7 17 31 5 10 15 3 3 2 1 15 30 13 9 6 12 1 14 13 16 2 2.70999124060388841 14 3 6 10 30 5 19.8923718333244324 121.270984059986603 
6 20 4 1 32 1 10 16.1354543567662532 4 16 19 7 18 31 2.70999124060388841 11 24 8 3.36768017929769181 11 11 13 22 13 14 12 8 2 1 9 6 9 7 17 31 5 10 15 3 3 2 1 4 24 2.70999124060388841 9 6 12 1 14 13 5 32 12 14 3 6 10 30 5 21.0742919445037842 82.6088863750628661 
3 15 9 1 32 1 10 16.1354543567662532 4 16 19 7 14 30 13 11 24 8 3.36768017929769181 11 11 13 22 13 14 12 8 2 1 9 6 9 7 17 31 5 10 15 3 3 2 1 4 6 2 9 6 12 1 14 13 5 32 12 14 3 6 10 30 5 20.0860588550567627 101.817392311886991 
15 13 10 1 32 1 10 16.1354543567662532 4 16 19 7 9 26 2.70999124060388841 11 24 8 3.36768017929769181 11 11 13 22 13 14 12 8 2 1 9 6 9 7 17 31 5 10 15 3 3 2 1 16 19 2 9 6 12 1 14 13 5 32 12 14 3 6 10 30 5 21.1743138432502747 81.9485441926067324 
12 31 7 1 32 1 10 16.1354543567662532 4 16 19 7 14 9 12 11 24 8 3.36768017929769181 11 11 13 22 13 14 12 8 2 1 9 6 9 7 17 31 5 8 12 9 4 24 7 2 1 2 9 6 12 1 14 13 5 32 12 14 3 6 10 30 5 19.3961237668991089 143.179472357601043 
9 20 4 15 15 11 4 11 7 15 9 1 14 32 4 9 15 4 14 1 8 1 14 2.70999124060388841 12 16 5 14 30 10 17 19 2 12 25 4 9 12 7 14 25 12 1 30 6.96245171630185755 2 24 2 4.94126535182462057 20 9 8 22 2 13 18 12 14 12 9.82524131762891173 16.7211297452449799 230.982187746893601 
3 13 13 1 32 1 10 16.1354543567662532 4 16 19 7 18 31 2.70999124060388841 11 24 8 3.36768017929769181 11 11 13 22 13 15 32 12 2 1 9 6 9 7 17 31 5 10 15 3 3 2 1 4 16 11 9 6 12 1 14 13 5 32 12 14 3 6 10 30 5 22.2744139432907104 68.6450096218305958 
4 17 11 1 32 1 10 16.1354543567662532 4 16 19 7 18 31 2.70999124060388841 11 24 8 3.36768017929769181 11 11 13 22 13 15 32 12 2 1 9 6 9 7 17 31 5 10 15 3 3 2 1 16 4 2 9 6 12 1 14 13 5 32 12 14 3 6 10 30 5 24.1280598640441895 63.1370235671672404 
12 27 8 1 32 1 10 16.1354543567662532 4 16 19 7 18 31 2.70999124060388841 11 24 8 3.36768017929769181 11 11 13 22 13 15 32 12 2 1 9 6 9 7 17 31 5 10 15 3 3 2 1 4 16 2.70999124060388841 9 6 12 1 14 13 5 32 12 14 3 6 10 30 5 23.4501008987426758 63.7588292483450729 
12 27 8 1 32 1 10 16.1354543567662532 4 16 19 7 18 31 2.70999124060388841 11 24 8 3.36768017929769181 11 11 13 22 13 15 32 12 2 1 9 6 9 7 17 31 5 10 15 3 3 2 1 4 24 2 9 6 12 1 14 13 5 32 12 14 3 6 10 30 5 23.0894579887390137 65.1316056103276395 
12 17 11 1 32 1 10 16.1354543567662532 4 16 19 7 18 31 2.70999124060388841 11 24 8 3.36768017929769181 11 11 13 22 13 15 32 12 2 1 9 6 9 7 17 31 5 10 15 3 3 2 1 16 4 2 9 6 12 1 14 13 5 32 12 14 3 6 10 30 5 24.1954828500747681 62.8740488573916423 
12 27 8 1 32 1 10 16.1354543567662532 4 16 19 7 18 31 2.70999124060388841 11 24 8 3.36768017929769181 11 11 13 22 13 15 32 12 2 1 9 6 9 7 17 31 5 10 15 3 3 2 1 16 4 2 9 6 12 1 14 13 5 32 12 14 3 6 10 30 5 25.3684039115905762 60.3455804315724507 
14 14 11 1 32 1 10 16.1354543567662532 4 16 19 7 18 31 2.70999124060388841 12 24 8 3.36768017929769181 11 11 13 22 13 15 32 12 2 1 9 6 9 7 17 31 5 10 15 3 3 2 1 6 12 3 9 6 12 1 14 13 5 32 12 14 3 6 10 30 5 20.9167079329490662 90.4387181489612431 
4 25 11 1 32 1 10 16.1354543567662532 4 16 19 7 18 31 2.70999124060388841 11 24 8 3.36768017929769181 11 11 13 22 13 15 32 12 2 1 9 6 9 7 17 31 5 10 15 3 3 2 1 16 4 2 9 6 12 1 14 13 5 32 12 14 3 6 10 30 5 23.8007858395576477 63.2875184698730919 
12 27 8 1 32 1 10 16.1354543567662532 4 16 19 7 18 31 2.70999124060388841 11 24 8 3.36768017929769181 11 11 13 22 13 15 32 12 2 1 9 6 9 7 17 31 5 10 15 3 3 2 1 16 24 2.70999124060388841 9 6 12 1 14 13 5 32 12 14 3 6 10 30 5 23.1052169799804688 64.5503653266994064 

Current Evaluation = 80000000(80000000)
Front Size = 39
10 11 11 4 13 12 3 31 6 14 14 2.70999124060388841 16 24 6 15 6 13 14 13 7 2 26 11 3 32 4 13 12 2 13 24 9 1 1 4 6 1 11 17 31 5 12 6 9 15 18 6.96245171630185755 16 32 11 6 12 3.84646942076222631 14 16 8 9 9 11 17.3462559580802917 220.615412305272969 
15 26 8 1 32 1 10 16.1354543567662532 4 16 19 7 18 31 2.70999124060388841 3.36768017929769181 6 2 4 25 12 13 22 13 14 12 8 2 1 9 6 9 7 17 31 5 10 15 3 3 2 1 16 20 5 9 6 12 1 14 13 5 32 12 14 3 6 10 30 5 20.2873849868774414 96.4262539616470917 
16 17 2 3.36768017929769181 1 3 13 26 1 14 25 2 2 24 5 1 26 11 3 31 6 1 32 7 10 26 9 14 6 12 13 8 7 2 14 4 10 24 6.96245171630185755 4.94126535182462057 16 2 6 30 12 2 2 4 15 14 7 13.2195649013323386 13 4 9 6 13.151007650947605 6 5 6 18.4464386701583862 197.972333643852608 
6 30 2 1 32 1 10 16.1354543567662532 4 16 19 7 4 30 2 11 24 8 3.36768017929769181 11 11 1 5 13 14 12 8 2 1 9 6 9 7 17 31 5 10 15 3 3 2 1 15 32 10 9 6 12 1 14 13 5 32 12 14 3 6 10 30 5 19.9143338799476624 106.08062548323754 
3 12 8 1 32 1 10 16.1354543567662532 4 16 19 7 18 31 2.70999124060388841 11 24 8 3.36768017929769181 11 11 13 22 13 14 12 8 2 1 9 6 9 7 17 31 5 10 15 3 3 2 1 12 26 1 9 6 12 1 14 13 5 32 12 14 3 6 10 30 5 21.6696288585662842 70.7762608325045193 
4 20 11 1 32 1 10 16.1354543567662532 4 16 19 7 18 31 2.70999124060388841 11 24 8 3.36768017929769181 11 11 13 22 13 14 12 8 2 1 9 6 9 7 17 31 5 10 15 3 3 2 1 4 13 1 9 6 12 2 15 2 14 24 11 14 3 6 10 30 5 20.9697887897491455 87.8629478584763461 
14 20 7 1 32 1 15 26 5 16 19 7 18 31 2.70999124060388841 11 24 8 3.36768017929769181 11 11 13 22 13 14 12 8 2 1 9 6 9 7 17 31 5 1 6 10 3 2 1 4 25 4 9 6 12 1 14 13 5 32 12 14 3 6 10 30 5 19.4634838104248047 125.130830831312579 
14 20 8 1 32 1 10 16.1354543567662532 4 16 19 7 18 31 2.70999124060388841 11 24 8 3.36768017929769181 11 11 13 22 13 14 12 8 2 1 9 6 9 7 17 31 5 10 15 3 3 2 1 13 12 2.70999124060388841 9 6 12 1 14 13 5 32 12 14 3 6 10 30 5 21.0321168303489685 87.4771163591049401 
8 28 1 12 5.34074699537910114 6 17 26 10 14 16.1354543567662532 3.84646942076222631 17 26 1 6 15 7 13.2195649013323386 32 13.151007650947605 3 1 4 14 19 4 6 25 8 3 5 12 15 26 9 6 19 1 3 5 11 17 15 6 15 1 9 8 9 9 4 6 2 9 24 13 16 8 2 18.5004357099533081 192.800270137539826 
16 23 2 1 32 1 10 16.1354543567662532 4 16 19 7 18 31 2.70999124060388841 16 24 12 3.36768017929769181 11 11 13 22 13 14 12 8 2 1 9 6 9 7 17 31 5 10 15 3 3 2 1 4 26 2 9 6 12 1 14 13 5 32 12 14 3 6 10 30 5 21.1829869151115417 80.8894724302001862 
9 5.34074699537910114 6 9.25570237641795579 6 5 6 32 11 4.94126535182462057 30 3 10 2 11 5 1 2 15 20 9 2 6 7 1 1 13 16 3 12 3 19 9.82524131762891173 17 26 10 13 6 1 1 28 5 16 16 1 12 24 6 13 3 13 14 8 11 15 15 13.151007650947605 1 25 10 19.2884418368339539 179.866207935171701 
2 26 10 6 24 4 4 5 2 14 7 3 13 1 5 8 32 12 15 8 13 9 15 6 3.36768017929769181 6 4 6 24 12 9 15 8 15 31 13 17 9 6 9.25570237641795579 1 9 13 2 8 15 20 3.84646942076222631 12 2 4 12 6 11 16 24 13 16 15 10 18.1849819421768188 204.351506439896525 
14 1 5 1 32 1 10 16.1354543567662532 4 16 19 7 18 31 2.70999124060388841 11 24 8 3.36768017929769181 11 11 13 22 13 14 12 8 2 1 9 6 9 7 17 31 5 10 15 3 3 2 1 4 26 2 9 6 12 1 14 13 5 32 12 14 3 6 10 30 5 21.0738028883934021 83.9481422882318213 
14 17 9 1 32 1 10 16.1354543567662532 4 16 19 7 18 31 2.70999124060388841 11 24 8 3.36768017929769181 11 11 13 22 13 14 12 8 2 1 9 6 9 7 17 31 5 10 15 3 3 2 1 4 24 2 9 6 12 1 14 13 5 32 12 14 3 6 10 30 5 21.28666090965271 75.4788950179996618 
3.36768017929769181 12 12 1 32 1 10 16.1354543567662532 4 16 19 7 18 31 2.70999124060388841 11 24 8 3.36768017929769181 11 11 13 22 13 14 12 8 2 1 9 6 9 7 17 31 5 10 15 3 3 2 1 16 26 2 9 6 12 1 14 13 5 32 12 14 3 6 10 30 5 21.4407788515090942 71.7485732920366672 
14 1 9 1 32 1 10 16.1354543567662532 4 16 19 7 18 31 2.70999124060388841 11 24 8 9 6 2.70999124060388841 13 22 13 14 12 8 2 1 9 6 9 7 17 31 5 10 15 3 3 2 1 16 26 8 9 6 12 1 14 13 5 32 12 14 3 6 10 30 5 20.7170908749103546 91.3330721960032292 
6 20 12 1 32 1 10 16.1354543567662532 4 16 19 7 4 6 11 11 24 8 3.36768017929769181 11 11 13 22 13 14 12 8 2 1 9 6 9 7 17 31 5 10 15 3 3 2 1 12 25 1 9 6 12 1 14 13 5 32 12 14 3 6 10 30 5 20.5584678649902344 95.4536832459187394 
13 25 7 1 32 1 10 16.1354543567662532 4 16 19 7 18 31 2.70999124060388841 11 24 8 3.36768017929769181 11 11 13 22 13 14 12 8 2 1 9 6 9 7 17 31 5 10 15 3 3 2 1 12 26 2.70999124060388841 9 6 12 1 14 13 5 32 12 14 3 6 10 30 5 21.2701978087425232 79.835406845341808 
4 6 3 1 32 1 10 16.1354543567662532 4 16 19 7 6 31 9 11 24 8 3.36768017929769181 11 11 13 22 13 14 12 8 2 1 9 6 9 7 17 31 5 10 15 3 3 2 1 15 30 13 9 6 12 1 14 13 16 2 2.70999124060388841 14 3 6 10 30 5 19.8923718333244324 121.270984059986603 
6 20 4 1 32 1 10 16.1354543567662532 4 16 19 7 18 31 2.70999124060388841 11 24 8 3.36768017929769181 11 11 13 22 13 14 12 8 2 1 9 6 9 7 17 31 5 10 15 3 3 2 1 4 24 2.70999124060388841 9 6 12 1 14 13 5 32 12 14 3 6 10 30 5 21.0742919445037842 82.6088863750628661 
3 15 9 1 32 1 10 16.1354543567662532 4 16 19 7 14 30 13 11 24 8 3.36768017929769181 11 11 13 22 13 14 12 8 2 1 9 6 9 7 17 31 5 10 15 3 3 2 1 4 6 2 9 6 12 1 14 13 5 32 12 14 3 6 10 30 5 20.0860588550567627 101.817392311886991 
15 13 10 1 32 1 10 16.1354543567662532 4 16 19 7 9 26 2.70999124060388841 11 24 8 3.36768017929769181 11 11 13 22 13 14 12 8 2 1 9 6 9 7 17 31 5 10 15 3 3 2 1 16 19 2 9 6 12 1 14 13 5 32 12 14 3 6 10 30 5 21.1743138432502747 81.9485441926067324 
12 31 7 1 32 1 10 16.1354543567662532 4 16 19 7 14 9 12 11 24 8 3.36768017929769181 11 11 13 22 13 14 12 8 2 1 9 6 9 7 17 31 5 8 12 9 4 24 7 2 1 2 9 6 12 1 14 13 5 32 12 14 3 6 10 30 5 19.3961237668991089 143.179472357601043 
9 20 4 15 15 11 4 11 7 15 9 1 14 32 4 9 15 4 14 1 8 1 14 2.70999124060388841 12 16 5 14 30 10 17 19 2 12 25 4 9 12 7 14 25 12 1 30 6.96245171630185755 2 24 2 4.94126535182462057 20 9 8 22 2 13 18 12 14 12 9.82524131762891173 16.7211297452449799 230.982187746893601 
12 27 8 1 32 1 10 16.1354543567662532 4 16 19 7 18 31 2.70999124060388841 11 24 8 3.36768017929769181 11 11 13 22 13 15 32 12 2 1 9 6 9 7 17 31 5 10 15 3 3 2 1 4 16 2.70999124060388841 9 6 12 1 14 13 5 32 12 14 3 6 10 30 5 23.4501008987426758 63.7588292483450729 
14 14 11 1 32 1 10 16.1354543567662532 4 16 19 7 18 31 2.70999124060388841 12 24 8 3.36768017929769181 11 11 13 22 13 15 32 12 2 1 9 6 9 7 17 31 5 10 15 3 3 2 1 6 12 3 9 6 12 1 14 13 5 32 12 14 3 6 10 30 5 20.9167079329490662 90.4387181489612431 
12 27 8 1 32 1 10 16.1354543567662532 4 16 19 7 18 31 2.70999124060388841 11 24 8 3.36768017929769181 11 11 13 22 13 15 32 12 2 1 9 6 9 7 17 31 5 10 15 3 3 2 1 16 24 2.70999124060388841 9 6 12 1 14 13 5 32 12 14 3 6 10 30 5 23.1052169799804688 64.5503653266994064 
12 20 13 1 32 1 10 16.1354543567662532 4 16 19 7 18 31 2.70999124060388841 11 24 8 3.36768017929769181 11 11 13 22 13 15 32 12 2 1 9 6 9 7 17 31 5 10 15 3 3 2 1 16 4 2 9 6 12 1 14 13 5 32 12 14 3 6 10 30 5 23.8128218650817871 62.7077493321562116 
12 27 8 1 32 1 10 16.1354543567662532 4 16 19 7 18 31 2.70999124060388841 11 24 8 3.36768017929769181 11 11 13 22 13 15 32 12 2 1 9 6 9 7 17 31 5 10 15 3 3 2 1 4 26 2 9 6 12 1 14 13 5 32 12 14 3 6 10 30 5 23.133341908454895 64.5025820674520673 
12 27 8 1 32 1 10 16.1354543567662532 4 16 19 7 18 31 2.70999124060388841 11 24 8 3.36768017929769181 11 11 13 22 13 15 32 12 2 1 9 6 9 7 17 31 5 10 15 3 3 2 1 16 4 2 9 6 2.70999124060388841 1 14 13 5 32 12 14 3 6 10 30 5 25.3144178986549377 61.1848265590989726 
4 17 12 1 32 1 10 16.1354543567662532 4 16 19 7 18 31 2.70999124060388841 11 24 8 3.36768017929769181 11 11 13 22 13 15 32 12 2 1 9 6 9 7 17 31 5 10 15 3 3 2 1 16 4 2 9 6 12 1 14 13 5 32 12 14 3 6 10 30 5 24.1414598226547241 61.3385955887757959 
1 3 2 15 25 6 6 16 11 4 3 6 4 5 13 14 1 10 17 19 11 13 30 5 2 12 13 6 16 4 3.36768017929769181 15 5 17 12 8 8 32 2 6 24 6.96245171630185755 16 26 13 11 26 8 1 6 7 6 9 7 4.94126535182462057 24 6 6 12 8 17.7794357538223267 218.256262504637107 
13 12 10 4 19 4 6 11 2.70999124060388841 6 16.1354543567662532 5 4 24 13 10 6 7 4.94126535182462057 23 10 14 26 7 3 1 9.82524131762891173 6 12 13.151007650947605 15 26 2 17 24 13 14 8 2 16 12 13 9 33 3 12 15 1 3 5 7.75241283629571765 1.62229798836725392 31 1 6 15 4 14 8 2 18.6155945956707001 180.073154792014918 
12 27 8 1 32 1 10 16.1354543567662532 4 16 19 7 18 31 2.70999124060388841 11 24 8 3.36768017929769181 11 11 13 22 13 15 32 12 2 1 9 6 9 7 17 31 5 10 15 3 3 2 1 16 23 2 9 6 12 1 14 13 5 32 12 14 3 6 10 30 5 23.6285239458084106 63.1066862213716036 
4 12 11 1 32 1 10 16.1354543567662532 4 16 19 7 18 31 2.70999124060388841 11 24 8 3.36768017929769181 11 11 13 22 13 15 32 12 2 1 9 6 9 7 17 31 5 10 15 3 3 2 1 16 23 2 9 6 12 1 14 13 5 32 12 14 3 6 10 30 5 22.0152809023857117 64.6026023684882915 
12 27 8 1 32 1 10 16.1354543567662532 4 16 19 7 18 31 2.70999124060388841 11 24 8 3.36768017929769181 11 11 13 22 13 15 32 12 2 1 9 6 9 7 17 31 5 10 15 3 3 2 1 16 4 2 9 6 12 1 14 13 5 32 12 14 3 6 10 30 5 25.3684039115905762 59.6160841945673141 
12 27 8 1 32 1 10 16.1354543567662532 4 16 19 7 18 31 2.70999124060388841 11 24 8 3.36768017929769181 11 11 13 22 13 15 32 12 2 1 9 6 9 7 17 31 5 10 15 3 3 2 1 16 19 2.70999124060388841 9 6 12 1 14 13 5 32 12 14 3 6 10 30 5 23.3886458873748779 63.8512429822506746 
12 27 8 1 32 1 10 16.1354543567662532 4 16 19 7 18 31 2.70999124060388841 11 24 8 3.36768017929769181 11 11 13 22 13 15 32 12 2 1 9 6 9 7 17 31 5 10 15 3 3 2 1 4 23 2 9 6 12 1 14 13 5 32 12 14 3 6 10 30 5 23.612764835357666 63.7249597235505902 
17 1 10 1 32 1 6 15 6 16 19 7 18 31 2.70999124060388841 11 24 8 3.36768017929769181 11 11 13 22 13 15 32 12 2 1 9 6 9 7 17 31 5 10 15 3 3 2 1 12 20 13 9 6 12 1 14 13 5 32 12 14 3 6 10 30 5 20.8859277963638306 91.2608668440221038 

Current Evaluation = 90000000(90000000)
Front Size = 35
10 11 11 4 13 12 3 31 6 14 14 2.70999124060388841 16 24 6 15 6 13 14 13 7 2 26 11 3 32 4 13 12 2 13 24 9 1 1 4 6 1 11 17 31 5 12 6 9 15 18 6.96245171630185755 16 32 11 6 12 3.84646942076222631 14 16 8 9 9 11 17.3462559580802917 220.615412305272969 
15 26 8 1 32 1 10 16.1354543567662532 4 16 19 7 18 31 2.70999124060388841 3.36768017929769181 6 2 4 25 12 13 22 13 14 12 8 2 1 9 6 9 7 17 31 5 10 15 3 3 2 1 16 20 5 9 6 12 1 14 13 5 32 12 14 3 6 10 30 5 20.2873849868774414 96.4262539616470917 
16 17 2 3.36768017929769181 1 3 13 26 1 14 25 2 2 24 5 1 26 11 3 31 6 1 32 7 10 26 9 14 6 12 13 8 7 2 14 4 10 24 6.96245171630185755 4.94126535182462057 16 2 6 30 12 2 2 4 15 14 7 13.2195649013323386 13 4 9 6 13.151007650947605 6 5 6 18.4464386701583862 197.972333643852608 
6 30 2 1 32 1 10 16.1354543567662532 4 16 19 7 4 30 2 11 24 8 3.36768017929769181 11 11 1 5 13 14 12 8 2 1 9 6 9 7 17 31 5 10 15 3 3 2 1 15 32 10 9 6 12 1 14 13 5 32 12 14 3 6 10 30 5 19.9143338799476624 106.08062548323754 
3 12 8 1 32 1 10 16.1354543567662532 4 16 19 7 18 31 2.70999124060388841 11 24 8 3.36768017929769181 11 11 13 22 13 14 12 8 2 1 9 6 9 7 17 31 5 10 15 3 3 2 1 12 26 1 9 6 12 1 14 13 5 32 12 14 3 6 10 30 5 21.6696288585662842 70.7762608325045193 
4 20 11 1 32 1 10 16.1354543567662532 4 16 19 7 18 31 2.70999124060388841 11 24 8 3.36768017929769181 11 11 13 22 13 14 12 8 2 1 9 6 9 7 17 31 5 10 15 3 3 2 1 4 13 1 9 6 12 2 15 2 14 24 11 14 3 6 10 30 5 20.9697887897491455 87.8629478584763461 
14 20 7 1 32 1 15 26 5 16 19 7 18 31 2.70999124060388841 11 24 8 3.36768017929769181 11 11 13 22 13 14 12 8 2 1 9 6 9 7 17 31 5 1 6 10 3 2 1 4 25 4 9 6 12 1 14 13 5 32 12 14 3 6 10 30 5 19.4634838104248047 125.130830831312579 
14 20 8 1 32 1 10 16.1354543567662532 4 16 19 7 18 31 2.70999124060388841 11 24 8 3.36768017929769181 11 11 13 22 13 14 12 8 2 1 9 6 9 7 17 31 5 10 15 3 3 2 1 13 12 2.70999124060388841 9 6 12 1 14 13 5 32 12 14 3 6 10 30 5 21.0321168303489685 87.4771163591049401 
8 28 1 12 5.34074699537910114 6 17 26 10 14 16.1354543567662532 3.84646942076222631 17 26 1 6 15 7 13.2195649013323386 32 13.151007650947605 3 1 4 14 19 4 6 25 8 3 5 12 15 26 9 6 19 1 3 5 11 17 15 6 15 1 9 8 9 9 4 6 2 9 24 13 16 8 2 18.5004357099533081 192.800270137539826 
16 23 2 1 32 1 10 16.1354543567662532 4 16 19 7 18 31 2.70999124060388841 16 24 12 3.36768017929769181 11 11 13 22 13 14 12 8 2 1 9 6 9 7 17 31 5 10 15 3 3 2 1 4 26 2 9 6 12 1 14 13 5 32 12 14 3 6 10 30 5 21.1829869151115417 80.8894724302001862 
9 5.34074699537910114 6 9.25570237641795579 6 5 6 32 11 4.94126535182462057 30 3 10 2 11 5 1 2 15 20 9 2 6 7 1 1 13 16 3 12 3 19 9.82524131762891173 17 26 10 13 6 1 1 28 5 16 16 1 12 24 6 13 3 13 14 8 11 15 15 13.151007650947605 1 25 10 19.2884418368339539 179.866207935171701 
2 26 10 6 24 4 4 5 2 14 7 3 13 1 5 8 32 12 15 8 13 9 15 6 3.36768017929769181 6 4 6 24 12 9 15 8 15 31 13 17 9 6 9.25570237641795579 1 9 13 2 8 15 20 3.84646942076222631 12 2 4 12 6 11 16 24 13 16 15 10 18.1849819421768188 204.351506439896525 
14 1 5 1 32 1 10 16.1354543567662532 4 16 19 7 18 31 2.70999124060388841 11 24 8 3.36768017929769181 11 11 13 22 13 14 12 8 2 1 9 6 9 7 17 31 5 10 15 3 3 2 1 4 26 2 9 6 12 1 14 13 5 32 12 14 3 6 10 30 5 21.0738028883934021 83.9481422882318213 
14 17 9 1 32 1 10 16.1354543567662532 4 16 19 7 18 31 2.70999124060388841 11 24 8 3.36768017929769181 11 11 13 22 13 14 12 8 2 1 9 6 9 7 17 31 5 10 15 3 3 2 1 4 24 2 9 6 12 1 14 13 5 32 12 14 3 6 10 30 5 21.28666090965271 75.4788950179996618 
3.36768017929769181 12 12 1 32 1 10 16.1354543567662532 4 16 19 7 18 31 2.70999124060388841 11 24 8 3.36768017929769181 11 11 13 22 13 14 12 8 2 1 9 6 9 7 17 31 5 10 15 3 3 2 1 16 26 2 9 6 12 1 14 13 5 32 12 14 3 6 10 30 5 21.4407788515090942 71.7485732920366672 
13 25 7 1 32 1 10 16.1354543567662532 4 16 19 7 18 31 2.70999124060388841 11 24 8 3.36768017929769181 11 11 13 22 13 14 12 8 2 1 9 6 9 7 17 31 5 10 15 3 3 2 1 12 26 2.70999124060388841 9 6 12 1 14 13 5 32 12 14 3 6 10 30 5 21.2701978087425232 79.835406845341808 
4 6 3 1 32 1 10 16.1354543567662532 4 16 19 7 6 31 9 11 24 8 3.36768017929769181 11 11 13 22 13 14 12 8 2 1 9 6 9 7 17 31 5 10 15 3 3 2 1 15 30 13 9 6 12 1 14 13 16 2 2.70999124060388841 14 3 6 10 30 5 19.8923718333244324 121.270984059986603 
6 20 4 1 32 1 10 16.1354543567662532 4 16 19 7 18 31 2.70999124060388841 11 24 8 3.36768017929769181 11 11 13 22 13 14 12 8 2 1 9 6 9 7 17 31 5 10 15 3 3 2 1 4 24 2.70999124060388841 9 6 12 1 14 13 5 32 12 14 3 6 10 30 5 21.0742919445037842 82.6088863750628661 
3 15 9 1 32 1 10 16.1354543567662532 4 16 19 7 14 30 13 11 24 8 3.36768017929769181 11 11 13 22 13 14 12 8 2 1 9 6 9 7 17 31 5 10 15 3 3 2 1 4 6 2 9 6 12 1 14 13 5 32 12 14 3 6 10 30 5 20.0860588550567627 101.817392311886991 
15 13 10 1 32 1 10 16.1354543567662532 4 16 19 7 9 26 2.70999124060388841 11 24 8 3.36768017929769181 11 11 13 22 13 14 12 8 2 1 9 6 9 7 17 31 5 10 15 3 3 2 1 16 19 2 9 6 12 1 14 13 5 32 12 14 3 6 10 30 5 21.1743138432502747 81.9485441926067324 
12 31 7 1 32 1 10 16.1354543567662532 4 16 19 7 14 9 12 11 24 8 3.36768017929769181 11 11 13 22 13 14 12 8 2 1 9 6 9 7 17 31 5 8 12 9 4 24 7 2 1 2 9 6 12 1 14 13 5 32 12 14 3 6 10 30 5 19.3961237668991089 143.179472357601043 
9 20 4 15 15 11 4 11 7 15 9 1 14 32 4 9 15 4 14 1 8 1 14 2.70999124060388841 12 16 5 14 30 10 17 19 2 12 25 4 9 12 7 14 25 12 1 30 6.96245171630185755 2 24 2 4.94126535182462057 20 9 8 22 2 13 18 12 14 12 9.82524131762891173 16.7211297452449799 230.982187746893601 
12 27 8 1 32 1 10 16.1354543567662532 4 16 19 7 18 31 2.70999124060388841 11 24 8 3.36768017929769181 11 11 13 22 13 15 32 12 2 1 9 6 9 7 17 31 5 10 15 3 3 2 1 16 24 2.70999124060388841 9 6 12 1 14 13 5 32 12 14 3 6 10 30 5 23.1052169799804688 64.5503653266994064 
12 27 8 1 32 1 10 16.1354543567662532 4 16 19 7 18 31 2.70999124060388841 11 24 8 3.36768017929769181 11 11 13 22 13 15 32 12 2 1 9 6 9 7 17 31 5 10 15 3 3 2 1 16 4 2 9 6 2.70999124060388841 1 14 13 5 32 12 14 3 6 10 30 5 25.3144178986549377 61.1848265590989726 
4 17 12 1 32 1 10 16.1354543567662532 4 16 19 7 18 31 2.70999124060388841 11 24 8 3.36768017929769181 11 11 13 22 13 15 32 12 2 1 9 6 9 7 17 31 5 10 15 3 3 2 1 16 4 2 9 6 12 1 14 13 5 32 12 14 3 6 10 30 5 24.1414598226547241 61.3385955887757959 
1 3 2 15 25 6 6 16 11 4 3 6 4 5 13 14 1 10 17 19 11 13 30 5 2 12 13 6 16 4 3.36768017929769181 15 5 17 12 8 8 32 2 6 24 6.96245171630185755 16 26 13 11 26 8 1 6 7 6 9 7 4.94126535182462057 24 6 6 12 8 17.7794357538223267 218.256262504637107 
13 12 10 4 19 4 6 11 2.70999124060388841 6 16.1354543567662532 5 4 24 13 10 6 7 4.94126535182462057 23 10 14 26 7 3 1 9.82524131762891173 6 12 13.151007650947605 15 26 2 17 24 13 14 8 2 16 12 13 9 33 3 12 15 1 3 5 7.75241283629571765 1.62229798836725392 31 1 6 15 4 14 8 2 18.6155945956707001 180.073154792014918 
4 12 11 1 32 1 10 16.1354543567662532 4 16 19 7 18 31 2.70999124060388841 11 24 8 3.36768017929769181 11 11 13 22 13 15 32 12 2 1 9 6 9 7 17 31 5 10 15 3 3 2 1 16 23 2 9 6 12 1 14 13 5 32 12 14 3 6 10 30 5 22.0152809023857117 64.6026023684882915 
12 27 8 1 32 1 10 16.1354543567662532 4 16 19 7 18 31 2.70999124060388841 11 24 8 3.36768017929769181 11 11 13 22 13 15 32 12 2 1 9 6 9 7 17 31 5 10 15 3 3 2 1 16 4 2 9 6 12 1 14 13 5 32 12 14 3 6 10 30 5 25.3684039115905762 59.6160841945673141 
12 27 8 1 32 1 10 16.1354543567662532 4 16 19 7 18 31 2.70999124060388841 11 24 8 3.36768017929769181 11 11 13 22 13 15 32 12 2 1 9 6 9 7 17 31 5 10 15 3 3 2 1 16 19 2.70999124060388841 9 6 12 1 14 13 5 32 12 14 3 6 10 30 5 23.3886458873748779 63.8512429822506746 
12 27 8 1 32 1 10 16.1354543567662532 4 16 19 7 18 31 2.70999124060388841 11 24 8 3.36768017929769181 11 11 13 22 13 15 32 12 2 1 9 6 9 7 17 31 5 10 15 3 3 2 1 4 26 2 9 6 12 1 14 13 5 32 12 14 3 6 10 30 5 23.133341908454895 64.293667588175083 
12 20 11 1 32 1 10 16.1354543567662532 4 16 19 7 18 31 2.70999124060388841 11 24 8 3.36768017929769181 11 11 13 22 13 15 32 12 2 1 9 6 9 7 17 31 5 10 15 3 3 2 1 16 4 2 9 6 12 1 14 13 5 32 12 14 3 6 10 30 5 23.7994219064712524 62.3678551468499407 
4 12 6 1 32 1 16 6 5 16 19 7 18 31 2.70999124060388841 11 24 8 3.36768017929769181 11 11 13 22 13 15 32 12 2 1 9 6 9 7 17 31 5 10 15 3 3 2 1 12 20 2 9 6 12 1 14 13 5 32 12 14 3 6 10 30 5 20.7547948956489563 89.759515460817255 
15 12 9 1 32 1 10 16.1354543567662532 4 16 19 7 18 31 2.70999124060388841 11 24 8 3.36768017929769181 11 11 13 22 13 15 32 12 2 1 9 6 9 7 17 31 5 10 15 3 3 2 1 4 20 13 9 6 12 1 14 13 14 31 7 14 3 6 10 30 5 20.5349057912826538 90.8908949230018095 
12 27 8 1 32 1 10 16.1354543567662532 4 16 19 7 18 31 2.70999124060388841 11 24 8 3.36768017929769181 11 11 13 22 13 15 32 12 2 1 9 6 9 7 17 31 5 10 15 3 3 2 1 12 19 2.70999124060388841 9 6 12 1 14 13 5 32 12 14 3 6 10 30 5 23.4403098821640015 62.8294073092997181 

Current Evaluation = 100000000(100000000)
Front Size = 41
10 11 11 4 13 12 3 31 6 14 14 2.70999124060388841 16 24 6 15 6 13 14 13 7 2 26 11 3 32 4 13 12 2 13 24 9 1 1 4 6 1 11 17 31 5 12 6 9 15 18 6.96245171630185755 16 32 11 6 12 3.84646942076222631 14 16 8 9 9 11 17.3462559580802917 220.615412305272969 
15 26 8 1 32 1 10 16.1354543567662532 4 16 19 7 18 31 2.70999124060388841 3.36768017929769181 6 2 4 25 12 13 22 13 14 12 8 2 1 9 6 9 7 17 31 5 10 15 3 3 2 1 16 20 5 9 6 12 1 14 13 5 32 12 14 3 6 10 30 5 20.2873849868774414 96.4262539616470917 
16 17 2 3.36768017929769181 1 3 13 26 1 14 25 2 2 24 5 1 26 11 3 31 6 1 32 7 10 26 9 14 6 12 13 8 7 2 14 4 10 24 6.96245171630185755 4.94126535182462057 16 2 6 30 12 2 2 4 15 14 7 13.2195649013323386 13 4 9 6 13.151007650947605 6 5 6 18.4464386701583862 197.972333643852608 
6 30 2 1 32 1 10 16.1354543567662532 4 16 19 7 4 30 2 11 24 8 3.36768017929769181 11 11 1 5 13 14 12 8 2 1 9 6 9 7 17 31 5 10 15 3 3 2 1 15 32 10 9 6 12 1 14 13 5 32 12 14 3 6 10 30 5 19.9143338799476624 106.08062548323754 
3 12 8 1 32 1 10 16.1354543567662532 4 16 19 7 18 31 2.70999124060388841 11 24 8 3.36768017929769181 11 11 13 22 13 14 12 8 2 1 9 6 9 7 17 31 5 10 15 3 3 2 1 12 26 1 9 6 12 1 14 13 5 32 12 14 3 6 10 30 5 21.6696288585662842 70.7762608325045193 
4 20 11 1 32 1 10 16.1354543567662532 4 16 19 7 18 31 2.70999124060388841 11 24 8 3.36768017929769181 11 11 13 22 13 14 12 8 2 1 9 6 9 7 17 31 5 10 15 3 3 2 1 4 13 1 9 6 12 2 15 2 14 24 11 14 3 6 10 30 5 20.9697887897491455 87.8629478584763461 
14 20 7 1 32 1 15 26 5 16 19 7 18 31 2.70999124060388841 11 24 8 3.36768017929769181 11 11 13 22 13 14 12 8 2 1 9 6 9 7 17 31 5 1 6 10 3 2 1 4 25 4 9 6 12 1 14 13 5 32 12 14 3 6 10 30 5 19.4634838104248047 125.130830831312579 
14 20 8 1 32 1 10 16.1354543567662532 4 16 19 7 18 31 2.70999124060388841 11 24 8 3.36768017929769181 11 11 13 22 13 14 12 8 2 1 9 6 9 7 17 31 5 10 15 3 3 2 1 13 12 2.70999124060388841 9 6 12 1 14 13 5 32 12 14 3 6 10 30 5 21.0321168303489685 87.4771163591049401 
8 28 1 12 5.34074699537910114 6 17 26 10 14 16.1354543567662532 3.84646942076222631 17 26 1 6 15 7 13.2195649013323386 32 13.151007650947605 3 1 4 14 19 4 6 25 8 3 5 12 15 26 9 6 19 1 3 5 11 17 15 6 15 1 9 8 9 9 4 6 2 9 24 13 16 8 2 18.5004357099533081 192.800270137539826 
16 23 2 1 32 1 10 16.1354543567662532 4 16 19 7 18 31 2.70999124060388841 16 24 12 3.36768017929769181 11 11 13 22 13 14 12 8 2 1 9 6 9 7 17 31 5 10 15 3 3 2 1 4 26 2 9 6 12 1 14 13 5 32 12 14 3 6 10 30 5 21.1829869151115417 80.8894724302001862 
9 5.34074699537910114 6 9.25570237641795579 6 5 6 32 11 4.94126535182462057 30 3 10 2 11 5 1 2 15 20 9 2 6 7 1 1 13 16 3 12 3 19 9.82524131762891173 17 26 10 13 6 1 1 28 5 16 16 1 12 24 6 13 3 13 14 8 11 15 15 13.151007650947605 1 25 10 19.2884418368339539 179.866207935171701 
2 26 10 6 24 4 4 5 2 14 7 3 13 1 5 8 32 12 15 8 13 9 15 6 3.36768017929769181 6 4 6 24 12 9 15 8 15 31 13 17 9 6 9.25570237641795579 1 9 13 2 8 15 20 3.84646942076222631 12 2 4 12 6 11 16 24 13 16 15 10 18.1849819421768188 204.351506439896525 
14 1 5 1 32 1 10 16.1354543567662532 4 16 19 7 18 31 2.70999124060388841 11 24 8 3.36768017929769181 11 11 13 22 13 14 12 8 2 1 9 6 9 7 17 31 5 10 15 3 3 2 1 4 26 2 9 6 12 1 14 13 5 32 12 14 3 6 10 30 5 21.0738028883934021 83.9481422882318213 
14 17 9 1 32 1 10 16.1354543567662532 4 16 19 7 18 31 2.70999124060388841 11 24 8 3.36768017929769181 11 11 13 22 13 14 12 8 2 1 9 6 9 7 17 31 5 10 15 3 3 2 1 4 24 2 9 6 12 1 14 13 5 32 12 14 3 6 10 30 5 21.28666090965271 75.4788950179996618 
3.36768017929769181 12 12 1 32 1 10 16.1354543567662532 4 16 19 7 18 31 2.70999124060388841 11 24 8 3.36768017929769181 11 11 13 22 13 14 12 8 2 1 9 6 9 7 17 31 5 10 15 3 3 2 1 16 26 2 9 6 12 1 14 13 5 32 12 14 3 6 10 30 5 21.4407788515090942 71.7485732920366672 
13 25 7 1 32 1 10 16.1354543567662532 4 16 19 7 18 31 2.70999124060388841 11 24 8 3.36768017929769181 11 11 13 22 13 14 12 8 2 1 9 6 9 7 17 31 5 10 15 3 3 2 1 12 26 2.70999124060388841 9 6 12 1 14 13 5 32 12 14 3 6 10 30 5 21.2701978087425232 79.835406845341808 
4 6 3 1 32 1 10 16.1354543567662532 4 16 19 7 6 31 9 11 24 8 3.36768017929769181 11 11 13 22 13 14 12 8 2 1 9 6 9 7 17 31 5 10 15 3 3 2 1 15 30 13 9 6 12 1 14 13 16 2 2.70999124060388841 14 3 6 10 30 5 19.8923718333244324 121.270984059986603 
6 20 4 1 32 1 10 16.1354543567662532 4 16 19 7 18 31 2.70999124060388841 11 24 8 3.36768017929769181 11 11 13 22 13 14 12 8 2 1 9 6 9 7 17 31 5 10 15 3 3 2 1 4 24 2.70999124060388841 9 6 12 1 14 13 5 32 12 14 3 6 10 30 5 21.0742919445037842 82.6088863750628661 
3 15 9 1 32 1 10 16.1354543567662532 4 16 19 7 14 30 13 11 24 8 3.36768017929769181 11 11 13 22 13 14 12 8 2 1 9 6 9 7 17 31 5 10 15 3 3 2 1 4 6 2 9 6 12 1 14 13 5 32 12 14 3 6 10 30 5 20.0860588550567627 101.817392311886991 
15 13 10 1 32 1 10 16.1354543567662532 4 16 19 7 9 26 2.70999124060388841 11 24 8 3.36768017929769181 11 11 13 22 13 14 12 8 2 1 9 6 9 7 17 31 5 10 15 3 3 2 1 16 19 2 9 6 12 1 14 13 5 32 12 14 3 6 10 30 5 21.1743138432502747 81.9485441926067324 
12 31 7 1 32 1 10 16.1354543567662532 4 16 19 7 14 9 12 11 24 8 3.36768017929769181 11 11 13 22 13 14 12 8 2 1 9 6 9 7 17 31 5 8 12 9 4 24 7 2 1 2 9 6 12 1 14 13 5 32 12 14 3 6 10 30 5 19.3961237668991089 143.179472357601043 
9 20 4 15 15 11 4 11 7 15 9 1 14 32 4 9 15 4 14 1 8 1 14 2.70999124060388841 12 16 5 14 30 10 17 19 2 12 25 4 9 12 7 14 25 12 1 30 6.96245171630185755 2 24 2 4.94126535182462057 20 9 8 22 2 13 18 12 14 12 9.82524131762891173 16.7211297452449799 230.982187746893601 
12 27 8 1 32 1 10 16.1354543567662532 4 16 19 7 18 31 2.70999124060388841 11 24 8 3.36768017929769181 11 11 13 22 13 15 32 12 2 1 9 6 9 7 17 31 5 10 15 3 3 2 1 16 24 2.70999124060388841 9 6 12 1 14 13 5 32 12 14 3 6 10 30 5 23.1052169799804688 64.5503653266994064 
12 27 8 1 32 1 10 16.1354543567662532 4 16 19 7 18 31 2.70999124060388841 11 24 8 3.36768017929769181 11 11 13 22 13 15 32 12 2 1 9 6 9 7 17 31 5 10 15 3 3 2 1 16 4 2 9 6 2.70999124060388841 1 14 13 5 32 12 14 3 6 10 30 5 25.3144178986549377 61.1848265590989726 
4 17 12 1 32 1 10 16.1354543567662532 4 16 19 7 18 31 2.70999124060388841 11 24 8 3.36768017929769181 11 11 13 22 13 15 32 12 2 1 9 6 9 7 17 31 5 10 15 3 3 2 1 16 4 2 9 6 12 1 14 13 5 32 12 14 3 6 10 30 5 24.1414598226547241 61.3385955887757959 
1 3 2 15 25 6 6 16 11 4 3 6 4 5 13 14 1 10 17 19 11 13 30 5 2 12 13 6 16 4 3.36768017929769181 15 5 17 12 8 8 32 2 6 24 6.96245171630185755 16 26 13 11 26 8 1 6 7 6 9 7 4.94126535182462057 24 6 6 12 8 17.7794357538223267 218.256262504637107 
13 12 10 4 19 4 6 11 2.70999124060388841 6 16.1354543567662532 5 4 24 13 10 6 7 4.94126535182462057 23 10 14 26 7 3 1 9.82524131762891173 6 12 13.151007650947605 15 26 2 17 24 13 14 8 2 16 12 13 9 33 3 12 15 1 3 5 7.75241283629571765 1.62229798836725392 31 1 6 15 4 14 8 2 18.6155945956707001 180.073154792014918 
4 12 11 1 32 1 10 16.1354543567662532 4 16 19 7 18 31 2.70999124060388841 11 24 8 3.36768017929769181 11 11 13 22 13 15 32 12 2 1 9 6 9 7 17 31 5 10 15 3 3 2 1 16 23 2 9 6 12 1 14 13 5 32 12 14 3 6 10 30 5 22.0152809023857117 64.6026023684882915 
12 27 8 1 32 1 10 16.1354543567662532 4 16 19 7 18 31 2.70999124060388841 11 24 8 3.36768017929769181 11 11 13 22 13 15 32 12 2 1 9 6 9 7 17 31 5 10 15 3 3 2 1 16 4 2 9 6 12 1 14 13 5 32 12 14 3 6 10 30 5 25.3684039115905762 59.6160841945673141 
12 27 8 1 32 1 10 16.1354543567662532 4 16 19 7 18 31 2.70999124060388841 11 24 8 3.36768017929769181 11 11 13 22 13 15 32 12 2 1 9 6 9 7 17 31 5 10 15 3 3 2 1 4 26 2 9 6 12 1 14 13 5 32 12 14 3 6 10 30 5 23.133341908454895 64.293667588175083 
4 12 6 1 32 1 16 6 5 16 19 7 18 31 2.70999124060388841 11 24 8 3.36768017929769181 11 11 13 22 13 15 32 12 2 1 9 6 9 7 17 31 5 10 15 3 3 2 1 12 20 2 9 6 12 1 14 13 5 32 12 14 3 6 10 30 5 20.7547948956489563 89.759515460817255 
15 12 9 1 32 1 10 16.1354543567662532 4 16 19 7 18 31 2.70999124060388841 11 24 8 3.36768017929769181 11 11 13 22 13 15 32 12 2 1 9 6 9 7 17 31 5 10 15 3 3 2 1 4 20 13 9 6 12 1 14 13 14 31 7 14 3 6 10 30 5 20.5349057912826538 90.8908949230018095 
12 27 8 1 32 1 10 16.1354543567662532 4 16 19 7 18 31 2.70999124060388841 11 24 8 3.36768017929769181 11 11 13 22 13 15 32 12 2 1 9 6 9 7 17 31 5 10 15 3 3 2 1 12 19 2.70999124060388841 9 6 12 1 14 13 5 32 12 14 3 6 10 30 5 23.4403098821640015 62.8294073092997181 
4 25 12 1 32 1 10 16.1354543567662532 4 16 19 7 18 31 2.70999124060388841 11 24 8 3.36768017929769181 11 11 13 22 13 15 32 12 2 1 9 6 9 7 17 31 5 10 15 3 3 2 1 16 16 2.70999124060388841 9 6 12 1 14 13 5 32 12 14 3 6 10 30 5 21.9116417765617371 69.2343681615741957 
12 27 8 1 32 1 10 16.1354543567662532 4 16 19 7 18 31 2.70999124060388841 4 24 2 3.36768017929769181 11 11 13 22 13 15 32 12 2 1 9 6 9 7 17 31 5 10 15 3 3 2 1 16 4 2 9 6 12 1 14 13 5 32 12 14 3 6 10 30 5 24.6657090187072754 61.2778345683716594 
4 5.34074699537910114 8 1 32 1 10 16.1354543567662532 4 16 19 7 18 31 2.70999124060388841 11 24 8 3.36768017929769181 11 11 13 22 13 15 32 12 2 1 9 6 9 7 17 31 5 10 15 3 3 2 1 16 4 2 9 6 12 1 14 13 5 32 12 14 3 6 10 30 5 23.9882547855377197 62.2796183970026291 
1 31 12 14 6 1 10 16.1354543567662532 4 16 19 7 4 1 3 11 24 8 3.36768017929769181 11 11 13 22 13 15 32 12 2 1 9 6 9 7 17 31 5 10 15 3 3 2 1 14 24 2.70999124060388841 9 6 12 1 14 13 5 32 12 14 3 6 10 30 5 20.1426117420196533 96.6084485822209729 
4 20 11 1 32 1 10 16.1354543567662532 4 16 19 7 18 31 2.70999124060388841 11 24 8 3.36768017929769181 11 11 13 22 13 15 32 12 2 1 9 6 9 7 17 31 5 10 15 3 3 2 1 16 4 2 9 6 12 1 14 13 5 32 12 14 3 6 10 30 5 23.7319988608360291 62.3511874226442089 
3.36768017929769181 12 8 1 32 1 10 16.1354543567662532 4 16 19 7 18 31 2.70999124060388841 11 24 8 3.36768017929769181 11 11 13 22 13 15 32 12 2 1 9 6 9 7 17 31 5 10 15 3 3 2 1 12 26 12 9 6 12 1 14 13 5 32 12 14 3 6 10 30 5 21.769903838634491 70.5002061161707729 
12 27 8 1 32 1 10 16.1354543567662532 4 16 19 7 18 31 2.70999124060388841 11 24 8 3.36768017929769181 11 11 13 22 13 15 32 12 2 1 9 6 9 7 17 31 5 10 15 3 3 2 1 16 19 2 9 6 12 1 14 13 5 32 12 14 3 6 10 30 5 23.3886458873748779 63.4003871743385616 
14 14 9 15 3 7 10 26 1 13 16 11 4 15 2 12 31 4 1 12 12 12 26 2 8 13 8 8 1 9 14 2 13 8 25 4 1 24 10 15 1 12 14 5 2 2 19 5 15 24 13 16 19 4 17 1 9 3 30 8 17.9091744422912598 213.17605776576363 

MOEA/D: Multiobjective Evolutionary Algorithm Based on Decomposition
Number of Evaluations = 100000000
Mutation Probability = 0.0500000007450580597
Population Size = 25
Neighborhood size = 4
Seed: 13

Time =  225956.266337000008

Current Evaluation = 100000000
Front Size = 41
10 11 11 4 13 12 3 31 6 14 14 2.70999124060388841 16 24 6 15 6 13 14 13 7 2 26 11 3 32 4 13 12 2 13 24 9 1 1 4 6 1 11 17 31 5 12 6 9 15 18 6.96245171630185755 16 32 11 6 12 3.84646942076222631 14 16 8 9 9 11 17.3462559580802917 220.615412305272969 
15 26 8 1 32 1 10 16.1354543567662532 4 16 19 7 18 31 2.70999124060388841 3.36768017929769181 6 2 4 25 12 13 22 13 14 12 8 2 1 9 6 9 7 17 31 5 10 15 3 3 2 1 16 20 5 9 6 12 1 14 13 5 32 12 14 3 6 10 30 5 20.2873849868774414 96.4262539616470917 
16 17 2 3.36768017929769181 1 3 13 26 1 14 25 2 2 24 5 1 26 11 3 31 6 1 32 7 10 26 9 14 6 12 13 8 7 2 14 4 10 24 6.96245171630185755 4.94126535182462057 16 2 6 30 12 2 2 4 15 14 7 13.2195649013323386 13 4 9 6 13.151007650947605 6 5 6 18.4464386701583862 197.972333643852608 
6 30 2 1 32 1 10 16.1354543567662532 4 16 19 7 4 30 2 11 24 8 3.36768017929769181 11 11 1 5 13 14 12 8 2 1 9 6 9 7 17 31 5 10 15 3 3 2 1 15 32 10 9 6 12 1 14 13 5 32 12 14 3 6 10 30 5 19.9143338799476624 106.08062548323754 
3 12 8 1 32 1 10 16.1354543567662532 4 16 19 7 18 31 2.70999124060388841 11 24 8 3.36768017929769181 11 11 13 22 13 14 12 8 2 1 9 6 9 7 17 31 5 10 15 3 3 2 1 12 26 1 9 6 12 1 14 13 5 32 12 14 3 6 10 30 5 21.6696288585662842 70.7762608325045193 
4 20 11 1 32 1 10 16.1354543567662532 4 16 19 7 18 31 2.70999124060388841 11 24 8 3.36768017929769181 11 11 13 22 13 14 12 8 2 1 9 6 9 7 17 31 5 10 15 3 3 2 1 4 13 1 9 6 12 2 15 2 14 24 11 14 3 6 10 30 5 20.9697887897491455 87.8629478584763461 
14 20 7 1 32 1 15 26 5 16 19 7 18 31 2.70999124060388841 11 24 8 3.36768017929769181 11 11 13 22 13 14 12 8 2 1 9 6 9 7 17 31 5 1 6 10 3 2 1 4 25 4 9 6 12 1 14 13 5 32 12 14 3 6 10 30 5 19.4634838104248047 125.130830831312579 
14 20 8 1 32 1 10 16.1354543567662532 4 16 19 7 18 31 2.70999124060388841 11 24 8 3.36768017929769181 11 11 13 22 13 14 12 8 2 1 9 6 9 7 17 31 5 10 15 3 3 2 1 13 12 2.70999124060388841 9 6 12 1 14 13 5 32 12 14 3 6 10 30 5 21.0321168303489685 87.4771163591049401 
8 28 1 12 5.34074699537910114 6 17 26 10 14 16.1354543567662532 3.84646942076222631 17 26 1 6 15 7 13.2195649013323386 32 13.151007650947605 3 1 4 14 19 4 6 25 8 3 5 12 15 26 9 6 19 1 3 5 11 17 15 6 15 1 9 8 9 9 4 6 2 9 24 13 16 8 2 18.5004357099533081 192.800270137539826 
16 23 2 1 32 1 10 16.1354543567662532 4 16 19 7 18 31 2.70999124060388841 16 24 12 3.36768017929769181 11 11 13 22 13 14 12 8 2 1 9 6 9 7 17 31 5 10 15 3 3 2 1 4 26 2 9 6 12 1 14 13 5 32 12 14 3 6 10 30 5 21.1829869151115417 80.8894724302001862 
9 5.34074699537910114 6 9.25570237641795579 6 5 6 32 11 4.94126535182462057 30 3 10 2 11 5 1 2 15 20 9 2 6 7 1 1 13 16 3 12 3 19 9.82524131762891173 17 26 10 13 6 1 1 28 5 16 16 1 12 24 6 13 3 13 14 8 11 15 15 13.151007650947605 1 25 10 19.2884418368339539 179.866207935171701 
2 26 10 6 24 4 4 5 2 14 7 3 13 1 5 8 32 12 15 8 13 9 15 6 3.36768017929769181 6 4 6 24 12 9 15 8 15 31 13 17 9 6 9.25570237641795579 1 9 13 2 8 15 20 3.84646942076222631 12 2 4 12 6 11 16 24 13 16 15 10 18.1849819421768188 204.351506439896525 
14 1 5 1 32 1 10 16.1354543567662532 4 16 19 7 18 31 2.70999124060388841 11 24 8 3.36768017929769181 11 11 13 22 13 14 12 8 2 1 9 6 9 7 17 31 5 10 15 3 3 2 1 4 26 2 9 6 12 1 14 13 5 32 12 14 3 6 10 30 5 21.0738028883934021 83.9481422882318213 
14 17 9 1 32 1 10 16.1354543567662532 4 16 19 7 18 31 2.70999124060388841 11 24 8 3.36768017929769181 11 11 13 22 13 14 12 8 2 1 9 6 9 7 17 31 5 10 15 3 3 2 1 4 24 2 9 6 12 1 14 13 5 32 12 14 3 6 10 30 5 21.28666090965271 75.4788950179996618 
3.36768017929769181 12 12 1 32 1 10 16.1354543567662532 4 16 19 7 18 31 2.70999124060388841 11 24 8 3.36768017929769181 11 11 13 22 13 14 12 8 2 1 9 6 9 7 17 31 5 10 15 3 3 2 1 16 26 2 9 6 12 1 14 13 5 32 12 14 3 6 10 30 5 21.4407788515090942 71.7485732920366672 
13 25 7 1 32 1 10 16.1354543567662532 4 16 19 7 18 31 2.70999124060388841 11 24 8 3.36768017929769181 11 11 13 22 13 14 12 8 2 1 9 6 9 7 17 31 5 10 15 3 3 2 1 12 26 2.70999124060388841 9 6 12 1 14 13 5 32 12 14 3 6 10 30 5 21.2701978087425232 79.835406845341808 
4 6 3 1 32 1 10 16.1354543567662532 4 16 19 7 6 31 9 11 24 8 3.36768017929769181 11 11 13 22 13 14 12 8 2 1 9 6 9 7 17 31 5 10 15 3 3 2 1 15 30 13 9 6 12 1 14 13 16 2 2.70999124060388841 14 3 6 10 30 5 19.8923718333244324 121.270984059986603 
6 20 4 1 32 1 10 16.1354543567662532 4 16 19 7 18 31 2.70999124060388841 11 24 8 3.36768017929769181 11 11 13 22 13 14 12 8 2 1 9 6 9 7 17 31 5 10 15 3 3 2 1 4 24 2.70999124060388841 9 6 12 1 14 13 5 32 12 14 3 6 10 30 5 21.0742919445037842 82.6088863750628661 
3 15 9 1 32 1 10 16.1354543567662532 4 16 19 7 14 30 13 11 24 8 3.36768017929769181 11 11 13 22 13 14 12 8 2 1 9 6 9 7 17 31 5 10 15 3 3 2 1 4 6 2 9 6 12 1 14 13 5 32 12 14 3 6 10 30 5 20.0860588550567627 101.817392311886991 
15 13 10 1 32 1 10 16.1354543567662532 4 16 19 7 9 26 2.70999124060388841 11 24 8 3.36768017929769181 11 11 13 22 13 14 12 8 2 1 9 6 9 7 17 31 5 10 15 3 3 2 1 16 19 2 9 6 12 1 14 13 5 32 12 14 3 6 10 30 5 21.1743138432502747 81.9485441926067324 
12 31 7 1 32 1 10 16.1354543567662532 4 16 19 7 14 9 12 11 24 8 3.36768017929769181 11 11 13 22 13 14 12 8 2 1 9 6 9 7 17 31 5 8 12 9 4 24 7 2 1 2 9 6 12 1 14 13 5 32 12 14 3 6 10 30 5 19.3961237668991089 143.179472357601043 
9 20 4 15 15 11 4 11 7 15 9 1 14 32 4 9 15 4 14 1 8 1 14 2.70999124060388841 12 16 5 14 30 10 17 19 2 12 25 4 9 12 7 14 25 12 1 30 6.96245171630185755 2 24 2 4.94126535182462057 20 9 8 22 2 13 18 12 14 12 9.82524131762891173 16.7211297452449799 230.982187746893601 
12 27 8 1 32 1 10 16.1354543567662532 4 16 19 7 18 31 2.70999124060388841 11 24 8 3.36768017929769181 11 11 13 22 13 15 32 12 2 1 9 6 9 7 17 31 5 10 15 3 3 2 1 16 24 2.70999124060388841 9 6 12 1 14 13 5 32 12 14 3 6 10 30 5 23.1052169799804688 64.5503653266994064 
12 27 8 1 32 1 10 16.1354543567662532 4 16 19 7 18 31 2.70999124060388841 11 24 8 3.36768017929769181 11 11 13 22 13 15 32 12 2 1 9 6 9 7 17 31 5 10 15 3 3 2 1 16 4 2 9 6 2.70999124060388841 1 14 13 5 32 12 14 3 6 10 30 5 25.3144178986549377 61.1848265590989726 
4 17 12 1 32 1 10 16.1354543567662532 4 16 19 7 18 31 2.70999124060388841 11 24 8 3.36768017929769181 11 11 13 22 13 15 32 12 2 1 9 6 9 7 17 31 5 10 15 3 3 2 1 16 4 2 9 6 12 1 14 13 5 32 12 14 3 6 10 30 5 24.1414598226547241 61.3385955887757959 
1 3 2 15 25 6 6 16 11 4 3 6 4 5 13 14 1 10 17 19 11 13 30 5 2 12 13 6 16 4 3.36768017929769181 15 5 17 12 8 8 32 2 6 24 6.96245171630185755 16 26 13 11 26 8 1 6 7 6 9 7 4.94126535182462057 24 6 6 12 8 17.7794357538223267 218.256262504637107 
13 12 10 4 19 4 6 11 2.70999124060388841 6 16.1354543567662532 5 4 24 13 10 6 7 4.94126535182462057 23 10 14 26 7 3 1 9.82524131762891173 6 12 13.151007650947605 15 26 2 17 24 13 14 8 2 16 12 13 9 33 3 12 15 1 3 5 7.75241283629571765 1.62229798836725392 31 1 6 15 4 14 8 2 18.6155945956707001 180.073154792014918 
4 12 11 1 32 1 10 16.1354543567662532 4 16 19 7 18 31 2.70999124060388841 11 24 8 3.36768017929769181 11 11 13 22 13 15 32 12 2 1 9 6 9 7 17 31 5 10 15 3 3 2 1 16 23 2 9 6 12 1 14 13 5 32 12 14 3 6 10 30 5 22.0152809023857117 64.6026023684882915 
12 27 8 1 32 1 10 16.1354543567662532 4 16 19 7 18 31 2.70999124060388841 11 24 8 3.36768017929769181 11 11 13 22 13 15 32 12 2 1 9 6 9 7 17 31 5 10 15 3 3 2 1 16 4 2 9 6 12 1 14 13 5 32 12 14 3 6 10 30 5 25.3684039115905762 59.6160841945673141 
12 27 8 1 32 1 10 16.1354543567662532 4 16 19 7 18 31 2.70999124060388841 11 24 8 3.36768017929769181 11 11 13 22 13 15 32 12 2 1 9 6 9 7 17 31 5 10 15 3 3 2 1 4 26 2 9 6 12 1 14 13 5 32 12 14 3 6 10 30 5 23.133341908454895 64.293667588175083 
4 12 6 1 32 1 16 6 5 16 19 7 18 31 2.70999124060388841 11 24 8 3.36768017929769181 11 11 13 22 13 15 32 12 2 1 9 6 9 7 17 31 5 10 15 3 3 2 1 12 20 2 9 6 12 1 14 13 5 32 12 14 3 6 10 30 5 20.7547948956489563 89.759515460817255 
15 12 9 1 32 1 10 16.1354543567662532 4 16 19 7 18 31 2.70999124060388841 11 24 8 3.36768017929769181 11 11 13 22 13 15 32 12 2 1 9 6 9 7 17 31 5 10 15 3 3 2 1 4 20 13 9 6 12 1 14 13 14 31 7 14 3 6 10 30 5 20.5349057912826538 90.8908949230018095 
12 27 8 1 32 1 10 16.1354543567662532 4 16 19 7 18 31 2.70999124060388841 11 24 8 3.36768017929769181 11 11 13 22 13 15 32 12 2 1 9 6 9 7 17 31 5 10 15 3 3 2 1 12 19 2.70999124060388841 9 6 12 1 14 13 5 32 12 14 3 6 10 30 5 23.4403098821640015 62.8294073092997181 
4 25 12 1 32 1 10 16.1354543567662532 4 16 19 7 18 31 2.70999124060388841 11 24 8 3.36768017929769181 11 11 13 22 13 15 32 12 2 1 9 6 9 7 17 31 5 10 15 3 3 2 1 16 16 2.70999124060388841 9 6 12 1 14 13 5 32 12 14 3 6 10 30 5 21.9116417765617371 69.2343681615741957 
12 27 8 1 32 1 10 16.1354543567662532 4 16 19 7 18 31 2.70999124060388841 4 24 2 3.36768017929769181 11 11 13 22 13 15 32 12 2 1 9 6 9 7 17 31 5 10 15 3 3 2 1 16 4 2 9 6 12 1 14 13 5 32 12 14 3 6 10 30 5 24.6657090187072754 61.2778345683716594 
4 5.34074699537910114 8 1 32 1 10 16.1354543567662532 4 16 19 7 18 31 2.70999124060388841 11 24 8 3.36768017929769181 11 11 13 22 13 15 32 12 2 1 9 6 9 7 17 31 5 10 15 3 3 2 1 16 4 2 9 6 12 1 14 13 5 32 12 14 3 6 10 30 5 23.9882547855377197 62.2796183970026291 
1 31 12 14 6 1 10 16.1354543567662532 4 16 19 7 4 1 3 11 24 8 3.36768017929769181 11 11 13 22 13 15 32 12 2 1 9 6 9 7 17 31 5 10 15 3 3 2 1 14 24 2.70999124060388841 9 6 12 1 14 13 5 32 12 14 3 6 10 30 5 20.1426117420196533 96.6084485822209729 
4 20 11 1 32 1 10 16.1354543567662532 4 16 19 7 18 31 2.70999124060388841 11 24 8 3.36768017929769181 11 11 13 22 13 15 32 12 2 1 9 6 9 7 17 31 5 10 15 3 3 2 1 16 4 2 9 6 12 1 14 13 5 32 12 14 3 6 10 30 5 23.7319988608360291 62.3511874226442089 
3.36768017929769181 12 8 1 32 1 10 16.1354543567662532 4 16 19 7 18 31 2.70999124060388841 11 24 8 3.36768017929769181 11 11 13 22 13 15 32 12 2 1 9 6 9 7 17 31 5 10 15 3 3 2 1 12 26 12 9 6 12 1 14 13 5 32 12 14 3 6 10 30 5 21.769903838634491 70.5002061161707729 
12 27 8 1 32 1 10 16.1354543567662532 4 16 19 7 18 31 2.70999124060388841 11 24 8 3.36768017929769181 11 11 13 22 13 15 32 12 2 1 9 6 9 7 17 31 5 10 15 3 3 2 1 16 19 2 9 6 12 1 14 13 5 32 12 14 3 6 10 30 5 23.3886458873748779 63.4003871743385616 
14 14 9 15 3 7 10 26 1 13 16 11 4 15 2 12 31 4 1 12 12 12 26 2 8 13 8 8 1 9 14 2 13 8 25 4 1 24 10 15 1 12 14 5 2 2 19 5 15 24 13 16 19 4 17 1 9 3 30 8 17.9091744422912598 213.17605776576363 

