Current Evaluation = 10000000(10000080)
Front Size = 47
15 18 6 8 1 9 12 6 10 9 14 2 15 25 3 14 25 10 4 3 2.70999124060388841 9.25570237641795579 3 11 15 6 2 15 12 3 14 23 5 13 25 4 3 30 6 14 16 5 4.94126535182462057 30 10 13.2195649013323386 12 13 15 6 4 12 2 13 16 3 3 11 30 13 17.8701289892196655 263.491786807963251 
5 16 4 4 18 11 9 24 12 16 2 2 17 5.34074699537910114 6 6 22 10 14 32 4 10 30 1 17 9 8 3.36768017929769181 17 12 18 6 13 12 11 7 6 3 5 13 2 12 14 15 6 1 30 2 1 5 10 11 24 12 9 6 10 3.36768017929769181 20 11 20.7864191234111786 132.18363586129675 
5 16 4 4 18 11 9 24 12 16 2 2 18 26 2 6 22 10 14 32 4 10 30 1 17 9 8 3.36768017929769181 17 12 18 6 13 12 11 7 6 3 5 5 28 2 14 32 1 1 30 2 18 29 1 11 24 12 9 6 10 3.36768017929769181 20 11 24.1421001851558685 67.1126421588462279 
12 6 5 4 18 11 9 24 12 16 2 2 14 17 8 6 22 10 14 32 4 10 30 1 17 9 8 3.36768017929769181 17 12 18 6 13 12 11 7 6 3 5 5 28 2 14 22 3 3 12 13 14 6 3 2 30 9 9 6 10 3.36768017929769181 20 11 20.3345797955989838 134.763841619993087 
2 25 3 4 18 11 9 24 12 16 2 2 18 26 2 6 22 10 14 32 4 10 30 1 17 9 8 3.36768017929769181 17 12 18 6 13 12 11 7 6 3 5 5 28 2 2 32 4 1 30 2 13 16 3 11 24 12 9 6 10 3.36768017929769181 20 11 22.1066490709781647 82.3571497972537259 
5 16 4 4 18 11 9 24 12 16 2 2 1 26 7 6 22 10 14 32 4 10 30 1 17 9 8 3.36768017929769181 17 12 18 6 13 12 11 7 6 3 5 5 28 2 17 1 11 1 30 2 15 32 8 11 24 12 9 6 10 3.36768017929769181 20 11 21.4136430323123932 97.02544436240089 
5 16 4 4 18 11 9 24 12 16 2 2 18 26 2 6 22 10 14 32 4 10 30 1 17 9 8 3.36768017929769181 17 12 14 26 2.70999124060388841 12 11 7 6 3 5 5 28 2 1 31 3 1 30 2 6 25 9 11 24 12 9 6 10 3.36768017929769181 20 11 21.0354780852794647 115.553046546102664 
5 16 4 4 18 11 9 24 12 16 2 2 18 26 2 6 22 10 14 32 4 10 30 1 17 9 8 3.36768017929769181 17 12 18 6 13 12 11 7 6 3 5 5 28 2 2 32 1 1 30 2 17 31 4 11 24 12 9 6 10 3.36768017929769181 20 11 22.4676741659641266 80.1003021975489276 
5 16 4 4 18 11 9 24 12 16 2 2 18 26 2 6 22 10 14 32 4 10 30 1 17 9 8 3.36768017929769181 17 12 12 30 8 4 5.34074699537910114 13 6 3 5 5 28 2 14 25 1 1 30 2 14 9 6.96245171630185755 11 24 12 9 6 10 3.36768017929769181 20 11 21.2341911494731903 110.63061095679781 
5 16 4 4 18 11 9 24 12 16 2 2 18 26 2 6 22 10 14 32 4 10 30 1 17 9 8 3.36768017929769181 17 12 18 6 13 12 11 7 6 3 5 5 28 2 14 18 7 1 30 2 6 15 4 11 24 12 9 6 10 3.36768017929769181 20 11 22.0794991552829742 88.1676904794551746 
14 14 11 14 26 1 11 25 4 3 30 9 6 5 9 14 19 13 17 24 9 12 18 10 1 6 12 8 30 11 15 21 3 2 12 7 2 1 13 9 32 1 14 18 11 17 20 4 1 24 2 4 30 2 3.36768017929769181 6 1 13 19 11 17.9015458226203918 229.479111033445406 
5 16 4 4 18 11 9 24 12 16 2 2 18 26 2 6 22 10 14 32 4 10 30 1 17 9 8 3.36768017929769181 17 12 14 25 9 12 11 7 6 3 5 5 28 2 17 31 7 1 30 2 6 20 13 11 24 12 9 6 10 3.36768017929769181 20 11 20.984883040189743 116.144906628311929 
17 1 5 4 18 11 9 24 12 16 2 2 18 26 2 6 22 10 14 32 4 10 30 1 17 9 8 3.36768017929769181 17 12 18 6 13 12 11 7 6 3 5 5 28 2 14 1 7 1 30 2 10 15 7 11 24 12 9 6 10 3.36768017929769181 20 11 21.7454570829868317 91.4103017578627117 
5 16 4 4 18 11 9 24 12 16 2 2 18 26 2 6 22 10 14 32 4 10 30 1 17 9 8 3.36768017929769181 17 12 18 6 13 12 11 7 6 3 5 1 12 13 13 15 6 1 30 2 14 20 9 11 24 12 9 6 10 3.36768017929769181 20 11 20.8702241480350494 126.778106574349337 
14 23 12 13 20 5 8 13 2.70999124060388841 13 15 7 15 24 11 15 20 3 13 11 7 1 13 12 1 20 7 9 25 6 3 24 7 13 24 5 10 20 9 14 17 2 4 12 6.96245171630185755 10 24 12 17 24 5 14 22 7 13 20 9 16 26 5 17.5145756602287292 332.822594708353222 
5 16 4 4 18 11 12 12 13 16 2 2 18 26 2 6 22 10 15 32 1 10 15 1 17 9 8 3.36768017929769181 17 12 18 6 13 12 11 7 6 3 5 5 28 2 15 32 1 1 30 2 18 29 1 11 24 12 9 6 10 3.36768017929769181 20 11 24.892065167427063 61.9826651188409272 
5 16 4 4 18 11 12 12 13 16 2 2 18 26 2 6 22 10 15 32 1 10 15 1 17 9 8 3.36768017929769181 17 12 18 6 13 12 11 7 6 3 5 10 1 6 16 15 2 1 30 2 1 3 2 11 24 12 9 6 10 3.36768017929769181 20 11 22.5240421891212463 79.7773227415464845 
5 16 4 4 18 11 12 12 13 16 2 2 18 26 2 6 22 10 15 32 1 10 15 1 17 9 8 3.36768017929769181 17 12 18 6 13 12 11 7 6 3 5 5 28 2 14 31 6 1 30 2 18 29 1 11 24 12 9 6 10 3.36768017929769181 20 11 24.5962901711463928 63.9221194252197904 
5 16 4 4 18 11 12 12 13 16 2 2 18 26 2 6 22 10 15 32 1 10 15 1 17 9 8 3.36768017929769181 17 12 18 6 13 12 11 7 6 3 5 5 28 2 2 32 2.70999124060388841 1 30 2 4 16 8 11 24 12 9 6 10 3.36768017929769181 20 11 23.3739380240440369 70.4453683018643773 
5 16 4 4 18 11 12 12 13 16 2 2 18 26 2 6 22 10 15 32 1 10 15 1 17 9 8 3.36768017929769181 17 12 18 6 13 12 11 7 6 3 5 5 28 2 14 32 2.70999124060388841 1 30 2 2 32 9 11 24 12 9 6 10 3.36768017929769181 20 11 22.5917870998382568 78.4865394118286019 
5 16 4 4 18 11 12 12 13 16 2 2 18 26 2 6 22 10 15 32 1 10 15 1 17 9 8 3.36768017929769181 17 12 18 6 13 12 11 7 6 3 5 5 28 2 14 10 1 1 30 2 18 29 1 11 24 12 9 6 10 3.36768017929769181 20 11 27.3258201479911804 57.3860060073870955 
5 16 4 4 18 11 12 12 13 16 2 2 18 26 2 6 22 10 15 32 1 10 15 1 17 9 8 3.36768017929769181 17 12 18 6 13 12 11 7 6 3 5 5 28 2 15 1 4 1 30 2 18 29 1 11 24 12 9 6 10 3.36768017929769181 20 11 24.7102951407432556 63.6913101775848247 
5 16 4 4 18 11 12 12 13 16 2 2 18 26 2 6 22 10 15 32 1 10 15 1 17 9 8 3.36768017929769181 17 12 18 6 13 12 11 7 6 3 5 5 28 2 15 18 1 1 30 2 18 29 1 11 24 12 9 6 10 3.36768017929769181 20 11 25.06759113073349 61.7548076140059905 
17 24 2.70999124060388841 15 16.1354543567662532 2 14 25 3.84646942076222631 4 33 7 14 6 7 8 17 5 17 20 9 2 30 2 6 16 5 13 9 1 13 6 11 8 22 11 4 24 12 3 26 8 5 23.4025356524426229 13.151007650947605 17 30 6 2 12 7.75241283629571765 14 8 4 4 12 4 14 1 10 18.3786389827728271 198.218355657530651 
5 16 4 4 18 11 12 12 13 16 2 2 18 26 2 6 22 10 15 32 1 10 15 1 17 9 8 3.36768017929769181 17 12 18 6 13 12 11 7 6 3 5 5 28 2 16 32 4 1 30 2 14 15 11 11 24 12 9 6 10 3.36768017929769181 20 11 22.61561119556427 75.7893051393051422 
5 16 4 4 18 11 12 12 13 16 2 2 14 1 7 6 22 10 15 32 1 10 15 1 17 9 8 3.36768017929769181 17 12 18 6 13 12 11 7 6 3 5 5 28 2 15 18 10 1 30 2 15 18 12 11 24 12 9 6 10 3.36768017929769181 20 11 21.9963980913162231 88.7742456374035385 
5 16 4 4 18 11 12 12 13 16 2 2 18 26 2 6 22 10 15 32 1 10 15 1 17 9 8 3.36768017929769181 17 12 18 6 13 12 11 7 6 3 5 5 28 2 15 2 6 1 30 2 14 19 2.70999124060388841 11 24 12 9 6 10 3.36768017929769181 20 11 23.1884471774101257 71.159350940885048 
14 1 7 4 18 11 12 12 13 16 2 2 18 26 2 6 22 10 15 32 1 10 15 1 17 9 8 3.36768017929769181 17 12 18 6 13 12 11 7 6 3 5 5 28 2 14 31 3 1 30 2 18 29 1 11 24 12 9 6 10 3.36768017929769181 20 11 23.5424560904502869 69.0805506828511113 
5 16 4 4 18 11 12 12 13 16 2 2 18 26 2 6 22 10 15 32 1 10 15 1 17 9 8 3.36768017929769181 17 12 18 6 13 12 11 7 6 3 5 15 2 2 14 10 1 1 30 2 18 29 1 11 24 12 9 6 10 3.36768017929769181 20 11 26.5191012024879456 59.5825286213233554 
5 16 4 4 18 11 12 12 13 16 2 2 18 26 2 6 22 10 15 32 1 10 15 1 17 9 8 3.36768017929769181 17 12 18 6 13 12 11 7 6 3 5 16 2 2.70999124060388841 14 10 1 1 30 2 18 29 1 11 24 12 9 6 10 3.36768017929769181 20 11 26.5368421673774719 59.3831246172662262 
5 16 4 4 18 11 12 12 13 16 2 2 18 26 2 6 22 10 15 32 1 10 15 1 17 9 8 3.36768017929769181 17 12 18 6 13 12 11 7 6 3 5 5 28 2 17 3 4 1 30 2 14 19 1 11 24 12 9 6 10 3.36768017929769181 20 11 23.0947542190551758 73.9286454961577704 
5 3 2 6 30 13 17 7 7 3.36768017929769181 32 9 10 19 4 10 28 5 16 20 6 4 16.1354543567662532 1 17 8 12 14 12 4 14 30 11 4.94126535182462057 32 10 1 12 13 14 17 4 1 31 9 11 19 1 16 18 1 2 12 7 1 22 7 14 26 4 19.7427577972412109 186.640312095519278 
1 6 2 6 12 12 14 31 7 2 5 1 12 24 11 16 32 2 3.36768017929769181 6 11 3 16.1354543567662532 4 4.94126535182462057 2 6 12 26 9.82524131762891173 1 8 12 5 31.8448655754823804 11 8 11 2 15 28 7 1 24 6 6 15 10 10.3494946964094545 30 13 12 16 7 9 9 2 4 30 2 19.3221497535705566 189.03995713802891 
5 16 4 4 18 11 12 12 13 16 2 2 18 26 2 6 22 10 15 32 1 10 15 1 17 9 8 3.36768017929769181 17 12 18 6 13 12 11 7 6 3 5 5 28 2 15 16 2.70999124060388841 1 30 2 18 29 1 11 24 12 9 6 10 3.36768017929769181 20 11 25.1034521460533142 61.3204383084198668 
3 16 4 8 1 9 14 22 11 2 31 5 14 26 12 16 32 2 9 18 13 2 8 6 13 5 10 12 31 10 9 26 2.70999124060388841 1 28 1 15 32 5 9 24 10 16 32 8 17 5 4 16 31 8 4 24 12 1 14 7 14 17 4 18.707673966884613 192.604675879675909 
5 16 4 4 18 11 12 12 13 16 2 2 18 26 2 6 22 10 15 32 1 10 15 1 17 9 8 3.36768017929769181 17 12 18 6 13 12 11 7 6 3 5 5 28 2 14 32 4 1 30 2 18 29 1 11 24 12 9 6 10 3.36768017929769181 20 11 24.4464931786060333 64.4751350873641798 
5 16 4 4 18 11 12 12 13 16 2 2 18 26 2 6 22 10 15 32 1 10 15 1 17 9 8 3.36768017929769181 17 12 18 6 13 12 11 7 6 3 5 5 28 2 2 1 3 1 30 2 14 32 7 11 24 12 9 6 10 3.36768017929769181 20 11 22.7140271067619324 74.7477552779619145 
14 6 3 4 18 11 12 12 13 16 2 2 18 26 2 6 22 10 15 32 1 10 15 1 17 9 8 3.36768017929769181 17 12 18 6 13 12 11 7 6 3 5 5 28 2 2 32 6 1 30 2 12 15 5 11 24 12 9 6 10 3.36768017929769181 20 11 22.108240008354187 81.9721776215752271 
5 16 4 4 18 11 12 12 13 16 2 2 18 26 2 6 22 10 15 32 1 10 15 1 17 9 8 3.36768017929769181 17 12 18 6 13 12 11 7 6 3 5 5 28 2 14 10 1 1 30 2 18 29 1 11 24 12 4 1 10 3.36768017929769181 20 11 27.2220690846443176 57.8389158053338619 
5 16 4 4 18 11 12 12 13 16 2 2 14 24 7 6 22 10 15 32 1 10 15 1 17 9 8 3.36768017929769181 17 12 18 6 13 12 11 7 6 3 5 5 28 2 14 10 1 1 30 2 18 29 1 11 24 12 9 6 10 3.36768017929769181 20 11 26.0964590907096863 60.2229153838313493 
5 16 4 4 18 11 12 12 13 16 2 2 18 26 2 6 22 10 15 32 1 10 15 1 17 9 8 3.36768017929769181 17 12 18 6 13 12 11 7 6 3 5 5 28 2 15 2 2.70999124060388841 1 30 2 14 1 1 11 24 12 9 6 10 3.36768017929769181 20 11 23.0265181660652161 74.1615995115995332 
5 16 4 4 18 11 12 12 13 16 2 2 18 26 2 6 22 10 15 32 1 10 15 1 17 9 8 3.36768017929769181 17 12 18 6 13 12 11 7 6 3 5 5 28 2 14 32 2 1 30 2 16 6 7 11 24 12 9 6 10 3.36768017929769181 20 11 22.45228511095047 81.2090187590187753 
5 16 4 4 18 11 12 12 13 16 2 2 18 26 2 6 22 10 15 32 1 10 15 1 17 9 8 3.36768017929769181 17 12 18 6 13 12 11 7 6 3 5 5 28 2 16 15 2 1 30 2 18 29 1 11 24 12 9 6 10 3.36768017929769181 20 11 24.8614551424980164 62.1046631126584785 
5 16 4 4 18 11 12 12 13 16 2 2 18 26 2 6 22 10 15 32 1 10 15 1 17 9 8 3.36768017929769181 17 12 18 6 13 12 11 7 6 3 5 5 28 2 14 31 9 1 30 2 18 29 1 11 24 12 9 6 10 3.36768017929769181 20 11 24.428266167640686 66.8867952145616158 
5 16 4 4 18 11 12 12 13 16 2 2 18 26 2 6 22 10 15 32 1 10 15 1 17 9 8 3.36768017929769181 17 12 18 6 13 9 1 4 6 3 5 5 28 2 14 10 1 1 30 2 18 29 1 11 24 12 9 6 10 3.36768017929769181 20 11 27.0634810924530029 59.0866818454803422 
5 16 4 4 18 11 12 12 13 16 2 2 18 26 2 6 22 10 15 32 1 10 15 1 17 9 8 3.36768017929769181 17 12 18 6 13 12 11 7 6 3 5 5 28 2 15 1 10 1 30 2 18 29 1 11 24 12 9 6 10 3.36768017929769181 20 11 24.7842951416969299 63.0319035473082963 
1 14 1 4 32 6 3 2 12 14 26 10 15 1 3 4 24 11 17 31 2.70999124060388841 14 16.1354543567662532 10 16 20 12 13 18 4 18 33 2 14 23 1 1 20 11 4.94126535182462057 32 10 9 23.4025356524426229 7 8 30 4 12 17 13 15 6 9 2 32 13 5 5 3 20.0358430743217468 170.12810062278146 

Current Evaluation = 20000000(20000160)
Front Size = 43
5 16 4 4 18 11 9 24 12 16 2 2 17 5.34074699537910114 6 6 22 10 14 32 4 10 30 1 17 9 8 3.36768017929769181 17 12 18 6 13 12 11 7 6 3 5 13 2 12 14 15 6 1 30 2 1 5 10 11 24 12 9 6 10 3.36768017929769181 20 11 20.7864191234111786 132.18363586129675 
2 25 3 4 18 11 9 24 12 16 2 2 18 26 2 6 22 10 14 32 4 10 30 1 17 9 8 3.36768017929769181 17 12 18 6 13 12 11 7 6 3 5 5 28 2 2 32 4 1 30 2 13 16 3 11 24 12 9 6 10 3.36768017929769181 20 11 22.1066490709781647 82.3571497972537259 
5 16 4 4 18 11 9 24 12 16 2 2 1 26 7 6 22 10 14 32 4 10 30 1 17 9 8 3.36768017929769181 17 12 18 6 13 12 11 7 6 3 5 5 28 2 17 1 11 1 30 2 15 32 8 11 24 12 9 6 10 3.36768017929769181 20 11 21.4136430323123932 97.02544436240089 
5 16 4 4 18 11 9 24 12 16 2 2 18 26 2 6 22 10 14 32 4 10 30 1 17 9 8 3.36768017929769181 17 12 14 26 2.70999124060388841 12 11 7 6 3 5 5 28 2 1 31 3 1 30 2 6 25 9 11 24 12 9 6 10 3.36768017929769181 20 11 21.0354780852794647 115.553046546102664 
5 16 4 4 18 11 9 24 12 16 2 2 18 26 2 6 22 10 14 32 4 10 30 1 17 9 8 3.36768017929769181 17 12 18 6 13 12 11 7 6 3 5 5 28 2 2 32 1 1 30 2 17 31 4 11 24 12 9 6 10 3.36768017929769181 20 11 22.4676741659641266 80.1003021975489276 
5 16 4 4 18 11 9 24 12 16 2 2 18 26 2 6 22 10 14 32 4 10 30 1 17 9 8 3.36768017929769181 17 12 18 6 13 12 11 7 6 3 5 5 28 2 14 18 7 1 30 2 6 15 4 11 24 12 9 6 10 3.36768017929769181 20 11 22.0794991552829742 88.1676904794551746 
5 16 4 4 18 11 9 24 12 16 2 2 18 26 2 6 22 10 14 32 4 10 30 1 17 9 8 3.36768017929769181 17 12 14 25 9 12 11 7 6 3 5 5 28 2 17 31 7 1 30 2 6 20 13 11 24 12 9 6 10 3.36768017929769181 20 11 20.984883040189743 116.144906628311929 
17 1 5 4 18 11 9 24 12 16 2 2 18 26 2 6 22 10 14 32 4 10 30 1 17 9 8 3.36768017929769181 17 12 18 6 13 12 11 7 6 3 5 5 28 2 14 1 7 1 30 2 10 15 7 11 24 12 9 6 10 3.36768017929769181 20 11 21.7454570829868317 91.4103017578627117 
5 16 4 4 18 11 9 24 12 16 2 2 18 26 2 6 22 10 14 32 4 10 30 1 17 9 8 3.36768017929769181 17 12 18 6 13 12 11 7 6 3 5 1 12 13 13 15 6 1 30 2 14 20 9 11 24 12 9 6 10 3.36768017929769181 20 11 20.8702241480350494 126.778106574349337 
5 16 4 4 18 11 12 12 13 16 2 2 18 26 2 6 22 10 15 32 1 10 15 1 17 9 8 3.36768017929769181 17 12 18 6 13 12 11 7 6 3 5 10 1 6 16 15 2 1 30 2 1 3 2 11 24 12 9 6 10 3.36768017929769181 20 11 22.5240421891212463 79.7773227415464845 
5 16 4 4 18 11 12 12 13 16 2 2 18 26 2 6 22 10 15 32 1 10 15 1 17 9 8 3.36768017929769181 17 12 18 6 13 12 11 7 6 3 5 5 28 2 14 31 6 1 30 2 18 29 1 11 24 12 9 6 10 3.36768017929769181 20 11 24.5962901711463928 63.9221194252197904 
5 16 4 4 18 11 12 12 13 16 2 2 18 26 2 6 22 10 15 32 1 10 15 1 17 9 8 3.36768017929769181 17 12 18 6 13 12 11 7 6 3 5 5 28 2 14 10 1 1 30 2 18 29 1 11 24 12 9 6 10 3.36768017929769181 20 11 27.3258201479911804 57.3860060073870955 
17 24 2.70999124060388841 15 16.1354543567662532 2 14 25 3.84646942076222631 4 33 7 14 6 7 8 17 5 17 20 9 2 30 2 6 16 5 13 9 1 13 6 11 8 22 11 4 24 12 3 26 8 5 23.4025356524426229 13.151007650947605 17 30 6 2 12 7.75241283629571765 14 8 4 4 12 4 14 1 10 18.3786389827728271 198.218355657530651 
5 16 4 4 18 11 12 12 13 16 2 2 18 26 2 6 22 10 15 32 1 10 15 1 17 9 8 3.36768017929769181 17 12 18 6 13 12 11 7 6 3 5 5 28 2 16 32 4 1 30 2 14 15 11 11 24 12 9 6 10 3.36768017929769181 20 11 22.61561119556427 75.7893051393051422 
5 16 4 4 18 11 12 12 13 16 2 2 14 1 7 6 22 10 15 32 1 10 15 1 17 9 8 3.36768017929769181 17 12 18 6 13 12 11 7 6 3 5 5 28 2 15 18 10 1 30 2 15 18 12 11 24 12 9 6 10 3.36768017929769181 20 11 21.9963980913162231 88.7742456374035385 
3 16 4 8 1 9 14 22 11 2 31 5 14 26 12 16 32 2 9 18 13 2 8 6 13 5 10 12 31 10 9 26 2.70999124060388841 1 28 1 15 32 5 9 24 10 16 32 8 17 5 4 16 31 8 4 24 12 1 14 7 14 17 4 18.707673966884613 192.604675879675909 
5 16 4 4 18 11 12 12 13 16 2 2 18 26 2 6 22 10 15 32 1 10 15 1 17 9 8 3.36768017929769181 17 12 18 6 13 12 11 7 6 3 5 5 28 2 14 32 4 1 30 2 18 29 1 11 24 12 9 6 10 3.36768017929769181 20 11 24.4464931786060333 64.4751350873641798 
5 16 4 4 18 11 12 12 13 16 2 2 18 26 2 6 22 10 15 32 1 10 15 1 17 9 8 3.36768017929769181 17 12 18 6 13 12 11 7 6 3 5 5 28 2 2 1 3 1 30 2 14 32 7 11 24 12 9 6 10 3.36768017929769181 20 11 22.7140271067619324 74.7477552779619145 
14 6 3 4 18 11 12 12 13 16 2 2 18 26 2 6 22 10 15 32 1 10 15 1 17 9 8 3.36768017929769181 17 12 18 6 13 12 11 7 6 3 5 5 28 2 2 32 6 1 30 2 12 15 5 11 24 12 9 6 10 3.36768017929769181 20 11 22.108240008354187 81.9721776215752271 
5 16 4 4 18 11 12 12 13 16 2 2 18 26 2 6 22 10 15 32 1 10 15 1 17 9 8 3.36768017929769181 17 12 18 6 13 12 11 7 6 3 5 5 28 2 14 10 1 1 30 2 18 29 1 11 24 12 4 1 10 3.36768017929769181 20 11 27.2220690846443176 57.8389158053338619 
5 16 4 4 18 11 12 12 13 16 2 2 18 26 2 6 22 10 15 32 1 10 15 1 17 9 8 3.36768017929769181 17 12 18 6 13 12 11 7 6 3 5 5 28 2 14 32 2 1 30 2 16 6 7 11 24 12 9 6 10 3.36768017929769181 20 11 22.45228511095047 81.2090187590187753 
5 16 4 4 18 11 12 12 13 16 2 2 18 26 2 6 22 10 15 32 1 10 15 1 17 9 8 3.36768017929769181 17 12 18 6 13 12 11 7 6 3 5 5 28 2 14 22 2.70999124060388841 1 30 2 17 16 11 11 24 12 9 6 10 3.36768017929769181 20 11 23.3176500201225281 69.6305389055389128 
5 16 4 4 18 11 12 12 13 16 2 2 18 26 2 6 22 10 15 32 1 10 15 1 17 9 8 3.36768017929769181 17 12 18 6 13 12 11 7 6 3 5 5 28 2 15 32 9 1 30 2 17 26 11 11 24 12 9 6 10 3.36768017929769181 20 11 22.7342981696128845 73.3918134153428383 
13 14 2 14 15 3 13 30 9 4 20 1 15 32 12 15 31 11 17 16 5 3 26 6 1 1 2 3 6 9 3 14 4 13 31 13 15 16 13 15 5 12 2 15 10 10 6 4 16 15 10 4 30 8 2 1 1 6 26 2.70999124060388841 17.3870707750320435 210.110472327809731 
5 16 4 4 18 11 12 12 13 16 2 2 18 26 2 6 22 10 15 32 1 10 15 1 17 9 8 3.36768017929769181 17 12 18 6 13 12 11 7 6 3 5 5 28 2 14 31 1 1 30 2 18 29 1 11 24 12 9 6 10 3.36768017929769181 20 11 24.6712901592254639 61.3332369321499726 
5 16 4 4 18 11 12 12 13 16 2 2 18 26 2 6 22 10 15 32 1 10 15 1 17 9 8 3.36768017929769181 17 12 18 6 13 12 11 7 6 3 5 5 28 2 14 15 6 1 30 2 14 31 8 11 24 12 9 6 10 3.36768017929769181 20 11 22.57169508934021 78.4670886350936883 
5 16 4 4 18 11 12 12 13 16 2 2 18 26 2 6 22 10 15 32 1 10 15 1 17 9 8 3.36768017929769181 17 12 18 6 13 12 11 7 6 3 5 5 28 2 15 32 5 1 30 2 14 31 3 11 24 12 9 6 10 3.36768017929769181 20 11 22.5824321508407593 78.2451885032530328 
5 16 4 4 18 11 12 12 13 16 2 2 14 16 10 6 22 10 15 32 1 1 31 10 17 9 8 3.36768017929769181 17 12 18 6 13 12 11 7 6 3 5 14 24 1 1 24 12 1 30 2 13 31 7 11 24 12 9 6 10 3.36768017929769181 20 11 19.8487669229507446 134.135062928311982 
5 16 4 4 18 11 12 12 13 16 2 2 18 26 2 6 22 10 15 32 1 10 15 1 17 9 8 3.36768017929769181 17 12 18 6 13 12 11 7 6 3 5 5 28 2 16 18 2 1 30 2 18 29 1 11 24 12 9 6 10 3.36768017929769181 20 11 24.949346125125885 60.2775589190885768 
5 16 4 4 18 11 12 12 13 16 2 2 18 26 2 6 22 10 15 32 1 10 15 1 17 9 8 3.36768017929769181 17 12 18 6 13 12 11 7 6 3 5 5 28 2 2 31 4 1 30 2 16 19 1 11 24 12 9 6 10 3.36768017929769181 20 11 23.2840661406517029 70.0177192177192182 
5 16 4 4 18 11 12 12 13 16 2 2 18 26 2 6 22 10 15 32 1 10 15 1 17 9 8 3.36768017929769181 17 12 18 6 13 12 11 7 6 3 5 5 28 2 16 22 1 1 30 2 18 29 1 11 24 12 9 6 10 3.36768017929769181 20 11 25.299933135509491 58.2961798162655214 
5 16 4 4 18 11 12 12 13 16 2 2 18 26 2 6 22 10 15 32 1 10 15 1 17 9 8 3.36768017929769181 17 12 18 6 13 12 1 3 6 3 5 5 28 2 14 10 1 1 30 2 18 29 1 11 24 12 9 6 10 3.36768017929769181 20 11 27.0588181614875793 58.2208892591646006 
5 16 4 4 18 11 12 12 13 16 2 2 18 26 2 6 22 10 15 32 1 10 15 1 17 9 8 3.36768017929769181 17 12 18 6 13 12 11 7 6 3 5 5 28 2 17 31 2.70999124060388841 1 30 2 2 32 1 11 24 12 9 6 10 3.36768017929769181 20 11 23.0660811066627502 70.5416451610637409 
6 14 5 4 18 11 12 12 13 16 2 2 14 31 9 6 22 10 15 32 1 10 15 1 17 9 8 3.36768017929769181 17 12 18 6 13 12 11 7 6 3 5 5 28 2 14 5.34074699537910114 9 1 30 2 9.25570237641795579 9 12 11 24 12 9 6 10 3.36768017929769181 20 11 21.1628450155258179 109.176377591756051 
5 16 4 4 18 11 12 12 13 16 2 2 18 26 2 6 22 10 15 32 1 10 15 1 17 9 8 3.36768017929769181 17 12 18 6 13 12 11 7 6 3 5 5 28 2 14 18 4 1 30 2 18 29 1 11 24 12 9 6 10 3.36768017929769181 20 11 24.6220192313194275 62.7672914685772696 
5 16 4 4 18 11 12 12 13 16 2 2 18 26 2 6 22 10 15 32 1 10 15 1 17 9 8 3.36768017929769181 17 12 18 6 13 12 11 7 6 3 5 5 28 2 2 22 1 1 30 2 16 19 2.70999124060388841 11 24 12 9 6 10 3.36768017929769181 20 11 23.743410050868988 66.6378929682854135 
5 16 4 4 18 11 12 12 13 16 2 2 18 26 2 6 22 10 15 32 1 10 15 1 17 9 8 3.36768017929769181 17 12 18 6 13 9 1 6 6 3 5 5 28 2 14 10 1 1 30 2 18 29 1 11 24 12 9 6 10 3.36768017929769181 20 11 27.2034810185432434 57.9828752064340947 
14 1 9 4 18 11 12 12 13 16 2 2 18 26 2 6 22 10 15 32 1 10 15 1 17 9 8 3.36768017929769181 17 12 18 6 13 12 11 7 6 3 5 5 28 2 15 2 4 1 30 2 18 29 1 11 24 12 9 6 10 3.36768017929769181 20 11 23.9038461744785309 66.622079695806292 
12 31 5 1 30 9 16 17 2 4 33 13 1 1 8 14 32 4 6 19 1 12 24 7 1 18 4 17 1 13 4 19 10 15 6 4 8 12 12 10 26 7 2 25 5 8 19 7 12 2 4 16 18 10 3.36768017929769181 16 2 6 5 13 18.8463278710842133 183.031596671302566 
5 16 4 4 18 11 12 12 13 16 2 2 18 26 2 6 22 10 15 32 1 10 15 1 17 9 8 3.36768017929769181 17 12 18 6 13 12 11 7 6 3 5 5 28 2 14 1 7 1 30 2 4 19 13 11 24 12 9 6 10 3.36768017929769181 20 11 22.8490061163902283 72.4852252950200864 
13 9 4 4 18 11 12 12 13 16 2 2 14 14 10 6 22 10 15 32 1 10 15 1 17 9 8 3.36768017929769181 17 12 18 6 13 12 11 7 6 3 5 5 28 2 6 8 4 1 30 2 14 15 13 11 24 12 9 6 10 3.36768017929769181 20 11 21.2933729290962219 98.8890134336176914 
5 16 4 4 18 11 12 12 13 16 2 2 18 26 2 6 22 10 15 32 1 10 15 1 17 9 8 3.36768017929769181 17 12 18 6 13 12 11 7 6 3 5 5 28 2 2 22 9 1 30 2 16 18 1 11 24 12 9 6 10 3.36768017929769181 20 11 23.5417389273643494 68.2007248096978884 
4 3 1 15 25 12 14 18 9 6 5.34074699537910114 4 10 24 8 13 30 2 6 1 7 13 32 12 12 15 3 4 1 9 13 25 6 1 6 2 9 20 8 3 12 2 4 5 5 14 31 3 1 14 6.96245171630185755 9 9 13 9 25 8 13 20 3 17.146587610244751 253.219074389662609 

Current Evaluation = 30000000(30000050)
Front Size = 41
2 25 3 4 18 11 9 24 12 16 2 2 18 26 2 6 22 10 14 32 4 10 30 1 17 9 8 3.36768017929769181 17 12 18 6 13 12 11 7 6 3 5 5 28 2 2 32 4 1 30 2 13 16 3 11 24 12 9 6 10 3.36768017929769181 20 11 22.1066490709781647 82.3571497972537259 
5 16 4 4 18 11 9 24 12 16 2 2 1 26 7 6 22 10 14 32 4 10 30 1 17 9 8 3.36768017929769181 17 12 18 6 13 12 11 7 6 3 5 5 28 2 17 1 11 1 30 2 15 32 8 11 24 12 9 6 10 3.36768017929769181 20 11 21.4136430323123932 97.02544436240089 
5 16 4 4 18 11 9 24 12 16 2 2 18 26 2 6 22 10 14 32 4 10 30 1 17 9 8 3.36768017929769181 17 12 14 26 2.70999124060388841 12 11 7 6 3 5 5 28 2 1 31 3 1 30 2 6 25 9 11 24 12 9 6 10 3.36768017929769181 20 11 21.0354780852794647 115.553046546102664 
5 16 4 4 18 11 9 24 12 16 2 2 18 26 2 6 22 10 14 32 4 10 30 1 17 9 8 3.36768017929769181 17 12 18 6 13 12 11 7 6 3 5 5 28 2 2 32 1 1 30 2 17 31 4 11 24 12 9 6 10 3.36768017929769181 20 11 22.4676741659641266 80.1003021975489276 
5 16 4 4 18 11 9 24 12 16 2 2 18 26 2 6 22 10 14 32 4 10 30 1 17 9 8 3.36768017929769181 17 12 18 6 13 12 11 7 6 3 5 5 28 2 14 18 7 1 30 2 6 15 4 11 24 12 9 6 10 3.36768017929769181 20 11 22.0794991552829742 88.1676904794551746 
5 16 4 4 18 11 9 24 12 16 2 2 18 26 2 6 22 10 14 32 4 10 30 1 17 9 8 3.36768017929769181 17 12 14 25 9 12 11 7 6 3 5 5 28 2 17 31 7 1 30 2 6 20 13 11 24 12 9 6 10 3.36768017929769181 20 11 20.984883040189743 116.144906628311929 
17 1 5 4 18 11 9 24 12 16 2 2 18 26 2 6 22 10 14 32 4 10 30 1 17 9 8 3.36768017929769181 17 12 18 6 13 12 11 7 6 3 5 5 28 2 14 1 7 1 30 2 10 15 7 11 24 12 9 6 10 3.36768017929769181 20 11 21.7454570829868317 91.4103017578627117 
5 16 4 4 18 11 12 12 13 16 2 2 18 26 2 6 22 10 15 32 1 10 15 1 17 9 8 3.36768017929769181 17 12 18 6 13 12 11 7 6 3 5 10 1 6 16 15 2 1 30 2 1 3 2 11 24 12 9 6 10 3.36768017929769181 20 11 22.5240421891212463 79.7773227415464845 
17 24 2.70999124060388841 15 16.1354543567662532 2 14 25 3.84646942076222631 4 33 7 14 6 7 8 17 5 17 20 9 2 30 2 6 16 5 13 9 1 13 6 11 8 22 11 4 24 12 3 26 8 5 23.4025356524426229 13.151007650947605 17 30 6 2 12 7.75241283629571765 14 8 4 4 12 4 14 1 10 18.3786389827728271 198.218355657530651 
5 16 4 4 18 11 12 12 13 16 2 2 18 26 2 6 22 10 15 32 1 10 15 1 17 9 8 3.36768017929769181 17 12 18 6 13 12 11 7 6 3 5 5 28 2 16 32 4 1 30 2 14 15 11 11 24 12 9 6 10 3.36768017929769181 20 11 22.61561119556427 75.7893051393051422 
5 16 4 4 18 11 12 12 13 16 2 2 14 1 7 6 22 10 15 32 1 10 15 1 17 9 8 3.36768017929769181 17 12 18 6 13 12 11 7 6 3 5 5 28 2 15 18 10 1 30 2 15 18 12 11 24 12 9 6 10 3.36768017929769181 20 11 21.9963980913162231 88.7742456374035385 
3 16 4 8 1 9 14 22 11 2 31 5 14 26 12 16 32 2 9 18 13 2 8 6 13 5 10 12 31 10 9 26 2.70999124060388841 1 28 1 15 32 5 9 24 10 16 32 8 17 5 4 16 31 8 4 24 12 1 14 7 14 17 4 18.707673966884613 192.604675879675909 
5 16 4 4 18 11 12 12 13 16 2 2 18 26 2 6 22 10 15 32 1 10 15 1 17 9 8 3.36768017929769181 17 12 18 6 13 12 11 7 6 3 5 5 28 2 14 32 4 1 30 2 18 29 1 11 24 12 9 6 10 3.36768017929769181 20 11 24.4464931786060333 64.4751350873641798 
5 16 4 4 18 11 12 12 13 16 2 2 18 26 2 6 22 10 15 32 1 10 15 1 17 9 8 3.36768017929769181 17 12 18 6 13 12 11 7 6 3 5 5 28 2 14 10 1 1 30 2 18 29 1 11 24 12 4 1 10 3.36768017929769181 20 11 27.2220690846443176 57.8389158053338619 
5 16 4 4 18 11 12 12 13 16 2 2 18 26 2 6 22 10 15 32 1 10 15 1 17 9 8 3.36768017929769181 17 12 18 6 13 12 11 7 6 3 5 5 28 2 14 32 2 1 30 2 16 6 7 11 24 12 9 6 10 3.36768017929769181 20 11 22.45228511095047 81.2090187590187753 
13 14 2 14 15 3 13 30 9 4 20 1 15 32 12 15 31 11 17 16 5 3 26 6 1 1 2 3 6 9 3 14 4 13 31 13 15 16 13 15 5 12 2 15 10 10 6 4 16 15 10 4 30 8 2 1 1 6 26 2.70999124060388841 17.3870707750320435 210.110472327809731 
5 16 4 4 18 11 12 12 13 16 2 2 18 26 2 6 22 10 15 32 1 10 15 1 17 9 8 3.36768017929769181 17 12 18 6 13 12 11 7 6 3 5 5 28 2 14 31 1 1 30 2 18 29 1 11 24 12 9 6 10 3.36768017929769181 20 11 24.6712901592254639 61.3332369321499726 
5 16 4 4 18 11 12 12 13 16 2 2 14 16 10 6 22 10 15 32 1 1 31 10 17 9 8 3.36768017929769181 17 12 18 6 13 12 11 7 6 3 5 14 24 1 1 24 12 1 30 2 13 31 7 11 24 12 9 6 10 3.36768017929769181 20 11 19.8487669229507446 134.135062928311982 
5 16 4 4 18 11 12 12 13 16 2 2 18 26 2 6 22 10 15 32 1 10 15 1 17 9 8 3.36768017929769181 17 12 18 6 13 12 11 7 6 3 5 5 28 2 16 22 1 1 30 2 18 29 1 11 24 12 9 6 10 3.36768017929769181 20 11 25.299933135509491 58.2961798162655214 
6 14 5 4 18 11 12 12 13 16 2 2 14 31 9 6 22 10 15 32 1 10 15 1 17 9 8 3.36768017929769181 17 12 18 6 13 12 11 7 6 3 5 5 28 2 14 5.34074699537910114 9 1 30 2 9.25570237641795579 9 12 11 24 12 9 6 10 3.36768017929769181 20 11 21.1628450155258179 109.176377591756051 
5 16 4 4 18 11 12 12 13 16 2 2 18 26 2 6 22 10 15 32 1 10 15 1 17 9 8 3.36768017929769181 17 12 18 6 13 9 1 6 6 3 5 5 28 2 14 10 1 1 30 2 18 29 1 11 24 12 9 6 10 3.36768017929769181 20 11 27.2034810185432434 57.9828752064340947 
12 31 5 1 30 9 16 17 2 4 33 13 1 1 8 14 32 4 6 19 1 12 24 7 1 18 4 17 1 13 4 19 10 15 6 4 8 12 12 10 26 7 2 25 5 8 19 7 12 2 4 16 18 10 3.36768017929769181 16 2 6 5 13 18.8463278710842133 183.031596671302566 
5 16 4 4 18 11 12 12 13 16 2 2 18 26 2 6 22 10 15 32 1 10 15 1 17 9 8 3.36768017929769181 17 12 18 6 13 12 11 7 6 3 5 5 28 2 14 1 7 1 30 2 4 19 13 11 24 12 9 6 10 3.36768017929769181 20 11 22.8490061163902283 72.4852252950200864 
13 9 4 4 18 11 12 12 13 16 2 2 14 14 10 6 22 10 15 32 1 10 15 1 17 9 8 3.36768017929769181 17 12 18 6 13 12 11 7 6 3 5 5 28 2 6 8 4 1 30 2 14 15 13 11 24 12 9 6 10 3.36768017929769181 20 11 21.2933729290962219 98.8890134336176914 
4 3 1 15 25 12 14 18 9 6 5.34074699537910114 4 10 24 8 13 30 2 6 1 7 13 32 12 12 15 3 4 1 9 13 25 6 1 6 2 9 20 8 3 12 2 4 5 5 14 31 3 1 14 6.96245171630185755 9 9 13 9 25 8 13 20 3 17.146587610244751 253.219074389662609 
5 16 4 4 18 11 12 12 13 16 2 2 18 26 2 6 22 10 15 32 1 10 15 1 17 9 8 3.36768017929769181 17 12 18 6 13 12 11 7 6 3 5 5 28 2 14 32 9 1 30 2 18 29 1 11 24 12 9 6 10 3.36768017929769181 20 11 24.4184691905975342 65.6923575961306909 
5 16 4 4 18 11 12 12 13 16 2 2 18 26 2 6 22 10 15 32 1 10 15 1 17 9 8 3.36768017929769181 17 12 18 6 13 12 11 7 6 3 5 5 28 2 15 31 1 1 30 2 18 29 1 11 24 12 9 6 10 3.36768017929769181 20 11 24.9018621444702148 59.6929935061585439 
5 16 4 4 18 11 12 12 13 16 2 2 18 26 2 6 22 10 15 32 1 10 15 1 17 9 8 3.36768017929769181 17 12 18 6 13 12 11 7 6 3 5 5 28 2 15 15 1 1 30 2 16 16 1 11 24 12 9 6 10 3.36768017929769181 20 11 23.503956139087677 65.7829365079365118 
5 16 4 4 18 11 12 12 13 16 2 2 18 26 2 6 22 10 15 32 1 10 15 1 17 9 8 3.36768017929769181 17 12 18 6 13 12 11 7 6 3 5 5 28 2 17 31 1 1 30 2 2 32 9 11 24 12 9 6 10 3.36768017929769181 20 11 22.9590430855751038 71.2041697075236328 
5 16 4 4 18 11 12 12 13 16 2 2 18 26 2 6 22 10 15 32 1 10 15 1 17 9 8 3.36768017929769181 17 12 18 6 13 12 11 7 6 3 5 5 28 2 14 32 5 1 30 2 18 29 1 11 24 12 9 6 10 3.36768017929769181 20 11 24.508493185043335 62.5249812903464246 
5 16 4 4 18 11 12 12 13 16 2 2 18 26 2 6 22 10 15 32 1 10 15 1 17 9 8 3.36768017929769181 17 12 18 6 13 12 11 7 6 3 5 5 28 2 14 10 1 1 30 2 18 29 1 11 24 12 9 6 10 3.36768017929769181 20 11 27.3258201479911804 56.5347190083691302 
13 30 6 4 18 11 12 12 13 16 2 2 2 21 10 6 22 10 15 32 1 10 15 1 17 9 8 16 31 2.70999124060388841 18 6 13 12 11 7 6 3 5 12 30 9 14 32 6 1 30 2 1 19 3 11 24 12 9 6 10 3.36768017929769181 20 11 20.6834462285041809 118.905292893328351 
14 3 10 4 18 11 12 12 13 16 2 2 18 26 2 6 22 10 15 32 1 10 15 1 17 9 8 3.36768017929769181 17 12 18 6 13 12 11 7 6 3 5 5 28 2 14 9 6 1 30 2 4 31 8 11 24 12 9 6 10 3.36768017929769181 20 11 22.107134997844696 81.2170031538061465 
5 16 4 4 18 11 12 12 13 16 2 2 18 26 2 6 22 10 15 32 1 10 15 1 17 9 8 3.36768017929769181 17 12 18 6 13 12 11 7 6 3 5 5 28 2 14 15 2.70999124060388841 1 30 2 6 32 1 11 24 12 9 6 10 3.36768017929769181 20 11 22.6973801255226135 72.5563325563325634 
18 26 7 15 11 13 17 1 10 13 9 8 6 18 9 3.36768017929769181 16.1354543567662532 13 14 6 11 17 24 13 16 16 2 4.94126535182462057 26 5 2 3 11 4 12 7 14 20 6 3 15 7 12 8 3 10 20 7 14 1 1 12 19 12 6 33 2 14 15 6 19.5405508875846863 178.443798195268755 
5 16 4 4 18 11 12 12 13 16 2 2 18 26 2 6 22 10 15 32 1 10 15 1 17 9 8 3.36768017929769181 17 12 18 6 13 12 11 7 6 3 5 5 28 2 14 1 9 1 30 2 12 6 13 11 24 12 9 6 10 3.36768017929769181 20 11 22.543141096830368 79.7706182706182858 
5 16 4 4 18 11 12 12 13 16 2 2 18 26 2 6 22 10 15 32 1 10 15 1 17 9 8 3.36768017929769181 17 12 18 6 13 12 11 7 6 3 5 5 28 2 14 32 2.70999124060388841 1 30 2 16 8 2 11 24 12 9 6 10 3.36768017929769181 20 11 23.0097970366477966 67.7482763935907428 
5 16 4 4 18 11 12 12 13 16 2 2 18 26 2 6 22 10 15 32 1 10 15 1 17 9 8 3.36768017929769181 17 12 18 6 13 12 11 7 6 3 5 15 12 7 1 15 10 1 30 2 17 31 2.70999124060388841 11 24 12 9 6 10 3.36768017929769181 20 11 21.6440821290016174 92.7403807329965986 
5 16 4 4 18 11 12 12 13 16 2 2 18 26 2 6 22 10 15 32 1 10 15 1 17 9 8 3.36768017929769181 17 12 16 26 4 12 11 7 6 3 5 5 28 2 6 16 9 1 30 2 15 31 9 11 24 12 9 6 10 3.36768017929769181 20 11 21.9219940900802612 90.2543162692308982 
5 16 4 4 18 11 12 12 13 16 2 2 18 26 2 6 22 10 15 32 1 10 15 1 17 9 8 3.36768017929769181 31 12 18 6 13 12 11 7 6 3 5 5 28 2 14 10 1 1 30 2 18 29 1 11 24 12 9 6 10 3.36768017929769181 20 11 26.9556211233139038 58.1789850390232175 
5 16 4 4 18 11 12 12 13 16 2 2 18 26 2 6 22 10 15 32 1 10 15 1 17 9 8 3.36768017929769181 17 12 18 6 13 12 11 7 6 3 5 5 28 2 14 26 7 1 30 2 17 32 13 11 24 12 9 6 10 3.36768017929769181 20 11 22.565150111913681 77.0721096400979633 

Current Evaluation = 40000000(40000130)
Front Size = 34
2 25 3 4 18 11 9 24 12 16 2 2 18 26 2 6 22 10 14 32 4 10 30 1 17 9 8 3.36768017929769181 17 12 18 6 13 12 11 7 6 3 5 5 28 2 2 32 4 1 30 2 13 16 3 11 24 12 9 6 10 3.36768017929769181 20 11 22.1066490709781647 82.3571497972537259 
5 16 4 4 18 11 9 24 12 16 2 2 1 26 7 6 22 10 14 32 4 10 30 1 17 9 8 3.36768017929769181 17 12 18 6 13 12 11 7 6 3 5 5 28 2 17 1 11 1 30 2 15 32 8 11 24 12 9 6 10 3.36768017929769181 20 11 21.4136430323123932 97.02544436240089 
5 16 4 4 18 11 9 24 12 16 2 2 18 26 2 6 22 10 14 32 4 10 30 1 17 9 8 3.36768017929769181 17 12 14 26 2.70999124060388841 12 11 7 6 3 5 5 28 2 1 31 3 1 30 2 6 25 9 11 24 12 9 6 10 3.36768017929769181 20 11 21.0354780852794647 115.553046546102664 
5 16 4 4 18 11 9 24 12 16 2 2 18 26 2 6 22 10 14 32 4 10 30 1 17 9 8 3.36768017929769181 17 12 14 25 9 12 11 7 6 3 5 5 28 2 17 31 7 1 30 2 6 20 13 11 24 12 9 6 10 3.36768017929769181 20 11 20.984883040189743 116.144906628311929 
17 24 2.70999124060388841 15 16.1354543567662532 2 14 25 3.84646942076222631 4 33 7 14 6 7 8 17 5 17 20 9 2 30 2 6 16 5 13 9 1 13 6 11 8 22 11 4 24 12 3 26 8 5 23.4025356524426229 13.151007650947605 17 30 6 2 12 7.75241283629571765 14 8 4 4 12 4 14 1 10 18.3786389827728271 198.218355657530651 
5 16 4 4 18 11 12 12 13 16 2 2 18 26 2 6 22 10 15 32 1 10 15 1 17 9 8 3.36768017929769181 17 12 18 6 13 12 11 7 6 3 5 5 28 2 16 32 4 1 30 2 14 15 11 11 24 12 9 6 10 3.36768017929769181 20 11 22.61561119556427 75.7893051393051422 
3 16 4 8 1 9 14 22 11 2 31 5 14 26 12 16 32 2 9 18 13 2 8 6 13 5 10 12 31 10 9 26 2.70999124060388841 1 28 1 15 32 5 9 24 10 16 32 8 17 5 4 16 31 8 4 24 12 1 14 7 14 17 4 18.707673966884613 192.604675879675909 
5 16 4 4 18 11 12 12 13 16 2 2 18 26 2 6 22 10 15 32 1 10 15 1 17 9 8 3.36768017929769181 17 12 18 6 13 12 11 7 6 3 5 5 28 2 14 10 1 1 30 2 18 29 1 11 24 12 4 1 10 3.36768017929769181 20 11 27.2220690846443176 57.8389158053338619 
13 14 2 14 15 3 13 30 9 4 20 1 15 32 12 15 31 11 17 16 5 3 26 6 1 1 2 3 6 9 3 14 4 13 31 13 15 16 13 15 5 12 2 15 10 10 6 4 16 15 10 4 30 8 2 1 1 6 26 2.70999124060388841 17.3870707750320435 210.110472327809731 
5 16 4 4 18 11 12 12 13 16 2 2 18 26 2 6 22 10 15 32 1 10 15 1 17 9 8 3.36768017929769181 17 12 18 6 13 12 11 7 6 3 5 5 28 2 14 31 1 1 30 2 18 29 1 11 24 12 9 6 10 3.36768017929769181 20 11 24.6712901592254639 61.3332369321499726 
5 16 4 4 18 11 12 12 13 16 2 2 14 16 10 6 22 10 15 32 1 1 31 10 17 9 8 3.36768017929769181 17 12 18 6 13 12 11 7 6 3 5 14 24 1 1 24 12 1 30 2 13 31 7 11 24 12 9 6 10 3.36768017929769181 20 11 19.8487669229507446 134.135062928311982 
5 16 4 4 18 11 12 12 13 16 2 2 18 26 2 6 22 10 15 32 1 10 15 1 17 9 8 3.36768017929769181 17 12 18 6 13 12 11 7 6 3 5 5 28 2 16 22 1 1 30 2 18 29 1 11 24 12 9 6 10 3.36768017929769181 20 11 25.299933135509491 58.2961798162655214 
6 14 5 4 18 11 12 12 13 16 2 2 14 31 9 6 22 10 15 32 1 10 15 1 17 9 8 3.36768017929769181 17 12 18 6 13 12 11 7 6 3 5 5 28 2 14 5.34074699537910114 9 1 30 2 9.25570237641795579 9 12 11 24 12 9 6 10 3.36768017929769181 20 11 21.1628450155258179 109.176377591756051 
5 16 4 4 18 11 12 12 13 16 2 2 18 26 2 6 22 10 15 32 1 10 15 1 17 9 8 3.36768017929769181 17 12 18 6 13 9 1 6 6 3 5 5 28 2 14 10 1 1 30 2 18 29 1 11 24 12 9 6 10 3.36768017929769181 20 11 27.2034810185432434 57.9828752064340947 
12 31 5 1 30 9 16 17 2 4 33 13 1 1 8 14 32 4 6 19 1 12 24 7 1 18 4 17 1 13 4 19 10 15 6 4 8 12 12 10 26 7 2 25 5 8 19 7 12 2 4 16 18 10 3.36768017929769181 16 2 6 5 13 18.8463278710842133 183.031596671302566 
13 9 4 4 18 11 12 12 13 16 2 2 14 14 10 6 22 10 15 32 1 10 15 1 17 9 8 3.36768017929769181 17 12 18 6 13 12 11 7 6 3 5 5 28 2 6 8 4 1 30 2 14 15 13 11 24 12 9 6 10 3.36768017929769181 20 11 21.2933729290962219 98.8890134336176914 
4 3 1 15 25 12 14 18 9 6 5.34074699537910114 4 10 24 8 13 30 2 6 1 7 13 32 12 12 15 3 4 1 9 13 25 6 1 6 2 9 20 8 3 12 2 4 5 5 14 31 3 1 14 6.96245171630185755 9 9 13 9 25 8 13 20 3 17.146587610244751 253.219074389662609 
5 16 4 4 18 11 12 12 13 16 2 2 18 26 2 6 22 10 15 32 1 10 15 1 17 9 8 3.36768017929769181 17 12 18 6 13 12 11 7 6 3 5 5 28 2 15 31 1 1 30 2 18 29 1 11 24 12 9 6 10 3.36768017929769181 20 11 24.9018621444702148 59.6929935061585439 
5 16 4 4 18 11 12 12 13 16 2 2 18 26 2 6 22 10 15 32 1 10 15 1 17 9 8 3.36768017929769181 17 12 18 6 13 12 11 7 6 3 5 5 28 2 15 15 1 1 30 2 16 16 1 11 24 12 9 6 10 3.36768017929769181 20 11 23.503956139087677 65.7829365079365118 
5 16 4 4 18 11 12 12 13 16 2 2 18 26 2 6 22 10 15 32 1 10 15 1 17 9 8 3.36768017929769181 17 12 18 6 13 12 11 7 6 3 5 5 28 2 14 32 5 1 30 2 18 29 1 11 24 12 9 6 10 3.36768017929769181 20 11 24.508493185043335 62.5249812903464246 
5 16 4 4 18 11 12 12 13 16 2 2 18 26 2 6 22 10 15 32 1 10 15 1 17 9 8 3.36768017929769181 17 12 18 6 13 12 11 7 6 3 5 5 28 2 14 10 1 1 30 2 18 29 1 11 24 12 9 6 10 3.36768017929769181 20 11 27.3258201479911804 56.5347190083691302 
13 30 6 4 18 11 12 12 13 16 2 2 2 21 10 6 22 10 15 32 1 10 15 1 17 9 8 16 31 2.70999124060388841 18 6 13 12 11 7 6 3 5 12 30 9 14 32 6 1 30 2 1 19 3 11 24 12 9 6 10 3.36768017929769181 20 11 20.6834462285041809 118.905292893328351 
14 3 10 4 18 11 12 12 13 16 2 2 18 26 2 6 22 10 15 32 1 10 15 1 17 9 8 3.36768017929769181 17 12 18 6 13 12 11 7 6 3 5 5 28 2 14 9 6 1 30 2 4 31 8 11 24 12 9 6 10 3.36768017929769181 20 11 22.107134997844696 81.2170031538061465 
18 26 7 15 11 13 17 1 10 13 9 8 6 18 9 3.36768017929769181 16.1354543567662532 13 14 6 11 17 24 13 16 16 2 4.94126535182462057 26 5 2 3 11 4 12 7 14 20 6 3 15 7 12 8 3 10 20 7 14 1 1 12 19 12 6 33 2 14 15 6 19.5405508875846863 178.443798195268755 
5 16 4 4 18 11 12 12 13 16 2 2 18 26 2 6 22 10 15 32 1 10 15 1 17 9 8 3.36768017929769181 17 12 18 6 13 12 11 7 6 3 5 5 28 2 14 32 2.70999124060388841 1 30 2 16 8 2 11 24 12 9 6 10 3.36768017929769181 20 11 23.0097970366477966 67.7482763935907428 
5 16 4 4 18 11 12 12 13 16 2 2 18 26 2 6 22 10 15 32 1 10 15 1 17 9 8 3.36768017929769181 31 12 18 6 13 12 11 7 6 3 5 5 28 2 14 10 1 1 30 2 18 29 1 11 24 12 9 6 10 3.36768017929769181 20 11 26.9556211233139038 58.1789850390232175 
5 16 4 4 18 11 12 12 13 16 2 2 18 26 2 6 22 10 15 32 1 10 15 1 17 9 8 3.36768017929769181 17 12 18 6 13 12 11 7 6 3 5 5 28 2 14 26 7 1 30 2 17 32 13 11 24 12 9 6 10 3.36768017929769181 20 11 22.565150111913681 77.0721096400979633 
14 12 7 4 18 11 12 12 13 16 2 2 18 26 2 6 22 10 15 32 1 10 15 1 17 9 8 3.36768017929769181 17 12 18 6 13 12 11 7 6 3 5 5 28 2 14 9 7 1 30 2 16 31 2.70999124060388841 11 24 12 9 6 10 3.36768017929769181 20 11 21.6327461302280426 86.7532301032301092 
5 16 4 4 18 11 12 12 13 16 2 2 18 26 2 6 22 10 15 32 1 10 15 1 17 9 8 3.36768017929769181 17 12 18 6 13 12 11 7 6 3 5 5 28 2 14 1 6 1 30 2 18 29 1 11 24 12 9 6 10 3.36768017929769181 20 11 24.6197231411933899 62.4570316071163987 
5 16 4 4 18 11 12 12 13 16 2 2 18 26 2 6 22 10 15 32 1 10 15 1 17 9 8 3.36768017929769181 17 12 18 6 13 12 11 7 6 3 5 5 28 2 14 1 7 1 30 2 17 26 1 11 24 12 9 6 10 3.36768017929769181 20 11 22.68038010597229 69.5449432583453273 
5 16 4 4 18 11 12 12 13 16 2 2 18 26 2 6 22 10 15 32 1 10 15 1 17 9 8 3.36768017929769181 17 12 18 6 13 12 11 7 6 3 5 5 28 2 14 32 9 1 30 2 18 29 1 11 24 12 9 6 10 3.36768017929769181 20 11 24.4184691905975342 65.5782354360615187 
5 16 4 4 18 11 12 12 13 16 2 2 18 26 2 6 22 10 15 32 1 10 15 1 17 9 8 3.36768017929769181 17 12 18 6 13 12 11 7 6 3 5 5 28 2 14 1 1 1 30 2 14 31 4 11 24 12 9 6 10 3.36768017929769181 20 11 22.4180901348590851 78.621906350133429 
5 16 4 4 18 11 12 12 13 16 2 2 18 26 2 6 22 10 15 32 1 10 15 1 17 9 8 3.36768017929769181 17 12 18 6 13 12 11 7 6 3 5 5 28 2 14 31 9 1 30 2 18 29 1 11 24 12 9 6 10 3.36768017929769181 20 11 24.428266167640686 62.8801732950846173 
5 16 4 4 18 11 12 12 13 16 2 2 18 26 2 6 22 10 15 32 1 10 15 1 17 9 8 14 12 4 18 6 13 12 11 7 6 3 5 5 28 2 2 32 1 1 30 2 17 15 2 11 24 12 9 6 10 3.36768017929769181 20 11 22.3316701650619507 79.6794136609205168 

Current Evaluation = 50000000(50000020)
Front Size = 33
13 14 2 14 15 3 13 30 9 4 20 1 15 32 12 15 31 11 17 16 5 3 26 6 1 1 2 3 6 9 3 14 4 13 31 13 15 16 13 15 5 12 2 15 10 10 6 4 16 15 10 4 30 8 2 1 1 6 26 2.70999124060388841 17.3870707750320435 210.110472327809731 
5 16 4 4 18 11 12 12 13 16 2 2 14 16 10 6 22 10 15 32 1 1 31 10 17 9 8 3.36768017929769181 17 12 18 6 13 12 11 7 6 3 5 14 24 1 1 24 12 1 30 2 13 31 7 11 24 12 9 6 10 3.36768017929769181 20 11 19.8487669229507446 134.135062928311982 
4 3 1 15 25 12 14 18 9 6 5.34074699537910114 4 10 24 8 13 30 2 6 1 7 13 32 12 12 15 3 4 1 9 13 25 6 1 6 2 9 20 8 3 12 2 4 5 5 14 31 3 1 14 6.96245171630185755 9 9 13 9 25 8 13 20 3 17.146587610244751 253.219074389662609 
18 26 7 15 11 13 17 1 10 13 9 8 6 18 9 3.36768017929769181 16.1354543567662532 13 14 6 11 17 24 13 16 16 2 4.94126535182462057 26 5 2 3 11 4 12 7 14 20 6 3 15 7 12 8 3 10 20 7 14 1 1 12 19 12 6 33 2 14 15 6 19.5405508875846863 178.443798195268755 
14 12 7 4 18 11 12 12 13 16 2 2 18 26 2 6 22 10 15 32 1 10 15 1 17 9 8 3.36768017929769181 17 12 18 6 13 12 11 7 6 3 5 5 28 2 14 9 7 1 30 2 16 31 2.70999124060388841 11 24 12 9 6 10 3.36768017929769181 20 11 21.6327461302280426 86.7532301032301092 
5 16 4 4 18 11 12 12 13 16 2 2 18 26 2 6 22 10 15 32 1 10 15 1 17 9 8 3.36768017929769181 17 12 18 6 13 9 1 9 6 3 5 5 28 2 17 8 1 1 30 2 18 29 1 11 24 12 9 6 10 3.36768017929769181 20 11 25.03599613904953 57.6749556057552155 
5 16 4 4 18 11 12 12 13 16 2 2 18 26 2 6 22 10 15 32 1 10 15 1 17 9 8 3.36768017929769181 17 12 18 6 13 9 1 9 6 3 5 5 28 2 16 2 2 1 30 2 14 31 1 11 24 12 9 6 10 3.36768017929769181 20 11 22.7304630279541016 63.2367602559133388 
5 16 4 4 18 11 12 12 13 16 2 2 1 19 3 6 22 10 15 32 1 10 15 1 17 9 8 3.36768017929769181 17 12 18 6 13 9 1 9 6 3 5 2 31 5 16 19 9 1 30 2 13 15 13 11 24 12 9 6 10 3.36768017929769181 20 11 21.0932929515838623 91.842770606338533 
5 16 4 4 18 11 12 12 13 16 2 2 18 26 2 6 22 10 15 32 1 10 15 1 17 9 8 3.36768017929769181 17 12 18 6 13 9 1 9 6 3 5 5 28 2 14 32 2 1 30 2 18 29 1 11 24 12 9 6 10 3.36768017929769181 20 11 24.2351440787315369 59.723301762736746 
5 16 4 4 18 11 12 12 13 16 2 2 18 26 2 6 22 10 15 32 1 10 15 1 17 9 8 3.36768017929769181 17 12 18 6 13 9 1 9 6 3 5 5 28 2 14 3 4 1 30 2 16 26 12 12 24 12 9 6 10 3.36768017929769181 20 11 21.9696000218391418 76.1082417582417747 
5 16 4 4 18 11 12 12 13 16 2 2 14 5.34074699537910114 9 6 22 10 15 32 1 10 15 1 17 9 8 3.36768017929769181 17 12 12 8 7 9 1 9 6 3 5 5 28 2 14 15 2 1 30 2 15 3 1 11 24 12 9 6 10 3.36768017929769181 20 11 21.1904679536819458 89.9523024053089415 
5 16 4 4 18 11 12 12 13 16 2 2 18 26 2 6 22 10 15 32 1 10 15 1 17 9 8 3.36768017929769181 17 12 18 6 13 9 1 9 6 3 5 5 28 2 14 10 1 1 30 2 18 23 1 11 24 12 9 6 10 3.36768017929769181 20 11 26.6005269885063171 57.3488451229399274 
5 16 4 4 18 11 12 12 13 16 2 2 18 26 2 6 22 10 15 32 1 10 15 1 17 9 8 3.36768017929769181 17 12 18 6 13 9 1 9 6 3 5 5 28 2 16 31 2.70999124060388841 1 30 2 18 29 1 11 24 12 9 6 10 3.36768017929769181 20 11 24.4932541251182556 57.8041857224710043 
5 16 4 4 18 11 12 12 13 16 2 2 18 26 2 6 22 10 15 32 1 10 15 1 17 9 8 3.36768017929769181 17 12 18 6 13 9 1 9 6 3 5 13 6 4 14 32 8 1 30 2 13 1 9 11 24 12 9 6 10 3.36768017929769181 20 11 20.8720170855522156 102.405994005994003 
4 15 13 16 24 2.70999124060388841 9 30 7 12 20 3 5 26 3 15 6 5 16 31 12 6 20 12 6 15 8 12 19 2 9 26 6 9 30 10 1 24 6.96245171630185755 14 1 4 1 14 11 10 5 13 13 31 12 17 9 8 9 2 9 8 6 8 18.3449175357818604 178.57902141717932 
5 16 4 4 18 11 12 12 13 16 2 2 18 26 2 6 22 10 15 32 1 10 15 1 17 9 8 3.36768017929769181 17 12 18 6 13 9 1 9 6 3 5 5 28 2 15 31 10 1 30 2 16 25 12 11 24 12 9 6 10 3.36768017929769181 20 11 22.6181040406227112 69.5888358732627239 
5 16 4 4 18 11 12 12 13 16 2 2 18 26 2 6 22 10 15 32 1 10 15 1 17 9 8 3.36768017929769181 17 12 18 6 13 9 1 9 6 3 5 5 28 2 14 10 1 1 30 2 18 29 1 11 24 12 12 1 7 3.36768017929769181 20 11 26.9451290965080261 56.0054047383011095 
5 16 4 4 18 11 12 12 13 16 2 2 18 26 2 6 22 10 15 32 1 10 15 1 17 9 8 3.36768017929769181 17 12 18 6 13 9 1 9 6 3 5 5 28 2 15 15 6 1 30 2 17 12 13 11 24 12 1 26 5 3.36768017929769181 20 11 22.5179309844970703 72.5077289402484269 
5 16 4 4 18 11 12 12 13 16 2 2 18 26 2 6 22 10 15 32 1 10 15 1 17 9 8 3.36768017929769181 17 12 18 6 13 9 1 9 6 3 5 5 28 2 14 10 1 1 30 2 18 29 1 11 24 12 9 6 10 3.36768017929769181 20 11 27.0354570746421814 54.6073167839438227 
5 16 4 4 18 11 12 12 13 16 2 2 18 26 2 6 22 10 15 32 1 10 15 1 17 9 8 3.36768017929769181 17 12 18 6 13 9 1 9 6 3 5 5 28 2 14 31 4 1 30 2 18 29 1 11 24 12 9 6 10 3.36768017929769181 20 11 24.1659270823001862 61.5699873310150281 
5 16 4 4 18 11 12 12 13 16 2 2 18 26 2 6 22 10 15 32 1 10 15 1 17 9 8 3.36768017929769181 17 12 18 6 13 9 1 9 6 3 5 5 28 2 14 31 1 1 30 2 18 29 1 11 24 12 9 6 10 3.36768017929769181 20 11 24.3809270858764648 58.1704055960840307 
5 16 4 4 18 11 12 12 13 16 2 2 18 26 2 6 22 10 15 32 1 10 15 1 17 9 8 3.36768017929769181 17 12 18 6 13 9 1 9 6 3 5 5 28 2 14 10 1 1 30 2 18 29 1 11 24 12 4 1 9 3.36768017929769181 20 11 26.8296820521354675 57.0290251720387644 
5 16 4 4 18 11 12 12 13 16 2 2 18 26 2 6 22 10 15 32 1 10 15 1 17 9 8 3.36768017929769181 17 12 18 6 13 9 1 9 6 3 5 5 28 2 16 15 10 1 30 2 14 32 10 11 24 12 9 6 10 3.36768017929769181 20 11 22.3536481261253357 75.8354756354756461 
5 16 4 4 18 11 12 12 13 16 2 2 18 26 2 6 22 10 15 32 1 10 15 1 17 9 8 3.36768017929769181 17 12 18 6 13 9 1 9 6 3 5 5 28 2 17 32 3 1 30 2 14 1 4 11 24 12 9 6 10 3.36768017929769181 20 11 22.244403064250946 75.9717254967255116 
5 16 4 4 18 11 12 12 13 16 2 2 18 26 2 6 22 10 15 32 1 10 15 1 17 9 8 13 12 9 18 6 13 9 1 9 6 3 5 14 32 2.70999124060388841 14 18 6.96245171630185755 1 30 2 17 6 7 11 24 12 9 6 10 3.36768017929769181 20 11 20.3368711471557617 106.198036623177089 
5 16 4 4 18 11 12 12 13 16 2 2 18 26 2 6 22 10 15 32 1 10 15 1 17 9 8 3.36768017929769181 17 12 18 6 13 9 1 9 6 3 5 5 28 2 14 10 1 1 30 2 18 29 1 11 24 12 4 1 10 3.36768017929769181 20 11 26.9317060112953186 56.6368757252498085 
5 16 4 4 18 11 12 12 13 16 2 2 18 26 2 6 22 10 15 32 1 10 15 1 17 9 8 3.36768017929769181 17 12 18 6 13 9 1 9 6 3 5 14 15 7 3 30 4 1 30 2 16 1 9 11 24 12 9 6 10 3.36768017929769181 20 11 21.0217781662940979 100.013263211166873 
8 20 4 4 18 11 12 12 13 16 2 2 18 26 2 6 22 10 15 32 1 10 15 1 17 9 8 3.36768017929769181 17 12 18 6 13 9 1 9 6 3 5 5 28 2 15 31 4 1 30 2 15 15 7 11 24 12 9 6 10 3.36768017929769181 20 11 21.7224259972572327 85.3781468746338277 
5 16 4 4 18 11 12 12 13 16 2 2 18 26 2 6 22 10 15 32 1 10 15 1 17 9 8 3.36768017929769181 17 12 18 6 13 9 1 9 6 3 5 5 28 2 14 15 4 1 30 2 17 19 1 11 24 12 9 6 10 3.36768017929769181 20 11 22.6639671325683594 67.1757677860731235 
5 16 4 4 18 11 12 12 13 16 2 2 18 26 2 6 22 10 15 32 1 10 15 1 17 9 8 3.36768017929769181 17 12 18 6 13 9 1 9 6 3 5 1 17 2.70999124060388841 17 18 7 1 30 2 14 26 9 11 24 12 9 6 10 3.36768017929769181 20 11 21.5027301013469696 88.1813540643874774 
5 16 4 4 18 11 12 12 13 16 2 2 18 26 2 6 22 10 15 32 1 10 15 1 17 9 8 3.36768017929769181 17 12 18 6 13 9 1 9 6 3 5 5 28 2 6 31 2 1 30 2 14 14 1 11 24 12 9 6 10 3.36768017929769181 20 11 22.5649420022964478 71.7667236100655543 
10 16 1 4 18 11 12 12 13 16 2 2 14 19 4 6 22 10 15 32 1 10 15 1 17 9 8 3.36768017929769181 17 12 18 6 13 9 1 9 6 3 5 5 28 2 14 10 1 1 30 2 18 29 1 11 24 12 9 6 10 3.36768017929769181 20 11 26.259117066860199 57.6466165413533957 
5 16 4 4 18 11 12 12 13 16 2 2 15 6 9 6 22 10 15 32 1 10 15 1 17 9 8 3.36768017929769181 17 12 18 6 13 9 1 9 6 3 5 5 28 2 17 33 4 1 30 2 14 32 2.70999124060388841 11 24 12 9 6 10 3.36768017929769181 20 11 21.8506060242652893 78.7256379635689996 

Current Evaluation = 60000000(60000100)
Front Size = 34
13 14 2 14 15 3 13 30 9 4 20 1 15 32 12 15 31 11 17 16 5 3 26 6 1 1 2 3 6 9 3 14 4 13 31 13 15 16 13 15 5 12 2 15 10 10 6 4 16 15 10 4 30 8 2 1 1 6 26 2.70999124060388841 17.3870707750320435 210.110472327809731 
5 16 4 4 18 11 12 12 13 16 2 2 14 16 10 6 22 10 15 32 1 1 31 10 17 9 8 3.36768017929769181 17 12 18 6 13 12 11 7 6 3 5 14 24 1 1 24 12 1 30 2 13 31 7 11 24 12 9 6 10 3.36768017929769181 20 11 19.8487669229507446 134.135062928311982 
4 3 1 15 25 12 14 18 9 6 5.34074699537910114 4 10 24 8 13 30 2 6 1 7 13 32 12 12 15 3 4 1 9 13 25 6 1 6 2 9 20 8 3 12 2 4 5 5 14 31 3 1 14 6.96245171630185755 9 9 13 9 25 8 13 20 3 17.146587610244751 253.219074389662609 
18 26 7 15 11 13 17 1 10 13 9 8 6 18 9 3.36768017929769181 16.1354543567662532 13 14 6 11 17 24 13 16 16 2 4.94126535182462057 26 5 2 3 11 4 12 7 14 20 6 3 15 7 12 8 3 10 20 7 14 1 1 12 19 12 6 33 2 14 15 6 19.5405508875846863 178.443798195268755 
5 16 4 4 18 11 12 12 13 16 2 2 18 26 2 6 22 10 15 32 1 10 15 1 17 9 8 3.36768017929769181 17 12 18 6 13 9 1 9 6 3 5 5 28 2 16 2 2 1 30 2 14 31 1 11 24 12 9 6 10 3.36768017929769181 20 11 22.7304630279541016 63.2367602559133388 
5 16 4 4 18 11 12 12 13 16 2 2 1 19 3 6 22 10 15 32 1 10 15 1 17 9 8 3.36768017929769181 17 12 18 6 13 9 1 9 6 3 5 2 31 5 16 19 9 1 30 2 13 15 13 11 24 12 9 6 10 3.36768017929769181 20 11 21.0932929515838623 91.842770606338533 
5 16 4 4 18 11 12 12 13 16 2 2 18 26 2 6 22 10 15 32 1 10 15 1 17 9 8 3.36768017929769181 17 12 18 6 13 9 1 9 6 3 5 5 28 2 14 3 4 1 30 2 16 26 12 12 24 12 9 6 10 3.36768017929769181 20 11 21.9696000218391418 76.1082417582417747 
5 16 4 4 18 11 12 12 13 16 2 2 14 5.34074699537910114 9 6 22 10 15 32 1 10 15 1 17 9 8 3.36768017929769181 17 12 12 8 7 9 1 9 6 3 5 5 28 2 14 15 2 1 30 2 15 3 1 11 24 12 9 6 10 3.36768017929769181 20 11 21.1904679536819458 89.9523024053089415 
5 16 4 4 18 11 12 12 13 16 2 2 18 26 2 6 22 10 15 32 1 10 15 1 17 9 8 3.36768017929769181 17 12 18 6 13 9 1 9 6 3 5 13 6 4 14 32 8 1 30 2 13 1 9 11 24 12 9 6 10 3.36768017929769181 20 11 20.8720170855522156 102.405994005994003 
4 15 13 16 24 2.70999124060388841 9 30 7 12 20 3 5 26 3 15 6 5 16 31 12 6 20 12 6 15 8 12 19 2 9 26 6 9 30 10 1 24 6.96245171630185755 14 1 4 1 14 11 10 5 13 13 31 12 17 9 8 9 2 9 8 6 8 18.3449175357818604 178.57902141717932 
5 16 4 4 18 11 12 12 13 16 2 2 18 26 2 6 22 10 15 32 1 10 15 1 17 9 8 3.36768017929769181 17 12 18 6 13 9 1 9 6 3 5 5 28 2 15 31 10 1 30 2 16 25 12 11 24 12 9 6 10 3.36768017929769181 20 11 22.6181040406227112 69.5888358732627239 
5 16 4 4 18 11 12 12 13 16 2 2 18 26 2 6 22 10 15 32 1 10 15 1 17 9 8 3.36768017929769181 17 12 18 6 13 9 1 9 6 3 5 5 28 2 14 10 1 1 30 2 18 29 1 11 24 12 9 6 10 3.36768017929769181 20 11 27.0354570746421814 54.6073167839438227 
5 16 4 4 18 11 12 12 13 16 2 2 18 26 2 6 22 10 15 32 1 10 15 1 17 9 8 3.36768017929769181 17 12 18 6 13 9 1 9 6 3 5 5 28 2 14 31 4 1 30 2 18 29 1 11 24 12 9 6 10 3.36768017929769181 20 11 24.1659270823001862 61.5699873310150281 
5 16 4 4 18 11 12 12 13 16 2 2 18 26 2 6 22 10 15 32 1 10 15 1 17 9 8 3.36768017929769181 17 12 18 6 13 9 1 9 6 3 5 5 28 2 17 32 3 1 30 2 14 1 4 11 24 12 9 6 10 3.36768017929769181 20 11 22.244403064250946 75.9717254967255116 
5 16 4 4 18 11 12 12 13 16 2 2 18 26 2 6 22 10 15 32 1 10 15 1 17 9 8 13 12 9 18 6 13 9 1 9 6 3 5 14 32 2.70999124060388841 14 18 6.96245171630185755 1 30 2 17 6 7 11 24 12 9 6 10 3.36768017929769181 20 11 20.3368711471557617 106.198036623177089 
5 16 4 4 18 11 12 12 13 16 2 2 18 26 2 6 22 10 15 32 1 10 15 1 17 9 8 3.36768017929769181 17 12 18 6 13 9 1 9 6 3 5 14 15 7 3 30 4 1 30 2 16 1 9 11 24 12 9 6 10 3.36768017929769181 20 11 21.0217781662940979 100.013263211166873 
8 20 4 4 18 11 12 12 13 16 2 2 18 26 2 6 22 10 15 32 1 10 15 1 17 9 8 3.36768017929769181 17 12 18 6 13 9 1 9 6 3 5 5 28 2 15 31 4 1 30 2 15 15 7 11 24 12 9 6 10 3.36768017929769181 20 11 21.7224259972572327 85.3781468746338277 
5 16 4 4 18 11 12 12 13 16 2 2 18 26 2 6 22 10 15 32 1 10 15 1 17 9 8 3.36768017929769181 17 12 18 6 13 9 1 9 6 3 5 5 28 2 14 15 4 1 30 2 17 19 1 11 24 12 9 6 10 3.36768017929769181 20 11 22.6639671325683594 67.1757677860731235 
5 16 4 4 18 11 12 12 13 16 2 2 18 26 2 6 22 10 15 32 1 10 15 1 17 9 8 3.36768017929769181 17 12 18 6 13 9 1 9 6 3 5 1 17 2.70999124060388841 17 18 7 1 30 2 14 26 9 11 24 12 9 6 10 3.36768017929769181 20 11 21.5027301013469696 88.1813540643874774 
5 16 4 4 18 11 12 12 13 16 2 2 15 6 9 6 22 10 15 32 1 10 15 1 17 9 8 3.36768017929769181 17 12 18 6 13 9 1 9 6 3 5 5 28 2 17 33 4 1 30 2 14 32 2.70999124060388841 11 24 12 9 6 10 3.36768017929769181 20 11 21.8506060242652893 78.7256379635689996 
8 31 3 4 18 11 12 12 13 16 2 2 18 26 2 6 22 10 15 32 1 10 15 1 17 9 8 3.36768017929769181 17 12 18 6 13 9 1 9 6 3 5 15 24 9 13 3 7 1 30 2 16 20 8 11 24 12 9 6 10 3.36768017929769181 20 11 20.8600331544876099 103.4027851299074 
5 16 4 4 18 11 12 12 13 16 2 2 18 26 2 6 22 10 15 32 1 10 15 1 17 9 8 3.36768017929769181 17 12 18 6 13 9 1 9 6 3 5 5 28 2 14 32 7 1 30 2 14 9 1 11 24 12 9 6 10 3.36768017929769181 20 11 22.2802261114120483 74.4617398474541261 
5 16 4 4 18 11 12 12 13 16 2 2 18 26 2 6 22 10 15 32 1 10 15 1 17 9 8 3.36768017929769181 17 12 18 6 13 9 1 9 6 3 5 5 28 2 14 32 4 1 30 2 18 29 1 11 24 12 9 6 10 3.36768017929769181 20 11 24.1561301052570343 61.9475171886936522 
5 16 4 4 18 11 12 12 13 16 2 2 18 26 2 6 22 10 15 32 1 10 15 1 17 9 8 3.36768017929769181 17 12 18 6 13 9 1 9 6 3 5 12 20 9 6 31 7 1 30 2 15 26 2.70999124060388841 11 24 12 9 6 10 3.36768017929769181 20 11 21.2263091206550598 88.7720782631397327 
5 16 4 4 18 11 12 12 13 16 2 2 18 26 2 6 22 10 15 32 1 10 15 1 17 9 8 3.36768017929769181 17 12 4 19 11 9 1 9 6 3 5 5 28 2 14 10 1 1 30 2 18 29 1 11 24 12 9 6 10 3.36768017929769181 20 11 26.4534119963645935 55.143134365051921 
5 16 4 4 18 11 12 12 13 16 2 2 18 26 2 6 22 10 15 32 1 10 15 1 17 9 8 3.36768017929769181 17 12 18 6 13 9 1 9 6 3 5 5 28 2 14 32 2.70999124060388841 1 30 2 18 29 1 11 24 12 9 6 10 3.36768017929769181 20 11 24.2351440787315369 59.4078020507492326 
5 16 4 4 18 11 12 12 13 16 2 2 18 26 2 6 22 10 15 32 1 10 15 1 17 9 8 3.36768017929769181 17 12 18 6 13 9 1 9 6 3 5 5 28 2 17 32 1 1 30 2 6 26 9 11 24 12 9 6 10 3.36768017929769181 20 11 22.4644310474395752 73.3749999999999858 
5 16 4 4 18 11 12 12 13 16 2 2 18 26 2 6 22 10 15 32 1 10 15 1 17 9 8 3.36768017929769181 17 12 18 6 13 9 1 9 6 3 5 5 28 2 2 31 1 1 30 2 18 29 1 4 24 13 9 6 10 3.36768017929769181 20 11 24.154151976108551 63.0428446771378717 
5 16 4 4 18 11 12 12 13 16 2 2 18 26 2 6 22 10 15 32 1 10 15 1 17 9 8 3.36768017929769181 17 12 18 6 13 9 1 9 6 3 5 5 28 2 6 32 9 1 30 2 17 15 8 11 24 12 9 6 10 3.36768017929769181 20 11 22.4806520342826843 71.8753968253968338 
5 16 4 4 18 11 12 12 13 16 2 2 18 26 2 6 22 10 15 32 1 10 15 1 17 9 8 3.36768017929769181 17 12 18 6 13 9 1 9 6 3 5 5 28 2 14 32 2.70999124060388841 1 30 2 16 5 8 11 24 12 9 6 10 3.36768017929769181 20 11 22.5568180680274963 70.8258241758241809 
5 16 4 4 18 11 12 12 13 16 2 2 18 26 2 6 22 10 15 32 1 10 15 1 17 9 8 3.36768017929769181 17 12 18 6 13 9 1 9 6 3 5 5 28 2 14 32 9 1 30 2 14 2 1 11 24 12 9 6 10 3.36768017929769181 20 11 22.3653151392936707 74.1557387057387132 
5 16 4 4 18 11 12 12 13 16 2 2 18 26 2 6 22 10 15 32 1 10 15 1 17 9 8 3.36768017929769181 17 12 18 6 13 9 1 9 6 3 5 13 5 3 6 32 10 1 30 2 2 31 2 11 24 12 9 6 10 3.36768017929769181 20 11 21.6010399460792542 86.5210831659052815 
5 16 4 4 18 11 12 12 13 16 2 2 18 26 2 6 22 10 15 32 1 10 15 1 17 9 8 3.36768017929769181 17 12 18 6 13 9 1 9 6 3 5 5 28 2 14 32 1 1 30 2 18 29 1 11 24 12 9 6 10 3.36768017929769181 20 11 24.371130108833313 56.9453273419520585 
5 16 4 4 18 11 12 12 13 16 2 2 18 26 2 6 22 10 15 32 1 10 15 1 17 9 8 3.36768017929769181 17 12 18 6 13 9 1 9 6 3 5 16 2 2.70999124060388841 14 10 1 1 30 2 18 29 1 11 24 12 9 6 10 3.36768017929769181 20 11 26.2464790940284729 56.6694669082757159 

Current Evaluation = 70000000(70000180)
Front Size = 39
13 14 2 14 15 3 13 30 9 4 20 1 15 32 12 15 31 11 17 16 5 3 26 6 1 1 2 3 6 9 3 14 4 13 31 13 15 16 13 15 5 12 2 15 10 10 6 4 16 15 10 4 30 8 2 1 1 6 26 2.70999124060388841 17.3870707750320435 210.110472327809731 
5 16 4 4 18 11 12 12 13 16 2 2 14 16 10 6 22 10 15 32 1 1 31 10 17 9 8 3.36768017929769181 17 12 18 6 13 12 11 7 6 3 5 14 24 1 1 24 12 1 30 2 13 31 7 11 24 12 9 6 10 3.36768017929769181 20 11 19.8487669229507446 134.135062928311982 
4 3 1 15 25 12 14 18 9 6 5.34074699537910114 4 10 24 8 13 30 2 6 1 7 13 32 12 12 15 3 4 1 9 13 25 6 1 6 2 9 20 8 3 12 2 4 5 5 14 31 3 1 14 6.96245171630185755 9 9 13 9 25 8 13 20 3 17.146587610244751 253.219074389662609 
18 26 7 15 11 13 17 1 10 13 9 8 6 18 9 3.36768017929769181 16.1354543567662532 13 14 6 11 17 24 13 16 16 2 4.94126535182462057 26 5 2 3 11 4 12 7 14 20 6 3 15 7 12 8 3 10 20 7 14 1 1 12 19 12 6 33 2 14 15 6 19.5405508875846863 178.443798195268755 
5 16 4 4 18 11 12 12 13 16 2 2 18 26 2 6 22 10 15 32 1 10 15 1 17 9 8 3.36768017929769181 17 12 18 6 13 9 1 9 6 3 5 5 28 2 16 2 2 1 30 2 14 31 1 11 24 12 9 6 10 3.36768017929769181 20 11 22.7304630279541016 63.2367602559133388 
5 16 4 4 18 11 12 12 13 16 2 2 1 19 3 6 22 10 15 32 1 10 15 1 17 9 8 3.36768017929769181 17 12 18 6 13 9 1 9 6 3 5 2 31 5 16 19 9 1 30 2 13 15 13 11 24 12 9 6 10 3.36768017929769181 20 11 21.0932929515838623 91.842770606338533 
5 16 4 4 18 11 12 12 13 16 2 2 18 26 2 6 22 10 15 32 1 10 15 1 17 9 8 3.36768017929769181 17 12 18 6 13 9 1 9 6 3 5 5 28 2 14 3 4 1 30 2 16 26 12 12 24 12 9 6 10 3.36768017929769181 20 11 21.9696000218391418 76.1082417582417747 
5 16 4 4 18 11 12 12 13 16 2 2 14 5.34074699537910114 9 6 22 10 15 32 1 10 15 1 17 9 8 3.36768017929769181 17 12 12 8 7 9 1 9 6 3 5 5 28 2 14 15 2 1 30 2 15 3 1 11 24 12 9 6 10 3.36768017929769181 20 11 21.1904679536819458 89.9523024053089415 
4 15 13 16 24 2.70999124060388841 9 30 7 12 20 3 5 26 3 15 6 5 16 31 12 6 20 12 6 15 8 12 19 2 9 26 6 9 30 10 1 24 6.96245171630185755 14 1 4 1 14 11 10 5 13 13 31 12 17 9 8 9 2 9 8 6 8 18.3449175357818604 178.57902141717932 
5 16 4 4 18 11 12 12 13 16 2 2 18 26 2 6 22 10 15 32 1 10 15 1 17 9 8 3.36768017929769181 17 12 18 6 13 9 1 9 6 3 5 5 28 2 15 31 10 1 30 2 16 25 12 11 24 12 9 6 10 3.36768017929769181 20 11 22.6181040406227112 69.5888358732627239 
5 16 4 4 18 11 12 12 13 16 2 2 18 26 2 6 22 10 15 32 1 10 15 1 17 9 8 3.36768017929769181 17 12 18 6 13 9 1 9 6 3 5 5 28 2 14 10 1 1 30 2 18 29 1 11 24 12 9 6 10 3.36768017929769181 20 11 27.0354570746421814 54.6073167839438227 
5 16 4 4 18 11 12 12 13 16 2 2 18 26 2 6 22 10 15 32 1 10 15 1 17 9 8 13 12 9 18 6 13 9 1 9 6 3 5 14 32 2.70999124060388841 14 18 6.96245171630185755 1 30 2 17 6 7 11 24 12 9 6 10 3.36768017929769181 20 11 20.3368711471557617 106.198036623177089 
8 20 4 4 18 11 12 12 13 16 2 2 18 26 2 6 22 10 15 32 1 10 15 1 17 9 8 3.36768017929769181 17 12 18 6 13 9 1 9 6 3 5 5 28 2 15 31 4 1 30 2 15 15 7 11 24 12 9 6 10 3.36768017929769181 20 11 21.7224259972572327 85.3781468746338277 
5 16 4 4 18 11 12 12 13 16 2 2 18 26 2 6 22 10 15 32 1 10 15 1 17 9 8 3.36768017929769181 17 12 18 6 13 9 1 9 6 3 5 5 28 2 14 15 4 1 30 2 17 19 1 11 24 12 9 6 10 3.36768017929769181 20 11 22.6639671325683594 67.1757677860731235 
5 16 4 4 18 11 12 12 13 16 2 2 18 26 2 6 22 10 15 32 1 10 15 1 17 9 8 3.36768017929769181 17 12 18 6 13 9 1 9 6 3 5 1 17 2.70999124060388841 17 18 7 1 30 2 14 26 9 11 24 12 9 6 10 3.36768017929769181 20 11 21.5027301013469696 88.1813540643874774 
5 16 4 4 18 11 12 12 13 16 2 2 15 6 9 6 22 10 15 32 1 10 15 1 17 9 8 3.36768017929769181 17 12 18 6 13 9 1 9 6 3 5 5 28 2 17 33 4 1 30 2 14 32 2.70999124060388841 11 24 12 9 6 10 3.36768017929769181 20 11 21.8506060242652893 78.7256379635689996 
5 16 4 4 18 11 12 12 13 16 2 2 18 26 2 6 22 10 15 32 1 10 15 1 17 9 8 3.36768017929769181 17 12 18 6 13 9 1 9 6 3 5 5 28 2 14 32 7 1 30 2 14 9 1 11 24 12 9 6 10 3.36768017929769181 20 11 22.2802261114120483 74.4617398474541261 
5 16 4 4 18 11 12 12 13 16 2 2 18 26 2 6 22 10 15 32 1 10 15 1 17 9 8 3.36768017929769181 17 12 18 6 13 9 1 9 6 3 5 12 20 9 6 31 7 1 30 2 15 26 2.70999124060388841 11 24 12 9 6 10 3.36768017929769181 20 11 21.2263091206550598 88.7720782631397327 
5 16 4 4 18 11 12 12 13 16 2 2 18 26 2 6 22 10 15 32 1 10 15 1 17 9 8 3.36768017929769181 17 12 4 19 11 9 1 9 6 3 5 5 28 2 14 10 1 1 30 2 18 29 1 11 24 12 9 6 10 3.36768017929769181 20 11 26.4534119963645935 55.143134365051921 
5 16 4 4 18 11 12 12 13 16 2 2 18 26 2 6 22 10 15 32 1 10 15 1 17 9 8 3.36768017929769181 17 12 18 6 13 9 1 9 6 3 5 5 28 2 14 32 2.70999124060388841 1 30 2 18 29 1 11 24 12 9 6 10 3.36768017929769181 20 11 24.2351440787315369 59.4078020507492326 
5 16 4 4 18 11 12 12 13 16 2 2 18 26 2 6 22 10 15 32 1 10 15 1 17 9 8 3.36768017929769181 17 12 18 6 13 9 1 9 6 3 5 5 28 2 17 32 1 1 30 2 6 26 9 11 24 12 9 6 10 3.36768017929769181 20 11 22.4644310474395752 73.3749999999999858 
5 16 4 4 18 11 12 12 13 16 2 2 18 26 2 6 22 10 15 32 1 10 15 1 17 9 8 3.36768017929769181 17 12 18 6 13 9 1 9 6 3 5 5 28 2 6 32 9 1 30 2 17 15 8 11 24 12 9 6 10 3.36768017929769181 20 11 22.4806520342826843 71.8753968253968338 
5 16 4 4 18 11 12 12 13 16 2 2 18 26 2 6 22 10 15 32 1 10 15 1 17 9 8 3.36768017929769181 17 12 18 6 13 9 1 9 6 3 5 5 28 2 14 32 9 1 30 2 14 2 1 11 24 12 9 6 10 3.36768017929769181 20 11 22.3653151392936707 74.1557387057387132 
5 16 4 4 18 11 12 12 13 16 2 2 18 26 2 6 22 10 15 32 1 10 15 1 17 9 8 3.36768017929769181 17 12 18 6 13 9 1 9 6 3 5 13 5 3 6 32 10 1 30 2 2 31 2 11 24 12 9 6 10 3.36768017929769181 20 11 21.6010399460792542 86.5210831659052815 
5 16 4 4 18 11 12 12 13 16 2 2 18 26 2 6 22 10 15 32 1 10 15 1 17 9 8 3.36768017929769181 17 12 18 6 13 9 1 9 6 3 5 5 28 2 14 32 1 1 30 2 18 29 1 11 24 12 9 6 10 3.36768017929769181 20 11 24.371130108833313 56.9453273419520585 
5 16 4 4 18 11 12 12 13 16 2 2 18 26 2 6 22 10 15 32 1 10 15 1 17 9 8 3.36768017929769181 17 12 18 6 13 9 1 9 6 3 5 5 28 2 14 31 4 1 30 2 15 25 11 11 24 12 9 6 10 3.36768017929769181 20 11 22.2823910415172577 74.3022272657211289 
5 16 4 4 18 11 12 12 13 16 2 2 18 26 2 6 22 10 15 32 1 10 15 1 17 9 8 3.36768017929769181 17 12 18 6 13 9 1 9 6 3 5 5 28 2 15 15 2 1 30 2 6 32 9 11 24 12 9 6 10 3.36768017929769181 20 11 22.3945650458335876 74.1166570271833223 
1 6 13 4 18 11 12 12 13 16 2 2 18 26 2 6 22 10 15 32 1 10 15 1 17 9 8 3.36768017929769181 17 12 18 6 13 9 1 9 6 3 5 5 28 2 14 1 4 1 30 2 17 12 13 11 24 12 9 6 10 3.36768017929769181 20 11 21.434705913066864 88.191982091982112 
5 16 4 4 18 11 12 12 13 16 2 2 18 26 2 6 22 10 15 32 1 10 15 1 17 9 8 3.36768017929769181 17 12 18 6 13 9 1 9 6 3 5 5 28 2 14 18 9 1 30 2 18 29 1 11 24 12 9 6 10 3.36768017929769181 20 11 24.3036321401596069 58.4877718271424385 
5 16 4 4 18 11 12 12 13 16 2 2 18 26 2 6 22 10 15 32 1 10 15 1 17 9 8 3.36768017929769181 17 12 18 6 13 9 1 9 6 3 5 5 28 2 14 15 1 1 30 2 2 1 7 11 24 12 9 6 10 3.36768017929769181 20 11 22.6062990427017212 69.6347762907421099 
5 16 4 4 18 11 12 12 13 16 2 2 18 26 2 6 22 10 15 32 1 10 15 1 17 9 8 3.36768017929769181 17 12 18 6 13 9 1 9 6 3 5 5 28 2 16 31 2.70999124060388841 1 30 2 6 32 13 11 24 12 9 6 10 3.36768017929769181 20 11 22.4954920411109924 70.7587301587301596 
5 16 4 4 18 11 12 12 13 16 2 2 18 26 2 6 22 10 15 32 1 10 15 1 17 9 8 3.36768017929769181 17 12 18 6 13 9 1 9 6 3 5 5 28 2 2 31 10 1 30 2 14 32 13 11 24 12 9 6 10 3.36768017929769181 20 11 22.4672310352325439 72.3860231271996071 
5 16 4 4 18 11 12 12 13 16 2 2 18 26 2 6 22 10 15 32 1 10 15 1 17 9 8 3.36768017929769181 17 12 18 6 13 9 1 9 6 3 5 13 1 9 1 18 2.70999124060388841 1 30 2 16 24 9 15 32 1 9 6 10 3.36768017929769181 20 11 20.7281550168991089 98.7085398322240479 
5 16 4 4 18 11 12 12 13 16 2 2 18 26 2 6 22 10 15 32 1 10 15 1 17 9 8 3.36768017929769181 17 12 18 6 13 9 1 9 6 3 5 5 28 2 16 2 1 1 30 2 18 29 1 11 24 12 9 6 10 3.36768017929769181 20 11 24.9280821681022644 56.1854813307459651 
5 16 4 4 18 11 12 12 13 16 2 2 18 26 2 6 22 10 15 32 1 10 15 1 17 9 8 3.36768017929769181 17 12 4 19 13 9 1 9 6 3 5 5 28 2 17 32 9 1 30 2 15 5 1 11 24 12 9 6 10 3.36768017929769181 20 11 22.1256670951843262 74.8094547964113303 
5 16 4 4 18 11 12 12 13 16 2 2 18 26 2 6 22 10 15 32 1 10 15 1 17 9 8 3.36768017929769181 17 12 18 6 13 9 1 9 6 3 5 16 12 2.70999124060388841 14 31 11 1 30 2 13 22 6 11 24 12 9 6 10 3.36768017929769181 20 11 21.5901839733123779 86.9649830775192925 
5 16 4 4 18 11 12 12 13 16 2 2 18 26 2 6 22 10 15 32 1 10 15 1 17 9 8 3.36768017929769181 17 12 18 6 13 9 1 9 6 3 5 5 28 2 14 32 9 1 30 2 14 16 2 11 24 12 9 6 10 3.36768017929769181 20 11 22.2680630683898926 74.6055194805194759 
5 16 4 4 18 11 12 12 13 16 2 2 18 26 2 6 22 10 15 32 1 10 15 1 17 9 8 3.36768017929769181 17 12 18 6 13 9 1 9 6 3 5 5 28 2 14 32 9 1 30 2 18 29 1 11 24 12 9 6 10 3.36768017929769181 20 11 24.1281061172485352 61.4026500132253901 
5 16 4 4 18 11 12 12 13 16 2 2 18 26 2 6 22 10 15 32 1 10 15 1 17 9 8 3.36768017929769181 17 12 4 19 4 9 1 9 6 3 5 5 28 2 14 9 1 1 30 2 18 29 1 11 24 12 9 6 10 3.36768017929769181 20 11 23.8450111150741577 61.9037204508655634 

Current Evaluation = 80000000(80000070)
Front Size = 41
13 14 2 14 15 3 13 30 9 4 20 1 15 32 12 15 31 11 17 16 5 3 26 6 1 1 2 3 6 9 3 14 4 13 31 13 15 16 13 15 5 12 2 15 10 10 6 4 16 15 10 4 30 8 2 1 1 6 26 2.70999124060388841 17.3870707750320435 210.110472327809731 
5 16 4 4 18 11 12 12 13 16 2 2 14 16 10 6 22 10 15 32 1 1 31 10 17 9 8 3.36768017929769181 17 12 18 6 13 12 11 7 6 3 5 14 24 1 1 24 12 1 30 2 13 31 7 11 24 12 9 6 10 3.36768017929769181 20 11 19.8487669229507446 134.135062928311982 
4 3 1 15 25 12 14 18 9 6 5.34074699537910114 4 10 24 8 13 30 2 6 1 7 13 32 12 12 15 3 4 1 9 13 25 6 1 6 2 9 20 8 3 12 2 4 5 5 14 31 3 1 14 6.96245171630185755 9 9 13 9 25 8 13 20 3 17.146587610244751 253.219074389662609 
18 26 7 15 11 13 17 1 10 13 9 8 6 18 9 3.36768017929769181 16.1354543567662532 13 14 6 11 17 24 13 16 16 2 4.94126535182462057 26 5 2 3 11 4 12 7 14 20 6 3 15 7 12 8 3 10 20 7 14 1 1 12 19 12 6 33 2 14 15 6 19.5405508875846863 178.443798195268755 
5 16 4 4 18 11 12 12 13 16 2 2 18 26 2 6 22 10 15 32 1 10 15 1 17 9 8 3.36768017929769181 17 12 18 6 13 9 1 9 6 3 5 5 28 2 16 2 2 1 30 2 14 31 1 11 24 12 9 6 10 3.36768017929769181 20 11 22.7304630279541016 63.2367602559133388 
5 16 4 4 18 11 12 12 13 16 2 2 1 19 3 6 22 10 15 32 1 10 15 1 17 9 8 3.36768017929769181 17 12 18 6 13 9 1 9 6 3 5 2 31 5 16 19 9 1 30 2 13 15 13 11 24 12 9 6 10 3.36768017929769181 20 11 21.0932929515838623 91.842770606338533 
5 16 4 4 18 11 12 12 13 16 2 2 18 26 2 6 22 10 15 32 1 10 15 1 17 9 8 3.36768017929769181 17 12 18 6 13 9 1 9 6 3 5 5 28 2 14 3 4 1 30 2 16 26 12 12 24 12 9 6 10 3.36768017929769181 20 11 21.9696000218391418 76.1082417582417747 
5 16 4 4 18 11 12 12 13 16 2 2 14 5.34074699537910114 9 6 22 10 15 32 1 10 15 1 17 9 8 3.36768017929769181 17 12 12 8 7 9 1 9 6 3 5 5 28 2 14 15 2 1 30 2 15 3 1 11 24 12 9 6 10 3.36768017929769181 20 11 21.1904679536819458 89.9523024053089415 
4 15 13 16 24 2.70999124060388841 9 30 7 12 20 3 5 26 3 15 6 5 16 31 12 6 20 12 6 15 8 12 19 2 9 26 6 9 30 10 1 24 6.96245171630185755 14 1 4 1 14 11 10 5 13 13 31 12 17 9 8 9 2 9 8 6 8 18.3449175357818604 178.57902141717932 
5 16 4 4 18 11 12 12 13 16 2 2 18 26 2 6 22 10 15 32 1 10 15 1 17 9 8 3.36768017929769181 17 12 18 6 13 9 1 9 6 3 5 5 28 2 15 31 10 1 30 2 16 25 12 11 24 12 9 6 10 3.36768017929769181 20 11 22.6181040406227112 69.5888358732627239 
5 16 4 4 18 11 12 12 13 16 2 2 18 26 2 6 22 10 15 32 1 10 15 1 17 9 8 3.36768017929769181 17 12 18 6 13 9 1 9 6 3 5 5 28 2 14 10 1 1 30 2 18 29 1 11 24 12 9 6 10 3.36768017929769181 20 11 27.0354570746421814 54.6073167839438227 
5 16 4 4 18 11 12 12 13 16 2 2 18 26 2 6 22 10 15 32 1 10 15 1 17 9 8 13 12 9 18 6 13 9 1 9 6 3 5 14 32 2.70999124060388841 14 18 6.96245171630185755 1 30 2 17 6 7 11 24 12 9 6 10 3.36768017929769181 20 11 20.3368711471557617 106.198036623177089 
8 20 4 4 18 11 12 12 13 16 2 2 18 26 2 6 22 10 15 32 1 10 15 1 17 9 8 3.36768017929769181 17 12 18 6 13 9 1 9 6 3 5 5 28 2 15 31 4 1 30 2 15 15 7 11 24 12 9 6 10 3.36768017929769181 20 11 21.7224259972572327 85.3781468746338277 
5 16 4 4 18 11 12 12 13 16 2 2 18 26 2 6 22 10 15 32 1 10 15 1 17 9 8 3.36768017929769181 17 12 18 6 13 9 1 9 6 3 5 5 28 2 14 15 4 1 30 2 17 19 1 11 24 12 9 6 10 3.36768017929769181 20 11 22.6639671325683594 67.1757677860731235 
5 16 4 4 18 11 12 12 13 16 2 2 18 26 2 6 22 10 15 32 1 10 15 1 17 9 8 3.36768017929769181 17 12 18 6 13 9 1 9 6 3 5 1 17 2.70999124060388841 17 18 7 1 30 2 14 26 9 11 24 12 9 6 10 3.36768017929769181 20 11 21.5027301013469696 88.1813540643874774 
5 16 4 4 18 11 12 12 13 16 2 2 15 6 9 6 22 10 15 32 1 10 15 1 17 9 8 3.36768017929769181 17 12 18 6 13 9 1 9 6 3 5 5 28 2 17 33 4 1 30 2 14 32 2.70999124060388841 11 24 12 9 6 10 3.36768017929769181 20 11 21.8506060242652893 78.7256379635689996 
5 16 4 4 18 11 12 12 13 16 2 2 18 26 2 6 22 10 15 32 1 10 15 1 17 9 8 3.36768017929769181 17 12 18 6 13 9 1 9 6 3 5 12 20 9 6 31 7 1 30 2 15 26 2.70999124060388841 11 24 12 9 6 10 3.36768017929769181 20 11 21.2263091206550598 88.7720782631397327 
5 16 4 4 18 11 12 12 13 16 2 2 18 26 2 6 22 10 15 32 1 10 15 1 17 9 8 3.36768017929769181 17 12 4 19 11 9 1 9 6 3 5 5 28 2 14 10 1 1 30 2 18 29 1 11 24 12 9 6 10 3.36768017929769181 20 11 26.4534119963645935 55.143134365051921 
5 16 4 4 18 11 12 12 13 16 2 2 18 26 2 6 22 10 15 32 1 10 15 1 17 9 8 3.36768017929769181 17 12 18 6 13 9 1 9 6 3 5 5 28 2 14 32 2.70999124060388841 1 30 2 18 29 1 11 24 12 9 6 10 3.36768017929769181 20 11 24.2351440787315369 59.4078020507492326 
5 16 4 4 18 11 12 12 13 16 2 2 18 26 2 6 22 10 15 32 1 10 15 1 17 9 8 3.36768017929769181 17 12 18 6 13 9 1 9 6 3 5 13 5 3 6 32 10 1 30 2 2 31 2 11 24 12 9 6 10 3.36768017929769181 20 11 21.6010399460792542 86.5210831659052815 
5 16 4 4 18 11 12 12 13 16 2 2 18 26 2 6 22 10 15 32 1 10 15 1 17 9 8 3.36768017929769181 17 12 18 6 13 9 1 9 6 3 5 5 28 2 14 32 1 1 30 2 18 29 1 11 24 12 9 6 10 3.36768017929769181 20 11 24.371130108833313 56.9453273419520585 
1 6 13 4 18 11 12 12 13 16 2 2 18 26 2 6 22 10 15 32 1 10 15 1 17 9 8 3.36768017929769181 17 12 18 6 13 9 1 9 6 3 5 5 28 2 14 1 4 1 30 2 17 12 13 11 24 12 9 6 10 3.36768017929769181 20 11 21.434705913066864 88.191982091982112 
5 16 4 4 18 11 12 12 13 16 2 2 18 26 2 6 22 10 15 32 1 10 15 1 17 9 8 3.36768017929769181 17 12 18 6 13 9 1 9 6 3 5 5 28 2 14 18 9 1 30 2 18 29 1 11 24 12 9 6 10 3.36768017929769181 20 11 24.3036321401596069 58.4877718271424385 
5 16 4 4 18 11 12 12 13 16 2 2 18 26 2 6 22 10 15 32 1 10 15 1 17 9 8 3.36768017929769181 17 12 18 6 13 9 1 9 6 3 5 5 28 2 14 15 1 1 30 2 2 1 7 11 24 12 9 6 10 3.36768017929769181 20 11 22.6062990427017212 69.6347762907421099 
5 16 4 4 18 11 12 12 13 16 2 2 18 26 2 6 22 10 15 32 1 10 15 1 17 9 8 3.36768017929769181 17 12 18 6 13 9 1 9 6 3 5 5 28 2 16 31 2.70999124060388841 1 30 2 6 32 13 11 24 12 9 6 10 3.36768017929769181 20 11 22.4954920411109924 70.7587301587301596 
5 16 4 4 18 11 12 12 13 16 2 2 18 26 2 6 22 10 15 32 1 10 15 1 17 9 8 3.36768017929769181 17 12 18 6 13 9 1 9 6 3 5 13 1 9 1 18 2.70999124060388841 1 30 2 16 24 9 15 32 1 9 6 10 3.36768017929769181 20 11 20.7281550168991089 98.7085398322240479 
5 16 4 4 18 11 12 12 13 16 2 2 18 26 2 6 22 10 15 32 1 10 15 1 17 9 8 3.36768017929769181 17 12 18 6 13 9 1 9 6 3 5 5 28 2 16 2 1 1 30 2 18 29 1 11 24 12 9 6 10 3.36768017929769181 20 11 24.9280821681022644 56.1854813307459651 
5 16 4 4 18 11 12 12 13 16 2 2 18 26 2 6 22 10 15 32 1 10 15 1 17 9 8 3.36768017929769181 17 12 4 19 13 9 1 9 6 3 5 5 28 2 17 32 9 1 30 2 15 5 1 11 24 12 9 6 10 3.36768017929769181 20 11 22.1256670951843262 74.8094547964113303 
5 16 4 4 18 11 12 12 13 16 2 2 18 26 2 6 22 10 15 32 1 10 15 1 17 9 8 3.36768017929769181 17 12 18 6 13 9 1 9 6 3 5 16 12 2.70999124060388841 14 31 11 1 30 2 13 22 6 11 24 12 9 6 10 3.36768017929769181 20 11 21.5901839733123779 86.9649830775192925 
5 16 4 4 18 11 12 12 13 16 2 2 18 26 2 6 22 10 15 32 1 10 15 1 17 9 8 3.36768017929769181 17 12 18 6 13 9 1 9 6 3 5 5 28 2 14 32 9 1 30 2 18 29 1 11 24 12 9 6 10 3.36768017929769181 20 11 24.1281061172485352 61.4026500132253901 
5 16 4 4 18 11 12 12 13 16 2 2 18 26 2 6 22 10 15 32 1 10 15 1 17 9 8 3.36768017929769181 17 12 4 19 4 9 1 9 6 3 5 5 28 2 14 9 1 1 30 2 18 29 1 11 24 12 9 6 10 3.36768017929769181 20 11 23.8450111150741577 61.9037204508655634 
5 16 4 4 18 11 12 12 13 16 2 2 18 26 2 6 22 10 15 32 1 10 15 1 17 9 8 3.36768017929769181 17 12 18 6 13 9 1 9 6 3 5 5 28 2 14 31 2 1 30 2 15 26 4 11 24 12 9 6 10 3.36768017929769181 20 11 22.2196970582008362 73.4198868071818822 
5 16 4 4 18 11 12 12 13 16 2 2 14 20 6 6 22 10 15 32 1 10 15 1 17 9 8 3.36768017929769181 17 12 18 6 13 9 1 9 6 3 5 3.36768017929769181 19 7 16 9 4 1 30 2 15 18 1 11 24 12 9 6 10 3.36768017929769181 20 11 20.9740460515022278 96.9132922224834061 
2 11 11 16 15 2.70999124060388841 12 28 9 4 24 12 16 26 2 8 32 5 11 19 9 1 1 6 17 30 1 2 25 4 4 18 5 5 7 2 15 9 2 3 28 9 9 12 9 4 6 11 13 26 3 3 31 2 14 24 2 6 16.1354543567662532 9 19.6053245067596436 162.574062444700559 
5 16 4 4 18 11 12 12 13 16 2 2 18 26 2 6 22 10 15 32 1 10 15 1 17 9 8 3.36768017929769181 17 12 18 6 13 9 1 9 6 3 5 5 28 2 14 15 2.70999124060388841 1 30 2 17 15 11 11 24 12 9 6 10 3.36768017929769181 20 11 22.4650571346282959 71.8484126984127158 
5 16 4 4 18 11 12 12 13 16 2 2 18 26 2 6 22 10 15 32 1 10 15 1 17 9 8 4 20 13 18 6 13 9 1 9 6 3 5 5 28 2 14 32 2 1 30 2 18 29 1 11 24 12 9 6 10 3.36768017929769181 20 11 23.7652870416641235 62.2293271270609196 
5 16 4 4 18 11 12 12 13 16 2 2 18 26 2 6 22 10 15 32 1 10 15 1 17 9 8 3.36768017929769181 17 12 18 6 13 9 1 9 6 3 5 5 28 2 1 30 1 16 18 2.70999124060388841 18 29 1 11 24 12 9 6 10 3.36768017929769181 20 11 24.7949690222740173 56.2374731636373681 
5 16 4 4 18 11 12 12 13 16 2 2 18 26 2 6 22 10 15 32 1 10 15 1 17 9 8 3.36768017929769181 17 12 18 6 13 9 1 9 6 3 5 5 28 2 14 32 2 16 18 2.70999124060388841 14 15 4 11 24 12 9 6 10 3.36768017929769181 20 11 22.3712949752807617 72.2137880116217588 
5 16 4 4 18 11 12 12 13 16 2 2 18 26 2 6 22 10 15 32 1 10 15 1 17 9 8 3.36768017929769181 17 12 12 26 11 9 1 9 6 3 5 5 28 2 15 31 10 16 18 2.70999124060388841 18 29 1 11 24 12 9 6 10 3.36768017929769181 20 11 24.0512779951095581 61.7884806811555904 
5 16 4 4 18 11 12 12 13 16 2 2 14 24 5 6 22 10 15 32 1 10 15 1 17 9 8 3.36768017929769181 17 12 18 6 13 9 1 9 6 3 5 5 28 2 14 10 1 16 18 2.70999124060388841 18 29 1 11 24 12 9 6 10 3.36768017929769181 20 11 26.1830419301986694 56.0299121089200725 
5 16 4 4 18 11 12 12 13 16 2 2 18 26 2 6 22 10 15 32 1 10 15 1 17 9 8 3.36768017929769181 17 12 18 6 13 9 1 9 6 3 5 5 28 2 14 10 1 16 18 2.70999124060388841 18 29 1 11 24 12 9 6 10 3.36768017929769181 20 11 27.370402991771698 53.5147570047862544 

Current Evaluation = 90000000(90000150)
Front Size = 40
13 14 2 14 15 3 13 30 9 4 20 1 15 32 12 15 31 11 17 16 5 3 26 6 1 1 2 3 6 9 3 14 4 13 31 13 15 16 13 15 5 12 2 15 10 10 6 4 16 15 10 4 30 8 2 1 1 6 26 2.70999124060388841 17.3870707750320435 210.110472327809731 
5 16 4 4 18 11 12 12 13 16 2 2 14 16 10 6 22 10 15 32 1 1 31 10 17 9 8 3.36768017929769181 17 12 18 6 13 12 11 7 6 3 5 14 24 1 1 24 12 1 30 2 13 31 7 11 24 12 9 6 10 3.36768017929769181 20 11 19.8487669229507446 134.135062928311982 
4 3 1 15 25 12 14 18 9 6 5.34074699537910114 4 10 24 8 13 30 2 6 1 7 13 32 12 12 15 3 4 1 9 13 25 6 1 6 2 9 20 8 3 12 2 4 5 5 14 31 3 1 14 6.96245171630185755 9 9 13 9 25 8 13 20 3 17.146587610244751 253.219074389662609 
18 26 7 15 11 13 17 1 10 13 9 8 6 18 9 3.36768017929769181 16.1354543567662532 13 14 6 11 17 24 13 16 16 2 4.94126535182462057 26 5 2 3 11 4 12 7 14 20 6 3 15 7 12 8 3 10 20 7 14 1 1 12 19 12 6 33 2 14 15 6 19.5405508875846863 178.443798195268755 
5 16 4 4 18 11 12 12 13 16 2 2 18 26 2 6 22 10 15 32 1 10 15 1 17 9 8 3.36768017929769181 17 12 18 6 13 9 1 9 6 3 5 5 28 2 16 2 2 1 30 2 14 31 1 11 24 12 9 6 10 3.36768017929769181 20 11 22.7304630279541016 63.2367602559133388 
5 16 4 4 18 11 12 12 13 16 2 2 1 19 3 6 22 10 15 32 1 10 15 1 17 9 8 3.36768017929769181 17 12 18 6 13 9 1 9 6 3 5 2 31 5 16 19 9 1 30 2 13 15 13 11 24 12 9 6 10 3.36768017929769181 20 11 21.0932929515838623 91.842770606338533 
5 16 4 4 18 11 12 12 13 16 2 2 18 26 2 6 22 10 15 32 1 10 15 1 17 9 8 3.36768017929769181 17 12 18 6 13 9 1 9 6 3 5 5 28 2 14 3 4 1 30 2 16 26 12 12 24 12 9 6 10 3.36768017929769181 20 11 21.9696000218391418 76.1082417582417747 
5 16 4 4 18 11 12 12 13 16 2 2 14 5.34074699537910114 9 6 22 10 15 32 1 10 15 1 17 9 8 3.36768017929769181 17 12 12 8 7 9 1 9 6 3 5 5 28 2 14 15 2 1 30 2 15 3 1 11 24 12 9 6 10 3.36768017929769181 20 11 21.1904679536819458 89.9523024053089415 
4 15 13 16 24 2.70999124060388841 9 30 7 12 20 3 5 26 3 15 6 5 16 31 12 6 20 12 6 15 8 12 19 2 9 26 6 9 30 10 1 24 6.96245171630185755 14 1 4 1 14 11 10 5 13 13 31 12 17 9 8 9 2 9 8 6 8 18.3449175357818604 178.57902141717932 
5 16 4 4 18 11 12 12 13 16 2 2 18 26 2 6 22 10 15 32 1 10 15 1 17 9 8 3.36768017929769181 17 12 18 6 13 9 1 9 6 3 5 5 28 2 15 31 10 1 30 2 16 25 12 11 24 12 9 6 10 3.36768017929769181 20 11 22.6181040406227112 69.5888358732627239 
5 16 4 4 18 11 12 12 13 16 2 2 18 26 2 6 22 10 15 32 1 10 15 1 17 9 8 13 12 9 18 6 13 9 1 9 6 3 5 14 32 2.70999124060388841 14 18 6.96245171630185755 1 30 2 17 6 7 11 24 12 9 6 10 3.36768017929769181 20 11 20.3368711471557617 106.198036623177089 
5 16 4 4 18 11 12 12 13 16 2 2 18 26 2 6 22 10 15 32 1 10 15 1 17 9 8 3.36768017929769181 17 12 18 6 13 9 1 9 6 3 5 5 28 2 14 15 4 1 30 2 17 19 1 11 24 12 9 6 10 3.36768017929769181 20 11 22.6639671325683594 67.1757677860731235 
5 16 4 4 18 11 12 12 13 16 2 2 18 26 2 6 22 10 15 32 1 10 15 1 17 9 8 3.36768017929769181 17 12 18 6 13 9 1 9 6 3 5 1 17 2.70999124060388841 17 18 7 1 30 2 14 26 9 11 24 12 9 6 10 3.36768017929769181 20 11 21.5027301013469696 88.1813540643874774 
5 16 4 4 18 11 12 12 13 16 2 2 15 6 9 6 22 10 15 32 1 10 15 1 17 9 8 3.36768017929769181 17 12 18 6 13 9 1 9 6 3 5 5 28 2 17 33 4 1 30 2 14 32 2.70999124060388841 11 24 12 9 6 10 3.36768017929769181 20 11 21.8506060242652893 78.7256379635689996 
5 16 4 4 18 11 12 12 13 16 2 2 18 26 2 6 22 10 15 32 1 10 15 1 17 9 8 3.36768017929769181 17 12 18 6 13 9 1 9 6 3 5 12 20 9 6 31 7 1 30 2 15 26 2.70999124060388841 11 24 12 9 6 10 3.36768017929769181 20 11 21.2263091206550598 88.7720782631397327 
5 16 4 4 18 11 12 12 13 16 2 2 18 26 2 6 22 10 15 32 1 10 15 1 17 9 8 3.36768017929769181 17 12 4 19 11 9 1 9 6 3 5 5 28 2 14 10 1 1 30 2 18 29 1 11 24 12 9 6 10 3.36768017929769181 20 11 26.4534119963645935 55.143134365051921 
5 16 4 4 18 11 12 12 13 16 2 2 18 26 2 6 22 10 15 32 1 10 15 1 17 9 8 3.36768017929769181 17 12 18 6 13 9 1 9 6 3 5 5 28 2 14 32 2.70999124060388841 1 30 2 18 29 1 11 24 12 9 6 10 3.36768017929769181 20 11 24.2351440787315369 59.4078020507492326 
5 16 4 4 18 11 12 12 13 16 2 2 18 26 2 6 22 10 15 32 1 10 15 1 17 9 8 3.36768017929769181 17 12 18 6 13 9 1 9 6 3 5 5 28 2 14 32 1 1 30 2 18 29 1 11 24 12 9 6 10 3.36768017929769181 20 11 24.371130108833313 56.9453273419520585 
1 6 13 4 18 11 12 12 13 16 2 2 18 26 2 6 22 10 15 32 1 10 15 1 17 9 8 3.36768017929769181 17 12 18 6 13 9 1 9 6 3 5 5 28 2 14 1 4 1 30 2 17 12 13 11 24 12 9 6 10 3.36768017929769181 20 11 21.434705913066864 88.191982091982112 
5 16 4 4 18 11 12 12 13 16 2 2 18 26 2 6 22 10 15 32 1 10 15 1 17 9 8 3.36768017929769181 17 12 18 6 13 9 1 9 6 3 5 5 28 2 14 18 9 1 30 2 18 29 1 11 24 12 9 6 10 3.36768017929769181 20 11 24.3036321401596069 58.4877718271424385 
5 16 4 4 18 11 12 12 13 16 2 2 18 26 2 6 22 10 15 32 1 10 15 1 17 9 8 3.36768017929769181 17 12 18 6 13 9 1 9 6 3 5 5 28 2 14 15 1 1 30 2 2 1 7 11 24 12 9 6 10 3.36768017929769181 20 11 22.6062990427017212 69.6347762907421099 
5 16 4 4 18 11 12 12 13 16 2 2 18 26 2 6 22 10 15 32 1 10 15 1 17 9 8 3.36768017929769181 17 12 18 6 13 9 1 9 6 3 5 5 28 2 16 31 2.70999124060388841 1 30 2 6 32 13 11 24 12 9 6 10 3.36768017929769181 20 11 22.4954920411109924 70.7587301587301596 
5 16 4 4 18 11 12 12 13 16 2 2 18 26 2 6 22 10 15 32 1 10 15 1 17 9 8 3.36768017929769181 17 12 18 6 13 9 1 9 6 3 5 13 1 9 1 18 2.70999124060388841 1 30 2 16 24 9 15 32 1 9 6 10 3.36768017929769181 20 11 20.7281550168991089 98.7085398322240479 
5 16 4 4 18 11 12 12 13 16 2 2 18 26 2 6 22 10 15 32 1 10 15 1 17 9 8 3.36768017929769181 17 12 18 6 13 9 1 9 6 3 5 5 28 2 16 2 1 1 30 2 18 29 1 11 24 12 9 6 10 3.36768017929769181 20 11 24.9280821681022644 56.1854813307459651 
5 16 4 4 18 11 12 12 13 16 2 2 18 26 2 6 22 10 15 32 1 10 15 1 17 9 8 3.36768017929769181 17 12 4 19 13 9 1 9 6 3 5 5 28 2 17 32 9 1 30 2 15 5 1 11 24 12 9 6 10 3.36768017929769181 20 11 22.1256670951843262 74.8094547964113303 
5 16 4 4 18 11 12 12 13 16 2 2 18 26 2 6 22 10 15 32 1 10 15 1 17 9 8 3.36768017929769181 17 12 4 19 4 9 1 9 6 3 5 5 28 2 14 9 1 1 30 2 18 29 1 11 24 12 9 6 10 3.36768017929769181 20 11 23.8450111150741577 61.9037204508655634 
5 16 4 4 18 11 12 12 13 16 2 2 18 26 2 6 22 10 15 32 1 10 15 1 17 9 8 3.36768017929769181 17 12 18 6 13 9 1 9 6 3 5 5 28 2 14 31 2 1 30 2 15 26 4 11 24 12 9 6 10 3.36768017929769181 20 11 22.2196970582008362 73.4198868071818822 
5 16 4 4 18 11 12 12 13 16 2 2 14 20 6 6 22 10 15 32 1 10 15 1 17 9 8 3.36768017929769181 17 12 18 6 13 9 1 9 6 3 5 3.36768017929769181 19 7 16 9 4 1 30 2 15 18 1 11 24 12 9 6 10 3.36768017929769181 20 11 20.9740460515022278 96.9132922224834061 
2 11 11 16 15 2.70999124060388841 12 28 9 4 24 12 16 26 2 8 32 5 11 19 9 1 1 6 17 30 1 2 25 4 4 18 5 5 7 2 15 9 2 3 28 9 9 12 9 4 6 11 13 26 3 3 31 2 14 24 2 6 16.1354543567662532 9 19.6053245067596436 162.574062444700559 
5 16 4 4 18 11 12 12 13 16 2 2 18 26 2 6 22 10 15 32 1 10 15 1 17 9 8 3.36768017929769181 17 12 18 6 13 9 1 9 6 3 5 5 28 2 14 15 2.70999124060388841 1 30 2 17 15 11 11 24 12 9 6 10 3.36768017929769181 20 11 22.4650571346282959 71.8484126984127158 
5 16 4 4 18 11 12 12 13 16 2 2 18 26 2 6 22 10 15 32 1 10 15 1 17 9 8 4 20 13 18 6 13 9 1 9 6 3 5 5 28 2 14 32 2 1 30 2 18 29 1 11 24 12 9 6 10 3.36768017929769181 20 11 23.7652870416641235 62.2293271270609196 
5 16 4 4 18 11 12 12 13 16 2 2 18 26 2 6 22 10 15 32 1 10 15 1 17 9 8 3.36768017929769181 17 12 18 6 13 9 1 9 6 3 5 5 28 2 1 30 1 16 18 2.70999124060388841 18 29 1 11 24 12 9 6 10 3.36768017929769181 20 11 24.7949690222740173 56.2374731636373681 
5 16 4 4 18 11 12 12 13 16 2 2 18 26 2 6 22 10 15 32 1 10 15 1 17 9 8 3.36768017929769181 17 12 18 6 13 9 1 9 6 3 5 5 28 2 14 32 2 16 18 2.70999124060388841 14 15 4 11 24 12 9 6 10 3.36768017929769181 20 11 22.3712949752807617 72.2137880116217588 
5 16 4 4 18 11 12 12 13 16 2 2 14 24 5 6 22 10 15 32 1 10 15 1 17 9 8 3.36768017929769181 17 12 18 6 13 9 1 9 6 3 5 5 28 2 14 10 1 16 18 2.70999124060388841 18 29 1 11 24 12 9 6 10 3.36768017929769181 20 11 26.1830419301986694 56.0299121089200725 
1 1 9 4 18 11 12 12 13 16 2 2 18 26 2 6 22 10 15 32 1 10 15 1 17 9 8 3.36768017929769181 17 12 18 6 13 9 1 9 6 3 5 5 28 2 14 10 1 16 18 2.70999124060388841 18 29 1 11 24 12 9 6 10 3.36768017929769181 20 11 26.4679199457168579 54.8418134577468592 
5 16 4 4 18 11 12 12 13 16 2 2 18 26 2 6 22 10 15 32 1 10 15 1 17 9 8 3.36768017929769181 17 12 18 6 13 9 1 9 6 3 5 5 28 2 14 10 1 16 18 2.70999124060388841 18 29 1 11 24 12 9 6 10 3.36768017929769181 20 11 27.370402991771698 52.9886936376928332 
14 1 4 4 18 11 12 12 13 16 2 2 18 26 2 6 22 10 15 32 1 10 15 1 17 9 8 3.36768017929769181 17 12 10 2 11 9 1 9 6 3 5 5 28 2 1 32 4 16 18 2.70999124060388841 15 31 2 11 24 12 9 6 10 3.36768017929769181 20 11 21.5877338647842407 85.2735610724972446 
5 16 4 4 18 11 12 12 13 16 2 2 1 19 5 6 22 10 15 32 1 10 15 1 17 9 8 3.36768017929769181 17 12 18 6 13 9 1 9 6 3 5 5 28 2 14 10 1 16 18 2.70999124060388841 18 29 1 11 24 12 9 6 10 3.36768017929769181 20 11 26.645845890045166 53.7051163499916342 
6 15 10 4 18 11 12 12 13 16 2 2 18 26 2 6 22 10 15 32 1 10 15 1 17 9 8 3.36768017929769181 17 12 18 6 13 9 1 9 6 3 5 5 28 2 1 31 2.70999124060388841 16 18 2.70999124060388841 18 29 1 11 24 12 9 6 10 3.36768017929769181 20 11 23.9895009398460388 61.230038464772349 
5 16 4 4 18 11 12 12 13 16 2 2 18 26 2 6 22 10 15 32 1 10 15 1 17 9 8 3.36768017929769181 17 12 18 6 13 9 1 9 6 3 5 5 28 2 14 15 1 16 18 2.70999124060388841 18 29 1 11 24 12 9 6 10 3.36768017929769181 20 11 24.7937110066413879 56.3754684343161259 

Current Evaluation = 100000000(100000040)
Front Size = 31
13 14 2 14 15 3 13 30 9 4 20 1 15 32 12 15 31 11 17 16 5 3 26 6 1 1 2 3 6 9 3 14 4 13 31 13 15 16 13 15 5 12 2 15 10 10 6 4 16 15 10 4 30 8 2 1 1 6 26 2.70999124060388841 17.3870707750320435 210.110472327809731 
4 3 1 15 25 12 14 18 9 6 5.34074699537910114 4 10 24 8 13 30 2 6 1 7 13 32 12 12 15 3 4 1 9 13 25 6 1 6 2 9 20 8 3 12 2 4 5 5 14 31 3 1 14 6.96245171630185755 9 9 13 9 25 8 13 20 3 17.146587610244751 253.219074389662609 
4 15 13 16 24 2.70999124060388841 9 30 7 12 20 3 5 26 3 15 6 5 16 31 12 6 20 12 6 15 8 12 19 2 9 26 6 9 30 10 1 24 6.96245171630185755 14 1 4 1 14 11 10 5 13 13 31 12 17 9 8 9 2 9 8 6 8 18.3449175357818604 178.57902141717932 
10 16 1 4 18 11 12 12 13 16 2 2 14 6 7 6 22 10 15 32 1 10 15 1 17 9 8 3.36768017929769181 17 12 18 6 13 9 1 9 6 3 5 5 28 2 14 30 4 16 18 2.70999124060388841 4 1 4 11 24 12 9 6 10 3.36768017929769181 20 11 21.2983439266681671 73.2442319640150004 
9 24 5 13 1 6 12 12 2.70999124060388841 14 31 13 6 23 7 17 26 3 1 1 9 11 25 13 1 30 2 2 6 13 1 22 5 16 20 12 15 33 5 12 15 10 3 16 1 15 32 10 13 30 1 14 24 12 8 5 4 14 11 8 18.4319850206375122 175.89720736779563 
10 16 1 4 18 11 12 12 13 16 2 2 14 6 7 6 22 10 15 32 1 10 15 1 17 9 8 3.36768017929769181 17 12 18 6 13 9 1 9 6 3 5 5 28 2 15 30 1 16 18 2.70999124060388841 3 26 9 11 24 12 9 6 10 3.36768017929769181 20 11 21.7870719432830811 67.6457944291695412 
10 16 1 4 18 11 12 12 13 16 2 2 14 6 7 6 22 10 15 32 1 10 15 1 17 9 8 3.36768017929769181 17 12 18 6 13 9 1 9 6 3 5 5 28 2 2 16 1 16 18 2.70999124060388841 18 29 1 11 24 12 9 6 10 3.36768017929769181 20 11 24.3525789976119995 51.1430665515180181 
15 26 4 4 18 11 12 12 13 16 2 2 14 6 7 6 22 10 15 32 1 10 15 1 17 9 8 3.36768017929769181 17 12 18 6 13 9 1 9 6 3 5 5 28 2 1 30 4 16 18 2.70999124060388841 18 25 12 11 24 12 9 6 10 3.36768017929769181 20 11 21.508650004863739 73.0009037990140115 
10 16 1 4 18 11 12 12 13 16 2 2 14 6 7 6 22 10 15 32 1 10 15 1 17 9 8 3.36768017929769181 17 12 18 6 13 9 1 9 6 3 5 5 28 2 14 32 10 16 18 2.70999124060388841 18 29 1 11 24 12 9 6 10 3.36768017929769181 20 11 23.4834719896316528 55.4649268974002609 
10 16 1 4 18 11 12 12 13 16 2 2 14 6 7 6 22 10 15 32 1 10 15 1 17 9 8 3.36768017929769181 17 12 4 26 11 9 1 9 6 3 5 5 28 2 14 8 1 16 18 2.70999124060388841 18 29 1 11 24 12 9 6 10 3.36768017929769181 20 11 23.246275007724762 58.38575465306225 
10 16 1 4 18 11 12 12 13 16 2 2 14 6 7 6 22 10 15 32 1 10 15 1 17 9 8 3.36768017929769181 17 12 18 6 13 9 1 9 6 3 5 5 28 2 1 31 2.70999124060388841 16 18 2.70999124060388841 4 26 6 11 24 12 9 6 10 3.36768017929769181 20 11 21.794395923614502 66.9103331448709326 
10 16 1 4 18 11 12 12 13 16 2 2 14 6 7 6 22 10 15 32 1 10 15 1 17 9 8 3.36768017929769181 17 12 18 6 13 9 1 9 6 3 5 1 15 9 15 1 10 16 18 2.70999124060388841 6 15 7 11 24 12 4 9 13 3.36768017929769181 20 11 20.6357338428497314 76.2111143758202729 
10 16 1 4 18 11 12 12 13 16 2 2 14 6 7 6 22 10 15 32 1 10 15 1 17 9 8 3.36768017929769181 17 12 18 6 13 9 1 9 6 3 5 5 28 2 14 30 6 16 18 2.70999124060388841 12 5 1 11 24 12 9 6 10 3.36768017929769181 20 11 21.8731279373168945 64.7954356847129702 
10 30 9 4 18 11 12 12 13 16 2 2 14 6 7 6 22 10 15 32 1 10 15 1 17 9 8 3.36768017929769181 17 12 18 6 13 9 1 9 14 14 7 5 28 2 6 30 7 16 18 2.70999124060388841 1 30 13 11 24 12 9 6 10 3.36768017929769181 20 11 20.5592777729034424 91.2708338619037818 
10 16 1 4 18 11 12 12 13 16 2 2 14 6 7 6 22 10 15 32 1 10 15 1 17 9 8 3.36768017929769181 17 12 18 6 13 9 1 9 6 3 5 5 28 2 14 10 1 16 18 2.70999124060388841 18 29 1 11 24 12 4 1 10 3.36768017929769181 20 11 26.1850478649139404 51.0890918196241728 
10 16 1 4 18 11 12 12 13 16 2 2 14 6 7 6 22 10 15 32 1 10 15 1 17 9 8 3.36768017929769181 17 12 18 6 13 9 1 9 6 3 5 5 28 2 1 31 10 16 18 2.70999124060388841 10 9 1 11 24 12 9 6 10 3.36768017929769181 20 11 22.4910228252410889 64.5996153102060475 
10 16 1 4 18 11 12 12 13 16 2 2 14 6 7 6 22 10 15 32 1 10 15 1 17 9 8 3.36768017929769181 17 12 18 6 13 9 1 9 6 3 5 5 28 2 14 31 7 16 18 2.70999124060388841 18 29 1 11 24 12 9 6 10 3.36768017929769181 20 11 23.439268946647644 56.1287919930187158 
10 16 1 4 18 11 12 12 13 16 2 2 14 6 7 6 22 10 15 32 1 10 15 1 17 9 8 3.36768017929769181 17 12 18 6 13 9 1 9 6 3 5 5 28 2 14 32 1 16 18 2.70999124060388841 18 29 1 11 24 12 9 6 10 3.36768017929769181 20 11 23.6244719624519348 53.6459995626485124 
10 16 1 4 18 11 12 12 13 16 2 2 14 6 7 6 22 10 15 32 1 10 15 1 17 9 8 3.36768017929769181 17 12 18 6 13 9 1 9 6 3 5 5 28 2 2 32 2 16 18 2.70999124060388841 18 29 1 11 24 12 9 6 10 3.36768017929769181 20 11 23.8692198991775513 53.2004394998608134 
10 16 1 4 18 11 12 12 13 16 2 2 14 6 7 6 22 10 15 32 1 10 15 1 17 9 8 3.36768017929769181 17 12 18 6 13 9 1 9 6 3 5 5 28 2 1 22 2.70999124060388841 16 18 2.70999124060388841 18 29 1 11 24 12 9 6 10 3.36768017929769181 20 11 24.0579879283905029 52.8589452816043419 
10 16 1 4 18 11 12 12 13 16 2 2 14 6 7 6 22 10 15 32 1 10 15 1 17 9 8 3.36768017929769181 17 12 18 6 13 9 1 9 6 3 5 5 28 2 14 30 1 16 18 2.70999124060388841 13 6 8 11 24 12 9 6 10 3.36768017929769181 20 11 21.5181348919868469 69.8448804063861814 
10 16 1 4 18 11 12 12 13 16 2 2 14 6 7 6 22 10 15 32 1 10 15 1 17 9 8 3.36768017929769181 17 12 12 26 11 9 1 9 6 3 5 5 28 2 14 15 1 16 18 2.70999124060388841 18 29 1 11 24 12 9 6 10 3.36768017929769181 20 11 22.9579399228096008 58.4929151194597381 
10 16 1 4 18 11 12 12 13 16 2 2 14 6 7 6 22 10 15 32 1 10 15 1 17 9 8 3.36768017929769181 17 12 18 6 13 9 1 9 6 3 5 5 28 2 14 10 1 16 18 2.70999124060388841 18 29 1 11 24 12 9 6 10 3.36768017929769181 20 11 26.2887989282608032 49.3005255932586763 
14 5 4 4 18 11 12 12 13 16 2 2 14 6 7 6 22 10 15 32 1 10 15 1 17 9 8 3.36768017929769181 17 12 18 6 13 9 1 9 6 3 5 14 19 5 1 1 9 16 18 2.70999124060388841 4 5 4 11 24 12 9 6 10 3.36768017929769181 20 11 19.5419179201126099 99.9216288061946472 
10 16 1 4 18 11 12 12 13 16 2 2 14 6 7 6 22 10 15 32 1 10 15 1 17 9 8 3.36768017929769181 17 12 18 6 13 9 1 9 6 3 5 5 28 2 14 30 4 16 18 2.70999124060388841 18 29 1 11 24 12 9 6 10 3.36768017929769181 20 11 23.3189899623394012 57.4973810949952551 
10 16 1 4 18 11 12 12 13 16 2 2 14 6 7 6 22 10 15 32 1 10 15 1 17 9 8 3.36768017929769181 17 12 18 6 13 9 1 9 6 3 5 5 28 2 14 30 2.70999124060388841 16 18 2.70999124060388841 18 29 1 11 24 12 9 6 10 3.36768017929769181 20 11 23.3980039656162262 56.1701499049079587 
10 16 1 4 18 11 12 12 13 16 2 2 14 6 7 6 22 10 15 32 1 10 15 1 17 9 8 3.36768017929769181 17 12 18 6 13 9 1 9 6 3 5 5 28 2 1 32 6 16 18 2.70999124060388841 10 2 2.70999124060388841 11 24 12 9 6 10 3.36768017929769181 20 11 22.5443529486656189 59.5572612073626573 
10 16 1 4 18 11 12 12 13 16 2 2 14 6 7 6 22 10 15 32 1 10 15 1 17 9 8 3.36768017929769181 17 12 18 6 13 9 1 9 6 3 5 5 28 2 1 30 1 16 18 2.70999124060388841 2 20 4 11 24 12 9 6 10 3.36768017929769181 20 11 21.7916039228439331 67.3107113393569563 
10 16 1 4 18 11 12 12 13 16 2 2 14 6 7 6 22 10 15 32 1 8 2 9 17 9 8 3.36768017929769181 17 12 14 26 2.70999124060388841 9 1 9 6 3 5 5 28 2 14 15 6 16 18 2.70999124060388841 2 32 11 11 24 12 9 6 10 3.36768017929769181 20 11 20.3972568511962891 98.8320968950859253 
10 16 1 4 18 11 12 12 13 16 2 2 14 6 7 6 22 10 15 32 1 10 15 1 17 9 8 3.36768017929769181 17 12 18 6 13 9 1 9 6 3 5 14 20 7 10 15 2 16 18 2.70999124060388841 1 32 6 11 24 12 9 6 10 3.36768017929769181 20 11 20.9023399949073792 73.3621923446923461 
10 16 1 4 18 11 12 12 13 16 2 2 14 6 7 6 22 10 15 32 1 10 15 1 17 9 8 3.36768017929769181 17 12 18 6 13 9 1 9 6 3 5 5 28 2 1 32 9 16 18 2.70999124060388841 18 29 1 11 24 12 9 6 10 3.36768017929769181 20 11 23.5608229637145996 55.0300884000356945 

MOEA/D: Multiobjective Evolutionary Algorithm Based on Decomposition
Number of Evaluations = 100000000
Mutation Probability = 0.0500000007450580597
Population Size = 190
Neighborhood size = 48
Seed: 13

Time =  22574.3998270000011

Current Evaluation = 100000040
Front Size = 31
13 14 2 14 15 3 13 30 9 4 20 1 15 32 12 15 31 11 17 16 5 3 26 6 1 1 2 3 6 9 3 14 4 13 31 13 15 16 13 15 5 12 2 15 10 10 6 4 16 15 10 4 30 8 2 1 1 6 26 2.70999124060388841 17.3870707750320435 210.110472327809731 
4 3 1 15 25 12 14 18 9 6 5.34074699537910114 4 10 24 8 13 30 2 6 1 7 13 32 12 12 15 3 4 1 9 13 25 6 1 6 2 9 20 8 3 12 2 4 5 5 14 31 3 1 14 6.96245171630185755 9 9 13 9 25 8 13 20 3 17.146587610244751 253.219074389662609 
4 15 13 16 24 2.70999124060388841 9 30 7 12 20 3 5 26 3 15 6 5 16 31 12 6 20 12 6 15 8 12 19 2 9 26 6 9 30 10 1 24 6.96245171630185755 14 1 4 1 14 11 10 5 13 13 31 12 17 9 8 9 2 9 8 6 8 18.3449175357818604 178.57902141717932 
10 16 1 4 18 11 12 12 13 16 2 2 14 6 7 6 22 10 15 32 1 10 15 1 17 9 8 3.36768017929769181 17 12 18 6 13 9 1 9 6 3 5 5 28 2 14 30 4 16 18 2.70999124060388841 4 1 4 11 24 12 9 6 10 3.36768017929769181 20 11 21.2983439266681671 73.2442319640150004 
9 24 5 13 1 6 12 12 2.70999124060388841 14 31 13 6 23 7 17 26 3 1 1 9 11 25 13 1 30 2 2 6 13 1 22 5 16 20 12 15 33 5 12 15 10 3 16 1 15 32 10 13 30 1 14 24 12 8 5 4 14 11 8 18.4319850206375122 175.89720736779563 
10 16 1 4 18 11 12 12 13 16 2 2 14 6 7 6 22 10 15 32 1 10 15 1 17 9 8 3.36768017929769181 17 12 18 6 13 9 1 9 6 3 5 5 28 2 15 30 1 16 18 2.70999124060388841 3 26 9 11 24 12 9 6 10 3.36768017929769181 20 11 21.7870719432830811 67.6457944291695412 
10 16 1 4 18 11 12 12 13 16 2 2 14 6 7 6 22 10 15 32 1 10 15 1 17 9 8 3.36768017929769181 17 12 18 6 13 9 1 9 6 3 5 5 28 2 2 16 1 16 18 2.70999124060388841 18 29 1 11 24 12 9 6 10 3.36768017929769181 20 11 24.3525789976119995 51.1430665515180181 
15 26 4 4 18 11 12 12 13 16 2 2 14 6 7 6 22 10 15 32 1 10 15 1 17 9 8 3.36768017929769181 17 12 18 6 13 9 1 9 6 3 5 5 28 2 1 30 4 16 18 2.70999124060388841 18 25 12 11 24 12 9 6 10 3.36768017929769181 20 11 21.508650004863739 73.0009037990140115 
10 16 1 4 18 11 12 12 13 16 2 2 14 6 7 6 22 10 15 32 1 10 15 1 17 9 8 3.36768017929769181 17 12 18 6 13 9 1 9 6 3 5 5 28 2 14 32 10 16 18 2.70999124060388841 18 29 1 11 24 12 9 6 10 3.36768017929769181 20 11 23.4834719896316528 55.4649268974002609 
10 16 1 4 18 11 12 12 13 16 2 2 14 6 7 6 22 10 15 32 1 10 15 1 17 9 8 3.36768017929769181 17 12 4 26 11 9 1 9 6 3 5 5 28 2 14 8 1 16 18 2.70999124060388841 18 29 1 11 24 12 9 6 10 3.36768017929769181 20 11 23.246275007724762 58.38575465306225 
10 16 1 4 18 11 12 12 13 16 2 2 14 6 7 6 22 10 15 32 1 10 15 1 17 9 8 3.36768017929769181 17 12 18 6 13 9 1 9 6 3 5 5 28 2 1 31 2.70999124060388841 16 18 2.70999124060388841 4 26 6 11 24 12 9 6 10 3.36768017929769181 20 11 21.794395923614502 66.9103331448709326 
10 16 1 4 18 11 12 12 13 16 2 2 14 6 7 6 22 10 15 32 1 10 15 1 17 9 8 3.36768017929769181 17 12 18 6 13 9 1 9 6 3 5 1 15 9 15 1 10 16 18 2.70999124060388841 6 15 7 11 24 12 4 9 13 3.36768017929769181 20 11 20.6357338428497314 76.2111143758202729 
10 16 1 4 18 11 12 12 13 16 2 2 14 6 7 6 22 10 15 32 1 10 15 1 17 9 8 3.36768017929769181 17 12 18 6 13 9 1 9 6 3 5 5 28 2 14 30 6 16 18 2.70999124060388841 12 5 1 11 24 12 9 6 10 3.36768017929769181 20 11 21.8731279373168945 64.7954356847129702 
10 30 9 4 18 11 12 12 13 16 2 2 14 6 7 6 22 10 15 32 1 10 15 1 17 9 8 3.36768017929769181 17 12 18 6 13 9 1 9 14 14 7 5 28 2 6 30 7 16 18 2.70999124060388841 1 30 13 11 24 12 9 6 10 3.36768017929769181 20 11 20.5592777729034424 91.2708338619037818 
10 16 1 4 18 11 12 12 13 16 2 2 14 6 7 6 22 10 15 32 1 10 15 1 17 9 8 3.36768017929769181 17 12 18 6 13 9 1 9 6 3 5 5 28 2 14 10 1 16 18 2.70999124060388841 18 29 1 11 24 12 4 1 10 3.36768017929769181 20 11 26.1850478649139404 51.0890918196241728 
10 16 1 4 18 11 12 12 13 16 2 2 14 6 7 6 22 10 15 32 1 10 15 1 17 9 8 3.36768017929769181 17 12 18 6 13 9 1 9 6 3 5 5 28 2 1 31 10 16 18 2.70999124060388841 10 9 1 11 24 12 9 6 10 3.36768017929769181 20 11 22.4910228252410889 64.5996153102060475 
10 16 1 4 18 11 12 12 13 16 2 2 14 6 7 6 22 10 15 32 1 10 15 1 17 9 8 3.36768017929769181 17 12 18 6 13 9 1 9 6 3 5 5 28 2 14 31 7 16 18 2.70999124060388841 18 29 1 11 24 12 9 6 10 3.36768017929769181 20 11 23.439268946647644 56.1287919930187158 
10 16 1 4 18 11 12 12 13 16 2 2 14 6 7 6 22 10 15 32 1 10 15 1 17 9 8 3.36768017929769181 17 12 18 6 13 9 1 9 6 3 5 5 28 2 14 32 1 16 18 2.70999124060388841 18 29 1 11 24 12 9 6 10 3.36768017929769181 20 11 23.6244719624519348 53.6459995626485124 
10 16 1 4 18 11 12 12 13 16 2 2 14 6 7 6 22 10 15 32 1 10 15 1 17 9 8 3.36768017929769181 17 12 18 6 13 9 1 9 6 3 5 5 28 2 2 32 2 16 18 2.70999124060388841 18 29 1 11 24 12 9 6 10 3.36768017929769181 20 11 23.8692198991775513 53.2004394998608134 
10 16 1 4 18 11 12 12 13 16 2 2 14 6 7 6 22 10 15 32 1 10 15 1 17 9 8 3.36768017929769181 17 12 18 6 13 9 1 9 6 3 5 5 28 2 1 22 2.70999124060388841 16 18 2.70999124060388841 18 29 1 11 24 12 9 6 10 3.36768017929769181 20 11 24.0579879283905029 52.8589452816043419 
10 16 1 4 18 11 12 12 13 16 2 2 14 6 7 6 22 10 15 32 1 10 15 1 17 9 8 3.36768017929769181 17 12 18 6 13 9 1 9 6 3 5 5 28 2 14 30 1 16 18 2.70999124060388841 13 6 8 11 24 12 9 6 10 3.36768017929769181 20 11 21.5181348919868469 69.8448804063861814 
10 16 1 4 18 11 12 12 13 16 2 2 14 6 7 6 22 10 15 32 1 10 15 1 17 9 8 3.36768017929769181 17 12 12 26 11 9 1 9 6 3 5 5 28 2 14 15 1 16 18 2.70999124060388841 18 29 1 11 24 12 9 6 10 3.36768017929769181 20 11 22.9579399228096008 58.4929151194597381 
10 16 1 4 18 11 12 12 13 16 2 2 14 6 7 6 22 10 15 32 1 10 15 1 17 9 8 3.36768017929769181 17 12 18 6 13 9 1 9 6 3 5 5 28 2 14 10 1 16 18 2.70999124060388841 18 29 1 11 24 12 9 6 10 3.36768017929769181 20 11 26.2887989282608032 49.3005255932586763 
14 5 4 4 18 11 12 12 13 16 2 2 14 6 7 6 22 10 15 32 1 10 15 1 17 9 8 3.36768017929769181 17 12 18 6 13 9 1 9 6 3 5 14 19 5 1 1 9 16 18 2.70999124060388841 4 5 4 11 24 12 9 6 10 3.36768017929769181 20 11 19.5419179201126099 99.9216288061946472 
10 16 1 4 18 11 12 12 13 16 2 2 14 6 7 6 22 10 15 32 1 10 15 1 17 9 8 3.36768017929769181 17 12 18 6 13 9 1 9 6 3 5 5 28 2 14 30 4 16 18 2.70999124060388841 18 29 1 11 24 12 9 6 10 3.36768017929769181 20 11 23.3189899623394012 57.4973810949952551 
10 16 1 4 18 11 12 12 13 16 2 2 14 6 7 6 22 10 15 32 1 10 15 1 17 9 8 3.36768017929769181 17 12 18 6 13 9 1 9 6 3 5 5 28 2 14 30 2.70999124060388841 16 18 2.70999124060388841 18 29 1 11 24 12 9 6 10 3.36768017929769181 20 11 23.3980039656162262 56.1701499049079587 
10 16 1 4 18 11 12 12 13 16 2 2 14 6 7 6 22 10 15 32 1 10 15 1 17 9 8 3.36768017929769181 17 12 18 6 13 9 1 9 6 3 5 5 28 2 1 32 6 16 18 2.70999124060388841 10 2 2.70999124060388841 11 24 12 9 6 10 3.36768017929769181 20 11 22.5443529486656189 59.5572612073626573 
10 16 1 4 18 11 12 12 13 16 2 2 14 6 7 6 22 10 15 32 1 10 15 1 17 9 8 3.36768017929769181 17 12 18 6 13 9 1 9 6 3 5 5 28 2 1 30 1 16 18 2.70999124060388841 2 20 4 11 24 12 9 6 10 3.36768017929769181 20 11 21.7916039228439331 67.3107113393569563 
10 16 1 4 18 11 12 12 13 16 2 2 14 6 7 6 22 10 15 32 1 8 2 9 17 9 8 3.36768017929769181 17 12 14 26 2.70999124060388841 9 1 9 6 3 5 5 28 2 14 15 6 16 18 2.70999124060388841 2 32 11 11 24 12 9 6 10 3.36768017929769181 20 11 20.3972568511962891 98.8320968950859253 
10 16 1 4 18 11 12 12 13 16 2 2 14 6 7 6 22 10 15 32 1 10 15 1 17 9 8 3.36768017929769181 17 12 18 6 13 9 1 9 6 3 5 14 20 7 10 15 2 16 18 2.70999124060388841 1 32 6 11 24 12 9 6 10 3.36768017929769181 20 11 20.9023399949073792 73.3621923446923461 
10 16 1 4 18 11 12 12 13 16 2 2 14 6 7 6 22 10 15 32 1 10 15 1 17 9 8 3.36768017929769181 17 12 18 6 13 9 1 9 6 3 5 5 28 2 1 32 9 16 18 2.70999124060388841 18 29 1 11 24 12 9 6 10 3.36768017929769181 20 11 23.5608229637145996 55.0300884000356945 

