Current Evaluation = 10000000(10000080)
Front Size = 32
11 9 8 1 26 7 10 21 1 3 6 5 9 18 12 3.36768017929769181 29 9 4 2 2 14 11 12 5 32 13 17 5.34074699537910114 8 1 9 13 18 15 7 12 29 1 3 25 6 10 16 9 17 9 2.70999124060388841 16 22 8 15 31 10 14 6 12 2 3 6 24.5614826679229736 123.26816178764534 
11 9 8 1 26 7 10 21 1 18 23 3 9 18 12 3.36768017929769181 29 9 4 2 2 14 11 12 5 32 13 14 12 9 1 9 13 18 15 7 12 29 1 3 25 6 4 15 2 17 9 2.70999124060388841 16 22 8 15 31 10 14 6 12 2 3 6 24.7681176960468292 117.863099948667852 
11 9 8 1 26 7 10 21 1 18 23 3 9 18 12 3.36768017929769181 29 9 4 2 2 14 11 12 5 32 13 2 1 6 1 9 13 18 15 7 12 29 1 3 25 6 9 20 2 17 9 2.70999124060388841 16 22 8 15 31 10 14 6 12 2 3 6 25.4313945770263672 98.2494424578616758 
11 9 8 1 26 7 10 21 1 18 23 3 9 18 12 3.36768017929769181 29 9 4 2 2 16 17 2 5 32 13 15 6 7 2 32 13 18 15 7 12 29 1 3 25 6 3 12 1 17 9 2.70999124060388841 16 22 8 15 31 10 14 6 12 2 3 6 25.3136797547340393 105.439626461767489 
11 9 8 1 26 7 10 15 1 18 23 3 9 18 12 3.36768017929769181 29 9 4 2 2 16 17 2 5 32 13 14 10 2.70999124060388841 2 32 13 18 15 7 12 29 1 3 25 6 11 27 1 17 9 2.70999124060388841 16 22 8 15 31 10 14 6 12 2 3 6 28.7671547532081604 86.3595873075102389 
11 9 8 1 26 7 10 21 1 18 23 3 9 18 12 3.36768017929769181 22 9 4 2 2 16 17 2 5 32 13 15 15 3 2 32 13 18 15 7 12 29 1 3 25 6 1 16.1354543567662532 9 17 9 2.70999124060388841 16 22 8 15 31 10 14 6 12 2 3 6 24.9718567132949829 111.815756237590406 
11 9 8 1 26 7 10 21 1 18 23 3 9 18 12 3.36768017929769181 29 9 4 2 2 16 17 2 5 32 13 14 10 2.70999124060388841 2 32 13 18 15 7 12 29 1 3 25 6 12 16 1 17 9 2.70999124060388841 16 22 8 15 31 10 14 6 12 2 3 6 28.1954565644264221 86.7939200674271945 
11 9 8 1 26 7 10 21 1 18 23 3 9 18 12 3.36768017929769181 29 9 4 2 2 16 17 2 5 32 13 14 10 2.70999124060388841 2 32 13 18 15 7 12 29 1 3 25 6 4 12 1 17 9 2.70999124060388841 16 22 8 15 31 10 14 6 12 2 3 6 27.7877576351165771 90.5233864473993748 
11 9 8 1 26 7 10 21 1 18 23 3 9 18 12 3.36768017929769181 29 9 4 2 2 16 17 2 5 32 13 14 30 2.70999124060388841 2 32 13 18 15 7 12 29 1 3 25 6 11 27 1 17 9 2.70999124060388841 16 22 8 15 31 10 14 6 12 2 3 6 27.1316779553890228 94.8811160138872935 
11 9 8 1 26 7 10 21 1 18 23 3 9 18 12 3.36768017929769181 29 9 4 2 2 16 17 2 5 32 13 14 1 5 2 32 13 18 15 7 12 29 1 3 25 6 11 27 1 17 9 2.70999124060388841 16 22 8 15 31 10 14 6 12 2 3 6 27.2383759617805481 91.4145318072902455 
6 32 2.70999124060388841 1 26 7 10 21 1 18 23 3 9 18 12 3.36768017929769181 29 9 4 2 2 16 17 2 5 32 13 14 10 2.70999124060388841 2 32 13 18 15 7 12 29 1 3 25 6 11 27 1 17 9 2.70999124060388841 16 22 8 15 31 10 14 6 12 2 3 6 28.9313798546791077 84.8907008444822537 
9 24 9 14 20 2 13 9 3 17 31 2.70999124060388841 16 28 6.96245171630185755 5 14 3.84646942076222631 15 23 9.82524131762891173 12 1 3 6 9 11 3 2 9 3 30 12 6 22 8 15 19 13 14 30 11 14 1 1 13 11 11 14 15 4 2 32 3 12 15 7 14 31 9 18.1101499795913696 211.930142628575226 
15 1 5 1 18 6 9 15 2.70999124060388841 3 19 12 14 32 9 12 6 7 11 5 9 15 14 2 2 22 2 9 31 11 13 23 4 4 15 6 12 15 11 15 16.1354543567662532 9 16 14 9 14 1 11 1 6 9 3 5 3 8 16 3 4.94126535182462057 30 10 18.84587162733078 181.113929252336675 
4 16 1 2 26 4 14 1 2.70999124060388841 1 14 12 15 6 8 17 16.1354543567662532 10 10 25 2 12 19 4 4.94126535182462057 15 11 16 15 6 9 30 6 13 24 5 9 2 4 14 20 2 4 28 9.82524131762891173 17 30 13.151007650947605 14 9 9 15 12 7 10 22 2 13 24 1 18.6622229218482971 187.016801035222073 
15 8 2 3 21 7 4 6 10 16 16 2 15 32 2 18 13 11 6 18 8 17 30 5 3 8 9 15 7 4 8 18 6 13 15 11 2 26 13 6 24 12 12 6 2.70999124060388841 16 32 7 1 12 6 9.25570237641795579 28 10 3 9 2 18 30 8 21.8521389365196228 151.496467421467401 
1 6 6 8 20 2 4 5 4 14 33 13 13 30 7 17 29 12 1 26 3 13 6 13 1 20 3 3 2 8 14 32 8 16 9 2 17 26 8 14 32 9 6 26 12 15 26 9 3.36768017929769181 16.1354543567662532 5 9 31 5 13 3 11 11 2 9 18.4807477593421936 199.989794038609688 
10 14 5 12 14 3 14 26 2 3.36768017929769181 1 9 14 5 9 6 6 6 15 3 4 17 16.1354543567662532 11 16 30 2 3 16 3 16 6 7 13 24 4 7 26 2 14 12 13 14 31 4 8 22 8 3 6 6 9 6 3.84646942076222631 6 1 7 13.2195649013323386 13 5 18.1156230866909027 206.897536965958011 
10 5.34074699537910114 1 11 15 2 1 31 9 14 20 10 3 16.1354543567662532 13 1 17 8 4 30 8 9 6 10 4 26 12 3 1 10 13 31 4 2 9 3 12 30 12 15 1 3 12 26 1 15 26 4 4 24 7 1 15 3 4.94126535182462057 1 9 6 25 9.82524131762891173 17.8295489549636841 217.685243407996921 
13 5 3 1 31 5 3 31 6 13 1 5 14 5.34074699537910114 5 3 33 5 13 20 6.96245171630185755 1 14 3.84646942076222631 16 30 10 3 30 9 17 6 7 15 1 12 14 15 9 16 17 10 10 16 1 14 30 4 13.2195649013323386 2 11 1 25 9 8 6 9 9 30 7 16.9736999571323395 247.859576534576547 
9 13 5 13 15 2.70999124060388841 2 30 2 4 26 6 3 6 6.96245171630185755 2 24 4 4 26 3.84646942076222631 3 24 11 5 16 10 16 25 6 13.2195649013323386 32 5 15 5 9 1 18 11 15 12 3 17.8244721320812971 32 13 8 25 9 1 30 2 14 28 9 15 6 6 13 26 9 17.4406279921531677 232.015632976142257 
14 26 11 4 25 2 2 28 6 5 1 3 4 32 3 3 19 11 1 28 7 14 30 6 4 31 4 1 16 13 2 19 5 15 22 1 8 32 5 14 12 7 14 6 9 13 24 2.70999124060388841 15 15 4 16 6 12 3 24 13 11 30 6.96245171630185755 18.4334308207035065 200.641374595476776 
1 3 2.70999124060388841 4 1 9 10 24 2 17 3 3 12 2 10 6 12 13 12 26 3 1 30 8 1 15 11 8 24 13 9 6 6.96245171630185755 6 1 3.84646942076222631 1 25 10 16 5 9 4 9 9.82524131762891173 17 9 6 3 20 10 3 24 8 17.8244721320812971 25 13 4 30 5 17.5237478613853455 231.005936976680005 
3.36768017929769181 6 13 4 3 2 9 31 9 1 20 6.96245171630185755 1 6 8 17 30 9 11 24 13 6 6 12 13 15 4 7 19 7 4.94126535182462057 7 2 14 24 1 18 6 12 14 26 9.82524131762891173 3 18 5 14 31.8448655754823804 7 8 6 12 6 18.140740276750666 3 4 20 12 15 32 9 18.2748995721340179 201.608537369063697 
3 22 9 17 19 13 13 5 6 6 1 9 4 33 4 1 2 11 3 23 4 4 24 5 14 15 2.70999124060388841 4 1 6 6 12 8 11 20 4 12 13 13 10 2 10 16 9 1 1 24 9 17 26 2 8 19 10 13 12 7 14 26 13 19.3737518191337585 172.32595868184103 
3.36768017929769181 16 6 14 15 11 10 6 1 16 25 8 15 12 6.96245171630185755 14 32 2 1 20 10 2 24 3.84646942076222631 14 1 3 4 26 2 8 33 9.82524131762891173 3 26 3 1 6 13 17.8244721320812971 24 4 4 20 8 2 8 12 17 1 5 5 13 7 6 30 2 17 6 3 18.2236479520797729 203.823176823176823 
6 16 1 12 17 6 15 18 1 3.36768017929769181 33 7 10 2 13 6 31 1 18 6 1 4 13 5 1 15 6.96245171630185755 13 1 6 4.94126535182462057 12 9.82524131762891173 11 32 7 10 26 2 6 23 3 17.8244721320812971 31 11 15 12 7.75241283629571765 14 15 10 1.62229798836725392 6 13 10 17 1 2 28 4 22.4094211459159851 137.47977697376993 
12 26 4 2 9 2 12 2 8 9 6 4 15 13 9 10 31 1 18 1 10 2 19 3 8 32 8 13 22 4 17 20 2.70999124060388841 9.25570237641795579 18 13 2 15 11 4 26 8 6 29 3 4.94126535182462057 1 4 5 33 9.82524131762891173 2 7 3 6 30 7 16 19 13 22.3724677562713623 142.69503780216084 
11 9 8 1 26 7 10 21 1 18 2 2.70999124060388841 9 18 12 3.36768017929769181 29 9 4 2 2 16 17 2 5 32 13 1 12 4 2 32 13 18 15 7 12 29 1 3 25 6 15 30 4 17 9 2.70999124060388841 16 22 8 15 31 10 14 6 12 2 3 6 24.673943817615509 121.967984845074895 
6 22 12 2 24 11 15 19 4 12 15 10 12 30 7 3 2 2.70999124060388841 14 24 12 10 14 11 6 26 12 16 5 5 5 13 3 14 6 9 14 23 6 11 32 4 13 30 10 14 16.1354543567662532 9 4.94126535182462057 6 9 13 13 12 3 8 2 14 15 7 18.7653101086616516 185.20517585850601 
1 32 12 4 30 7 3.36768017929769181 30 3 9.25570237641795579 19 4 14 2 9 5 3 2 16 20 8 10 17 11 4.94126535182462057 26 3 10 14 13 16 8 5 3 1 3 14 16 9.82524131762891173 3 1 7 14 15 3 2 5 1 14 18 5 10 25 2 4 30 7 2 16 13.151007650947605 19.8909329771995544 165.047814729130494 
11 9 8 1 26 7 13 18 2 18 23 3 9 18 12 3.36768017929769181 29 9 4 2 2 16 17 2 5 32 13 1 1 5 2 32 13 18 15 7 12 29 1 3 25 6 9 18 13 14 28 4 16 22 8 15 31 10 14 6 12 2 3 6 23.9975326061248779 128.822839623171205 
15 30 2.70999124060388841 12 6 7 1 24 8 17 13 1 13 26 2 12 2 7 3 33 4 16 9 4 15 14 1 2 3 11 5 31 13 13 22 10 17 31 2 12 9 7 10 20 3 18 1 4 12 19 7 6 15 12 14 30 8 11 26 9 20.5349355340003967 154.367524483189413 

Current Evaluation = 20000000(20000160)
Front Size = 27
11 9 8 1 26 7 10 21 1 3 6 5 9 18 12 3.36768017929769181 29 9 4 2 2 14 11 12 5 32 13 17 5.34074699537910114 8 1 9 13 18 15 7 12 29 1 3 25 6 10 16 9 17 9 2.70999124060388841 16 22 8 15 31 10 14 6 12 2 3 6 24.5614826679229736 123.26816178764534 
11 9 8 1 26 7 10 21 1 18 23 3 9 18 12 3.36768017929769181 29 9 4 2 2 14 11 12 5 32 13 14 12 9 1 9 13 18 15 7 12 29 1 3 25 6 4 15 2 17 9 2.70999124060388841 16 22 8 15 31 10 14 6 12 2 3 6 24.7681176960468292 117.863099948667852 
11 9 8 1 26 7 10 21 1 18 23 3 9 18 12 3.36768017929769181 29 9 4 2 2 14 11 12 5 32 13 2 1 6 1 9 13 18 15 7 12 29 1 3 25 6 9 20 2 17 9 2.70999124060388841 16 22 8 15 31 10 14 6 12 2 3 6 25.4313945770263672 98.2494424578616758 
11 9 8 1 26 7 10 21 1 18 23 3 9 18 12 3.36768017929769181 29 9 4 2 2 16 17 2 5 32 13 15 6 7 2 32 13 18 15 7 12 29 1 3 25 6 3 12 1 17 9 2.70999124060388841 16 22 8 15 31 10 14 6 12 2 3 6 25.3136797547340393 105.439626461767489 
11 9 8 1 26 7 10 15 1 18 23 3 9 18 12 3.36768017929769181 29 9 4 2 2 16 17 2 5 32 13 14 10 2.70999124060388841 2 32 13 18 15 7 12 29 1 3 25 6 11 27 1 17 9 2.70999124060388841 16 22 8 15 31 10 14 6 12 2 3 6 28.7671547532081604 86.3595873075102389 
11 9 8 1 26 7 10 21 1 18 23 3 9 18 12 3.36768017929769181 22 9 4 2 2 16 17 2 5 32 13 15 15 3 2 32 13 18 15 7 12 29 1 3 25 6 1 16.1354543567662532 9 17 9 2.70999124060388841 16 22 8 15 31 10 14 6 12 2 3 6 24.9718567132949829 111.815756237590406 
11 9 8 1 26 7 10 21 1 18 23 3 9 18 12 3.36768017929769181 29 9 4 2 2 16 17 2 5 32 13 14 10 2.70999124060388841 2 32 13 18 15 7 12 29 1 3 25 6 12 16 1 17 9 2.70999124060388841 16 22 8 15 31 10 14 6 12 2 3 6 28.1954565644264221 86.7939200674271945 
11 9 8 1 26 7 10 21 1 18 23 3 9 18 12 3.36768017929769181 29 9 4 2 2 16 17 2 5 32 13 14 10 2.70999124060388841 2 32 13 18 15 7 12 29 1 3 25 6 4 12 1 17 9 2.70999124060388841 16 22 8 15 31 10 14 6 12 2 3 6 27.7877576351165771 90.5233864473993748 
11 9 8 1 26 7 10 21 1 18 23 3 9 18 12 3.36768017929769181 29 9 4 2 2 16 17 2 5 32 13 14 30 2.70999124060388841 2 32 13 18 15 7 12 29 1 3 25 6 11 27 1 17 9 2.70999124060388841 16 22 8 15 31 10 14 6 12 2 3 6 27.1316779553890228 94.8811160138872935 
11 9 8 1 26 7 10 21 1 18 23 3 9 18 12 3.36768017929769181 29 9 4 2 2 16 17 2 5 32 13 14 1 5 2 32 13 18 15 7 12 29 1 3 25 6 11 27 1 17 9 2.70999124060388841 16 22 8 15 31 10 14 6 12 2 3 6 27.2383759617805481 91.4145318072902455 
6 32 2.70999124060388841 1 26 7 10 21 1 18 23 3 9 18 12 3.36768017929769181 29 9 4 2 2 16 17 2 5 32 13 14 10 2.70999124060388841 2 32 13 18 15 7 12 29 1 3 25 6 11 27 1 17 9 2.70999124060388841 16 22 8 15 31 10 14 6 12 2 3 6 28.9313798546791077 84.8907008444822537 
15 1 5 1 18 6 9 15 2.70999124060388841 3 19 12 14 32 9 12 6 7 11 5 9 15 14 2 2 22 2 9 31 11 13 23 4 4 15 6 12 15 11 15 16.1354543567662532 9 16 14 9 14 1 11 1 6 9 3 5 3 8 16 3 4.94126535182462057 30 10 18.84587162733078 181.113929252336675 
4 16 1 2 26 4 14 1 2.70999124060388841 1 14 12 15 6 8 17 16.1354543567662532 10 10 25 2 12 19 4 4.94126535182462057 15 11 16 15 6 9 30 6 13 24 5 9 2 4 14 20 2 4 28 9.82524131762891173 17 30 13.151007650947605 14 9 9 15 12 7 10 22 2 13 24 1 18.6622229218482971 187.016801035222073 
15 8 2 3 21 7 4 6 10 16 16 2 15 32 2 18 13 11 6 18 8 17 30 5 3 8 9 15 7 4 8 18 6 13 15 11 2 26 13 6 24 12 12 6 2.70999124060388841 16 32 7 1 12 6 9.25570237641795579 28 10 3 9 2 18 30 8 21.8521389365196228 151.496467421467401 
13 5 3 1 31 5 3 31 6 13 1 5 14 5.34074699537910114 5 3 33 5 13 20 6.96245171630185755 1 14 3.84646942076222631 16 30 10 3 30 9 17 6 7 15 1 12 14 15 9 16 17 10 10 16 1 14 30 4 13.2195649013323386 2 11 1 25 9 8 6 9 9 30 7 16.9736999571323395 247.859576534576547 
3 22 9 17 19 13 13 5 6 6 1 9 4 33 4 1 2 11 3 23 4 4 24 5 14 15 2.70999124060388841 4 1 6 6 12 8 11 20 4 12 13 13 10 2 10 16 9 1 1 24 9 17 26 2 8 19 10 13 12 7 14 26 13 19.3737518191337585 172.32595868184103 
6 16 1 12 17 6 15 18 1 3.36768017929769181 33 7 10 2 13 6 31 1 18 6 1 4 13 5 1 15 6.96245171630185755 13 1 6 4.94126535182462057 12 9.82524131762891173 11 32 7 10 26 2 6 23 3 17.8244721320812971 31 11 15 12 7.75241283629571765 14 15 10 1.62229798836725392 6 13 10 17 1 2 28 4 22.4094211459159851 137.47977697376993 
12 26 4 2 9 2 12 2 8 9 6 4 15 13 9 10 31 1 18 1 10 2 19 3 8 32 8 13 22 4 17 20 2.70999124060388841 9.25570237641795579 18 13 2 15 11 4 26 8 6 29 3 4.94126535182462057 1 4 5 33 9.82524131762891173 2 7 3 6 30 7 16 19 13 22.3724677562713623 142.69503780216084 
11 9 8 1 26 7 10 21 1 18 2 2.70999124060388841 9 18 12 3.36768017929769181 29 9 4 2 2 16 17 2 5 32 13 1 12 4 2 32 13 18 15 7 12 29 1 3 25 6 15 30 4 17 9 2.70999124060388841 16 22 8 15 31 10 14 6 12 2 3 6 24.673943817615509 121.967984845074895 
6 22 12 2 24 11 15 19 4 12 15 10 12 30 7 3 2 2.70999124060388841 14 24 12 10 14 11 6 26 12 16 5 5 5 13 3 14 6 9 14 23 6 11 32 4 13 30 10 14 16.1354543567662532 9 4.94126535182462057 6 9 13 13 12 3 8 2 14 15 7 18.7653101086616516 185.20517585850601 
1 32 12 4 30 7 3.36768017929769181 30 3 9.25570237641795579 19 4 14 2 9 5 3 2 16 20 8 10 17 11 4.94126535182462057 26 3 10 14 13 16 8 5 3 1 3 14 16 9.82524131762891173 3 1 7 14 15 3 2 5 1 14 18 5 10 25 2 4 30 7 2 16 13.151007650947605 19.8909329771995544 165.047814729130494 
11 9 8 1 26 7 13 18 2 18 23 3 9 18 12 3.36768017929769181 29 9 4 2 2 16 17 2 5 32 13 1 1 5 2 32 13 18 15 7 12 29 1 3 25 6 9 18 13 14 28 4 16 22 8 15 31 10 14 6 12 2 3 6 23.9975326061248779 128.822839623171205 
15 30 2.70999124060388841 12 6 7 1 24 8 17 13 1 13 26 2 12 2 7 3 33 4 16 9 4 15 14 1 2 3 11 5 31 13 13 22 10 17 31 2 12 9 7 10 20 3 18 1 4 12 19 7 6 15 12 14 30 8 11 26 9 20.5349355340003967 154.367524483189413 
3 18 8 14 30 9 1 16 11 16 12 6 15 25 12 4 26 13 6 18 10 16 15 2 14 3 13 6 9 12 3 31 2 3 17 2 6 32 9 1 19 13 1 22 2 14 15 10 12 12 2.70999124060388841 10 1 4 14 5 11 8 19 5 17.8502784967422485 196.793022173904518 
11 6 7 3 2 11 14 30 4 6 22 2.70999124060388841 1 12 9 17 8 6 6 25 9 1 31 6.96245171630185755 2 24 5 14 16 9 6 15 7 6 6 5 1 28 11 4.94126535182462057 7 6 6 30 9.82524131762891173 3 26 8 13 16 1 14 16 12 17.8244721320812971 30 4 15 24 13 17.6736288964748383 215.760765154896148 
1 1 2.70999124060388841 6 19 6.96245171630185755 14 9 3.84646942076222631 13.2195649013323386 26 9 17.8244721320812971 12 4 14 5 7.75241283629571765 15 31 13 5 15 5 15 14 12 6 30 7 15 3 1 10 23 7 14 24 12 1.62229798836725392 32 4 17 6 5 14 30 7.88610251083374347 3 20 6 13 8 13 16 9 4 3 24 8 17.0966378450393677 225.567589424340071 
6 9 12 12 25 9 13 5 3 15 16 10 8 6 9 16 26 10 10 24 13 8 32 4 3 16 2 5 25 3 16 30 8 9 18 5 14 28 3 10 20 13 15 3 10 14 24 2.70999124060388841 1 30 8 4 19 4 13 12 2 3 17 11 19.3447759747505188 178.398833519421743 

Current Evaluation = 30000000(30000050)
Front Size = 27
11 9 8 1 26 7 10 21 1 3 6 5 9 18 12 3.36768017929769181 29 9 4 2 2 14 11 12 5 32 13 17 5.34074699537910114 8 1 9 13 18 15 7 12 29 1 3 25 6 10 16 9 17 9 2.70999124060388841 16 22 8 15 31 10 14 6 12 2 3 6 24.5614826679229736 123.26816178764534 
11 9 8 1 26 7 10 21 1 18 23 3 9 18 12 3.36768017929769181 29 9 4 2 2 14 11 12 5 32 13 14 12 9 1 9 13 18 15 7 12 29 1 3 25 6 4 15 2 17 9 2.70999124060388841 16 22 8 15 31 10 14 6 12 2 3 6 24.7681176960468292 117.863099948667852 
11 9 8 1 26 7 10 21 1 18 23 3 9 18 12 3.36768017929769181 29 9 4 2 2 14 11 12 5 32 13 2 1 6 1 9 13 18 15 7 12 29 1 3 25 6 9 20 2 17 9 2.70999124060388841 16 22 8 15 31 10 14 6 12 2 3 6 25.4313945770263672 98.2494424578616758 
11 9 8 1 26 7 10 21 1 18 23 3 9 18 12 3.36768017929769181 29 9 4 2 2 16 17 2 5 32 13 15 6 7 2 32 13 18 15 7 12 29 1 3 25 6 3 12 1 17 9 2.70999124060388841 16 22 8 15 31 10 14 6 12 2 3 6 25.3136797547340393 105.439626461767489 
11 9 8 1 26 7 10 15 1 18 23 3 9 18 12 3.36768017929769181 29 9 4 2 2 16 17 2 5 32 13 14 10 2.70999124060388841 2 32 13 18 15 7 12 29 1 3 25 6 11 27 1 17 9 2.70999124060388841 16 22 8 15 31 10 14 6 12 2 3 6 28.7671547532081604 86.3595873075102389 
11 9 8 1 26 7 10 21 1 18 23 3 9 18 12 3.36768017929769181 22 9 4 2 2 16 17 2 5 32 13 15 15 3 2 32 13 18 15 7 12 29 1 3 25 6 1 16.1354543567662532 9 17 9 2.70999124060388841 16 22 8 15 31 10 14 6 12 2 3 6 24.9718567132949829 111.815756237590406 
11 9 8 1 26 7 10 21 1 18 23 3 9 18 12 3.36768017929769181 29 9 4 2 2 16 17 2 5 32 13 14 10 2.70999124060388841 2 32 13 18 15 7 12 29 1 3 25 6 12 16 1 17 9 2.70999124060388841 16 22 8 15 31 10 14 6 12 2 3 6 28.1954565644264221 86.7939200674271945 
11 9 8 1 26 7 10 21 1 18 23 3 9 18 12 3.36768017929769181 29 9 4 2 2 16 17 2 5 32 13 14 10 2.70999124060388841 2 32 13 18 15 7 12 29 1 3 25 6 4 12 1 17 9 2.70999124060388841 16 22 8 15 31 10 14 6 12 2 3 6 27.7877576351165771 90.5233864473993748 
11 9 8 1 26 7 10 21 1 18 23 3 9 18 12 3.36768017929769181 29 9 4 2 2 16 17 2 5 32 13 14 30 2.70999124060388841 2 32 13 18 15 7 12 29 1 3 25 6 11 27 1 17 9 2.70999124060388841 16 22 8 15 31 10 14 6 12 2 3 6 27.1316779553890228 94.8811160138872935 
11 9 8 1 26 7 10 21 1 18 23 3 9 18 12 3.36768017929769181 29 9 4 2 2 16 17 2 5 32 13 14 1 5 2 32 13 18 15 7 12 29 1 3 25 6 11 27 1 17 9 2.70999124060388841 16 22 8 15 31 10 14 6 12 2 3 6 27.2383759617805481 91.4145318072902455 
6 32 2.70999124060388841 1 26 7 10 21 1 18 23 3 9 18 12 3.36768017929769181 29 9 4 2 2 16 17 2 5 32 13 14 10 2.70999124060388841 2 32 13 18 15 7 12 29 1 3 25 6 11 27 1 17 9 2.70999124060388841 16 22 8 15 31 10 14 6 12 2 3 6 28.9313798546791077 84.8907008444822537 
15 1 5 1 18 6 9 15 2.70999124060388841 3 19 12 14 32 9 12 6 7 11 5 9 15 14 2 2 22 2 9 31 11 13 23 4 4 15 6 12 15 11 15 16.1354543567662532 9 16 14 9 14 1 11 1 6 9 3 5 3 8 16 3 4.94126535182462057 30 10 18.84587162733078 181.113929252336675 
15 8 2 3 21 7 4 6 10 16 16 2 15 32 2 18 13 11 6 18 8 17 30 5 3 8 9 15 7 4 8 18 6 13 15 11 2 26 13 6 24 12 12 6 2.70999124060388841 16 32 7 1 12 6 9.25570237641795579 28 10 3 9 2 18 30 8 21.8521389365196228 151.496467421467401 
3 22 9 17 19 13 13 5 6 6 1 9 4 33 4 1 2 11 3 23 4 4 24 5 14 15 2.70999124060388841 4 1 6 6 12 8 11 20 4 12 13 13 10 2 10 16 9 1 1 24 9 17 26 2 8 19 10 13 12 7 14 26 13 19.3737518191337585 172.32595868184103 
6 16 1 12 17 6 15 18 1 3.36768017929769181 33 7 10 2 13 6 31 1 18 6 1 4 13 5 1 15 6.96245171630185755 13 1 6 4.94126535182462057 12 9.82524131762891173 11 32 7 10 26 2 6 23 3 17.8244721320812971 31 11 15 12 7.75241283629571765 14 15 10 1.62229798836725392 6 13 10 17 1 2 28 4 22.4094211459159851 137.47977697376993 
12 26 4 2 9 2 12 2 8 9 6 4 15 13 9 10 31 1 18 1 10 2 19 3 8 32 8 13 22 4 17 20 2.70999124060388841 9.25570237641795579 18 13 2 15 11 4 26 8 6 29 3 4.94126535182462057 1 4 5 33 9.82524131762891173 2 7 3 6 30 7 16 19 13 22.3724677562713623 142.69503780216084 
11 9 8 1 26 7 10 21 1 18 2 2.70999124060388841 9 18 12 3.36768017929769181 29 9 4 2 2 16 17 2 5 32 13 1 12 4 2 32 13 18 15 7 12 29 1 3 25 6 15 30 4 17 9 2.70999124060388841 16 22 8 15 31 10 14 6 12 2 3 6 24.673943817615509 121.967984845074895 
6 22 12 2 24 11 15 19 4 12 15 10 12 30 7 3 2 2.70999124060388841 14 24 12 10 14 11 6 26 12 16 5 5 5 13 3 14 6 9 14 23 6 11 32 4 13 30 10 14 16.1354543567662532 9 4.94126535182462057 6 9 13 13 12 3 8 2 14 15 7 18.7653101086616516 185.20517585850601 
1 32 12 4 30 7 3.36768017929769181 30 3 9.25570237641795579 19 4 14 2 9 5 3 2 16 20 8 10 17 11 4.94126535182462057 26 3 10 14 13 16 8 5 3 1 3 14 16 9.82524131762891173 3 1 7 14 15 3 2 5 1 14 18 5 10 25 2 4 30 7 2 16 13.151007650947605 19.8909329771995544 165.047814729130494 
11 9 8 1 26 7 13 18 2 18 23 3 9 18 12 3.36768017929769181 29 9 4 2 2 16 17 2 5 32 13 1 1 5 2 32 13 18 15 7 12 29 1 3 25 6 9 18 13 14 28 4 16 22 8 15 31 10 14 6 12 2 3 6 23.9975326061248779 128.822839623171205 
15 30 2.70999124060388841 12 6 7 1 24 8 17 13 1 13 26 2 12 2 7 3 33 4 16 9 4 15 14 1 2 3 11 5 31 13 13 22 10 17 31 2 12 9 7 10 20 3 18 1 4 12 19 7 6 15 12 14 30 8 11 26 9 20.5349355340003967 154.367524483189413 
1 1 2.70999124060388841 6 19 6.96245171630185755 14 9 3.84646942076222631 13.2195649013323386 26 9 17.8244721320812971 12 4 14 5 7.75241283629571765 15 31 13 5 15 5 15 14 12 6 30 7 15 3 1 10 23 7 14 24 12 1.62229798836725392 32 4 17 6 5 14 30 7.88610251083374347 3 20 6 13 8 13 16 9 4 3 24 8 17.0966378450393677 225.567589424340071 
6 9 12 12 25 9 13 5 3 15 16 10 8 6 9 16 26 10 10 24 13 8 32 4 3 16 2 5 25 3 16 30 8 9 18 5 14 28 3 10 20 13 15 3 10 14 24 2.70999124060388841 1 30 8 4 19 4 13 12 2 3 17 11 19.3447759747505188 178.398833519421743 
10 26 12 12 32 6 14 18 2 6 31 6 8 20 4 2 32 5 17 20 12 4 20 2.70999124060388841 14 3 7 12 32 6 11 6 4 14 26 4 16 6 11 11 30 8 15 24 10 2 33 2 3 31 1 4 28 4 1 1 5 2 15 5 18.7349660992622375 185.466161013933743 
16 26 9 3 32 7 13 8 2 8 20 3 13 15 1 1 5 7 14 9 9 16 1 11 3 15 3 2 12 9 3 8 13 13 15 5 6 9 10 14 1 8 15 26 4 12 12 7 13 12 8 14 8 9 6 6 1 2 20 9 16.7629678249359131 243.667271553569975 
3 1 9 16 15 2 3.36768017929769181 7 6.96245171630185755 4.94126535182462057 26 11 5 14 12 1 3 11 6 1 5 8 2 2 16 30 8 4 13 6 10 18 1 18 11 2 12 19 5 15 1 10 1 32 2 14 15 5 6 6 2 3 3 8 8 31 2 4 12 10 20.4354281425476074 156.30840916538591 
12 1 2 3 25 9 14 26 12 14 3 11 1 32 8 13 18 9 6 15 6 3 1 10 11 6 4 12 31 2.70999124060388841 4 5 9 15 11 11 6 2 3 14 1 4 8 17 6 3 15 13 6 5 6 2 24 11 13 31 10 14 30 1 17.3721678853034973 186.927650127650111 

Current Evaluation = 40000000(40000130)
Front Size = 31
11 9 8 1 26 7 10 21 1 3 6 5 9 18 12 3.36768017929769181 29 9 4 2 2 14 11 12 5 32 13 17 5.34074699537910114 8 1 9 13 18 15 7 12 29 1 3 25 6 10 16 9 17 9 2.70999124060388841 16 22 8 15 31 10 14 6 12 2 3 6 24.5614826679229736 123.26816178764534 
11 9 8 1 26 7 10 21 1 18 23 3 9 18 12 3.36768017929769181 29 9 4 2 2 14 11 12 5 32 13 14 12 9 1 9 13 18 15 7 12 29 1 3 25 6 4 15 2 17 9 2.70999124060388841 16 22 8 15 31 10 14 6 12 2 3 6 24.7681176960468292 117.863099948667852 
11 9 8 1 26 7 10 21 1 18 23 3 9 18 12 3.36768017929769181 29 9 4 2 2 14 11 12 5 32 13 2 1 6 1 9 13 18 15 7 12 29 1 3 25 6 9 20 2 17 9 2.70999124060388841 16 22 8 15 31 10 14 6 12 2 3 6 25.4313945770263672 98.2494424578616758 
11 9 8 1 26 7 10 21 1 18 23 3 9 18 12 3.36768017929769181 29 9 4 2 2 16 17 2 5 32 13 15 6 7 2 32 13 18 15 7 12 29 1 3 25 6 3 12 1 17 9 2.70999124060388841 16 22 8 15 31 10 14 6 12 2 3 6 25.3136797547340393 105.439626461767489 
11 9 8 1 26 7 10 15 1 18 23 3 9 18 12 3.36768017929769181 29 9 4 2 2 16 17 2 5 32 13 14 10 2.70999124060388841 2 32 13 18 15 7 12 29 1 3 25 6 11 27 1 17 9 2.70999124060388841 16 22 8 15 31 10 14 6 12 2 3 6 28.7671547532081604 86.3595873075102389 
11 9 8 1 26 7 10 21 1 18 23 3 9 18 12 3.36768017929769181 22 9 4 2 2 16 17 2 5 32 13 15 15 3 2 32 13 18 15 7 12 29 1 3 25 6 1 16.1354543567662532 9 17 9 2.70999124060388841 16 22 8 15 31 10 14 6 12 2 3 6 24.9718567132949829 111.815756237590406 
11 9 8 1 26 7 10 21 1 18 23 3 9 18 12 3.36768017929769181 29 9 4 2 2 16 17 2 5 32 13 14 10 2.70999124060388841 2 32 13 18 15 7 12 29 1 3 25 6 12 16 1 17 9 2.70999124060388841 16 22 8 15 31 10 14 6 12 2 3 6 28.1954565644264221 86.7939200674271945 
11 9 8 1 26 7 10 21 1 18 23 3 9 18 12 3.36768017929769181 29 9 4 2 2 16 17 2 5 32 13 14 10 2.70999124060388841 2 32 13 18 15 7 12 29 1 3 25 6 4 12 1 17 9 2.70999124060388841 16 22 8 15 31 10 14 6 12 2 3 6 27.7877576351165771 90.5233864473993748 
11 9 8 1 26 7 10 21 1 18 23 3 9 18 12 3.36768017929769181 29 9 4 2 2 16 17 2 5 32 13 14 30 2.70999124060388841 2 32 13 18 15 7 12 29 1 3 25 6 11 27 1 17 9 2.70999124060388841 16 22 8 15 31 10 14 6 12 2 3 6 27.1316779553890228 94.8811160138872935 
11 9 8 1 26 7 10 21 1 18 23 3 9 18 12 3.36768017929769181 29 9 4 2 2 16 17 2 5 32 13 14 1 5 2 32 13 18 15 7 12 29 1 3 25 6 11 27 1 17 9 2.70999124060388841 16 22 8 15 31 10 14 6 12 2 3 6 27.2383759617805481 91.4145318072902455 
6 32 2.70999124060388841 1 26 7 10 21 1 18 23 3 9 18 12 3.36768017929769181 29 9 4 2 2 16 17 2 5 32 13 14 10 2.70999124060388841 2 32 13 18 15 7 12 29 1 3 25 6 11 27 1 17 9 2.70999124060388841 16 22 8 15 31 10 14 6 12 2 3 6 28.9313798546791077 84.8907008444822537 
15 1 5 1 18 6 9 15 2.70999124060388841 3 19 12 14 32 9 12 6 7 11 5 9 15 14 2 2 22 2 9 31 11 13 23 4 4 15 6 12 15 11 15 16.1354543567662532 9 16 14 9 14 1 11 1 6 9 3 5 3 8 16 3 4.94126535182462057 30 10 18.84587162733078 181.113929252336675 
3 22 9 17 19 13 13 5 6 6 1 9 4 33 4 1 2 11 3 23 4 4 24 5 14 15 2.70999124060388841 4 1 6 6 12 8 11 20 4 12 13 13 10 2 10 16 9 1 1 24 9 17 26 2 8 19 10 13 12 7 14 26 13 19.3737518191337585 172.32595868184103 
6 16 1 12 17 6 15 18 1 3.36768017929769181 33 7 10 2 13 6 31 1 18 6 1 4 13 5 1 15 6.96245171630185755 13 1 6 4.94126535182462057 12 9.82524131762891173 11 32 7 10 26 2 6 23 3 17.8244721320812971 31 11 15 12 7.75241283629571765 14 15 10 1.62229798836725392 6 13 10 17 1 2 28 4 22.4094211459159851 137.47977697376993 
12 26 4 2 9 2 12 2 8 9 6 4 15 13 9 10 31 1 18 1 10 2 19 3 8 32 8 13 22 4 17 20 2.70999124060388841 9.25570237641795579 18 13 2 15 11 4 26 8 6 29 3 4.94126535182462057 1 4 5 33 9.82524131762891173 2 7 3 6 30 7 16 19 13 22.3724677562713623 142.69503780216084 
11 9 8 1 26 7 10 21 1 18 2 2.70999124060388841 9 18 12 3.36768017929769181 29 9 4 2 2 16 17 2 5 32 13 1 12 4 2 32 13 18 15 7 12 29 1 3 25 6 15 30 4 17 9 2.70999124060388841 16 22 8 15 31 10 14 6 12 2 3 6 24.673943817615509 121.967984845074895 
6 22 12 2 24 11 15 19 4 12 15 10 12 30 7 3 2 2.70999124060388841 14 24 12 10 14 11 6 26 12 16 5 5 5 13 3 14 6 9 14 23 6 11 32 4 13 30 10 14 16.1354543567662532 9 4.94126535182462057 6 9 13 13 12 3 8 2 14 15 7 18.7653101086616516 185.20517585850601 
1 32 12 4 30 7 3.36768017929769181 30 3 9.25570237641795579 19 4 14 2 9 5 3 2 16 20 8 10 17 11 4.94126535182462057 26 3 10 14 13 16 8 5 3 1 3 14 16 9.82524131762891173 3 1 7 14 15 3 2 5 1 14 18 5 10 25 2 4 30 7 2 16 13.151007650947605 19.8909329771995544 165.047814729130494 
11 9 8 1 26 7 13 18 2 18 23 3 9 18 12 3.36768017929769181 29 9 4 2 2 16 17 2 5 32 13 1 1 5 2 32 13 18 15 7 12 29 1 3 25 6 9 18 13 14 28 4 16 22 8 15 31 10 14 6 12 2 3 6 23.9975326061248779 128.822839623171205 
15 30 2.70999124060388841 12 6 7 1 24 8 17 13 1 13 26 2 12 2 7 3 33 4 16 9 4 15 14 1 2 3 11 5 31 13 13 22 10 17 31 2 12 9 7 10 20 3 18 1 4 12 19 7 6 15 12 14 30 8 11 26 9 20.5349355340003967 154.367524483189413 
1 1 2.70999124060388841 6 19 6.96245171630185755 14 9 3.84646942076222631 13.2195649013323386 26 9 17.8244721320812971 12 4 14 5 7.75241283629571765 15 31 13 5 15 5 15 14 12 6 30 7 15 3 1 10 23 7 14 24 12 1.62229798836725392 32 4 17 6 5 14 30 7.88610251083374347 3 20 6 13 8 13 16 9 4 3 24 8 17.0966378450393677 225.567589424340071 
10 26 12 12 32 6 14 18 2 6 31 6 8 20 4 2 32 5 17 20 12 4 20 2.70999124060388841 14 3 7 12 32 6 11 6 4 14 26 4 16 6 11 11 30 8 15 24 10 2 33 2 3 31 1 4 28 4 1 1 5 2 15 5 18.7349660992622375 185.466161013933743 
16 26 9 3 32 7 13 8 2 8 20 3 13 15 1 1 5 7 14 9 9 16 1 11 3 15 3 2 12 9 3 8 13 13 15 5 6 9 10 14 1 8 15 26 4 12 12 7 13 12 8 14 8 9 6 6 1 2 20 9 16.7629678249359131 243.667271553569975 
3 1 9 16 15 2 3.36768017929769181 7 6.96245171630185755 4.94126535182462057 26 11 5 14 12 1 3 11 6 1 5 8 2 2 16 30 8 4 13 6 10 18 1 18 11 2 12 19 5 15 1 10 1 32 2 14 15 5 6 6 2 3 3 8 8 31 2 4 12 10 20.4354281425476074 156.30840916538591 
12 1 2 3 25 9 14 26 12 14 3 11 1 32 8 13 18 9 6 15 6 3 1 10 11 6 4 12 31 2.70999124060388841 4 5 9 15 11 11 6 2 3 14 1 4 8 17 6 3 15 13 6 5 6 2 24 11 13 31 10 14 30 1 17.3721678853034973 186.927650127650111 
1 28 8 5 1 9 4 19 1 6 18 7 3.36768017929769181 26 6 2 15 5 4 9 7 14 8 1 16 28 12 15 22 11 18 6 9 9.25570237641795579 26 6 16 13 9 4.94126535182462057 11 7 11 2 7 6 3 1 12 31 12 2 17 7 6 30 2 13.2195649013323386 32 13.151007650947605 21.8274217844009399 151.189201374913523 
1 11 13 14 25 4 15 20 3 12 2 2.70999124060388841 9.25570237641795579 31 5 4.94126535182462057 19 3 14 18 12 9 31 2 17 9 13 13.2195649013323386 14 12 6 2 7 14 16 8 1 24 5 2 12 9 16 31 7 15 3 10 9 31 3 10 12 12 1 24 11 15 28 13.151007650947605 18.8317008018493652 184.00917601116825 
11 9 8 1 26 7 10 21 1 18 23 3 9 18 12 3.36768017929769181 29 9 4 2 2 16 17 2 5 32 13 14 6 9 2 32 13 18 15 7 12 29 1 3 25 6 6 5 2.70999124060388841 17 9 2.70999124060388841 16 22 8 15 31 10 14 6 12 2 3 6 24.9269097447395325 113.226213085804133 
3 26 5 4 2 1 1 1 4 15 19 13 6 14 1 14 15 3 17 1 10 1 2 1 8 30 13 16 6 8 1 32 2.70999124060388841 16 15 2 13 25 1 10 32 6 12 15 2 1 30 12 11 20 3 5 1 6.96245171630185755 15 3 10 8 6 1 19.1805598735809326 173.916929386157619 
16 32 2.70999124060388841 11 16.1354543567662532 10 9 26 9 16 29 4 12 15 11 18 1 5 16 32 2 15 6 12 4 17 13 17 26 7 10 11 13 3 1 4 12 28 2 14 16 9 14 19 4 1 22 2 15 30 2 9 5 3 12 25 8 6 1 8 21.2252900004386902 151.280034293192188 
3.36768017929769181 9 5 15 18 6.96245171630185755 16 2 10 18 12 11 6 19 5 14 8.22565314501180467 7 13.2195649013323386 3 9 17.8244721320812971 31 4 3 6 11 10 12 5 5 1 4 9 18.140740276750666 2 16 24 1 1 32 8 17 30 12 10 5 10 12 15 4 8 1 3 14 5 13 14 16 1.44943743604301667 19.9389849901199341 164.122466040451002 

Current Evaluation = 50000000(50000020)
Front Size = 31
11 9 8 1 26 7 10 21 1 3 6 5 9 18 12 3.36768017929769181 29 9 4 2 2 14 11 12 5 32 13 17 5.34074699537910114 8 1 9 13 18 15 7 12 29 1 3 25 6 10 16 9 17 9 2.70999124060388841 16 22 8 15 31 10 14 6 12 2 3 6 24.5614826679229736 123.26816178764534 
11 9 8 1 26 7 10 21 1 18 23 3 9 18 12 3.36768017929769181 29 9 4 2 2 14 11 12 5 32 13 14 12 9 1 9 13 18 15 7 12 29 1 3 25 6 4 15 2 17 9 2.70999124060388841 16 22 8 15 31 10 14 6 12 2 3 6 24.7681176960468292 117.863099948667852 
11 9 8 1 26 7 10 21 1 18 23 3 9 18 12 3.36768017929769181 29 9 4 2 2 14 11 12 5 32 13 2 1 6 1 9 13 18 15 7 12 29 1 3 25 6 9 20 2 17 9 2.70999124060388841 16 22 8 15 31 10 14 6 12 2 3 6 25.4313945770263672 98.2494424578616758 
11 9 8 1 26 7 10 21 1 18 23 3 9 18 12 3.36768017929769181 29 9 4 2 2 16 17 2 5 32 13 15 6 7 2 32 13 18 15 7 12 29 1 3 25 6 3 12 1 17 9 2.70999124060388841 16 22 8 15 31 10 14 6 12 2 3 6 25.3136797547340393 105.439626461767489 
11 9 8 1 26 7 10 15 1 18 23 3 9 18 12 3.36768017929769181 29 9 4 2 2 16 17 2 5 32 13 14 10 2.70999124060388841 2 32 13 18 15 7 12 29 1 3 25 6 11 27 1 17 9 2.70999124060388841 16 22 8 15 31 10 14 6 12 2 3 6 28.7671547532081604 86.3595873075102389 
11 9 8 1 26 7 10 21 1 18 23 3 9 18 12 3.36768017929769181 22 9 4 2 2 16 17 2 5 32 13 15 15 3 2 32 13 18 15 7 12 29 1 3 25 6 1 16.1354543567662532 9 17 9 2.70999124060388841 16 22 8 15 31 10 14 6 12 2 3 6 24.9718567132949829 111.815756237590406 
11 9 8 1 26 7 10 21 1 18 23 3 9 18 12 3.36768017929769181 29 9 4 2 2 16 17 2 5 32 13 14 10 2.70999124060388841 2 32 13 18 15 7 12 29 1 3 25 6 12 16 1 17 9 2.70999124060388841 16 22 8 15 31 10 14 6 12 2 3 6 28.1954565644264221 86.7939200674271945 
11 9 8 1 26 7 10 21 1 18 23 3 9 18 12 3.36768017929769181 29 9 4 2 2 16 17 2 5 32 13 14 10 2.70999124060388841 2 32 13 18 15 7 12 29 1 3 25 6 4 12 1 17 9 2.70999124060388841 16 22 8 15 31 10 14 6 12 2 3 6 27.7877576351165771 90.5233864473993748 
11 9 8 1 26 7 10 21 1 18 23 3 9 18 12 3.36768017929769181 29 9 4 2 2 16 17 2 5 32 13 14 30 2.70999124060388841 2 32 13 18 15 7 12 29 1 3 25 6 11 27 1 17 9 2.70999124060388841 16 22 8 15 31 10 14 6 12 2 3 6 27.1316779553890228 94.8811160138872935 
11 9 8 1 26 7 10 21 1 18 23 3 9 18 12 3.36768017929769181 29 9 4 2 2 16 17 2 5 32 13 14 1 5 2 32 13 18 15 7 12 29 1 3 25 6 11 27 1 17 9 2.70999124060388841 16 22 8 15 31 10 14 6 12 2 3 6 27.2383759617805481 91.4145318072902455 
6 32 2.70999124060388841 1 26 7 10 21 1 18 23 3 9 18 12 3.36768017929769181 29 9 4 2 2 16 17 2 5 32 13 14 10 2.70999124060388841 2 32 13 18 15 7 12 29 1 3 25 6 11 27 1 17 9 2.70999124060388841 16 22 8 15 31 10 14 6 12 2 3 6 28.9313798546791077 84.8907008444822537 
3 22 9 17 19 13 13 5 6 6 1 9 4 33 4 1 2 11 3 23 4 4 24 5 14 15 2.70999124060388841 4 1 6 6 12 8 11 20 4 12 13 13 10 2 10 16 9 1 1 24 9 17 26 2 8 19 10 13 12 7 14 26 13 19.3737518191337585 172.32595868184103 
6 16 1 12 17 6 15 18 1 3.36768017929769181 33 7 10 2 13 6 31 1 18 6 1 4 13 5 1 15 6.96245171630185755 13 1 6 4.94126535182462057 12 9.82524131762891173 11 32 7 10 26 2 6 23 3 17.8244721320812971 31 11 15 12 7.75241283629571765 14 15 10 1.62229798836725392 6 13 10 17 1 2 28 4 22.4094211459159851 137.47977697376993 
12 26 4 2 9 2 12 2 8 9 6 4 15 13 9 10 31 1 18 1 10 2 19 3 8 32 8 13 22 4 17 20 2.70999124060388841 9.25570237641795579 18 13 2 15 11 4 26 8 6 29 3 4.94126535182462057 1 4 5 33 9.82524131762891173 2 7 3 6 30 7 16 19 13 22.3724677562713623 142.69503780216084 
11 9 8 1 26 7 10 21 1 18 2 2.70999124060388841 9 18 12 3.36768017929769181 29 9 4 2 2 16 17 2 5 32 13 1 12 4 2 32 13 18 15 7 12 29 1 3 25 6 15 30 4 17 9 2.70999124060388841 16 22 8 15 31 10 14 6 12 2 3 6 24.673943817615509 121.967984845074895 
1 32 12 4 30 7 3.36768017929769181 30 3 9.25570237641795579 19 4 14 2 9 5 3 2 16 20 8 10 17 11 4.94126535182462057 26 3 10 14 13 16 8 5 3 1 3 14 16 9.82524131762891173 3 1 7 14 15 3 2 5 1 14 18 5 10 25 2 4 30 7 2 16 13.151007650947605 19.8909329771995544 165.047814729130494 
11 9 8 1 26 7 13 18 2 18 23 3 9 18 12 3.36768017929769181 29 9 4 2 2 16 17 2 5 32 13 1 1 5 2 32 13 18 15 7 12 29 1 3 25 6 9 18 13 14 28 4 16 22 8 15 31 10 14 6 12 2 3 6 23.9975326061248779 128.822839623171205 
15 30 2.70999124060388841 12 6 7 1 24 8 17 13 1 13 26 2 12 2 7 3 33 4 16 9 4 15 14 1 2 3 11 5 31 13 13 22 10 17 31 2 12 9 7 10 20 3 18 1 4 12 19 7 6 15 12 14 30 8 11 26 9 20.5349355340003967 154.367524483189413 
1 1 2.70999124060388841 6 19 6.96245171630185755 14 9 3.84646942076222631 13.2195649013323386 26 9 17.8244721320812971 12 4 14 5 7.75241283629571765 15 31 13 5 15 5 15 14 12 6 30 7 15 3 1 10 23 7 14 24 12 1.62229798836725392 32 4 17 6 5 14 30 7.88610251083374347 3 20 6 13 8 13 16 9 4 3 24 8 17.0966378450393677 225.567589424340071 
16 26 9 3 32 7 13 8 2 8 20 3 13 15 1 1 5 7 14 9 9 16 1 11 3 15 3 2 12 9 3 8 13 13 15 5 6 9 10 14 1 8 15 26 4 12 12 7 13 12 8 14 8 9 6 6 1 2 20 9 16.7629678249359131 243.667271553569975 
3 1 9 16 15 2 3.36768017929769181 7 6.96245171630185755 4.94126535182462057 26 11 5 14 12 1 3 11 6 1 5 8 2 2 16 30 8 4 13 6 10 18 1 18 11 2 12 19 5 15 1 10 1 32 2 14 15 5 6 6 2 3 3 8 8 31 2 4 12 10 20.4354281425476074 156.30840916538591 
12 1 2 3 25 9 14 26 12 14 3 11 1 32 8 13 18 9 6 15 6 3 1 10 11 6 4 12 31 2.70999124060388841 4 5 9 15 11 11 6 2 3 14 1 4 8 17 6 3 15 13 6 5 6 2 24 11 13 31 10 14 30 1 17.3721678853034973 186.927650127650111 
1 28 8 5 1 9 4 19 1 6 18 7 3.36768017929769181 26 6 2 15 5 4 9 7 14 8 1 16 28 12 15 22 11 18 6 9 9.25570237641795579 26 6 16 13 9 4.94126535182462057 11 7 11 2 7 6 3 1 12 31 12 2 17 7 6 30 2 13.2195649013323386 32 13.151007650947605 21.8274217844009399 151.189201374913523 
11 9 8 1 26 7 10 21 1 18 23 3 9 18 12 3.36768017929769181 29 9 4 2 2 16 17 2 5 32 13 14 6 9 2 32 13 18 15 7 12 29 1 3 25 6 6 5 2.70999124060388841 17 9 2.70999124060388841 16 22 8 15 31 10 14 6 12 2 3 6 24.9269097447395325 113.226213085804133 
3 26 5 4 2 1 1 1 4 15 19 13 6 14 1 14 15 3 17 1 10 1 2 1 8 30 13 16 6 8 1 32 2.70999124060388841 16 15 2 13 25 1 10 32 6 12 15 2 1 30 12 11 20 3 5 1 6.96245171630185755 15 3 10 8 6 1 19.1805598735809326 173.916929386157619 
16 32 2.70999124060388841 11 16.1354543567662532 10 9 26 9 16 29 4 12 15 11 18 1 5 16 32 2 15 6 12 4 17 13 17 26 7 10 11 13 3 1 4 12 28 2 14 16 9 14 19 4 1 22 2 15 30 2 9 5 3 12 25 8 6 1 8 21.2252900004386902 151.280034293192188 
3.36768017929769181 9 5 15 18 6.96245171630185755 16 2 10 18 12 11 6 19 5 14 8.22565314501180467 7 13.2195649013323386 3 9 17.8244721320812971 31 4 3 6 11 10 12 5 5 1 4 9 18.140740276750666 2 16 24 1 1 32 8 17 30 12 10 5 10 12 15 4 8 1 3 14 5 13 14 16 1.44943743604301667 19.9389849901199341 164.122466040451002 
15 31 7 1 15 10 10 1 7 4 13 12 13 32 2.70999124060388841 6 9 4 17 19 13 16 8 10 1 3 1 1 14 5 9.25570237641795579 2 2 14 6 10 4 20 7 6 18 4 14 9 7 4 12 12 4.94126535182462057 1 9 3 32 11 2 16 1 2 24 1 18.2432441413402557 185.209380534612734 
12 12 2 15 14 4 14 12 13 16 26 10 6 8 9 3.36768017929769181 9 13 14 20 11 1 2 2 13 6 6.96245171630185755 8 15 3.84646942076222631 4 22 6 14 32 8 12 24 7 17 14 5 15 20 11 6 24 5 15 26 13 14 6 9 2 31 9.82524131762891173 11 11 7 17.2423997521400452 221.539670060068545 
17 26 11 4 2 2 12 15 4 1 9 13 13 12 5 6 26 11 10 20 8 10 32 7 3.36768017929769181 24 1 4 2 8 3 3 10 14 32 7 13 9 4 4 5 1 6 31 4 16 16 2 13 20 10 8 8 7 4 32 6.96245171630185755 15 6 3 18.3548728227615356 179.230679536239592 
3.36768017929769181 26 13 17 9 5 15 30 13 2 11 4 14 31 13 12 5 7 13 6 7 12 6 6.96245171630185755 2 22 7 14 5 3.84646942076222631 1 18 2 3 5 13 13.2195649013323386 1 9 16 24 8 16 31.8448655754823804 10 13 32 11 3 18 2 3 30 8 14 26 7.75241283629571765 2 19 4 17.0935228765010834 237.23304968738438 

Current Evaluation = 60000000(60000100)
Front Size = 32
11 9 8 1 26 7 10 21 1 3 6 5 9 18 12 3.36768017929769181 29 9 4 2 2 14 11 12 5 32 13 17 5.34074699537910114 8 1 9 13 18 15 7 12 29 1 3 25 6 10 16 9 17 9 2.70999124060388841 16 22 8 15 31 10 14 6 12 2 3 6 24.5614826679229736 123.26816178764534 
11 9 8 1 26 7 10 21 1 18 23 3 9 18 12 3.36768017929769181 29 9 4 2 2 14 11 12 5 32 13 14 12 9 1 9 13 18 15 7 12 29 1 3 25 6 4 15 2 17 9 2.70999124060388841 16 22 8 15 31 10 14 6 12 2 3 6 24.7681176960468292 117.863099948667852 
11 9 8 1 26 7 10 21 1 18 23 3 9 18 12 3.36768017929769181 29 9 4 2 2 14 11 12 5 32 13 2 1 6 1 9 13 18 15 7 12 29 1 3 25 6 9 20 2 17 9 2.70999124060388841 16 22 8 15 31 10 14 6 12 2 3 6 25.4313945770263672 98.2494424578616758 
11 9 8 1 26 7 10 21 1 18 23 3 9 18 12 3.36768017929769181 29 9 4 2 2 16 17 2 5 32 13 15 6 7 2 32 13 18 15 7 12 29 1 3 25 6 3 12 1 17 9 2.70999124060388841 16 22 8 15 31 10 14 6 12 2 3 6 25.3136797547340393 105.439626461767489 
11 9 8 1 26 7 10 15 1 18 23 3 9 18 12 3.36768017929769181 29 9 4 2 2 16 17 2 5 32 13 14 10 2.70999124060388841 2 32 13 18 15 7 12 29 1 3 25 6 11 27 1 17 9 2.70999124060388841 16 22 8 15 31 10 14 6 12 2 3 6 28.7671547532081604 86.3595873075102389 
11 9 8 1 26 7 10 21 1 18 23 3 9 18 12 3.36768017929769181 22 9 4 2 2 16 17 2 5 32 13 15 15 3 2 32 13 18 15 7 12 29 1 3 25 6 1 16.1354543567662532 9 17 9 2.70999124060388841 16 22 8 15 31 10 14 6 12 2 3 6 24.9718567132949829 111.815756237590406 
11 9 8 1 26 7 10 21 1 18 23 3 9 18 12 3.36768017929769181 29 9 4 2 2 16 17 2 5 32 13 14 10 2.70999124060388841 2 32 13 18 15 7 12 29 1 3 25 6 12 16 1 17 9 2.70999124060388841 16 22 8 15 31 10 14 6 12 2 3 6 28.1954565644264221 86.7939200674271945 
11 9 8 1 26 7 10 21 1 18 23 3 9 18 12 3.36768017929769181 29 9 4 2 2 16 17 2 5 32 13 14 30 2.70999124060388841 2 32 13 18 15 7 12 29 1 3 25 6 11 27 1 17 9 2.70999124060388841 16 22 8 15 31 10 14 6 12 2 3 6 27.1316779553890228 94.8811160138872935 
6 32 2.70999124060388841 1 26 7 10 21 1 18 23 3 9 18 12 3.36768017929769181 29 9 4 2 2 16 17 2 5 32 13 14 10 2.70999124060388841 2 32 13 18 15 7 12 29 1 3 25 6 11 27 1 17 9 2.70999124060388841 16 22 8 15 31 10 14 6 12 2 3 6 28.9313798546791077 84.8907008444822537 
3 22 9 17 19 13 13 5 6 6 1 9 4 33 4 1 2 11 3 23 4 4 24 5 14 15 2.70999124060388841 4 1 6 6 12 8 11 20 4 12 13 13 10 2 10 16 9 1 1 24 9 17 26 2 8 19 10 13 12 7 14 26 13 19.3737518191337585 172.32595868184103 
6 16 1 12 17 6 15 18 1 3.36768017929769181 33 7 10 2 13 6 31 1 18 6 1 4 13 5 1 15 6.96245171630185755 13 1 6 4.94126535182462057 12 9.82524131762891173 11 32 7 10 26 2 6 23 3 17.8244721320812971 31 11 15 12 7.75241283629571765 14 15 10 1.62229798836725392 6 13 10 17 1 2 28 4 22.4094211459159851 137.47977697376993 
12 26 4 2 9 2 12 2 8 9 6 4 15 13 9 10 31 1 18 1 10 2 19 3 8 32 8 13 22 4 17 20 2.70999124060388841 9.25570237641795579 18 13 2 15 11 4 26 8 6 29 3 4.94126535182462057 1 4 5 33 9.82524131762891173 2 7 3 6 30 7 16 19 13 22.3724677562713623 142.69503780216084 
11 9 8 1 26 7 10 21 1 18 2 2.70999124060388841 9 18 12 3.36768017929769181 29 9 4 2 2 16 17 2 5 32 13 1 12 4 2 32 13 18 15 7 12 29 1 3 25 6 15 30 4 17 9 2.70999124060388841 16 22 8 15 31 10 14 6 12 2 3 6 24.673943817615509 121.967984845074895 
1 32 12 4 30 7 3.36768017929769181 30 3 9.25570237641795579 19 4 14 2 9 5 3 2 16 20 8 10 17 11 4.94126535182462057 26 3 10 14 13 16 8 5 3 1 3 14 16 9.82524131762891173 3 1 7 14 15 3 2 5 1 14 18 5 10 25 2 4 30 7 2 16 13.151007650947605 19.8909329771995544 165.047814729130494 
11 9 8 1 26 7 13 18 2 18 23 3 9 18 12 3.36768017929769181 29 9 4 2 2 16 17 2 5 32 13 1 1 5 2 32 13 18 15 7 12 29 1 3 25 6 9 18 13 14 28 4 16 22 8 15 31 10 14 6 12 2 3 6 23.9975326061248779 128.822839623171205 
15 30 2.70999124060388841 12 6 7 1 24 8 17 13 1 13 26 2 12 2 7 3 33 4 16 9 4 15 14 1 2 3 11 5 31 13 13 22 10 17 31 2 12 9 7 10 20 3 18 1 4 12 19 7 6 15 12 14 30 8 11 26 9 20.5349355340003967 154.367524483189413 
1 1 2.70999124060388841 6 19 6.96245171630185755 14 9 3.84646942076222631 13.2195649013323386 26 9 17.8244721320812971 12 4 14 5 7.75241283629571765 15 31 13 5 15 5 15 14 12 6 30 7 15 3 1 10 23 7 14 24 12 1.62229798836725392 32 4 17 6 5 14 30 7.88610251083374347 3 20 6 13 8 13 16 9 4 3 24 8 17.0966378450393677 225.567589424340071 
16 26 9 3 32 7 13 8 2 8 20 3 13 15 1 1 5 7 14 9 9 16 1 11 3 15 3 2 12 9 3 8 13 13 15 5 6 9 10 14 1 8 15 26 4 12 12 7 13 12 8 14 8 9 6 6 1 2 20 9 16.7629678249359131 243.667271553569975 
3 1 9 16 15 2 3.36768017929769181 7 6.96245171630185755 4.94126535182462057 26 11 5 14 12 1 3 11 6 1 5 8 2 2 16 30 8 4 13 6 10 18 1 18 11 2 12 19 5 15 1 10 1 32 2 14 15 5 6 6 2 3 3 8 8 31 2 4 12 10 20.4354281425476074 156.30840916538591 
12 1 2 3 25 9 14 26 12 14 3 11 1 32 8 13 18 9 6 15 6 3 1 10 11 6 4 12 31 2.70999124060388841 4 5 9 15 11 11 6 2 3 14 1 4 8 17 6 3 15 13 6 5 6 2 24 11 13 31 10 14 30 1 17.3721678853034973 186.927650127650111 
11 9 8 1 26 7 10 21 1 18 23 3 9 18 12 3.36768017929769181 29 9 4 2 2 16 17 2 5 32 13 14 6 9 2 32 13 18 15 7 12 29 1 3 25 6 6 5 2.70999124060388841 17 9 2.70999124060388841 16 22 8 15 31 10 14 6 12 2 3 6 24.9269097447395325 113.226213085804133 
3 26 5 4 2 1 1 1 4 15 19 13 6 14 1 14 15 3 17 1 10 1 2 1 8 30 13 16 6 8 1 32 2.70999124060388841 16 15 2 13 25 1 10 32 6 12 15 2 1 30 12 11 20 3 5 1 6.96245171630185755 15 3 10 8 6 1 19.1805598735809326 173.916929386157619 
16 32 2.70999124060388841 11 16.1354543567662532 10 9 26 9 16 29 4 12 15 11 18 1 5 16 32 2 15 6 12 4 17 13 17 26 7 10 11 13 3 1 4 12 28 2 14 16 9 14 19 4 1 22 2 15 30 2 9 5 3 12 25 8 6 1 8 21.2252900004386902 151.280034293192188 
3.36768017929769181 9 5 15 18 6.96245171630185755 16 2 10 18 12 11 6 19 5 14 8.22565314501180467 7 13.2195649013323386 3 9 17.8244721320812971 31 4 3 6 11 10 12 5 5 1 4 9 18.140740276750666 2 16 24 1 1 32 8 17 30 12 10 5 10 12 15 4 8 1 3 14 5 13 14 16 1.44943743604301667 19.9389849901199341 164.122466040451002 
15 31 7 1 15 10 10 1 7 4 13 12 13 32 2.70999124060388841 6 9 4 17 19 13 16 8 10 1 3 1 1 14 5 9.25570237641795579 2 2 14 6 10 4 20 7 6 18 4 14 9 7 4 12 12 4.94126535182462057 1 9 3 32 11 2 16 1 2 24 1 18.2432441413402557 185.209380534612734 
12 12 2 15 14 4 14 12 13 16 26 10 6 8 9 3.36768017929769181 9 13 14 20 11 1 2 2 13 6 6.96245171630185755 8 15 3.84646942076222631 4 22 6 14 32 8 12 24 7 17 14 5 15 20 11 6 24 5 15 26 13 14 6 9 2 31 9.82524131762891173 11 11 7 17.2423997521400452 221.539670060068545 
17 26 11 4 2 2 12 15 4 1 9 13 13 12 5 6 26 11 10 20 8 10 32 7 3.36768017929769181 24 1 4 2 8 3 3 10 14 32 7 13 9 4 4 5 1 6 31 4 16 16 2 13 20 10 8 8 7 4 32 6.96245171630185755 15 6 3 18.3548728227615356 179.230679536239592 
3.36768017929769181 26 13 17 9 5 15 30 13 2 11 4 14 31 13 12 5 7 13 6 7 12 6 6.96245171630185755 2 22 7 14 5 3.84646942076222631 1 18 2 3 5 13 13.2195649013323386 1 9 16 24 8 16 31.8448655754823804 10 13 32 11 3 18 2 3 30 8 14 26 7.75241283629571765 2 19 4 17.0935228765010834 237.23304968738438 
1 12 4 10 8 5 3 15 1 9 23 13 8 19 4 15 25 9 1 5.34074699537910114 6 1 25 3 14 6 10 4 9 9 12 16.1354543567662532 12 16 9 8 14 2 9 4.94126535182462057 25 1 10 13 9.82524131762891173 16 31.8448655754823804 2 14 32 6 16 24 10 6 15 4 3 16 9 19.043110579252243 176.393213897303355 
11 9 8 1 26 7 10 21 1 18 23 3 9 18 12 3.36768017929769181 29 9 4 2 2 16 17 2 5 32 13 14 30 11 2 32 13 18 15 7 12 29 1 3 25 6 11 27 1 17 9 2.70999124060388841 16 22 8 15 31 10 14 6 12 2 3 6 27.1722639799118042 90.5133566027923848 
16 7 13 15 1 9 14 5.34074699537910114 5 9.25570237641795579 6 2 12 28 11 6 31 3 17 30 5 1 23 11 18 14 6 14 18 13 16 1 3 15 9 4 16 2 2 12 6 12 10 28 8 14 15 1 1 14 10 8 8.22565314501180467 5 11 19 9 4 32 1 21.4082759618759155 149.862885670238597 
3 9 10 12 30 7 3 5 1 2 24 9 14 31 10 12 1 11 16 25 10 17 18 10 1 6 2 16 15 4 4 16 1 17 30 11 1 5.34074699537910114 6 1 14 13 14 11 6.96245171630185755 14 26 2 9 6 5 6 30 8 15 25 12 5 24 9 17.2717160582542419 211.573518638224527 

Current Evaluation = 70000000(70000180)
Front Size = 35
11 9 8 1 26 7 10 21 1 3 6 5 9 18 12 3.36768017929769181 29 9 4 2 2 14 11 12 5 32 13 17 5.34074699537910114 8 1 9 13 18 15 7 12 29 1 3 25 6 10 16 9 17 9 2.70999124060388841 16 22 8 15 31 10 14 6 12 2 3 6 24.5614826679229736 123.26816178764534 
11 9 8 1 26 7 10 21 1 18 23 3 9 18 12 3.36768017929769181 29 9 4 2 2 14 11 12 5 32 13 14 12 9 1 9 13 18 15 7 12 29 1 3 25 6 4 15 2 17 9 2.70999124060388841 16 22 8 15 31 10 14 6 12 2 3 6 24.7681176960468292 117.863099948667852 
11 9 8 1 26 7 10 21 1 18 23 3 9 18 12 3.36768017929769181 29 9 4 2 2 14 11 12 5 32 13 2 1 6 1 9 13 18 15 7 12 29 1 3 25 6 9 20 2 17 9 2.70999124060388841 16 22 8 15 31 10 14 6 12 2 3 6 25.4313945770263672 98.2494424578616758 
11 9 8 1 26 7 10 21 1 18 23 3 9 18 12 3.36768017929769181 29 9 4 2 2 16 17 2 5 32 13 15 6 7 2 32 13 18 15 7 12 29 1 3 25 6 3 12 1 17 9 2.70999124060388841 16 22 8 15 31 10 14 6 12 2 3 6 25.3136797547340393 105.439626461767489 
11 9 8 1 26 7 10 15 1 18 23 3 9 18 12 3.36768017929769181 29 9 4 2 2 16 17 2 5 32 13 14 10 2.70999124060388841 2 32 13 18 15 7 12 29 1 3 25 6 11 27 1 17 9 2.70999124060388841 16 22 8 15 31 10 14 6 12 2 3 6 28.7671547532081604 86.3595873075102389 
11 9 8 1 26 7 10 21 1 18 23 3 9 18 12 3.36768017929769181 22 9 4 2 2 16 17 2 5 32 13 15 15 3 2 32 13 18 15 7 12 29 1 3 25 6 1 16.1354543567662532 9 17 9 2.70999124060388841 16 22 8 15 31 10 14 6 12 2 3 6 24.9718567132949829 111.815756237590406 
11 9 8 1 26 7 10 21 1 18 23 3 9 18 12 3.36768017929769181 29 9 4 2 2 16 17 2 5 32 13 14 10 2.70999124060388841 2 32 13 18 15 7 12 29 1 3 25 6 12 16 1 17 9 2.70999124060388841 16 22 8 15 31 10 14 6 12 2 3 6 28.1954565644264221 86.7939200674271945 
11 9 8 1 26 7 10 21 1 18 23 3 9 18 12 3.36768017929769181 29 9 4 2 2 16 17 2 5 32 13 14 30 2.70999124060388841 2 32 13 18 15 7 12 29 1 3 25 6 11 27 1 17 9 2.70999124060388841 16 22 8 15 31 10 14 6 12 2 3 6 27.1316779553890228 94.8811160138872935 
6 32 2.70999124060388841 1 26 7 10 21 1 18 23 3 9 18 12 3.36768017929769181 29 9 4 2 2 16 17 2 5 32 13 14 10 2.70999124060388841 2 32 13 18 15 7 12 29 1 3 25 6 11 27 1 17 9 2.70999124060388841 16 22 8 15 31 10 14 6 12 2 3 6 28.9313798546791077 84.8907008444822537 
3 22 9 17 19 13 13 5 6 6 1 9 4 33 4 1 2 11 3 23 4 4 24 5 14 15 2.70999124060388841 4 1 6 6 12 8 11 20 4 12 13 13 10 2 10 16 9 1 1 24 9 17 26 2 8 19 10 13 12 7 14 26 13 19.3737518191337585 172.32595868184103 
6 16 1 12 17 6 15 18 1 3.36768017929769181 33 7 10 2 13 6 31 1 18 6 1 4 13 5 1 15 6.96245171630185755 13 1 6 4.94126535182462057 12 9.82524131762891173 11 32 7 10 26 2 6 23 3 17.8244721320812971 31 11 15 12 7.75241283629571765 14 15 10 1.62229798836725392 6 13 10 17 1 2 28 4 22.4094211459159851 137.47977697376993 
12 26 4 2 9 2 12 2 8 9 6 4 15 13 9 10 31 1 18 1 10 2 19 3 8 32 8 13 22 4 17 20 2.70999124060388841 9.25570237641795579 18 13 2 15 11 4 26 8 6 29 3 4.94126535182462057 1 4 5 33 9.82524131762891173 2 7 3 6 30 7 16 19 13 22.3724677562713623 142.69503780216084 
11 9 8 1 26 7 10 21 1 18 2 2.70999124060388841 9 18 12 3.36768017929769181 29 9 4 2 2 16 17 2 5 32 13 1 12 4 2 32 13 18 15 7 12 29 1 3 25 6 15 30 4 17 9 2.70999124060388841 16 22 8 15 31 10 14 6 12 2 3 6 24.673943817615509 121.967984845074895 
1 32 12 4 30 7 3.36768017929769181 30 3 9.25570237641795579 19 4 14 2 9 5 3 2 16 20 8 10 17 11 4.94126535182462057 26 3 10 14 13 16 8 5 3 1 3 14 16 9.82524131762891173 3 1 7 14 15 3 2 5 1 14 18 5 10 25 2 4 30 7 2 16 13.151007650947605 19.8909329771995544 165.047814729130494 
11 9 8 1 26 7 13 18 2 18 23 3 9 18 12 3.36768017929769181 29 9 4 2 2 16 17 2 5 32 13 1 1 5 2 32 13 18 15 7 12 29 1 3 25 6 9 18 13 14 28 4 16 22 8 15 31 10 14 6 12 2 3 6 23.9975326061248779 128.822839623171205 
15 30 2.70999124060388841 12 6 7 1 24 8 17 13 1 13 26 2 12 2 7 3 33 4 16 9 4 15 14 1 2 3 11 5 31 13 13 22 10 17 31 2 12 9 7 10 20 3 18 1 4 12 19 7 6 15 12 14 30 8 11 26 9 20.5349355340003967 154.367524483189413 
1 1 2.70999124060388841 6 19 6.96245171630185755 14 9 3.84646942076222631 13.2195649013323386 26 9 17.8244721320812971 12 4 14 5 7.75241283629571765 15 31 13 5 15 5 15 14 12 6 30 7 15 3 1 10 23 7 14 24 12 1.62229798836725392 32 4 17 6 5 14 30 7.88610251083374347 3 20 6 13 8 13 16 9 4 3 24 8 17.0966378450393677 225.567589424340071 
16 26 9 3 32 7 13 8 2 8 20 3 13 15 1 1 5 7 14 9 9 16 1 11 3 15 3 2 12 9 3 8 13 13 15 5 6 9 10 14 1 8 15 26 4 12 12 7 13 12 8 14 8 9 6 6 1 2 20 9 16.7629678249359131 243.667271553569975 
3 1 9 16 15 2 3.36768017929769181 7 6.96245171630185755 4.94126535182462057 26 11 5 14 12 1 3 11 6 1 5 8 2 2 16 30 8 4 13 6 10 18 1 18 11 2 12 19 5 15 1 10 1 32 2 14 15 5 6 6 2 3 3 8 8 31 2 4 12 10 20.4354281425476074 156.30840916538591 
12 1 2 3 25 9 14 26 12 14 3 11 1 32 8 13 18 9 6 15 6 3 1 10 11 6 4 12 31 2.70999124060388841 4 5 9 15 11 11 6 2 3 14 1 4 8 17 6 3 15 13 6 5 6 2 24 11 13 31 10 14 30 1 17.3721678853034973 186.927650127650111 
11 9 8 1 26 7 10 21 1 18 23 3 9 18 12 3.36768017929769181 29 9 4 2 2 16 17 2 5 32 13 14 6 9 2 32 13 18 15 7 12 29 1 3 25 6 6 5 2.70999124060388841 17 9 2.70999124060388841 16 22 8 15 31 10 14 6 12 2 3 6 24.9269097447395325 113.226213085804133 
3 26 5 4 2 1 1 1 4 15 19 13 6 14 1 14 15 3 17 1 10 1 2 1 8 30 13 16 6 8 1 32 2.70999124060388841 16 15 2 13 25 1 10 32 6 12 15 2 1 30 12 11 20 3 5 1 6.96245171630185755 15 3 10 8 6 1 19.1805598735809326 173.916929386157619 
16 32 2.70999124060388841 11 16.1354543567662532 10 9 26 9 16 29 4 12 15 11 18 1 5 16 32 2 15 6 12 4 17 13 17 26 7 10 11 13 3 1 4 12 28 2 14 16 9 14 19 4 1 22 2 15 30 2 9 5 3 12 25 8 6 1 8 21.2252900004386902 151.280034293192188 
3.36768017929769181 9 5 15 18 6.96245171630185755 16 2 10 18 12 11 6 19 5 14 8.22565314501180467 7 13.2195649013323386 3 9 17.8244721320812971 31 4 3 6 11 10 12 5 5 1 4 9 18.140740276750666 2 16 24 1 1 32 8 17 30 12 10 5 10 12 15 4 8 1 3 14 5 13 14 16 1.44943743604301667 19.9389849901199341 164.122466040451002 
15 31 7 1 15 10 10 1 7 4 13 12 13 32 2.70999124060388841 6 9 4 17 19 13 16 8 10 1 3 1 1 14 5 9.25570237641795579 2 2 14 6 10 4 20 7 6 18 4 14 9 7 4 12 12 4.94126535182462057 1 9 3 32 11 2 16 1 2 24 1 18.2432441413402557 185.209380534612734 
12 12 2 15 14 4 14 12 13 16 26 10 6 8 9 3.36768017929769181 9 13 14 20 11 1 2 2 13 6 6.96245171630185755 8 15 3.84646942076222631 4 22 6 14 32 8 12 24 7 17 14 5 15 20 11 6 24 5 15 26 13 14 6 9 2 31 9.82524131762891173 11 11 7 17.2423997521400452 221.539670060068545 
17 26 11 4 2 2 12 15 4 1 9 13 13 12 5 6 26 11 10 20 8 10 32 7 3.36768017929769181 24 1 4 2 8 3 3 10 14 32 7 13 9 4 4 5 1 6 31 4 16 16 2 13 20 10 8 8 7 4 32 6.96245171630185755 15 6 3 18.3548728227615356 179.230679536239592 
3.36768017929769181 26 13 17 9 5 15 30 13 2 11 4 14 31 13 12 5 7 13 6 7 12 6 6.96245171630185755 2 22 7 14 5 3.84646942076222631 1 18 2 3 5 13 13.2195649013323386 1 9 16 24 8 16 31.8448655754823804 10 13 32 11 3 18 2 3 30 8 14 26 7.75241283629571765 2 19 4 17.0935228765010834 237.23304968738438 
11 9 8 1 26 7 10 21 1 18 23 3 9 18 12 3.36768017929769181 29 9 4 2 2 16 17 2 5 32 13 14 30 11 2 32 13 18 15 7 12 29 1 3 25 6 11 27 1 17 9 2.70999124060388841 16 22 8 15 31 10 14 6 12 2 3 6 27.1722639799118042 90.5133566027923848 
16 7 13 15 1 9 14 5.34074699537910114 5 9.25570237641795579 6 2 12 28 11 6 31 3 17 30 5 1 23 11 18 14 6 14 18 13 16 1 3 15 9 4 16 2 2 12 6 12 10 28 8 14 15 1 1 14 10 8 8.22565314501180467 5 11 19 9 4 32 1 21.4082759618759155 149.862885670238597 
3 9 10 12 30 7 3 5 1 2 24 9 14 31 10 12 1 11 16 25 10 17 18 10 1 6 2 16 15 4 4 16 1 17 30 11 1 5.34074699537910114 6 1 14 13 14 11 6.96245171630185755 14 26 2 9 6 5 6 30 8 15 25 12 5 24 9 17.2717160582542419 211.573518638224527 
14 26 7 3 3 1 12 20 11 10 15 12 14 16 7 14 1 8 16 12 13 1 24 9 6 8 2.70999124060388841 10 12 13 8 15 7 9 25 11 4 16 11 13 22 2 2 1 5 16 2 7 5 30 3 1 24 9 13 26 9 17 3 11 18.8416338264942169 174.276589895989162 
5 12 4 14 1 7 6 6 9 3.36768017929769181 2 8 4 25 1 15 22 5 6 13 4 1 3 6 14 26 5 13 7 2 11 31 8 4 16 1 11 24 13 4 16 10 1 23 13 1 1 6 6 30 9 10 14 8 16 25 4 9.25570237641795579 18 7 20.3287459015846252 162.49593294694381 
6 12 8 3 30 11 9 6 10 4 15 13 14 7 9 3 1 13 13 13 7 4 1 10 17 26 5 4 25 2 13 17 10 6 6 7 13 31 10 1 24 7 3 25 1 15 12 12 17 22 10 13 24 11 6 15 13 13 32 8 16.7083906531333923 256.61721949636177 
3 9 9 16 23 9 6 26 1 15 25 13 2 5.34074699537910114 11 1 31 2 9 30 12 15 18 5 14 6 2 3 7 10 15 15 7 6 11 2 14 1 4 13 16 13 12 33 8 15 6 11 9.25570237641795579 8 8 16 31 11 15 26 7 6 32 3.84646942076222631 18.8993026316165924 173.926293054664541 

Current Evaluation = 80000000(80000070)
Front Size = 46
3 22 9 17 19 13 13 5 6 6 1 9 4 33 4 1 2 11 3 23 4 4 24 5 14 15 2.70999124060388841 4 1 6 6 12 8 11 20 4 12 13 13 10 2 10 16 9 1 1 24 9 17 26 2 8 19 10 13 12 7 14 26 13 19.3737518191337585 172.32595868184103 
1 32 12 4 30 7 3.36768017929769181 30 3 9.25570237641795579 19 4 14 2 9 5 3 2 16 20 8 10 17 11 4.94126535182462057 26 3 10 14 13 16 8 5 3 1 3 14 16 9.82524131762891173 3 1 7 14 15 3 2 5 1 14 18 5 10 25 2 4 30 7 2 16 13.151007650947605 19.8909329771995544 165.047814729130494 
15 30 2.70999124060388841 12 6 7 1 24 8 17 13 1 13 26 2 12 2 7 3 33 4 16 9 4 15 14 1 2 3 11 5 31 13 13 22 10 17 31 2 12 9 7 10 20 3 18 1 4 12 19 7 6 15 12 14 30 8 11 26 9 20.5349355340003967 154.367524483189413 
3 1 9 16 15 2 3.36768017929769181 7 6.96245171630185755 4.94126535182462057 26 11 5 14 12 1 3 11 6 1 5 8 2 2 16 30 8 4 13 6 10 18 1 18 11 2 12 19 5 15 1 10 1 32 2 14 15 5 6 6 2 3 3 8 8 31 2 4 12 10 20.4354281425476074 156.30840916538591 
12 1 2 3 25 9 14 26 12 14 3 11 1 32 8 13 18 9 6 15 6 3 1 10 11 6 4 12 31 2.70999124060388841 4 5 9 15 11 11 6 2 3 14 1 4 8 17 6 3 15 13 6 5 6 2 24 11 13 31 10 14 30 1 17.3721678853034973 186.927650127650111 
3 26 5 4 2 1 1 1 4 15 19 13 6 14 1 14 15 3 17 1 10 1 2 1 8 30 13 16 6 8 1 32 2.70999124060388841 16 15 2 13 25 1 10 32 6 12 15 2 1 30 12 11 20 3 5 1 6.96245171630185755 15 3 10 8 6 1 19.1805598735809326 173.916929386157619 
16 32 2.70999124060388841 11 16.1354543567662532 10 9 26 9 16 29 4 12 15 11 18 1 5 16 32 2 15 6 12 4 17 13 17 26 7 10 11 13 3 1 4 12 28 2 14 16 9 14 19 4 1 22 2 15 30 2 9 5 3 12 25 8 6 1 8 21.2252900004386902 151.280034293192188 
3.36768017929769181 9 5 15 18 6.96245171630185755 16 2 10 18 12 11 6 19 5 14 8.22565314501180467 7 13.2195649013323386 3 9 17.8244721320812971 31 4 3 6 11 10 12 5 5 1 4 9 18.140740276750666 2 16 24 1 1 32 8 17 30 12 10 5 10 12 15 4 8 1 3 14 5 13 14 16 1.44943743604301667 19.9389849901199341 164.122466040451002 
15 31 7 1 15 10 10 1 7 4 13 12 13 32 2.70999124060388841 6 9 4 17 19 13 16 8 10 1 3 1 1 14 5 9.25570237641795579 2 2 14 6 10 4 20 7 6 18 4 14 9 7 4 12 12 4.94126535182462057 1 9 3 32 11 2 16 1 2 24 1 18.2432441413402557 185.209380534612734 
17 26 11 4 2 2 12 15 4 1 9 13 13 12 5 6 26 11 10 20 8 10 32 7 3.36768017929769181 24 1 4 2 8 3 3 10 14 32 7 13 9 4 4 5 1 6 31 4 16 16 2 13 20 10 8 8 7 4 32 6.96245171630185755 15 6 3 18.3548728227615356 179.230679536239592 
16 7 13 15 1 9 14 5.34074699537910114 5 9.25570237641795579 6 2 12 28 11 6 31 3 17 30 5 1 23 11 18 14 6 14 18 13 16 1 3 15 9 4 16 2 2 12 6 12 10 28 8 14 15 1 1 14 10 8 8.22565314501180467 5 11 19 9 4 32 1 21.4082759618759155 149.862885670238597 
3 9 10 12 30 7 3 5 1 2 24 9 14 31 10 12 1 11 16 25 10 17 18 10 1 6 2 16 15 4 4 16 1 17 30 11 1 5.34074699537910114 6 1 14 13 14 11 6.96245171630185755 14 26 2 9 6 5 6 30 8 15 25 12 5 24 9 17.2717160582542419 211.573518638224527 
14 26 7 3 3 1 12 20 11 10 15 12 14 16 7 14 1 8 16 12 13 1 24 9 6 8 2.70999124060388841 10 12 13 8 15 7 9 25 11 4 16 11 13 22 2 2 1 5 16 2 7 5 30 3 1 24 9 13 26 9 17 3 11 18.8416338264942169 174.276589895989162 
5 12 4 14 1 7 6 6 9 3.36768017929769181 2 8 4 25 1 15 22 5 6 13 4 1 3 6 14 26 5 13 7 2 11 31 8 4 16 1 11 24 13 4 16 10 1 23 13 1 1 6 6 30 9 10 14 8 16 25 4 9.25570237641795579 18 7 20.3287459015846252 162.49593294694381 
3 9 9 16 23 9 6 26 1 15 25 13 2 5.34074699537910114 11 1 31 2 9 30 12 15 18 5 14 6 2 3 7 10 15 15 7 6 11 2 14 1 4 13 16 13 12 33 8 15 6 11 9.25570237641795579 8 8 16 31 11 15 26 7 6 32 3.84646942076222631 18.8993026316165924 173.926293054664541 
15 18 11 12 23 5 17 25 13 15 30 6 15 31 5 14 24 4 17 26 4 13 14 4 6 12 2.70999124060388841 14 25 6.96245171630185755 4.94126535182462057 5 2 4 6 7 13.2195649013323386 26 11 17 6 9 15 15 1 6 1 7 4 7 13.151007650947605 1 30 10 13 25 6 9 18.140740276750666 13 16.3811038434505463 236.547045876380167 
16 16 2.70999124060388841 6 18 8 10 21 1 18 23 3 12 1 5 3.36768017929769181 29 9 4 2 2 5 3 13 6 30 8 14 31 12 2 32 13 18 15 7 12 29 1 9 1 6 11 27 1 17 9 2.70999124060388841 16 22 8 15 31 10 10 24 8 12 20 1 27.1146567463874817 65.9312241697839028 
6 5.34074699537910114 9 14 6 6.96245171630185755 12 5 13 16 31 12 15 15 9 14 15 4 14 22 3.84646942076222631 13 31 5 5 24 4 14 31 4 4 5 2 14 2 9.82524131762891173 8 32 3 13 1 4 4 2 11 16 32 4 16 5 2 10 23 2 6 31.8448655754823804 7.75241283629571765 17 26 5 16.9239208400249481 214.527793226652022 
16 16 2.70999124060388841 6 18 8 10 21 1 14 19 10 12 1 5 3.36768017929769181 29 9 4 2 2 5 3 13 6 30 8 15 20 12 2 32 13 18 15 7 12 29 1 9 1 6 12 26 13 17 9 2.70999124060388841 16 22 8 15 31 10 10 24 8 2 3 6 24.0671176910400391 90.7987690174361006 
16 16 2.70999124060388841 6 18 8 10 21 1 18 23 3 12 1 5 3.36768017929769181 29 9 4 2 2 5 3 13 6 30 8 14 25 11 2 32 13 18 15 7 12 29 1 9 1 6 3.36768017929769181 12 4 17 9 2.70999124060388841 16 22 8 15 31 10 10 24 8 2 3 6 25.154129683971405 78.8892897239315971 
16 16 2.70999124060388841 6 18 8 10 21 1 18 23 3 12 1 5 3.36768017929769181 29 9 4 2 2 5 3 13 6 30 8 1 12 12 2 32 13 18 15 7 12 29 1 9 1 6 4 6 4 17 9 2.70999124060388841 16 22 8 15 31 10 10 24 8 2 3 6 25.1652815937995911 76.5296354660131755 
16 16 2.70999124060388841 6 18 8 1 11 5 18 23 3 12 1 5 3.36768017929769181 29 9 4 2 2 5 3 13 6 30 8 14 33 13 2 32 13 18 15 7 12 29 1 9 1 6 4 24 9 17 9 2.70999124060388841 16 22 8 15 31 10 10 24 8 2 3 6 24.2670444250106812 85.4818764422203259 
16 16 2.70999124060388841 6 18 8 10 21 1 18 23 3 12 1 5 3.36768017929769181 29 9 4 2 2 5 3 13 6 30 8 1 33 11 2 32 13 18 15 7 12 29 1 9 1 6 11 27 1 17 9 2.70999124060388841 16 22 8 15 31 10 10 24 8 2 3 6 28.2897827625274658 60.3235737410328383 
16 16 2.70999124060388841 6 18 8 10 21 1 18 23 3 12 1 5 3.36768017929769181 29 9 4 2 2 5 3 13 6 30 8 14 18 12 2 32 13 18 15 7 12 29 1 9 1 6 3.36768017929769181 17 6.96245171630185755 17 9 2.70999124060388841 16 22 8 15 31 10 10 24 8 2 3 6 25.8032326102256775 72.2068212282912043 
16 16 2.70999124060388841 6 18 8 1 30 4 6 24 4 12 1 5 3.36768017929769181 29 9 4 2 2 5 3 13 6 30 8 4 30 11 2 32 13 18 15 7 12 29 1 9 1 6 10 19 6 17 9 2.70999124060388841 16 22 8 15 31 10 10 24 8 2 3 6 22.3930156230926514 131.398610410916916 
16 16 2.70999124060388841 6 18 8 10 21 1 18 23 3 12 1 5 3.36768017929769181 29 9 4 2 2 5 3 13 6 30 8 14 31 2 2 32 13 18 15 7 12 29 1 9 1 6 11 27 1 17 9 2.70999124060388841 16 22 8 15 31 10 10 24 8 2 3 6 27.3105517625808716 64.238194528254084 
16 16 2.70999124060388841 6 18 8 1 31 11 18 23 3 12 1 5 3.36768017929769181 29 9 4 2 2 5 3 13 6 30 8 14 24 12 2 32 13 18 15 7 12 29 1 9 1 6 11 27 1 17 9 2.70999124060388841 16 22 8 15 31 10 10 24 8 2 3 6 25.5139926075935364 75.5949749982059984 
16 16 2.70999124060388841 6 18 8 10 21 1 18 23 3 12 1 5 3.36768017929769181 29 9 4 2 2 5 3 13 6 30 8 1 33 12 2 32 13 18 15 7 12 29 1 9 1 6 11 27 1 17 9 2.70999124060388841 16 22 8 15 31 10 10 24 8 2 3 6 28.30318284034729 60.041088802270508 
16 16 2.70999124060388841 2 25 8 10 21 1 18 23 3 12 1 5 3.36768017929769181 29 9 4 2 2 5 3 13 6 30 8 1 16 13 2 32 13 18 15 7 12 29 1 9 1 6 4 20 2.70999124060388841 17 9 2.70999124060388841 16 22 8 15 31 10 10 24 8 2 3 6 25.7258734703063965 75.4403450235877671 
16 16 2.70999124060388841 6 18 8 2 30 6 18 23 3 12 1 5 3.36768017929769181 29 9 4 2 2 5 3 13 6 30 8 8 5 6 2 32 13 10 6 5 12 29 1 9 1 6 14 30 10 17 9 2.70999124060388841 16 22 8 15 31 10 10 24 8 2 3 6 23.1358304917812347 109.499855526689345 
16 16 2.70999124060388841 6 18 8 6 6 3 1 14 11 12 1 5 8 7 11 4 2 2 16 26 10 6 30 8 15 12 3 2 32 13 18 15 7 12 29 1 9 1 6 11 27 1 17 9 2.70999124060388841 16 22 8 15 31 10 10 24 8 13 12 5 22.9061187505722046 126.509949514058235 
1 5.34074699537910114 12 6 18 8 17 30 7 3 9 11 12 1 5 3.36768017929769181 29 9 4 2 2 5 3 13 6 30 8 9.25570237641795579 9 9 2 32 13 18 15 7 12 29 1 9 1 6 1 30 10 17 9 2.70999124060388841 16 22 8 15 31 10 10 24 8 2 3 6 22.0863784551620483 133.535334503734333 
16 16 2.70999124060388841 6 18 8 10 21 1 14 24 13 12 1 5 3.36768017929769181 29 9 4 2 2 5 3 13 6 30 8 15 32 13 2 32 13 18 15 7 12 29 1 9 1 6 6 5 2.70999124060388841 17 9 2.70999124060388841 16 22 8 15 31 10 10 24 8 2 3 6 23.8154356479644775 95.7681942224555485 
16 16 2.70999124060388841 6 18 8 10 21 1 18 23 3 12 1 5 3.36768017929769181 29 9 4 2 2 5 3 13 6 30 8 1 28 12 2 32 13 18 15 7 12 29 1 9 1 6 11 27 1 17 9 2.70999124060388841 16 22 8 15 31 10 10 24 8 2 3 6 28.1403548717498779 60.3256848896481372 
16 16 2.70999124060388841 6 18 8 10 21 1 18 23 3 12 1 5 3.36768017929769181 29 9 4 2 2 5 3 13 6 30 8 15 17 11 2 32 13 18 15 7 12 29 1 9 1 6 4 20 3 17 9 2.70999124060388841 16 22 8 15 31 10 10 24 8 2 3 6 25.7350175380706787 73.0562818624244841 
16 16 2.70999124060388841 6 18 8 4 25 4 18 23 3 12 1 5 3.36768017929769181 29 9 4 2 2 5 3 13 6 30 8 1 18 2.70999124060388841 2 32 13 18 15 7 12 29 1 9 1 6 14 31 7 17 9 2.70999124060388841 16 22 8 15 31 10 10 24 8 2 3 6 23.2810983657836914 95.9276964519369812 
16 16 2.70999124060388841 6 18 8 10 21 1 14 5 4 12 1 5 3.36768017929769181 29 9 4 2 2 5 3 13 6 30 8 10 12 12 2 32 13 18 15 7 12 29 1 9 1 6 13 25 10 17 9 2.70999124060388841 16 22 8 15 31 10 10 24 8 2 3 6 24.2300337553024292 89.5878969686299627 
16 16 2.70999124060388841 6 18 8 14 24 13 18 23 3 12 1 5 3.36768017929769181 29 9 4 2 2 5 3 13 6 30 8 11 12 2 2 32 13 18 15 7 12 25 1 9 1 6 9 26 11 17 9 2.70999124060388841 16 22 8 15 31 10 10 24 8 2 3 6 23.2606233954429626 107.363781456974863 
16 16 2.70999124060388841 6 18 8 10 21 1 18 23 3 12 1 5 3.36768017929769181 29 9 4 2 2 5 3 13 6 30 8 15 11 11 2 32 13 18 15 7 12 29 1 9 1 6 11 2 2.70999124060388841 17 9 2.70999124060388841 16 22 8 15 31 10 10 24 8 2 3 6 26.6464805603027344 66.6922002660346465 
16 16 2.70999124060388841 6 18 8 10 21 1 18 23 3 12 1 5 3.36768017929769181 29 9 4 2 2 5 3 13 6 30 8 14 31 11 2 32 13 18 15 7 12 29 1 9 1 6 11 27 1 17 9 2.70999124060388841 16 22 8 15 31 10 10 24 8 2 3 6 27.3511378169059753 61.2897075412955843 
16 16 2.70999124060388841 6 18 8 10 21 1 18 23 3 12 1 5 3.36768017929769181 29 9 4 2 2 5 3 13 6 30 8 14 10 2.70999124060388841 2 32 13 18 15 7 12 29 1 9 1 6 11 27 1 17 9 2.70999124060388841 16 22 8 15 31 10 10 24 8 2 3 6 29.9650816917419434 58.0299242807297162 
16 16 2.70999124060388841 6 18 8 10 26 5 18 23 3 12 1 5 3.36768017929769181 25 1 4 2 2 5 3 13 6 30 8 15 28 2 2 32 13 18 15 7 12 29 1 9 1 6 11 27 1 17 9 2.70999124060388841 16 22 8 15 31 10 10 24 8 2 3 6 26.158991813659668 67.4809302375226849 
16 16 2.70999124060388841 6 18 8 14 14 11 18 23 3 12 1 5 3.36768017929769181 29 9 4 2 2 5 3 13 6 30 8 5 5.34074699537910114 11 2 32 13 18 15 7 12 29 1 9 1 6 3 24 13 17 9 2.70999124060388841 16 22 8 15 31 10 10 24 8 2 3 6 24.3584353923797607 80.0555929158531825 
9 26 2.70999124060388841 6 18 8 14 28 4 9.25570237641795579 25 5 12 1 5 3.36768017929769181 29 9 4 2 2 5 3 13 6 30 8 1 13 3 2 32 13 18 15 7 12 29 1 9 1 6 8 15 12 17 9 2.70999124060388841 16 22 8 15 31 10 10 24 8 2 3 6 22.9949395060539246 118.809928362544227 
16 16 2.70999124060388841 6 18 8 10 21 1 18 23 3 12 1 5 3.36768017929769181 29 9 4 2 2 5 3 13 6 30 8 14 10 2.70999124060388841 2 32 13 18 15 7 4 6 1 9 1 6 11 27 1 17 9 2.70999124060388841 16 22 8 15 31 10 10 24 8 2 3 6 28.8975867629051208 58.2614965345900515 
16 16 2.70999124060388841 6 18 8 10 21 1 18 23 3 12 1 5 3.36768017929769181 29 9 4 2 2 5 3 13 6 30 8 15 31 12 2 32 13 18 15 7 12 29 1 9 1 6 4 23 2.70999124060388841 17 9 2.70999124060388841 16 22 8 15 31 10 10 24 8 2 3 6 25.8633344769477844 69.7640805795078762 

Current Evaluation = 90000000(90000150)
Front Size = 50
3 22 9 17 19 13 13 5 6 6 1 9 4 33 4 1 2 11 3 23 4 4 24 5 14 15 2.70999124060388841 4 1 6 6 12 8 11 20 4 12 13 13 10 2 10 16 9 1 1 24 9 17 26 2 8 19 10 13 12 7 14 26 13 19.3737518191337585 172.32595868184103 
1 32 12 4 30 7 3.36768017929769181 30 3 9.25570237641795579 19 4 14 2 9 5 3 2 16 20 8 10 17 11 4.94126535182462057 26 3 10 14 13 16 8 5 3 1 3 14 16 9.82524131762891173 3 1 7 14 15 3 2 5 1 14 18 5 10 25 2 4 30 7 2 16 13.151007650947605 19.8909329771995544 165.047814729130494 
15 30 2.70999124060388841 12 6 7 1 24 8 17 13 1 13 26 2 12 2 7 3 33 4 16 9 4 15 14 1 2 3 11 5 31 13 13 22 10 17 31 2 12 9 7 10 20 3 18 1 4 12 19 7 6 15 12 14 30 8 11 26 9 20.5349355340003967 154.367524483189413 
3 1 9 16 15 2 3.36768017929769181 7 6.96245171630185755 4.94126535182462057 26 11 5 14 12 1 3 11 6 1 5 8 2 2 16 30 8 4 13 6 10 18 1 18 11 2 12 19 5 15 1 10 1 32 2 14 15 5 6 6 2 3 3 8 8 31 2 4 12 10 20.4354281425476074 156.30840916538591 
12 1 2 3 25 9 14 26 12 14 3 11 1 32 8 13 18 9 6 15 6 3 1 10 11 6 4 12 31 2.70999124060388841 4 5 9 15 11 11 6 2 3 14 1 4 8 17 6 3 15 13 6 5 6 2 24 11 13 31 10 14 30 1 17.3721678853034973 186.927650127650111 
3 26 5 4 2 1 1 1 4 15 19 13 6 14 1 14 15 3 17 1 10 1 2 1 8 30 13 16 6 8 1 32 2.70999124060388841 16 15 2 13 25 1 10 32 6 12 15 2 1 30 12 11 20 3 5 1 6.96245171630185755 15 3 10 8 6 1 19.1805598735809326 173.916929386157619 
16 32 2.70999124060388841 11 16.1354543567662532 10 9 26 9 16 29 4 12 15 11 18 1 5 16 32 2 15 6 12 4 17 13 17 26 7 10 11 13 3 1 4 12 28 2 14 16 9 14 19 4 1 22 2 15 30 2 9 5 3 12 25 8 6 1 8 21.2252900004386902 151.280034293192188 
3.36768017929769181 9 5 15 18 6.96245171630185755 16 2 10 18 12 11 6 19 5 14 8.22565314501180467 7 13.2195649013323386 3 9 17.8244721320812971 31 4 3 6 11 10 12 5 5 1 4 9 18.140740276750666 2 16 24 1 1 32 8 17 30 12 10 5 10 12 15 4 8 1 3 14 5 13 14 16 1.44943743604301667 19.9389849901199341 164.122466040451002 
15 31 7 1 15 10 10 1 7 4 13 12 13 32 2.70999124060388841 6 9 4 17 19 13 16 8 10 1 3 1 1 14 5 9.25570237641795579 2 2 14 6 10 4 20 7 6 18 4 14 9 7 4 12 12 4.94126535182462057 1 9 3 32 11 2 16 1 2 24 1 18.2432441413402557 185.209380534612734 
17 26 11 4 2 2 12 15 4 1 9 13 13 12 5 6 26 11 10 20 8 10 32 7 3.36768017929769181 24 1 4 2 8 3 3 10 14 32 7 13 9 4 4 5 1 6 31 4 16 16 2 13 20 10 8 8 7 4 32 6.96245171630185755 15 6 3 18.3548728227615356 179.230679536239592 
16 7 13 15 1 9 14 5.34074699537910114 5 9.25570237641795579 6 2 12 28 11 6 31 3 17 30 5 1 23 11 18 14 6 14 18 13 16 1 3 15 9 4 16 2 2 12 6 12 10 28 8 14 15 1 1 14 10 8 8.22565314501180467 5 11 19 9 4 32 1 21.4082759618759155 149.862885670238597 
3 9 10 12 30 7 3 5 1 2 24 9 14 31 10 12 1 11 16 25 10 17 18 10 1 6 2 16 15 4 4 16 1 17 30 11 1 5.34074699537910114 6 1 14 13 14 11 6.96245171630185755 14 26 2 9 6 5 6 30 8 15 25 12 5 24 9 17.2717160582542419 211.573518638224527 
14 26 7 3 3 1 12 20 11 10 15 12 14 16 7 14 1 8 16 12 13 1 24 9 6 8 2.70999124060388841 10 12 13 8 15 7 9 25 11 4 16 11 13 22 2 2 1 5 16 2 7 5 30 3 1 24 9 13 26 9 17 3 11 18.8416338264942169 174.276589895989162 
5 12 4 14 1 7 6 6 9 3.36768017929769181 2 8 4 25 1 15 22 5 6 13 4 1 3 6 14 26 5 13 7 2 11 31 8 4 16 1 11 24 13 4 16 10 1 23 13 1 1 6 6 30 9 10 14 8 16 25 4 9.25570237641795579 18 7 20.3287459015846252 162.49593294694381 
3 9 9 16 23 9 6 26 1 15 25 13 2 5.34074699537910114 11 1 31 2 9 30 12 15 18 5 14 6 2 3 7 10 15 15 7 6 11 2 14 1 4 13 16 13 12 33 8 15 6 11 9.25570237641795579 8 8 16 31 11 15 26 7 6 32 3.84646942076222631 18.8993026316165924 173.926293054664541 
15 18 11 12 23 5 17 25 13 15 30 6 15 31 5 14 24 4 17 26 4 13 14 4 6 12 2.70999124060388841 14 25 6.96245171630185755 4.94126535182462057 5 2 4 6 7 13.2195649013323386 26 11 17 6 9 15 15 1 6 1 7 4 7 13.151007650947605 1 30 10 13 25 6 9 18.140740276750666 13 16.3811038434505463 236.547045876380167 
16 16 2.70999124060388841 6 18 8 10 21 1 18 23 3 12 1 5 3.36768017929769181 29 9 4 2 2 5 3 13 6 30 8 14 31 12 2 32 13 18 15 7 12 29 1 9 1 6 11 27 1 17 9 2.70999124060388841 16 22 8 15 31 10 10 24 8 12 20 1 27.1146567463874817 65.9312241697839028 
6 5.34074699537910114 9 14 6 6.96245171630185755 12 5 13 16 31 12 15 15 9 14 15 4 14 22 3.84646942076222631 13 31 5 5 24 4 14 31 4 4 5 2 14 2 9.82524131762891173 8 32 3 13 1 4 4 2 11 16 32 4 16 5 2 10 23 2 6 31.8448655754823804 7.75241283629571765 17 26 5 16.9239208400249481 214.527793226652022 
16 16 2.70999124060388841 6 18 8 10 21 1 18 23 3 12 1 5 3.36768017929769181 29 9 4 2 2 5 3 13 6 30 8 1 12 12 2 32 13 18 15 7 12 29 1 9 1 6 4 6 4 17 9 2.70999124060388841 16 22 8 15 31 10 10 24 8 2 3 6 25.1652815937995911 76.5296354660131755 
16 16 2.70999124060388841 6 18 8 1 30 4 6 24 4 12 1 5 3.36768017929769181 29 9 4 2 2 5 3 13 6 30 8 4 30 11 2 32 13 18 15 7 12 29 1 9 1 6 10 19 6 17 9 2.70999124060388841 16 22 8 15 31 10 10 24 8 2 3 6 22.3930156230926514 131.398610410916916 
16 16 2.70999124060388841 6 18 8 1 31 11 18 23 3 12 1 5 3.36768017929769181 29 9 4 2 2 5 3 13 6 30 8 14 24 12 2 32 13 18 15 7 12 29 1 9 1 6 11 27 1 17 9 2.70999124060388841 16 22 8 15 31 10 10 24 8 2 3 6 25.5139926075935364 75.5949749982059984 
1 5.34074699537910114 12 6 18 8 17 30 7 3 9 11 12 1 5 3.36768017929769181 29 9 4 2 2 5 3 13 6 30 8 9.25570237641795579 9 9 2 32 13 18 15 7 12 29 1 9 1 6 1 30 10 17 9 2.70999124060388841 16 22 8 15 31 10 10 24 8 2 3 6 22.0863784551620483 133.535334503734333 
16 16 2.70999124060388841 6 18 8 4 25 4 18 23 3 12 1 5 3.36768017929769181 29 9 4 2 2 5 3 13 6 30 8 1 18 2.70999124060388841 2 32 13 18 15 7 12 29 1 9 1 6 14 31 7 17 9 2.70999124060388841 16 22 8 15 31 10 10 24 8 2 3 6 23.2810983657836914 95.9276964519369812 
16 16 2.70999124060388841 6 18 8 10 21 1 18 23 3 12 1 5 3.36768017929769181 29 9 4 2 2 5 3 13 6 30 8 15 11 11 2 32 13 18 15 7 12 29 1 9 1 6 11 2 2.70999124060388841 17 9 2.70999124060388841 16 22 8 15 31 10 10 24 8 2 3 6 26.6464805603027344 66.6922002660346465 
16 16 2.70999124060388841 6 18 8 10 21 1 18 23 3 12 1 5 3.36768017929769181 29 9 4 2 2 5 3 13 6 30 8 14 31 11 2 32 13 18 15 7 12 29 1 9 1 6 11 27 1 17 9 2.70999124060388841 16 22 8 15 31 10 10 24 8 2 3 6 27.3511378169059753 61.2897075412955843 
16 16 2.70999124060388841 6 18 8 10 26 5 18 23 3 12 1 5 3.36768017929769181 25 1 4 2 2 5 3 13 6 30 8 15 28 2 2 32 13 18 15 7 12 29 1 9 1 6 11 27 1 17 9 2.70999124060388841 16 22 8 15 31 10 10 24 8 2 3 6 26.158991813659668 67.4809302375226849 
16 16 2.70999124060388841 6 18 8 14 14 11 18 23 3 12 1 5 3.36768017929769181 29 9 4 2 2 5 3 13 6 30 8 5 5.34074699537910114 11 2 32 13 18 15 7 12 29 1 9 1 6 3 24 13 17 9 2.70999124060388841 16 22 8 15 31 10 10 24 8 2 3 6 24.3584353923797607 80.0555929158531825 
16 16 2.70999124060388841 6 18 8 10 21 1 18 23 3 12 1 5 3.36768017929769181 29 9 4 2 2 5 3 13 6 30 8 14 10 2.70999124060388841 2 32 13 18 15 7 4 6 1 9 1 6 11 27 1 17 9 2.70999124060388841 16 22 8 15 31 10 10 24 8 2 3 6 28.8975867629051208 58.2614965345900515 
16 16 2.70999124060388841 6 18 8 10 21 1 18 23 3 12 1 5 3.36768017929769181 29 9 4 2 2 5 3 13 6 30 8 14 14 12 2 32 13 18 15 7 12 29 1 9 1 6 14 11 5 17 9 2.70999124060388841 16 22 8 15 31 10 10 24 8 2 3 6 25.4993555545806885 75.9070150057310968 
16 16 2.70999124060388841 6 18 8 10 21 1 14 26 12 12 1 5 3.36768017929769181 29 9 4 2 2 6 14 2.70999124060388841 6 30 8 9 14 10 2 32 13 3 19 6 6 2 9 9 1 6 1 12 7 17 9 2.70999124060388841 16 22 8 15 31 10 10 24 8 2 3 6 21.8447948098182678 145.5608989474498 
16 16 2.70999124060388841 6 18 8 1 32 1 18 23 3 12 1 5 3.36768017929769181 29 9 4 2 2 5 3 13 6 30 8 15 6 2 2 32 13 18 15 7 12 29 1 9 1 6 9 20 8 17 9 2.70999124060388841 16 22 8 15 31 10 10 24 8 2 3 6 23.7637413740158081 94.8168566706282263 
16 16 2.70999124060388841 6 18 8 10 21 1 18 23 3 12 1 5 3.36768017929769181 29 9 4 2 2 5 3 13 6 30 8 14 10 2.70999124060388841 2 32 13 18 15 7 12 29 1 9 1 6 11 27 1 17 9 2.70999124060388841 16 22 8 15 31 10 10 24 8 2 3 6 29.9650816917419434 57.6886154100680102 
16 16 2.70999124060388841 6 18 8 10 21 1 18 23 3 12 1 5 3.36768017929769181 29 9 4 2 2 5 3 13 6 30 8 1 8 2 2 32 13 18 15 7 12 29 1 9 1 6 11 27 1 17 9 2.70999124060388841 16 22 8 15 31 10 10 24 8 2 3 6 27.9235227108001709 61.1311128460513373 
16 16 2.70999124060388841 6 18 8 15 5.34074699537910114 7 12 20 3 12 1 5 3.36768017929769181 29 9 4 2 2 5 3 13 6 30 8 1 11 2 2 32 13 18 15 7 12 29 1 9 1 6 2 19 12 17 9 2.70999124060388841 16 22 8 15 31 10 10 24 8 2 3 6 23.0581995248794556 104.167599654854058 
16 16 2.70999124060388841 6 18 8 14 24 6 18 23 3 12 1 5 3.36768017929769181 29 9 4 2 2 5 3 13 6 30 8 15 31 12 2 32 13 18 15 7 12 29 1 9 1 6 11 27 1 17 9 2.70999124060388841 16 22 8 15 31 10 10 24 8 2 3 6 25.585589587688446 75.5032268919465821 
16 16 2.70999124060388841 6 18 8 10 21 1 18 23 3 12 1 5 3.36768017929769181 29 9 4 2 2 5 3 13 6 30 8 15 9 2 2 32 13 18 15 7 12 29 1 9 1 6 4 15 1 17 9 2.70999124060388841 16 22 8 15 31 10 10 24 8 2 3 6 25.6886616349220276 67.8670700312510036 
16 16 2.70999124060388841 6 18 8 10 21 1 18 23 3 12 1 5 3.36768017929769181 29 9 4 2 2 5 3 13 6 30 8 15 6 3 2 32 13 12 24 9 14 25 5 9 1 6 4 6 3 17 9 2.70999124060388841 16 22 8 15 31 10 10 24 8 2 3 6 22.9406396746635437 110.270895621854677 
16 16 2.70999124060388841 6 18 8 4 5 9 18 23 3 12 1 5 3.36768017929769181 29 9 4 2 2 5 3 13 6 30 8 14 11 2.70999124060388841 2 32 13 18 15 7 12 29 1 9 1 6 4 5 8 17 9 2.70999124060388841 16 22 8 15 31 10 10 24 8 2 3 6 23.9938222765922546 83.6981684176911074 
16 16 2.70999124060388841 6 18 8 10 21 1 18 23 3 12 1 5 3 24 2.70999124060388841 4 2 2 5 3 13 6 30 8 14 28 11 2 32 13 18 15 7 12 29 1 9 1 6 11 27 1 17 9 2.70999124060388841 16 22 8 1 6 11 10 24 8 2 3 6 27.025881826877594 66.6387208720207838 
16 16 2.70999124060388841 6 18 8 10 21 1 18 23 3 12 1 5 3.36768017929769181 26 6.96245171630185755 4 2 2 5 3 13 6 30 8 1 8 13 2 32 13 18 15 7 12 29 1 9 1 6 11 27 1 17 9 2.70999124060388841 16 22 8 15 31 10 10 24 8 2 3 6 27.23117995262146 64.3411963487136802 
16 16 2.70999124060388841 6 18 8 10 21 1 18 23 3 12 1 5 3.36768017929769181 29 9 4 2 2 5 3 13 6 30 8 14 28 11 2 32 13 18 15 7 12 29 1 9 1 6 11 27 1 17 9 2.70999124060388841 16 22 8 15 31 10 10 24 8 2 3 6 27.9475797414779663 58.8943642252542858 
16 16 2.70999124060388841 6 18 8 10 21 1 1 24 10 12 1 5 3.36768017929769181 29 9 4 2 2 5 3 13 6 30 8 14 20 2 2 32 13 15 31 13 12 29 1 9 1 6 9 12 4 17 9 2.70999124060388841 16 22 8 15 31 10 10 24 8 2 3 6 22.7859225869178772 112.936851901138823 
16 16 2.70999124060388841 6 18 8 10 21 1 18 23 3 12 1 5 3.36768017929769181 29 9 4 2 2 5 3 13 6 30 8 14 14 12 2 32 13 18 15 7 12 29 1 9 1 6 6 20 2 17 9 2.70999124060388841 16 22 8 15 31 10 10 24 8 12 30 5 24.7784425616264343 78.7639493712418215 
16 16 2.70999124060388841 6 18 8 10 21 1 18 23 3 12 1 5 3.36768017929769181 29 9 4 2 2 5 3 13 6 30 8 14 18 11 2 32 13 18 15 7 12 29 1 9 1 6 11 27 1 17 9 2.70999124060388841 16 22 8 15 31 10 10 24 8 2 3 6 27.5168668627738953 61.2176868131365737 
16 16 2.70999124060388841 6 18 8 10 21 1 18 23 3 12 1 5 3.36768017929769181 29 9 4 2 2 5 3 13 6 30 8 14 31 2 2 32 13 18 15 7 12 29 1 9 1 6 11 27 1 17 9 2.70999124060388841 16 22 8 15 31 10 10 24 8 2 3 6 27.3105517625808716 63.6403690725301985 
16 16 2.70999124060388841 6 18 8 10 21 1 18 23 3 12 1 5 3.36768017929769181 29 9 4 2 2 5 3 13 6 30 8 1 12 12 2 32 13 18 15 7 12 29 1 9 1 6 4 13 3 17 9 2.70999124060388841 16 22 8 15 31 10 10 24 8 2 3 6 25.657257616519928 74.4806772008585938 
12 24 10 10 32 2 16 8 11 15 12 13 2 15 11 18 20 4 12 1 10 9 30 7 16 2 2.70999124060388841 14 12 7 14 16.1354543567662532 11 14 29 12 6 26 8 12 15 12 2 23 10 10 2 2 5 31 5 6 22 10 4 17 2 3 28 2 22.0499648153781891 137.559213009213011 
4 26 11 6 18 8 14 19 2 18 23 3 12 1 5 13 14 6 4 2 2 5 3 13 6 30 8 3.36768017929769181 26 12 2 32 13 18 15 7 12 29 1 9 1 6 13 12 8 17 9 2.70999124060388841 16 22 8 15 31 10 10 24 8 2 3 6 22.6960425972938538 128.585004575400291 
16 16 2.70999124060388841 6 18 8 18 13 9 13 24 12 12 1 5 3.36768017929769181 29 9 4 2 2 5 3 13 6 30 8 2 6 5 2 32 13 12 26 2 12 29 1 9 1 6 4 24 1 17 9 2.70999124060388841 16 22 8 15 31 10 10 24 8 2 3 6 22.4595505595207214 130.975700155398243 
16 16 2.70999124060388841 6 18 8 6 12 3 18 23 3 12 1 5 3.36768017929769181 29 9 4 2 2 5 3 13 6 30 8 15 5.34074699537910114 8 2 32 13 18 15 7 12 29 1 9 1 6 4 6 7 17 9 2.70999124060388841 16 22 8 15 31 10 10 24 8 2 3 6 23.6026873588562012 95.4775174690484931 

Current Evaluation = 100000000(100000040)
Front Size = 43
3 22 9 17 19 13 13 5 6 6 1 9 4 33 4 1 2 11 3 23 4 4 24 5 14 15 2.70999124060388841 4 1 6 6 12 8 11 20 4 12 13 13 10 2 10 16 9 1 1 24 9 17 26 2 8 19 10 13 12 7 14 26 13 19.3737518191337585 172.32595868184103 
1 32 12 4 30 7 3.36768017929769181 30 3 9.25570237641795579 19 4 14 2 9 5 3 2 16 20 8 10 17 11 4.94126535182462057 26 3 10 14 13 16 8 5 3 1 3 14 16 9.82524131762891173 3 1 7 14 15 3 2 5 1 14 18 5 10 25 2 4 30 7 2 16 13.151007650947605 19.8909329771995544 165.047814729130494 
15 30 2.70999124060388841 12 6 7 1 24 8 17 13 1 13 26 2 12 2 7 3 33 4 16 9 4 15 14 1 2 3 11 5 31 13 13 22 10 17 31 2 12 9 7 10 20 3 18 1 4 12 19 7 6 15 12 14 30 8 11 26 9 20.5349355340003967 154.367524483189413 
3 1 9 16 15 2 3.36768017929769181 7 6.96245171630185755 4.94126535182462057 26 11 5 14 12 1 3 11 6 1 5 8 2 2 16 30 8 4 13 6 10 18 1 18 11 2 12 19 5 15 1 10 1 32 2 14 15 5 6 6 2 3 3 8 8 31 2 4 12 10 20.4354281425476074 156.30840916538591 
12 1 2 3 25 9 14 26 12 14 3 11 1 32 8 13 18 9 6 15 6 3 1 10 11 6 4 12 31 2.70999124060388841 4 5 9 15 11 11 6 2 3 14 1 4 8 17 6 3 15 13 6 5 6 2 24 11 13 31 10 14 30 1 17.3721678853034973 186.927650127650111 
3 26 5 4 2 1 1 1 4 15 19 13 6 14 1 14 15 3 17 1 10 1 2 1 8 30 13 16 6 8 1 32 2.70999124060388841 16 15 2 13 25 1 10 32 6 12 15 2 1 30 12 11 20 3 5 1 6.96245171630185755 15 3 10 8 6 1 19.1805598735809326 173.916929386157619 
16 32 2.70999124060388841 11 16.1354543567662532 10 9 26 9 16 29 4 12 15 11 18 1 5 16 32 2 15 6 12 4 17 13 17 26 7 10 11 13 3 1 4 12 28 2 14 16 9 14 19 4 1 22 2 15 30 2 9 5 3 12 25 8 6 1 8 21.2252900004386902 151.280034293192188 
3.36768017929769181 9 5 15 18 6.96245171630185755 16 2 10 18 12 11 6 19 5 14 8.22565314501180467 7 13.2195649013323386 3 9 17.8244721320812971 31 4 3 6 11 10 12 5 5 1 4 9 18.140740276750666 2 16 24 1 1 32 8 17 30 12 10 5 10 12 15 4 8 1 3 14 5 13 14 16 1.44943743604301667 19.9389849901199341 164.122466040451002 
15 31 7 1 15 10 10 1 7 4 13 12 13 32 2.70999124060388841 6 9 4 17 19 13 16 8 10 1 3 1 1 14 5 9.25570237641795579 2 2 14 6 10 4 20 7 6 18 4 14 9 7 4 12 12 4.94126535182462057 1 9 3 32 11 2 16 1 2 24 1 18.2432441413402557 185.209380534612734 
17 26 11 4 2 2 12 15 4 1 9 13 13 12 5 6 26 11 10 20 8 10 32 7 3.36768017929769181 24 1 4 2 8 3 3 10 14 32 7 13 9 4 4 5 1 6 31 4 16 16 2 13 20 10 8 8 7 4 32 6.96245171630185755 15 6 3 18.3548728227615356 179.230679536239592 
16 7 13 15 1 9 14 5.34074699537910114 5 9.25570237641795579 6 2 12 28 11 6 31 3 17 30 5 1 23 11 18 14 6 14 18 13 16 1 3 15 9 4 16 2 2 12 6 12 10 28 8 14 15 1 1 14 10 8 8.22565314501180467 5 11 19 9 4 32 1 21.4082759618759155 149.862885670238597 
3 9 10 12 30 7 3 5 1 2 24 9 14 31 10 12 1 11 16 25 10 17 18 10 1 6 2 16 15 4 4 16 1 17 30 11 1 5.34074699537910114 6 1 14 13 14 11 6.96245171630185755 14 26 2 9 6 5 6 30 8 15 25 12 5 24 9 17.2717160582542419 211.573518638224527 
14 26 7 3 3 1 12 20 11 10 15 12 14 16 7 14 1 8 16 12 13 1 24 9 6 8 2.70999124060388841 10 12 13 8 15 7 9 25 11 4 16 11 13 22 2 2 1 5 16 2 7 5 30 3 1 24 9 13 26 9 17 3 11 18.8416338264942169 174.276589895989162 
5 12 4 14 1 7 6 6 9 3.36768017929769181 2 8 4 25 1 15 22 5 6 13 4 1 3 6 14 26 5 13 7 2 11 31 8 4 16 1 11 24 13 4 16 10 1 23 13 1 1 6 6 30 9 10 14 8 16 25 4 9.25570237641795579 18 7 20.3287459015846252 162.49593294694381 
3 9 9 16 23 9 6 26 1 15 25 13 2 5.34074699537910114 11 1 31 2 9 30 12 15 18 5 14 6 2 3 7 10 15 15 7 6 11 2 14 1 4 13 16 13 12 33 8 15 6 11 9.25570237641795579 8 8 16 31 11 15 26 7 6 32 3.84646942076222631 18.8993026316165924 173.926293054664541 
15 18 11 12 23 5 17 25 13 15 30 6 15 31 5 14 24 4 17 26 4 13 14 4 6 12 2.70999124060388841 14 25 6.96245171630185755 4.94126535182462057 5 2 4 6 7 13.2195649013323386 26 11 17 6 9 15 15 1 6 1 7 4 7 13.151007650947605 1 30 10 13 25 6 9 18.140740276750666 13 16.3811038434505463 236.547045876380167 
6 5.34074699537910114 9 14 6 6.96245171630185755 12 5 13 16 31 12 15 15 9 14 15 4 14 22 3.84646942076222631 13 31 5 5 24 4 14 31 4 4 5 2 14 2 9.82524131762891173 8 32 3 13 1 4 4 2 11 16 32 4 16 5 2 10 23 2 6 31.8448655754823804 7.75241283629571765 17 26 5 16.9239208400249481 214.527793226652022 
16 16 2.70999124060388841 6 18 8 10 21 1 18 23 3 12 1 5 3.36768017929769181 29 9 4 2 2 5 3 13 6 30 8 1 12 12 2 32 13 18 15 7 12 29 1 9 1 6 4 6 4 17 9 2.70999124060388841 16 22 8 15 31 10 10 24 8 2 3 6 25.1652815937995911 76.5296354660131755 
16 16 2.70999124060388841 6 18 8 4 25 4 18 23 3 12 1 5 3.36768017929769181 29 9 4 2 2 5 3 13 6 30 8 1 18 2.70999124060388841 2 32 13 18 15 7 12 29 1 9 1 6 14 31 7 17 9 2.70999124060388841 16 22 8 15 31 10 10 24 8 2 3 6 23.2810983657836914 95.9276964519369812 
16 16 2.70999124060388841 6 18 8 10 21 1 18 23 3 12 1 5 3.36768017929769181 29 9 4 2 2 5 3 13 6 30 8 14 31 11 2 32 13 18 15 7 12 29 1 9 1 6 11 27 1 17 9 2.70999124060388841 16 22 8 15 31 10 10 24 8 2 3 6 27.3511378169059753 61.2897075412955843 
16 16 2.70999124060388841 6 18 8 10 26 5 18 23 3 12 1 5 3.36768017929769181 25 1 4 2 2 5 3 13 6 30 8 15 28 2 2 32 13 18 15 7 12 29 1 9 1 6 11 27 1 17 9 2.70999124060388841 16 22 8 15 31 10 10 24 8 2 3 6 26.158991813659668 67.4809302375226849 
16 16 2.70999124060388841 6 18 8 14 14 11 18 23 3 12 1 5 3.36768017929769181 29 9 4 2 2 5 3 13 6 30 8 5 5.34074699537910114 11 2 32 13 18 15 7 12 29 1 9 1 6 3 24 13 17 9 2.70999124060388841 16 22 8 15 31 10 10 24 8 2 3 6 24.3584353923797607 80.0555929158531825 
16 16 2.70999124060388841 6 18 8 10 21 1 18 23 3 12 1 5 3.36768017929769181 29 9 4 2 2 5 3 13 6 30 8 14 10 2.70999124060388841 2 32 13 18 15 7 4 6 1 9 1 6 11 27 1 17 9 2.70999124060388841 16 22 8 15 31 10 10 24 8 2 3 6 28.8975867629051208 58.2614965345900515 
16 16 2.70999124060388841 6 18 8 10 21 1 14 26 12 12 1 5 3.36768017929769181 29 9 4 2 2 6 14 2.70999124060388841 6 30 8 9 14 10 2 32 13 3 19 6 6 2 9 9 1 6 1 12 7 17 9 2.70999124060388841 16 22 8 15 31 10 10 24 8 2 3 6 21.8447948098182678 145.5608989474498 
16 16 2.70999124060388841 6 18 8 15 5.34074699537910114 7 12 20 3 12 1 5 3.36768017929769181 29 9 4 2 2 5 3 13 6 30 8 1 11 2 2 32 13 18 15 7 12 29 1 9 1 6 2 19 12 17 9 2.70999124060388841 16 22 8 15 31 10 10 24 8 2 3 6 23.0581995248794556 104.167599654854058 
16 16 2.70999124060388841 6 18 8 10 21 1 18 23 3 12 1 5 3.36768017929769181 29 9 4 2 2 5 3 13 6 30 8 15 9 2 2 32 13 18 15 7 12 29 1 9 1 6 4 15 1 17 9 2.70999124060388841 16 22 8 15 31 10 10 24 8 2 3 6 25.6886616349220276 67.8670700312510036 
16 16 2.70999124060388841 6 18 8 4 5 9 18 23 3 12 1 5 3.36768017929769181 29 9 4 2 2 5 3 13 6 30 8 14 11 2.70999124060388841 2 32 13 18 15 7 12 29 1 9 1 6 4 5 8 17 9 2.70999124060388841 16 22 8 15 31 10 10 24 8 2 3 6 23.9938222765922546 83.6981684176911074 
16 16 2.70999124060388841 6 18 8 10 21 1 18 23 3 12 1 5 3.36768017929769181 29 9 4 2 2 5 3 13 6 30 8 14 28 11 2 32 13 18 15 7 12 29 1 9 1 6 11 27 1 17 9 2.70999124060388841 16 22 8 15 31 10 10 24 8 2 3 6 27.9475797414779663 58.8943642252542858 
16 16 2.70999124060388841 6 18 8 10 21 1 18 23 3 12 1 5 3.36768017929769181 29 9 4 2 2 5 3 13 6 30 8 14 14 12 2 32 13 18 15 7 12 29 1 9 1 6 6 20 2 17 9 2.70999124060388841 16 22 8 15 31 10 10 24 8 12 30 5 24.7784425616264343 78.7639493712418215 
16 16 2.70999124060388841 6 18 8 10 21 1 18 23 3 12 1 5 3.36768017929769181 29 9 4 2 2 5 3 13 6 30 8 14 18 11 2 32 13 18 15 7 12 29 1 9 1 6 11 27 1 17 9 2.70999124060388841 16 22 8 15 31 10 10 24 8 2 3 6 27.5168668627738953 61.2176868131365737 
16 16 2.70999124060388841 6 18 8 10 21 1 18 23 3 12 1 5 3.36768017929769181 29 9 4 2 2 5 3 13 6 30 8 14 31 2 2 32 13 18 15 7 12 29 1 9 1 6 11 27 1 17 9 2.70999124060388841 16 22 8 15 31 10 10 24 8 2 3 6 27.3105517625808716 63.6403690725301985 
16 16 2.70999124060388841 6 18 8 6 12 3 18 23 3 12 1 5 3.36768017929769181 29 9 4 2 2 5 3 13 6 30 8 15 5.34074699537910114 8 2 32 13 18 15 7 12 29 1 9 1 6 4 6 7 17 9 2.70999124060388841 16 22 8 15 31 10 10 24 8 2 3 6 23.6026873588562012 95.4775174690484931 
16 16 2.70999124060388841 6 18 8 10 21 1 18 23 3 12 1 5 3.36768017929769181 29 9 4 2 2 5 3 13 6 30 8 14 26 2.70999124060388841 2 32 13 18 15 7 12 29 1 9 1 6 12 12 7 17 9 2.70999124060388841 16 22 8 15 31 10 10 24 8 2 3 6 25.1050626039505005 78.3093210583713386 
16 16 2.70999124060388841 6 18 8 10 21 1 18 23 3 12 1 5 3.36768017929769181 29 9 4 2 2 5 3 13 6 30 8 1 31 12 2 32 13 18 15 7 12 29 1 9 1 6 11 27 1 17 9 2.70999124060388841 16 22 8 15 31 10 10 24 8 2 3 6 27.5439127683639526 60.9250064537780815 
16 16 2.70999124060388841 6 18 8 10 21 1 18 23 3 12 1 5 3.36768017929769181 29 9 4 2 2 5 3 13 6 30 8 14 10 2.70999124060388841 2 32 13 18 15 7 12 29 1 9 1 6 11 27 1 17 9 2.70999124060388841 16 22 8 15 31 10 10 24 8 2 3 6 29.9650816917419434 57.0945868692426544 
16 16 2.70999124060388841 6 18 8 4 20 3 4 24 5 12 1 5 3.36768017929769181 29 9 4 2 2 5 3 13 6 30 8 14 14 8 2 32 13 18 15 7 12 29 1 9 1 6 6 26 7 17 9 2.70999124060388841 16 22 8 15 31 10 10 24 8 2 3 6 22.0096284747123718 104.884476336798315 
16 16 2.70999124060388841 6 18 8 8 12 11 18 23 3 12 1 5 3.36768017929769181 29 9 4 2 2 5 3 13 6 30 8 1 14 2 2 32 13 18 15 7 12 29 1 9 1 6 14 20 6 17 9 2.70999124060388841 16 22 8 15 31 10 10 24 8 2 3 6 23.6541734933853149 89.5780603731737131 
16 16 2.70999124060388841 6 18 8 10 21 1 18 23 3 12 1 5 3.36768017929769181 29 9 4 2 2 5 3 13 6 30 8 14 33 2.70999124060388841 2 32 13 18 15 7 12 19 4 9 1 6 11 27 1 17 9 2.70999124060388841 16 22 8 15 31 10 10 24 8 2 3 6 27.1800137758255005 63.6741700233729091 
16 16 2.70999124060388841 6 18 8 10 21 1 18 23 3 12 1 5 3.36768017929769181 29 9 4 2 2 5 3 13 6 30 8 14 10 2.70999124060388841 2 32 13 18 15 7 12 29 1 9 1 6 11 27 1 17 9 2.70999124060388841 16 22 8 15 31 10 10 24 8 1 6 4 29.340558648109436 57.8265002917090953 
16 16 2.70999124060388841 6 18 8 10 21 1 18 23 3 12 1 5 3.36768017929769181 29 9 4 2 2 5 3 13 6 30 8 14 8 12 2 32 13 18 15 7 12 29 1 9 1 6 11 27 1 17 9 2.70999124060388841 16 22 8 15 31 10 10 24 8 2 3 6 27.7981338500976562 60.1769808260376138 
16 16 2.70999124060388841 6 18 8 15 17 13 18 23 3 12 1 5 3.36768017929769181 29 9 4 2 2 5 3 13 6 30 8 14 28 11 2 32 13 18 15 7 12 29 1 9 1 6 11 27 1 17 9 2.70999124060388841 16 22 8 15 31 10 10 24 8 2 3 6 26.5548975467681885 65.2815238248310834 
16 16 2.70999124060388841 6 18 8 10 21 1 18 23 3 12 1 5 3.36768017929769181 29 9 4 2 2 5 3 13 6 30 8 14 25 12 2 32 13 18 15 7 12 29 1 9 1 6 4 26 10 17 9 2.70999124060388841 16 22 8 15 31 10 10 24 8 2 3 6 25.1912506222724915 70.610406577849858 
12 26 11 17 18 2 6 16 5 13 12 2 8 32 9 16 25 2.70999124060388841 3 14 3 13 6 2 6 1 5 2 9 10 4 6 4 1 1 6.96245171630185755 1 16 4 9 20 1 14 31 9 13 18 3 4.94126535182462057 33 5 9 6 5 17 32 10 13.2195649013323386 12 3 17.33916175365448 206.96050386661841 

MOEA/D: Multiobjective Evolutionary Algorithm Based on Decomposition
Number of Evaluations = 100000000
Mutation Probability = 0.0500000007450580597
Population Size = 190
Neighborhood size = 57
Seed: 13

Time =  27564.2893540000005

Current Evaluation = 100000040
Front Size = 43
3 22 9 17 19 13 13 5 6 6 1 9 4 33 4 1 2 11 3 23 4 4 24 5 14 15 2.70999124060388841 4 1 6 6 12 8 11 20 4 12 13 13 10 2 10 16 9 1 1 24 9 17 26 2 8 19 10 13 12 7 14 26 13 19.3737518191337585 172.32595868184103 
1 32 12 4 30 7 3.36768017929769181 30 3 9.25570237641795579 19 4 14 2 9 5 3 2 16 20 8 10 17 11 4.94126535182462057 26 3 10 14 13 16 8 5 3 1 3 14 16 9.82524131762891173 3 1 7 14 15 3 2 5 1 14 18 5 10 25 2 4 30 7 2 16 13.151007650947605 19.8909329771995544 165.047814729130494 
15 30 2.70999124060388841 12 6 7 1 24 8 17 13 1 13 26 2 12 2 7 3 33 4 16 9 4 15 14 1 2 3 11 5 31 13 13 22 10 17 31 2 12 9 7 10 20 3 18 1 4 12 19 7 6 15 12 14 30 8 11 26 9 20.5349355340003967 154.367524483189413 
3 1 9 16 15 2 3.36768017929769181 7 6.96245171630185755 4.94126535182462057 26 11 5 14 12 1 3 11 6 1 5 8 2 2 16 30 8 4 13 6 10 18 1 18 11 2 12 19 5 15 1 10 1 32 2 14 15 5 6 6 2 3 3 8 8 31 2 4 12 10 20.4354281425476074 156.30840916538591 
12 1 2 3 25 9 14 26 12 14 3 11 1 32 8 13 18 9 6 15 6 3 1 10 11 6 4 12 31 2.70999124060388841 4 5 9 15 11 11 6 2 3 14 1 4 8 17 6 3 15 13 6 5 6 2 24 11 13 31 10 14 30 1 17.3721678853034973 186.927650127650111 
3 26 5 4 2 1 1 1 4 15 19 13 6 14 1 14 15 3 17 1 10 1 2 1 8 30 13 16 6 8 1 32 2.70999124060388841 16 15 2 13 25 1 10 32 6 12 15 2 1 30 12 11 20 3 5 1 6.96245171630185755 15 3 10 8 6 1 19.1805598735809326 173.916929386157619 
16 32 2.70999124060388841 11 16.1354543567662532 10 9 26 9 16 29 4 12 15 11 18 1 5 16 32 2 15 6 12 4 17 13 17 26 7 10 11 13 3 1 4 12 28 2 14 16 9 14 19 4 1 22 2 15 30 2 9 5 3 12 25 8 6 1 8 21.2252900004386902 151.280034293192188 
3.36768017929769181 9 5 15 18 6.96245171630185755 16 2 10 18 12 11 6 19 5 14 8.22565314501180467 7 13.2195649013323386 3 9 17.8244721320812971 31 4 3 6 11 10 12 5 5 1 4 9 18.140740276750666 2 16 24 1 1 32 8 17 30 12 10 5 10 12 15 4 8 1 3 14 5 13 14 16 1.44943743604301667 19.9389849901199341 164.122466040451002 
15 31 7 1 15 10 10 1 7 4 13 12 13 32 2.70999124060388841 6 9 4 17 19 13 16 8 10 1 3 1 1 14 5 9.25570237641795579 2 2 14 6 10 4 20 7 6 18 4 14 9 7 4 12 12 4.94126535182462057 1 9 3 32 11 2 16 1 2 24 1 18.2432441413402557 185.209380534612734 
17 26 11 4 2 2 12 15 4 1 9 13 13 12 5 6 26 11 10 20 8 10 32 7 3.36768017929769181 24 1 4 2 8 3 3 10 14 32 7 13 9 4 4 5 1 6 31 4 16 16 2 13 20 10 8 8 7 4 32 6.96245171630185755 15 6 3 18.3548728227615356 179.230679536239592 
16 7 13 15 1 9 14 5.34074699537910114 5 9.25570237641795579 6 2 12 28 11 6 31 3 17 30 5 1 23 11 18 14 6 14 18 13 16 1 3 15 9 4 16 2 2 12 6 12 10 28 8 14 15 1 1 14 10 8 8.22565314501180467 5 11 19 9 4 32 1 21.4082759618759155 149.862885670238597 
3 9 10 12 30 7 3 5 1 2 24 9 14 31 10 12 1 11 16 25 10 17 18 10 1 6 2 16 15 4 4 16 1 17 30 11 1 5.34074699537910114 6 1 14 13 14 11 6.96245171630185755 14 26 2 9 6 5 6 30 8 15 25 12 5 24 9 17.2717160582542419 211.573518638224527 
14 26 7 3 3 1 12 20 11 10 15 12 14 16 7 14 1 8 16 12 13 1 24 9 6 8 2.70999124060388841 10 12 13 8 15 7 9 25 11 4 16 11 13 22 2 2 1 5 16 2 7 5 30 3 1 24 9 13 26 9 17 3 11 18.8416338264942169 174.276589895989162 
5 12 4 14 1 7 6 6 9 3.36768017929769181 2 8 4 25 1 15 22 5 6 13 4 1 3 6 14 26 5 13 7 2 11 31 8 4 16 1 11 24 13 4 16 10 1 23 13 1 1 6 6 30 9 10 14 8 16 25 4 9.25570237641795579 18 7 20.3287459015846252 162.49593294694381 
3 9 9 16 23 9 6 26 1 15 25 13 2 5.34074699537910114 11 1 31 2 9 30 12 15 18 5 14 6 2 3 7 10 15 15 7 6 11 2 14 1 4 13 16 13 12 33 8 15 6 11 9.25570237641795579 8 8 16 31 11 15 26 7 6 32 3.84646942076222631 18.8993026316165924 173.926293054664541 
15 18 11 12 23 5 17 25 13 15 30 6 15 31 5 14 24 4 17 26 4 13 14 4 6 12 2.70999124060388841 14 25 6.96245171630185755 4.94126535182462057 5 2 4 6 7 13.2195649013323386 26 11 17 6 9 15 15 1 6 1 7 4 7 13.151007650947605 1 30 10 13 25 6 9 18.140740276750666 13 16.3811038434505463 236.547045876380167 
6 5.34074699537910114 9 14 6 6.96245171630185755 12 5 13 16 31 12 15 15 9 14 15 4 14 22 3.84646942076222631 13 31 5 5 24 4 14 31 4 4 5 2 14 2 9.82524131762891173 8 32 3 13 1 4 4 2 11 16 32 4 16 5 2 10 23 2 6 31.8448655754823804 7.75241283629571765 17 26 5 16.9239208400249481 214.527793226652022 
16 16 2.70999124060388841 6 18 8 10 21 1 18 23 3 12 1 5 3.36768017929769181 29 9 4 2 2 5 3 13 6 30 8 1 12 12 2 32 13 18 15 7 12 29 1 9 1 6 4 6 4 17 9 2.70999124060388841 16 22 8 15 31 10 10 24 8 2 3 6 25.1652815937995911 76.5296354660131755 
16 16 2.70999124060388841 6 18 8 4 25 4 18 23 3 12 1 5 3.36768017929769181 29 9 4 2 2 5 3 13 6 30 8 1 18 2.70999124060388841 2 32 13 18 15 7 12 29 1 9 1 6 14 31 7 17 9 2.70999124060388841 16 22 8 15 31 10 10 24 8 2 3 6 23.2810983657836914 95.9276964519369812 
16 16 2.70999124060388841 6 18 8 10 21 1 18 23 3 12 1 5 3.36768017929769181 29 9 4 2 2 5 3 13 6 30 8 14 31 11 2 32 13 18 15 7 12 29 1 9 1 6 11 27 1 17 9 2.70999124060388841 16 22 8 15 31 10 10 24 8 2 3 6 27.3511378169059753 61.2897075412955843 
16 16 2.70999124060388841 6 18 8 10 26 5 18 23 3 12 1 5 3.36768017929769181 25 1 4 2 2 5 3 13 6 30 8 15 28 2 2 32 13 18 15 7 12 29 1 9 1 6 11 27 1 17 9 2.70999124060388841 16 22 8 15 31 10 10 24 8 2 3 6 26.158991813659668 67.4809302375226849 
16 16 2.70999124060388841 6 18 8 14 14 11 18 23 3 12 1 5 3.36768017929769181 29 9 4 2 2 5 3 13 6 30 8 5 5.34074699537910114 11 2 32 13 18 15 7 12 29 1 9 1 6 3 24 13 17 9 2.70999124060388841 16 22 8 15 31 10 10 24 8 2 3 6 24.3584353923797607 80.0555929158531825 
16 16 2.70999124060388841 6 18 8 10 21 1 18 23 3 12 1 5 3.36768017929769181 29 9 4 2 2 5 3 13 6 30 8 14 10 2.70999124060388841 2 32 13 18 15 7 4 6 1 9 1 6 11 27 1 17 9 2.70999124060388841 16 22 8 15 31 10 10 24 8 2 3 6 28.8975867629051208 58.2614965345900515 
16 16 2.70999124060388841 6 18 8 10 21 1 14 26 12 12 1 5 3.36768017929769181 29 9 4 2 2 6 14 2.70999124060388841 6 30 8 9 14 10 2 32 13 3 19 6 6 2 9 9 1 6 1 12 7 17 9 2.70999124060388841 16 22 8 15 31 10 10 24 8 2 3 6 21.8447948098182678 145.5608989474498 
16 16 2.70999124060388841 6 18 8 15 5.34074699537910114 7 12 20 3 12 1 5 3.36768017929769181 29 9 4 2 2 5 3 13 6 30 8 1 11 2 2 32 13 18 15 7 12 29 1 9 1 6 2 19 12 17 9 2.70999124060388841 16 22 8 15 31 10 10 24 8 2 3 6 23.0581995248794556 104.167599654854058 
16 16 2.70999124060388841 6 18 8 10 21 1 18 23 3 12 1 5 3.36768017929769181 29 9 4 2 2 5 3 13 6 30 8 15 9 2 2 32 13 18 15 7 12 29 1 9 1 6 4 15 1 17 9 2.70999124060388841 16 22 8 15 31 10 10 24 8 2 3 6 25.6886616349220276 67.8670700312510036 
16 16 2.70999124060388841 6 18 8 4 5 9 18 23 3 12 1 5 3.36768017929769181 29 9 4 2 2 5 3 13 6 30 8 14 11 2.70999124060388841 2 32 13 18 15 7 12 29 1 9 1 6 4 5 8 17 9 2.70999124060388841 16 22 8 15 31 10 10 24 8 2 3 6 23.9938222765922546 83.6981684176911074 
16 16 2.70999124060388841 6 18 8 10 21 1 18 23 3 12 1 5 3.36768017929769181 29 9 4 2 2 5 3 13 6 30 8 14 28 11 2 32 13 18 15 7 12 29 1 9 1 6 11 27 1 17 9 2.70999124060388841 16 22 8 15 31 10 10 24 8 2 3 6 27.9475797414779663 58.8943642252542858 
16 16 2.70999124060388841 6 18 8 10 21 1 18 23 3 12 1 5 3.36768017929769181 29 9 4 2 2 5 3 13 6 30 8 14 14 12 2 32 13 18 15 7 12 29 1 9 1 6 6 20 2 17 9 2.70999124060388841 16 22 8 15 31 10 10 24 8 12 30 5 24.7784425616264343 78.7639493712418215 
16 16 2.70999124060388841 6 18 8 10 21 1 18 23 3 12 1 5 3.36768017929769181 29 9 4 2 2 5 3 13 6 30 8 14 18 11 2 32 13 18 15 7 12 29 1 9 1 6 11 27 1 17 9 2.70999124060388841 16 22 8 15 31 10 10 24 8 2 3 6 27.5168668627738953 61.2176868131365737 
16 16 2.70999124060388841 6 18 8 10 21 1 18 23 3 12 1 5 3.36768017929769181 29 9 4 2 2 5 3 13 6 30 8 14 31 2 2 32 13 18 15 7 12 29 1 9 1 6 11 27 1 17 9 2.70999124060388841 16 22 8 15 31 10 10 24 8 2 3 6 27.3105517625808716 63.6403690725301985 
16 16 2.70999124060388841 6 18 8 6 12 3 18 23 3 12 1 5 3.36768017929769181 29 9 4 2 2 5 3 13 6 30 8 15 5.34074699537910114 8 2 32 13 18 15 7 12 29 1 9 1 6 4 6 7 17 9 2.70999124060388841 16 22 8 15 31 10 10 24 8 2 3 6 23.6026873588562012 95.4775174690484931 
16 16 2.70999124060388841 6 18 8 10 21 1 18 23 3 12 1 5 3.36768017929769181 29 9 4 2 2 5 3 13 6 30 8 14 26 2.70999124060388841 2 32 13 18 15 7 12 29 1 9 1 6 12 12 7 17 9 2.70999124060388841 16 22 8 15 31 10 10 24 8 2 3 6 25.1050626039505005 78.3093210583713386 
16 16 2.70999124060388841 6 18 8 10 21 1 18 23 3 12 1 5 3.36768017929769181 29 9 4 2 2 5 3 13 6 30 8 1 31 12 2 32 13 18 15 7 12 29 1 9 1 6 11 27 1 17 9 2.70999124060388841 16 22 8 15 31 10 10 24 8 2 3 6 27.5439127683639526 60.9250064537780815 
16 16 2.70999124060388841 6 18 8 10 21 1 18 23 3 12 1 5 3.36768017929769181 29 9 4 2 2 5 3 13 6 30 8 14 10 2.70999124060388841 2 32 13 18 15 7 12 29 1 9 1 6 11 27 1 17 9 2.70999124060388841 16 22 8 15 31 10 10 24 8 2 3 6 29.9650816917419434 57.0945868692426544 
16 16 2.70999124060388841 6 18 8 4 20 3 4 24 5 12 1 5 3.36768017929769181 29 9 4 2 2 5 3 13 6 30 8 14 14 8 2 32 13 18 15 7 12 29 1 9 1 6 6 26 7 17 9 2.70999124060388841 16 22 8 15 31 10 10 24 8 2 3 6 22.0096284747123718 104.884476336798315 
16 16 2.70999124060388841 6 18 8 8 12 11 18 23 3 12 1 5 3.36768017929769181 29 9 4 2 2 5 3 13 6 30 8 1 14 2 2 32 13 18 15 7 12 29 1 9 1 6 14 20 6 17 9 2.70999124060388841 16 22 8 15 31 10 10 24 8 2 3 6 23.6541734933853149 89.5780603731737131 
16 16 2.70999124060388841 6 18 8 10 21 1 18 23 3 12 1 5 3.36768017929769181 29 9 4 2 2 5 3 13 6 30 8 14 33 2.70999124060388841 2 32 13 18 15 7 12 19 4 9 1 6 11 27 1 17 9 2.70999124060388841 16 22 8 15 31 10 10 24 8 2 3 6 27.1800137758255005 63.6741700233729091 
16 16 2.70999124060388841 6 18 8 10 21 1 18 23 3 12 1 5 3.36768017929769181 29 9 4 2 2 5 3 13 6 30 8 14 10 2.70999124060388841 2 32 13 18 15 7 12 29 1 9 1 6 11 27 1 17 9 2.70999124060388841 16 22 8 15 31 10 10 24 8 1 6 4 29.340558648109436 57.8265002917090953 
16 16 2.70999124060388841 6 18 8 10 21 1 18 23 3 12 1 5 3.36768017929769181 29 9 4 2 2 5 3 13 6 30 8 14 8 12 2 32 13 18 15 7 12 29 1 9 1 6 11 27 1 17 9 2.70999124060388841 16 22 8 15 31 10 10 24 8 2 3 6 27.7981338500976562 60.1769808260376138 
16 16 2.70999124060388841 6 18 8 15 17 13 18 23 3 12 1 5 3.36768017929769181 29 9 4 2 2 5 3 13 6 30 8 14 28 11 2 32 13 18 15 7 12 29 1 9 1 6 11 27 1 17 9 2.70999124060388841 16 22 8 15 31 10 10 24 8 2 3 6 26.5548975467681885 65.2815238248310834 
16 16 2.70999124060388841 6 18 8 10 21 1 18 23 3 12 1 5 3.36768017929769181 29 9 4 2 2 5 3 13 6 30 8 14 25 12 2 32 13 18 15 7 12 29 1 9 1 6 4 26 10 17 9 2.70999124060388841 16 22 8 15 31 10 10 24 8 2 3 6 25.1912506222724915 70.610406577849858 
12 26 11 17 18 2 6 16 5 13 12 2 8 32 9 16 25 2.70999124060388841 3 14 3 13 6 2 6 1 5 2 9 10 4 6 4 1 1 6.96245171630185755 1 16 4 9 20 1 14 31 9 13 18 3 4.94126535182462057 33 5 9 6 5 17 32 10 13.2195649013323386 12 3 17.33916175365448 206.96050386661841 

