Current Evaluation = 10000000(10000060)
Front Size = 39
16 31 2.70999124060388841 2 22 7 9 14 11 4 29 8 12 27 1 15 3 10 18 2 2 1 22 2 6 9 5 5 6 4 17 31 11 3 25 12 9 16 13 10 33 1 15 1 7 2 19 4 14 23 3 6 1 2 16 5 2 12 31 11 24.2512868642807007 76.1183168791924061 
16 31 2.70999124060388841 15 32 1 9 14 11 4 29 8 4 12 12 15 3 10 18 2 2 1 22 2 6 9 5 5 6 4 17 31 11 3 25 12 9 16 13 10 33 1 13 18 5 2 19 4 14 23 3 6 1 2 16 5 2 12 31 11 22.3705587983131409 106.75435652592958 
10 26 11 1 16 12 5 15 9 3 1 4 2 24 7 17 9 2 12 9 13 13 25 10 6 30 1 1 2 4 2 6 7 4 24 3 2 32 2.70999124060388841 5 9 9 1 28 2 16 12 11 4 33 4 1 19 6.96245171630185755 4.94126535182462057 1 8 14 31 8 19.6521365642547607 177.239645010240679 
16 31 2.70999124060388841 15 23 7 9 14 11 4 29 8 12 27 1 15 3 10 14 3 5 1 22 2 6 9 5 5 6 4 17 31 11 3 25 12 9 16 13 1 2 2.70999124060388841 14 13 1 2 19 4 14 23 3 6 1 2 16 5 2 12 31 11 22.1137248873710632 115.261003813069479 
16 31 2.70999124060388841 6 1 6 9 14 11 4 29 8 12 27 1 15 3 10 18 2 2 1 22 2 6 9 5 5 6 4 17 31 11 3 25 12 9 16 13 10 33 1 8 32 4 2 19 4 14 23 3 6 1 2 16 5 2 12 31 11 23.8828009963035583 80.1103075286230961 
16 31 2.70999124060388841 14 30 2 9 14 11 4 29 8 11 26 4 15 3 10 18 2 2 1 22 2 6 9 5 5 6 4 17 31 11 3 25 12 9 16 13 10 33 1 13 15 9 2 19 4 14 23 3 6 1 2 16 5 2 12 31 11 22.2336299121379852 108.352417474071757 
16 31 2.70999124060388841 14 24 6 9 14 11 12 24 6 3 31 2.70999124060388841 15 3 10 18 2 2 1 22 2 6 9 5 5 6 4 17 31 11 3 25 12 9 16 13 10 33 1 9 14 13 2 19 4 14 23 3 6 1 2 16 5 2 12 31 11 21.5536099076271057 135.339232872390767 
16 31 2.70999124060388841 11 24 5 12 24 2.70999124060388841 4 29 8 6 30 2 15 3 10 18 2 2 1 22 2 6 9 5 5 6 4 17 31 11 3 25 12 9 16 13 10 33 1 15 6 7 2 19 4 14 23 3 6 1 2 16 5 2 12 31 11 21.9775077700614929 124.927571312813257 
16 31 2.70999124060388841 2 23 7 9 14 11 15 16 3 13 23 8 15 3 10 12 9 2 1 22 2 6 9 5 5 6 4 17 31 11 3 25 12 9 16 13 10 33 1 3.36768017929769181 26 9 2 19 4 6 24 8 6 1 2 16 5 2 12 31 11 21.2919437289237976 150.75287382206136 
14 23 7 8 32 12 14 24 2 12 6 11 4 30 10 1 9 6 15 28 8 9 12 4 6 23 8 3.36768017929769181 15 2 16 14 2 3 25 12 17 31 4 15 32 11 6 32 11 9.25570237641795579 24 3 10 24 1 12 15 5 1 13 5 7 31 4 19.6123696565628052 185.403859006490563 
16 31 2.70999124060388841 14 2 5 9 14 11 4 29 8 6 20 7 15 3 10 18 2 2 1 22 2 6 9 5 5 6 4 17 31 11 3 25 12 9 16 13 10 33 1 15 22 10 2 19 4 14 23 3 6 1 2 16 5 2 12 31 11 22.3882708549499512 90.7153701480020089 
16 31 2.70999124060388841 14 13 6 18 19 12 4 29 8 6 20 9 15 3 10 2 1 10 1 22 2 6 9 5 5 6 4 17 31 11 3 25 12 10 20 1 10 33 1 17 24 1 2 19 4 14 23 3 6 1 2 16 5 2 12 31 11 21.8866548538208008 126.837431415392075 
16 31 2.70999124060388841 8 1 11 9 14 11 4 29 8 12 27 1 15 3 10 18 2 2 1 22 2 6 9 5 5 6 4 17 31 11 3 25 12 9 16 13 10 33 1 14 6 4 2 19 4 14 23 3 6 1 2 16 5 2 12 31 11 23.6516279876232147 89.9169133717982874 
16 31 2.70999124060388841 14 24 4 9 14 11 4 29 8 12 27 1 15 3 10 18 2 2 2 28 7 6 9 5 5 6 4 17 31 11 3 25 12 9 16 13 10 33 1 6 3 9 2 19 4 14 23 3 6 1 7 16 5 2 12 31 11 23.8185000717639923 89.7814707877321325 
16 31 2.70999124060388841 3 2 2.70999124060388841 9 14 11 1 32 2 3 22 9 15 3 10 12 20 6.96245171630185755 2 28 7 6 9 5 5 6 4 17 31 11 3 25 12 9 16 13 10 33 1 12 7 2 2 19 4 14 23 3 6 1 7 16 5 2 12 31 11 21.4872949719429016 136.158224523816386 
16 31 2.70999124060388841 6 1 4 9 14 11 4 29 8 12 27 1 15 3 10 18 2 2 2 28 7 6 9 5 5 6 4 17 31 11 3 25 12 9 16 13 10 33 1 3.36768017929769181 15 11 2 19 4 14 23 3 6 1 7 16 5 2 12 31 11 24.178550124168396 79.0299579033557222 
14 6 8 3.36768017929769181 22 3 3 30 7 14 20 13 13 6 5 10 15 3 6 31 1 8 30 2 15 32 5 16 1 6 16 19 2 17 16 8 13 26 8 8 32 4 2 17 12 8 9 12 3 31 9 12 1 9 2 25 11 6 26 10 17.8733429312705994 206.970771617443489 
16 31 2.70999124060388841 6 30 13 9 14 11 4 29 8 4 24 4 15 3 10 18 2 2 2 28 7 6 9 5 5 6 4 14 32 12 3 25 12 9 16 13 10 33 1 1 31 13 2 19 4 14 23 3 6 1 7 16 5 2 12 31 11 21.9845449328422546 120.871917692595815 
16 31 2.70999124060388841 2 22 9 9 14 11 4 29 8 12 27 1 15 3 10 18 2 2 2 28 7 6 9 5 5 6 4 17 31 11 3 25 12 9 16 13 10 33 1 1 32 3 2 19 4 14 23 3 15 12 10 16 5 2 12 31 11 24.6210500001907349 69.5339621772383794 
16 31 2.70999124060388841 15 32 3 9 14 11 4 29 8 12 27 1 15 3 10 18 2 2 2 28 7 6 9 5 5 6 4 17 31 11 3 25 12 9 16 13 10 33 1 3.36768017929769181 2 2 2 19 4 14 23 3 6 1 7 16 5 2 12 31 11 24.5206421613693237 74.1208359888666735 
10 19 9 3.36768017929769181 30 2 9 28 7 8 32 2 14 20 11 5 31 8 15 2 6.96245171630185755 15 26 12 14 30 13 4 14 3.84646942076222631 12 24 1 4 18 1 9 7 4 3 15 4 16 31 10 6 29 3 14 26 13 15 33 3 13.2195649013323386 11 2 14 22 6 20.8808007836341858 169.968011869058188 
16 31 2.70999124060388841 2 32 5 3 16 13 4 29 8 12 27 1 15 3 10 18 2 2 2 28 7 6 9 5 17 31 8 4 21 11 3 25 12 9 15 2 10 33 1 1 3 9 2 19 4 14 23 3 6 1 7 16 5 2 11 8 8 25.9486240744590759 61.8256368479635654 
17 31 2.70999124060388841 14 5 13 6 31 10 6 13 7 16 31 6.96245171630185755 13 1 2 15 13 3 2 6 8 14 26 2 1 11 9 16 2 8 15 26 13 1 24 3.84646942076222631 5 26 7 13 26 9 17 3 2 14 22 11 2 25 11 14 20 3 12 30 9 17.0677487850189209 248.739483708156314 
16 31 2.70999124060388841 1 10 3 3 16 13 4 29 8 12 27 1 15 3 10 18 2 2 2 28 7 1 18 9 17 31 8 4 21 11 3 25 12 9 15 2 10 33 1 5 4 10 1 22 4 14 23 3 6 1 7 16 5 2 11 8 8 31.0060820579528809 53.660476141115268 
16 31 2.70999124060388841 1 10 3 3 16 13 4 29 8 12 27 1 15 3 10 18 2 2 2 28 7 6 9 5 17 31 8 4 21 11 3 25 12 9 15 2 10 33 1 15 32 7 1 22 4 14 23 3 6 1 7 16 5 2 11 8 8 28.2593629956245422 54.8183727432532422 
16 31 2.70999124060388841 1 10 3 3 16 13 4 29 8 12 27 1 15 3 10 18 2 2 2 28 7 6 9 5 17 31 8 4 21 11 3 25 12 9 15 2 10 33 1 5 4 10 1 22 4 14 23 3 6 1 7 16 5 2 11 8 8 31.0723990797996521 51.6976632704905938 
16 31 2.70999124060388841 1 10 3 3 16 13 4 29 8 12 27 1 15 3 10 18 6 2 2 28 7 6 9 5 17 31 8 4 21 11 3 25 12 9 15 2 10 33 1 5 4 10 1 22 4 14 23 3 6 1 7 16 5 2 11 8 8 30.708655059337616 54.1676442675073133 
3.36768017929769181 9 13 9.25570237641795579 8.22565314501180467 9.82524131762891173 13 31 12 1 9 7 5 15 3 12 3 12 6 11 13.151007650947605 15 5 7 6 33 10 17 30 7.75241283629571765 16 26 5 12 19 6 9 15 13 16 20 2 5 18 6 4 24 7 2 2 4 12 15 8 15 32 13 5 12 1.44943743604301667 20.8698599338531494 172.807313183590395 
16 31 2.70999124060388841 15 1 5 3 16 13 4 29 8 12 27 1 15 3 10 18 2 2 2 28 7 6 9 5 17 31 8 4 21 11 3 25 12 9 15 2 10 33 1 14 32 7 1 22 4 14 23 3 6 1 7 16 5 2 11 8 8 25.3908910751342773 67.8185514169350654 
16 31 2.70999124060388841 1 10 3 3 16 13 4 29 8 12 27 1 15 3 10 18 2 2 2 28 7 6 9 5 17 31 8 4 21 11 3 25 12 9 15 2 10 33 1 5 4 10 1 22 4 14 24 9 6 1 7 16 5 2 11 8 8 30.4010680913925171 54.2855685362127502 
1 31 4 14 19 2.70999124060388841 15 15 9 18 22 1 4 6 8 13 32 5 11 20 2 14 16.1354543567662532 7 4.94126535182462057 25 10 1 24 9.82524131762891173 6 18 11 12 6 2 13 31.8448655754823804 13 3 24 3 16 30 5 17 19 11 3 24 13 12 20 9 16 12 7.75241283629571765 10 11 2 18.3409956693649292 200.819275658981496 
1 26 13 14 32 4 15 13 7 6 20 8 14 14 13 16 32 2 6 9 2 12 16 10 12 31 3 9 5.34074699537910114 4 3 1 12 5 19 8 6 16 6.96245171630185755 9 1 2 4.94126535182462057 24 8 14 6 11 2 22 4 16 25 1 4 30 2 10 1 9.82524131762891173 18.5978926718235016 186.836816332636772 
16 31 2.70999124060388841 1 10 3 3 16 13 4 29 8 12 27 1 15 3 10 18 2 2 2 28 7 6 9 5 17 31 8 4 21 11 3 25 12 9 15 2 10 33 1 15 6 6 1 22 4 14 23 3 6 1 7 16 5 2 12 31 13 27.3093760013580322 57.146051644972836 
16 31 2.70999124060388841 6 32 3 3 16 13 4 29 8 12 27 1 15 3 10 18 2 2 2 28 7 6 9 5 17 31 8 4 21 11 3 25 12 9 15 2 10 33 1 15 30 9 1 22 4 14 23 3 6 1 7 16 5 2 11 8 8 25.4328230619430542 66.9341656175203212 
16 31 2.70999124060388841 14 1 5 3 16 13 4 29 8 12 27 1 15 3 10 18 2 2 2 28 7 6 9 5 17 31 8 4 21 11 3 25 12 9 15 2 10 33 1 5 4 10 1 22 4 14 23 3 6 1 7 16 5 2 11 8 8 28.203927218914032 56.4393009131049723 
14 22 4 6 15 10 2 31 2.70999124060388841 8 8 13 9.25570237641795579 6 3.84646942076222631 12 26 3 4 7 9 13 2 6 14 31 6 1 3 12 17 31 8 18 15 7 14 7 9.82524131762891173 15 6 12 6 1 10 4 6 2 17 25 8 6 32 10 13 24 13 12 14 4 18.4072597026824951 195.620792803687522 
11 31 7 15 17 4 3.36768017929769181 6 11 1 24 8 4 28 10 10 12 7 12 17 9 14 32 13 11 8 1 14 24 8 3 1 9 5 22 2 4 12 4 13 23 3 17 8 1 6 26 8 16 30 13 4 12 3 14 23 9 8 17 13 21.0787597298622131 165.224461649461659 
16 31 2.70999124060388841 15 25 5 3 16 13 4 29 8 12 27 1 15 3 10 18 2 2 2 28 7 6 9 5 17 31 8 4 21 11 3 25 12 9 15 2 10 33 1 6 26 7 1 22 4 14 23 3 6 1 7 16 5 2 11 8 8 25.59666508436203 66.0043484646789835 
16 31 2.70999124060388841 14 32 6 3 16 13 4 29 8 12 27 1 15 3 10 18 2 2 2 28 7 6 9 5 17 31 8 4 21 11 3 25 12 9 15 2 10 33 1 5 4 10 1 22 4 14 23 3 6 1 7 16 5 2 11 8 8 28.2486972212791443 55.2644307193235917 

Current Evaluation = 20000000(20000120)
Front Size = 44
16 31 2.70999124060388841 2 22 7 9 14 11 4 29 8 12 27 1 15 3 10 18 2 2 1 22 2 6 9 5 5 6 4 17 31 11 3 25 12 9 16 13 10 33 1 15 1 7 2 19 4 14 23 3 6 1 2 16 5 2 12 31 11 24.2512868642807007 76.1183168791924061 
16 31 2.70999124060388841 15 32 1 9 14 11 4 29 8 4 12 12 15 3 10 18 2 2 1 22 2 6 9 5 5 6 4 17 31 11 3 25 12 9 16 13 10 33 1 13 18 5 2 19 4 14 23 3 6 1 2 16 5 2 12 31 11 22.3705587983131409 106.75435652592958 
10 26 11 1 16 12 5 15 9 3 1 4 2 24 7 17 9 2 12 9 13 13 25 10 6 30 1 1 2 4 2 6 7 4 24 3 2 32 2.70999124060388841 5 9 9 1 28 2 16 12 11 4 33 4 1 19 6.96245171630185755 4.94126535182462057 1 8 14 31 8 19.6521365642547607 177.239645010240679 
16 31 2.70999124060388841 15 23 7 9 14 11 4 29 8 12 27 1 15 3 10 14 3 5 1 22 2 6 9 5 5 6 4 17 31 11 3 25 12 9 16 13 1 2 2.70999124060388841 14 13 1 2 19 4 14 23 3 6 1 2 16 5 2 12 31 11 22.1137248873710632 115.261003813069479 
16 31 2.70999124060388841 6 1 6 9 14 11 4 29 8 12 27 1 15 3 10 18 2 2 1 22 2 6 9 5 5 6 4 17 31 11 3 25 12 9 16 13 10 33 1 8 32 4 2 19 4 14 23 3 6 1 2 16 5 2 12 31 11 23.8828009963035583 80.1103075286230961 
16 31 2.70999124060388841 14 30 2 9 14 11 4 29 8 11 26 4 15 3 10 18 2 2 1 22 2 6 9 5 5 6 4 17 31 11 3 25 12 9 16 13 10 33 1 13 15 9 2 19 4 14 23 3 6 1 2 16 5 2 12 31 11 22.2336299121379852 108.352417474071757 
16 31 2.70999124060388841 14 24 6 9 14 11 12 24 6 3 31 2.70999124060388841 15 3 10 18 2 2 1 22 2 6 9 5 5 6 4 17 31 11 3 25 12 9 16 13 10 33 1 9 14 13 2 19 4 14 23 3 6 1 2 16 5 2 12 31 11 21.5536099076271057 135.339232872390767 
16 31 2.70999124060388841 11 24 5 12 24 2.70999124060388841 4 29 8 6 30 2 15 3 10 18 2 2 1 22 2 6 9 5 5 6 4 17 31 11 3 25 12 9 16 13 10 33 1 15 6 7 2 19 4 14 23 3 6 1 2 16 5 2 12 31 11 21.9775077700614929 124.927571312813257 
16 31 2.70999124060388841 2 23 7 9 14 11 15 16 3 13 23 8 15 3 10 12 9 2 1 22 2 6 9 5 5 6 4 17 31 11 3 25 12 9 16 13 10 33 1 3.36768017929769181 26 9 2 19 4 6 24 8 6 1 2 16 5 2 12 31 11 21.2919437289237976 150.75287382206136 
14 23 7 8 32 12 14 24 2 12 6 11 4 30 10 1 9 6 15 28 8 9 12 4 6 23 8 3.36768017929769181 15 2 16 14 2 3 25 12 17 31 4 15 32 11 6 32 11 9.25570237641795579 24 3 10 24 1 12 15 5 1 13 5 7 31 4 19.6123696565628052 185.403859006490563 
16 31 2.70999124060388841 14 2 5 9 14 11 4 29 8 6 20 7 15 3 10 18 2 2 1 22 2 6 9 5 5 6 4 17 31 11 3 25 12 9 16 13 10 33 1 15 22 10 2 19 4 14 23 3 6 1 2 16 5 2 12 31 11 22.3882708549499512 90.7153701480020089 
16 31 2.70999124060388841 14 13 6 18 19 12 4 29 8 6 20 9 15 3 10 2 1 10 1 22 2 6 9 5 5 6 4 17 31 11 3 25 12 10 20 1 10 33 1 17 24 1 2 19 4 14 23 3 6 1 2 16 5 2 12 31 11 21.8866548538208008 126.837431415392075 
16 31 2.70999124060388841 8 1 11 9 14 11 4 29 8 12 27 1 15 3 10 18 2 2 1 22 2 6 9 5 5 6 4 17 31 11 3 25 12 9 16 13 10 33 1 14 6 4 2 19 4 14 23 3 6 1 2 16 5 2 12 31 11 23.6516279876232147 89.9169133717982874 
16 31 2.70999124060388841 14 24 4 9 14 11 4 29 8 12 27 1 15 3 10 18 2 2 2 28 7 6 9 5 5 6 4 17 31 11 3 25 12 9 16 13 10 33 1 6 3 9 2 19 4 14 23 3 6 1 7 16 5 2 12 31 11 23.8185000717639923 89.7814707877321325 
16 31 2.70999124060388841 3 2 2.70999124060388841 9 14 11 1 32 2 3 22 9 15 3 10 12 20 6.96245171630185755 2 28 7 6 9 5 5 6 4 17 31 11 3 25 12 9 16 13 10 33 1 12 7 2 2 19 4 14 23 3 6 1 7 16 5 2 12 31 11 21.4872949719429016 136.158224523816386 
16 31 2.70999124060388841 6 1 4 9 14 11 4 29 8 12 27 1 15 3 10 18 2 2 2 28 7 6 9 5 5 6 4 17 31 11 3 25 12 9 16 13 10 33 1 3.36768017929769181 15 11 2 19 4 14 23 3 6 1 7 16 5 2 12 31 11 24.178550124168396 79.0299579033557222 
14 6 8 3.36768017929769181 22 3 3 30 7 14 20 13 13 6 5 10 15 3 6 31 1 8 30 2 15 32 5 16 1 6 16 19 2 17 16 8 13 26 8 8 32 4 2 17 12 8 9 12 3 31 9 12 1 9 2 25 11 6 26 10 17.8733429312705994 206.970771617443489 
16 31 2.70999124060388841 6 30 13 9 14 11 4 29 8 4 24 4 15 3 10 18 2 2 2 28 7 6 9 5 5 6 4 14 32 12 3 25 12 9 16 13 10 33 1 1 31 13 2 19 4 14 23 3 6 1 7 16 5 2 12 31 11 21.9845449328422546 120.871917692595815 
16 31 2.70999124060388841 2 22 9 9 14 11 4 29 8 12 27 1 15 3 10 18 2 2 2 28 7 6 9 5 5 6 4 17 31 11 3 25 12 9 16 13 10 33 1 1 32 3 2 19 4 14 23 3 15 12 10 16 5 2 12 31 11 24.6210500001907349 69.5339621772383794 
16 31 2.70999124060388841 15 32 3 9 14 11 4 29 8 12 27 1 15 3 10 18 2 2 2 28 7 6 9 5 5 6 4 17 31 11 3 25 12 9 16 13 10 33 1 3.36768017929769181 2 2 2 19 4 14 23 3 6 1 7 16 5 2 12 31 11 24.5206421613693237 74.1208359888666735 
16 31 2.70999124060388841 2 32 5 3 16 13 4 29 8 12 27 1 15 3 10 18 2 2 2 28 7 6 9 5 17 31 8 4 21 11 3 25 12 9 15 2 10 33 1 1 3 9 2 19 4 14 23 3 6 1 7 16 5 2 11 8 8 25.9486240744590759 61.8256368479635654 
16 31 2.70999124060388841 1 10 3 3 16 13 4 29 8 12 27 1 15 3 10 18 2 2 2 28 7 6 9 5 17 31 8 4 21 11 3 25 12 9 15 2 10 33 1 15 32 7 1 22 4 14 23 3 6 1 7 16 5 2 11 8 8 28.2593629956245422 54.8183727432532422 
16 31 2.70999124060388841 1 10 3 3 16 13 4 29 8 12 27 1 15 3 10 18 2 2 2 28 7 6 9 5 17 31 8 4 21 11 3 25 12 9 15 2 10 33 1 5 4 10 1 22 4 14 23 3 6 1 7 16 5 2 11 8 8 31.0723990797996521 51.6976632704905938 
16 31 2.70999124060388841 15 1 5 3 16 13 4 29 8 12 27 1 15 3 10 18 2 2 2 28 7 6 9 5 17 31 8 4 21 11 3 25 12 9 15 2 10 33 1 14 32 7 1 22 4 14 23 3 6 1 7 16 5 2 11 8 8 25.3908910751342773 67.8185514169350654 
1 31 4 14 19 2.70999124060388841 15 15 9 18 22 1 4 6 8 13 32 5 11 20 2 14 16.1354543567662532 7 4.94126535182462057 25 10 1 24 9.82524131762891173 6 18 11 12 6 2 13 31.8448655754823804 13 3 24 3 16 30 5 17 19 11 3 24 13 12 20 9 16 12 7.75241283629571765 10 11 2 18.3409956693649292 200.819275658981496 
1 26 13 14 32 4 15 13 7 6 20 8 14 14 13 16 32 2 6 9 2 12 16 10 12 31 3 9 5.34074699537910114 4 3 1 12 5 19 8 6 16 6.96245171630185755 9 1 2 4.94126535182462057 24 8 14 6 11 2 22 4 16 25 1 4 30 2 10 1 9.82524131762891173 18.5978926718235016 186.836816332636772 
16 31 2.70999124060388841 1 10 3 3 16 13 4 29 8 12 27 1 15 3 10 18 2 2 2 28 7 6 9 5 17 31 8 4 21 11 3 25 12 9 15 2 10 33 1 15 6 6 1 22 4 14 23 3 6 1 7 16 5 2 12 31 13 27.3093760013580322 57.146051644972836 
16 31 2.70999124060388841 6 32 3 3 16 13 4 29 8 12 27 1 15 3 10 18 2 2 2 28 7 6 9 5 17 31 8 4 21 11 3 25 12 9 15 2 10 33 1 15 30 9 1 22 4 14 23 3 6 1 7 16 5 2 11 8 8 25.4328230619430542 66.9341656175203212 
14 22 4 6 15 10 2 31 2.70999124060388841 8 8 13 9.25570237641795579 6 3.84646942076222631 12 26 3 4 7 9 13 2 6 14 31 6 1 3 12 17 31 8 18 15 7 14 7 9.82524131762891173 15 6 12 6 1 10 4 6 2 17 25 8 6 32 10 13 24 13 12 14 4 18.4072597026824951 195.620792803687522 
11 31 7 15 17 4 3.36768017929769181 6 11 1 24 8 4 28 10 10 12 7 12 17 9 14 32 13 11 8 1 14 24 8 3 1 9 5 22 2 4 12 4 13 23 3 17 8 1 6 26 8 16 30 13 4 12 3 14 23 9 8 17 13 21.0787597298622131 165.224461649461659 
16 31 2.70999124060388841 15 25 5 3 16 13 4 29 8 12 27 1 15 3 10 18 2 2 2 28 7 6 9 5 17 31 8 4 21 11 3 25 12 9 15 2 10 33 1 6 26 7 1 22 4 14 23 3 6 1 7 16 5 2 11 8 8 25.59666508436203 66.0043484646789835 
16 31 2.70999124060388841 14 32 6 3 16 13 4 29 8 12 27 1 15 3 10 18 2 2 2 28 7 6 9 5 17 31 8 4 21 11 3 25 12 9 15 2 10 33 1 5 4 10 1 22 4 14 23 3 6 1 7 16 5 2 11 8 8 28.2486972212791443 55.2644307193235917 
16 31 2.70999124060388841 14 32 7 3 16 13 4 29 8 12 27 1 15 3 10 18 2 2 2 28 7 6 9 5 17 31 8 4 21 11 3 25 12 9 15 2 10 33 1 5 4 10 1 22 4 14 23 3 6 1 7 16 5 2 11 8 8 28.1286972165107727 56.7237657536634501 
15 25 12 13 15 4 6 23 7 3.36768017929769181 28 9 15 30 12 4 20 8 10 16.1354543567662532 2 14 32 11 1 18 10 16 6 5 13 9 9 4.94126535182462057 3 12 10 26 5 13.2195649013323386 2 3 10 15 1 14 14 11 17 2 10 6 7 2 1 28 8 11 3 7 20.8230701684951782 167.184841016826283 
1 9 6 4 9 12 3.36768017929769181 26 10 4 15 6.96245171630185755 11 25 2 4.94126535182462057 24 1 6 30 12 17 31 13 4 24 11 3 12 12 14 5 12 16 31 5 6 5 7 1 2 10 13 30 13 1 32 13 13.2195649013323386 6 13.151007650947605 16 6 5 16 13 10 12 30 4 17.0466128587722778 228.868025825223953 
17 5 12 15 11 3 14 1 4 6 3 4 16 6 11 12 8 2 14 12 5 14 24 11 1 32 11 9 26 6 10 30 3 17 16 6 12 25 3 3.36768017929769181 1 3 1 28 7 6 16 6 13 32 2 15 16 2 11 6 2 5 2 10 19.6040087342262268 185.61901884665042 
16 31 2.70999124060388841 15 32 8 3 16 13 4 29 8 12 27 1 15 3 10 18 2 2 2 28 7 6 9 5 17 31 8 4 21 11 3 25 12 9 15 2 10 33 1 15 32 6 1 22 4 14 23 3 6 1 7 16 5 2 11 8 8 25.8204330801963806 64.6304497884019469 
9 6 13 1 28 5 3 11 6 12 24 9 6 18 4 3 30 9 4 1 9 14 3 12 2 16 2 4 20 1 15 6 1 12 9 5 2 29 6 9 19 2.70999124060388841 9 18 8 6 5 7 2 1 10 15 15 9 15 16 7 16 24 9 19.6821005940437317 174.178641576861423 
16 31 2.70999124060388841 14 32 4 3 16 13 4 29 8 12 27 1 15 3 10 18 2 2 2 28 7 6 9 5 17 31 8 4 21 11 3 25 12 9 15 2 10 33 1 5 4 10 1 22 4 14 23 3 6 1 7 16 5 2 11 8 8 28.1086972057819366 56.9371632917353594 
16 31 2.70999124060388841 14 32 5 3 16 13 4 29 8 12 27 1 15 3 10 18 2 2 2 28 7 6 9 5 17 31 8 4 21 11 3 25 12 9 15 2 10 33 1 5 4 10 1 22 4 14 23 3 6 1 7 16 5 2 11 8 8 28.1706972122192383 55.9498609711753261 
16 31 2.70999124060388841 1 10 3 3 16 13 4 29 8 12 27 1 15 3 10 18 2 2 2 28 7 6 9 5 17 31 8 4 21 11 3 25 12 9 15 2 10 33 1 5 32 9 1 22 4 14 23 3 6 1 7 16 5 2 11 8 8 28.7204579710960388 52.922015767262387 
16 31 2.70999124060388841 1 6 5 3 16 13 4 29 8 14 15 7 15 3 10 18 2 2 2 28 7 6 9 5 17 31 8 4 21 11 3 25 12 9 15 2 10 33 1 6 2 2.70999124060388841 1 22 4 14 23 3 6 1 7 16 5 2 11 8 8 23.8690209984779358 88.4477540977540855 
16 18 2.70999124060388841 1 15 10 3 6 10 12 26 5 14 15 7 5 16 11 15 33 12 6 1 3 14 9 1 1 16 9 13 17 2 9.25570237641795579 25 11 18 20 13 4.94126535182462057 24 9.82524131762891173 16 30 7 15 31.8448655754823804 8 18 22 3 5 1 7.75241283629571765 1.62229798836725392 32 8 9 8 6 21.216413676738739 159.09629328352159 
2 2 7 12 23 8 10 18 2.70999124060388841 1 20 6.96245171630185755 4 12 9 12 19 3 15 22 2 4 15 8 9 8.22565314501180467 6 16 24 13 4 5 1 1 30 2 12 32 2 14 28 4 17 9 9 2 1 8 9 19 9 6 17 8 3 28 9.82524131762891173 17.8244721320812971 11 7.75241283629571765 21.0679906010627747 167.106800700811618 

Current Evaluation = 30000000(30000040)
Front Size = 42
16 31 2.70999124060388841 2 22 7 9 14 11 4 29 8 12 27 1 15 3 10 18 2 2 1 22 2 6 9 5 5 6 4 17 31 11 3 25 12 9 16 13 10 33 1 15 1 7 2 19 4 14 23 3 6 1 2 16 5 2 12 31 11 24.2512868642807007 76.1183168791924061 
16 31 2.70999124060388841 15 32 1 9 14 11 4 29 8 4 12 12 15 3 10 18 2 2 1 22 2 6 9 5 5 6 4 17 31 11 3 25 12 9 16 13 10 33 1 13 18 5 2 19 4 14 23 3 6 1 2 16 5 2 12 31 11 22.3705587983131409 106.75435652592958 
16 31 2.70999124060388841 15 23 7 9 14 11 4 29 8 12 27 1 15 3 10 14 3 5 1 22 2 6 9 5 5 6 4 17 31 11 3 25 12 9 16 13 1 2 2.70999124060388841 14 13 1 2 19 4 14 23 3 6 1 2 16 5 2 12 31 11 22.1137248873710632 115.261003813069479 
16 31 2.70999124060388841 6 1 6 9 14 11 4 29 8 12 27 1 15 3 10 18 2 2 1 22 2 6 9 5 5 6 4 17 31 11 3 25 12 9 16 13 10 33 1 8 32 4 2 19 4 14 23 3 6 1 2 16 5 2 12 31 11 23.8828009963035583 80.1103075286230961 
16 31 2.70999124060388841 14 30 2 9 14 11 4 29 8 11 26 4 15 3 10 18 2 2 1 22 2 6 9 5 5 6 4 17 31 11 3 25 12 9 16 13 10 33 1 13 15 9 2 19 4 14 23 3 6 1 2 16 5 2 12 31 11 22.2336299121379852 108.352417474071757 
16 31 2.70999124060388841 14 24 6 9 14 11 12 24 6 3 31 2.70999124060388841 15 3 10 18 2 2 1 22 2 6 9 5 5 6 4 17 31 11 3 25 12 9 16 13 10 33 1 9 14 13 2 19 4 14 23 3 6 1 2 16 5 2 12 31 11 21.5536099076271057 135.339232872390767 
16 31 2.70999124060388841 11 24 5 12 24 2.70999124060388841 4 29 8 6 30 2 15 3 10 18 2 2 1 22 2 6 9 5 5 6 4 17 31 11 3 25 12 9 16 13 10 33 1 15 6 7 2 19 4 14 23 3 6 1 2 16 5 2 12 31 11 21.9775077700614929 124.927571312813257 
16 31 2.70999124060388841 2 23 7 9 14 11 15 16 3 13 23 8 15 3 10 12 9 2 1 22 2 6 9 5 5 6 4 17 31 11 3 25 12 9 16 13 10 33 1 3.36768017929769181 26 9 2 19 4 6 24 8 6 1 2 16 5 2 12 31 11 21.2919437289237976 150.75287382206136 
16 31 2.70999124060388841 14 2 5 9 14 11 4 29 8 6 20 7 15 3 10 18 2 2 1 22 2 6 9 5 5 6 4 17 31 11 3 25 12 9 16 13 10 33 1 15 22 10 2 19 4 14 23 3 6 1 2 16 5 2 12 31 11 22.3882708549499512 90.7153701480020089 
16 31 2.70999124060388841 14 13 6 18 19 12 4 29 8 6 20 9 15 3 10 2 1 10 1 22 2 6 9 5 5 6 4 17 31 11 3 25 12 10 20 1 10 33 1 17 24 1 2 19 4 14 23 3 6 1 2 16 5 2 12 31 11 21.8866548538208008 126.837431415392075 
16 31 2.70999124060388841 8 1 11 9 14 11 4 29 8 12 27 1 15 3 10 18 2 2 1 22 2 6 9 5 5 6 4 17 31 11 3 25 12 9 16 13 10 33 1 14 6 4 2 19 4 14 23 3 6 1 2 16 5 2 12 31 11 23.6516279876232147 89.9169133717982874 
16 31 2.70999124060388841 14 24 4 9 14 11 4 29 8 12 27 1 15 3 10 18 2 2 2 28 7 6 9 5 5 6 4 17 31 11 3 25 12 9 16 13 10 33 1 6 3 9 2 19 4 14 23 3 6 1 7 16 5 2 12 31 11 23.8185000717639923 89.7814707877321325 
16 31 2.70999124060388841 3 2 2.70999124060388841 9 14 11 1 32 2 3 22 9 15 3 10 12 20 6.96245171630185755 2 28 7 6 9 5 5 6 4 17 31 11 3 25 12 9 16 13 10 33 1 12 7 2 2 19 4 14 23 3 6 1 7 16 5 2 12 31 11 21.4872949719429016 136.158224523816386 
16 31 2.70999124060388841 6 1 4 9 14 11 4 29 8 12 27 1 15 3 10 18 2 2 2 28 7 6 9 5 5 6 4 17 31 11 3 25 12 9 16 13 10 33 1 3.36768017929769181 15 11 2 19 4 14 23 3 6 1 7 16 5 2 12 31 11 24.178550124168396 79.0299579033557222 
16 31 2.70999124060388841 6 30 13 9 14 11 4 29 8 4 24 4 15 3 10 18 2 2 2 28 7 6 9 5 5 6 4 14 32 12 3 25 12 9 16 13 10 33 1 1 31 13 2 19 4 14 23 3 6 1 7 16 5 2 12 31 11 21.9845449328422546 120.871917692595815 
16 31 2.70999124060388841 2 22 9 9 14 11 4 29 8 12 27 1 15 3 10 18 2 2 2 28 7 6 9 5 5 6 4 17 31 11 3 25 12 9 16 13 10 33 1 1 32 3 2 19 4 14 23 3 15 12 10 16 5 2 12 31 11 24.6210500001907349 69.5339621772383794 
16 31 2.70999124060388841 15 32 3 9 14 11 4 29 8 12 27 1 15 3 10 18 2 2 2 28 7 6 9 5 5 6 4 17 31 11 3 25 12 9 16 13 10 33 1 3.36768017929769181 2 2 2 19 4 14 23 3 6 1 7 16 5 2 12 31 11 24.5206421613693237 74.1208359888666735 
16 31 2.70999124060388841 2 32 5 3 16 13 4 29 8 12 27 1 15 3 10 18 2 2 2 28 7 6 9 5 17 31 8 4 21 11 3 25 12 9 15 2 10 33 1 1 3 9 2 19 4 14 23 3 6 1 7 16 5 2 11 8 8 25.9486240744590759 61.8256368479635654 
16 31 2.70999124060388841 1 10 3 3 16 13 4 29 8 12 27 1 15 3 10 18 2 2 2 28 7 6 9 5 17 31 8 4 21 11 3 25 12 9 15 2 10 33 1 15 32 7 1 22 4 14 23 3 6 1 7 16 5 2 11 8 8 28.2593629956245422 54.8183727432532422 
16 31 2.70999124060388841 1 10 3 3 16 13 4 29 8 12 27 1 15 3 10 18 2 2 2 28 7 6 9 5 17 31 8 4 21 11 3 25 12 9 15 2 10 33 1 5 4 10 1 22 4 14 23 3 6 1 7 16 5 2 11 8 8 31.0723990797996521 51.6976632704905938 
16 31 2.70999124060388841 15 1 5 3 16 13 4 29 8 12 27 1 15 3 10 18 2 2 2 28 7 6 9 5 17 31 8 4 21 11 3 25 12 9 15 2 10 33 1 14 32 7 1 22 4 14 23 3 6 1 7 16 5 2 11 8 8 25.3908910751342773 67.8185514169350654 
1 26 13 14 32 4 15 13 7 6 20 8 14 14 13 16 32 2 6 9 2 12 16 10 12 31 3 9 5.34074699537910114 4 3 1 12 5 19 8 6 16 6.96245171630185755 9 1 2 4.94126535182462057 24 8 14 6 11 2 22 4 16 25 1 4 30 2 10 1 9.82524131762891173 18.5978926718235016 186.836816332636772 
16 31 2.70999124060388841 1 10 3 3 16 13 4 29 8 12 27 1 15 3 10 18 2 2 2 28 7 6 9 5 17 31 8 4 21 11 3 25 12 9 15 2 10 33 1 15 6 6 1 22 4 14 23 3 6 1 7 16 5 2 12 31 13 27.3093760013580322 57.146051644972836 
16 31 2.70999124060388841 6 32 3 3 16 13 4 29 8 12 27 1 15 3 10 18 2 2 2 28 7 6 9 5 17 31 8 4 21 11 3 25 12 9 15 2 10 33 1 15 30 9 1 22 4 14 23 3 6 1 7 16 5 2 11 8 8 25.4328230619430542 66.9341656175203212 
14 22 4 6 15 10 2 31 2.70999124060388841 8 8 13 9.25570237641795579 6 3.84646942076222631 12 26 3 4 7 9 13 2 6 14 31 6 1 3 12 17 31 8 18 15 7 14 7 9.82524131762891173 15 6 12 6 1 10 4 6 2 17 25 8 6 32 10 13 24 13 12 14 4 18.4072597026824951 195.620792803687522 
16 31 2.70999124060388841 15 25 5 3 16 13 4 29 8 12 27 1 15 3 10 18 2 2 2 28 7 6 9 5 17 31 8 4 21 11 3 25 12 9 15 2 10 33 1 6 26 7 1 22 4 14 23 3 6 1 7 16 5 2 11 8 8 25.59666508436203 66.0043484646789835 
16 31 2.70999124060388841 14 32 6 3 16 13 4 29 8 12 27 1 15 3 10 18 2 2 2 28 7 6 9 5 17 31 8 4 21 11 3 25 12 9 15 2 10 33 1 5 4 10 1 22 4 14 23 3 6 1 7 16 5 2 11 8 8 28.2486972212791443 55.2644307193235917 
1 9 6 4 9 12 3.36768017929769181 26 10 4 15 6.96245171630185755 11 25 2 4.94126535182462057 24 1 6 30 12 17 31 13 4 24 11 3 12 12 14 5 12 16 31 5 6 5 7 1 2 10 13 30 13 1 32 13 13.2195649013323386 6 13.151007650947605 16 6 5 16 13 10 12 30 4 17.0466128587722778 228.868025825223953 
16 31 2.70999124060388841 14 32 4 3 16 13 4 29 8 12 27 1 15 3 10 18 2 2 2 28 7 6 9 5 17 31 8 4 21 11 3 25 12 9 15 2 10 33 1 5 4 10 1 22 4 14 23 3 6 1 7 16 5 2 11 8 8 28.1086972057819366 56.9371632917353594 
16 31 2.70999124060388841 1 10 3 3 16 13 4 29 8 12 27 1 15 3 10 18 2 2 2 28 7 6 9 5 17 31 8 4 21 11 3 25 12 9 15 2 10 33 1 5 32 9 1 22 4 14 23 3 6 1 7 16 5 2 11 8 8 28.7204579710960388 52.922015767262387 
16 18 2.70999124060388841 1 15 10 3 6 10 12 26 5 14 15 7 5 16 11 15 33 12 6 1 3 14 9 1 1 16 9 13 17 2 9.25570237641795579 25 11 18 20 13 4.94126535182462057 24 9.82524131762891173 16 30 7 15 31.8448655754823804 8 18 22 3 5 1 7.75241283629571765 1.62229798836725392 32 8 9 8 6 21.216413676738739 159.09629328352159 
16 31 2.70999124060388841 1 10 3 3 16 13 4 29 8 12 27 1 15 3 10 18 2 2 2 28 7 6 9 5 17 31 8 4 21 11 3 25 12 9 15 2 10 33 1 5 4 10 1 22 4 14 32 3 6 1 7 16 5 2 11 8 8 30.5623621344566345 52.6485021970559544 
16 31 2.70999124060388841 14 1 9 3 16 13 4 29 8 12 27 1 15 3 10 18 2 2 2 28 7 6 9 5 17 31 8 4 21 11 3 25 12 9 15 2 10 33 1 5 4 10 1 22 4 14 23 3 6 1 7 16 5 2 11 8 8 28.1139031946659088 55.8042674130652969 
9 24 9 13 1 4 9 26 3 10 11 2.70999124060388841 6 9 11 14 2 8 17 18 1 13 31 6.96245171630185755 2 9 4 4.94126535182462057 28 10 15 3 3 1 12 6 2 12 8 6 19 8 1 24 11 13.2195649013323386 30 13.151007650947605 1 2 4 16 31 9 17 5 3 15 22 11 19.1691278219223022 171.920939456594596 
16 31 2.70999124060388841 9 19 9 3 16 13 4 29 8 12 27 1 15 3 10 6 32 2.70999124060388841 2 28 7 6 9 5 17 31 8 4 21 11 3 25 12 9 15 2 15 19 1 2 6 5 1 22 4 14 23 3 6 1 7 16 5 2 11 8 8 23.837440013885498 86.2535094664767428 
16 31 2.70999124060388841 6 22 4 3 16 13 4 29 8 12 27 1 15 3 10 18 2 2 2 28 7 6 9 5 17 31 8 4 21 11 3 25 12 9 15 2 10 33 1 6 6 7 1 22 4 14 23 3 6 1 7 16 5 2 11 8 8 25.7114471197128296 62.7896086221264511 
16 31 2.70999124060388841 14 33 6 3 16 13 4 29 8 12 27 1 15 3 10 18 2 2 2 28 7 6 9 5 17 31 8 4 21 11 3 25 12 9 15 2 10 33 1 18 24 1 1 22 4 14 23 3 6 1 7 16 5 2 11 8 8 27.282349169254303 58.4052284547939493 
15 24 8 16 1 5 12 18 10 9 25 2.70999124060388841 14 16 1 10 5 9 6 26 7 1 32 5 9 28 9 15 1 6 17 16.1354543567662532 12 15 15 8 6 32 4 13 28 5 11 16 7 16 24 3.84646942076222631 17 13 12 1 1 9 8 19 3 4 22 9.82524131762891173 20.0635998249053955 163.908830320006757 
16 31 2.70999124060388841 14 30 10 3 16 13 4 6 12 12 27 1 15 3 10 18 2 2 2 28 7 6 9 5 17 31 8 4 21 11 3 25 12 9 15 2 10 33 1 5 4 10 1 22 4 14 23 3 6 1 7 16 5 2 11 8 8 27.0509432256221771 61.6494046868559806 
16 31 2.70999124060388841 1 10 3 3 16 13 4 29 8 12 27 1 15 3 10 18 2 2 2 28 7 6 9 5 17 31 8 4 21 11 3 25 12 9 15 2 10 33 1 15 6 9 1 22 4 14 23 3 6 1 7 16 5 2 11 8 8 28.1562339663505554 55.3282057851331359 
16 31 2.70999124060388841 14 22 6 3 16 13 4 29 8 12 27 1 15 3 10 18 2 2 2 28 7 6 9 5 17 31 8 4 21 11 3 25 12 9 15 2 10 33 1 5 4 10 1 22 4 14 23 3 6 1 7 16 5 2 11 8 8 28.6388241648674011 54.4972228986208123 
15 24 13 17 9 3 3.36768017929769181 32 12 3 31 6.96245171630185755 4.94126535182462057 31 5 6 16 4 15 31 13 13.2195649013323386 26 9 16 24 2 14 14 13.151007650947605 1 16 4 10.3494946964094545 2.14087964533996544 2 3 9 4 6 31 6 14 6 5 17 20 13 1 6 2 4 24 4 15 2 2 16 19 7.88610251083374347 17.1050418019294739 198.042903877240406 

Current Evaluation = 40000000(40000100)
Front Size = 42
16 31 2.70999124060388841 2 22 7 9 14 11 4 29 8 12 27 1 15 3 10 18 2 2 1 22 2 6 9 5 5 6 4 17 31 11 3 25 12 9 16 13 10 33 1 15 1 7 2 19 4 14 23 3 6 1 2 16 5 2 12 31 11 24.2512868642807007 76.1183168791924061 
16 31 2.70999124060388841 15 32 1 9 14 11 4 29 8 4 12 12 15 3 10 18 2 2 1 22 2 6 9 5 5 6 4 17 31 11 3 25 12 9 16 13 10 33 1 13 18 5 2 19 4 14 23 3 6 1 2 16 5 2 12 31 11 22.3705587983131409 106.75435652592958 
16 31 2.70999124060388841 15 23 7 9 14 11 4 29 8 12 27 1 15 3 10 14 3 5 1 22 2 6 9 5 5 6 4 17 31 11 3 25 12 9 16 13 1 2 2.70999124060388841 14 13 1 2 19 4 14 23 3 6 1 2 16 5 2 12 31 11 22.1137248873710632 115.261003813069479 
16 31 2.70999124060388841 14 30 2 9 14 11 4 29 8 11 26 4 15 3 10 18 2 2 1 22 2 6 9 5 5 6 4 17 31 11 3 25 12 9 16 13 10 33 1 13 15 9 2 19 4 14 23 3 6 1 2 16 5 2 12 31 11 22.2336299121379852 108.352417474071757 
16 31 2.70999124060388841 14 24 6 9 14 11 12 24 6 3 31 2.70999124060388841 15 3 10 18 2 2 1 22 2 6 9 5 5 6 4 17 31 11 3 25 12 9 16 13 10 33 1 9 14 13 2 19 4 14 23 3 6 1 2 16 5 2 12 31 11 21.5536099076271057 135.339232872390767 
16 31 2.70999124060388841 11 24 5 12 24 2.70999124060388841 4 29 8 6 30 2 15 3 10 18 2 2 1 22 2 6 9 5 5 6 4 17 31 11 3 25 12 9 16 13 10 33 1 15 6 7 2 19 4 14 23 3 6 1 2 16 5 2 12 31 11 21.9775077700614929 124.927571312813257 
16 31 2.70999124060388841 2 23 7 9 14 11 15 16 3 13 23 8 15 3 10 12 9 2 1 22 2 6 9 5 5 6 4 17 31 11 3 25 12 9 16 13 10 33 1 3.36768017929769181 26 9 2 19 4 6 24 8 6 1 2 16 5 2 12 31 11 21.2919437289237976 150.75287382206136 
16 31 2.70999124060388841 14 2 5 9 14 11 4 29 8 6 20 7 15 3 10 18 2 2 1 22 2 6 9 5 5 6 4 17 31 11 3 25 12 9 16 13 10 33 1 15 22 10 2 19 4 14 23 3 6 1 2 16 5 2 12 31 11 22.3882708549499512 90.7153701480020089 
16 31 2.70999124060388841 14 13 6 18 19 12 4 29 8 6 20 9 15 3 10 2 1 10 1 22 2 6 9 5 5 6 4 17 31 11 3 25 12 10 20 1 10 33 1 17 24 1 2 19 4 14 23 3 6 1 2 16 5 2 12 31 11 21.8866548538208008 126.837431415392075 
16 31 2.70999124060388841 8 1 11 9 14 11 4 29 8 12 27 1 15 3 10 18 2 2 1 22 2 6 9 5 5 6 4 17 31 11 3 25 12 9 16 13 10 33 1 14 6 4 2 19 4 14 23 3 6 1 2 16 5 2 12 31 11 23.6516279876232147 89.9169133717982874 
16 31 2.70999124060388841 3 2 2.70999124060388841 9 14 11 1 32 2 3 22 9 15 3 10 12 20 6.96245171630185755 2 28 7 6 9 5 5 6 4 17 31 11 3 25 12 9 16 13 10 33 1 12 7 2 2 19 4 14 23 3 6 1 7 16 5 2 12 31 11 21.4872949719429016 136.158224523816386 
16 31 2.70999124060388841 6 30 13 9 14 11 4 29 8 4 24 4 15 3 10 18 2 2 2 28 7 6 9 5 5 6 4 14 32 12 3 25 12 9 16 13 10 33 1 1 31 13 2 19 4 14 23 3 6 1 7 16 5 2 12 31 11 21.9845449328422546 120.871917692595815 
16 31 2.70999124060388841 2 22 9 9 14 11 4 29 8 12 27 1 15 3 10 18 2 2 2 28 7 6 9 5 5 6 4 17 31 11 3 25 12 9 16 13 10 33 1 1 32 3 2 19 4 14 23 3 15 12 10 16 5 2 12 31 11 24.6210500001907349 69.5339621772383794 
16 31 2.70999124060388841 15 32 3 9 14 11 4 29 8 12 27 1 15 3 10 18 2 2 2 28 7 6 9 5 5 6 4 17 31 11 3 25 12 9 16 13 10 33 1 3.36768017929769181 2 2 2 19 4 14 23 3 6 1 7 16 5 2 12 31 11 24.5206421613693237 74.1208359888666735 
16 31 2.70999124060388841 1 10 3 3 16 13 4 29 8 12 27 1 15 3 10 18 2 2 2 28 7 6 9 5 17 31 8 4 21 11 3 25 12 9 15 2 10 33 1 5 4 10 1 22 4 14 23 3 6 1 7 16 5 2 11 8 8 31.0723990797996521 51.6976632704905938 
16 31 2.70999124060388841 15 1 5 3 16 13 4 29 8 12 27 1 15 3 10 18 2 2 2 28 7 6 9 5 17 31 8 4 21 11 3 25 12 9 15 2 10 33 1 14 32 7 1 22 4 14 23 3 6 1 7 16 5 2 11 8 8 25.3908910751342773 67.8185514169350654 
1 26 13 14 32 4 15 13 7 6 20 8 14 14 13 16 32 2 6 9 2 12 16 10 12 31 3 9 5.34074699537910114 4 3 1 12 5 19 8 6 16 6.96245171630185755 9 1 2 4.94126535182462057 24 8 14 6 11 2 22 4 16 25 1 4 30 2 10 1 9.82524131762891173 18.5978926718235016 186.836816332636772 
16 31 2.70999124060388841 1 10 3 3 16 13 4 29 8 12 27 1 15 3 10 18 2 2 2 28 7 6 9 5 17 31 8 4 21 11 3 25 12 9 15 2 10 33 1 15 6 6 1 22 4 14 23 3 6 1 7 16 5 2 12 31 13 27.3093760013580322 57.146051644972836 
16 31 2.70999124060388841 6 32 3 3 16 13 4 29 8 12 27 1 15 3 10 18 2 2 2 28 7 6 9 5 17 31 8 4 21 11 3 25 12 9 15 2 10 33 1 15 30 9 1 22 4 14 23 3 6 1 7 16 5 2 11 8 8 25.4328230619430542 66.9341656175203212 
14 22 4 6 15 10 2 31 2.70999124060388841 8 8 13 9.25570237641795579 6 3.84646942076222631 12 26 3 4 7 9 13 2 6 14 31 6 1 3 12 17 31 8 18 15 7 14 7 9.82524131762891173 15 6 12 6 1 10 4 6 2 17 25 8 6 32 10 13 24 13 12 14 4 18.4072597026824951 195.620792803687522 
16 31 2.70999124060388841 15 25 5 3 16 13 4 29 8 12 27 1 15 3 10 18 2 2 2 28 7 6 9 5 17 31 8 4 21 11 3 25 12 9 15 2 10 33 1 6 26 7 1 22 4 14 23 3 6 1 7 16 5 2 11 8 8 25.59666508436203 66.0043484646789835 
1 9 6 4 9 12 3.36768017929769181 26 10 4 15 6.96245171630185755 11 25 2 4.94126535182462057 24 1 6 30 12 17 31 13 4 24 11 3 12 12 14 5 12 16 31 5 6 5 7 1 2 10 13 30 13 1 32 13 13.2195649013323386 6 13.151007650947605 16 6 5 16 13 10 12 30 4 17.0466128587722778 228.868025825223953 
16 31 2.70999124060388841 1 10 3 3 16 13 4 29 8 12 27 1 15 3 10 18 2 2 2 28 7 6 9 5 17 31 8 4 21 11 3 25 12 9 15 2 10 33 1 5 32 9 1 22 4 14 23 3 6 1 7 16 5 2 11 8 8 28.7204579710960388 52.922015767262387 
16 31 2.70999124060388841 1 10 3 3 16 13 4 29 8 12 27 1 15 3 10 18 2 2 2 28 7 6 9 5 17 31 8 4 21 11 3 25 12 9 15 2 10 33 1 5 4 10 1 22 4 14 32 3 6 1 7 16 5 2 11 8 8 30.5623621344566345 52.6485021970559544 
16 31 2.70999124060388841 14 1 9 3 16 13 4 29 8 12 27 1 15 3 10 18 2 2 2 28 7 6 9 5 17 31 8 4 21 11 3 25 12 9 15 2 10 33 1 5 4 10 1 22 4 14 23 3 6 1 7 16 5 2 11 8 8 28.1139031946659088 55.8042674130652969 
9 24 9 13 1 4 9 26 3 10 11 2.70999124060388841 6 9 11 14 2 8 17 18 1 13 31 6.96245171630185755 2 9 4 4.94126535182462057 28 10 15 3 3 1 12 6 2 12 8 6 19 8 1 24 11 13.2195649013323386 30 13.151007650947605 1 2 4 16 31 9 17 5 3 15 22 11 19.1691278219223022 171.920939456594596 
16 31 2.70999124060388841 6 22 4 3 16 13 4 29 8 12 27 1 15 3 10 18 2 2 2 28 7 6 9 5 17 31 8 4 21 11 3 25 12 9 15 2 10 33 1 6 6 7 1 22 4 14 23 3 6 1 7 16 5 2 11 8 8 25.7114471197128296 62.7896086221264511 
16 31 2.70999124060388841 14 33 6 3 16 13 4 29 8 12 27 1 15 3 10 18 2 2 2 28 7 6 9 5 17 31 8 4 21 11 3 25 12 9 15 2 10 33 1 18 24 1 1 22 4 14 23 3 6 1 7 16 5 2 11 8 8 27.282349169254303 58.4052284547939493 
15 24 8 16 1 5 12 18 10 9 25 2.70999124060388841 14 16 1 10 5 9 6 26 7 1 32 5 9 28 9 15 1 6 17 16.1354543567662532 12 15 15 8 6 32 4 13 28 5 11 16 7 16 24 3.84646942076222631 17 13 12 1 1 9 8 19 3 4 22 9.82524131762891173 20.0635998249053955 163.908830320006757 
16 31 2.70999124060388841 1 10 3 3 16 13 4 29 8 12 27 1 15 3 10 18 2 2 2 28 7 6 9 5 17 31 8 4 21 11 3 25 12 9 15 2 10 33 1 15 6 9 1 22 4 14 23 3 6 1 7 16 5 2 11 8 8 28.1562339663505554 55.3282057851331359 
15 24 13 17 9 3 3.36768017929769181 32 12 3 31 6.96245171630185755 4.94126535182462057 31 5 6 16 4 15 31 13 13.2195649013323386 26 9 16 24 2 14 14 13.151007650947605 1 16 4 10.3494946964094545 2.14087964533996544 2 3 9 4 6 31 6 14 6 5 17 20 13 1 6 2 4 24 4 15 2 2 16 19 7.88610251083374347 17.1050418019294739 198.042903877240406 
18 8 4 17 20 2 1 32 9 6 14 4 4 26 9 12 9 6 4 33 12 12 1 10 16 15 1 9 25 10 2 30 2 1 5.34074699537910114 4 4 26 9 6 6 11 14 16 13 17 28 13 14 15 4 4 20 3 6 30 12 2 9 11 18.8046389222145081 179.575041667056837 
16 31 2.70999124060388841 6 9 4 3 16 13 4 29 8 12 27 1 15 3 10 18 2 2 2 28 7 6 9 5 17 31 8 4 21 11 3 25 12 9 15 2 10 33 1 15 32 5 1 22 4 14 23 3 6 1 7 16 5 2 11 8 8 25.6688551306724548 64.7117396828895295 
16 31 2.70999124060388841 1 10 3 3 16 13 4 29 8 12 27 1 15 3 10 18 2 2 2 28 7 6 9 5 17 31 8 4 21 11 3 25 12 9 15 2 10 33 1 15 32 5 1 22 4 14 23 3 6 1 7 16 5 2 11 8 8 28.3013629913330078 54.1595316200934107 
16 31 2.70999124060388841 14 30 9 3 16 13 4 29 8 12 27 1 15 3 10 18 2 2 2 28 7 6 9 5 17 31 8 4 21 11 3 25 12 9 15 2 10 33 1 5 26 5 1 22 4 14 23 3 6 1 7 16 5 2 11 8 8 25.7588880062103271 61.8005671213317598 
16 31 2.70999124060388841 15 1 4 3 16 13 4 29 8 12 27 1 15 3 10 18 2 2 2 28 7 6 9 5 17 31 8 4 21 11 3 25 12 9 15 2 10 33 1 2 1 3 1 22 4 14 23 3 6 1 7 16 5 2 11 8 8 25.8428550362586975 60.8947168077839436 
16 31 2.70999124060388841 2 32 4 3 16 13 4 29 8 12 27 1 15 3 10 18 2 2 2 28 7 6 9 5 17 31 8 4 21 11 3 25 12 9 15 2 10 33 1 15 19 7 1 22 4 14 23 3 6 1 7 16 5 2 11 8 8 25.9465541243553162 60.1023007011206261 
16 31 2.70999124060388841 14 32 3 3 16 13 4 29 8 12 27 1 15 3 10 18 2 2 2 28 7 6 9 5 17 31 8 4 21 11 3 25 12 9 15 2 10 33 1 5 4 10 1 22 4 14 23 3 6 1 7 16 5 2 11 8 8 28.2286972403526306 54.7339664774144126 
16 31 2.70999124060388841 14 32 4 3 16 13 4 29 8 12 27 1 15 3 10 18 2 2 2 28 7 6 9 5 17 31 8 4 21 11 3 25 12 9 15 2 10 33 1 5 4 10 1 22 4 14 23 3 6 1 7 16 5 2 11 8 8 28.1086972057819366 55.9545535134277046 
16 31 2.70999124060388841 1 10 3 3 16 13 11 15 11 12 27 1 15 3 10 18 2 2 2 28 7 6 9 5 17 31 8 4 21 11 3 25 12 9 15 2 10 33 1 5 4 10 1 22 4 14 23 3 6 1 7 16 5 2 11 8 8 30.7679761052131653 52.1510271329361217 
16 31 2.70999124060388841 1 22 9 3 16 13 4 29 8 15 20 7 15 3 10 18 2 2 2 28 7 6 9 5 17 31 8 4 21 11 3 25 12 9 15 2 10 33 1 14 1 9 1 22 4 14 23 3 6 1 7 16 5 2 11 8 8 23.8129859864711761 78.5133164058114517 
16 7 2.70999124060388841 12 18 4 14 6 6.96245171630185755 10 8.22565314501180467 5 3 16 3 17 11 2 15 26 2 4 6 12 1 3 8 9 23.4025356524426229 13.151007650947605 12 6 1 4 25 3 3 16 5 10.3494946964094545 20 9 10 2.14087964533996544 7.88610251083374347 9 15 13 17 2 11 1.1385673491087851 6 10 13 26 13 2.20316027072621612 13 5 21.1943567991256714 153.809870459870439 

Current Evaluation = 50000000(50000020)
Front Size = 42
16 31 2.70999124060388841 2 22 7 9 14 11 4 29 8 12 27 1 15 3 10 18 2 2 1 22 2 6 9 5 5 6 4 17 31 11 3 25 12 9 16 13 10 33 1 15 1 7 2 19 4 14 23 3 6 1 2 16 5 2 12 31 11 24.2512868642807007 76.1183168791924061 
16 31 2.70999124060388841 15 32 1 9 14 11 4 29 8 4 12 12 15 3 10 18 2 2 1 22 2 6 9 5 5 6 4 17 31 11 3 25 12 9 16 13 10 33 1 13 18 5 2 19 4 14 23 3 6 1 2 16 5 2 12 31 11 22.3705587983131409 106.75435652592958 
16 31 2.70999124060388841 15 23 7 9 14 11 4 29 8 12 27 1 15 3 10 14 3 5 1 22 2 6 9 5 5 6 4 17 31 11 3 25 12 9 16 13 1 2 2.70999124060388841 14 13 1 2 19 4 14 23 3 6 1 2 16 5 2 12 31 11 22.1137248873710632 115.261003813069479 
16 31 2.70999124060388841 14 30 2 9 14 11 4 29 8 11 26 4 15 3 10 18 2 2 1 22 2 6 9 5 5 6 4 17 31 11 3 25 12 9 16 13 10 33 1 13 15 9 2 19 4 14 23 3 6 1 2 16 5 2 12 31 11 22.2336299121379852 108.352417474071757 
16 31 2.70999124060388841 14 24 6 9 14 11 12 24 6 3 31 2.70999124060388841 15 3 10 18 2 2 1 22 2 6 9 5 5 6 4 17 31 11 3 25 12 9 16 13 10 33 1 9 14 13 2 19 4 14 23 3 6 1 2 16 5 2 12 31 11 21.5536099076271057 135.339232872390767 
16 31 2.70999124060388841 11 24 5 12 24 2.70999124060388841 4 29 8 6 30 2 15 3 10 18 2 2 1 22 2 6 9 5 5 6 4 17 31 11 3 25 12 9 16 13 10 33 1 15 6 7 2 19 4 14 23 3 6 1 2 16 5 2 12 31 11 21.9775077700614929 124.927571312813257 
16 31 2.70999124060388841 2 23 7 9 14 11 15 16 3 13 23 8 15 3 10 12 9 2 1 22 2 6 9 5 5 6 4 17 31 11 3 25 12 9 16 13 10 33 1 3.36768017929769181 26 9 2 19 4 6 24 8 6 1 2 16 5 2 12 31 11 21.2919437289237976 150.75287382206136 
16 31 2.70999124060388841 14 2 5 9 14 11 4 29 8 6 20 7 15 3 10 18 2 2 1 22 2 6 9 5 5 6 4 17 31 11 3 25 12 9 16 13 10 33 1 15 22 10 2 19 4 14 23 3 6 1 2 16 5 2 12 31 11 22.3882708549499512 90.7153701480020089 
16 31 2.70999124060388841 14 13 6 18 19 12 4 29 8 6 20 9 15 3 10 2 1 10 1 22 2 6 9 5 5 6 4 17 31 11 3 25 12 10 20 1 10 33 1 17 24 1 2 19 4 14 23 3 6 1 2 16 5 2 12 31 11 21.8866548538208008 126.837431415392075 
16 31 2.70999124060388841 8 1 11 9 14 11 4 29 8 12 27 1 15 3 10 18 2 2 1 22 2 6 9 5 5 6 4 17 31 11 3 25 12 9 16 13 10 33 1 14 6 4 2 19 4 14 23 3 6 1 2 16 5 2 12 31 11 23.6516279876232147 89.9169133717982874 
16 31 2.70999124060388841 3 2 2.70999124060388841 9 14 11 1 32 2 3 22 9 15 3 10 12 20 6.96245171630185755 2 28 7 6 9 5 5 6 4 17 31 11 3 25 12 9 16 13 10 33 1 12 7 2 2 19 4 14 23 3 6 1 7 16 5 2 12 31 11 21.4872949719429016 136.158224523816386 
16 31 2.70999124060388841 6 30 13 9 14 11 4 29 8 4 24 4 15 3 10 18 2 2 2 28 7 6 9 5 5 6 4 14 32 12 3 25 12 9 16 13 10 33 1 1 31 13 2 19 4 14 23 3 6 1 7 16 5 2 12 31 11 21.9845449328422546 120.871917692595815 
16 31 2.70999124060388841 2 22 9 9 14 11 4 29 8 12 27 1 15 3 10 18 2 2 2 28 7 6 9 5 5 6 4 17 31 11 3 25 12 9 16 13 10 33 1 1 32 3 2 19 4 14 23 3 15 12 10 16 5 2 12 31 11 24.6210500001907349 69.5339621772383794 
16 31 2.70999124060388841 15 32 3 9 14 11 4 29 8 12 27 1 15 3 10 18 2 2 2 28 7 6 9 5 5 6 4 17 31 11 3 25 12 9 16 13 10 33 1 3.36768017929769181 2 2 2 19 4 14 23 3 6 1 7 16 5 2 12 31 11 24.5206421613693237 74.1208359888666735 
16 31 2.70999124060388841 1 10 3 3 16 13 4 29 8 12 27 1 15 3 10 18 2 2 2 28 7 6 9 5 17 31 8 4 21 11 3 25 12 9 15 2 10 33 1 5 4 10 1 22 4 14 23 3 6 1 7 16 5 2 11 8 8 31.0723990797996521 51.6976632704905938 
16 31 2.70999124060388841 15 1 5 3 16 13 4 29 8 12 27 1 15 3 10 18 2 2 2 28 7 6 9 5 17 31 8 4 21 11 3 25 12 9 15 2 10 33 1 14 32 7 1 22 4 14 23 3 6 1 7 16 5 2 11 8 8 25.3908910751342773 67.8185514169350654 
16 31 2.70999124060388841 6 32 3 3 16 13 4 29 8 12 27 1 15 3 10 18 2 2 2 28 7 6 9 5 17 31 8 4 21 11 3 25 12 9 15 2 10 33 1 15 30 9 1 22 4 14 23 3 6 1 7 16 5 2 11 8 8 25.4328230619430542 66.9341656175203212 
16 31 2.70999124060388841 15 25 5 3 16 13 4 29 8 12 27 1 15 3 10 18 2 2 2 28 7 6 9 5 17 31 8 4 21 11 3 25 12 9 15 2 10 33 1 6 26 7 1 22 4 14 23 3 6 1 7 16 5 2 11 8 8 25.59666508436203 66.0043484646789835 
1 9 6 4 9 12 3.36768017929769181 26 10 4 15 6.96245171630185755 11 25 2 4.94126535182462057 24 1 6 30 12 17 31 13 4 24 11 3 12 12 14 5 12 16 31 5 6 5 7 1 2 10 13 30 13 1 32 13 13.2195649013323386 6 13.151007650947605 16 6 5 16 13 10 12 30 4 17.0466128587722778 228.868025825223953 
16 31 2.70999124060388841 1 10 3 3 16 13 4 29 8 12 27 1 15 3 10 18 2 2 2 28 7 6 9 5 17 31 8 4 21 11 3 25 12 9 15 2 10 33 1 5 32 9 1 22 4 14 23 3 6 1 7 16 5 2 11 8 8 28.7204579710960388 52.922015767262387 
16 31 2.70999124060388841 14 1 9 3 16 13 4 29 8 12 27 1 15 3 10 18 2 2 2 28 7 6 9 5 17 31 8 4 21 11 3 25 12 9 15 2 10 33 1 5 4 10 1 22 4 14 23 3 6 1 7 16 5 2 11 8 8 28.1139031946659088 55.8042674130652969 
9 24 9 13 1 4 9 26 3 10 11 2.70999124060388841 6 9 11 14 2 8 17 18 1 13 31 6.96245171630185755 2 9 4 4.94126535182462057 28 10 15 3 3 1 12 6 2 12 8 6 19 8 1 24 11 13.2195649013323386 30 13.151007650947605 1 2 4 16 31 9 17 5 3 15 22 11 19.1691278219223022 171.920939456594596 
16 31 2.70999124060388841 6 22 4 3 16 13 4 29 8 12 27 1 15 3 10 18 2 2 2 28 7 6 9 5 17 31 8 4 21 11 3 25 12 9 15 2 10 33 1 6 6 7 1 22 4 14 23 3 6 1 7 16 5 2 11 8 8 25.7114471197128296 62.7896086221264511 
15 24 8 16 1 5 12 18 10 9 25 2.70999124060388841 14 16 1 10 5 9 6 26 7 1 32 5 9 28 9 15 1 6 17 16.1354543567662532 12 15 15 8 6 32 4 13 28 5 11 16 7 16 24 3.84646942076222631 17 13 12 1 1 9 8 19 3 4 22 9.82524131762891173 20.0635998249053955 163.908830320006757 
16 31 2.70999124060388841 1 10 3 3 16 13 4 29 8 12 27 1 15 3 10 18 2 2 2 28 7 6 9 5 17 31 8 4 21 11 3 25 12 9 15 2 10 33 1 15 6 9 1 22 4 14 23 3 6 1 7 16 5 2 11 8 8 28.1562339663505554 55.3282057851331359 
15 24 13 17 9 3 3.36768017929769181 32 12 3 31 6.96245171630185755 4.94126535182462057 31 5 6 16 4 15 31 13 13.2195649013323386 26 9 16 24 2 14 14 13.151007650947605 1 16 4 10.3494946964094545 2.14087964533996544 2 3 9 4 6 31 6 14 6 5 17 20 13 1 6 2 4 24 4 15 2 2 16 19 7.88610251083374347 17.1050418019294739 198.042903877240406 
16 31 2.70999124060388841 6 9 4 3 16 13 4 29 8 12 27 1 15 3 10 18 2 2 2 28 7 6 9 5 17 31 8 4 21 11 3 25 12 9 15 2 10 33 1 15 32 5 1 22 4 14 23 3 6 1 7 16 5 2 11 8 8 25.6688551306724548 64.7117396828895295 
16 31 2.70999124060388841 1 10 3 3 16 13 4 29 8 12 27 1 15 3 10 18 2 2 2 28 7 6 9 5 17 31 8 4 21 11 3 25 12 9 15 2 10 33 1 15 32 5 1 22 4 14 23 3 6 1 7 16 5 2 11 8 8 28.3013629913330078 54.1595316200934107 
16 31 2.70999124060388841 14 30 9 3 16 13 4 29 8 12 27 1 15 3 10 18 2 2 2 28 7 6 9 5 17 31 8 4 21 11 3 25 12 9 15 2 10 33 1 5 26 5 1 22 4 14 23 3 6 1 7 16 5 2 11 8 8 25.7588880062103271 61.8005671213317598 
16 31 2.70999124060388841 15 1 4 3 16 13 4 29 8 12 27 1 15 3 10 18 2 2 2 28 7 6 9 5 17 31 8 4 21 11 3 25 12 9 15 2 10 33 1 2 1 3 1 22 4 14 23 3 6 1 7 16 5 2 11 8 8 25.8428550362586975 60.8947168077839436 
16 31 2.70999124060388841 2 32 4 3 16 13 4 29 8 12 27 1 15 3 10 18 2 2 2 28 7 6 9 5 17 31 8 4 21 11 3 25 12 9 15 2 10 33 1 15 19 7 1 22 4 14 23 3 6 1 7 16 5 2 11 8 8 25.9465541243553162 60.1023007011206261 
16 31 2.70999124060388841 14 32 4 3 16 13 4 29 8 12 27 1 15 3 10 18 2 2 2 28 7 6 9 5 17 31 8 4 21 11 3 25 12 9 15 2 10 33 1 5 4 10 1 22 4 14 23 3 6 1 7 16 5 2 11 8 8 28.1086972057819366 55.9545535134277046 
16 31 2.70999124060388841 1 22 9 3 16 13 4 29 8 15 20 7 15 3 10 18 2 2 2 28 7 6 9 5 17 31 8 4 21 11 3 25 12 9 15 2 10 33 1 14 1 9 1 22 4 14 23 3 6 1 7 16 5 2 11 8 8 23.8129859864711761 78.5133164058114517 
16 7 2.70999124060388841 12 18 4 14 6 6.96245171630185755 10 8.22565314501180467 5 3 16 3 17 11 2 15 26 2 4 6 12 1 3 8 9 23.4025356524426229 13.151007650947605 12 6 1 4 25 3 3 16 5 10.3494946964094545 20 9 10 2.14087964533996544 7.88610251083374347 9 15 13 17 2 11 1.1385673491087851 6 10 13 26 13 2.20316027072621612 13 5 21.1943567991256714 153.809870459870439 
12 12 11 2 24 1 6 29 10 1 24 10 17 30 1 1 6 4 4 1 7 6 16 10 4 24 11 15 32 4 16 26 2.70999124060388841 15 31 8 5 14 5 1 2 6 12 15 10 9 20 9 4 1 4 4 9 12 10 24 2 7 14 8 19.9017176628112793 169.980528621705105 
16 31 2.70999124060388841 2 32 9 3 16 13 4 29 8 12 27 1 15 3 10 18 2 2 2 28 7 6 9 5 17 31 8 4 21 11 3 25 12 9 15 2 10 33 1 5 4 10 1 22 4 14 23 3 6 1 7 16 5 2 11 8 8 28.4614071846008301 53.9031198556596678 
16 31 2.70999124060388841 14 32 9 3 16 13 4 29 8 12 27 1 15 3 10 18 2 2 2 28 7 6 9 5 17 31 8 4 21 11 3 25 12 9 15 2 10 33 1 5 4 10 1 22 4 14 23 3 6 1 7 16 5 2 11 8 8 28.0806732177734375 56.4005564359605103 
16 1 12 4 28 9 5 31 3 14 6 2 3.36768017929769181 12 5 13 24 12 5 30 5 17 15 7 4 3 3 15 16 9 6 30 3 18 26 11 16 2 11 4 6 13 8 7 10 1 15 10 13 9 6.96245171630185755 1 31 5 15 14 4 2 24 8 19.3541580140590668 170.598960267458722 
16 31 2.70999124060388841 1 10 3 3 16 13 9 15 12 12 27 1 15 3 10 18 2 2 2 28 7 6 9 5 17 31 8 4 21 11 3 25 12 9 15 2 10 33 1 5 4 10 1 22 4 14 23 3 6 1 7 16 5 2 11 8 8 30.3659531474113464 51.8139813516028411 
9 24 6 4 31 2.70999124060388841 9.25570237641795579 1 9 6 3 9 6 25 1 1 24 3.84646942076222631 14 25 5 15 32 1 8 26 5 12 19 8 16 9 12 17 5 2 12 26 7 13 16 9.82524131762891173 4 24 10 9 19 12 5 31 11 12 32 13 17 15 4 1 14 1 18.353032648563385 174.448974835408592 
16 31 2.70999124060388841 14 32 5 3 16 13 4 29 8 12 27 1 15 3 10 18 2 2 2 28 7 6 9 5 17 31 8 4 21 11 3 25 12 9 15 2 10 33 1 5 4 10 1 22 4 14 23 3 6 1 7 16 5 2 11 8 8 28.1706972122192383 54.6268754982285287 
16 31 2.70999124060388841 5 28 4 3 16 13 4 29 8 12 27 1 15 3 10 18 2 2 2 28 7 6 9 5 17 31 8 4 21 11 3 25 12 9 15 2 10 33 1 2 26 10 1 22 4 14 23 3 6 1 7 16 5 2 11 8 8 26.8763671517372131 56.4609018669121028 

Current Evaluation = 60000000(60000080)
Front Size = 42
16 31 2.70999124060388841 2 22 7 9 14 11 4 29 8 12 27 1 15 3 10 18 2 2 1 22 2 6 9 5 5 6 4 17 31 11 3 25 12 9 16 13 10 33 1 15 1 7 2 19 4 14 23 3 6 1 2 16 5 2 12 31 11 24.2512868642807007 76.1183168791924061 
16 31 2.70999124060388841 15 32 1 9 14 11 4 29 8 4 12 12 15 3 10 18 2 2 1 22 2 6 9 5 5 6 4 17 31 11 3 25 12 9 16 13 10 33 1 13 18 5 2 19 4 14 23 3 6 1 2 16 5 2 12 31 11 22.3705587983131409 106.75435652592958 
16 31 2.70999124060388841 15 23 7 9 14 11 4 29 8 12 27 1 15 3 10 14 3 5 1 22 2 6 9 5 5 6 4 17 31 11 3 25 12 9 16 13 1 2 2.70999124060388841 14 13 1 2 19 4 14 23 3 6 1 2 16 5 2 12 31 11 22.1137248873710632 115.261003813069479 
16 31 2.70999124060388841 14 30 2 9 14 11 4 29 8 11 26 4 15 3 10 18 2 2 1 22 2 6 9 5 5 6 4 17 31 11 3 25 12 9 16 13 10 33 1 13 15 9 2 19 4 14 23 3 6 1 2 16 5 2 12 31 11 22.2336299121379852 108.352417474071757 
16 31 2.70999124060388841 14 24 6 9 14 11 12 24 6 3 31 2.70999124060388841 15 3 10 18 2 2 1 22 2 6 9 5 5 6 4 17 31 11 3 25 12 9 16 13 10 33 1 9 14 13 2 19 4 14 23 3 6 1 2 16 5 2 12 31 11 21.5536099076271057 135.339232872390767 
16 31 2.70999124060388841 11 24 5 12 24 2.70999124060388841 4 29 8 6 30 2 15 3 10 18 2 2 1 22 2 6 9 5 5 6 4 17 31 11 3 25 12 9 16 13 10 33 1 15 6 7 2 19 4 14 23 3 6 1 2 16 5 2 12 31 11 21.9775077700614929 124.927571312813257 
16 31 2.70999124060388841 2 23 7 9 14 11 15 16 3 13 23 8 15 3 10 12 9 2 1 22 2 6 9 5 5 6 4 17 31 11 3 25 12 9 16 13 10 33 1 3.36768017929769181 26 9 2 19 4 6 24 8 6 1 2 16 5 2 12 31 11 21.2919437289237976 150.75287382206136 
16 31 2.70999124060388841 14 2 5 9 14 11 4 29 8 6 20 7 15 3 10 18 2 2 1 22 2 6 9 5 5 6 4 17 31 11 3 25 12 9 16 13 10 33 1 15 22 10 2 19 4 14 23 3 6 1 2 16 5 2 12 31 11 22.3882708549499512 90.7153701480020089 
16 31 2.70999124060388841 14 13 6 18 19 12 4 29 8 6 20 9 15 3 10 2 1 10 1 22 2 6 9 5 5 6 4 17 31 11 3 25 12 10 20 1 10 33 1 17 24 1 2 19 4 14 23 3 6 1 2 16 5 2 12 31 11 21.8866548538208008 126.837431415392075 
16 31 2.70999124060388841 8 1 11 9 14 11 4 29 8 12 27 1 15 3 10 18 2 2 1 22 2 6 9 5 5 6 4 17 31 11 3 25 12 9 16 13 10 33 1 14 6 4 2 19 4 14 23 3 6 1 2 16 5 2 12 31 11 23.6516279876232147 89.9169133717982874 
16 31 2.70999124060388841 3 2 2.70999124060388841 9 14 11 1 32 2 3 22 9 15 3 10 12 20 6.96245171630185755 2 28 7 6 9 5 5 6 4 17 31 11 3 25 12 9 16 13 10 33 1 12 7 2 2 19 4 14 23 3 6 1 7 16 5 2 12 31 11 21.4872949719429016 136.158224523816386 
16 31 2.70999124060388841 6 30 13 9 14 11 4 29 8 4 24 4 15 3 10 18 2 2 2 28 7 6 9 5 5 6 4 14 32 12 3 25 12 9 16 13 10 33 1 1 31 13 2 19 4 14 23 3 6 1 7 16 5 2 12 31 11 21.9845449328422546 120.871917692595815 
16 31 2.70999124060388841 2 22 9 9 14 11 4 29 8 12 27 1 15 3 10 18 2 2 2 28 7 6 9 5 5 6 4 17 31 11 3 25 12 9 16 13 10 33 1 1 32 3 2 19 4 14 23 3 15 12 10 16 5 2 12 31 11 24.6210500001907349 69.5339621772383794 
16 31 2.70999124060388841 15 32 3 9 14 11 4 29 8 12 27 1 15 3 10 18 2 2 2 28 7 6 9 5 5 6 4 17 31 11 3 25 12 9 16 13 10 33 1 3.36768017929769181 2 2 2 19 4 14 23 3 6 1 7 16 5 2 12 31 11 24.5206421613693237 74.1208359888666735 
16 31 2.70999124060388841 1 10 3 3 16 13 4 29 8 12 27 1 15 3 10 18 2 2 2 28 7 6 9 5 17 31 8 4 21 11 3 25 12 9 15 2 10 33 1 5 4 10 1 22 4 14 23 3 6 1 7 16 5 2 11 8 8 31.0723990797996521 51.6976632704905938 
16 31 2.70999124060388841 15 1 5 3 16 13 4 29 8 12 27 1 15 3 10 18 2 2 2 28 7 6 9 5 17 31 8 4 21 11 3 25 12 9 15 2 10 33 1 14 32 7 1 22 4 14 23 3 6 1 7 16 5 2 11 8 8 25.3908910751342773 67.8185514169350654 
16 31 2.70999124060388841 6 32 3 3 16 13 4 29 8 12 27 1 15 3 10 18 2 2 2 28 7 6 9 5 17 31 8 4 21 11 3 25 12 9 15 2 10 33 1 15 30 9 1 22 4 14 23 3 6 1 7 16 5 2 11 8 8 25.4328230619430542 66.9341656175203212 
16 31 2.70999124060388841 15 25 5 3 16 13 4 29 8 12 27 1 15 3 10 18 2 2 2 28 7 6 9 5 17 31 8 4 21 11 3 25 12 9 15 2 10 33 1 6 26 7 1 22 4 14 23 3 6 1 7 16 5 2 11 8 8 25.59666508436203 66.0043484646789835 
1 9 6 4 9 12 3.36768017929769181 26 10 4 15 6.96245171630185755 11 25 2 4.94126535182462057 24 1 6 30 12 17 31 13 4 24 11 3 12 12 14 5 12 16 31 5 6 5 7 1 2 10 13 30 13 1 32 13 13.2195649013323386 6 13.151007650947605 16 6 5 16 13 10 12 30 4 17.0466128587722778 228.868025825223953 
16 31 2.70999124060388841 1 10 3 3 16 13 4 29 8 12 27 1 15 3 10 18 2 2 2 28 7 6 9 5 17 31 8 4 21 11 3 25 12 9 15 2 10 33 1 5 32 9 1 22 4 14 23 3 6 1 7 16 5 2 11 8 8 28.7204579710960388 52.922015767262387 
9 24 9 13 1 4 9 26 3 10 11 2.70999124060388841 6 9 11 14 2 8 17 18 1 13 31 6.96245171630185755 2 9 4 4.94126535182462057 28 10 15 3 3 1 12 6 2 12 8 6 19 8 1 24 11 13.2195649013323386 30 13.151007650947605 1 2 4 16 31 9 17 5 3 15 22 11 19.1691278219223022 171.920939456594596 
16 31 2.70999124060388841 6 22 4 3 16 13 4 29 8 12 27 1 15 3 10 18 2 2 2 28 7 6 9 5 17 31 8 4 21 11 3 25 12 9 15 2 10 33 1 6 6 7 1 22 4 14 23 3 6 1 7 16 5 2 11 8 8 25.7114471197128296 62.7896086221264511 
15 24 8 16 1 5 12 18 10 9 25 2.70999124060388841 14 16 1 10 5 9 6 26 7 1 32 5 9 28 9 15 1 6 17 16.1354543567662532 12 15 15 8 6 32 4 13 28 5 11 16 7 16 24 3.84646942076222631 17 13 12 1 1 9 8 19 3 4 22 9.82524131762891173 20.0635998249053955 163.908830320006757 
15 24 13 17 9 3 3.36768017929769181 32 12 3 31 6.96245171630185755 4.94126535182462057 31 5 6 16 4 15 31 13 13.2195649013323386 26 9 16 24 2 14 14 13.151007650947605 1 16 4 10.3494946964094545 2.14087964533996544 2 3 9 4 6 31 6 14 6 5 17 20 13 1 6 2 4 24 4 15 2 2 16 19 7.88610251083374347 17.1050418019294739 198.042903877240406 
16 31 2.70999124060388841 1 10 3 3 16 13 4 29 8 12 27 1 15 3 10 18 2 2 2 28 7 6 9 5 17 31 8 4 21 11 3 25 12 9 15 2 10 33 1 15 32 5 1 22 4 14 23 3 6 1 7 16 5 2 11 8 8 28.3013629913330078 54.1595316200934107 
16 31 2.70999124060388841 14 30 9 3 16 13 4 29 8 12 27 1 15 3 10 18 2 2 2 28 7 6 9 5 17 31 8 4 21 11 3 25 12 9 15 2 10 33 1 5 26 5 1 22 4 14 23 3 6 1 7 16 5 2 11 8 8 25.7588880062103271 61.8005671213317598 
16 31 2.70999124060388841 15 1 4 3 16 13 4 29 8 12 27 1 15 3 10 18 2 2 2 28 7 6 9 5 17 31 8 4 21 11 3 25 12 9 15 2 10 33 1 2 1 3 1 22 4 14 23 3 6 1 7 16 5 2 11 8 8 25.8428550362586975 60.8947168077839436 
16 31 2.70999124060388841 2 32 4 3 16 13 4 29 8 12 27 1 15 3 10 18 2 2 2 28 7 6 9 5 17 31 8 4 21 11 3 25 12 9 15 2 10 33 1 15 19 7 1 22 4 14 23 3 6 1 7 16 5 2 11 8 8 25.9465541243553162 60.1023007011206261 
16 31 2.70999124060388841 1 22 9 3 16 13 4 29 8 15 20 7 15 3 10 18 2 2 2 28 7 6 9 5 17 31 8 4 21 11 3 25 12 9 15 2 10 33 1 14 1 9 1 22 4 14 23 3 6 1 7 16 5 2 11 8 8 23.8129859864711761 78.5133164058114517 
16 7 2.70999124060388841 12 18 4 14 6 6.96245171630185755 10 8.22565314501180467 5 3 16 3 17 11 2 15 26 2 4 6 12 1 3 8 9 23.4025356524426229 13.151007650947605 12 6 1 4 25 3 3 16 5 10.3494946964094545 20 9 10 2.14087964533996544 7.88610251083374347 9 15 13 17 2 11 1.1385673491087851 6 10 13 26 13 2.20316027072621612 13 5 21.1943567991256714 153.809870459870439 
12 12 11 2 24 1 6 29 10 1 24 10 17 30 1 1 6 4 4 1 7 6 16 10 4 24 11 15 32 4 16 26 2.70999124060388841 15 31 8 5 14 5 1 2 6 12 15 10 9 20 9 4 1 4 4 9 12 10 24 2 7 14 8 19.9017176628112793 169.980528621705105 
16 31 2.70999124060388841 2 32 9 3 16 13 4 29 8 12 27 1 15 3 10 18 2 2 2 28 7 6 9 5 17 31 8 4 21 11 3 25 12 9 15 2 10 33 1 5 4 10 1 22 4 14 23 3 6 1 7 16 5 2 11 8 8 28.4614071846008301 53.9031198556596678 
16 1 12 4 28 9 5 31 3 14 6 2 3.36768017929769181 12 5 13 24 12 5 30 5 17 15 7 4 3 3 15 16 9 6 30 3 18 26 11 16 2 11 4 6 13 8 7 10 1 15 10 13 9 6.96245171630185755 1 31 5 15 14 4 2 24 8 19.3541580140590668 170.598960267458722 
16 31 2.70999124060388841 1 10 3 3 16 13 9 15 12 12 27 1 15 3 10 18 2 2 2 28 7 6 9 5 17 31 8 4 21 11 3 25 12 9 15 2 10 33 1 5 4 10 1 22 4 14 23 3 6 1 7 16 5 2 11 8 8 30.3659531474113464 51.8139813516028411 
9 24 6 4 31 2.70999124060388841 9.25570237641795579 1 9 6 3 9 6 25 1 1 24 3.84646942076222631 14 25 5 15 32 1 8 26 5 12 19 8 16 9 12 17 5 2 12 26 7 13 16 9.82524131762891173 4 24 10 9 19 12 5 31 11 12 32 13 17 15 4 1 14 1 18.353032648563385 174.448974835408592 
16 31 2.70999124060388841 14 32 5 3 16 13 4 29 8 12 27 1 15 3 10 18 2 2 2 28 7 6 9 5 17 31 8 4 21 11 3 25 12 9 15 2 10 33 1 5 4 10 1 22 4 14 23 3 6 1 7 16 5 2 11 8 8 28.1706972122192383 54.6268754982285287 
16 31 2.70999124060388841 5 28 4 3 16 13 4 29 8 12 27 1 15 3 10 18 2 2 2 28 7 6 9 5 17 31 8 4 21 11 3 25 12 9 15 2 10 33 1 2 26 10 1 22 4 14 23 3 6 1 7 16 5 2 11 8 8 26.8763671517372131 56.4609018669121028 
16 31 2.70999124060388841 1 30 6 3 16 13 4 29 8 12 27 1 15 3 10 18 2 2 2 28 7 6 9 5 17 31 8 4 21 11 3 25 12 9 15 2 10 33 1 1 26 4 2 3 3 14 23 3 6 1 7 16 5 2 11 8 8 25.6432621479034424 63.8444745778219342 
16 31 2.70999124060388841 6 22 4 3 16 13 4 29 8 14 20 10 15 3 10 18 2 2 2 28 7 6 9 5 17 31 8 4 21 11 3 25 12 9 15 2 10 33 1 3.36768017929769181 16 2 1 22 4 14 23 3 6 1 7 16 5 2 11 32 9 23.7226449847221375 82.7671949182685154 
16 31 2.70999124060388841 14 32 9 3 16 13 4 29 8 12 27 1 15 3 10 18 2 2 2 28 7 6 9 5 17 31 8 4 21 11 3 25 12 9 15 2 10 33 1 5 4 10 1 22 4 14 23 3 6 1 7 16 5 2 11 8 8 28.0806732177734375 55.7200047950599711 
16 31 2.70999124060388841 1 10 3 3 16 13 4 29 8 12 27 1 15 3 10 18 2 2 2 28 7 6 9 5 17 31 8 4 21 11 3 25 12 9 15 2 10 33 1 15 6 9 1 22 4 14 23 3 6 1 7 16 5 2 11 8 8 28.1562339663505554 55.1495198159218347 
16 31 2.70999124060388841 14 6 9 3 16 13 4 29 8 12 27 1 15 3 10 18 2 2 2 28 7 6 9 5 17 31 8 4 21 11 3 25 12 9 15 2 10 33 1 15 26 5 1 22 4 14 23 3 6 1 7 16 5 2 11 8 8 25.2851461172103882 67.9329304953361657 

Current Evaluation = 70000000(70000000)
Front Size = 40
16 31 2.70999124060388841 15 32 1 9 14 11 4 29 8 4 12 12 15 3 10 18 2 2 1 22 2 6 9 5 5 6 4 17 31 11 3 25 12 9 16 13 10 33 1 13 18 5 2 19 4 14 23 3 6 1 2 16 5 2 12 31 11 22.3705587983131409 106.75435652592958 
16 31 2.70999124060388841 15 23 7 9 14 11 4 29 8 12 27 1 15 3 10 14 3 5 1 22 2 6 9 5 5 6 4 17 31 11 3 25 12 9 16 13 1 2 2.70999124060388841 14 13 1 2 19 4 14 23 3 6 1 2 16 5 2 12 31 11 22.1137248873710632 115.261003813069479 
16 31 2.70999124060388841 14 30 2 9 14 11 4 29 8 11 26 4 15 3 10 18 2 2 1 22 2 6 9 5 5 6 4 17 31 11 3 25 12 9 16 13 10 33 1 13 15 9 2 19 4 14 23 3 6 1 2 16 5 2 12 31 11 22.2336299121379852 108.352417474071757 
16 31 2.70999124060388841 14 24 6 9 14 11 12 24 6 3 31 2.70999124060388841 15 3 10 18 2 2 1 22 2 6 9 5 5 6 4 17 31 11 3 25 12 9 16 13 10 33 1 9 14 13 2 19 4 14 23 3 6 1 2 16 5 2 12 31 11 21.5536099076271057 135.339232872390767 
16 31 2.70999124060388841 11 24 5 12 24 2.70999124060388841 4 29 8 6 30 2 15 3 10 18 2 2 1 22 2 6 9 5 5 6 4 17 31 11 3 25 12 9 16 13 10 33 1 15 6 7 2 19 4 14 23 3 6 1 2 16 5 2 12 31 11 21.9775077700614929 124.927571312813257 
16 31 2.70999124060388841 2 23 7 9 14 11 15 16 3 13 23 8 15 3 10 12 9 2 1 22 2 6 9 5 5 6 4 17 31 11 3 25 12 9 16 13 10 33 1 3.36768017929769181 26 9 2 19 4 6 24 8 6 1 2 16 5 2 12 31 11 21.2919437289237976 150.75287382206136 
16 31 2.70999124060388841 14 2 5 9 14 11 4 29 8 6 20 7 15 3 10 18 2 2 1 22 2 6 9 5 5 6 4 17 31 11 3 25 12 9 16 13 10 33 1 15 22 10 2 19 4 14 23 3 6 1 2 16 5 2 12 31 11 22.3882708549499512 90.7153701480020089 
16 31 2.70999124060388841 14 13 6 18 19 12 4 29 8 6 20 9 15 3 10 2 1 10 1 22 2 6 9 5 5 6 4 17 31 11 3 25 12 10 20 1 10 33 1 17 24 1 2 19 4 14 23 3 6 1 2 16 5 2 12 31 11 21.8866548538208008 126.837431415392075 
16 31 2.70999124060388841 3 2 2.70999124060388841 9 14 11 1 32 2 3 22 9 15 3 10 12 20 6.96245171630185755 2 28 7 6 9 5 5 6 4 17 31 11 3 25 12 9 16 13 10 33 1 12 7 2 2 19 4 14 23 3 6 1 7 16 5 2 12 31 11 21.4872949719429016 136.158224523816386 
16 31 2.70999124060388841 6 30 13 9 14 11 4 29 8 4 24 4 15 3 10 18 2 2 2 28 7 6 9 5 5 6 4 14 32 12 3 25 12 9 16 13 10 33 1 1 31 13 2 19 4 14 23 3 6 1 7 16 5 2 12 31 11 21.9845449328422546 120.871917692595815 
16 31 2.70999124060388841 2 22 9 9 14 11 4 29 8 12 27 1 15 3 10 18 2 2 2 28 7 6 9 5 5 6 4 17 31 11 3 25 12 9 16 13 10 33 1 1 32 3 2 19 4 14 23 3 15 12 10 16 5 2 12 31 11 24.6210500001907349 69.5339621772383794 
16 31 2.70999124060388841 15 1 5 3 16 13 4 29 8 12 27 1 15 3 10 18 2 2 2 28 7 6 9 5 17 31 8 4 21 11 3 25 12 9 15 2 10 33 1 14 32 7 1 22 4 14 23 3 6 1 7 16 5 2 11 8 8 25.3908910751342773 67.8185514169350654 
16 31 2.70999124060388841 6 32 3 3 16 13 4 29 8 12 27 1 15 3 10 18 2 2 2 28 7 6 9 5 17 31 8 4 21 11 3 25 12 9 15 2 10 33 1 15 30 9 1 22 4 14 23 3 6 1 7 16 5 2 11 8 8 25.4328230619430542 66.9341656175203212 
1 9 6 4 9 12 3.36768017929769181 26 10 4 15 6.96245171630185755 11 25 2 4.94126535182462057 24 1 6 30 12 17 31 13 4 24 11 3 12 12 14 5 12 16 31 5 6 5 7 1 2 10 13 30 13 1 32 13 13.2195649013323386 6 13.151007650947605 16 6 5 16 13 10 12 30 4 17.0466128587722778 228.868025825223953 
16 31 2.70999124060388841 1 10 3 3 16 13 4 29 8 12 27 1 15 3 10 18 2 2 2 28 7 6 9 5 17 31 8 4 21 11 3 25 12 9 15 2 10 33 1 5 32 9 1 22 4 14 23 3 6 1 7 16 5 2 11 8 8 28.7204579710960388 52.922015767262387 
9 24 9 13 1 4 9 26 3 10 11 2.70999124060388841 6 9 11 14 2 8 17 18 1 13 31 6.96245171630185755 2 9 4 4.94126535182462057 28 10 15 3 3 1 12 6 2 12 8 6 19 8 1 24 11 13.2195649013323386 30 13.151007650947605 1 2 4 16 31 9 17 5 3 15 22 11 19.1691278219223022 171.920939456594596 
16 31 2.70999124060388841 6 22 4 3 16 13 4 29 8 12 27 1 15 3 10 18 2 2 2 28 7 6 9 5 17 31 8 4 21 11 3 25 12 9 15 2 10 33 1 6 6 7 1 22 4 14 23 3 6 1 7 16 5 2 11 8 8 25.7114471197128296 62.7896086221264511 
15 24 8 16 1 5 12 18 10 9 25 2.70999124060388841 14 16 1 10 5 9 6 26 7 1 32 5 9 28 9 15 1 6 17 16.1354543567662532 12 15 15 8 6 32 4 13 28 5 11 16 7 16 24 3.84646942076222631 17 13 12 1 1 9 8 19 3 4 22 9.82524131762891173 20.0635998249053955 163.908830320006757 
15 24 13 17 9 3 3.36768017929769181 32 12 3 31 6.96245171630185755 4.94126535182462057 31 5 6 16 4 15 31 13 13.2195649013323386 26 9 16 24 2 14 14 13.151007650947605 1 16 4 10.3494946964094545 2.14087964533996544 2 3 9 4 6 31 6 14 6 5 17 20 13 1 6 2 4 24 4 15 2 2 16 19 7.88610251083374347 17.1050418019294739 198.042903877240406 
16 31 2.70999124060388841 1 10 3 3 16 13 4 29 8 12 27 1 15 3 10 18 2 2 2 28 7 6 9 5 17 31 8 4 21 11 3 25 12 9 15 2 10 33 1 15 32 5 1 22 4 14 23 3 6 1 7 16 5 2 11 8 8 28.3013629913330078 54.1595316200934107 
16 31 2.70999124060388841 14 30 9 3 16 13 4 29 8 12 27 1 15 3 10 18 2 2 2 28 7 6 9 5 17 31 8 4 21 11 3 25 12 9 15 2 10 33 1 5 26 5 1 22 4 14 23 3 6 1 7 16 5 2 11 8 8 25.7588880062103271 61.8005671213317598 
16 31 2.70999124060388841 15 1 4 3 16 13 4 29 8 12 27 1 15 3 10 18 2 2 2 28 7 6 9 5 17 31 8 4 21 11 3 25 12 9 15 2 10 33 1 2 1 3 1 22 4 14 23 3 6 1 7 16 5 2 11 8 8 25.8428550362586975 60.8947168077839436 
16 31 2.70999124060388841 2 32 4 3 16 13 4 29 8 12 27 1 15 3 10 18 2 2 2 28 7 6 9 5 17 31 8 4 21 11 3 25 12 9 15 2 10 33 1 15 19 7 1 22 4 14 23 3 6 1 7 16 5 2 11 8 8 25.9465541243553162 60.1023007011206261 
16 7 2.70999124060388841 12 18 4 14 6 6.96245171630185755 10 8.22565314501180467 5 3 16 3 17 11 2 15 26 2 4 6 12 1 3 8 9 23.4025356524426229 13.151007650947605 12 6 1 4 25 3 3 16 5 10.3494946964094545 20 9 10 2.14087964533996544 7.88610251083374347 9 15 13 17 2 11 1.1385673491087851 6 10 13 26 13 2.20316027072621612 13 5 21.1943567991256714 153.809870459870439 
12 12 11 2 24 1 6 29 10 1 24 10 17 30 1 1 6 4 4 1 7 6 16 10 4 24 11 15 32 4 16 26 2.70999124060388841 15 31 8 5 14 5 1 2 6 12 15 10 9 20 9 4 1 4 4 9 12 10 24 2 7 14 8 19.9017176628112793 169.980528621705105 
16 31 2.70999124060388841 2 32 9 3 16 13 4 29 8 12 27 1 15 3 10 18 2 2 2 28 7 6 9 5 17 31 8 4 21 11 3 25 12 9 15 2 10 33 1 5 4 10 1 22 4 14 23 3 6 1 7 16 5 2 11 8 8 28.4614071846008301 53.9031198556596678 
16 1 12 4 28 9 5 31 3 14 6 2 3.36768017929769181 12 5 13 24 12 5 30 5 17 15 7 4 3 3 15 16 9 6 30 3 18 26 11 16 2 11 4 6 13 8 7 10 1 15 10 13 9 6.96245171630185755 1 31 5 15 14 4 2 24 8 19.3541580140590668 170.598960267458722 
16 31 2.70999124060388841 1 10 3 3 16 13 9 15 12 12 27 1 15 3 10 18 2 2 2 28 7 6 9 5 17 31 8 4 21 11 3 25 12 9 15 2 10 33 1 5 4 10 1 22 4 14 23 3 6 1 7 16 5 2 11 8 8 30.3659531474113464 51.8139813516028411 
9 24 6 4 31 2.70999124060388841 9.25570237641795579 1 9 6 3 9 6 25 1 1 24 3.84646942076222631 14 25 5 15 32 1 8 26 5 12 19 8 16 9 12 17 5 2 12 26 7 13 16 9.82524131762891173 4 24 10 9 19 12 5 31 11 12 32 13 17 15 4 1 14 1 18.353032648563385 174.448974835408592 
16 31 2.70999124060388841 14 32 5 3 16 13 4 29 8 12 27 1 15 3 10 18 2 2 2 28 7 6 9 5 17 31 8 4 21 11 3 25 12 9 15 2 10 33 1 5 4 10 1 22 4 14 23 3 6 1 7 16 5 2 11 8 8 28.1706972122192383 54.6268754982285287 
16 31 2.70999124060388841 5 28 4 3 16 13 4 29 8 12 27 1 15 3 10 18 2 2 2 28 7 6 9 5 17 31 8 4 21 11 3 25 12 9 15 2 10 33 1 2 26 10 1 22 4 14 23 3 6 1 7 16 5 2 11 8 8 26.8763671517372131 56.4609018669121028 
16 31 2.70999124060388841 1 30 6 3 16 13 4 29 8 12 27 1 15 3 10 18 2 2 2 28 7 6 9 5 17 31 8 4 21 11 3 25 12 9 15 2 10 33 1 1 26 4 2 3 3 14 23 3 6 1 7 16 5 2 11 8 8 25.6432621479034424 63.8444745778219342 
16 31 2.70999124060388841 14 32 9 3 16 13 4 29 8 12 27 1 15 3 10 18 2 2 2 28 7 6 9 5 17 31 8 4 21 11 3 25 12 9 15 2 10 33 1 5 4 10 1 22 4 14 23 3 6 1 7 16 5 2 11 8 8 28.0806732177734375 55.7200047950599711 
16 31 2.70999124060388841 1 10 3 3 16 13 4 29 8 12 27 1 15 3 10 18 2 2 2 28 7 6 9 5 17 31 8 4 21 11 3 25 12 9 15 2 10 33 1 15 6 9 1 22 4 14 23 3 6 1 7 16 5 2 11 8 8 28.1562339663505554 55.1495198159218347 
16 31 2.70999124060388841 14 6 9 3 16 13 4 29 8 12 27 1 15 3 10 18 2 2 2 28 7 6 9 5 17 31 8 4 21 11 3 25 12 9 15 2 10 33 1 15 26 5 1 22 4 14 23 3 6 1 7 16 5 2 11 8 8 25.2851461172103882 67.9329304953361657 
16 31 2.70999124060388841 1 10 3 3 16 13 4 29 8 12 27 1 15 3 10 18 2 2 2 28 7 6 9 5 17 31 8 4 21 11 3 25 12 9 15 2 10 33 1 5 4 10 1 22 4 14 23 3 6 1 7 16 5 2 11 8 8 31.0723990797996521 51.1348448969267082 
10 23 3 11 30 4 13 15 4 15 32 8 15 12 2 7 30 10 5 16 2.70999124060388841 16 19 10 9.25570237641795579 24 9 17 8.22565314501180467 11 10 5 13 17 9 13 9 18 4 14 32 7 13.2195649013323386 6 1 12 19 2 1 15 10 6 24 7 17.8244721320812971 25 7.75241283629571765 14 1 1.44943743604301667 20.4520509243011475 157.263978127136028 
16 31 2.70999124060388841 1 1 6 3 16 13 4 29 8 12 27 1 15 3 10 18 2 2 2 28 7 6 9 5 17 31 8 4 21 11 3 25 12 9 15 2 10 33 1 6 26 9 1 22 4 14 23 3 6 1 7 16 5 2 11 8 8 25.5559521317481995 64.4206837672802948 
5 12 9 12 26 4 15 12 7 8 1 9 3.36768017929769181 6 8 14 32 3 11 15 12 1 6 2 17 32 11 13 2 9 17 28 11 4 26 7 12 3 9 1 26 9 16 26 5 6 24 4 6 26 5 17 14 6.96245171630185755 13 30 6 6 25 11 17.0263920426368713 230.008429272825566 
16 31 2.70999124060388841 1 20 7 3 16 13 4 29 8 14 20 4 15 3 10 18 2 2 2 28 7 6 9 5 17 31 8 4 21 11 3 25 12 9 15 2 10 33 1 15 32 5 1 22 4 14 23 3 6 1 7 16 5 2 11 8 8 23.4916119873523712 70.0050333739199147 

Current Evaluation = 80000000(80000060)
Front Size = 34
16 31 2.70999124060388841 15 32 1 9 14 11 4 29 8 4 12 12 15 3 10 18 2 2 1 22 2 6 9 5 5 6 4 17 31 11 3 25 12 9 16 13 10 33 1 13 18 5 2 19 4 14 23 3 6 1 2 16 5 2 12 31 11 22.3705587983131409 106.75435652592958 
16 31 2.70999124060388841 15 23 7 9 14 11 4 29 8 12 27 1 15 3 10 14 3 5 1 22 2 6 9 5 5 6 4 17 31 11 3 25 12 9 16 13 1 2 2.70999124060388841 14 13 1 2 19 4 14 23 3 6 1 2 16 5 2 12 31 11 22.1137248873710632 115.261003813069479 
16 31 2.70999124060388841 14 30 2 9 14 11 4 29 8 11 26 4 15 3 10 18 2 2 1 22 2 6 9 5 5 6 4 17 31 11 3 25 12 9 16 13 10 33 1 13 15 9 2 19 4 14 23 3 6 1 2 16 5 2 12 31 11 22.2336299121379852 108.352417474071757 
16 31 2.70999124060388841 14 24 6 9 14 11 12 24 6 3 31 2.70999124060388841 15 3 10 18 2 2 1 22 2 6 9 5 5 6 4 17 31 11 3 25 12 9 16 13 10 33 1 9 14 13 2 19 4 14 23 3 6 1 2 16 5 2 12 31 11 21.5536099076271057 135.339232872390767 
16 31 2.70999124060388841 11 24 5 12 24 2.70999124060388841 4 29 8 6 30 2 15 3 10 18 2 2 1 22 2 6 9 5 5 6 4 17 31 11 3 25 12 9 16 13 10 33 1 15 6 7 2 19 4 14 23 3 6 1 2 16 5 2 12 31 11 21.9775077700614929 124.927571312813257 
16 31 2.70999124060388841 2 23 7 9 14 11 15 16 3 13 23 8 15 3 10 12 9 2 1 22 2 6 9 5 5 6 4 17 31 11 3 25 12 9 16 13 10 33 1 3.36768017929769181 26 9 2 19 4 6 24 8 6 1 2 16 5 2 12 31 11 21.2919437289237976 150.75287382206136 
16 31 2.70999124060388841 14 2 5 9 14 11 4 29 8 6 20 7 15 3 10 18 2 2 1 22 2 6 9 5 5 6 4 17 31 11 3 25 12 9 16 13 10 33 1 15 22 10 2 19 4 14 23 3 6 1 2 16 5 2 12 31 11 22.3882708549499512 90.7153701480020089 
16 31 2.70999124060388841 14 13 6 18 19 12 4 29 8 6 20 9 15 3 10 2 1 10 1 22 2 6 9 5 5 6 4 17 31 11 3 25 12 10 20 1 10 33 1 17 24 1 2 19 4 14 23 3 6 1 2 16 5 2 12 31 11 21.8866548538208008 126.837431415392075 
16 31 2.70999124060388841 3 2 2.70999124060388841 9 14 11 1 32 2 3 22 9 15 3 10 12 20 6.96245171630185755 2 28 7 6 9 5 5 6 4 17 31 11 3 25 12 9 16 13 10 33 1 12 7 2 2 19 4 14 23 3 6 1 7 16 5 2 12 31 11 21.4872949719429016 136.158224523816386 
16 31 2.70999124060388841 6 30 13 9 14 11 4 29 8 4 24 4 15 3 10 18 2 2 2 28 7 6 9 5 5 6 4 14 32 12 3 25 12 9 16 13 10 33 1 1 31 13 2 19 4 14 23 3 6 1 7 16 5 2 12 31 11 21.9845449328422546 120.871917692595815 
16 31 2.70999124060388841 2 22 9 9 14 11 4 29 8 12 27 1 15 3 10 18 2 2 2 28 7 6 9 5 5 6 4 17 31 11 3 25 12 9 16 13 10 33 1 1 32 3 2 19 4 14 23 3 15 12 10 16 5 2 12 31 11 24.6210500001907349 69.5339621772383794 
1 9 6 4 9 12 3.36768017929769181 26 10 4 15 6.96245171630185755 11 25 2 4.94126535182462057 24 1 6 30 12 17 31 13 4 24 11 3 12 12 14 5 12 16 31 5 6 5 7 1 2 10 13 30 13 1 32 13 13.2195649013323386 6 13.151007650947605 16 6 5 16 13 10 12 30 4 17.0466128587722778 228.868025825223953 
16 31 2.70999124060388841 1 10 3 3 16 13 4 29 8 12 27 1 15 3 10 18 2 2 2 28 7 6 9 5 17 31 8 4 21 11 3 25 12 9 15 2 10 33 1 5 32 9 1 22 4 14 23 3 6 1 7 16 5 2 11 8 8 28.7204579710960388 52.922015767262387 
9 24 9 13 1 4 9 26 3 10 11 2.70999124060388841 6 9 11 14 2 8 17 18 1 13 31 6.96245171630185755 2 9 4 4.94126535182462057 28 10 15 3 3 1 12 6 2 12 8 6 19 8 1 24 11 13.2195649013323386 30 13.151007650947605 1 2 4 16 31 9 17 5 3 15 22 11 19.1691278219223022 171.920939456594596 
15 24 8 16 1 5 12 18 10 9 25 2.70999124060388841 14 16 1 10 5 9 6 26 7 1 32 5 9 28 9 15 1 6 17 16.1354543567662532 12 15 15 8 6 32 4 13 28 5 11 16 7 16 24 3.84646942076222631 17 13 12 1 1 9 8 19 3 4 22 9.82524131762891173 20.0635998249053955 163.908830320006757 
15 24 13 17 9 3 3.36768017929769181 32 12 3 31 6.96245171630185755 4.94126535182462057 31 5 6 16 4 15 31 13 13.2195649013323386 26 9 16 24 2 14 14 13.151007650947605 1 16 4 10.3494946964094545 2.14087964533996544 2 3 9 4 6 31 6 14 6 5 17 20 13 1 6 2 4 24 4 15 2 2 16 19 7.88610251083374347 17.1050418019294739 198.042903877240406 
16 31 2.70999124060388841 1 10 3 3 16 13 4 29 8 12 27 1 15 3 10 18 2 2 2 28 7 6 9 5 17 31 8 4 21 11 3 25 12 9 15 2 10 33 1 15 32 5 1 22 4 14 23 3 6 1 7 16 5 2 11 8 8 28.3013629913330078 54.1595316200934107 
16 7 2.70999124060388841 12 18 4 14 6 6.96245171630185755 10 8.22565314501180467 5 3 16 3 17 11 2 15 26 2 4 6 12 1 3 8 9 23.4025356524426229 13.151007650947605 12 6 1 4 25 3 3 16 5 10.3494946964094545 20 9 10 2.14087964533996544 7.88610251083374347 9 15 13 17 2 11 1.1385673491087851 6 10 13 26 13 2.20316027072621612 13 5 21.1943567991256714 153.809870459870439 
12 12 11 2 24 1 6 29 10 1 24 10 17 30 1 1 6 4 4 1 7 6 16 10 4 24 11 15 32 4 16 26 2.70999124060388841 15 31 8 5 14 5 1 2 6 12 15 10 9 20 9 4 1 4 4 9 12 10 24 2 7 14 8 19.9017176628112793 169.980528621705105 
16 31 2.70999124060388841 2 32 9 3 16 13 4 29 8 12 27 1 15 3 10 18 2 2 2 28 7 6 9 5 17 31 8 4 21 11 3 25 12 9 15 2 10 33 1 5 4 10 1 22 4 14 23 3 6 1 7 16 5 2 11 8 8 28.4614071846008301 53.9031198556596678 
16 1 12 4 28 9 5 31 3 14 6 2 3.36768017929769181 12 5 13 24 12 5 30 5 17 15 7 4 3 3 15 16 9 6 30 3 18 26 11 16 2 11 4 6 13 8 7 10 1 15 10 13 9 6.96245171630185755 1 31 5 15 14 4 2 24 8 19.3541580140590668 170.598960267458722 
16 31 2.70999124060388841 1 10 3 3 16 13 9 15 12 12 27 1 15 3 10 18 2 2 2 28 7 6 9 5 17 31 8 4 21 11 3 25 12 9 15 2 10 33 1 5 4 10 1 22 4 14 23 3 6 1 7 16 5 2 11 8 8 30.3659531474113464 51.8139813516028411 
9 24 6 4 31 2.70999124060388841 9.25570237641795579 1 9 6 3 9 6 25 1 1 24 3.84646942076222631 14 25 5 15 32 1 8 26 5 12 19 8 16 9 12 17 5 2 12 26 7 13 16 9.82524131762891173 4 24 10 9 19 12 5 31 11 12 32 13 17 15 4 1 14 1 18.353032648563385 174.448974835408592 
16 31 2.70999124060388841 14 32 5 3 16 13 4 29 8 12 27 1 15 3 10 18 2 2 2 28 7 6 9 5 17 31 8 4 21 11 3 25 12 9 15 2 10 33 1 5 4 10 1 22 4 14 23 3 6 1 7 16 5 2 11 8 8 28.1706972122192383 54.6268754982285287 
16 31 2.70999124060388841 5 28 4 3 16 13 4 29 8 12 27 1 15 3 10 18 2 2 2 28 7 6 9 5 17 31 8 4 21 11 3 25 12 9 15 2 10 33 1 2 26 10 1 22 4 14 23 3 6 1 7 16 5 2 11 8 8 26.8763671517372131 56.4609018669121028 
16 31 2.70999124060388841 14 32 9 3 16 13 4 29 8 12 27 1 15 3 10 18 2 2 2 28 7 6 9 5 17 31 8 4 21 11 3 25 12 9 15 2 10 33 1 5 4 10 1 22 4 14 23 3 6 1 7 16 5 2 11 8 8 28.0806732177734375 55.7200047950599711 
16 31 2.70999124060388841 1 10 3 3 16 13 4 29 8 12 27 1 15 3 10 18 2 2 2 28 7 6 9 5 17 31 8 4 21 11 3 25 12 9 15 2 10 33 1 15 6 9 1 22 4 14 23 3 6 1 7 16 5 2 11 8 8 28.1562339663505554 55.1495198159218347 
16 31 2.70999124060388841 14 6 9 3 16 13 4 29 8 12 27 1 15 3 10 18 2 2 2 28 7 6 9 5 17 31 8 4 21 11 3 25 12 9 15 2 10 33 1 15 26 5 1 22 4 14 23 3 6 1 7 16 5 2 11 8 8 25.2851461172103882 67.9329304953361657 
16 31 2.70999124060388841 1 10 3 3 16 13 4 29 8 12 27 1 15 3 10 18 2 2 2 28 7 6 9 5 17 31 8 4 21 11 3 25 12 9 15 2 10 33 1 5 4 10 1 22 4 14 23 3 6 1 7 16 5 2 11 8 8 31.0723990797996521 51.1348448969267082 
10 23 3 11 30 4 13 15 4 15 32 8 15 12 2 7 30 10 5 16 2.70999124060388841 16 19 10 9.25570237641795579 24 9 17 8.22565314501180467 11 10 5 13 17 9 13 9 18 4 14 32 7 13.2195649013323386 6 1 12 19 2 1 15 10 6 24 7 17.8244721320812971 25 7.75241283629571765 14 1 1.44943743604301667 20.4520509243011475 157.263978127136028 
5 12 9 12 26 4 15 12 7 8 1 9 3.36768017929769181 6 8 14 32 3 11 15 12 1 6 2 17 32 11 13 2 9 17 28 11 4 26 7 12 3 9 1 26 9 16 26 5 6 24 4 6 26 5 17 14 6.96245171630185755 13 30 6 6 25 11 17.0263920426368713 230.008429272825566 
16 31 2.70999124060388841 1 20 7 3 16 13 4 29 8 14 20 4 15 3 10 18 2 2 2 28 7 6 9 5 17 31 8 4 21 11 3 25 12 9 15 2 10 33 1 15 32 5 1 22 4 14 23 3 6 1 7 16 5 2 11 8 8 23.4916119873523712 70.0050333739199147 
16 31 2.70999124060388841 1 32 5 3 16 13 4 29 8 12 27 1 15 3 10 18 2 2 2 28 7 6 9 5 17 31 8 4 21 11 3 25 12 9 15 2 10 33 1 15 24 3 1 22 4 14 23 3 6 1 7 16 5 2 11 8 8 25.6237661242485046 59.5323484583846749 
16 31 2.70999124060388841 14 1 6 3 16 13 4 29 8 12 27 1 15 3 10 18 2 2 2 28 7 6 9 5 17 31 8 4 21 11 3 25 12 9 15 2 10 33 1 6 6 7 1 22 4 14 23 3 6 1 7 16 5 2 11 8 8 25.3388820886611938 62.7404284480087782 

Current Evaluation = 90000000(90000120)
Front Size = 35
16 31 2.70999124060388841 15 32 1 9 14 11 4 29 8 4 12 12 15 3 10 18 2 2 1 22 2 6 9 5 5 6 4 17 31 11 3 25 12 9 16 13 10 33 1 13 18 5 2 19 4 14 23 3 6 1 2 16 5 2 12 31 11 22.3705587983131409 106.75435652592958 
16 31 2.70999124060388841 15 23 7 9 14 11 4 29 8 12 27 1 15 3 10 14 3 5 1 22 2 6 9 5 5 6 4 17 31 11 3 25 12 9 16 13 1 2 2.70999124060388841 14 13 1 2 19 4 14 23 3 6 1 2 16 5 2 12 31 11 22.1137248873710632 115.261003813069479 
16 31 2.70999124060388841 14 30 2 9 14 11 4 29 8 11 26 4 15 3 10 18 2 2 1 22 2 6 9 5 5 6 4 17 31 11 3 25 12 9 16 13 10 33 1 13 15 9 2 19 4 14 23 3 6 1 2 16 5 2 12 31 11 22.2336299121379852 108.352417474071757 
16 31 2.70999124060388841 14 24 6 9 14 11 12 24 6 3 31 2.70999124060388841 15 3 10 18 2 2 1 22 2 6 9 5 5 6 4 17 31 11 3 25 12 9 16 13 10 33 1 9 14 13 2 19 4 14 23 3 6 1 2 16 5 2 12 31 11 21.5536099076271057 135.339232872390767 
16 31 2.70999124060388841 11 24 5 12 24 2.70999124060388841 4 29 8 6 30 2 15 3 10 18 2 2 1 22 2 6 9 5 5 6 4 17 31 11 3 25 12 9 16 13 10 33 1 15 6 7 2 19 4 14 23 3 6 1 2 16 5 2 12 31 11 21.9775077700614929 124.927571312813257 
16 31 2.70999124060388841 2 23 7 9 14 11 15 16 3 13 23 8 15 3 10 12 9 2 1 22 2 6 9 5 5 6 4 17 31 11 3 25 12 9 16 13 10 33 1 3.36768017929769181 26 9 2 19 4 6 24 8 6 1 2 16 5 2 12 31 11 21.2919437289237976 150.75287382206136 
16 31 2.70999124060388841 14 2 5 9 14 11 4 29 8 6 20 7 15 3 10 18 2 2 1 22 2 6 9 5 5 6 4 17 31 11 3 25 12 9 16 13 10 33 1 15 22 10 2 19 4 14 23 3 6 1 2 16 5 2 12 31 11 22.3882708549499512 90.7153701480020089 
16 31 2.70999124060388841 14 13 6 18 19 12 4 29 8 6 20 9 15 3 10 2 1 10 1 22 2 6 9 5 5 6 4 17 31 11 3 25 12 10 20 1 10 33 1 17 24 1 2 19 4 14 23 3 6 1 2 16 5 2 12 31 11 21.8866548538208008 126.837431415392075 
16 31 2.70999124060388841 3 2 2.70999124060388841 9 14 11 1 32 2 3 22 9 15 3 10 12 20 6.96245171630185755 2 28 7 6 9 5 5 6 4 17 31 11 3 25 12 9 16 13 10 33 1 12 7 2 2 19 4 14 23 3 6 1 7 16 5 2 12 31 11 21.4872949719429016 136.158224523816386 
16 31 2.70999124060388841 6 30 13 9 14 11 4 29 8 4 24 4 15 3 10 18 2 2 2 28 7 6 9 5 5 6 4 14 32 12 3 25 12 9 16 13 10 33 1 1 31 13 2 19 4 14 23 3 6 1 7 16 5 2 12 31 11 21.9845449328422546 120.871917692595815 
16 31 2.70999124060388841 2 22 9 9 14 11 4 29 8 12 27 1 15 3 10 18 2 2 2 28 7 6 9 5 5 6 4 17 31 11 3 25 12 9 16 13 10 33 1 1 32 3 2 19 4 14 23 3 15 12 10 16 5 2 12 31 11 24.6210500001907349 69.5339621772383794 
1 9 6 4 9 12 3.36768017929769181 26 10 4 15 6.96245171630185755 11 25 2 4.94126535182462057 24 1 6 30 12 17 31 13 4 24 11 3 12 12 14 5 12 16 31 5 6 5 7 1 2 10 13 30 13 1 32 13 13.2195649013323386 6 13.151007650947605 16 6 5 16 13 10 12 30 4 17.0466128587722778 228.868025825223953 
16 31 2.70999124060388841 1 10 3 3 16 13 4 29 8 12 27 1 15 3 10 18 2 2 2 28 7 6 9 5 17 31 8 4 21 11 3 25 12 9 15 2 10 33 1 5 32 9 1 22 4 14 23 3 6 1 7 16 5 2 11 8 8 28.7204579710960388 52.922015767262387 
9 24 9 13 1 4 9 26 3 10 11 2.70999124060388841 6 9 11 14 2 8 17 18 1 13 31 6.96245171630185755 2 9 4 4.94126535182462057 28 10 15 3 3 1 12 6 2 12 8 6 19 8 1 24 11 13.2195649013323386 30 13.151007650947605 1 2 4 16 31 9 17 5 3 15 22 11 19.1691278219223022 171.920939456594596 
15 24 8 16 1 5 12 18 10 9 25 2.70999124060388841 14 16 1 10 5 9 6 26 7 1 32 5 9 28 9 15 1 6 17 16.1354543567662532 12 15 15 8 6 32 4 13 28 5 11 16 7 16 24 3.84646942076222631 17 13 12 1 1 9 8 19 3 4 22 9.82524131762891173 20.0635998249053955 163.908830320006757 
15 24 13 17 9 3 3.36768017929769181 32 12 3 31 6.96245171630185755 4.94126535182462057 31 5 6 16 4 15 31 13 13.2195649013323386 26 9 16 24 2 14 14 13.151007650947605 1 16 4 10.3494946964094545 2.14087964533996544 2 3 9 4 6 31 6 14 6 5 17 20 13 1 6 2 4 24 4 15 2 2 16 19 7.88610251083374347 17.1050418019294739 198.042903877240406 
16 31 2.70999124060388841 1 10 3 3 16 13 4 29 8 12 27 1 15 3 10 18 2 2 2 28 7 6 9 5 17 31 8 4 21 11 3 25 12 9 15 2 10 33 1 15 32 5 1 22 4 14 23 3 6 1 7 16 5 2 11 8 8 28.3013629913330078 54.1595316200934107 
16 7 2.70999124060388841 12 18 4 14 6 6.96245171630185755 10 8.22565314501180467 5 3 16 3 17 11 2 15 26 2 4 6 12 1 3 8 9 23.4025356524426229 13.151007650947605 12 6 1 4 25 3 3 16 5 10.3494946964094545 20 9 10 2.14087964533996544 7.88610251083374347 9 15 13 17 2 11 1.1385673491087851 6 10 13 26 13 2.20316027072621612 13 5 21.1943567991256714 153.809870459870439 
12 12 11 2 24 1 6 29 10 1 24 10 17 30 1 1 6 4 4 1 7 6 16 10 4 24 11 15 32 4 16 26 2.70999124060388841 15 31 8 5 14 5 1 2 6 12 15 10 9 20 9 4 1 4 4 9 12 10 24 2 7 14 8 19.9017176628112793 169.980528621705105 
16 1 12 4 28 9 5 31 3 14 6 2 3.36768017929769181 12 5 13 24 12 5 30 5 17 15 7 4 3 3 15 16 9 6 30 3 18 26 11 16 2 11 4 6 13 8 7 10 1 15 10 13 9 6.96245171630185755 1 31 5 15 14 4 2 24 8 19.3541580140590668 170.598960267458722 
16 31 2.70999124060388841 1 10 3 3 16 13 9 15 12 12 27 1 15 3 10 18 2 2 2 28 7 6 9 5 17 31 8 4 21 11 3 25 12 9 15 2 10 33 1 5 4 10 1 22 4 14 23 3 6 1 7 16 5 2 11 8 8 30.3659531474113464 51.8139813516028411 
9 24 6 4 31 2.70999124060388841 9.25570237641795579 1 9 6 3 9 6 25 1 1 24 3.84646942076222631 14 25 5 15 32 1 8 26 5 12 19 8 16 9 12 17 5 2 12 26 7 13 16 9.82524131762891173 4 24 10 9 19 12 5 31 11 12 32 13 17 15 4 1 14 1 18.353032648563385 174.448974835408592 
16 31 2.70999124060388841 14 32 5 3 16 13 4 29 8 12 27 1 15 3 10 18 2 2 2 28 7 6 9 5 17 31 8 4 21 11 3 25 12 9 15 2 10 33 1 5 4 10 1 22 4 14 23 3 6 1 7 16 5 2 11 8 8 28.1706972122192383 54.6268754982285287 
16 31 2.70999124060388841 5 28 4 3 16 13 4 29 8 12 27 1 15 3 10 18 2 2 2 28 7 6 9 5 17 31 8 4 21 11 3 25 12 9 15 2 10 33 1 2 26 10 1 22 4 14 23 3 6 1 7 16 5 2 11 8 8 26.8763671517372131 56.4609018669121028 
16 31 2.70999124060388841 1 10 3 3 16 13 4 29 8 12 27 1 15 3 10 18 2 2 2 28 7 6 9 5 17 31 8 4 21 11 3 25 12 9 15 2 10 33 1 15 6 9 1 22 4 14 23 3 6 1 7 16 5 2 11 8 8 28.1562339663505554 55.1495198159218347 
16 31 2.70999124060388841 14 6 9 3 16 13 4 29 8 12 27 1 15 3 10 18 2 2 2 28 7 6 9 5 17 31 8 4 21 11 3 25 12 9 15 2 10 33 1 15 26 5 1 22 4 14 23 3 6 1 7 16 5 2 11 8 8 25.2851461172103882 67.9329304953361657 
16 31 2.70999124060388841 1 10 3 3 16 13 4 29 8 12 27 1 15 3 10 18 2 2 2 28 7 6 9 5 17 31 8 4 21 11 3 25 12 9 15 2 10 33 1 5 4 10 1 22 4 14 23 3 6 1 7 16 5 2 11 8 8 31.0723990797996521 51.1348448969267082 
10 23 3 11 30 4 13 15 4 15 32 8 15 12 2 7 30 10 5 16 2.70999124060388841 16 19 10 9.25570237641795579 24 9 17 8.22565314501180467 11 10 5 13 17 9 13 9 18 4 14 32 7 13.2195649013323386 6 1 12 19 2 1 15 10 6 24 7 17.8244721320812971 25 7.75241283629571765 14 1 1.44943743604301667 20.4520509243011475 157.263978127136028 
5 12 9 12 26 4 15 12 7 8 1 9 3.36768017929769181 6 8 14 32 3 11 15 12 1 6 2 17 32 11 13 2 9 17 28 11 4 26 7 12 3 9 1 26 9 16 26 5 6 24 4 6 26 5 17 14 6.96245171630185755 13 30 6 6 25 11 17.0263920426368713 230.008429272825566 
16 31 2.70999124060388841 1 20 7 3 16 13 4 29 8 14 20 4 15 3 10 18 2 2 2 28 7 6 9 5 17 31 8 4 21 11 3 25 12 9 15 2 10 33 1 15 32 5 1 22 4 14 23 3 6 1 7 16 5 2 11 8 8 23.4916119873523712 70.0050333739199147 
16 31 2.70999124060388841 1 32 5 3 16 13 4 29 8 12 27 1 15 3 10 18 2 2 2 28 7 6 9 5 17 31 8 4 21 11 3 25 12 9 15 2 10 33 1 15 24 3 1 22 4 14 23 3 6 1 7 16 5 2 11 8 8 25.6237661242485046 59.5323484583846749 
16 31 2.70999124060388841 14 1 6 3 16 13 4 29 8 12 27 1 15 3 10 18 2 2 2 28 7 6 9 5 17 31 8 4 21 11 3 25 12 9 15 2 10 33 1 6 6 7 1 22 4 14 23 3 6 1 7 16 5 2 11 8 8 25.3388820886611938 62.7404284480087782 
6 6 1 16 15 11 15 25 3 1 31 10 2 32 6 12 26 4 9 11 10 15 1 12 10 5 2.70999124060388841 9 15 11 14 30 11 4 1 6.96245171630185755 5 5 3 8 15 9 3 6 11 14 26 12 8 30 13 4.94126535182462057 20 3 16 2 8 13 30 13 18.3123077750205994 187.125197351667936 
16 31 2.70999124060388841 14 32 9 3 16 13 4 29 8 12 27 1 15 3 10 18 2 2 2 28 7 6 9 5 17 31 8 4 21 11 3 25 12 9 15 2 10 33 1 5 4 10 1 22 4 14 23 3 6 1 7 16 5 2 11 8 8 28.0806732177734375 55.6810782593349458 
16 31 2.70999124060388841 1 10 3 3 16 13 4 29 8 12 27 1 15 3 10 18 2 2 2 28 7 6 9 5 17 31 8 4 21 11 3 25 12 9 15 2 10 33 1 15 24 6 1 22 4 14 23 3 6 1 7 16 5 2 11 8 8 28.3660929799079895 53.8580361797596936 

Current Evaluation = 100000000(100000040)
Front Size = 37
16 31 2.70999124060388841 15 32 1 9 14 11 4 29 8 4 12 12 15 3 10 18 2 2 1 22 2 6 9 5 5 6 4 17 31 11 3 25 12 9 16 13 10 33 1 13 18 5 2 19 4 14 23 3 6 1 2 16 5 2 12 31 11 22.3705587983131409 106.75435652592958 
16 31 2.70999124060388841 15 23 7 9 14 11 4 29 8 12 27 1 15 3 10 14 3 5 1 22 2 6 9 5 5 6 4 17 31 11 3 25 12 9 16 13 1 2 2.70999124060388841 14 13 1 2 19 4 14 23 3 6 1 2 16 5 2 12 31 11 22.1137248873710632 115.261003813069479 
16 31 2.70999124060388841 14 30 2 9 14 11 4 29 8 11 26 4 15 3 10 18 2 2 1 22 2 6 9 5 5 6 4 17 31 11 3 25 12 9 16 13 10 33 1 13 15 9 2 19 4 14 23 3 6 1 2 16 5 2 12 31 11 22.2336299121379852 108.352417474071757 
16 31 2.70999124060388841 14 24 6 9 14 11 12 24 6 3 31 2.70999124060388841 15 3 10 18 2 2 1 22 2 6 9 5 5 6 4 17 31 11 3 25 12 9 16 13 10 33 1 9 14 13 2 19 4 14 23 3 6 1 2 16 5 2 12 31 11 21.5536099076271057 135.339232872390767 
16 31 2.70999124060388841 11 24 5 12 24 2.70999124060388841 4 29 8 6 30 2 15 3 10 18 2 2 1 22 2 6 9 5 5 6 4 17 31 11 3 25 12 9 16 13 10 33 1 15 6 7 2 19 4 14 23 3 6 1 2 16 5 2 12 31 11 21.9775077700614929 124.927571312813257 
16 31 2.70999124060388841 2 23 7 9 14 11 15 16 3 13 23 8 15 3 10 12 9 2 1 22 2 6 9 5 5 6 4 17 31 11 3 25 12 9 16 13 10 33 1 3.36768017929769181 26 9 2 19 4 6 24 8 6 1 2 16 5 2 12 31 11 21.2919437289237976 150.75287382206136 
16 31 2.70999124060388841 14 2 5 9 14 11 4 29 8 6 20 7 15 3 10 18 2 2 1 22 2 6 9 5 5 6 4 17 31 11 3 25 12 9 16 13 10 33 1 15 22 10 2 19 4 14 23 3 6 1 2 16 5 2 12 31 11 22.3882708549499512 90.7153701480020089 
16 31 2.70999124060388841 14 13 6 18 19 12 4 29 8 6 20 9 15 3 10 2 1 10 1 22 2 6 9 5 5 6 4 17 31 11 3 25 12 10 20 1 10 33 1 17 24 1 2 19 4 14 23 3 6 1 2 16 5 2 12 31 11 21.8866548538208008 126.837431415392075 
16 31 2.70999124060388841 3 2 2.70999124060388841 9 14 11 1 32 2 3 22 9 15 3 10 12 20 6.96245171630185755 2 28 7 6 9 5 5 6 4 17 31 11 3 25 12 9 16 13 10 33 1 12 7 2 2 19 4 14 23 3 6 1 7 16 5 2 12 31 11 21.4872949719429016 136.158224523816386 
16 31 2.70999124060388841 6 30 13 9 14 11 4 29 8 4 24 4 15 3 10 18 2 2 2 28 7 6 9 5 5 6 4 14 32 12 3 25 12 9 16 13 10 33 1 1 31 13 2 19 4 14 23 3 6 1 7 16 5 2 12 31 11 21.9845449328422546 120.871917692595815 
16 31 2.70999124060388841 2 22 9 9 14 11 4 29 8 12 27 1 15 3 10 18 2 2 2 28 7 6 9 5 5 6 4 17 31 11 3 25 12 9 16 13 10 33 1 1 32 3 2 19 4 14 23 3 15 12 10 16 5 2 12 31 11 24.6210500001907349 69.5339621772383794 
1 9 6 4 9 12 3.36768017929769181 26 10 4 15 6.96245171630185755 11 25 2 4.94126535182462057 24 1 6 30 12 17 31 13 4 24 11 3 12 12 14 5 12 16 31 5 6 5 7 1 2 10 13 30 13 1 32 13 13.2195649013323386 6 13.151007650947605 16 6 5 16 13 10 12 30 4 17.0466128587722778 228.868025825223953 
16 31 2.70999124060388841 1 10 3 3 16 13 4 29 8 12 27 1 15 3 10 18 2 2 2 28 7 6 9 5 17 31 8 4 21 11 3 25 12 9 15 2 10 33 1 5 32 9 1 22 4 14 23 3 6 1 7 16 5 2 11 8 8 28.7204579710960388 52.922015767262387 
9 24 9 13 1 4 9 26 3 10 11 2.70999124060388841 6 9 11 14 2 8 17 18 1 13 31 6.96245171630185755 2 9 4 4.94126535182462057 28 10 15 3 3 1 12 6 2 12 8 6 19 8 1 24 11 13.2195649013323386 30 13.151007650947605 1 2 4 16 31 9 17 5 3 15 22 11 19.1691278219223022 171.920939456594596 
15 24 8 16 1 5 12 18 10 9 25 2.70999124060388841 14 16 1 10 5 9 6 26 7 1 32 5 9 28 9 15 1 6 17 16.1354543567662532 12 15 15 8 6 32 4 13 28 5 11 16 7 16 24 3.84646942076222631 17 13 12 1 1 9 8 19 3 4 22 9.82524131762891173 20.0635998249053955 163.908830320006757 
15 24 13 17 9 3 3.36768017929769181 32 12 3 31 6.96245171630185755 4.94126535182462057 31 5 6 16 4 15 31 13 13.2195649013323386 26 9 16 24 2 14 14 13.151007650947605 1 16 4 10.3494946964094545 2.14087964533996544 2 3 9 4 6 31 6 14 6 5 17 20 13 1 6 2 4 24 4 15 2 2 16 19 7.88610251083374347 17.1050418019294739 198.042903877240406 
16 31 2.70999124060388841 1 10 3 3 16 13 4 29 8 12 27 1 15 3 10 18 2 2 2 28 7 6 9 5 17 31 8 4 21 11 3 25 12 9 15 2 10 33 1 15 32 5 1 22 4 14 23 3 6 1 7 16 5 2 11 8 8 28.3013629913330078 54.1595316200934107 
16 7 2.70999124060388841 12 18 4 14 6 6.96245171630185755 10 8.22565314501180467 5 3 16 3 17 11 2 15 26 2 4 6 12 1 3 8 9 23.4025356524426229 13.151007650947605 12 6 1 4 25 3 3 16 5 10.3494946964094545 20 9 10 2.14087964533996544 7.88610251083374347 9 15 13 17 2 11 1.1385673491087851 6 10 13 26 13 2.20316027072621612 13 5 21.1943567991256714 153.809870459870439 
12 12 11 2 24 1 6 29 10 1 24 10 17 30 1 1 6 4 4 1 7 6 16 10 4 24 11 15 32 4 16 26 2.70999124060388841 15 31 8 5 14 5 1 2 6 12 15 10 9 20 9 4 1 4 4 9 12 10 24 2 7 14 8 19.9017176628112793 169.980528621705105 
16 1 12 4 28 9 5 31 3 14 6 2 3.36768017929769181 12 5 13 24 12 5 30 5 17 15 7 4 3 3 15 16 9 6 30 3 18 26 11 16 2 11 4 6 13 8 7 10 1 15 10 13 9 6.96245171630185755 1 31 5 15 14 4 2 24 8 19.3541580140590668 170.598960267458722 
16 31 2.70999124060388841 1 10 3 3 16 13 9 15 12 12 27 1 15 3 10 18 2 2 2 28 7 6 9 5 17 31 8 4 21 11 3 25 12 9 15 2 10 33 1 5 4 10 1 22 4 14 23 3 6 1 7 16 5 2 11 8 8 30.3659531474113464 51.8139813516028411 
9 24 6 4 31 2.70999124060388841 9.25570237641795579 1 9 6 3 9 6 25 1 1 24 3.84646942076222631 14 25 5 15 32 1 8 26 5 12 19 8 16 9 12 17 5 2 12 26 7 13 16 9.82524131762891173 4 24 10 9 19 12 5 31 11 12 32 13 17 15 4 1 14 1 18.353032648563385 174.448974835408592 
16 31 2.70999124060388841 14 32 5 3 16 13 4 29 8 12 27 1 15 3 10 18 2 2 2 28 7 6 9 5 17 31 8 4 21 11 3 25 12 9 15 2 10 33 1 5 4 10 1 22 4 14 23 3 6 1 7 16 5 2 11 8 8 28.1706972122192383 54.6268754982285287 
16 31 2.70999124060388841 5 28 4 3 16 13 4 29 8 12 27 1 15 3 10 18 2 2 2 28 7 6 9 5 17 31 8 4 21 11 3 25 12 9 15 2 10 33 1 2 26 10 1 22 4 14 23 3 6 1 7 16 5 2 11 8 8 26.8763671517372131 56.4609018669121028 
16 31 2.70999124060388841 1 10 3 3 16 13 4 29 8 12 27 1 15 3 10 18 2 2 2 28 7 6 9 5 17 31 8 4 21 11 3 25 12 9 15 2 10 33 1 15 6 9 1 22 4 14 23 3 6 1 7 16 5 2 11 8 8 28.1562339663505554 55.1495198159218347 
16 31 2.70999124060388841 14 6 9 3 16 13 4 29 8 12 27 1 15 3 10 18 2 2 2 28 7 6 9 5 17 31 8 4 21 11 3 25 12 9 15 2 10 33 1 15 26 5 1 22 4 14 23 3 6 1 7 16 5 2 11 8 8 25.2851461172103882 67.9329304953361657 
16 31 2.70999124060388841 1 10 3 3 16 13 4 29 8 12 27 1 15 3 10 18 2 2 2 28 7 6 9 5 17 31 8 4 21 11 3 25 12 9 15 2 10 33 1 5 4 10 1 22 4 14 23 3 6 1 7 16 5 2 11 8 8 31.0723990797996521 51.1348448969267082 
10 23 3 11 30 4 13 15 4 15 32 8 15 12 2 7 30 10 5 16 2.70999124060388841 16 19 10 9.25570237641795579 24 9 17 8.22565314501180467 11 10 5 13 17 9 13 9 18 4 14 32 7 13.2195649013323386 6 1 12 19 2 1 15 10 6 24 7 17.8244721320812971 25 7.75241283629571765 14 1 1.44943743604301667 20.4520509243011475 157.263978127136028 
5 12 9 12 26 4 15 12 7 8 1 9 3.36768017929769181 6 8 14 32 3 11 15 12 1 6 2 17 32 11 13 2 9 17 28 11 4 26 7 12 3 9 1 26 9 16 26 5 6 24 4 6 26 5 17 14 6.96245171630185755 13 30 6 6 25 11 17.0263920426368713 230.008429272825566 
16 31 2.70999124060388841 1 20 7 3 16 13 4 29 8 14 20 4 15 3 10 18 2 2 2 28 7 6 9 5 17 31 8 4 21 11 3 25 12 9 15 2 10 33 1 15 32 5 1 22 4 14 23 3 6 1 7 16 5 2 11 8 8 23.4916119873523712 70.0050333739199147 
16 31 2.70999124060388841 1 32 5 3 16 13 4 29 8 12 27 1 15 3 10 18 2 2 2 28 7 6 9 5 17 31 8 4 21 11 3 25 12 9 15 2 10 33 1 15 24 3 1 22 4 14 23 3 6 1 7 16 5 2 11 8 8 25.6237661242485046 59.5323484583846749 
16 31 2.70999124060388841 14 1 6 3 16 13 4 29 8 12 27 1 15 3 10 18 2 2 2 28 7 6 9 5 17 31 8 4 21 11 3 25 12 9 15 2 10 33 1 6 6 7 1 22 4 14 23 3 6 1 7 16 5 2 11 8 8 25.3388820886611938 62.7404284480087782 
6 6 1 16 15 11 15 25 3 1 31 10 2 32 6 12 26 4 9 11 10 15 1 12 10 5 2.70999124060388841 9 15 11 14 30 11 4 1 6.96245171630185755 5 5 3 8 15 9 3 6 11 14 26 12 8 30 13 4.94126535182462057 20 3 16 2 8 13 30 13 18.3123077750205994 187.125197351667936 
16 31 2.70999124060388841 14 32 9 3 16 13 4 29 8 12 27 1 15 3 10 18 2 2 2 28 7 6 9 5 17 31 8 4 21 11 3 25 12 9 15 2 10 33 1 5 4 10 1 22 4 14 23 3 6 1 7 16 5 2 11 8 8 28.0806732177734375 55.6810782593349458 
16 31 2.70999124060388841 1 10 3 3 16 13 4 29 8 12 27 1 15 3 10 18 2 2 2 28 7 6 9 5 17 31 8 4 21 11 3 25 12 9 15 2 10 33 1 15 24 6 1 22 4 14 23 3 6 1 7 16 5 2 11 8 8 28.3660929799079895 53.8580361797596936 
16 31 2.70999124060388841 1 10 3 3 16 13 4 15 11 12 27 1 15 3 10 18 2 2 2 28 7 6 9 5 17 31 8 4 21 11 3 25 12 9 15 2 10 33 1 5 4 10 1 22 4 14 23 3 6 1 7 16 5 2 11 8 8 30.1604671478271484 52.8852903249468724 
16 31 2.70999124060388841 14 18 9 3 16 13 4 29 8 3 24 11 15 3 10 18 2 2 2 28 7 6 9 5 17 31 8 4 21 11 3 25 12 9 15 2 10 33 1 2 30 6 1 22 4 14 23 3 6 1 7 16 5 2 5 20 10 23.3621991276741028 88.499952396312537 

MOEA/D: Multiobjective Evolutionary Algorithm Based on Decomposition
Number of Evaluations = 100000000
Mutation Probability = 0.0500000007450580597
Population Size = 140
Neighborhood size = 35
Seed: 13

Time =  64848.0788749999992

Current Evaluation = 100000040
Front Size = 37
16 31 2.70999124060388841 15 32 1 9 14 11 4 29 8 4 12 12 15 3 10 18 2 2 1 22 2 6 9 5 5 6 4 17 31 11 3 25 12 9 16 13 10 33 1 13 18 5 2 19 4 14 23 3 6 1 2 16 5 2 12 31 11 22.3705587983131409 106.75435652592958 
16 31 2.70999124060388841 15 23 7 9 14 11 4 29 8 12 27 1 15 3 10 14 3 5 1 22 2 6 9 5 5 6 4 17 31 11 3 25 12 9 16 13 1 2 2.70999124060388841 14 13 1 2 19 4 14 23 3 6 1 2 16 5 2 12 31 11 22.1137248873710632 115.261003813069479 
16 31 2.70999124060388841 14 30 2 9 14 11 4 29 8 11 26 4 15 3 10 18 2 2 1 22 2 6 9 5 5 6 4 17 31 11 3 25 12 9 16 13 10 33 1 13 15 9 2 19 4 14 23 3 6 1 2 16 5 2 12 31 11 22.2336299121379852 108.352417474071757 
16 31 2.70999124060388841 14 24 6 9 14 11 12 24 6 3 31 2.70999124060388841 15 3 10 18 2 2 1 22 2 6 9 5 5 6 4 17 31 11 3 25 12 9 16 13 10 33 1 9 14 13 2 19 4 14 23 3 6 1 2 16 5 2 12 31 11 21.5536099076271057 135.339232872390767 
16 31 2.70999124060388841 11 24 5 12 24 2.70999124060388841 4 29 8 6 30 2 15 3 10 18 2 2 1 22 2 6 9 5 5 6 4 17 31 11 3 25 12 9 16 13 10 33 1 15 6 7 2 19 4 14 23 3 6 1 2 16 5 2 12 31 11 21.9775077700614929 124.927571312813257 
16 31 2.70999124060388841 2 23 7 9 14 11 15 16 3 13 23 8 15 3 10 12 9 2 1 22 2 6 9 5 5 6 4 17 31 11 3 25 12 9 16 13 10 33 1 3.36768017929769181 26 9 2 19 4 6 24 8 6 1 2 16 5 2 12 31 11 21.2919437289237976 150.75287382206136 
16 31 2.70999124060388841 14 2 5 9 14 11 4 29 8 6 20 7 15 3 10 18 2 2 1 22 2 6 9 5 5 6 4 17 31 11 3 25 12 9 16 13 10 33 1 15 22 10 2 19 4 14 23 3 6 1 2 16 5 2 12 31 11 22.3882708549499512 90.7153701480020089 
16 31 2.70999124060388841 14 13 6 18 19 12 4 29 8 6 20 9 15 3 10 2 1 10 1 22 2 6 9 5 5 6 4 17 31 11 3 25 12 10 20 1 10 33 1 17 24 1 2 19 4 14 23 3 6 1 2 16 5 2 12 31 11 21.8866548538208008 126.837431415392075 
16 31 2.70999124060388841 3 2 2.70999124060388841 9 14 11 1 32 2 3 22 9 15 3 10 12 20 6.96245171630185755 2 28 7 6 9 5 5 6 4 17 31 11 3 25 12 9 16 13 10 33 1 12 7 2 2 19 4 14 23 3 6 1 7 16 5 2 12 31 11 21.4872949719429016 136.158224523816386 
16 31 2.70999124060388841 6 30 13 9 14 11 4 29 8 4 24 4 15 3 10 18 2 2 2 28 7 6 9 5 5 6 4 14 32 12 3 25 12 9 16 13 10 33 1 1 31 13 2 19 4 14 23 3 6 1 7 16 5 2 12 31 11 21.9845449328422546 120.871917692595815 
16 31 2.70999124060388841 2 22 9 9 14 11 4 29 8 12 27 1 15 3 10 18 2 2 2 28 7 6 9 5 5 6 4 17 31 11 3 25 12 9 16 13 10 33 1 1 32 3 2 19 4 14 23 3 15 12 10 16 5 2 12 31 11 24.6210500001907349 69.5339621772383794 
1 9 6 4 9 12 3.36768017929769181 26 10 4 15 6.96245171630185755 11 25 2 4.94126535182462057 24 1 6 30 12 17 31 13 4 24 11 3 12 12 14 5 12 16 31 5 6 5 7 1 2 10 13 30 13 1 32 13 13.2195649013323386 6 13.151007650947605 16 6 5 16 13 10 12 30 4 17.0466128587722778 228.868025825223953 
16 31 2.70999124060388841 1 10 3 3 16 13 4 29 8 12 27 1 15 3 10 18 2 2 2 28 7 6 9 5 17 31 8 4 21 11 3 25 12 9 15 2 10 33 1 5 32 9 1 22 4 14 23 3 6 1 7 16 5 2 11 8 8 28.7204579710960388 52.922015767262387 
9 24 9 13 1 4 9 26 3 10 11 2.70999124060388841 6 9 11 14 2 8 17 18 1 13 31 6.96245171630185755 2 9 4 4.94126535182462057 28 10 15 3 3 1 12 6 2 12 8 6 19 8 1 24 11 13.2195649013323386 30 13.151007650947605 1 2 4 16 31 9 17 5 3 15 22 11 19.1691278219223022 171.920939456594596 
15 24 8 16 1 5 12 18 10 9 25 2.70999124060388841 14 16 1 10 5 9 6 26 7 1 32 5 9 28 9 15 1 6 17 16.1354543567662532 12 15 15 8 6 32 4 13 28 5 11 16 7 16 24 3.84646942076222631 17 13 12 1 1 9 8 19 3 4 22 9.82524131762891173 20.0635998249053955 163.908830320006757 
15 24 13 17 9 3 3.36768017929769181 32 12 3 31 6.96245171630185755 4.94126535182462057 31 5 6 16 4 15 31 13 13.2195649013323386 26 9 16 24 2 14 14 13.151007650947605 1 16 4 10.3494946964094545 2.14087964533996544 2 3 9 4 6 31 6 14 6 5 17 20 13 1 6 2 4 24 4 15 2 2 16 19 7.88610251083374347 17.1050418019294739 198.042903877240406 
16 31 2.70999124060388841 1 10 3 3 16 13 4 29 8 12 27 1 15 3 10 18 2 2 2 28 7 6 9 5 17 31 8 4 21 11 3 25 12 9 15 2 10 33 1 15 32 5 1 22 4 14 23 3 6 1 7 16 5 2 11 8 8 28.3013629913330078 54.1595316200934107 
16 7 2.70999124060388841 12 18 4 14 6 6.96245171630185755 10 8.22565314501180467 5 3 16 3 17 11 2 15 26 2 4 6 12 1 3 8 9 23.4025356524426229 13.151007650947605 12 6 1 4 25 3 3 16 5 10.3494946964094545 20 9 10 2.14087964533996544 7.88610251083374347 9 15 13 17 2 11 1.1385673491087851 6 10 13 26 13 2.20316027072621612 13 5 21.1943567991256714 153.809870459870439 
12 12 11 2 24 1 6 29 10 1 24 10 17 30 1 1 6 4 4 1 7 6 16 10 4 24 11 15 32 4 16 26 2.70999124060388841 15 31 8 5 14 5 1 2 6 12 15 10 9 20 9 4 1 4 4 9 12 10 24 2 7 14 8 19.9017176628112793 169.980528621705105 
16 1 12 4 28 9 5 31 3 14 6 2 3.36768017929769181 12 5 13 24 12 5 30 5 17 15 7 4 3 3 15 16 9 6 30 3 18 26 11 16 2 11 4 6 13 8 7 10 1 15 10 13 9 6.96245171630185755 1 31 5 15 14 4 2 24 8 19.3541580140590668 170.598960267458722 
16 31 2.70999124060388841 1 10 3 3 16 13 9 15 12 12 27 1 15 3 10 18 2 2 2 28 7 6 9 5 17 31 8 4 21 11 3 25 12 9 15 2 10 33 1 5 4 10 1 22 4 14 23 3 6 1 7 16 5 2 11 8 8 30.3659531474113464 51.8139813516028411 
9 24 6 4 31 2.70999124060388841 9.25570237641795579 1 9 6 3 9 6 25 1 1 24 3.84646942076222631 14 25 5 15 32 1 8 26 5 12 19 8 16 9 12 17 5 2 12 26 7 13 16 9.82524131762891173 4 24 10 9 19 12 5 31 11 12 32 13 17 15 4 1 14 1 18.353032648563385 174.448974835408592 
16 31 2.70999124060388841 14 32 5 3 16 13 4 29 8 12 27 1 15 3 10 18 2 2 2 28 7 6 9 5 17 31 8 4 21 11 3 25 12 9 15 2 10 33 1 5 4 10 1 22 4 14 23 3 6 1 7 16 5 2 11 8 8 28.1706972122192383 54.6268754982285287 
16 31 2.70999124060388841 5 28 4 3 16 13 4 29 8 12 27 1 15 3 10 18 2 2 2 28 7 6 9 5 17 31 8 4 21 11 3 25 12 9 15 2 10 33 1 2 26 10 1 22 4 14 23 3 6 1 7 16 5 2 11 8 8 26.8763671517372131 56.4609018669121028 
16 31 2.70999124060388841 1 10 3 3 16 13 4 29 8 12 27 1 15 3 10 18 2 2 2 28 7 6 9 5 17 31 8 4 21 11 3 25 12 9 15 2 10 33 1 15 6 9 1 22 4 14 23 3 6 1 7 16 5 2 11 8 8 28.1562339663505554 55.1495198159218347 
16 31 2.70999124060388841 14 6 9 3 16 13 4 29 8 12 27 1 15 3 10 18 2 2 2 28 7 6 9 5 17 31 8 4 21 11 3 25 12 9 15 2 10 33 1 15 26 5 1 22 4 14 23 3 6 1 7 16 5 2 11 8 8 25.2851461172103882 67.9329304953361657 
16 31 2.70999124060388841 1 10 3 3 16 13 4 29 8 12 27 1 15 3 10 18 2 2 2 28 7 6 9 5 17 31 8 4 21 11 3 25 12 9 15 2 10 33 1 5 4 10 1 22 4 14 23 3 6 1 7 16 5 2 11 8 8 31.0723990797996521 51.1348448969267082 
10 23 3 11 30 4 13 15 4 15 32 8 15 12 2 7 30 10 5 16 2.70999124060388841 16 19 10 9.25570237641795579 24 9 17 8.22565314501180467 11 10 5 13 17 9 13 9 18 4 14 32 7 13.2195649013323386 6 1 12 19 2 1 15 10 6 24 7 17.8244721320812971 25 7.75241283629571765 14 1 1.44943743604301667 20.4520509243011475 157.263978127136028 
5 12 9 12 26 4 15 12 7 8 1 9 3.36768017929769181 6 8 14 32 3 11 15 12 1 6 2 17 32 11 13 2 9 17 28 11 4 26 7 12 3 9 1 26 9 16 26 5 6 24 4 6 26 5 17 14 6.96245171630185755 13 30 6 6 25 11 17.0263920426368713 230.008429272825566 
16 31 2.70999124060388841 1 20 7 3 16 13 4 29 8 14 20 4 15 3 10 18 2 2 2 28 7 6 9 5 17 31 8 4 21 11 3 25 12 9 15 2 10 33 1 15 32 5 1 22 4 14 23 3 6 1 7 16 5 2 11 8 8 23.4916119873523712 70.0050333739199147 
16 31 2.70999124060388841 1 32 5 3 16 13 4 29 8 12 27 1 15 3 10 18 2 2 2 28 7 6 9 5 17 31 8 4 21 11 3 25 12 9 15 2 10 33 1 15 24 3 1 22 4 14 23 3 6 1 7 16 5 2 11 8 8 25.6237661242485046 59.5323484583846749 
16 31 2.70999124060388841 14 1 6 3 16 13 4 29 8 12 27 1 15 3 10 18 2 2 2 28 7 6 9 5 17 31 8 4 21 11 3 25 12 9 15 2 10 33 1 6 6 7 1 22 4 14 23 3 6 1 7 16 5 2 11 8 8 25.3388820886611938 62.7404284480087782 
6 6 1 16 15 11 15 25 3 1 31 10 2 32 6 12 26 4 9 11 10 15 1 12 10 5 2.70999124060388841 9 15 11 14 30 11 4 1 6.96245171630185755 5 5 3 8 15 9 3 6 11 14 26 12 8 30 13 4.94126535182462057 20 3 16 2 8 13 30 13 18.3123077750205994 187.125197351667936 
16 31 2.70999124060388841 14 32 9 3 16 13 4 29 8 12 27 1 15 3 10 18 2 2 2 28 7 6 9 5 17 31 8 4 21 11 3 25 12 9 15 2 10 33 1 5 4 10 1 22 4 14 23 3 6 1 7 16 5 2 11 8 8 28.0806732177734375 55.6810782593349458 
16 31 2.70999124060388841 1 10 3 3 16 13 4 29 8 12 27 1 15 3 10 18 2 2 2 28 7 6 9 5 17 31 8 4 21 11 3 25 12 9 15 2 10 33 1 15 24 6 1 22 4 14 23 3 6 1 7 16 5 2 11 8 8 28.3660929799079895 53.8580361797596936 
16 31 2.70999124060388841 1 10 3 3 16 13 4 15 11 12 27 1 15 3 10 18 2 2 2 28 7 6 9 5 17 31 8 4 21 11 3 25 12 9 15 2 10 33 1 5 4 10 1 22 4 14 23 3 6 1 7 16 5 2 11 8 8 30.1604671478271484 52.8852903249468724 
16 31 2.70999124060388841 14 18 9 3 16 13 4 29 8 3 24 11 15 3 10 18 2 2 2 28 7 6 9 5 17 31 8 4 21 11 3 25 12 9 15 2 10 33 1 2 30 6 1 22 4 14 23 3 6 1 7 16 5 2 5 20 10 23.3621991276741028 88.499952396312537 

