Current Evaluation = 10000000(10000060)
Front Size = 32
1 24 5 2 3 3 17 1 4 3 28 11 4 9 12 9 25 2.70999124060388841 16 15 2 5 23 3 2 6 6 1 1 10 14 32 3 1 19 5 3 8 2 12 2 8 4 13 11 16 27 2 18 15 7 2 6 6 1 16 10 15 30 1 22.255510687828064 91.5951235706710207 
1 24 5 2 3 3 18 26 4 3 28 11 4 9 12 9 25 2.70999124060388841 16 15 2 5 23 3 2 6 6 1 1 10 14 32 3 11 10 12 3 8 2 12 2 8 4 13 11 16 27 2 18 15 7 6 24 4 1 16 10 15 30 1 25.9605096578598022 70.756149882585575 
1 24 5 2 3 3 18 26 4 3 28 11 4 9 12 9 25 2.70999124060388841 16 15 2 5 23 3 2 6 6 1 1 10 14 32 3 11 10 12 3 8 2 12 2 8 4 13 11 16 27 2 18 15 7 10 1 9 1 16 10 15 30 1 26.5376006364822388 67.4075822660223878 
1 24 5 2 3 3 18 26 4 3 28 11 4 9 12 9 25 2.70999124060388841 16 15 2 5 23 3 2 6 6 1 1 10 14 32 3 17 31 8 3 8 2 12 2 8 4 13 11 16 27 2 18 15 7 2 24 7 1 16 10 15 30 1 22.9736557602882385 83.1520681927629113 
1 24 5 2 3 3 18 26 4 3 28 11 4 9 12 9 25 2.70999124060388841 16 15 2 5 23 3 2 6 6 1 1 10 14 32 3 6 26 6 3 8 2 12 2 8 4 13 11 17 18 8 18 15 7 6 5 10 1 16 10 15 30 1 21.6678178906440735 95.8857534350154026 
1 24 5 6 19 9 18 26 4 3 28 11 4 9 12 9 25 2.70999124060388841 16 15 2 5 23 3 2 6 6 1 1 10 14 32 3 11 10 12 3 8 2 12 2 8 4 13 11 16 27 2 18 15 7 14 6 5 1 16 10 15 30 1 25.4940165281295776 76.3408776647297174 
13 30 1 3 6 13 2 5.34074699537910114 12 12 12 4 13 16.1354543567662532 7 4.94126535182462057 17 11 14 13 8 15 26 13 14 24 2 5 14 10 8 32 3 17 31 13 15 30 12 10 22 4 4 15 10 9 7 4 14 14 7 12 24 7 12 9 9.82524131762891173 3 9 2 18.9974277019500732 231.601383275179444 
1 24 5 2 3 3 18 26 4 3 28 11 4 9 12 9 25 2.70999124060388841 16 15 2 5 23 3 2 6 6 1 1 10 14 32 3 11 10 12 3 8 2 12 2 8 4 13 11 16 27 2 18 15 7 5 4 3 1 16 10 15 30 1 28.9277197122573853 66.4070660222559326 
1 24 5 2 3 3 18 26 4 3 28 11 4 9 12 9 25 2.70999124060388841 16 15 2 5 23 3 2 6 6 1 1 10 14 32 3 6 19 9 3 8 2 12 2 8 4 13 11 16 27 2 18 15 7 15 26 9 1 16 10 15 30 1 22.8116868138313293 83.3303611157193984 
14 20 7 14 16 6 1 8 2.70999124060388841 8 6 6.96245171630185755 8 6 12 13 3 13 4.94126535182462057 31 9.82524131762891173 17.8244721320812971 18 7 15 12 6 14 26 11 14 26 1 8 19 5 8 20 7 3 25 11 12 31 8 15 13 13 9 18.140740276750666 2 1.62229798836725392 33 2 16 24 6 1 25 7.88610251083374347 18.0793169140815735 250.396267072663733 
1 24 5 2 3 3 18 26 4 3 28 11 4 9 12 9 25 2.70999124060388841 16 15 2 5 23 3 2 6 6 1 1 10 14 32 3 10 31 12 3 8 2 12 2 8 4 13 11 16 27 2 18 15 7 5 28 5 1 16 10 15 30 1 24.4457318782806396 79.0374942406272254 
1 24 5 2 3 3 18 26 4 3 28 11 4 9 12 9 25 2.70999124060388841 16 15 2 5 23 3 2 6 6 1 1 10 14 32 3 1 3 7 3 8 2 12 2 8 4 13 11 14 1 10 17 24 2.70999124060388841 6 32 9 1 16 10 15 30 1 20.070504903793335 97.1647913411546398 
10 16 13 12 26 4 6 20 5 18 30 8 6 20 13 16 15 2 11 12 10 15 19 5 12 15 7 6 18 7 12 32 5 3 24 11 6 26 11 13 1 6 14 20 2 7 5.34074699537910114 5 12 1 1 9.25570237641795579 31 5 15 15 12 14 15 6 19.6048709154129028 200.74539275653828 
1 24 5 2 3 3 18 26 4 3 28 11 4 9 12 9 25 2.70999124060388841 16 15 2 5 23 3 2 6 6 1 1 10 14 32 3 6 30 5 3 8 2 12 2 8 4 13 11 16 27 2 18 15 7 6 6 5 1 16 10 15 30 1 22.4704707860946655 88.0734154734154799 
1 24 5 2 3 3 18 26 4 3 28 11 4 9 12 9 25 2.70999124060388841 16 15 2 5 23 3 2 6 6 1 1 10 14 32 3 15 5 12 3 8 2 12 2 8 4 13 11 9 14 13 18 15 7 6 1 4 1 16 10 15 30 1 21.8865419030189514 93.5419822768625266 
1 24 5 2 3 3 18 26 4 3 28 11 4 9 12 9 25 2.70999124060388841 16 15 2 5 23 3 2 6 6 1 1 10 14 32 3 6 18 11 3 8 2 12 2 8 4 13 11 16 27 2 18 15 7 14 32 6 1 16 10 15 30 1 22.7715158462524414 86.8953388316402027 
1 24 5 2 3 3 18 26 4 3 28 11 4 9 12 9 25 2.70999124060388841 16 15 2 15 3 1 2 6 6 1 1 10 14 32 3 11 10 12 3 8 2 12 2 8 4 13 11 16 27 2 18 15 7 5 4 3 1 16 10 15 30 1 28.2316226959228516 66.9016165761726285 
1 24 5 2 3 3 18 26 4 3 28 11 4 9 12 9 25 2.70999124060388841 16 15 2 5 23 3 2 6 6 1 1 10 14 32 3 17 18 13 3 8 2 12 2 8 4 13 11 16 27 2 18 15 7 10 22 6 1 16 10 15 30 1 23.9551307559013367 79.0979932376804413 
1 24 5 2 3 3 18 26 4 3 28 11 4 9 12 9 25 2.70999124060388841 16 15 2 6 6 3 2 6 6 1 1 10 14 32 3 10 25 10 3 8 2 17 30 7 4 13 11 14 24 9 18 15 7 10 32 9 1 16 10 15 30 1 20.0600578188896179 127.705712446589828 
1 24 5 2 3 3 18 26 4 3 28 11 4 9 12 9 25 2.70999124060388841 16 15 2 5 23 3 2 6 6 1 1 10 14 32 3 11 10 12 3 8 2 12 2 8 4 13 11 16 27 2 18 15 7 14 6 9 1 16 10 15 30 1 25.7349826097488403 73.6043816864254552 
3 31 10 12 6 5 13 13 10 17 2 2 15 14 5 14 18 13 15 9 9 15 13 8 15 18 2 2 15 11 15 7 6 12 9 7 3 6 8 16 33 7 2 19 11 4 25 7 12 9 3 14 12 12 13 12 4 6 32 11 18.882879912853241 248.959939845156555 
1 24 5 2 3 3 18 26 4 3 28 11 4 9 12 9 25 2.70999124060388841 16 15 2 5 23 3 2 6 6 1 1 10 14 32 3 17 30 10 3 8 2 12 2 8 4 13 11 16 27 2 18 15 7 14 26 9 1 16 10 15 30 1 22.3883028328418732 88.9280980364373193 
1 24 5 2 3 3 18 26 4 3 28 11 4 9 12 9 25 2.70999124060388841 16 15 2 5 23 3 2 6 6 1 1 10 14 32 3 11 10 12 3 8 2 12 2 8 4 13 11 16 27 2 18 15 7 6 24 5 1 16 10 15 30 1 26.0225096344947815 70.0693944127522883 
14 20 4 2 3 3 18 26 4 6 12 9 4 9 12 9 25 2.70999124060388841 6 32 2.70999124060388841 5 23 3 2 6 6 1 1 10 14 32 3 14 6 6.96245171630185755 3 8 2 12 2 8 4 13 11 1 5 4 18 15 7 8 1 5 1 16 10 15 30 1 19.9555499851703644 150.6249639084362 
1 24 5 2 3 3 18 26 4 3 28 11 4 9 12 9 25 2.70999124060388841 16 15 2 5 23 3 2 6 6 1 1 10 14 32 3 10 31 13 3 8 2 12 2 8 4 13 11 16 27 2 18 15 7 14 32 7 1 16 10 15 30 1 23.0578018426895142 81.4536820878926306 
1 24 5 2 3 3 18 26 4 3 28 11 4 9 12 9 25 2.70999124060388841 16 15 2 5 23 3 2 6 6 1 1 10 14 32 3 15 22 6 3 8 2 12 2 8 4 13 11 16 27 2 18 15 7 2 4 9 1 16 10 15 30 1 25.5440477132797241 73.8250892940339725 
1 24 5 2 3 3 18 26 4 3 28 11 4 9 12 9 25 2.70999124060388841 16 15 2 5 23 3 2 6 6 1 1 10 14 32 3 11 10 12 3 8 2 12 2 8 4 13 11 16 27 2 18 15 7 6 19 6 1 16 10 15 30 1 26.3839385509490967 69.2720999094595982 
1 24 5 2 3 3 18 26 4 3 28 11 4 9 12 9 25 2.70999124060388841 16 15 2 5 23 3 2 6 6 1 1 10 14 32 3 9 14 13 3 8 2 12 2 8 4 13 11 5 24 9 18 15 7 6 24 1 1 16 10 15 30 1 22.204275906085968 92.5527500040657856 
4 8 2 11 33 10 14 30 4 14 1 9 17 26 2 5 12 5 14 32 5 12 26 11 1 30 11 17 32 3 17 18 2 15 19 7 14 20 2 4 16 5 15 9 7 7 13 2.70999124060388841 12 15 4 8 7 8 13 16 6 14 31 11 19.5507187843322754 213.278070295717356 
15 26 5 12 24 9 4 2 4 16 31 3 13 6 3 17 2 5 1 6 11 14 6 5 8 17 2.70999124060388841 3 19 8 13 25 3 13 7 11 2 18 9 9.25570237641795579 32 13 8 15 1 13 15 12 3 3 2 17 5 12 9 12 4 10 20 13 18.7476617693901062 249.428713228635814 
1 24 5 2 3 3 15 1 10 3 28 11 4 9 12 9 25 2.70999124060388841 16 15 2 5 23 3 2 6 6 1 1 10 14 32 3 6 24 7 3 8 2 12 2 8 4 13 11 16 27 2 18 15 7 5 4 3 1 16 10 15 30 1 24.6334527730941772 76.4017371553865274 
14 23 13 2 30 12 4 20 13 9 31 5 11 26 6 1 19 1 15 3 6 4 15 7 13 5 6 17 18 8 15 2 2.70999124060388841 13 25 2 8 12 13 17 18 4 12 8 2 1 6 5 17 5 11 2 20 4 4 15 7 3 3 9 19.1208925843238831 215.851956866662675 

Current Evaluation = 20000000(20000120)
Front Size = 31
1 24 5 2 3 3 18 26 4 3 28 11 4 9 12 9 25 2.70999124060388841 16 15 2 5 23 3 2 6 6 1 1 10 14 32 3 1 3 7 3 8 2 12 2 8 4 13 11 14 1 10 17 24 2.70999124060388841 6 32 9 1 16 10 15 30 1 20.070504903793335 97.1647913411546398 
5 31 11 17 32 5 1 25 12 4 6 11 10 17 6 2 22 10 17 6 9 6 23 2 15 15 4 1 32 12 3.36768017929769181 12 13 2 24 13 12 16.1354543567662532 6 1 1 12 4.94126535182462057 6 9.82524131762891173 6 1 10 14 11 10 12 18 1 2 14 8 14 9 2 19.0936529040336609 173.649387306587073 
1 24 5 2 3 3 17 31 8 3 28 11 4 9 12 9 25 2.70999124060388841 16 15 2 5 23 3 2 6 6 1 1 10 14 32 3 4 31 11 3 8 2 12 2 8 4 13 11 14 16 8 18 15 7 6 6 12 1 16 10 15 30 1 20.7205576300621033 92.6972432972432756 
1 24 5 2 3 3 17 31 8 3 28 11 4 9 12 9 25 2.70999124060388841 16 15 2 5 23 3 2 6 6 1 1 10 14 32 3 6 12 9 3 8 2 12 2 8 4 13 11 16 27 2 18 15 7 10 6 5 1 16 10 15 30 1 22.2850335836410522 79.3332042297485884 
1 24 5 2 3 3 17 31 8 3 28 11 4 9 12 9 25 2.70999124060388841 16 15 2 5 23 3 2 6 6 1 1 10 14 32 3 11 10 12 3 8 2 12 2 8 4 13 11 16 27 2 18 15 7 10 1 6 1 16 10 15 30 1 25.9540175199508667 64.6338771151093709 
1 24 5 2 3 3 17 31 8 3 28 11 4 9 12 9 25 2.70999124060388841 16 15 2 5 23 3 2 6 6 1 1 10 14 32 3 11 10 12 3 8 2 12 2 8 4 13 11 16 27 2 18 15 7 14 26 3 1 16 10 15 30 1 25.2171184420585632 67.5721159157949955 
1 24 5 2 3 3 17 31 8 3 28 11 4 9 12 9 25 2.70999124060388841 16 15 2 5 23 3 2 6 6 1 1 10 14 32 3 11 10 12 3 8 2 12 2 8 4 13 11 16 27 2 18 15 7 10 26 5 1 16 10 15 30 1 25.8734015226364136 64.6590628261733968 
1 24 5 2 3 3 17 31 8 3 28 11 4 9 12 9 25 2.70999124060388841 16 15 2 5 23 3 2 6 6 1 1 10 14 32 3 11 10 12 3 8 2 12 2 8 4 13 11 16 27 2 18 15 7 10 22 5 1 16 10 15 30 1 26.2329143285751343 64.5264104491800055 
13 1 2.70999124060388841 6 26 2 14 31 7 4 5 9 9 22 4 12 3 13 12 32 4 14 14 1 15 6 5 8 20 4 11 12 11 10 20 4 1 8 3 12 18 12 15 30 11 13 30 2 17 12 8 9.25570237641795579 1 9 17 12 3 3 25 9 17.6863467693328857 268.75163899567923 
1 32 1 10 12 13 16 19 3 12 26 3 4 15 11 6 18 5 14 16 10 9 30 6 14 6 5 1 28 5 15 14 9 10 24 2.70999124060388841 4 9 1 6 13 9 14 18 6.96245171630185755 17 28 3.84646942076222631 8 24 6 14 1 3 4 15 1 17 6 13 18.9458080530166626 177.284205500381972 
1 24 5 2 3 3 17 31 8 3 28 11 4 9 12 9 25 2.70999124060388841 16 15 2 5 23 3 2 6 6 1 1 10 14 32 3 3.36768017929769181 5 12 3 8 2 12 2 8 4 13 11 12 20 13 18 15 7 14 24 4 1 16 10 15 30 1 20.6320537030696869 94.9686387926209221 
9 15 2 16 19 6 12 6 12 17 30 6 12 13 11 13 1 9 2 23 2 3.36768017929769181 24 4 5 26 10 6 8 11 1 18 6.96245171630185755 4 26 1 2 1 4 15 24 8 17 24 11 13 18 2 4.94126535182462057 12 5 17 6 9 1 1 9 15 15 12 18.1897295713424683 224.739812750029444 
1 24 5 2 3 3 17 31 8 3 28 11 4 9 12 9 25 2.70999124060388841 16 15 2 5 23 3 2 6 6 1 1 10 14 32 3 9 33 13 3 8 2 12 2 8 4 13 11 16 27 2 18 15 7 6 3 3 1 16 10 15 30 1 23.2595486640930176 75.2963723255716673 
1 24 5 2 3 3 17 31 8 3 28 11 4 9 12 9 25 2.70999124060388841 16 15 2 5 23 3 2 6 6 1 1 10 14 32 3 11 10 12 3 8 2 12 2 8 4 13 11 16 27 2 18 15 7 6 6 5 1 16 10 15 30 1 25.2290674448013306 65.9848799717954364 
1 24 5 2 3 3 17 31 8 3 28 11 4 9 12 9 25 2.70999124060388841 16 15 2 5 23 3 2 6 6 1 1 10 14 32 3 14 18 12 3 8 2 12 2 8 4 13 11 16 26 12 18 15 7 2 32 10 1 16 10 15 30 1 20.7786576747894287 91.3866060143309085 
1 24 5 2 3 3 17 31 8 3 28 11 4 9 12 9 25 2.70999124060388841 16 15 2 5 23 3 2 6 6 1 1 10 14 32 3 14 31 13 3 8 2 12 2 8 4 13 11 16 27 2 18 15 7 14 32 4 1 16 10 15 30 1 21.5719116032123566 91.1669932477161495 
10 25 12 3 5.34074699537910114 9 4 12 12 14 28 9 6 6 7 13 6 11 3 18 6.96245171630185755 18 13 13 8 24 1 13 30 10 15 12 1 12 6 4 6 32 6 12 30 4 9 20 11 13 26 13 14 9 2 13 9 9 16 32 5 3 24 4 17.7504310607910156 240.546088312548108 
1 24 5 2 3 3 17 31 8 3 28 11 4 9 12 9 25 2.70999124060388841 16 15 2 5 23 3 2 6 6 1 1 10 14 32 3 11 10 12 3 8 2 12 2 8 4 13 11 16 27 2 18 15 7 14 26 9 1 16 10 15 30 1 25.0690944492816925 67.6158389351733007 
6 23 3 16 31 11 4 26 9 14 32 2 13 8 5 8 25 6 6 18 5 3 5 4 16 20 2 13 26 8 4 15 7 10 31 10 6 2 2.70999124060388841 6 12 11 9.25570237641795579 24 7 3 2 10 14 30 12 14 31 7 5 33 9 13 18 7 18.2255069613456726 217.983140139584293 
1 24 5 2 3 3 17 31 8 3 28 11 4 9 12 9 25 2.70999124060388841 16 15 2 5 23 3 2 6 6 1 1 10 14 32 3 11 10 12 3 8 2 12 2 8 4 13 11 16 27 2 18 15 7 6 26 9 1 16 10 15 30 1 25.2247624397277832 66.6565518616878165 
1 24 5 2 3 3 17 31 8 6 30 8 4 9 12 9 25 2.70999124060388841 16 15 2 5 23 3 2 6 6 1 1 10 14 32 3 6 32 6 3 8 2 12 2 8 4 13 11 3.36768017929769181 24 2 18 15 7 13 31 3 1 16 10 8 20 9 19.7378066778182983 120.448998496630082 
1 24 5 2 3 3 17 31 8 3 28 11 4 9 12 9 25 2.70999124060388841 16 15 2 5 23 3 2 6 6 1 1 10 14 32 3 11 10 12 3 8 2 12 2 8 4 13 11 16 27 2 18 15 7 5 4 3 1 16 10 15 30 1 28.1761125326156616 63.1274368413161611 
1 24 5 2 3 3 17 31 8 3 28 11 4 9 12 9 25 2.70999124060388841 16 15 2 6 22 4 2 6 6 1 1 10 14 32 3 15 31 9 3 8 2 12 2 8 4 13 11 16 27 2 18 15 7 5 4 3 1 16 10 15 30 1 23.9271346926689148 74.8172738298621596 
1 24 5 2 3 3 17 31 8 3 28 11 4 9 12 9 25 2.70999124060388841 16 15 2 5 23 3 2 6 6 1 1 10 14 32 3 6 30 6 3 8 2 12 2 8 4 13 11 16 27 2 18 15 7 14 26 5 1 16 10 15 30 1 21.7269145846366882 81.7895790634135835 
1 24 5 2 3 3 17 31 8 3 28 11 4 9 12 9 25 2.70999124060388841 16 15 2 5 23 3 2 6 6 1 1 10 14 32 3 11 10 12 3 8 2 12 2 8 4 13 11 6 19 3 18 15 7 5 32 6 1 16 10 15 30 1 24.6663784980773926 71.6448135599494265 
1 24 5 2 3 3 17 31 8 3 28 11 4 9 12 9 25 2.70999124060388841 16 15 2 5 23 3 2 6 6 1 1 10 14 32 3 11 10 12 3 8 2 12 2 8 4 13 11 16 27 2 2 32 5 14 23 9 1 16 10 15 30 1 24.7571533918380737 70.4220743137151715 
1 24 5 2 3 3 17 31 8 3 28 11 4 9 12 9 25 2.70999124060388841 16 15 2 5 23 3 2 6 6 1 1 10 14 32 3 11 10 12 3 8 2 12 2 8 4 13 11 16 27 2 6 23 3 14 24 7 1 16 10 15 30 1 24.6248414516448975 74.5303679052839385 
1 24 5 2 3 3 17 31 8 3 28 11 4 9 12 9 25 2.70999124060388841 16 15 2 5 23 3 2 6 6 1 1 10 14 32 3 11 10 12 3 8 2 12 2 8 4 13 11 16 27 2 18 15 7 6 22 9 1 16 10 15 30 1 25.5842754244804382 65.8895274468302716 
1 24 5 2 3 3 17 31 8 3 28 11 4 9 12 9 25 2.70999124060388841 16 15 2 5 23 3 2 6 6 1 1 10 14 32 3 11 10 12 3 8 2 12 2 8 4 13 11 16 27 2 18 15 7 6 32 4 1 16 10 15 30 1 25.2221724390983582 67.2106944695025277 
1 24 5 2 3 3 17 31 8 3 28 11 4 9 12 9 25 2.70999124060388841 16 15 2 5 23 3 2 6 6 1 1 10 14 32 3 11 10 12 3 8 2 12 2 8 4 13 11 9 26 2 18 15 7 2 28 4 1 16 10 15 30 1 24.7621015310287476 67.9441883040738048 
11 26 13 6 26 3 15 30 8 14 8 2 1 18 3 4 14 2 9 14 12 16 12 13 12 5.34074699537910114 12 3 3 12 8 24 4 17 31 7 14 18 3 1 28 6 14 1 6 4 12 6.96245171630185755 4 25 8 1 30 2 17 9 2 14 32 6 18.253373920917511 208.389387306879541 

Current Evaluation = 30000000(30000040)
Front Size = 38
1 24 5 2 3 3 18 26 4 3 28 11 4 9 12 9 25 2.70999124060388841 16 15 2 5 23 3 2 6 6 1 1 10 14 32 3 1 3 7 3 8 2 12 2 8 4 13 11 14 1 10 17 24 2.70999124060388841 6 32 9 1 16 10 15 30 1 20.070504903793335 97.1647913411546398 
5 31 11 17 32 5 1 25 12 4 6 11 10 17 6 2 22 10 17 6 9 6 23 2 15 15 4 1 32 12 3.36768017929769181 12 13 2 24 13 12 16.1354543567662532 6 1 1 12 4.94126535182462057 6 9.82524131762891173 6 1 10 14 11 10 12 18 1 2 14 8 14 9 2 19.0936529040336609 173.649387306587073 
1 24 5 2 3 3 17 31 8 3 28 11 4 9 12 9 25 2.70999124060388841 16 15 2 5 23 3 2 6 6 1 1 10 14 32 3 4 31 11 3 8 2 12 2 8 4 13 11 14 16 8 18 15 7 6 6 12 1 16 10 15 30 1 20.7205576300621033 92.6972432972432756 
1 24 5 2 3 3 17 31 8 3 28 11 4 9 12 9 25 2.70999124060388841 16 15 2 5 23 3 2 6 6 1 1 10 14 32 3 6 12 9 3 8 2 12 2 8 4 13 11 16 27 2 18 15 7 10 6 5 1 16 10 15 30 1 22.2850335836410522 79.3332042297485884 
1 32 1 10 12 13 16 19 3 12 26 3 4 15 11 6 18 5 14 16 10 9 30 6 14 6 5 1 28 5 15 14 9 10 24 2.70999124060388841 4 9 1 6 13 9 14 18 6.96245171630185755 17 28 3.84646942076222631 8 24 6 14 1 3 4 15 1 17 6 13 18.9458080530166626 177.284205500381972 
1 24 5 2 3 3 17 31 8 3 28 11 4 9 12 9 25 2.70999124060388841 16 15 2 5 23 3 2 6 6 1 1 10 14 32 3 3.36768017929769181 5 12 3 8 2 12 2 8 4 13 11 12 20 13 18 15 7 14 24 4 1 16 10 15 30 1 20.6320537030696869 94.9686387926209221 
1 24 5 2 3 3 17 31 8 3 28 11 4 9 12 9 25 2.70999124060388841 16 15 2 5 23 3 2 6 6 1 1 10 14 32 3 11 10 12 3 8 2 12 2 8 4 13 11 16 27 2 18 15 7 6 6 5 1 16 10 15 30 1 25.2290674448013306 65.9848799717954364 
1 24 5 2 3 3 17 31 8 3 28 11 4 9 12 9 25 2.70999124060388841 16 15 2 5 23 3 2 6 6 1 1 10 14 32 3 14 18 12 3 8 2 12 2 8 4 13 11 16 26 12 18 15 7 2 32 10 1 16 10 15 30 1 20.7786576747894287 91.3866060143309085 
1 24 5 2 3 3 17 31 8 3 28 11 4 9 12 9 25 2.70999124060388841 16 15 2 5 23 3 2 6 6 1 1 10 14 32 3 11 10 12 3 8 2 12 2 8 4 13 11 16 27 2 18 15 7 14 26 9 1 16 10 15 30 1 25.0690944492816925 67.6158389351733007 
6 23 3 16 31 11 4 26 9 14 32 2 13 8 5 8 25 6 6 18 5 3 5 4 16 20 2 13 26 8 4 15 7 10 31 10 6 2 2.70999124060388841 6 12 11 9.25570237641795579 24 7 3 2 10 14 30 12 14 31 7 5 33 9 13 18 7 18.2255069613456726 217.983140139584293 
1 24 5 2 3 3 17 31 8 6 30 8 4 9 12 9 25 2.70999124060388841 16 15 2 5 23 3 2 6 6 1 1 10 14 32 3 6 32 6 3 8 2 12 2 8 4 13 11 3.36768017929769181 24 2 18 15 7 13 31 3 1 16 10 8 20 9 19.7378066778182983 120.448998496630082 
1 24 5 2 3 3 17 31 8 3 28 11 4 9 12 9 25 2.70999124060388841 16 15 2 5 23 3 2 6 6 1 1 10 14 32 3 6 30 6 3 8 2 12 2 8 4 13 11 16 27 2 18 15 7 14 26 5 1 16 10 15 30 1 21.7269145846366882 81.7895790634135835 
1 24 5 2 3 3 17 31 8 3 28 11 4 9 12 9 25 2.70999124060388841 16 15 2 5 23 3 2 6 6 1 1 10 14 32 3 11 10 12 3 8 2 12 2 8 4 13 11 9 26 2 18 15 7 2 28 4 1 16 10 15 30 1 24.7621015310287476 67.9441883040738048 
11 26 13 6 26 3 15 30 8 14 8 2 1 18 3 4 14 2 9 14 12 16 12 13 12 5.34074699537910114 12 3 3 12 8 24 4 17 31 7 14 18 3 1 28 6 14 1 6 4 12 6.96245171630185755 4 25 8 1 30 2 17 9 2 14 32 6 18.253373920917511 208.389387306879541 
1 24 5 2 3 3 17 31 8 3 28 11 4 9 12 9 25 2.70999124060388841 16 15 2 5 23 3 2 6 6 1 1 10 14 32 3 4 31 11 3 8 2 12 2 8 4 13 11 16 27 2 18 15 7 6 26 6 1 16 10 15 30 1 22.1173475980758667 80.0056665556665365 
1 24 5 2 3 3 17 31 8 3 28 11 4 9 12 9 25 2.70999124060388841 16 15 2 5 23 3 2 6 6 1 1 10 14 32 3 17 9 2 3 8 2 12 2 8 4 13 11 10 19 12 18 15 7 8 1 2 1 16 10 15 30 1 21.6864486932754517 85.4014596961405488 
1 24 5 2 3 3 17 31 8 3 28 11 4 9 12 9 25 2.70999124060388841 16 15 2 5 23 3 2 6 6 1 1 10 14 32 3 10 30 1 3.36768017929769181 8 2 12 2 8 4 13 11 16 27 2 18 15 7 6 3 6.96245171630185755 1 16 10 15 30 1 22.7916426658630371 72.487695967848552 
1 24 5 2 3 3 17 31 8 3 28 11 4 9 12 9 25 2.70999124060388841 16 15 2 5 23 3 2 6 6 1 1 10 14 32 3 11 10 12 3 8 2 12 2 8 4 13 11 15 22 10 18 15 7 14 28 4 1 16 10 15 30 1 24.54179847240448 70.112365275162631 
1 24 5 2 3 3 17 31 8 3 28 11 4 9 12 9 25 2.70999124060388841 16 15 2 5 23 3 2 6 6 1 1 10 14 32 3 11 10 12 3 8 2 12 2 8 4 13 11 16 27 2 18 15 7 10 24 4 1 16 10 15 30 1 25.7675174474716187 65.1794758555594882 
1 3 10 3.36768017929769181 12 6 16 8 11 5 12 8 8 24 8 1 30 7 14 6 5 6 26 4 9 32 5 9 6 11 17 18 12 3 20 2 6 15 13 2 12 1 13 16 9 11 9 6 6 1 2 15 24 4 14 11 4 17 9 4 18.2545238137245178 204.374316318356534 
1 24 5 2 3 3 17 31 8 3 28 11 4 9 12 9 25 2.70999124060388841 16 15 2 6 26 5 2 6 6 1 1 10 14 32 3 11 10 12 3 8 2 12 2 8 4 13 11 16 27 2 18 15 7 5 4 3 1 16 10 15 30 1 27.0546665191650391 63.478936408488849 
1 24 5 2 3 3 17 31 8 3 28 11 4 9 12 9 25 2.70999124060388841 16 15 2 5 23 3 2 6 6 1 1 10 14 32 3 11 10 12 3 8 2 12 2 8 4 13 11 16 27 2 18 15 7 10 6 9 1 16 10 15 30 1 25.6976584196090698 65.7019567152215416 
1 24 5 2 3 3 17 31 8 3 28 11 4 9 12 9 25 2.70999124060388841 16 15 2 5 23 3 2 6 6 1 1 10 14 32 3 11 10 12 3 8 2 12 2 8 4 13 11 16 27 2 18 15 7 5 4 3 1 16 10 15 30 1 28.1761125326156616 62.123414156667998 
1 24 5 2 3 3 17 31 8 3 28 11 4 9 12 9 25 2.70999124060388841 16 15 2 5 23 3 2 6 6 1 1 10 14 32 3 11 10 12 3 8 2 12 2 8 4 13 11 16 20 12 18 15 7 14 1 5 1 16 10 15 30 1 23.701338529586792 71.9163822671600457 
1 24 5 2 3 3 17 31 8 3 28 11 4 9 12 9 25 2.70999124060388841 16 15 2 5 23 3 2 6 6 1 1 10 14 32 3 9 9 13 3 8 2 12 2 8 4 13 11 16 27 2 18 15 7 6 32 7 1 16 10 15 30 1 22.3379486203193665 79.0232175512648496 
1 24 5 2 3 3 17 31 8 3 28 11 4 9 12 9 25 2.70999124060388841 16 15 2 5 23 3 2 6 6 1 1 10 14 32 3 11 10 12 3 8 2 12 2 8 4 13 11 16 27 2 18 15 7 10 1 9 1 16 10 15 30 1 25.7859934568405151 64.4683589925039797 
1 24 5 2 3 3 17 31 8 3 28 11 4 9 12 9 25 2.70999124060388841 16 15 2 4 20 2.70999124060388841 2 6 6 1 1 10 14 32 3 17 26 4 3 8 2 12 2 8 4 13 11 14 16 10 18 15 7 3 19 13 1 16 10 15 30 1 19.9122147560119629 107.53973320044625 
1 24 5 2 3 3 17 31 8 3 28 11 4 9 12 9 25 2.70999124060388841 16 15 2 5 23 3 2 6 6 1 1 10 14 32 3 15 9 5 3 8 2 12 2 8 4 13 11 16 27 2 18 15 7 2 19 3 1 16 10 15 30 1 22.6681056618690491 76.4461937128322404 
1 24 5 2 3 3 17 31 8 3 28 11 4 9 12 9 25 2.70999124060388841 16 15 2 5 23 3 2 6 6 1 1 10 14 32 3 11 10 12 3 8 2 12 2 8 4 13 11 16 27 2 18 15 7 14 24 5 1 16 10 15 30 1 25.1152344346046448 66.2812440626409511 
13 1 1 6 24 9 4 5.34074699537910114 12 14 24 11 17 26 3 13 6 13 6 23 13 13 1 2 6 18 4 8 12 4 2 25 1 12 15 9 2 30 5 1 20 13 1 15 4 16 17 8 14 11 1 2 26 10 16 20 2 17 19 12 17.2976190447807312 245.771083866408617 
1 24 5 2 3 3 17 31 8 3 28 11 4 9 12 9 25 2.70999124060388841 16 15 2 5 23 3 2 6 6 1 1 10 14 32 3 11 10 12 3 8 2 12 2 8 4 13 11 16 27 2 18 15 7 6 19 4 1 16 10 15 30 1 25.4923314452171326 65.7713389316668042 
1 24 5 2 3 3 17 31 8 3 28 11 4 9 12 9 25 2.70999124060388841 16 15 2 5 23 3 2 6 6 1 1 10 14 32 3 11 10 12 3 8 2 12 2 8 4 13 11 16 27 2 18 15 7 10 6 4 1 16 10 15 30 1 25.7256824970245361 65.5723385227011448 
17 20 9 12 5 6 2 7 2.70999124060388841 6 31 8 3 6 13 15 16.1354543567662532 3.84646942076222631 14 19 6 13.2195649013323386 1 3 9 3 11 12 31 12 6 32 13.151007650947605 14 11 7 4 5 2 13 12 1 14 32 13 3 15 7.75241283629571765 15 24 3 2 9 6 14 1 3 14 9 9 17.5260226130485535 218.84787982019219 
1 24 5 15 3 7 17 31 8 3 28 11 4 9 12 9 25 2.70999124060388841 16 15 2 5 23 3 2 6 6 1 1 10 14 32 3 11 10 12 3 8 2 12 2 8 4 13 11 16 27 2 18 15 7 5 4 3 1 16 10 15 30 1 27.9259504675865173 63.2218201684734566 
1 24 5 2 3 3 17 31 8 3 28 11 4 9 12 9 25 2.70999124060388841 16 15 2 5 23 3 2 6 6 1 1 10 14 32 3 2 3 4 3 8 2 12 2 8 4 13 11 16 27 2 9 1 10 6 32 9 1 16 10 15 30 1 21.4633235931396484 88.9655215431334625 
1 24 5 2 3 3 17 31 8 3 28 11 4 9 12 9 25 2.70999124060388841 16 15 2 5 23 3 2 6 6 1 1 10 14 32 3 11 10 12 3 8 2 12 2 8 4 13 11 16 27 2 14 1 6 15 26 9 1 16 10 15 30 1 24.2387984395027161 71.5713426851092578 
1 24 5 2 3 3 17 31 8 3 28 11 4 9 12 9 25 2.70999124060388841 16 15 2 5 23 3 2 6 6 1 1 10 14 32 3 15 30 6 3 8 2 12 2 8 4 13 11 6 22 10 18 15 7 2 3 6 1 16 10 15 30 1 21.2521487474441528 89.5353648302052534 
6 32 2.70999124060388841 9.25570237641795579 9 3.84646942076222631 15 24 5 3 5 9.82524131762891173 17.8244721320812971 26 4 4 5 13 3 9 2 2 25 4 1 6 2 4 24 9 6 6 9 15 1 12 13 28 7.75241283629571765 9 20 4 14 19 4 11 24 3 17 28 9 1 7 2 3 16 11 1.62229798836725392 30 3 18.2536798119544983 207.098593073593065 

Current Evaluation = 40000000(40000100)
Front Size = 46
1 24 5 2 3 3 18 26 4 3 28 11 4 9 12 9 25 2.70999124060388841 16 15 2 5 23 3 2 6 6 1 1 10 14 32 3 1 3 7 3 8 2 12 2 8 4 13 11 14 1 10 17 24 2.70999124060388841 6 32 9 1 16 10 15 30 1 20.070504903793335 97.1647913411546398 
5 31 11 17 32 5 1 25 12 4 6 11 10 17 6 2 22 10 17 6 9 6 23 2 15 15 4 1 32 12 3.36768017929769181 12 13 2 24 13 12 16.1354543567662532 6 1 1 12 4.94126535182462057 6 9.82524131762891173 6 1 10 14 11 10 12 18 1 2 14 8 14 9 2 19.0936529040336609 173.649387306587073 
1 24 5 2 3 3 17 31 8 3 28 11 4 9 12 9 25 2.70999124060388841 16 15 2 5 23 3 2 6 6 1 1 10 14 32 3 4 31 11 3 8 2 12 2 8 4 13 11 14 16 8 18 15 7 6 6 12 1 16 10 15 30 1 20.7205576300621033 92.6972432972432756 
1 32 1 10 12 13 16 19 3 12 26 3 4 15 11 6 18 5 14 16 10 9 30 6 14 6 5 1 28 5 15 14 9 10 24 2.70999124060388841 4 9 1 6 13 9 14 18 6.96245171630185755 17 28 3.84646942076222631 8 24 6 14 1 3 4 15 1 17 6 13 18.9458080530166626 177.284205500381972 
1 24 5 2 3 3 17 31 8 3 28 11 4 9 12 9 25 2.70999124060388841 16 15 2 5 23 3 2 6 6 1 1 10 14 32 3 3.36768017929769181 5 12 3 8 2 12 2 8 4 13 11 12 20 13 18 15 7 14 24 4 1 16 10 15 30 1 20.6320537030696869 94.9686387926209221 
1 24 5 2 3 3 17 31 8 3 28 11 4 9 12 9 25 2.70999124060388841 16 15 2 5 23 3 2 6 6 1 1 10 14 32 3 11 10 12 3 8 2 12 2 8 4 13 11 16 27 2 18 15 7 6 6 5 1 16 10 15 30 1 25.2290674448013306 65.9848799717954364 
1 24 5 2 3 3 17 31 8 3 28 11 4 9 12 9 25 2.70999124060388841 16 15 2 5 23 3 2 6 6 1 1 10 14 32 3 14 18 12 3 8 2 12 2 8 4 13 11 16 26 12 18 15 7 2 32 10 1 16 10 15 30 1 20.7786576747894287 91.3866060143309085 
1 24 5 2 3 3 17 31 8 3 28 11 4 9 12 9 25 2.70999124060388841 16 15 2 5 23 3 2 6 6 1 1 10 14 32 3 11 10 12 3 8 2 12 2 8 4 13 11 9 26 2 18 15 7 2 28 4 1 16 10 15 30 1 24.7621015310287476 67.9441883040738048 
11 26 13 6 26 3 15 30 8 14 8 2 1 18 3 4 14 2 9 14 12 16 12 13 12 5.34074699537910114 12 3 3 12 8 24 4 17 31 7 14 18 3 1 28 6 14 1 6 4 12 6.96245171630185755 4 25 8 1 30 2 17 9 2 14 32 6 18.253373920917511 208.389387306879541 
1 24 5 2 3 3 17 31 8 3 28 11 4 9 12 9 25 2.70999124060388841 16 15 2 5 23 3 2 6 6 1 1 10 14 32 3 10 30 1 3.36768017929769181 8 2 12 2 8 4 13 11 16 27 2 18 15 7 6 3 6.96245171630185755 1 16 10 15 30 1 22.7916426658630371 72.487695967848552 
1 24 5 2 3 3 17 31 8 3 28 11 4 9 12 9 25 2.70999124060388841 16 15 2 5 23 3 2 6 6 1 1 10 14 32 3 11 10 12 3 8 2 12 2 8 4 13 11 15 22 10 18 15 7 14 28 4 1 16 10 15 30 1 24.54179847240448 70.112365275162631 
1 3 10 3.36768017929769181 12 6 16 8 11 5 12 8 8 24 8 1 30 7 14 6 5 6 26 4 9 32 5 9 6 11 17 18 12 3 20 2 6 15 13 2 12 1 13 16 9 11 9 6 6 1 2 15 24 4 14 11 4 17 9 4 18.2545238137245178 204.374316318356534 
1 24 5 2 3 3 17 31 8 3 28 11 4 9 12 9 25 2.70999124060388841 16 15 2 6 26 5 2 6 6 1 1 10 14 32 3 11 10 12 3 8 2 12 2 8 4 13 11 16 27 2 18 15 7 5 4 3 1 16 10 15 30 1 27.0546665191650391 63.478936408488849 
1 24 5 2 3 3 17 31 8 3 28 11 4 9 12 9 25 2.70999124060388841 16 15 2 5 23 3 2 6 6 1 1 10 14 32 3 11 10 12 3 8 2 12 2 8 4 13 11 16 27 2 18 15 7 10 6 9 1 16 10 15 30 1 25.6976584196090698 65.7019567152215416 
1 24 5 2 3 3 17 31 8 3 28 11 4 9 12 9 25 2.70999124060388841 16 15 2 5 23 3 2 6 6 1 1 10 14 32 3 11 10 12 3 8 2 12 2 8 4 13 11 16 27 2 18 15 7 5 4 3 1 16 10 15 30 1 28.1761125326156616 62.123414156667998 
1 24 5 2 3 3 17 31 8 3 28 11 4 9 12 9 25 2.70999124060388841 16 15 2 5 23 3 2 6 6 1 1 10 14 32 3 11 10 12 3 8 2 12 2 8 4 13 11 16 20 12 18 15 7 14 1 5 1 16 10 15 30 1 23.701338529586792 71.9163822671600457 
1 24 5 2 3 3 17 31 8 3 28 11 4 9 12 9 25 2.70999124060388841 16 15 2 5 23 3 2 6 6 1 1 10 14 32 3 11 10 12 3 8 2 12 2 8 4 13 11 16 27 2 18 15 7 10 1 9 1 16 10 15 30 1 25.7859934568405151 64.4683589925039797 
1 24 5 2 3 3 17 31 8 3 28 11 4 9 12 9 25 2.70999124060388841 16 15 2 4 20 2.70999124060388841 2 6 6 1 1 10 14 32 3 17 26 4 3 8 2 12 2 8 4 13 11 14 16 10 18 15 7 3 19 13 1 16 10 15 30 1 19.9122147560119629 107.53973320044625 
1 24 5 2 3 3 17 31 8 3 28 11 4 9 12 9 25 2.70999124060388841 16 15 2 5 23 3 2 6 6 1 1 10 14 32 3 15 9 5 3 8 2 12 2 8 4 13 11 16 27 2 18 15 7 2 19 3 1 16 10 15 30 1 22.6681056618690491 76.4461937128322404 
1 24 5 2 3 3 17 31 8 3 28 11 4 9 12 9 25 2.70999124060388841 16 15 2 5 23 3 2 6 6 1 1 10 14 32 3 11 10 12 3 8 2 12 2 8 4 13 11 16 27 2 18 15 7 14 24 5 1 16 10 15 30 1 25.1152344346046448 66.2812440626409511 
13 1 1 6 24 9 4 5.34074699537910114 12 14 24 11 17 26 3 13 6 13 6 23 13 13 1 2 6 18 4 8 12 4 2 25 1 12 15 9 2 30 5 1 20 13 1 15 4 16 17 8 14 11 1 2 26 10 16 20 2 17 19 12 17.2976190447807312 245.771083866408617 
1 24 5 2 3 3 17 31 8 3 28 11 4 9 12 9 25 2.70999124060388841 16 15 2 5 23 3 2 6 6 1 1 10 14 32 3 11 10 12 3 8 2 12 2 8 4 13 11 16 27 2 18 15 7 6 19 4 1 16 10 15 30 1 25.4923314452171326 65.7713389316668042 
1 24 5 2 3 3 17 31 8 3 28 11 4 9 12 9 25 2.70999124060388841 16 15 2 5 23 3 2 6 6 1 1 10 14 32 3 11 10 12 3 8 2 12 2 8 4 13 11 16 27 2 18 15 7 10 6 4 1 16 10 15 30 1 25.7256824970245361 65.5723385227011448 
17 20 9 12 5 6 2 7 2.70999124060388841 6 31 8 3 6 13 15 16.1354543567662532 3.84646942076222631 14 19 6 13.2195649013323386 1 3 9 3 11 12 31 12 6 32 13.151007650947605 14 11 7 4 5 2 13 12 1 14 32 13 3 15 7.75241283629571765 15 24 3 2 9 6 14 1 3 14 9 9 17.5260226130485535 218.84787982019219 
1 24 5 15 3 7 17 31 8 3 28 11 4 9 12 9 25 2.70999124060388841 16 15 2 5 23 3 2 6 6 1 1 10 14 32 3 11 10 12 3 8 2 12 2 8 4 13 11 16 27 2 18 15 7 5 4 3 1 16 10 15 30 1 27.9259504675865173 63.2218201684734566 
1 24 5 2 3 3 17 31 8 3 28 11 4 9 12 9 25 2.70999124060388841 16 15 2 5 23 3 2 6 6 1 1 10 14 32 3 2 3 4 3 8 2 12 2 8 4 13 11 16 27 2 9 1 10 6 32 9 1 16 10 15 30 1 21.4633235931396484 88.9655215431334625 
1 24 5 2 3 3 17 31 8 3 28 11 4 9 12 9 25 2.70999124060388841 16 15 2 5 23 3 2 6 6 1 1 10 14 32 3 11 10 12 3 8 2 12 2 8 4 13 11 16 27 2 14 1 6 15 26 9 1 16 10 15 30 1 24.2387984395027161 71.5713426851092578 
1 24 5 2 3 3 17 31 8 3 28 11 4 9 12 9 25 2.70999124060388841 16 15 2 5 23 3 2 6 6 1 1 10 14 32 3 15 30 6 3 8 2 12 2 8 4 13 11 6 22 10 18 15 7 2 3 6 1 16 10 15 30 1 21.2521487474441528 89.5353648302052534 
6 32 2.70999124060388841 9.25570237641795579 9 3.84646942076222631 15 24 5 3 5 9.82524131762891173 17.8244721320812971 26 4 4 5 13 3 9 2 2 25 4 1 6 2 4 24 9 6 6 9 15 1 12 13 28 7.75241283629571765 9 20 4 14 19 4 11 24 3 17 28 9 1 7 2 3 16 11 1.62229798836725392 30 3 18.2536798119544983 207.098593073593065 
1 24 5 2 3 3 17 31 8 3 28 11 4 9 12 9 25 2.70999124060388841 16 15 2 5 23 3 2 6 6 1 1 10 14 32 3 13 25 12 3 8 2 12 2 8 4 13 11 17 19 2 18 15 7 10 20 5 1 16 10 15 30 1 21.271536648273468 89.4059755471880777 
6 26 12 17 12 12 15 7 12 14 30 4 3 6 4 4 25 8 3.36768017929769181 16 12 5 2 13 6 30 11 4 20 13 9 9 4 17 15 2 3 18 2 14 24 4 2 32 10 12 17 5 9 6 7 16 15 10 9 20 2 13 30 6.96245171630185755 17.8382869958877563 212.92492246315777 
1 24 5 2 3 3 17 31 8 3 28 11 4 9 12 9 25 2.70999124060388841 16 15 2 5 23 3 2 6 6 1 1 10 14 32 3 1 6 10 3 8 2 12 2 8 4 13 11 13 5 13 18 15 7 6 26 3 1 16 10 15 30 1 20.5780935883522034 96.0594728995447298 
1 24 5 2 3 3 17 31 8 3 28 11 4 9 12 9 25 2.70999124060388841 16 15 2 5 23 3 2 6 6 1 1 10 14 32 3 6 24 4 3 8 2 12 2 8 4 13 11 16 27 2 18 15 7 14 26 5 1 16 10 15 30 1 21.6641266345977783 81.2974761460600206 
1 24 5 2 3 3 17 31 8 3 28 11 4 9 12 9 25 2.70999124060388841 16 15 2 5 23 3 2 6 6 1 1 10 14 32 3 17 30 12 3 8 2 12 2 8 4 13 11 2 20 4 18 15 7 13 18 7 1 16 10 15 30 1 20.5791366696357727 95.7335292036239167 
1 24 5 2 3 3 17 31 8 3 28 11 4 9 12 9 25 2.70999124060388841 16 15 2 5 23 3 2 6 6 1 1 10 14 32 3 9 30 11 3 8 2 12 2 8 4 13 11 16 22 5 18 15 7 14 18 5 1 16 10 15 30 1 20.9951947927474976 90.7923991360693918 
1 24 5 2 3 3 17 31 8 3 28 11 4 9 12 9 25 2.70999124060388841 16 15 2 5 23 3 2 6 6 1 1 10 14 32 3 11 10 12 3 8 2 12 2 8 4 13 11 16 27 2 18 15 7 10 26 4 1 16 10 15 30 1 25.8114014863967896 63.7776248099894616 
1 24 5 2 3 3 17 31 8 3 28 11 4 9 12 9 25 2.70999124060388841 16 15 2 5 23 3 2 6 6 1 1 10 14 32 3 11 10 12 3 8 2 12 2 8 4 13 11 16 27 2 18 15 7 14 26 9 1 16 10 15 30 1 25.0690944492816925 66.8989868510438015 
1 24 5 2 3 3 17 31 8 3 28 11 4 9 12 9 25 2.70999124060388841 16 15 2 5 23 3 2 6 6 1 1 10 14 32 3 13 25 5 3 8 2 12 2 8 4 13 11 6 15 10 2 12 7 1 1 7 1 16 10 15 30 1 19.5933136343955994 109.31547320453754 
1 24 5 2 3 3 17 31 8 3 28 11 4 9 12 9 25 2.70999124060388841 16 15 2 6 20 10 2 6 6 1 1 10 14 32 3 11 10 12 3 8 2 12 2 8 4 13 11 16 27 2 18 15 7 10 6 4 1 16 10 15 30 1 24.5695574283599854 69.0890805731947211 
1 24 5 2 3 3 17 31 8 3 28 11 4 9 12 9 25 2.70999124060388841 16 15 2 5 23 3 2 6 6 1 1 10 14 32 3 11 10 12 3 8 2 12 2 8 4 13 11 6 3 9 18 15 7 5 1 7 1 16 10 15 30 1 24.3894844651222229 71.4305907160707392 
1 24 5 2 3 3 17 31 8 3 28 11 4 9 12 9 25 2.70999124060388841 16 15 2 5 23 3 2 6 6 1 1 10 14 32 3 15 30 4 3 8 2 12 2 8 4 13 11 16 27 2 18 15 7 6 24 10 1 16 10 15 30 1 21.7856026887893677 78.2911186259945993 
1 24 5 2 3 3 17 31 8 3 28 11 4 9 12 9 25 2.70999124060388841 16 15 2 5 23 3 2 6 6 1 1 10 14 32 3 15 9 5 3 8 2 12 2 8 4 13 11 11 14 11 18 15 7 6 1 10 1 16 10 15 30 1 21.52989262342453 86.5209040837861778 
1 24 5 2 3 3 17 31 8 3 28 11 4 9 12 9 25 2.70999124060388841 16 15 2 5 23 3 2 6 6 1 1 10 14 32 3 11 10 12 3 8 2 12 2 8 4 13 11 16 27 2 18 15 7 10 24 4 1 16 10 15 30 1 25.7675174474716187 65.0317319507427811 
1 24 5 2 3 3 17 31 8 3 28 11 4 9 12 9 25 2.70999124060388841 16 15 2 5 23 3 2 6 6 1 1 10 14 32 3 13 30 10 3 8 2 12 2 8 4 13 11 12 24 13 18 15 7 15 6 3 1 16 10 15 30 1 20.4536426067352295 96.7986888973095745 
1 24 5 2 3 3 17 31 8 3 28 11 4 9 12 9 25 2.70999124060388841 16 15 2 14 32 7 2 6 6 1 1 10 14 32 3 11 10 12 3 8 2 12 2 8 4 13 11 16 27 2 18 15 7 2 22 4 1 16 10 15 30 1 24.4876374006271362 71.3145479930885955 
1 24 5 2 3 3 17 31 8 3 28 11 4 9 12 9 25 2.70999124060388841 16 15 2 5 23 3 2 6 6 1 1 10 14 32 3 11 10 12 3 8 2 12 2 8 4 13 11 16 27 2 18 15 7 14 32 9 1 16 10 15 30 1 25.0384804606437683 67.7669112575386663 

Current Evaluation = 50000000(50000020)
Front Size = 41
1 24 5 2 3 3 18 26 4 3 28 11 4 9 12 9 25 2.70999124060388841 16 15 2 5 23 3 2 6 6 1 1 10 14 32 3 1 3 7 3 8 2 12 2 8 4 13 11 14 1 10 17 24 2.70999124060388841 6 32 9 1 16 10 15 30 1 20.070504903793335 97.1647913411546398 
5 31 11 17 32 5 1 25 12 4 6 11 10 17 6 2 22 10 17 6 9 6 23 2 15 15 4 1 32 12 3.36768017929769181 12 13 2 24 13 12 16.1354543567662532 6 1 1 12 4.94126535182462057 6 9.82524131762891173 6 1 10 14 11 10 12 18 1 2 14 8 14 9 2 19.0936529040336609 173.649387306587073 
1 24 5 2 3 3 17 31 8 3 28 11 4 9 12 9 25 2.70999124060388841 16 15 2 5 23 3 2 6 6 1 1 10 14 32 3 4 31 11 3 8 2 12 2 8 4 13 11 14 16 8 18 15 7 6 6 12 1 16 10 15 30 1 20.7205576300621033 92.6972432972432756 
1 32 1 10 12 13 16 19 3 12 26 3 4 15 11 6 18 5 14 16 10 9 30 6 14 6 5 1 28 5 15 14 9 10 24 2.70999124060388841 4 9 1 6 13 9 14 18 6.96245171630185755 17 28 3.84646942076222631 8 24 6 14 1 3 4 15 1 17 6 13 18.9458080530166626 177.284205500381972 
1 24 5 2 3 3 17 31 8 3 28 11 4 9 12 9 25 2.70999124060388841 16 15 2 5 23 3 2 6 6 1 1 10 14 32 3 3.36768017929769181 5 12 3 8 2 12 2 8 4 13 11 12 20 13 18 15 7 14 24 4 1 16 10 15 30 1 20.6320537030696869 94.9686387926209221 
1 24 5 2 3 3 17 31 8 3 28 11 4 9 12 9 25 2.70999124060388841 16 15 2 5 23 3 2 6 6 1 1 10 14 32 3 14 18 12 3 8 2 12 2 8 4 13 11 16 26 12 18 15 7 2 32 10 1 16 10 15 30 1 20.7786576747894287 91.3866060143309085 
1 24 5 2 3 3 17 31 8 3 28 11 4 9 12 9 25 2.70999124060388841 16 15 2 5 23 3 2 6 6 1 1 10 14 32 3 11 10 12 3 8 2 12 2 8 4 13 11 9 26 2 18 15 7 2 28 4 1 16 10 15 30 1 24.7621015310287476 67.9441883040738048 
11 26 13 6 26 3 15 30 8 14 8 2 1 18 3 4 14 2 9 14 12 16 12 13 12 5.34074699537910114 12 3 3 12 8 24 4 17 31 7 14 18 3 1 28 6 14 1 6 4 12 6.96245171630185755 4 25 8 1 30 2 17 9 2 14 32 6 18.253373920917511 208.389387306879541 
1 24 5 2 3 3 17 31 8 3 28 11 4 9 12 9 25 2.70999124060388841 16 15 2 5 23 3 2 6 6 1 1 10 14 32 3 10 30 1 3.36768017929769181 8 2 12 2 8 4 13 11 16 27 2 18 15 7 6 3 6.96245171630185755 1 16 10 15 30 1 22.7916426658630371 72.487695967848552 
1 3 10 3.36768017929769181 12 6 16 8 11 5 12 8 8 24 8 1 30 7 14 6 5 6 26 4 9 32 5 9 6 11 17 18 12 3 20 2 6 15 13 2 12 1 13 16 9 11 9 6 6 1 2 15 24 4 14 11 4 17 9 4 18.2545238137245178 204.374316318356534 
1 24 5 2 3 3 17 31 8 3 28 11 4 9 12 9 25 2.70999124060388841 16 15 2 5 23 3 2 6 6 1 1 10 14 32 3 11 10 12 3 8 2 12 2 8 4 13 11 16 27 2 18 15 7 5 4 3 1 16 10 15 30 1 28.1761125326156616 62.123414156667998 
1 24 5 2 3 3 17 31 8 3 28 11 4 9 12 9 25 2.70999124060388841 16 15 2 5 23 3 2 6 6 1 1 10 14 32 3 11 10 12 3 8 2 12 2 8 4 13 11 16 27 2 18 15 7 10 1 9 1 16 10 15 30 1 25.7859934568405151 64.4683589925039797 
1 24 5 2 3 3 17 31 8 3 28 11 4 9 12 9 25 2.70999124060388841 16 15 2 4 20 2.70999124060388841 2 6 6 1 1 10 14 32 3 17 26 4 3 8 2 12 2 8 4 13 11 14 16 10 18 15 7 3 19 13 1 16 10 15 30 1 19.9122147560119629 107.53973320044625 
1 24 5 2 3 3 17 31 8 3 28 11 4 9 12 9 25 2.70999124060388841 16 15 2 5 23 3 2 6 6 1 1 10 14 32 3 15 9 5 3 8 2 12 2 8 4 13 11 16 27 2 18 15 7 2 19 3 1 16 10 15 30 1 22.6681056618690491 76.4461937128322404 
13 1 1 6 24 9 4 5.34074699537910114 12 14 24 11 17 26 3 13 6 13 6 23 13 13 1 2 6 18 4 8 12 4 2 25 1 12 15 9 2 30 5 1 20 13 1 15 4 16 17 8 14 11 1 2 26 10 16 20 2 17 19 12 17.2976190447807312 245.771083866408617 
17 20 9 12 5 6 2 7 2.70999124060388841 6 31 8 3 6 13 15 16.1354543567662532 3.84646942076222631 14 19 6 13.2195649013323386 1 3 9 3 11 12 31 12 6 32 13.151007650947605 14 11 7 4 5 2 13 12 1 14 32 13 3 15 7.75241283629571765 15 24 3 2 9 6 14 1 3 14 9 9 17.5260226130485535 218.84787982019219 
1 24 5 2 3 3 17 31 8 3 28 11 4 9 12 9 25 2.70999124060388841 16 15 2 5 23 3 2 6 6 1 1 10 14 32 3 15 30 6 3 8 2 12 2 8 4 13 11 6 22 10 18 15 7 2 3 6 1 16 10 15 30 1 21.2521487474441528 89.5353648302052534 
6 32 2.70999124060388841 9.25570237641795579 9 3.84646942076222631 15 24 5 3 5 9.82524131762891173 17.8244721320812971 26 4 4 5 13 3 9 2 2 25 4 1 6 2 4 24 9 6 6 9 15 1 12 13 28 7.75241283629571765 9 20 4 14 19 4 11 24 3 17 28 9 1 7 2 3 16 11 1.62229798836725392 30 3 18.2536798119544983 207.098593073593065 
1 24 5 2 3 3 17 31 8 3 28 11 4 9 12 9 25 2.70999124060388841 16 15 2 5 23 3 2 6 6 1 1 10 14 32 3 13 25 12 3 8 2 12 2 8 4 13 11 17 19 2 18 15 7 10 20 5 1 16 10 15 30 1 21.271536648273468 89.4059755471880777 
6 26 12 17 12 12 15 7 12 14 30 4 3 6 4 4 25 8 3.36768017929769181 16 12 5 2 13 6 30 11 4 20 13 9 9 4 17 15 2 3 18 2 14 24 4 2 32 10 12 17 5 9 6 7 16 15 10 9 20 2 13 30 6.96245171630185755 17.8382869958877563 212.92492246315777 
1 24 5 2 3 3 17 31 8 3 28 11 4 9 12 9 25 2.70999124060388841 16 15 2 5 23 3 2 6 6 1 1 10 14 32 3 6 24 4 3 8 2 12 2 8 4 13 11 16 27 2 18 15 7 14 26 5 1 16 10 15 30 1 21.6641266345977783 81.2974761460600206 
1 24 5 2 3 3 17 31 8 3 28 11 4 9 12 9 25 2.70999124060388841 16 15 2 5 23 3 2 6 6 1 1 10 14 32 3 9 30 11 3 8 2 12 2 8 4 13 11 16 22 5 18 15 7 14 18 5 1 16 10 15 30 1 20.9951947927474976 90.7923991360693918 
1 24 5 2 3 3 17 31 8 3 28 11 4 9 12 9 25 2.70999124060388841 16 15 2 5 23 3 2 6 6 1 1 10 14 32 3 11 10 12 3 8 2 12 2 8 4 13 11 16 27 2 18 15 7 10 26 4 1 16 10 15 30 1 25.8114014863967896 63.7776248099894616 
1 24 5 2 3 3 17 31 8 3 28 11 4 9 12 9 25 2.70999124060388841 16 15 2 5 23 3 2 6 6 1 1 10 14 32 3 13 25 5 3 8 2 12 2 8 4 13 11 6 15 10 2 12 7 1 1 7 1 16 10 15 30 1 19.5933136343955994 109.31547320453754 
1 24 5 2 3 3 17 31 8 3 28 11 4 9 12 9 25 2.70999124060388841 16 15 2 6 20 10 2 6 6 1 1 10 14 32 3 11 10 12 3 8 2 12 2 8 4 13 11 16 27 2 18 15 7 10 6 4 1 16 10 15 30 1 24.5695574283599854 69.0890805731947211 
1 24 5 2 3 3 17 31 8 3 28 11 4 9 12 9 25 2.70999124060388841 16 15 2 5 23 3 2 6 6 1 1 10 14 32 3 15 30 4 3 8 2 12 2 8 4 13 11 16 27 2 18 15 7 6 24 10 1 16 10 15 30 1 21.7856026887893677 78.2911186259945993 
1 24 5 2 3 3 17 31 8 3 28 11 4 9 12 9 25 2.70999124060388841 16 15 2 5 23 3 2 6 6 1 1 10 14 32 3 11 10 12 3 8 2 12 2 8 4 13 11 16 27 2 18 15 7 10 24 4 1 16 10 15 30 1 25.7675174474716187 65.0317319507427811 
1 24 5 2 3 3 17 31 8 3 28 11 4 9 12 9 25 2.70999124060388841 16 15 2 5 23 3 2 6 6 1 1 10 14 32 3 13 30 10 3 8 2 12 2 8 4 13 11 12 24 13 18 15 7 15 6 3 1 16 10 15 30 1 20.4536426067352295 96.7986888973095745 
1 24 5 2 3 3 17 31 8 3 28 11 4 9 12 9 25 2.70999124060388841 16 15 2 5 23 3 2 6 6 1 1 10 14 32 3 11 10 12 3 8 2 12 2 8 4 13 11 16 27 2 18 15 7 14 32 9 1 16 10 15 30 1 25.0384804606437683 67.7669112575386663 
8 25 1 15 31 13 4 15 2.70999124060388841 15 1 8 4 18 12 2 30 6 6 6 3 1 22 7 13 26 5 15 19 1 13 12 6.96245171630185755 11 31 5 12 30 8 4.94126535182462057 30 7 14 12 9 6 30 10 15 9 6 3 25 10 6 31 9.82524131762891173 5 20 2 17.374510794878006 242.366134029369306 
1 24 5 2 3 3 17 31 8 3 28 11 4 9 12 9 25 2.70999124060388841 16 15 2 5 23 3 2 6 6 1 1 10 14 32 3 9 31 11 3 8 2 12 2 8 4 13 11 16 27 2 18 15 7 10 19 6 1 16 10 15 30 1 23.1075935363769531 69.9775536382502139 
1 24 5 2 3 3 17 31 8 15 24 2.70999124060388841 4 9 12 9 25 2.70999124060388841 16 15 2 13 24 9 2 6 6 1 1 10 14 32 3 12 14 6.96245171630185755 3 8 2 12 2 8 4 13 11 16 27 2 4 1 9 4 9 7 1 16 10 15 30 1 19.5411816835403442 146.503524858814728 
1 24 5 2 3 3 17 31 8 3 28 11 4 9 12 9 25 2.70999124060388841 16 15 2 5 23 3 2 6 6 1 1 10 14 32 3 11 10 12 3 8 2 12 2 8 4 13 11 16 27 2 18 15 7 10 24 9 1 16 10 15 30 1 25.7394933700561523 65.3457807425256902 
1 24 5 2 3 3 17 31 8 3 28 11 4 9 12 9 25 2.70999124060388841 16 15 2 5 23 3 2 6 6 1 1 10 14 32 3 6 5 13 3 8 2 12 2 8 4 13 11 14 26 9 18 15 7 6 5 10 1 16 10 15 30 1 20.4955787360668182 95.4798687896211078 
1 24 5 2 3 3 17 31 8 3 28 11 4 9 12 9 25 2.70999124060388841 16 15 2 5 23 3 2 6 6 1 1 10 14 32 3 11 18 12 3 8 2 12 2 8 4 13 11 16 27 2 6 22 5 5 4 3 1 16 10 15 30 1 25.0610086917877197 65.8971148320613054 
1 24 5 2 3 3 17 31 8 3 28 11 4 9 12 9 25 2.70999124060388841 16 15 2 5 23 3 2 6 6 1 1 10 14 32 3 11 10 12 3 8 2 12 2 8 4 13 11 16 27 2 18 15 7 10 19 4 1 16 10 15 30 1 26.0509464740753174 63.7007388181782517 
1 24 5 2 3 3 17 31 8 3 28 11 4 9 12 9 25 2.70999124060388841 16 15 2 5 23 3 2 6 6 1 1 10 14 32 3 8 30 13 3 8 2 12 2 8 4 13 11 3 23 2 18 15 7 2 14 9 1 16 10 15 30 1 21.5071415901184082 87.7090518919355304 
1 24 5 2 3 3 17 31 8 3 28 11 4 9 12 9 25 2.70999124060388841 16 15 2 5 23 3 2 6 6 1 1 10 14 32 3 9 19 7 3 8 2 12 2 8 4 13 11 16 9 12 18 15 7 2 26 6 1 16 10 15 30 1 21.4264566898345947 88.955075593097348 
1 24 5 2 3 3 17 31 8 3 28 11 4 9 12 9 25 2.70999124060388841 16 15 2 5 23 3 2 6 6 1 1 10 14 32 3 13 31 9 3 8 2 12 2 8 4 13 11 16 27 2 18 15 7 14 24 9 1 16 10 15 30 1 21.521073579788208 85.92290256492889 
1 24 5 2 3 3 17 31 8 3 28 11 4 9 12 9 25 2.70999124060388841 16 15 2 5 23 3 2 6 6 1 1 10 14 32 3 11 10 12 3 8 2 12 2 8 4 13 11 16 27 2 18 15 7 10 19 6 1 16 10 15 30 1 26.1909464597702026 62.8254639070431153 
1 24 5 2 3 3 17 31 8 3 28 11 4 9 12 9 25 2.70999124060388841 16 15 2 5 23 3 2 6 6 1 1 10 14 32 3 11 10 12 3 8 2 12 2 8 4 13 11 16 27 2 18 15 7 14 26 5 1 16 10 15 30 1 25.1591184139251709 65.3510769128009628 

Current Evaluation = 60000000(60000080)
Front Size = 42
1 24 5 2 3 3 18 26 4 3 28 11 4 9 12 9 25 2.70999124060388841 16 15 2 5 23 3 2 6 6 1 1 10 14 32 3 1 3 7 3 8 2 12 2 8 4 13 11 14 1 10 17 24 2.70999124060388841 6 32 9 1 16 10 15 30 1 20.070504903793335 97.1647913411546398 
5 31 11 17 32 5 1 25 12 4 6 11 10 17 6 2 22 10 17 6 9 6 23 2 15 15 4 1 32 12 3.36768017929769181 12 13 2 24 13 12 16.1354543567662532 6 1 1 12 4.94126535182462057 6 9.82524131762891173 6 1 10 14 11 10 12 18 1 2 14 8 14 9 2 19.0936529040336609 173.649387306587073 
1 24 5 2 3 3 17 31 8 3 28 11 4 9 12 9 25 2.70999124060388841 16 15 2 5 23 3 2 6 6 1 1 10 14 32 3 4 31 11 3 8 2 12 2 8 4 13 11 14 16 8 18 15 7 6 6 12 1 16 10 15 30 1 20.7205576300621033 92.6972432972432756 
1 24 5 2 3 3 17 31 8 3 28 11 4 9 12 9 25 2.70999124060388841 16 15 2 5 23 3 2 6 6 1 1 10 14 32 3 3.36768017929769181 5 12 3 8 2 12 2 8 4 13 11 12 20 13 18 15 7 14 24 4 1 16 10 15 30 1 20.6320537030696869 94.9686387926209221 
1 24 5 2 3 3 17 31 8 3 28 11 4 9 12 9 25 2.70999124060388841 16 15 2 5 23 3 2 6 6 1 1 10 14 32 3 14 18 12 3 8 2 12 2 8 4 13 11 16 26 12 18 15 7 2 32 10 1 16 10 15 30 1 20.7786576747894287 91.3866060143309085 
1 24 5 2 3 3 17 31 8 3 28 11 4 9 12 9 25 2.70999124060388841 16 15 2 5 23 3 2 6 6 1 1 10 14 32 3 11 10 12 3 8 2 12 2 8 4 13 11 9 26 2 18 15 7 2 28 4 1 16 10 15 30 1 24.7621015310287476 67.9441883040738048 
11 26 13 6 26 3 15 30 8 14 8 2 1 18 3 4 14 2 9 14 12 16 12 13 12 5.34074699537910114 12 3 3 12 8 24 4 17 31 7 14 18 3 1 28 6 14 1 6 4 12 6.96245171630185755 4 25 8 1 30 2 17 9 2 14 32 6 18.253373920917511 208.389387306879541 
1 24 5 2 3 3 17 31 8 3 28 11 4 9 12 9 25 2.70999124060388841 16 15 2 5 23 3 2 6 6 1 1 10 14 32 3 10 30 1 3.36768017929769181 8 2 12 2 8 4 13 11 16 27 2 18 15 7 6 3 6.96245171630185755 1 16 10 15 30 1 22.7916426658630371 72.487695967848552 
1 3 10 3.36768017929769181 12 6 16 8 11 5 12 8 8 24 8 1 30 7 14 6 5 6 26 4 9 32 5 9 6 11 17 18 12 3 20 2 6 15 13 2 12 1 13 16 9 11 9 6 6 1 2 15 24 4 14 11 4 17 9 4 18.2545238137245178 204.374316318356534 
1 24 5 2 3 3 17 31 8 3 28 11 4 9 12 9 25 2.70999124060388841 16 15 2 5 23 3 2 6 6 1 1 10 14 32 3 11 10 12 3 8 2 12 2 8 4 13 11 16 27 2 18 15 7 5 4 3 1 16 10 15 30 1 28.1761125326156616 62.123414156667998 
13 1 1 6 24 9 4 5.34074699537910114 12 14 24 11 17 26 3 13 6 13 6 23 13 13 1 2 6 18 4 8 12 4 2 25 1 12 15 9 2 30 5 1 20 13 1 15 4 16 17 8 14 11 1 2 26 10 16 20 2 17 19 12 17.2976190447807312 245.771083866408617 
17 20 9 12 5 6 2 7 2.70999124060388841 6 31 8 3 6 13 15 16.1354543567662532 3.84646942076222631 14 19 6 13.2195649013323386 1 3 9 3 11 12 31 12 6 32 13.151007650947605 14 11 7 4 5 2 13 12 1 14 32 13 3 15 7.75241283629571765 15 24 3 2 9 6 14 1 3 14 9 9 17.5260226130485535 218.84787982019219 
6 32 2.70999124060388841 9.25570237641795579 9 3.84646942076222631 15 24 5 3 5 9.82524131762891173 17.8244721320812971 26 4 4 5 13 3 9 2 2 25 4 1 6 2 4 24 9 6 6 9 15 1 12 13 28 7.75241283629571765 9 20 4 14 19 4 11 24 3 17 28 9 1 7 2 3 16 11 1.62229798836725392 30 3 18.2536798119544983 207.098593073593065 
6 26 12 17 12 12 15 7 12 14 30 4 3 6 4 4 25 8 3.36768017929769181 16 12 5 2 13 6 30 11 4 20 13 9 9 4 17 15 2 3 18 2 14 24 4 2 32 10 12 17 5 9 6 7 16 15 10 9 20 2 13 30 6.96245171630185755 17.8382869958877563 212.92492246315777 
1 24 5 2 3 3 17 31 8 3 28 11 4 9 12 9 25 2.70999124060388841 16 15 2 5 23 3 2 6 6 1 1 10 14 32 3 6 24 4 3 8 2 12 2 8 4 13 11 16 27 2 18 15 7 14 26 5 1 16 10 15 30 1 21.6641266345977783 81.2974761460600206 
1 24 5 2 3 3 17 31 8 3 28 11 4 9 12 9 25 2.70999124060388841 16 15 2 5 23 3 2 6 6 1 1 10 14 32 3 11 10 12 3 8 2 12 2 8 4 13 11 16 27 2 18 15 7 10 26 4 1 16 10 15 30 1 25.8114014863967896 63.7776248099894616 
1 24 5 2 3 3 17 31 8 3 28 11 4 9 12 9 25 2.70999124060388841 16 15 2 5 23 3 2 6 6 1 1 10 14 32 3 13 25 5 3 8 2 12 2 8 4 13 11 6 15 10 2 12 7 1 1 7 1 16 10 15 30 1 19.5933136343955994 109.31547320453754 
1 24 5 2 3 3 17 31 8 3 28 11 4 9 12 9 25 2.70999124060388841 16 15 2 6 20 10 2 6 6 1 1 10 14 32 3 11 10 12 3 8 2 12 2 8 4 13 11 16 27 2 18 15 7 10 6 4 1 16 10 15 30 1 24.5695574283599854 69.0890805731947211 
1 24 5 2 3 3 17 31 8 3 28 11 4 9 12 9 25 2.70999124060388841 16 15 2 5 23 3 2 6 6 1 1 10 14 32 3 15 30 4 3 8 2 12 2 8 4 13 11 16 27 2 18 15 7 6 24 10 1 16 10 15 30 1 21.7856026887893677 78.2911186259945993 
1 24 5 2 3 3 17 31 8 3 28 11 4 9 12 9 25 2.70999124060388841 16 15 2 5 23 3 2 6 6 1 1 10 14 32 3 13 30 10 3 8 2 12 2 8 4 13 11 12 24 13 18 15 7 15 6 3 1 16 10 15 30 1 20.4536426067352295 96.7986888973095745 
8 25 1 15 31 13 4 15 2.70999124060388841 15 1 8 4 18 12 2 30 6 6 6 3 1 22 7 13 26 5 15 19 1 13 12 6.96245171630185755 11 31 5 12 30 8 4.94126535182462057 30 7 14 12 9 6 30 10 15 9 6 3 25 10 6 31 9.82524131762891173 5 20 2 17.374510794878006 242.366134029369306 
1 24 5 2 3 3 17 31 8 3 28 11 4 9 12 9 25 2.70999124060388841 16 15 2 5 23 3 2 6 6 1 1 10 14 32 3 9 31 11 3 8 2 12 2 8 4 13 11 16 27 2 18 15 7 10 19 6 1 16 10 15 30 1 23.1075935363769531 69.9775536382502139 
1 24 5 2 3 3 17 31 8 3 28 11 4 9 12 9 25 2.70999124060388841 16 15 2 5 23 3 2 6 6 1 1 10 14 32 3 11 10 12 3 8 2 12 2 8 4 13 11 16 27 2 18 15 7 10 24 9 1 16 10 15 30 1 25.7394933700561523 65.3457807425256902 
1 24 5 2 3 3 17 31 8 3 28 11 4 9 12 9 25 2.70999124060388841 16 15 2 5 23 3 2 6 6 1 1 10 14 32 3 6 5 13 3 8 2 12 2 8 4 13 11 14 26 9 18 15 7 6 5 10 1 16 10 15 30 1 20.4955787360668182 95.4798687896211078 
1 24 5 2 3 3 17 31 8 3 28 11 4 9 12 9 25 2.70999124060388841 16 15 2 5 23 3 2 6 6 1 1 10 14 32 3 11 18 12 3 8 2 12 2 8 4 13 11 16 27 2 6 22 5 5 4 3 1 16 10 15 30 1 25.0610086917877197 65.8971148320613054 
1 24 5 2 3 3 17 31 8 3 28 11 4 9 12 9 25 2.70999124060388841 16 15 2 5 23 3 2 6 6 1 1 10 14 32 3 11 10 12 3 8 2 12 2 8 4 13 11 16 27 2 18 15 7 10 19 4 1 16 10 15 30 1 26.0509464740753174 63.7007388181782517 
1 24 5 2 3 3 17 31 8 3 28 11 4 9 12 9 25 2.70999124060388841 16 15 2 5 23 3 2 6 6 1 1 10 14 32 3 13 31 9 3 8 2 12 2 8 4 13 11 16 27 2 18 15 7 14 24 9 1 16 10 15 30 1 21.521073579788208 85.92290256492889 
1 24 5 2 3 3 17 31 8 3 28 11 4 9 12 9 25 2.70999124060388841 16 15 2 5 23 3 2 6 6 1 1 10 14 32 3 11 10 12 3 8 2 12 2 8 4 13 11 16 27 2 18 15 7 10 19 6 1 16 10 15 30 1 26.1909464597702026 62.8254639070431153 
1 24 5 2 3 3 17 31 8 3 28 11 4 9 12 9 25 2.70999124060388841 16 15 2 5 23 3 2 6 6 1 1 10 14 32 3 11 10 12 3 8 2 12 2 8 4 13 11 16 27 2 18 15 7 14 26 5 1 16 10 15 30 1 25.1591184139251709 65.3510769128009628 
1 24 5 2 3 3 17 31 8 3 28 11 4 9 12 9 25 2.70999124060388841 16 15 2 5 23 3 2 6 6 1 1 10 14 32 3 10 30 8 3 8 2 12 2 8 4 13 11 16 27 2 18 15 7 14 19 5 1 16 10 15 30 1 22.5592746138572693 77.4123429214177889 
1 24 5 2 3 3 17 31 8 3 28 11 4 9 12 9 25 2.70999124060388841 16 15 2 5 23 3 2 6 6 1 1 10 14 32 3 5 31 5 3 8 2 12 2 8 4 13 11 17 24 12 18 15 7 6 32 7 1 16 10 15 30 1 20.9318297505378723 88.5308868156325843 
1 9 13 17 28 9 2 12 3 2 16 2 15 20 6 13 28 10 6 30 4 8 30 4 16 5 7 12 3 2.70999124060388841 4 26 6.96245171630185755 6 14 8 13 20 10 14 15 13 10 30 11 14 6 6 2 1 2 16 1 4 14 32 2 4.94126535182462057 26 9 17.5015279054641724 230.549156837314712 
1 24 5 2 3 3 17 31 8 3 28 11 4 9 12 9 25 2.70999124060388841 16 15 2 5 23 3 2 6 6 1 1 10 14 32 3 6 12 4 3 8 2 12 2 8 4 13 11 1 24 4 18 15 7 14 7 5 1 16 10 15 30 1 20.4609517455101013 95.6562556588522881 
1 24 5 2 3 3 17 31 8 3 28 11 4 9 12 9 25 2.70999124060388841 16 15 2 5 23 3 2 6 6 1 1 10 14 32 3 10 31 13 3 8 2 12 2 8 4 13 11 16 27 2 18 15 7 1 24 6 1 16 10 15 30 1 22.5922996401786804 75.0732715816980658 
17 16 7 6 6 7 14 12 2.70999124060388841 6 24 1 2 24 2 3 1 9 9.25570237641795579 16 1 4 28 3.84646942076222631 3 14 12 13.2195649013323386 3 4 8 32 12 15 2 8 14 6 2 15 28 13.151007650947605 9 25 1 17 24 6 6 12 7.75241283629571765 4 31 6 1 30 12 12 18 1 18.6308970749378204 176.025591252647416 
1 24 5 2 3 3 17 31 8 3 28 11 4 9 12 9 25 2.70999124060388841 16 15 2 5 23 3 2 6 6 1 1 10 14 32 3 11 10 12 3 8 2 12 2 8 4 13 11 16 27 2 18 15 7 14 6 9 1 16 10 15 30 1 24.9833754301071167 67.6300820275135663 
1 24 5 2 3 3 17 31 8 3 28 11 4 9 12 9 25 2.70999124060388841 16 15 2 5 23 3 2 6 6 1 1 10 14 32 3 11 10 12 3 8 2 12 2 8 4 13 11 16 27 2 18 15 7 10 24 4 1 16 10 15 30 1 25.7675174474716187 64.4607172183188766 
1 24 5 2 3 3 17 31 8 3 28 11 4 9 12 9 25 2.70999124060388841 16 15 2 14 16 13 2 6 6 1 1 10 14 32 3 1 9 3 3 8 2 12 2 8 4 13 11 6 18 7 18 15 7 14 26 5 1 16 10 15 30 1 19.6328246593475342 105.965938888761642 
1 24 5 2 3 3 17 31 8 3 28 11 4 9 12 9 25 2.70999124060388841 16 15 2 5 23 3 2 6 6 1 1 10 14 32 3 10 9 13 3 8 2 12 2 8 4 13 11 16 27 2 18 15 7 14 4 9 1 16 10 15 30 1 24.6738166809082031 68.1079909031101494 
6 26 9 2 3 3 17 31 8 3 28 11 4 9 12 9 25 2.70999124060388841 16 15 2 5 23 3 2 6 6 1 1 10 14 32 3 11 10 12 3 8 2 12 2 8 4 13 11 16 27 2 18 15 7 5 4 3 1 16 10 15 30 1 28.1062655448913574 62.5825274704737353 
1 24 5 2 3 3 17 31 8 3 28 11 4 9 12 9 25 2.70999124060388841 16 15 2 15 12 9 2 6 6 1 1 10 14 32 3 10 26 5 3 8 2 12 2 8 4 13 11 16 27 2 18 15 7 6 32 12 1 16 10 15 30 1 21.3645966649055481 86.8260904522816475 
1 24 5 2 3 3 17 31 8 3 28 11 4 9 12 9 25 2.70999124060388841 16 15 2 16 13 9 2 6 6 1 1 10 14 32 3 8 24 2 3 8 2 12 2 8 4 13 11 10 30 10 3.36768017929769181 30 6 6 18 7 1 16 10 15 30 1 19.3846907615661621 143.118187960154444 

Current Evaluation = 70000000(70000000)
Front Size = 40
1 24 5 2 3 3 18 26 4 3 28 11 4 9 12 9 25 2.70999124060388841 16 15 2 5 23 3 2 6 6 1 1 10 14 32 3 1 3 7 3 8 2 12 2 8 4 13 11 14 1 10 17 24 2.70999124060388841 6 32 9 1 16 10 15 30 1 20.070504903793335 97.1647913411546398 
5 31 11 17 32 5 1 25 12 4 6 11 10 17 6 2 22 10 17 6 9 6 23 2 15 15 4 1 32 12 3.36768017929769181 12 13 2 24 13 12 16.1354543567662532 6 1 1 12 4.94126535182462057 6 9.82524131762891173 6 1 10 14 11 10 12 18 1 2 14 8 14 9 2 19.0936529040336609 173.649387306587073 
1 24 5 2 3 3 17 31 8 3 28 11 4 9 12 9 25 2.70999124060388841 16 15 2 5 23 3 2 6 6 1 1 10 14 32 3 4 31 11 3 8 2 12 2 8 4 13 11 14 16 8 18 15 7 6 6 12 1 16 10 15 30 1 20.7205576300621033 92.6972432972432756 
1 24 5 2 3 3 17 31 8 3 28 11 4 9 12 9 25 2.70999124060388841 16 15 2 5 23 3 2 6 6 1 1 10 14 32 3 3.36768017929769181 5 12 3 8 2 12 2 8 4 13 11 12 20 13 18 15 7 14 24 4 1 16 10 15 30 1 20.6320537030696869 94.9686387926209221 
1 24 5 2 3 3 17 31 8 3 28 11 4 9 12 9 25 2.70999124060388841 16 15 2 5 23 3 2 6 6 1 1 10 14 32 3 14 18 12 3 8 2 12 2 8 4 13 11 16 26 12 18 15 7 2 32 10 1 16 10 15 30 1 20.7786576747894287 91.3866060143309085 
1 24 5 2 3 3 17 31 8 3 28 11 4 9 12 9 25 2.70999124060388841 16 15 2 5 23 3 2 6 6 1 1 10 14 32 3 11 10 12 3 8 2 12 2 8 4 13 11 9 26 2 18 15 7 2 28 4 1 16 10 15 30 1 24.7621015310287476 67.9441883040738048 
11 26 13 6 26 3 15 30 8 14 8 2 1 18 3 4 14 2 9 14 12 16 12 13 12 5.34074699537910114 12 3 3 12 8 24 4 17 31 7 14 18 3 1 28 6 14 1 6 4 12 6.96245171630185755 4 25 8 1 30 2 17 9 2 14 32 6 18.253373920917511 208.389387306879541 
1 24 5 2 3 3 17 31 8 3 28 11 4 9 12 9 25 2.70999124060388841 16 15 2 5 23 3 2 6 6 1 1 10 14 32 3 10 30 1 3.36768017929769181 8 2 12 2 8 4 13 11 16 27 2 18 15 7 6 3 6.96245171630185755 1 16 10 15 30 1 22.7916426658630371 72.487695967848552 
1 3 10 3.36768017929769181 12 6 16 8 11 5 12 8 8 24 8 1 30 7 14 6 5 6 26 4 9 32 5 9 6 11 17 18 12 3 20 2 6 15 13 2 12 1 13 16 9 11 9 6 6 1 2 15 24 4 14 11 4 17 9 4 18.2545238137245178 204.374316318356534 
1 24 5 2 3 3 17 31 8 3 28 11 4 9 12 9 25 2.70999124060388841 16 15 2 5 23 3 2 6 6 1 1 10 14 32 3 11 10 12 3 8 2 12 2 8 4 13 11 16 27 2 18 15 7 5 4 3 1 16 10 15 30 1 28.1761125326156616 62.123414156667998 
13 1 1 6 24 9 4 5.34074699537910114 12 14 24 11 17 26 3 13 6 13 6 23 13 13 1 2 6 18 4 8 12 4 2 25 1 12 15 9 2 30 5 1 20 13 1 15 4 16 17 8 14 11 1 2 26 10 16 20 2 17 19 12 17.2976190447807312 245.771083866408617 
17 20 9 12 5 6 2 7 2.70999124060388841 6 31 8 3 6 13 15 16.1354543567662532 3.84646942076222631 14 19 6 13.2195649013323386 1 3 9 3 11 12 31 12 6 32 13.151007650947605 14 11 7 4 5 2 13 12 1 14 32 13 3 15 7.75241283629571765 15 24 3 2 9 6 14 1 3 14 9 9 17.5260226130485535 218.84787982019219 
6 32 2.70999124060388841 9.25570237641795579 9 3.84646942076222631 15 24 5 3 5 9.82524131762891173 17.8244721320812971 26 4 4 5 13 3 9 2 2 25 4 1 6 2 4 24 9 6 6 9 15 1 12 13 28 7.75241283629571765 9 20 4 14 19 4 11 24 3 17 28 9 1 7 2 3 16 11 1.62229798836725392 30 3 18.2536798119544983 207.098593073593065 
6 26 12 17 12 12 15 7 12 14 30 4 3 6 4 4 25 8 3.36768017929769181 16 12 5 2 13 6 30 11 4 20 13 9 9 4 17 15 2 3 18 2 14 24 4 2 32 10 12 17 5 9 6 7 16 15 10 9 20 2 13 30 6.96245171630185755 17.8382869958877563 212.92492246315777 
1 24 5 2 3 3 17 31 8 3 28 11 4 9 12 9 25 2.70999124060388841 16 15 2 5 23 3 2 6 6 1 1 10 14 32 3 11 10 12 3 8 2 12 2 8 4 13 11 16 27 2 18 15 7 10 26 4 1 16 10 15 30 1 25.8114014863967896 63.7776248099894616 
1 24 5 2 3 3 17 31 8 3 28 11 4 9 12 9 25 2.70999124060388841 16 15 2 5 23 3 2 6 6 1 1 10 14 32 3 13 25 5 3 8 2 12 2 8 4 13 11 6 15 10 2 12 7 1 1 7 1 16 10 15 30 1 19.5933136343955994 109.31547320453754 
1 24 5 2 3 3 17 31 8 3 28 11 4 9 12 9 25 2.70999124060388841 16 15 2 6 20 10 2 6 6 1 1 10 14 32 3 11 10 12 3 8 2 12 2 8 4 13 11 16 27 2 18 15 7 10 6 4 1 16 10 15 30 1 24.5695574283599854 69.0890805731947211 
1 24 5 2 3 3 17 31 8 3 28 11 4 9 12 9 25 2.70999124060388841 16 15 2 5 23 3 2 6 6 1 1 10 14 32 3 13 30 10 3 8 2 12 2 8 4 13 11 12 24 13 18 15 7 15 6 3 1 16 10 15 30 1 20.4536426067352295 96.7986888973095745 
8 25 1 15 31 13 4 15 2.70999124060388841 15 1 8 4 18 12 2 30 6 6 6 3 1 22 7 13 26 5 15 19 1 13 12 6.96245171630185755 11 31 5 12 30 8 4.94126535182462057 30 7 14 12 9 6 30 10 15 9 6 3 25 10 6 31 9.82524131762891173 5 20 2 17.374510794878006 242.366134029369306 
1 24 5 2 3 3 17 31 8 3 28 11 4 9 12 9 25 2.70999124060388841 16 15 2 5 23 3 2 6 6 1 1 10 14 32 3 9 31 11 3 8 2 12 2 8 4 13 11 16 27 2 18 15 7 10 19 6 1 16 10 15 30 1 23.1075935363769531 69.9775536382502139 
1 24 5 2 3 3 17 31 8 3 28 11 4 9 12 9 25 2.70999124060388841 16 15 2 5 23 3 2 6 6 1 1 10 14 32 3 11 10 12 3 8 2 12 2 8 4 13 11 16 27 2 18 15 7 10 24 9 1 16 10 15 30 1 25.7394933700561523 65.3457807425256902 
1 24 5 2 3 3 17 31 8 3 28 11 4 9 12 9 25 2.70999124060388841 16 15 2 5 23 3 2 6 6 1 1 10 14 32 3 6 5 13 3 8 2 12 2 8 4 13 11 14 26 9 18 15 7 6 5 10 1 16 10 15 30 1 20.4955787360668182 95.4798687896211078 
1 24 5 2 3 3 17 31 8 3 28 11 4 9 12 9 25 2.70999124060388841 16 15 2 5 23 3 2 6 6 1 1 10 14 32 3 11 18 12 3 8 2 12 2 8 4 13 11 16 27 2 6 22 5 5 4 3 1 16 10 15 30 1 25.0610086917877197 65.8971148320613054 
1 24 5 2 3 3 17 31 8 3 28 11 4 9 12 9 25 2.70999124060388841 16 15 2 5 23 3 2 6 6 1 1 10 14 32 3 11 10 12 3 8 2 12 2 8 4 13 11 16 27 2 18 15 7 10 19 4 1 16 10 15 30 1 26.0509464740753174 63.7007388181782517 
1 24 5 2 3 3 17 31 8 3 28 11 4 9 12 9 25 2.70999124060388841 16 15 2 5 23 3 2 6 6 1 1 10 14 32 3 11 10 12 3 8 2 12 2 8 4 13 11 16 27 2 18 15 7 10 19 6 1 16 10 15 30 1 26.1909464597702026 62.8254639070431153 
1 24 5 2 3 3 17 31 8 3 28 11 4 9 12 9 25 2.70999124060388841 16 15 2 5 23 3 2 6 6 1 1 10 14 32 3 11 10 12 3 8 2 12 2 8 4 13 11 16 27 2 18 15 7 14 26 5 1 16 10 15 30 1 25.1591184139251709 65.3510769128009628 
1 24 5 2 3 3 17 31 8 3 28 11 4 9 12 9 25 2.70999124060388841 16 15 2 5 23 3 2 6 6 1 1 10 14 32 3 5 31 5 3 8 2 12 2 8 4 13 11 17 24 12 18 15 7 6 32 7 1 16 10 15 30 1 20.9318297505378723 88.5308868156325843 
1 9 13 17 28 9 2 12 3 2 16 2 15 20 6 13 28 10 6 30 4 8 30 4 16 5 7 12 3 2.70999124060388841 4 26 6.96245171630185755 6 14 8 13 20 10 14 15 13 10 30 11 14 6 6 2 1 2 16 1 4 14 32 2 4.94126535182462057 26 9 17.5015279054641724 230.549156837314712 
1 24 5 2 3 3 17 31 8 3 28 11 4 9 12 9 25 2.70999124060388841 16 15 2 5 23 3 2 6 6 1 1 10 14 32 3 6 12 4 3 8 2 12 2 8 4 13 11 1 24 4 18 15 7 14 7 5 1 16 10 15 30 1 20.4609517455101013 95.6562556588522881 
17 16 7 6 6 7 14 12 2.70999124060388841 6 24 1 2 24 2 3 1 9 9.25570237641795579 16 1 4 28 3.84646942076222631 3 14 12 13.2195649013323386 3 4 8 32 12 15 2 8 14 6 2 15 28 13.151007650947605 9 25 1 17 24 6 6 12 7.75241283629571765 4 31 6 1 30 12 12 18 1 18.6308970749378204 176.025591252647416 
1 24 5 2 3 3 17 31 8 3 28 11 4 9 12 9 25 2.70999124060388841 16 15 2 5 23 3 2 6 6 1 1 10 14 32 3 11 10 12 3 8 2 12 2 8 4 13 11 16 27 2 18 15 7 14 6 9 1 16 10 15 30 1 24.9833754301071167 67.6300820275135663 
1 24 5 2 3 3 17 31 8 3 28 11 4 9 12 9 25 2.70999124060388841 16 15 2 5 23 3 2 6 6 1 1 10 14 32 3 11 10 12 3 8 2 12 2 8 4 13 11 16 27 2 18 15 7 10 24 4 1 16 10 15 30 1 25.7675174474716187 64.4607172183188766 
1 24 5 2 3 3 17 31 8 3 28 11 4 9 12 9 25 2.70999124060388841 16 15 2 14 16 13 2 6 6 1 1 10 14 32 3 1 9 3 3 8 2 12 2 8 4 13 11 6 18 7 18 15 7 14 26 5 1 16 10 15 30 1 19.6328246593475342 105.965938888761642 
1 24 5 2 3 3 17 31 8 3 28 11 4 9 12 9 25 2.70999124060388841 16 15 2 5 23 3 2 6 6 1 1 10 14 32 3 10 9 13 3 8 2 12 2 8 4 13 11 16 27 2 18 15 7 14 4 9 1 16 10 15 30 1 24.6738166809082031 68.1079909031101494 
6 26 9 2 3 3 17 31 8 3 28 11 4 9 12 9 25 2.70999124060388841 16 15 2 5 23 3 2 6 6 1 1 10 14 32 3 11 10 12 3 8 2 12 2 8 4 13 11 16 27 2 18 15 7 5 4 3 1 16 10 15 30 1 28.1062655448913574 62.5825274704737353 
1 24 5 2 3 3 17 31 8 3 28 11 4 9 12 9 25 2.70999124060388841 16 15 2 16 13 9 2 6 6 1 1 10 14 32 3 8 24 2 3 8 2 12 2 8 4 13 11 10 30 10 3.36768017929769181 30 6 6 18 7 1 16 10 15 30 1 19.3846907615661621 143.118187960154444 
13 3 2 13 31 11 16 13 1 13 13 13 13 1 4 13 32 2.70999124060388841 4 25 9 1 31 5 2 15 9 17 6 9 1 12 6 6 32 2 15 17 5 9 1 6.96245171630185755 6 6 1 15 26 13 13 25 4 15 31 13 12 24 8 3 24 11 16.5997806787490845 265.606548903452847 
1 24 5 2 3 3 17 31 8 3 28 11 4 9 12 9 25 2.70999124060388841 16 15 2 5 23 3 2 6 6 1 1 10 14 32 3 15 31 7 3 8 2 12 2 8 4 13 11 16 27 2 18 15 7 14 33 9 1 16 10 15 30 1 22.4305264949798584 74.1531700003292826 
2 32 7 13 15 3 16 19 1 15 15 10 16 12 13 15 1 6 15 17 2.70999124060388841 2 30 7 13 16 5 5 9 4 9.25570237641795579 8 8 14 15 5 6 12 11 2 19 2 4 30 12 14 31 10 15 9 7 4 31 9 14 12 9 13 6 6 17.5565254390239716 214.708189316703226 
1 24 5 2 3 3 17 31 8 3 28 11 4 9 12 9 25 2.70999124060388841 16 15 2 5 23 3 2 6 6 1 1 10 14 32 3 17 31 12 3 8 2 12 2 8 4 13 11 10 12 11 18 15 7 14 32 6 1 16 10 15 30 1 20.9487206339836121 74.2366167078819359 

Current Evaluation = 80000000(80000060)
Front Size = 37
1 24 5 2 3 3 18 26 4 3 28 11 4 9 12 9 25 2.70999124060388841 16 15 2 5 23 3 2 6 6 1 1 10 14 32 3 1 3 7 3 8 2 12 2 8 4 13 11 14 1 10 17 24 2.70999124060388841 6 32 9 1 16 10 15 30 1 20.070504903793335 97.1647913411546398 
1 24 5 2 3 3 17 31 8 3 28 11 4 9 12 9 25 2.70999124060388841 16 15 2 5 23 3 2 6 6 1 1 10 14 32 3 3.36768017929769181 5 12 3 8 2 12 2 8 4 13 11 12 20 13 18 15 7 14 24 4 1 16 10 15 30 1 20.6320537030696869 94.9686387926209221 
1 24 5 2 3 3 17 31 8 3 28 11 4 9 12 9 25 2.70999124060388841 16 15 2 5 23 3 2 6 6 1 1 10 14 32 3 11 10 12 3 8 2 12 2 8 4 13 11 9 26 2 18 15 7 2 28 4 1 16 10 15 30 1 24.7621015310287476 67.9441883040738048 
1 24 5 2 3 3 17 31 8 3 28 11 4 9 12 9 25 2.70999124060388841 16 15 2 5 23 3 2 6 6 1 1 10 14 32 3 10 30 1 3.36768017929769181 8 2 12 2 8 4 13 11 16 27 2 18 15 7 6 3 6.96245171630185755 1 16 10 15 30 1 22.7916426658630371 72.487695967848552 
1 24 5 2 3 3 17 31 8 3 28 11 4 9 12 9 25 2.70999124060388841 16 15 2 5 23 3 2 6 6 1 1 10 14 32 3 11 10 12 3 8 2 12 2 8 4 13 11 16 27 2 18 15 7 5 4 3 1 16 10 15 30 1 28.1761125326156616 62.123414156667998 
13 1 1 6 24 9 4 5.34074699537910114 12 14 24 11 17 26 3 13 6 13 6 23 13 13 1 2 6 18 4 8 12 4 2 25 1 12 15 9 2 30 5 1 20 13 1 15 4 16 17 8 14 11 1 2 26 10 16 20 2 17 19 12 17.2976190447807312 245.771083866408617 
17 20 9 12 5 6 2 7 2.70999124060388841 6 31 8 3 6 13 15 16.1354543567662532 3.84646942076222631 14 19 6 13.2195649013323386 1 3 9 3 11 12 31 12 6 32 13.151007650947605 14 11 7 4 5 2 13 12 1 14 32 13 3 15 7.75241283629571765 15 24 3 2 9 6 14 1 3 14 9 9 17.5260226130485535 218.84787982019219 
6 26 12 17 12 12 15 7 12 14 30 4 3 6 4 4 25 8 3.36768017929769181 16 12 5 2 13 6 30 11 4 20 13 9 9 4 17 15 2 3 18 2 14 24 4 2 32 10 12 17 5 9 6 7 16 15 10 9 20 2 13 30 6.96245171630185755 17.8382869958877563 212.92492246315777 
1 24 5 2 3 3 17 31 8 3 28 11 4 9 12 9 25 2.70999124060388841 16 15 2 5 23 3 2 6 6 1 1 10 14 32 3 11 10 12 3 8 2 12 2 8 4 13 11 16 27 2 18 15 7 10 26 4 1 16 10 15 30 1 25.8114014863967896 63.7776248099894616 
1 24 5 2 3 3 17 31 8 3 28 11 4 9 12 9 25 2.70999124060388841 16 15 2 5 23 3 2 6 6 1 1 10 14 32 3 13 25 5 3 8 2 12 2 8 4 13 11 6 15 10 2 12 7 1 1 7 1 16 10 15 30 1 19.5933136343955994 109.31547320453754 
1 24 5 2 3 3 17 31 8 3 28 11 4 9 12 9 25 2.70999124060388841 16 15 2 6 20 10 2 6 6 1 1 10 14 32 3 11 10 12 3 8 2 12 2 8 4 13 11 16 27 2 18 15 7 10 6 4 1 16 10 15 30 1 24.5695574283599854 69.0890805731947211 
8 25 1 15 31 13 4 15 2.70999124060388841 15 1 8 4 18 12 2 30 6 6 6 3 1 22 7 13 26 5 15 19 1 13 12 6.96245171630185755 11 31 5 12 30 8 4.94126535182462057 30 7 14 12 9 6 30 10 15 9 6 3 25 10 6 31 9.82524131762891173 5 20 2 17.374510794878006 242.366134029369306 
1 24 5 2 3 3 17 31 8 3 28 11 4 9 12 9 25 2.70999124060388841 16 15 2 5 23 3 2 6 6 1 1 10 14 32 3 9 31 11 3 8 2 12 2 8 4 13 11 16 27 2 18 15 7 10 19 6 1 16 10 15 30 1 23.1075935363769531 69.9775536382502139 
1 24 5 2 3 3 17 31 8 3 28 11 4 9 12 9 25 2.70999124060388841 16 15 2 5 23 3 2 6 6 1 1 10 14 32 3 11 18 12 3 8 2 12 2 8 4 13 11 16 27 2 6 22 5 5 4 3 1 16 10 15 30 1 25.0610086917877197 65.8971148320613054 
1 24 5 2 3 3 17 31 8 3 28 11 4 9 12 9 25 2.70999124060388841 16 15 2 5 23 3 2 6 6 1 1 10 14 32 3 11 10 12 3 8 2 12 2 8 4 13 11 16 27 2 18 15 7 10 19 4 1 16 10 15 30 1 26.0509464740753174 63.7007388181782517 
1 24 5 2 3 3 17 31 8 3 28 11 4 9 12 9 25 2.70999124060388841 16 15 2 5 23 3 2 6 6 1 1 10 14 32 3 11 10 12 3 8 2 12 2 8 4 13 11 16 27 2 18 15 7 10 19 6 1 16 10 15 30 1 26.1909464597702026 62.8254639070431153 
1 24 5 2 3 3 17 31 8 3 28 11 4 9 12 9 25 2.70999124060388841 16 15 2 5 23 3 2 6 6 1 1 10 14 32 3 11 10 12 3 8 2 12 2 8 4 13 11 16 27 2 18 15 7 14 26 5 1 16 10 15 30 1 25.1591184139251709 65.3510769128009628 
1 24 5 2 3 3 17 31 8 3 28 11 4 9 12 9 25 2.70999124060388841 16 15 2 5 23 3 2 6 6 1 1 10 14 32 3 5 31 5 3 8 2 12 2 8 4 13 11 17 24 12 18 15 7 6 32 7 1 16 10 15 30 1 20.9318297505378723 88.5308868156325843 
1 9 13 17 28 9 2 12 3 2 16 2 15 20 6 13 28 10 6 30 4 8 30 4 16 5 7 12 3 2.70999124060388841 4 26 6.96245171630185755 6 14 8 13 20 10 14 15 13 10 30 11 14 6 6 2 1 2 16 1 4 14 32 2 4.94126535182462057 26 9 17.5015279054641724 230.549156837314712 
17 16 7 6 6 7 14 12 2.70999124060388841 6 24 1 2 24 2 3 1 9 9.25570237641795579 16 1 4 28 3.84646942076222631 3 14 12 13.2195649013323386 3 4 8 32 12 15 2 8 14 6 2 15 28 13.151007650947605 9 25 1 17 24 6 6 12 7.75241283629571765 4 31 6 1 30 12 12 18 1 18.6308970749378204 176.025591252647416 
1 24 5 2 3 3 17 31 8 3 28 11 4 9 12 9 25 2.70999124060388841 16 15 2 5 23 3 2 6 6 1 1 10 14 32 3 11 10 12 3 8 2 12 2 8 4 13 11 16 27 2 18 15 7 14 6 9 1 16 10 15 30 1 24.9833754301071167 67.6300820275135663 
1 24 5 2 3 3 17 31 8 3 28 11 4 9 12 9 25 2.70999124060388841 16 15 2 5 23 3 2 6 6 1 1 10 14 32 3 11 10 12 3 8 2 12 2 8 4 13 11 16 27 2 18 15 7 10 24 4 1 16 10 15 30 1 25.7675174474716187 64.4607172183188766 
1 24 5 2 3 3 17 31 8 3 28 11 4 9 12 9 25 2.70999124060388841 16 15 2 14 16 13 2 6 6 1 1 10 14 32 3 1 9 3 3 8 2 12 2 8 4 13 11 6 18 7 18 15 7 14 26 5 1 16 10 15 30 1 19.6328246593475342 105.965938888761642 
1 24 5 2 3 3 17 31 8 3 28 11 4 9 12 9 25 2.70999124060388841 16 15 2 5 23 3 2 6 6 1 1 10 14 32 3 10 9 13 3 8 2 12 2 8 4 13 11 16 27 2 18 15 7 14 4 9 1 16 10 15 30 1 24.6738166809082031 68.1079909031101494 
6 26 9 2 3 3 17 31 8 3 28 11 4 9 12 9 25 2.70999124060388841 16 15 2 5 23 3 2 6 6 1 1 10 14 32 3 11 10 12 3 8 2 12 2 8 4 13 11 16 27 2 18 15 7 5 4 3 1 16 10 15 30 1 28.1062655448913574 62.5825274704737353 
13 3 2 13 31 11 16 13 1 13 13 13 13 1 4 13 32 2.70999124060388841 4 25 9 1 31 5 2 15 9 17 6 9 1 12 6 6 32 2 15 17 5 9 1 6.96245171630185755 6 6 1 15 26 13 13 25 4 15 31 13 12 24 8 3 24 11 16.5997806787490845 265.606548903452847 
1 24 5 2 3 3 17 31 8 3 28 11 4 9 12 9 25 2.70999124060388841 16 15 2 5 23 3 2 6 6 1 1 10 14 32 3 15 31 7 3 8 2 12 2 8 4 13 11 16 27 2 18 15 7 14 33 9 1 16 10 15 30 1 22.4305264949798584 74.1531700003292826 
2 32 7 13 15 3 16 19 1 15 15 10 16 12 13 15 1 6 15 17 2.70999124060388841 2 30 7 13 16 5 5 9 4 9.25570237641795579 8 8 14 15 5 6 12 11 2 19 2 4 30 12 14 31 10 15 9 7 4 31 9 14 12 9 13 6 6 17.5565254390239716 214.708189316703226 
1 24 5 2 3 3 17 31 8 3 28 11 4 9 12 9 25 2.70999124060388841 16 15 2 5 23 3 2 6 6 1 1 10 14 32 3 17 31 12 3 8 2 12 2 8 4 13 11 10 12 11 18 15 7 14 32 6 1 16 10 15 30 1 20.9487206339836121 74.2366167078819359 
1 24 5 3.36768017929769181 32 7 17 31 8 3 28 11 4 9 12 9 25 2.70999124060388841 16 15 2 13 16 6 2 6 6 1 1 10 14 32 3 6 11 1 3 8 2 12 2 8 4 13 11 9 12 4 1 14 5 8 24 7 6 1 4 15 30 1 18.8879886269569397 138.955158295459967 
1 24 5 2 3 3 17 31 8 3 28 11 4 9 12 9 25 2.70999124060388841 16 15 2 5 23 3 2 6 6 1 1 10 14 32 3 11 10 12 3 8 2 12 2 8 4 13 11 16 27 2 18 15 7 6 6 9 1 16 10 15 30 1 25.1390434503555298 65.5066911883529173 
1 24 5 2 3 3 17 31 8 3 28 11 4 9 12 9 25 2.70999124060388841 16 15 2 5 23 3 2 6 6 1 1 10 14 32 3 11 10 12 3 8 2 12 2 8 4 13 11 16 27 2 18 15 7 10 1 9 1 16 10 15 30 1 25.7859934568405151 63.8253669772868264 
1 24 5 2 3 3 17 31 8 3 28 11 4 9 12 9 25 2.70999124060388841 16 15 2 5 23 3 2 6 6 1 1 10 14 32 3 17 12 12 3 8 2 12 2 8 4 13 11 15 26 4 18 15 7 9 24 2.70999124060388841 1 16 10 15 30 1 20.7166107296943665 90.7238584014070994 
1 24 5 2 3 3 17 31 8 3 28 11 4 9 12 9 25 2.70999124060388841 16 15 2 5 23 3 2 6 6 1 1 10 14 32 3 11 10 12 3 30 13 12 2 8 4 13 11 16 27 2 18 15 7 14 32 9 1 16 10 15 30 1 24.5585914850234985 69.2595052548630008 
1 24 5 2 3 3 17 31 8 3 28 11 4 9 12 9 25 2.70999124060388841 16 15 2 5 23 3 2 6 6 1 1 10 14 32 3 11 10 12 3 8 2 12 2 8 4 13 11 16 27 2 18 15 7 6 24 9 1 16 10 15 30 1 25.1808784604072571 65.2866974302756944 
1 24 5 2 3 3 17 31 8 3 28 11 4 9 12 9 25 2.70999124060388841 16 15 2 5 23 3 2 6 6 1 1 10 14 32 3 15 32 13 3 8 2 12 2 8 4 13 11 9 6 9 18 15 7 14 1 4 1 16 10 15 30 1 20.3417836427688599 95.168115138246776 
15 30 10 4 31 2.70999124060388841 14 32 6 2 20 3 16 16.1354543567662532 4 5 17 9 6 16 3 14 24 2 8 12 11 6 1 3.84646942076222631 2 24 6 10 5 11 4 13 4 13 3 8 4 16 2 12 31 2 14 1 9.82524131762891173 17.8244721320812971 26 2 17 14 7 4 24 8 18.2179897725582123 195.934926992512146 

Current Evaluation = 90000000(90000120)
Front Size = 37
1 24 5 2 3 3 18 26 4 3 28 11 4 9 12 9 25 2.70999124060388841 16 15 2 5 23 3 2 6 6 1 1 10 14 32 3 1 3 7 3 8 2 12 2 8 4 13 11 14 1 10 17 24 2.70999124060388841 6 32 9 1 16 10 15 30 1 20.070504903793335 97.1647913411546398 
1 24 5 2 3 3 17 31 8 3 28 11 4 9 12 9 25 2.70999124060388841 16 15 2 5 23 3 2 6 6 1 1 10 14 32 3 3.36768017929769181 5 12 3 8 2 12 2 8 4 13 11 12 20 13 18 15 7 14 24 4 1 16 10 15 30 1 20.6320537030696869 94.9686387926209221 
1 24 5 2 3 3 17 31 8 3 28 11 4 9 12 9 25 2.70999124060388841 16 15 2 5 23 3 2 6 6 1 1 10 14 32 3 11 10 12 3 8 2 12 2 8 4 13 11 9 26 2 18 15 7 2 28 4 1 16 10 15 30 1 24.7621015310287476 67.9441883040738048 
1 24 5 2 3 3 17 31 8 3 28 11 4 9 12 9 25 2.70999124060388841 16 15 2 5 23 3 2 6 6 1 1 10 14 32 3 10 30 1 3.36768017929769181 8 2 12 2 8 4 13 11 16 27 2 18 15 7 6 3 6.96245171630185755 1 16 10 15 30 1 22.7916426658630371 72.487695967848552 
1 24 5 2 3 3 17 31 8 3 28 11 4 9 12 9 25 2.70999124060388841 16 15 2 5 23 3 2 6 6 1 1 10 14 32 3 11 10 12 3 8 2 12 2 8 4 13 11 16 27 2 18 15 7 5 4 3 1 16 10 15 30 1 28.1761125326156616 62.123414156667998 
13 1 1 6 24 9 4 5.34074699537910114 12 14 24 11 17 26 3 13 6 13 6 23 13 13 1 2 6 18 4 8 12 4 2 25 1 12 15 9 2 30 5 1 20 13 1 15 4 16 17 8 14 11 1 2 26 10 16 20 2 17 19 12 17.2976190447807312 245.771083866408617 
1 24 5 2 3 3 17 31 8 3 28 11 4 9 12 9 25 2.70999124060388841 16 15 2 5 23 3 2 6 6 1 1 10 14 32 3 11 10 12 3 8 2 12 2 8 4 13 11 16 27 2 18 15 7 10 26 4 1 16 10 15 30 1 25.8114014863967896 63.7776248099894616 
1 24 5 2 3 3 17 31 8 3 28 11 4 9 12 9 25 2.70999124060388841 16 15 2 5 23 3 2 6 6 1 1 10 14 32 3 13 25 5 3 8 2 12 2 8 4 13 11 6 15 10 2 12 7 1 1 7 1 16 10 15 30 1 19.5933136343955994 109.31547320453754 
1 24 5 2 3 3 17 31 8 3 28 11 4 9 12 9 25 2.70999124060388841 16 15 2 6 20 10 2 6 6 1 1 10 14 32 3 11 10 12 3 8 2 12 2 8 4 13 11 16 27 2 18 15 7 10 6 4 1 16 10 15 30 1 24.5695574283599854 69.0890805731947211 
8 25 1 15 31 13 4 15 2.70999124060388841 15 1 8 4 18 12 2 30 6 6 6 3 1 22 7 13 26 5 15 19 1 13 12 6.96245171630185755 11 31 5 12 30 8 4.94126535182462057 30 7 14 12 9 6 30 10 15 9 6 3 25 10 6 31 9.82524131762891173 5 20 2 17.374510794878006 242.366134029369306 
1 24 5 2 3 3 17 31 8 3 28 11 4 9 12 9 25 2.70999124060388841 16 15 2 5 23 3 2 6 6 1 1 10 14 32 3 9 31 11 3 8 2 12 2 8 4 13 11 16 27 2 18 15 7 10 19 6 1 16 10 15 30 1 23.1075935363769531 69.9775536382502139 
1 24 5 2 3 3 17 31 8 3 28 11 4 9 12 9 25 2.70999124060388841 16 15 2 5 23 3 2 6 6 1 1 10 14 32 3 11 18 12 3 8 2 12 2 8 4 13 11 16 27 2 6 22 5 5 4 3 1 16 10 15 30 1 25.0610086917877197 65.8971148320613054 
1 24 5 2 3 3 17 31 8 3 28 11 4 9 12 9 25 2.70999124060388841 16 15 2 5 23 3 2 6 6 1 1 10 14 32 3 11 10 12 3 8 2 12 2 8 4 13 11 16 27 2 18 15 7 10 19 4 1 16 10 15 30 1 26.0509464740753174 63.7007388181782517 
1 24 5 2 3 3 17 31 8 3 28 11 4 9 12 9 25 2.70999124060388841 16 15 2 5 23 3 2 6 6 1 1 10 14 32 3 11 10 12 3 8 2 12 2 8 4 13 11 16 27 2 18 15 7 10 19 6 1 16 10 15 30 1 26.1909464597702026 62.8254639070431153 
1 24 5 2 3 3 17 31 8 3 28 11 4 9 12 9 25 2.70999124060388841 16 15 2 5 23 3 2 6 6 1 1 10 14 32 3 11 10 12 3 8 2 12 2 8 4 13 11 16 27 2 18 15 7 14 26 5 1 16 10 15 30 1 25.1591184139251709 65.3510769128009628 
17 16 7 6 6 7 14 12 2.70999124060388841 6 24 1 2 24 2 3 1 9 9.25570237641795579 16 1 4 28 3.84646942076222631 3 14 12 13.2195649013323386 3 4 8 32 12 15 2 8 14 6 2 15 28 13.151007650947605 9 25 1 17 24 6 6 12 7.75241283629571765 4 31 6 1 30 12 12 18 1 18.6308970749378204 176.025591252647416 
1 24 5 2 3 3 17 31 8 3 28 11 4 9 12 9 25 2.70999124060388841 16 15 2 5 23 3 2 6 6 1 1 10 14 32 3 11 10 12 3 8 2 12 2 8 4 13 11 16 27 2 18 15 7 14 6 9 1 16 10 15 30 1 24.9833754301071167 67.6300820275135663 
1 24 5 2 3 3 17 31 8 3 28 11 4 9 12 9 25 2.70999124060388841 16 15 2 5 23 3 2 6 6 1 1 10 14 32 3 11 10 12 3 8 2 12 2 8 4 13 11 16 27 2 18 15 7 10 24 4 1 16 10 15 30 1 25.7675174474716187 64.4607172183188766 
1 24 5 2 3 3 17 31 8 3 28 11 4 9 12 9 25 2.70999124060388841 16 15 2 14 16 13 2 6 6 1 1 10 14 32 3 1 9 3 3 8 2 12 2 8 4 13 11 6 18 7 18 15 7 14 26 5 1 16 10 15 30 1 19.6328246593475342 105.965938888761642 
1 24 5 2 3 3 17 31 8 3 28 11 4 9 12 9 25 2.70999124060388841 16 15 2 5 23 3 2 6 6 1 1 10 14 32 3 10 9 13 3 8 2 12 2 8 4 13 11 16 27 2 18 15 7 14 4 9 1 16 10 15 30 1 24.6738166809082031 68.1079909031101494 
6 26 9 2 3 3 17 31 8 3 28 11 4 9 12 9 25 2.70999124060388841 16 15 2 5 23 3 2 6 6 1 1 10 14 32 3 11 10 12 3 8 2 12 2 8 4 13 11 16 27 2 18 15 7 5 4 3 1 16 10 15 30 1 28.1062655448913574 62.5825274704737353 
13 3 2 13 31 11 16 13 1 13 13 13 13 1 4 13 32 2.70999124060388841 4 25 9 1 31 5 2 15 9 17 6 9 1 12 6 6 32 2 15 17 5 9 1 6.96245171630185755 6 6 1 15 26 13 13 25 4 15 31 13 12 24 8 3 24 11 16.5997806787490845 265.606548903452847 
1 24 5 2 3 3 17 31 8 3 28 11 4 9 12 9 25 2.70999124060388841 16 15 2 5 23 3 2 6 6 1 1 10 14 32 3 15 31 7 3 8 2 12 2 8 4 13 11 16 27 2 18 15 7 14 33 9 1 16 10 15 30 1 22.4305264949798584 74.1531700003292826 
1 24 5 2 3 3 17 31 8 3 28 11 4 9 12 9 25 2.70999124060388841 16 15 2 5 23 3 2 6 6 1 1 10 14 32 3 17 31 12 3 8 2 12 2 8 4 13 11 10 12 11 18 15 7 14 32 6 1 16 10 15 30 1 20.9487206339836121 74.2366167078819359 
1 24 5 3.36768017929769181 32 7 17 31 8 3 28 11 4 9 12 9 25 2.70999124060388841 16 15 2 13 16 6 2 6 6 1 1 10 14 32 3 6 11 1 3 8 2 12 2 8 4 13 11 9 12 4 1 14 5 8 24 7 6 1 4 15 30 1 18.8879886269569397 138.955158295459967 
1 24 5 2 3 3 17 31 8 3 28 11 4 9 12 9 25 2.70999124060388841 16 15 2 5 23 3 2 6 6 1 1 10 14 32 3 11 10 12 3 8 2 12 2 8 4 13 11 16 27 2 18 15 7 6 6 9 1 16 10 15 30 1 25.1390434503555298 65.5066911883529173 
1 24 5 2 3 3 17 31 8 3 28 11 4 9 12 9 25 2.70999124060388841 16 15 2 5 23 3 2 6 6 1 1 10 14 32 3 11 10 12 3 8 2 12 2 8 4 13 11 16 27 2 18 15 7 10 1 9 1 16 10 15 30 1 25.7859934568405151 63.8253669772868264 
1 24 5 2 3 3 17 31 8 3 28 11 4 9 12 9 25 2.70999124060388841 16 15 2 5 23 3 2 6 6 1 1 10 14 32 3 17 12 12 3 8 2 12 2 8 4 13 11 15 26 4 18 15 7 9 24 2.70999124060388841 1 16 10 15 30 1 20.7166107296943665 90.7238584014070994 
1 24 5 2 3 3 17 31 8 3 28 11 4 9 12 9 25 2.70999124060388841 16 15 2 5 23 3 2 6 6 1 1 10 14 32 3 11 10 12 3 30 13 12 2 8 4 13 11 16 27 2 18 15 7 14 32 9 1 16 10 15 30 1 24.5585914850234985 69.2595052548630008 
1 24 5 2 3 3 17 31 8 3 28 11 4 9 12 9 25 2.70999124060388841 16 15 2 5 23 3 2 6 6 1 1 10 14 32 3 11 10 12 3 8 2 12 2 8 4 13 11 16 27 2 18 15 7 6 24 9 1 16 10 15 30 1 25.1808784604072571 65.2866974302756944 
1 24 5 2 3 3 17 31 8 3 28 11 4 9 12 9 25 2.70999124060388841 16 15 2 5 23 3 2 6 6 1 1 10 14 32 3 15 32 13 3 8 2 12 2 8 4 13 11 9 6 9 18 15 7 14 1 4 1 16 10 15 30 1 20.3417836427688599 95.168115138246776 
15 30 10 4 31 2.70999124060388841 14 32 6 2 20 3 16 16.1354543567662532 4 5 17 9 6 16 3 14 24 2 8 12 11 6 1 3.84646942076222631 2 24 6 10 5 11 4 13 4 13 3 8 4 16 2 12 31 2 14 1 9.82524131762891173 17.8244721320812971 26 2 17 14 7 4 24 8 18.2179897725582123 195.934926992512146 
16 30 11 12 3 6 15 5 3 5 13 6 9 25 5 3 26 2 6 31 6 14 33 11 2 15 3 1 30 13 15 1 9 14 6 12 12 26 10 9 26 7 4 20 4 3.36768017929769181 14 1 4 30 4 1 2 8 8 6 13 4 6 12 18.3589546084403992 183.876717726717686 
1 24 5 2 3 3 17 31 8 3 28 11 4 9 12 9 25 2.70999124060388841 16 15 2 5 23 3 14 24 3 1 1 10 14 32 3 15 30 11 3 8 2 13 26 2.70999124060388841 4 13 11 1 31 5 18 15 7 16 24 5 1 16 10 15 30 1 19.5307686924934387 117.900210907974724 
1 24 5 2 3 3 17 31 8 3 28 11 4 9 12 9 25 2.70999124060388841 16 15 2 5 23 3 2 6 6 1 1 10 14 32 3 10 24 6 3 8 2 12 2 8 4 13 11 16 27 2 18 15 7 2 32 5 1 16 10 15 30 1 22.7128615975379944 73.735581513297717 
1 24 5 2 3 3 17 31 8 3 28 11 4 9 12 9 25 2.70999124060388841 16 15 2 5 23 3 2 6 6 1 1 10 14 32 3 13 24 12 3 8 2 12 2 8 4 13 11 16 27 2 15 30 7 6 26 4 1 16 10 15 30 1 20.8125986456871033 86.4224562029189372 
14 31 11 6 6 4 1 15 10 14 6 6 16 1 7 1 30 11 15 12 7 4 25 12 3.36768017929769181 12 9 13 1 3 14 3 5 4 6 1 3 14 8 8 16 13 13 7 12 16 30 2 10 24 10 12 26 9 17 15 11 5 16 12 17.3867402076721191 200.055350695056575 

Current Evaluation = 100000000(100000040)
Front Size = 37
1 24 5 2 3 3 18 26 4 3 28 11 4 9 12 9 25 2.70999124060388841 16 15 2 5 23 3 2 6 6 1 1 10 14 32 3 1 3 7 3 8 2 12 2 8 4 13 11 14 1 10 17 24 2.70999124060388841 6 32 9 1 16 10 15 30 1 20.070504903793335 97.1647913411546398 
1 24 5 2 3 3 17 31 8 3 28 11 4 9 12 9 25 2.70999124060388841 16 15 2 5 23 3 2 6 6 1 1 10 14 32 3 3.36768017929769181 5 12 3 8 2 12 2 8 4 13 11 12 20 13 18 15 7 14 24 4 1 16 10 15 30 1 20.6320537030696869 94.9686387926209221 
1 24 5 2 3 3 17 31 8 3 28 11 4 9 12 9 25 2.70999124060388841 16 15 2 5 23 3 2 6 6 1 1 10 14 32 3 11 10 12 3 8 2 12 2 8 4 13 11 9 26 2 18 15 7 2 28 4 1 16 10 15 30 1 24.7621015310287476 67.9441883040738048 
1 24 5 2 3 3 17 31 8 3 28 11 4 9 12 9 25 2.70999124060388841 16 15 2 5 23 3 2 6 6 1 1 10 14 32 3 10 30 1 3.36768017929769181 8 2 12 2 8 4 13 11 16 27 2 18 15 7 6 3 6.96245171630185755 1 16 10 15 30 1 22.7916426658630371 72.487695967848552 
1 24 5 2 3 3 17 31 8 3 28 11 4 9 12 9 25 2.70999124060388841 16 15 2 5 23 3 2 6 6 1 1 10 14 32 3 11 10 12 3 8 2 12 2 8 4 13 11 16 27 2 18 15 7 5 4 3 1 16 10 15 30 1 28.1761125326156616 62.123414156667998 
1 24 5 2 3 3 17 31 8 3 28 11 4 9 12 9 25 2.70999124060388841 16 15 2 5 23 3 2 6 6 1 1 10 14 32 3 11 10 12 3 8 2 12 2 8 4 13 11 16 27 2 18 15 7 10 26 4 1 16 10 15 30 1 25.8114014863967896 63.7776248099894616 
1 24 5 2 3 3 17 31 8 3 28 11 4 9 12 9 25 2.70999124060388841 16 15 2 5 23 3 2 6 6 1 1 10 14 32 3 13 25 5 3 8 2 12 2 8 4 13 11 6 15 10 2 12 7 1 1 7 1 16 10 15 30 1 19.5933136343955994 109.31547320453754 
1 24 5 2 3 3 17 31 8 3 28 11 4 9 12 9 25 2.70999124060388841 16 15 2 6 20 10 2 6 6 1 1 10 14 32 3 11 10 12 3 8 2 12 2 8 4 13 11 16 27 2 18 15 7 10 6 4 1 16 10 15 30 1 24.5695574283599854 69.0890805731947211 
1 24 5 2 3 3 17 31 8 3 28 11 4 9 12 9 25 2.70999124060388841 16 15 2 5 23 3 2 6 6 1 1 10 14 32 3 9 31 11 3 8 2 12 2 8 4 13 11 16 27 2 18 15 7 10 19 6 1 16 10 15 30 1 23.1075935363769531 69.9775536382502139 
1 24 5 2 3 3 17 31 8 3 28 11 4 9 12 9 25 2.70999124060388841 16 15 2 5 23 3 2 6 6 1 1 10 14 32 3 11 18 12 3 8 2 12 2 8 4 13 11 16 27 2 6 22 5 5 4 3 1 16 10 15 30 1 25.0610086917877197 65.8971148320613054 
1 24 5 2 3 3 17 31 8 3 28 11 4 9 12 9 25 2.70999124060388841 16 15 2 5 23 3 2 6 6 1 1 10 14 32 3 11 10 12 3 8 2 12 2 8 4 13 11 16 27 2 18 15 7 10 19 4 1 16 10 15 30 1 26.0509464740753174 63.7007388181782517 
1 24 5 2 3 3 17 31 8 3 28 11 4 9 12 9 25 2.70999124060388841 16 15 2 5 23 3 2 6 6 1 1 10 14 32 3 11 10 12 3 8 2 12 2 8 4 13 11 16 27 2 18 15 7 10 19 6 1 16 10 15 30 1 26.1909464597702026 62.8254639070431153 
1 24 5 2 3 3 17 31 8 3 28 11 4 9 12 9 25 2.70999124060388841 16 15 2 5 23 3 2 6 6 1 1 10 14 32 3 11 10 12 3 8 2 12 2 8 4 13 11 16 27 2 18 15 7 14 26 5 1 16 10 15 30 1 25.1591184139251709 65.3510769128009628 
17 16 7 6 6 7 14 12 2.70999124060388841 6 24 1 2 24 2 3 1 9 9.25570237641795579 16 1 4 28 3.84646942076222631 3 14 12 13.2195649013323386 3 4 8 32 12 15 2 8 14 6 2 15 28 13.151007650947605 9 25 1 17 24 6 6 12 7.75241283629571765 4 31 6 1 30 12 12 18 1 18.6308970749378204 176.025591252647416 
1 24 5 2 3 3 17 31 8 3 28 11 4 9 12 9 25 2.70999124060388841 16 15 2 5 23 3 2 6 6 1 1 10 14 32 3 11 10 12 3 8 2 12 2 8 4 13 11 16 27 2 18 15 7 10 24 4 1 16 10 15 30 1 25.7675174474716187 64.4607172183188766 
1 24 5 2 3 3 17 31 8 3 28 11 4 9 12 9 25 2.70999124060388841 16 15 2 14 16 13 2 6 6 1 1 10 14 32 3 1 9 3 3 8 2 12 2 8 4 13 11 6 18 7 18 15 7 14 26 5 1 16 10 15 30 1 19.6328246593475342 105.965938888761642 
1 24 5 2 3 3 17 31 8 3 28 11 4 9 12 9 25 2.70999124060388841 16 15 2 5 23 3 2 6 6 1 1 10 14 32 3 10 9 13 3 8 2 12 2 8 4 13 11 16 27 2 18 15 7 14 4 9 1 16 10 15 30 1 24.6738166809082031 68.1079909031101494 
6 26 9 2 3 3 17 31 8 3 28 11 4 9 12 9 25 2.70999124060388841 16 15 2 5 23 3 2 6 6 1 1 10 14 32 3 11 10 12 3 8 2 12 2 8 4 13 11 16 27 2 18 15 7 5 4 3 1 16 10 15 30 1 28.1062655448913574 62.5825274704737353 
13 3 2 13 31 11 16 13 1 13 13 13 13 1 4 13 32 2.70999124060388841 4 25 9 1 31 5 2 15 9 17 6 9 1 12 6 6 32 2 15 17 5 9 1 6.96245171630185755 6 6 1 15 26 13 13 25 4 15 31 13 12 24 8 3 24 11 16.5997806787490845 265.606548903452847 
1 24 5 2 3 3 17 31 8 3 28 11 4 9 12 9 25 2.70999124060388841 16 15 2 5 23 3 2 6 6 1 1 10 14 32 3 15 31 7 3 8 2 12 2 8 4 13 11 16 27 2 18 15 7 14 33 9 1 16 10 15 30 1 22.4305264949798584 74.1531700003292826 
1 24 5 2 3 3 17 31 8 3 28 11 4 9 12 9 25 2.70999124060388841 16 15 2 5 23 3 2 6 6 1 1 10 14 32 3 17 31 12 3 8 2 12 2 8 4 13 11 10 12 11 18 15 7 14 32 6 1 16 10 15 30 1 20.9487206339836121 74.2366167078819359 
1 24 5 3.36768017929769181 32 7 17 31 8 3 28 11 4 9 12 9 25 2.70999124060388841 16 15 2 13 16 6 2 6 6 1 1 10 14 32 3 6 11 1 3 8 2 12 2 8 4 13 11 9 12 4 1 14 5 8 24 7 6 1 4 15 30 1 18.8879886269569397 138.955158295459967 
1 24 5 2 3 3 17 31 8 3 28 11 4 9 12 9 25 2.70999124060388841 16 15 2 5 23 3 2 6 6 1 1 10 14 32 3 11 10 12 3 8 2 12 2 8 4 13 11 16 27 2 18 15 7 6 6 9 1 16 10 15 30 1 25.1390434503555298 65.5066911883529173 
1 24 5 2 3 3 17 31 8 3 28 11 4 9 12 9 25 2.70999124060388841 16 15 2 5 23 3 2 6 6 1 1 10 14 32 3 11 10 12 3 8 2 12 2 8 4 13 11 16 27 2 18 15 7 10 1 9 1 16 10 15 30 1 25.7859934568405151 63.8253669772868264 
1 24 5 2 3 3 17 31 8 3 28 11 4 9 12 9 25 2.70999124060388841 16 15 2 5 23 3 2 6 6 1 1 10 14 32 3 17 12 12 3 8 2 12 2 8 4 13 11 15 26 4 18 15 7 9 24 2.70999124060388841 1 16 10 15 30 1 20.7166107296943665 90.7238584014070994 
1 24 5 2 3 3 17 31 8 3 28 11 4 9 12 9 25 2.70999124060388841 16 15 2 5 23 3 2 6 6 1 1 10 14 32 3 11 10 12 3 30 13 12 2 8 4 13 11 16 27 2 18 15 7 14 32 9 1 16 10 15 30 1 24.5585914850234985 69.2595052548630008 
1 24 5 2 3 3 17 31 8 3 28 11 4 9 12 9 25 2.70999124060388841 16 15 2 5 23 3 2 6 6 1 1 10 14 32 3 11 10 12 3 8 2 12 2 8 4 13 11 16 27 2 18 15 7 6 24 9 1 16 10 15 30 1 25.1808784604072571 65.2866974302756944 
1 24 5 2 3 3 17 31 8 3 28 11 4 9 12 9 25 2.70999124060388841 16 15 2 5 23 3 2 6 6 1 1 10 14 32 3 15 32 13 3 8 2 12 2 8 4 13 11 9 6 9 18 15 7 14 1 4 1 16 10 15 30 1 20.3417836427688599 95.168115138246776 
15 30 10 4 31 2.70999124060388841 14 32 6 2 20 3 16 16.1354543567662532 4 5 17 9 6 16 3 14 24 2 8 12 11 6 1 3.84646942076222631 2 24 6 10 5 11 4 13 4 13 3 8 4 16 2 12 31 2 14 1 9.82524131762891173 17.8244721320812971 26 2 17 14 7 4 24 8 18.2179897725582123 195.934926992512146 
16 30 11 12 3 6 15 5 3 5 13 6 9 25 5 3 26 2 6 31 6 14 33 11 2 15 3 1 30 13 15 1 9 14 6 12 12 26 10 9 26 7 4 20 4 3.36768017929769181 14 1 4 30 4 1 2 8 8 6 13 4 6 12 18.3589546084403992 183.876717726717686 
1 24 5 2 3 3 17 31 8 3 28 11 4 9 12 9 25 2.70999124060388841 16 15 2 5 23 3 14 24 3 1 1 10 14 32 3 15 30 11 3 8 2 13 26 2.70999124060388841 4 13 11 1 31 5 18 15 7 16 24 5 1 16 10 15 30 1 19.5307686924934387 117.900210907974724 
1 24 5 2 3 3 17 31 8 3 28 11 4 9 12 9 25 2.70999124060388841 16 15 2 5 23 3 2 6 6 1 1 10 14 32 3 10 24 6 3 8 2 12 2 8 4 13 11 16 27 2 18 15 7 2 32 5 1 16 10 15 30 1 22.7128615975379944 73.735581513297717 
1 24 5 2 3 3 17 31 8 3 28 11 4 9 12 9 25 2.70999124060388841 16 15 2 5 23 3 2 6 6 1 1 10 14 32 3 13 24 12 3 8 2 12 2 8 4 13 11 16 27 2 15 30 7 6 26 4 1 16 10 15 30 1 20.8125986456871033 86.4224562029189372 
14 31 11 6 6 4 1 15 10 14 6 6 16 1 7 1 30 11 15 12 7 4 25 12 3.36768017929769181 12 9 13 1 3 14 3 5 4 6 1 3 14 8 8 16 13 13 7 12 16 30 2 10 24 10 12 26 9 17 15 11 5 16 12 17.3867402076721191 200.055350695056575 
1 24 5 2 3 3 17 31 8 3 28 11 4 9 12 9 25 2.70999124060388841 16 15 2 6 24 4 2 6 6 1 1 10 14 32 3 11 10 12 3 8 2 12 2 8 4 13 11 16 27 2 18 15 7 10 19 6 1 16 10 15 30 1 24.9636164903640747 66.2017881275719589 
1 24 5 2 3 3 17 31 8 3 28 11 4 9 12 9 25 2.70999124060388841 16 15 2 5 23 3 2 6 6 1 1 10 14 32 3 6 9 10 3 8 2 12 2 8 4 13 11 16 24 4 18 15 7 14 14 8 1 16 10 15 30 1 20.653670608997345 94.7834043022830315 
6 14 9 13 13 2.70999124060388841 14 16.1354543567662532 12 3 26 13 13 8.22565314501180467 6 15 30 9.82524131762891173 3 24 10 14 16 9 1 19 5 17 20 4 3 24 4 8 15 12 3 2 2 8 24 8 8 12 10 17.8244721320812971 31 12 15 25 2 6 6 12 1 1 4 14 9 8 17.1994728446006775 220.086158367775994 

MOEA/D: Multiobjective Evolutionary Algorithm Based on Decomposition
Number of Evaluations = 100000000
Mutation Probability = 0.0500000007450580597
Population Size = 140
Neighborhood size = 22
Seed: 13

Time =  79115.8871939999954

Current Evaluation = 100000040
Front Size = 37
1 24 5 2 3 3 18 26 4 3 28 11 4 9 12 9 25 2.70999124060388841 16 15 2 5 23 3 2 6 6 1 1 10 14 32 3 1 3 7 3 8 2 12 2 8 4 13 11 14 1 10 17 24 2.70999124060388841 6 32 9 1 16 10 15 30 1 20.070504903793335 97.1647913411546398 
1 24 5 2 3 3 17 31 8 3 28 11 4 9 12 9 25 2.70999124060388841 16 15 2 5 23 3 2 6 6 1 1 10 14 32 3 3.36768017929769181 5 12 3 8 2 12 2 8 4 13 11 12 20 13 18 15 7 14 24 4 1 16 10 15 30 1 20.6320537030696869 94.9686387926209221 
1 24 5 2 3 3 17 31 8 3 28 11 4 9 12 9 25 2.70999124060388841 16 15 2 5 23 3 2 6 6 1 1 10 14 32 3 11 10 12 3 8 2 12 2 8 4 13 11 9 26 2 18 15 7 2 28 4 1 16 10 15 30 1 24.7621015310287476 67.9441883040738048 
1 24 5 2 3 3 17 31 8 3 28 11 4 9 12 9 25 2.70999124060388841 16 15 2 5 23 3 2 6 6 1 1 10 14 32 3 10 30 1 3.36768017929769181 8 2 12 2 8 4 13 11 16 27 2 18 15 7 6 3 6.96245171630185755 1 16 10 15 30 1 22.7916426658630371 72.487695967848552 
1 24 5 2 3 3 17 31 8 3 28 11 4 9 12 9 25 2.70999124060388841 16 15 2 5 23 3 2 6 6 1 1 10 14 32 3 11 10 12 3 8 2 12 2 8 4 13 11 16 27 2 18 15 7 5 4 3 1 16 10 15 30 1 28.1761125326156616 62.123414156667998 
1 24 5 2 3 3 17 31 8 3 28 11 4 9 12 9 25 2.70999124060388841 16 15 2 5 23 3 2 6 6 1 1 10 14 32 3 11 10 12 3 8 2 12 2 8 4 13 11 16 27 2 18 15 7 10 26 4 1 16 10 15 30 1 25.8114014863967896 63.7776248099894616 
1 24 5 2 3 3 17 31 8 3 28 11 4 9 12 9 25 2.70999124060388841 16 15 2 5 23 3 2 6 6 1 1 10 14 32 3 13 25 5 3 8 2 12 2 8 4 13 11 6 15 10 2 12 7 1 1 7 1 16 10 15 30 1 19.5933136343955994 109.31547320453754 
1 24 5 2 3 3 17 31 8 3 28 11 4 9 12 9 25 2.70999124060388841 16 15 2 6 20 10 2 6 6 1 1 10 14 32 3 11 10 12 3 8 2 12 2 8 4 13 11 16 27 2 18 15 7 10 6 4 1 16 10 15 30 1 24.5695574283599854 69.0890805731947211 
1 24 5 2 3 3 17 31 8 3 28 11 4 9 12 9 25 2.70999124060388841 16 15 2 5 23 3 2 6 6 1 1 10 14 32 3 9 31 11 3 8 2 12 2 8 4 13 11 16 27 2 18 15 7 10 19 6 1 16 10 15 30 1 23.1075935363769531 69.9775536382502139 
1 24 5 2 3 3 17 31 8 3 28 11 4 9 12 9 25 2.70999124060388841 16 15 2 5 23 3 2 6 6 1 1 10 14 32 3 11 18 12 3 8 2 12 2 8 4 13 11 16 27 2 6 22 5 5 4 3 1 16 10 15 30 1 25.0610086917877197 65.8971148320613054 
1 24 5 2 3 3 17 31 8 3 28 11 4 9 12 9 25 2.70999124060388841 16 15 2 5 23 3 2 6 6 1 1 10 14 32 3 11 10 12 3 8 2 12 2 8 4 13 11 16 27 2 18 15 7 10 19 4 1 16 10 15 30 1 26.0509464740753174 63.7007388181782517 
1 24 5 2 3 3 17 31 8 3 28 11 4 9 12 9 25 2.70999124060388841 16 15 2 5 23 3 2 6 6 1 1 10 14 32 3 11 10 12 3 8 2 12 2 8 4 13 11 16 27 2 18 15 7 10 19 6 1 16 10 15 30 1 26.1909464597702026 62.8254639070431153 
1 24 5 2 3 3 17 31 8 3 28 11 4 9 12 9 25 2.70999124060388841 16 15 2 5 23 3 2 6 6 1 1 10 14 32 3 11 10 12 3 8 2 12 2 8 4 13 11 16 27 2 18 15 7 14 26 5 1 16 10 15 30 1 25.1591184139251709 65.3510769128009628 
17 16 7 6 6 7 14 12 2.70999124060388841 6 24 1 2 24 2 3 1 9 9.25570237641795579 16 1 4 28 3.84646942076222631 3 14 12 13.2195649013323386 3 4 8 32 12 15 2 8 14 6 2 15 28 13.151007650947605 9 25 1 17 24 6 6 12 7.75241283629571765 4 31 6 1 30 12 12 18 1 18.6308970749378204 176.025591252647416 
1 24 5 2 3 3 17 31 8 3 28 11 4 9 12 9 25 2.70999124060388841 16 15 2 5 23 3 2 6 6 1 1 10 14 32 3 11 10 12 3 8 2 12 2 8 4 13 11 16 27 2 18 15 7 10 24 4 1 16 10 15 30 1 25.7675174474716187 64.4607172183188766 
1 24 5 2 3 3 17 31 8 3 28 11 4 9 12 9 25 2.70999124060388841 16 15 2 14 16 13 2 6 6 1 1 10 14 32 3 1 9 3 3 8 2 12 2 8 4 13 11 6 18 7 18 15 7 14 26 5 1 16 10 15 30 1 19.6328246593475342 105.965938888761642 
1 24 5 2 3 3 17 31 8 3 28 11 4 9 12 9 25 2.70999124060388841 16 15 2 5 23 3 2 6 6 1 1 10 14 32 3 10 9 13 3 8 2 12 2 8 4 13 11 16 27 2 18 15 7 14 4 9 1 16 10 15 30 1 24.6738166809082031 68.1079909031101494 
6 26 9 2 3 3 17 31 8 3 28 11 4 9 12 9 25 2.70999124060388841 16 15 2 5 23 3 2 6 6 1 1 10 14 32 3 11 10 12 3 8 2 12 2 8 4 13 11 16 27 2 18 15 7 5 4 3 1 16 10 15 30 1 28.1062655448913574 62.5825274704737353 
13 3 2 13 31 11 16 13 1 13 13 13 13 1 4 13 32 2.70999124060388841 4 25 9 1 31 5 2 15 9 17 6 9 1 12 6 6 32 2 15 17 5 9 1 6.96245171630185755 6 6 1 15 26 13 13 25 4 15 31 13 12 24 8 3 24 11 16.5997806787490845 265.606548903452847 
1 24 5 2 3 3 17 31 8 3 28 11 4 9 12 9 25 2.70999124060388841 16 15 2 5 23 3 2 6 6 1 1 10 14 32 3 15 31 7 3 8 2 12 2 8 4 13 11 16 27 2 18 15 7 14 33 9 1 16 10 15 30 1 22.4305264949798584 74.1531700003292826 
1 24 5 2 3 3 17 31 8 3 28 11 4 9 12 9 25 2.70999124060388841 16 15 2 5 23 3 2 6 6 1 1 10 14 32 3 17 31 12 3 8 2 12 2 8 4 13 11 10 12 11 18 15 7 14 32 6 1 16 10 15 30 1 20.9487206339836121 74.2366167078819359 
1 24 5 3.36768017929769181 32 7 17 31 8 3 28 11 4 9 12 9 25 2.70999124060388841 16 15 2 13 16 6 2 6 6 1 1 10 14 32 3 6 11 1 3 8 2 12 2 8 4 13 11 9 12 4 1 14 5 8 24 7 6 1 4 15 30 1 18.8879886269569397 138.955158295459967 
1 24 5 2 3 3 17 31 8 3 28 11 4 9 12 9 25 2.70999124060388841 16 15 2 5 23 3 2 6 6 1 1 10 14 32 3 11 10 12 3 8 2 12 2 8 4 13 11 16 27 2 18 15 7 6 6 9 1 16 10 15 30 1 25.1390434503555298 65.5066911883529173 
1 24 5 2 3 3 17 31 8 3 28 11 4 9 12 9 25 2.70999124060388841 16 15 2 5 23 3 2 6 6 1 1 10 14 32 3 11 10 12 3 8 2 12 2 8 4 13 11 16 27 2 18 15 7 10 1 9 1 16 10 15 30 1 25.7859934568405151 63.8253669772868264 
1 24 5 2 3 3 17 31 8 3 28 11 4 9 12 9 25 2.70999124060388841 16 15 2 5 23 3 2 6 6 1 1 10 14 32 3 17 12 12 3 8 2 12 2 8 4 13 11 15 26 4 18 15 7 9 24 2.70999124060388841 1 16 10 15 30 1 20.7166107296943665 90.7238584014070994 
1 24 5 2 3 3 17 31 8 3 28 11 4 9 12 9 25 2.70999124060388841 16 15 2 5 23 3 2 6 6 1 1 10 14 32 3 11 10 12 3 30 13 12 2 8 4 13 11 16 27 2 18 15 7 14 32 9 1 16 10 15 30 1 24.5585914850234985 69.2595052548630008 
1 24 5 2 3 3 17 31 8 3 28 11 4 9 12 9 25 2.70999124060388841 16 15 2 5 23 3 2 6 6 1 1 10 14 32 3 11 10 12 3 8 2 12 2 8 4 13 11 16 27 2 18 15 7 6 24 9 1 16 10 15 30 1 25.1808784604072571 65.2866974302756944 
1 24 5 2 3 3 17 31 8 3 28 11 4 9 12 9 25 2.70999124060388841 16 15 2 5 23 3 2 6 6 1 1 10 14 32 3 15 32 13 3 8 2 12 2 8 4 13 11 9 6 9 18 15 7 14 1 4 1 16 10 15 30 1 20.3417836427688599 95.168115138246776 
15 30 10 4 31 2.70999124060388841 14 32 6 2 20 3 16 16.1354543567662532 4 5 17 9 6 16 3 14 24 2 8 12 11 6 1 3.84646942076222631 2 24 6 10 5 11 4 13 4 13 3 8 4 16 2 12 31 2 14 1 9.82524131762891173 17.8244721320812971 26 2 17 14 7 4 24 8 18.2179897725582123 195.934926992512146 
16 30 11 12 3 6 15 5 3 5 13 6 9 25 5 3 26 2 6 31 6 14 33 11 2 15 3 1 30 13 15 1 9 14 6 12 12 26 10 9 26 7 4 20 4 3.36768017929769181 14 1 4 30 4 1 2 8 8 6 13 4 6 12 18.3589546084403992 183.876717726717686 
1 24 5 2 3 3 17 31 8 3 28 11 4 9 12 9 25 2.70999124060388841 16 15 2 5 23 3 14 24 3 1 1 10 14 32 3 15 30 11 3 8 2 13 26 2.70999124060388841 4 13 11 1 31 5 18 15 7 16 24 5 1 16 10 15 30 1 19.5307686924934387 117.900210907974724 
1 24 5 2 3 3 17 31 8 3 28 11 4 9 12 9 25 2.70999124060388841 16 15 2 5 23 3 2 6 6 1 1 10 14 32 3 10 24 6 3 8 2 12 2 8 4 13 11 16 27 2 18 15 7 2 32 5 1 16 10 15 30 1 22.7128615975379944 73.735581513297717 
1 24 5 2 3 3 17 31 8 3 28 11 4 9 12 9 25 2.70999124060388841 16 15 2 5 23 3 2 6 6 1 1 10 14 32 3 13 24 12 3 8 2 12 2 8 4 13 11 16 27 2 15 30 7 6 26 4 1 16 10 15 30 1 20.8125986456871033 86.4224562029189372 
14 31 11 6 6 4 1 15 10 14 6 6 16 1 7 1 30 11 15 12 7 4 25 12 3.36768017929769181 12 9 13 1 3 14 3 5 4 6 1 3 14 8 8 16 13 13 7 12 16 30 2 10 24 10 12 26 9 17 15 11 5 16 12 17.3867402076721191 200.055350695056575 
1 24 5 2 3 3 17 31 8 3 28 11 4 9 12 9 25 2.70999124060388841 16 15 2 6 24 4 2 6 6 1 1 10 14 32 3 11 10 12 3 8 2 12 2 8 4 13 11 16 27 2 18 15 7 10 19 6 1 16 10 15 30 1 24.9636164903640747 66.2017881275719589 
1 24 5 2 3 3 17 31 8 3 28 11 4 9 12 9 25 2.70999124060388841 16 15 2 5 23 3 2 6 6 1 1 10 14 32 3 6 9 10 3 8 2 12 2 8 4 13 11 16 24 4 18 15 7 14 14 8 1 16 10 15 30 1 20.653670608997345 94.7834043022830315 
6 14 9 13 13 2.70999124060388841 14 16.1354543567662532 12 3 26 13 13 8.22565314501180467 6 15 30 9.82524131762891173 3 24 10 14 16 9 1 19 5 17 20 4 3 24 4 8 15 12 3 2 2 8 24 8 8 12 10 17.8244721320812971 31 12 15 25 2 6 6 12 1 1 4 14 9 8 17.1994728446006775 220.086158367775994 

